# Temperatura_=_73.9
# Concentracion g/m^3_=_20000.0
# C_Vs_to_Am_M_A/Vsm_=_59384043850.047264
# pendiente_HvsI_1/m_=_3716.3
# ordenada_HvsI_A/m_=_1297.0
# frecuencia_Hz_=_301647.56393333356

Tiempo_(s)	Campo_(V.s)	Magnetizacion_(V.s)	Campo_(kA/m)	Magnetizacion_(A/m)
0.000000e+00	-8.055016e-06	-2.680574e-08	-5.685360e+01	-1.592449e+03
1.000000e-08	-8.051433e-06	-2.680200e-08	-5.682831e+01	-1.592615e+03
2.000000e-08	-8.045185e-06	-2.679994e-08	-5.678421e+01	-1.592562e+03
3.000000e-08	-8.036305e-06	-2.679658e-08	-5.672153e+01	-1.592181e+03
4.000000e-08	-8.024604e-06	-2.678816e-08	-5.663894e+01	-1.591477e+03
5.000000e-08	-8.009940e-06	-2.677748e-08	-5.653544e+01	-1.590568e+03
6.000000e-08	-7.992449e-06	-2.677074e-08	-5.641199e+01	-1.589626e+03
7.000000e-08	-7.972540e-06	-2.676521e-08	-5.627146e+01	-1.588798e+03
8.000000e-08	-7.950147e-06	-2.675653e-08	-5.611341e+01	-1.588140e+03
9.000000e-08	-7.924651e-06	-2.672356e-08	-5.593346e+01	-1.587595e+03
1.000000e-07	-7.895844e-06	-2.669981e-08	-5.573013e+01	-1.587020e+03
1.100000e-07	-7.864091e-06	-2.669927e-08	-5.550601e+01	-1.586254e+03
1.200000e-07	-7.829620e-06	-2.669143e-08	-5.526271e+01	-1.585194e+03
1.300000e-07	-7.792619e-06	-2.667160e-08	-5.500156e+01	-1.583844e+03
1.400000e-07	-7.753385e-06	-2.665109e-08	-5.472464e+01	-1.582310e+03
1.500000e-07	-7.711852e-06	-2.665581e-08	-5.443149e+01	-1.580756e+03
1.600000e-07	-7.667650e-06	-2.662869e-08	-5.411950e+01	-1.579326e+03
1.700000e-07	-7.620637e-06	-2.659829e-08	-5.378768e+01	-1.578075e+03
1.800000e-07	-7.570775e-06	-2.657348e-08	-5.343575e+01	-1.576943e+03
1.900000e-07	-7.517854e-06	-2.652695e-08	-5.306222e+01	-1.575779e+03
2.000000e-07	-7.462104e-06	-2.651927e-08	-5.266873e+01	-1.574402e+03
2.100000e-07	-7.403714e-06	-2.649182e-08	-5.225660e+01	-1.572686e+03
2.200000e-07	-7.342643e-06	-2.645363e-08	-5.182555e+01	-1.570607e+03
2.300000e-07	-7.278984e-06	-2.642664e-08	-5.137624e+01	-1.568262e+03
2.400000e-07	-7.212524e-06	-2.639215e-08	-5.090715e+01	-1.565819e+03
2.500000e-07	-7.143334e-06	-2.637236e-08	-5.041880e+01	-1.563443e+03
2.600000e-07	-7.071595e-06	-2.632195e-08	-4.991245e+01	-1.561224e+03
2.700000e-07	-6.997069e-06	-2.627642e-08	-4.938643e+01	-1.559131e+03
2.800000e-07	-6.919716e-06	-2.624711e-08	-4.884046e+01	-1.557033e+03
2.900000e-07	-6.839723e-06	-2.621448e-08	-4.827586e+01	-1.554748e+03
3.000000e-07	-6.757272e-06	-2.616342e-08	-4.769391e+01	-1.552135e+03
3.100000e-07	-6.672606e-06	-2.609721e-08	-4.709632e+01	-1.549148e+03
3.200000e-07	-6.585711e-06	-2.606275e-08	-4.648300e+01	-1.545867e+03
3.300000e-07	-6.496407e-06	-2.601807e-08	-4.585268e+01	-1.542453e+03
3.400000e-07	-6.404755e-06	-2.596646e-08	-4.520578e+01	-1.539083e+03
3.500000e-07	-6.310818e-06	-2.591218e-08	-4.454277e+01	-1.535863e+03
3.600000e-07	-6.214562e-06	-2.586183e-08	-4.386338e+01	-1.532778e+03
3.700000e-07	-6.115981e-06	-2.581615e-08	-4.316758e+01	-1.529695e+03
3.800000e-07	-6.015209e-06	-2.574706e-08	-4.245631e+01	-1.526420e+03
3.900000e-07	-5.912336e-06	-2.567040e-08	-4.173022e+01	-1.522782e+03
4.000000e-07	-5.807265e-06	-2.559721e-08	-4.098861e+01	-1.518709e+03
4.100000e-07	-5.700008e-06	-2.554363e-08	-4.023157e+01	-1.514265e+03
4.200000e-07	-5.590755e-06	-2.548069e-08	-3.946044e+01	-1.509620e+03
4.300000e-07	-5.479565e-06	-2.540691e-08	-3.867565e+01	-1.504978e+03
4.400000e-07	-5.366344e-06	-2.533507e-08	-3.787652e+01	-1.500479e+03
4.500000e-07	-5.250969e-06	-2.526808e-08	-3.706218e+01	-1.496138e+03
4.600000e-07	-5.133479e-06	-2.519074e-08	-3.623292e+01	-1.491830e+03
4.700000e-07	-5.014114e-06	-2.509360e-08	-3.539042e+01	-1.487338e+03
4.800000e-07	-4.892949e-06	-2.500069e-08	-3.453522e+01	-1.482450e+03
4.900000e-07	-4.769926e-06	-2.491912e-08	-3.366690e+01	-1.477051e+03
5.000000e-07	-4.645141e-06	-2.483856e-08	-3.278615e+01	-1.471175e+03
5.100000e-07	-4.518793e-06	-2.474051e-08	-3.189437e+01	-1.464996e+03
5.200000e-07	-4.390881e-06	-2.464120e-08	-3.099154e+01	-1.458749e+03
5.300000e-07	-4.261338e-06	-2.454662e-08	-3.007721e+01	-1.452624e+03
5.400000e-07	-4.130203e-06	-2.444935e-08	-2.915164e+01	-1.446680e+03
5.500000e-07	-3.997609e-06	-2.433806e-08	-2.821576e+01	-1.440808e+03
5.600000e-07	-3.863539e-06	-2.422041e-08	-2.726948e+01	-1.434772e+03
5.700000e-07	-3.727971e-06	-2.411040e-08	-2.631262e+01	-1.428303e+03
5.800000e-07	-3.591149e-06	-2.399947e-08	-2.534691e+01	-1.421222e+03
5.900000e-07	-3.453068e-06	-2.387531e-08	-2.437230e+01	-1.413513e+03
6.000000e-07	-3.313554e-06	-2.374280e-08	-2.338760e+01	-1.405333e+03
6.100000e-07	-3.172584e-06	-2.361655e-08	-2.239261e+01	-1.396948e+03
6.200000e-07	-3.030307e-06	-2.348806e-08	-2.138839e+01	-1.388609e+03
6.300000e-07	-2.886913e-06	-2.334827e-08	-2.037630e+01	-1.380436e+03
6.400000e-07	-2.742480e-06	-2.319925e-08	-1.935686e+01	-1.372353e+03
6.500000e-07	-2.596950e-06	-2.305146e-08	-1.832969e+01	-1.364110e+03
6.600000e-07	-2.450456e-06	-2.290232e-08	-1.729571e+01	-1.355383e+03
6.700000e-07	-2.303224e-06	-2.274068e-08	-1.625652e+01	-1.345913e+03
6.800000e-07	-2.155225e-06	-2.256856e-08	-1.521193e+01	-1.335618e+03
6.900000e-07	-2.006493e-06	-2.239638e-08	-1.416215e+01	-1.324640e+03
7.000000e-07	-1.857031e-06	-2.222744e-08	-1.310723e+01	-1.313280e+03
7.100000e-07	-1.706939e-06	-2.204927e-08	-1.204785e+01	-1.301871e+03
7.200000e-07	-1.556355e-06	-2.185657e-08	-1.098500e+01	-1.290617e+03
7.300000e-07	-1.405198e-06	-2.165819e-08	-9.918116e+00	-1.279488e+03
7.400000e-07	-1.253501e-06	-2.145842e-08	-8.847412e+00	-1.268212e+03
7.500000e-07	-1.101385e-06	-2.124909e-08	-7.773755e+00	-1.256369e+03
7.600000e-07	-9.489390e-07	-2.102481e-08	-6.697764e+00	-1.243566e+03
7.700000e-07	-7.961305e-07	-2.079473e-08	-5.619217e+00	-1.229599e+03
7.800000e-07	-6.429589e-07	-2.056412e-08	-4.538107e+00	-1.214549e+03
7.900000e-07	-4.895917e-07	-2.032254e-08	-3.455617e+00	-1.198741e+03
8.000000e-07	-3.361141e-07	-2.006198e-08	-2.372347e+00	-1.182598e+03
8.100000e-07	-1.824894e-07	-1.978748e-08	-1.288039e+00	-1.166421e+03
8.200000e-07	-2.875160e-08	-1.950393e-08	-2.029334e-01	-1.150208e+03
8.300000e-07	1.249238e-07	-1.920691e-08	8.817324e-01	-1.133584e+03
8.400000e-07	2.785428e-07	-1.888790e-08	1.966000e+00	-1.115889e+03
8.500000e-07	4.320654e-07	-1.854716e-08	3.049587e+00	-1.096399e+03
8.600000e-07	5.853977e-07	-1.819022e-08	4.131831e+00	-1.074591e+03
8.700000e-07	7.385256e-07	-1.780816e-08	5.212632e+00	-1.050344e+03
8.800000e-07	8.913300e-07	-1.739007e-08	6.291150e+00	-1.023964e+03
8.900000e-07	1.043837e-06	-1.693869e-08	7.367566e+00	-9.959936e+02
9.000000e-07	1.196004e-06	-1.645750e-08	8.441591e+00	-9.668494e+02
9.100000e-07	1.347750e-06	-1.593114e-08	9.512637e+00	-9.363969e+02
9.200000e-07	1.499099e-06	-1.533556e-08	1.058088e+01	-9.036157e+02
9.300000e-07	1.649939e-06	-1.465666e-08	1.164553e+01	-8.664937e+02
9.400000e-07	1.800166e-06	-1.387832e-08	1.270586e+01	-8.222144e+02
9.500000e-07	1.949786e-06	-1.296781e-08	1.376190e+01	-7.676123e+02
9.600000e-07	2.098734e-06	-1.187446e-08	1.481320e+01	-6.997779e+02
9.700000e-07	2.246893e-06	-1.053993e-08	1.585893e+01	-6.166433e+02
9.800000e-07	2.394210e-06	-8.901576e-09	1.689872e+01	-5.173902e+02
9.900000e-07	2.540648e-06	-6.903886e-09	1.793230e+01	-4.025805e+02
1.000000e-06	2.686203e-06	-4.583481e-09	1.895965e+01	-2.740027e+02
1.010000e-06	2.830861e-06	-2.090456e-09	1.998067e+01	-1.343205e+02
1.020000e-06	2.974494e-06	4.462812e-10	2.099445e+01	1.334164e+01
1.030000e-06	3.116977e-06	2.973468e-09	2.200012e+01	1.657400e+02
1.040000e-06	3.258280e-06	5.483058e-09	2.299746e+01	3.196974e+02
1.050000e-06	3.398329e-06	8.000474e-09	2.398595e+01	4.721304e+02
1.060000e-06	3.536969e-06	1.053290e-08	2.496450e+01	6.199893e+02
1.070000e-06	3.674232e-06	1.302543e-08	2.593332e+01	7.602198e+02
1.080000e-06	3.810187e-06	1.533704e-08	2.689291e+01	8.898428e+02
1.090000e-06	3.944730e-06	1.732355e-08	2.784254e+01	1.006188e+03
1.100000e-06	4.077865e-06	1.895578e-08	2.878222e+01	1.107241e+03
1.110000e-06	4.209550e-06	2.028258e-08	2.971168e+01	1.191996e+03
1.120000e-06	4.339625e-06	2.136341e-08	3.062977e+01	1.260677e+03
1.130000e-06	4.468203e-06	2.224747e-08	3.153729e+01	1.314736e+03
1.140000e-06	4.595294e-06	2.296679e-08	3.243432e+01	1.356578e+03
1.150000e-06	4.720809e-06	2.354465e-08	3.332023e+01	1.389086e+03
1.160000e-06	4.844754e-06	2.400770e-08	3.419505e+01	1.415068e+03
1.170000e-06	4.966882e-06	2.438509e-08	3.505705e+01	1.436782e+03
1.180000e-06	5.087222e-06	2.469644e-08	3.590643e+01	1.455667e+03
1.190000e-06	5.205732e-06	2.495057e-08	3.674289e+01	1.472342e+03
1.200000e-06	5.322175e-06	2.515958e-08	3.756476e+01	1.486838e+03
1.210000e-06	5.436494e-06	2.533792e-08	3.837165e+01	1.498950e+03
1.220000e-06	5.548768e-06	2.549116e-08	3.916409e+01	1.508579e+03
1.230000e-06	5.659081e-06	2.561996e-08	3.994270e+01	1.515946e+03
1.240000e-06	5.767467e-06	2.572779e-08	4.070771e+01	1.521609e+03
1.250000e-06	5.873737e-06	2.582287e-08	4.145778e+01	1.526322e+03
1.260000e-06	5.977791e-06	2.591090e-08	4.219221e+01	1.530793e+03
1.270000e-06	6.079791e-06	2.598934e-08	4.291214e+01	1.535471e+03
1.280000e-06	6.179530e-06	2.605703e-08	4.361611e+01	1.540442e+03
1.290000e-06	6.276970e-06	2.612009e-08	4.430386e+01	1.545464e+03
1.300000e-06	6.372217e-06	2.618279e-08	4.497613e+01	1.550134e+03
1.310000e-06	6.465336e-06	2.624088e-08	4.563338e+01	1.554093e+03
1.320000e-06	6.556228e-06	2.629287e-08	4.627491e+01	1.557192e+03
1.330000e-06	6.644747e-06	2.634274e-08	4.689969e+01	1.559562e+03
1.340000e-06	6.730877e-06	2.639178e-08	4.750761e+01	1.561546e+03
1.350000e-06	6.814767e-06	2.643624e-08	4.809972e+01	1.563553e+03
1.360000e-06	6.896364e-06	2.647443e-08	4.867564e+01	1.565888e+03
1.370000e-06	6.975379e-06	2.651109e-08	4.923334e+01	1.568633e+03
1.380000e-06	7.051734e-06	2.654771e-08	4.977227e+01	1.571631e+03
1.390000e-06	7.125443e-06	2.658204e-08	5.029252e+01	1.574570e+03
1.400000e-06	7.196589e-06	2.661401e-08	5.079468e+01	1.577125e+03
1.410000e-06	7.265203e-06	2.664494e-08	5.127897e+01	1.579105e+03
1.420000e-06	7.331183e-06	2.667630e-08	5.174466e+01	1.580523e+03
1.430000e-06	7.394537e-06	2.670590e-08	5.219183e+01	1.581588e+03
1.440000e-06	7.455428e-06	2.672993e-08	5.262160e+01	1.582603e+03
1.450000e-06	7.513732e-06	2.674887e-08	5.303313e+01	1.583836e+03
1.460000e-06	7.569298e-06	2.676840e-08	5.342532e+01	1.585403e+03
1.470000e-06	7.621896e-06	2.678888e-08	5.379656e+01	1.587231e+03
1.480000e-06	7.671318e-06	2.680714e-08	5.414539e+01	1.589095e+03
1.490000e-06	7.717839e-06	2.682333e-08	5.447375e+01	1.590724e+03
1.500000e-06	7.761654e-06	2.684006e-08	5.478300e+01	1.591921e+03
1.510000e-06	7.802637e-06	2.685648e-08	5.507226e+01	1.592645e+03
1.520000e-06	7.840841e-06	2.686833e-08	5.534192e+01	1.593022e+03
1.530000e-06	7.876430e-06	2.687723e-08	5.559310e+01	1.593287e+03
1.540000e-06	7.909222e-06	2.688658e-08	5.582456e+01	1.593678e+03
1.550000e-06	7.939156e-06	2.689578e-08	5.603584e+01	1.594332e+03
1.560000e-06	7.966407e-06	2.689974e-08	5.622818e+01	1.595234e+03
1.570000e-06	7.990820e-06	2.690107e-08	5.640049e+01	1.596228e+03
1.580000e-06	8.012362e-06	2.690438e-08	5.655254e+01	1.597092e+03
1.590000e-06	8.031178e-06	2.690986e-08	5.668534e+01	1.597636e+03
1.600000e-06	8.047099e-06	2.691373e-08	5.679772e+01	1.597786e+03
1.610000e-06	8.059964e-06	2.691404e-08	5.688852e+01	1.597610e+03
1.620000e-06	8.069702e-06	2.691507e-08	5.695725e+01	1.597283e+03
1.630000e-06	8.076441e-06	2.691631e-08	5.700481e+01	1.597005e+03
1.640000e-06	8.080442e-06	2.691228e-08	5.703306e+01	1.596917e+03
1.650000e-06	8.081638e-06	2.690225e-08	5.704150e+01	1.597033e+03
1.660000e-06	8.080036e-06	2.689277e-08	5.703019e+01	1.597245e+03
1.670000e-06	8.075818e-06	2.688876e-08	5.700042e+01	1.597372e+03
1.680000e-06	8.068912e-06	2.688316e-08	5.695167e+01	1.597244e+03
1.690000e-06	8.059315e-06	2.687377e-08	5.688394e+01	1.596778e+03
1.700000e-06	8.046944e-06	2.686497e-08	5.679662e+01	1.596009e+03
1.710000e-06	8.031752e-06	2.685713e-08	5.668939e+01	1.595076e+03
1.720000e-06	8.014114e-06	2.684683e-08	5.656490e+01	1.594152e+03
1.730000e-06	7.994182e-06	2.682923e-08	5.642422e+01	1.593366e+03
1.740000e-06	7.971396e-06	2.683561e-08	5.626339e+01	1.592747e+03
1.750000e-06	7.945135e-06	2.682895e-08	5.607804e+01	1.592211e+03
1.760000e-06	7.915250e-06	2.679002e-08	5.586710e+01	1.591602e+03
1.770000e-06	7.882250e-06	2.675645e-08	5.563419e+01	1.590770e+03
1.780000e-06	7.846753e-06	2.673934e-08	5.538364e+01	1.589633e+03
1.790000e-06	7.808859e-06	2.671710e-08	5.511618e+01	1.588224e+03
1.800000e-06	7.768865e-06	2.668227e-08	5.483389e+01	1.586671e+03
1.810000e-06	7.726728e-06	2.669966e-08	5.453649e+01	1.585137e+03
1.820000e-06	7.681916e-06	2.665024e-08	5.422019e+01	1.583752e+03
1.830000e-06	7.634370e-06	2.663572e-08	5.388461e+01	1.582541e+03
1.840000e-06	7.583872e-06	2.663009e-08	5.352818e+01	1.581419e+03
1.850000e-06	7.530248e-06	2.656527e-08	5.314970e+01	1.580218e+03
1.860000e-06	7.473855e-06	2.656385e-08	5.275167e+01	1.578766e+03
1.870000e-06	7.414842e-06	2.649816e-08	5.233514e+01	1.576956e+03
1.880000e-06	7.353240e-06	2.648695e-08	5.190035e+01	1.574799e+03
1.890000e-06	7.288956e-06	2.646422e-08	5.144662e+01	1.572414e+03
1.900000e-06	7.221932e-06	2.640587e-08	5.097356e+01	1.569974e+03
1.910000e-06	7.152134e-06	2.639674e-08	5.048091e+01	1.567634e+03
1.920000e-06	7.079517e-06	2.633362e-08	4.996837e+01	1.565455e+03
1.930000e-06	7.004249e-06	2.629473e-08	4.943711e+01	1.563377e+03
1.940000e-06	6.926267e-06	2.623270e-08	4.888671e+01	1.561249e+03
1.950000e-06	6.845748e-06	2.619002e-08	4.831839e+01	1.558894e+03
1.960000e-06	6.762885e-06	2.616011e-08	4.773353e+01	1.556187e+03
1.970000e-06	6.677554e-06	2.609769e-08	4.713124e+01	1.553116e+03
1.980000e-06	6.589749e-06	2.606773e-08	4.651151e+01	1.549785e+03
1.990000e-06	6.499558e-06	2.599663e-08	4.587492e+01	1.546368e+03
2.000000e-06	6.407172e-06	2.594887e-08	4.522285e+01	1.543030e+03
2.010000e-06	6.312467e-06	2.588425e-08	4.455440e+01	1.539851e+03
2.020000e-06	6.215462e-06	2.582117e-08	4.386973e+01	1.536783e+03
2.030000e-06	6.116275e-06	2.576738e-08	4.316965e+01	1.533672e+03
2.040000e-06	6.014865e-06	2.570455e-08	4.245388e+01	1.530320e+03
2.050000e-06	5.911248e-06	2.565293e-08	4.172253e+01	1.526576e+03
2.060000e-06	5.805545e-06	2.557181e-08	4.097646e+01	1.522400e+03
2.070000e-06	5.697870e-06	2.550159e-08	4.021648e+01	1.517888e+03
2.080000e-06	5.588143e-06	2.541941e-08	3.944201e+01	1.513226e+03
2.090000e-06	5.476374e-06	2.534904e-08	3.865313e+01	1.508611e+03
2.100000e-06	5.362424e-06	2.526974e-08	3.784885e+01	1.504157e+03
2.110000e-06	5.246415e-06	2.519499e-08	3.703004e+01	1.499842e+03
2.120000e-06	5.128384e-06	2.512013e-08	3.619696e+01	1.495510e+03
2.130000e-06	5.008304e-06	2.503467e-08	3.534941e+01	1.490937e+03
2.140000e-06	4.886443e-06	2.494127e-08	3.448930e+01	1.485928e+03
2.150000e-06	4.762848e-06	2.484230e-08	3.361695e+01	1.480401e+03
2.160000e-06	4.637577e-06	2.474939e-08	3.273276e+01	1.474430e+03
2.170000e-06	4.510631e-06	2.465004e-08	3.183676e+01	1.468212e+03
2.180000e-06	4.382040e-06	2.455133e-08	3.092914e+01	1.461982e+03
2.190000e-06	4.251872e-06	2.444860e-08	3.001040e+01	1.455904e+03
2.200000e-06	4.120201e-06	2.434990e-08	2.908104e+01	1.449996e+03
2.210000e-06	3.987116e-06	2.424144e-08	2.814170e+01	1.444109e+03
2.220000e-06	3.852559e-06	2.412414e-08	2.719198e+01	1.437989e+03
2.230000e-06	3.716493e-06	2.400139e-08	2.623161e+01	1.431379e+03
2.240000e-06	3.579077e-06	2.388041e-08	2.526170e+01	1.424136e+03
2.250000e-06	3.440397e-06	2.375587e-08	2.428288e+01	1.416289e+03
2.260000e-06	3.300458e-06	2.362553e-08	2.329516e+01	1.408032e+03
2.270000e-06	3.159291e-06	2.349069e-08	2.229878e+01	1.399639e+03
2.280000e-06	3.016921e-06	2.335332e-08	2.129392e+01	1.391338e+03
2.290000e-06	2.873384e-06	2.321041e-08	2.028080e+01	1.383203e+03
2.300000e-06	2.728759e-06	2.306075e-08	1.926002e+01	1.375109e+03
2.310000e-06	2.583213e-06	2.290708e-08	1.823273e+01	1.366777e+03
2.320000e-06	2.436782e-06	2.274991e-08	1.719920e+01	1.357884e+03
2.330000e-06	2.289530e-06	2.258709e-08	1.615987e+01	1.348207e+03
2.340000e-06	2.141479e-06	2.241576e-08	1.511490e+01	1.337721e+03
2.350000e-06	1.992695e-06	2.223749e-08	1.406476e+01	1.326616e+03
2.360000e-06	1.843228e-06	2.205366e-08	1.300980e+01	1.315216e+03
2.370000e-06	1.693075e-06	2.186628e-08	1.194999e+01	1.303835e+03
2.380000e-06	1.542332e-06	2.167065e-08	1.088602e+01	1.292626e+03
2.390000e-06	1.391049e-06	2.147049e-08	9.818247e+00	1.281495e+03
2.400000e-06	1.239229e-06	2.126318e-08	8.746676e+00	1.270119e+03
2.410000e-06	1.086965e-06	2.104751e-08	7.671974e+00	1.258069e+03
2.420000e-06	9.343017e-07	2.081955e-08	6.594451e+00	1.244984e+03
2.430000e-06	7.812738e-07	2.058416e-08	5.514356e+00	1.230728e+03
2.440000e-06	6.279619e-07	2.034273e-08	4.432255e+00	1.215451e+03
2.450000e-06	4.744285e-07	2.009361e-08	3.348593e+00	1.199522e+03
2.460000e-06	3.207582e-07	1.983212e-08	2.263963e+00	1.183352e+03
2.470000e-06	1.669839e-07	1.955610e-08	1.178599e+00	1.167182e+03
2.480000e-06	1.318166e-08	1.926747e-08	9.303824e-02	1.150916e+03
2.490000e-06	-1.406160e-07	1.896077e-08	-9.924904e-01	1.134094e+03
2.500000e-06	-2.943315e-07	1.863382e-08	-2.077439e+00	1.116016e+03
2.510000e-06	-4.479250e-07	1.828374e-08	-3.161526e+00	1.095982e+03
2.520000e-06	-6.013262e-07	1.791334e-08	-4.244257e+00	1.073559e+03
2.530000e-06	-7.544646e-07	1.752282e-08	-5.325132e+00	1.048737e+03
2.540000e-06	-9.072922e-07	1.710538e-08	-6.403814e+00	1.021906e+03
2.550000e-06	-1.059768e-06	1.665246e-08	-7.480013e+00	9.936185e+02
2.560000e-06	-1.211906e-06	1.615805e-08	-8.553825e+00	9.641909e+02
2.570000e-06	-1.363618e-06	1.561311e-08	-9.624636e+00	9.332917e+02
2.580000e-06	-1.514825e-06	1.500379e-08	-1.069188e+01	8.996516e+02
2.590000e-06	-1.665447e-06	1.431012e-08	-1.175499e+01	8.610281e+02
2.600000e-06	-1.815400e-06	1.351140e-08	-1.281338e+01	8.144664e+02
2.610000e-06	-1.964625e-06	1.257868e-08	-1.386664e+01	7.568061e+02
2.620000e-06	-2.113131e-06	1.146364e-08	-1.491481e+01	6.852974e+02
2.630000e-06	-2.260985e-06	1.010328e-08	-1.595840e+01	5.981566e+02
2.640000e-06	-2.408117e-06	8.423737e-09	-1.699687e+01	4.949100e+02
2.650000e-06	-2.554407e-06	6.382940e-09	-1.802942e+01	3.764501e+02
2.660000e-06	-2.699791e-06	4.061839e-09	-1.905556e+01	2.448222e+02
2.670000e-06	-2.844220e-06	1.628896e-09	-2.007496e+01	1.028434e+02
2.680000e-06	-2.987646e-06	-8.200973e-10	-2.108728e+01	-4.630538e+01
2.690000e-06	-3.129836e-06	-3.269763e-09	-2.209088e+01	-1.993864e+02
2.700000e-06	-3.270689e-06	-5.714140e-09	-2.308505e+01	-3.532485e+02
2.710000e-06	-3.410345e-06	-8.155348e-09	-2.407076e+01	-5.048233e+02
2.720000e-06	-3.548719e-06	-1.059898e-08	-2.504743e+01	-6.510603e+02
2.730000e-06	-3.685688e-06	-1.301284e-08	-2.601417e+01	-7.889106e+02
2.740000e-06	-3.821350e-06	-1.526213e-08	-2.697170e+01	-9.154445e+02
2.750000e-06	-3.955622e-06	-1.719598e-08	-2.791942e+01	-1.028121e+03
2.760000e-06	-4.088404e-06	-1.878638e-08	-2.885661e+01	-1.125147e+03
2.770000e-06	-4.219753e-06	-2.008306e-08	-2.978369e+01	-1.205812e+03
2.780000e-06	-4.349653e-06	-2.113801e-08	-3.070055e+01	-1.270657e+03
2.790000e-06	-4.478107e-06	-2.199650e-08	-3.160720e+01	-1.321407e+03
2.800000e-06	-4.604955e-06	-2.269414e-08	-3.250251e+01	-1.360638e+03
2.810000e-06	-4.730035e-06	-2.325933e-08	-3.338535e+01	-1.391266e+03
2.820000e-06	-4.853496e-06	-2.371738e-08	-3.425675e+01	-1.415998e+03
2.830000e-06	-4.975239e-06	-2.409170e-08	-3.511604e+01	-1.436903e+03
2.840000e-06	-5.095152e-06	-2.440216e-08	-3.596240e+01	-1.455205e+03
2.850000e-06	-5.213096e-06	-2.465842e-08	-3.679487e+01	-1.471347e+03
2.860000e-06	-5.328944e-06	-2.486934e-08	-3.761254e+01	-1.485267e+03
2.870000e-06	-5.442624e-06	-2.504638e-08	-3.841491e+01	-1.496756e+03
2.880000e-06	-5.554062e-06	-2.519770e-08	-3.920146e+01	-1.505784e+03
2.890000e-06	-5.663448e-06	-2.532894e-08	-3.997352e+01	-1.512660e+03
2.900000e-06	-5.770928e-06	-2.544241e-08	-4.073213e+01	-1.518013e+03
2.910000e-06	-5.876487e-06	-2.554110e-08	-4.147719e+01	-1.522605e+03
2.920000e-06	-5.979953e-06	-2.563019e-08	-4.220747e+01	-1.527098e+03
2.930000e-06	-6.081204e-06	-2.571248e-08	-4.292212e+01	-1.531855e+03
2.940000e-06	-6.180245e-06	-2.578780e-08	-4.362116e+01	-1.536870e+03
2.950000e-06	-6.277182e-06	-2.585609e-08	-4.430535e+01	-1.541844e+03
2.960000e-06	-6.371952e-06	-2.592012e-08	-4.497426e+01	-1.546363e+03
2.970000e-06	-6.464456e-06	-2.598144e-08	-4.562717e+01	-1.550109e+03
2.980000e-06	-6.554696e-06	-2.603825e-08	-4.626410e+01	-1.553003e+03
2.990000e-06	-6.642649e-06	-2.608972e-08	-4.688488e+01	-1.555237e+03
3.000000e-06	-6.728178e-06	-2.613749e-08	-4.748856e+01	-1.557189e+03
3.010000e-06	-6.811271e-06	-2.618274e-08	-4.807504e+01	-1.559257e+03
3.020000e-06	-6.892035e-06	-2.622557e-08	-4.864509e+01	-1.561696e+03
3.030000e-06	-6.970241e-06	-2.626859e-08	-4.919708e+01	-1.564526e+03
3.040000e-06	-7.045686e-06	-2.631162e-08	-4.972958e+01	-1.567541e+03
3.050000e-06	-7.118536e-06	-2.635184e-08	-5.024377e+01	-1.570410e+03
3.060000e-06	-7.188840e-06	-2.638928e-08	-5.073999e+01	-1.572832e+03
3.070000e-06	-7.256520e-06	-2.642419e-08	-5.121768e+01	-1.574660e+03
3.080000e-06	-7.321672e-06	-2.645719e-08	-5.167753e+01	-1.575964e+03
3.090000e-06	-7.384246e-06	-2.648747e-08	-5.211919e+01	-1.576987e+03
3.100000e-06	-7.444162e-06	-2.651543e-08	-5.254209e+01	-1.578035e+03
3.110000e-06	-7.501461e-06	-2.654198e-08	-5.294651e+01	-1.579347e+03
3.120000e-06	-7.555956e-06	-2.656792e-08	-5.333115e+01	-1.580992e+03
3.130000e-06	-7.607453e-06	-2.659325e-08	-5.369462e+01	-1.582853e+03
3.140000e-06	-7.655902e-06	-2.661815e-08	-5.403659e+01	-1.584682e+03
3.150000e-06	-7.701519e-06	-2.664105e-08	-5.435856e+01	-1.586216e+03
3.160000e-06	-7.744630e-06	-2.666177e-08	-5.466284e+01	-1.587292e+03
3.170000e-06	-7.785211e-06	-2.668000e-08	-5.494927e+01	-1.587910e+03
3.180000e-06	-7.823058e-06	-2.669636e-08	-5.521640e+01	-1.588235e+03
3.190000e-06	-7.858152e-06	-2.671152e-08	-5.546410e+01	-1.588510e+03
3.200000e-06	-7.890481e-06	-2.672633e-08	-5.569228e+01	-1.588958e+03
3.210000e-06	-7.919891e-06	-2.674106e-08	-5.589986e+01	-1.589681e+03
3.220000e-06	-7.946474e-06	-2.675442e-08	-5.608749e+01	-1.590625e+03
3.230000e-06	-7.970302e-06	-2.676617e-08	-5.625567e+01	-1.591607e+03
3.240000e-06	-7.991216e-06	-2.677535e-08	-5.640329e+01	-1.592404e+03
3.250000e-06	-8.009338e-06	-2.678462e-08	-5.653119e+01	-1.592851e+03
3.260000e-06	-8.024651e-06	-2.679225e-08	-5.663927e+01	-1.592907e+03
3.270000e-06	-8.036834e-06	-2.679800e-08	-5.672527e+01	-1.592673e+03
3.280000e-06	-8.046041e-06	-2.680216e-08	-5.679024e+01	-1.592340e+03
3.290000e-06	-8.052364e-06	-2.680524e-08	-5.683487e+01	-1.592100e+03
3.300000e-06	-8.055771e-06	-2.680678e-08	-5.685892e+01	-1.592066e+03
3.310000e-06	-8.056445e-06	-2.680686e-08	-5.686368e+01	-1.592219e+03
