# Temperatura_=_79.73
# Concentracion g/m^3_=_20000.0
# C_Vs_to_Am_M_A/Vsm_=_59384043850.047264
# pendiente_HvsI_1/m_=_3716.3
# ordenada_HvsI_A/m_=_1297.0
# frecuencia_Hz_=_301647.065616683

Tiempo_(s)	Campo_(V.s)	Magnetizacion_(V.s)	Campo_(kA/m)	Magnetizacion_(A/m)
0.000000e+00	-8.022225e-06	-2.623898e-08	-5.685264e+01	-1.558911e+03
1.000000e-08	-8.018479e-06	-2.623441e-08	-5.682609e+01	-1.559037e+03
2.000000e-08	-8.012180e-06	-2.623300e-08	-5.678145e+01	-1.558872e+03
3.000000e-08	-8.003260e-06	-2.622847e-08	-5.671824e+01	-1.558359e+03
4.000000e-08	-7.991454e-06	-2.622075e-08	-5.663457e+01	-1.557568e+03
5.000000e-08	-7.976703e-06	-2.621329e-08	-5.653003e+01	-1.556659e+03
6.000000e-08	-7.959152e-06	-2.621316e-08	-5.640564e+01	-1.555805e+03
7.000000e-08	-7.939201e-06	-2.621899e-08	-5.626425e+01	-1.555114e+03
8.000000e-08	-7.916740e-06	-2.618543e-08	-5.610508e+01	-1.554582e+03
9.000000e-08	-7.891084e-06	-2.612690e-08	-5.592326e+01	-1.554096e+03
1.000000e-07	-7.862158e-06	-2.612946e-08	-5.571826e+01	-1.553488e+03
1.100000e-07	-7.830425e-06	-2.614896e-08	-5.549337e+01	-1.552613e+03
1.200000e-07	-7.795939e-06	-2.613031e-08	-5.524898e+01	-1.551423e+03
1.300000e-07	-7.758881e-06	-2.609891e-08	-5.498635e+01	-1.549986e+03
1.400000e-07	-7.719749e-06	-2.611689e-08	-5.470903e+01	-1.548461e+03
1.500000e-07	-7.678356e-06	-2.611103e-08	-5.441568e+01	-1.547025e+03
1.600000e-07	-7.634150e-06	-2.604423e-08	-5.410239e+01	-1.545792e+03
1.700000e-07	-7.587221e-06	-2.605762e-08	-5.376981e+01	-1.544760e+03
1.800000e-07	-7.537489e-06	-2.598553e-08	-5.341737e+01	-1.543803e+03
1.900000e-07	-7.484574e-06	-2.595436e-08	-5.304236e+01	-1.542728e+03
2.000000e-07	-7.428866e-06	-2.598439e-08	-5.264756e+01	-1.541351e+03
2.100000e-07	-7.370530e-06	-2.592195e-08	-5.223415e+01	-1.539580e+03
2.200000e-07	-7.309551e-06	-2.591460e-08	-5.180200e+01	-1.537451e+03
2.300000e-07	-7.246018e-06	-2.586978e-08	-5.135175e+01	-1.535111e+03
2.400000e-07	-7.179666e-06	-2.585882e-08	-5.088151e+01	-1.532753e+03
2.500000e-07	-7.110629e-06	-2.582376e-08	-5.039226e+01	-1.530527e+03
2.600000e-07	-7.039014e-06	-2.575164e-08	-4.988473e+01	-1.528476e+03
2.700000e-07	-6.964669e-06	-2.572698e-08	-4.935786e+01	-1.526516e+03
2.800000e-07	-6.887607e-06	-2.570870e-08	-4.881172e+01	-1.524474e+03
2.900000e-07	-6.807805e-06	-2.568773e-08	-4.824618e+01	-1.522165e+03
3.000000e-07	-6.725502e-06	-2.560552e-08	-4.766291e+01	-1.519477e+03
3.100000e-07	-6.641025e-06	-2.556222e-08	-4.706423e+01	-1.516424e+03
3.200000e-07	-6.554299e-06	-2.553398e-08	-4.644961e+01	-1.513138e+03
3.300000e-07	-6.465176e-06	-2.547619e-08	-4.581800e+01	-1.509812e+03
3.400000e-07	-6.373695e-06	-2.542382e-08	-4.516969e+01	-1.506612e+03
3.500000e-07	-6.280011e-06	-2.536627e-08	-4.450575e+01	-1.503598e+03
3.600000e-07	-6.184083e-06	-2.533033e-08	-4.382592e+01	-1.500693e+03
3.700000e-07	-6.085827e-06	-2.528314e-08	-4.312960e+01	-1.497715e+03
3.800000e-07	-5.985381e-06	-2.521321e-08	-4.241775e+01	-1.494450e+03
3.900000e-07	-5.882807e-06	-2.513028e-08	-4.169081e+01	-1.490750e+03
4.000000e-07	-5.778054e-06	-2.507019e-08	-4.094844e+01	-1.486600e+03
4.100000e-07	-5.671136e-06	-2.502423e-08	-4.019073e+01	-1.482125e+03
4.200000e-07	-5.562261e-06	-2.495156e-08	-3.941914e+01	-1.477538e+03
4.300000e-07	-5.451540e-06	-2.487298e-08	-3.863447e+01	-1.473045e+03
4.400000e-07	-5.338737e-06	-2.480521e-08	-3.783505e+01	-1.468756e+03
4.500000e-07	-5.223684e-06	-2.474646e-08	-3.701968e+01	-1.464624e+03
4.600000e-07	-5.106519e-06	-2.466648e-08	-3.618935e+01	-1.460467e+03
4.700000e-07	-4.987492e-06	-2.457042e-08	-3.534581e+01	-1.456042e+03
4.800000e-07	-4.866668e-06	-2.448418e-08	-3.448955e+01	-1.451151e+03
4.900000e-07	-4.744047e-06	-2.441209e-08	-3.362055e+01	-1.445725e+03
5.000000e-07	-4.619714e-06	-2.432718e-08	-3.273941e+01	-1.439863e+03
5.100000e-07	-4.493805e-06	-2.422261e-08	-3.184711e+01	-1.433785e+03
5.200000e-07	-4.366310e-06	-2.412372e-08	-3.094357e+01	-1.427738e+03
5.300000e-07	-4.237209e-06	-2.403758e-08	-3.002864e+01	-1.421881e+03
5.400000e-07	-4.106488e-06	-2.394289e-08	-2.910224e+01	-1.416212e+03
5.500000e-07	-3.974182e-06	-2.382927e-08	-2.816459e+01	-1.410558e+03
5.600000e-07	-3.840520e-06	-2.371678e-08	-2.721735e+01	-1.404643e+03
5.700000e-07	-3.705523e-06	-2.361506e-08	-2.626064e+01	-1.398208e+03
5.800000e-07	-3.569160e-06	-2.350710e-08	-2.529425e+01	-1.391117e+03
5.900000e-07	-3.431504e-06	-2.337677e-08	-2.431870e+01	-1.383425e+03
6.000000e-07	-3.292523e-06	-2.324446e-08	-2.333375e+01	-1.375349e+03
6.100000e-07	-3.152104e-06	-2.312592e-08	-2.233862e+01	-1.367177e+03
6.200000e-07	-3.010332e-06	-2.300215e-08	-2.133390e+01	-1.359136e+03
6.300000e-07	-2.867412e-06	-2.285837e-08	-2.032103e+01	-1.351282e+03
6.400000e-07	-2.723435e-06	-2.270909e-08	-1.930069e+01	-1.343465e+03
6.500000e-07	-2.578502e-06	-2.256786e-08	-1.827356e+01	-1.335384e+03
6.600000e-07	-2.432649e-06	-2.242450e-08	-1.723992e+01	-1.326711e+03
6.700000e-07	-2.285929e-06	-2.226265e-08	-1.620013e+01	-1.317232e+03
6.800000e-07	-2.138423e-06	-2.209000e-08	-1.515477e+01	-1.306945e+03
6.900000e-07	-1.990209e-06	-2.192321e-08	-1.410440e+01	-1.296065e+03
7.000000e-07	-1.841309e-06	-2.175845e-08	-1.304915e+01	-1.284931e+03
7.100000e-07	-1.691839e-06	-2.157909e-08	-1.198988e+01	-1.273855e+03
7.200000e-07	-1.541889e-06	-2.138307e-08	-1.092720e+01	-1.262972e+03
7.300000e-07	-1.391319e-06	-2.118839e-08	-9.860130e+00	-1.252159e+03
7.400000e-07	-1.240153e-06	-2.099348e-08	-8.788829e+00	-1.241069e+03
7.500000e-07	-1.088521e-06	-2.078737e-08	-7.714227e+00	-1.229268e+03
7.600000e-07	-9.365032e-07	-2.056490e-08	-6.636897e+00	-1.216409e+03
7.700000e-07	-7.841709e-07	-2.033705e-08	-5.557334e+00	-1.202389e+03
7.800000e-07	-6.315934e-07	-2.010804e-08	-4.476034e+00	-1.187395e+03
7.900000e-07	-4.788360e-07	-1.986636e-08	-3.393459e+00	-1.171822e+03
8.000000e-07	-3.259534e-07	-1.960702e-08	-2.309997e+00	-1.156083e+03
8.100000e-07	-1.729464e-07	-1.933574e-08	-1.225653e+00	-1.140395e+03
8.200000e-07	-1.980302e-08	-1.905896e-08	-1.403419e-01	-1.124621e+03
8.300000e-07	1.333477e-07	-1.876525e-08	9.450206e-01	-1.108260e+03
8.400000e-07	2.863934e-07	-1.844811e-08	2.029639e+00	-1.090586e+03
8.500000e-07	4.392884e-07	-1.810965e-08	3.113189e+00	-1.070907e+03
8.600000e-07	5.920289e-07	-1.775396e-08	4.195645e+00	-1.048824e+03
8.700000e-07	7.445939e-07	-1.736926e-08	5.276856e+00	-1.024377e+03
8.800000e-07	8.969189e-07	-1.694681e-08	6.356367e+00	-9.980041e+02
8.900000e-07	1.048968e-06	-1.649552e-08	7.433923e+00	-9.702742e+02
9.000000e-07	1.200698e-06	-1.601519e-08	8.509214e+00	-9.414854e+02
9.100000e-07	1.351975e-06	-1.548471e-08	9.581299e+00	-9.112472e+02
9.200000e-07	1.502604e-06	-1.487774e-08	1.064879e+01	-8.782069e+02
9.300000e-07	1.652594e-06	-1.418332e-08	1.171176e+01	-8.400346e+02
9.400000e-07	1.802041e-06	-1.338282e-08	1.277087e+01	-7.937058e+02
9.500000e-07	1.950957e-06	-1.243570e-08	1.382622e+01	-7.360203e+02
9.600000e-07	2.099250e-06	-1.128613e-08	1.487716e+01	-6.642197e+02
9.700000e-07	2.246801e-06	-9.871045e-09	1.592284e+01	-5.765351e+02
9.800000e-07	2.393532e-06	-8.123269e-09	1.696270e+01	-4.725204e+02
9.900000e-07	2.539345e-06	-5.999263e-09	1.799607e+01	-3.531049e+02
1.000000e-06	2.684269e-06	-3.594909e-09	1.902312e+01	-2.203864e+02
1.010000e-06	2.828285e-06	-1.080492e-09	2.004375e+01	-7.726682e+01
1.020000e-06	2.971238e-06	1.456904e-09	2.105684e+01	7.293576e+01
1.030000e-06	3.113043e-06	3.982921e-09	2.206180e+01	2.267845e+02
1.040000e-06	3.253645e-06	6.492065e-09	2.305823e+01	3.808769e+02
1.050000e-06	3.392951e-06	9.010341e-09	2.404548e+01	5.318762e+02
1.060000e-06	3.530935e-06	1.153810e-08	2.502335e+01	6.765022e+02
1.070000e-06	3.667605e-06	1.397250e-08	2.599192e+01	8.115780e+02
1.080000e-06	3.802881e-06	1.612635e-08	2.695061e+01	9.341977e+02
1.090000e-06	3.936763e-06	1.790559e-08	2.789941e+01	1.042015e+03
1.100000e-06	4.069281e-06	1.935066e-08	2.883855e+01	1.133580e+03
1.110000e-06	4.200355e-06	2.052161e-08	2.976746e+01	1.208614e+03
1.120000e-06	4.329946e-06	2.147194e-08	3.068585e+01	1.268093e+03
1.130000e-06	4.458017e-06	2.224539e-08	3.159349e+01	1.314092e+03
1.140000e-06	4.584510e-06	2.286889e-08	3.248993e+01	1.349388e+03
1.150000e-06	4.709437e-06	2.336348e-08	3.337527e+01	1.376928e+03
1.160000e-06	4.832698e-06	2.375600e-08	3.424881e+01	1.399308e+03
1.170000e-06	4.954224e-06	2.407627e-08	3.511005e+01	1.418389e+03
1.180000e-06	5.073963e-06	2.434188e-08	3.595862e+01	1.435181e+03
1.190000e-06	5.191808e-06	2.456163e-08	3.679378e+01	1.449958e+03
1.200000e-06	5.307642e-06	2.474331e-08	3.761469e+01	1.462577e+03
1.210000e-06	5.421379e-06	2.489810e-08	3.842072e+01	1.472839e+03
1.220000e-06	5.533094e-06	2.502859e-08	3.921243e+01	1.480781e+03
1.230000e-06	5.642893e-06	2.513851e-08	3.999057e+01	1.486790e+03
1.240000e-06	5.750713e-06	2.523365e-08	4.075468e+01	1.491538e+03
1.250000e-06	5.856432e-06	2.531918e-08	4.150390e+01	1.495775e+03
1.260000e-06	5.960009e-06	2.539928e-08	4.223793e+01	1.500096e+03
1.270000e-06	6.061429e-06	2.547087e-08	4.295669e+01	1.504764e+03
1.280000e-06	6.160644e-06	2.553672e-08	4.365981e+01	1.509681e+03
1.290000e-06	6.257562e-06	2.559882e-08	4.434666e+01	1.514489e+03
1.300000e-06	6.352251e-06	2.565868e-08	4.501772e+01	1.518772e+03
1.310000e-06	6.444812e-06	2.571317e-08	4.567368e+01	1.522251e+03
1.320000e-06	6.535089e-06	2.576141e-08	4.631347e+01	1.524907e+03
1.330000e-06	6.622965e-06	2.580719e-08	4.693623e+01	1.526986e+03
1.340000e-06	6.708612e-06	2.585095e-08	4.754321e+01	1.528884e+03
1.350000e-06	6.792061e-06	2.589108e-08	4.813460e+01	1.530979e+03
1.360000e-06	6.873107e-06	2.592894e-08	4.870896e+01	1.533479e+03
1.370000e-06	6.951627e-06	2.596616e-08	4.926543e+01	1.536344e+03
1.380000e-06	7.027549e-06	2.600214e-08	4.980348e+01	1.539328e+03
1.390000e-06	7.100773e-06	2.603532e-08	5.032241e+01	1.542093e+03
1.400000e-06	7.171458e-06	2.606652e-08	5.082335e+01	1.544362e+03
1.410000e-06	7.239681e-06	2.609671e-08	5.130683e+01	1.546038e+03
1.420000e-06	7.305235e-06	2.612667e-08	5.177141e+01	1.547236e+03
1.430000e-06	7.368241e-06	2.615461e-08	5.221792e+01	1.548225e+03
1.440000e-06	7.428823e-06	2.617690e-08	5.264726e+01	1.549309e+03
1.450000e-06	7.486724e-06	2.619493e-08	5.305760e+01	1.550691e+03
1.460000e-06	7.541843e-06	2.621310e-08	5.344823e+01	1.552397e+03
1.470000e-06	7.594051e-06	2.623288e-08	5.381822e+01	1.554270e+03
1.480000e-06	7.643115e-06	2.625114e-08	5.416593e+01	1.556050e+03
1.490000e-06	7.689315e-06	2.626730e-08	5.449334e+01	1.557489e+03
1.500000e-06	7.732899e-06	2.628321e-08	5.480222e+01	1.558458e+03
1.510000e-06	7.773599e-06	2.629716e-08	5.509066e+01	1.559002e+03
1.520000e-06	7.811431e-06	2.630819e-08	5.535876e+01	1.559311e+03
1.530000e-06	7.846604e-06	2.631603e-08	5.560803e+01	1.559632e+03
1.540000e-06	7.879005e-06	2.632352e-08	5.583766e+01	1.560161e+03
1.550000e-06	7.908667e-06	2.633178e-08	5.604787e+01	1.560959e+03
1.560000e-06	7.935594e-06	2.633769e-08	5.623869e+01	1.561932e+03
1.570000e-06	7.959643e-06	2.634189e-08	5.640912e+01	1.562879e+03
1.580000e-06	7.980921e-06	2.634509e-08	5.655992e+01	1.563583e+03
1.590000e-06	7.999488e-06	2.634737e-08	5.669151e+01	1.563907e+03
1.600000e-06	8.015197e-06	2.634884e-08	5.680283e+01	1.563855e+03
1.610000e-06	8.027899e-06	2.634874e-08	5.689285e+01	1.563564e+03
1.620000e-06	8.037449e-06	2.634708e-08	5.696053e+01	1.563240e+03
1.630000e-06	8.044027e-06	2.634464e-08	5.700715e+01	1.563065e+03
1.640000e-06	8.047885e-06	2.634024e-08	5.703449e+01	1.563120e+03
1.650000e-06	8.048874e-06	2.633195e-08	5.704150e+01	1.563351e+03
1.660000e-06	8.047103e-06	2.632818e-08	5.702895e+01	1.563595e+03
1.670000e-06	8.042744e-06	2.632537e-08	5.699805e+01	1.563661e+03
1.680000e-06	8.035684e-06	2.631843e-08	5.694802e+01	1.563410e+03
1.690000e-06	8.025977e-06	2.630747e-08	5.687923e+01	1.562818e+03
1.700000e-06	8.013498e-06	2.629405e-08	5.679079e+01	1.561982e+03
1.710000e-06	7.998230e-06	2.627840e-08	5.668259e+01	1.561072e+03
1.720000e-06	7.980503e-06	2.625149e-08	5.655696e+01	1.560253e+03
1.730000e-06	7.960451e-06	2.625056e-08	5.641485e+01	1.559608e+03
1.740000e-06	7.937573e-06	2.629971e-08	5.625272e+01	1.559103e+03
1.750000e-06	7.911177e-06	2.627391e-08	5.606565e+01	1.558603e+03
1.760000e-06	7.881136e-06	2.621321e-08	5.585275e+01	1.557940e+03
1.770000e-06	7.848093e-06	2.619310e-08	5.561858e+01	1.556987e+03
1.780000e-06	7.812630e-06	2.616765e-08	5.536726e+01	1.555725e+03
1.790000e-06	7.774674e-06	2.609803e-08	5.509827e+01	1.554250e+03
1.800000e-06	7.734641e-06	2.614133e-08	5.481456e+01	1.552733e+03
1.810000e-06	7.692509e-06	2.611897e-08	5.451598e+01	1.551342e+03
1.820000e-06	7.647690e-06	2.604081e-08	5.419835e+01	1.550165e+03
1.830000e-06	7.600233e-06	2.613436e-08	5.386203e+01	1.549168e+03
1.840000e-06	7.549858e-06	2.605203e-08	5.350503e+01	1.548202e+03
1.850000e-06	7.496384e-06	2.603431e-08	5.312606e+01	1.547067e+03
1.860000e-06	7.440099e-06	2.598338e-08	5.272718e+01	1.545596e+03
1.870000e-06	7.381116e-06	2.590643e-08	5.230917e+01	1.543728e+03
1.880000e-06	7.319580e-06	2.596140e-08	5.187307e+01	1.541531e+03
1.890000e-06	7.255363e-06	2.586744e-08	5.141797e+01	1.539169e+03
1.900000e-06	7.188448e-06	2.587309e-08	5.094375e+01	1.536833e+03
1.910000e-06	7.118769e-06	2.583899e-08	5.044995e+01	1.534653e+03
1.920000e-06	7.046276e-06	2.578091e-08	4.993620e+01	1.532638e+03
1.930000e-06	6.971248e-06	2.574316e-08	4.940448e+01	1.530677e+03
1.940000e-06	6.893448e-06	2.564895e-08	4.885312e+01	1.528585e+03
1.950000e-06	6.813031e-06	2.565465e-08	4.828321e+01	1.526188e+03
1.960000e-06	6.730297e-06	2.558206e-08	4.769688e+01	1.523403e+03
1.970000e-06	6.645140e-06	2.556013e-08	4.709339e+01	1.520276e+03
1.980000e-06	6.557569e-06	2.551133e-08	4.647278e+01	1.516962e+03
1.990000e-06	6.467628e-06	2.543552e-08	4.583538e+01	1.513656e+03
2.000000e-06	6.375470e-06	2.540569e-08	4.518226e+01	1.510503e+03
2.010000e-06	6.281015e-06	2.532444e-08	4.451287e+01	1.507530e+03
2.020000e-06	6.184312e-06	2.528398e-08	4.382755e+01	1.504627e+03
2.030000e-06	6.085404e-06	2.520658e-08	4.312660e+01	1.501597e+03
2.040000e-06	5.984289e-06	2.517054e-08	4.241001e+01	1.498234e+03
2.050000e-06	5.880968e-06	2.509994e-08	4.167778e+01	1.494418e+03
2.060000e-06	5.775555e-06	2.502329e-08	4.093073e+01	1.490171e+03
2.070000e-06	5.668237e-06	2.495158e-08	4.017018e+01	1.485647e+03
2.080000e-06	5.558858e-06	2.487565e-08	3.939502e+01	1.481068e+03
2.090000e-06	5.447364e-06	2.481562e-08	3.860488e+01	1.476622e+03
2.100000e-06	5.333770e-06	2.472872e-08	3.779985e+01	1.472383e+03
2.110000e-06	5.218122e-06	2.466049e-08	3.698026e+01	1.468267e+03
2.120000e-06	5.100425e-06	2.457597e-08	3.614616e+01	1.464067e+03
2.130000e-06	4.980747e-06	2.449809e-08	3.529802e+01	1.459541e+03
2.140000e-06	4.859254e-06	2.439620e-08	3.443701e+01	1.454517e+03
2.150000e-06	4.735995e-06	2.430616e-08	3.356348e+01	1.448968e+03
2.160000e-06	4.611032e-06	2.421574e-08	3.267788e+01	1.443029e+03
2.170000e-06	4.484450e-06	2.412634e-08	3.178081e+01	1.436938e+03
2.180000e-06	4.356306e-06	2.402683e-08	3.087267e+01	1.430929e+03
2.190000e-06	4.226608e-06	2.392372e-08	2.995351e+01	1.425128e+03
2.200000e-06	4.095397e-06	2.382601e-08	2.902363e+01	1.419485e+03
2.210000e-06	3.962745e-06	2.371717e-08	2.808354e+01	1.413794e+03
2.220000e-06	3.828724e-06	2.360329e-08	2.713375e+01	1.407771e+03
2.230000e-06	3.693248e-06	2.347991e-08	2.617364e+01	1.401179e+03
2.240000e-06	3.556377e-06	2.336627e-08	2.520366e+01	1.393926e+03
2.250000e-06	3.418240e-06	2.324361e-08	2.422470e+01	1.386113e+03
2.260000e-06	3.278846e-06	2.311824e-08	2.323682e+01	1.377987e+03
2.270000e-06	3.138229e-06	2.298183e-08	2.224029e+01	1.369833e+03
2.280000e-06	2.996392e-06	2.284881e-08	2.123511e+01	1.361843e+03
2.290000e-06	2.853371e-06	2.270976e-08	2.022153e+01	1.354020e+03
2.300000e-06	2.709254e-06	2.256351e-08	1.920019e+01	1.346170e+03
2.310000e-06	2.564233e-06	2.241038e-08	1.817244e+01	1.337970e+03
2.320000e-06	2.418387e-06	2.225433e-08	1.713884e+01	1.329109e+03
2.330000e-06	2.271682e-06	2.209724e-08	1.609917e+01	1.319420e+03
2.340000e-06	2.124137e-06	2.192977e-08	1.505353e+01	1.308958e+03
2.350000e-06	1.975863e-06	2.175612e-08	1.400273e+01	1.297982e+03
2.360000e-06	1.826922e-06	2.157615e-08	1.294720e+01	1.286839e+03
2.370000e-06	1.677388e-06	2.139164e-08	1.188746e+01	1.275810e+03
2.380000e-06	1.527278e-06	2.119792e-08	1.082365e+01	1.264966e+03
2.390000e-06	1.376617e-06	2.099918e-08	9.755932e+00	1.254123e+03
2.400000e-06	1.225478e-06	2.079454e-08	8.684827e+00	1.242897e+03
2.410000e-06	1.073840e-06	2.058351e-08	7.610189e+00	1.230857e+03
2.420000e-06	9.217659e-07	2.036249e-08	6.532455e+00	1.217707e+03
2.430000e-06	7.693559e-07	2.013420e-08	5.452342e+00	1.203417e+03
2.440000e-06	6.166663e-07	1.989589e-08	4.370248e+00	1.188237e+03
2.450000e-06	4.637832e-07	1.964740e-08	3.286781e+00	1.172589e+03
2.460000e-06	3.107922e-07	1.938432e-08	2.202551e+00	1.156855e+03
2.470000e-06	1.577282e-07	1.911000e-08	1.117803e+00	1.141174e+03
2.480000e-06	4.618729e-09	1.882618e-08	3.273243e-02	1.125314e+03
2.490000e-06	-1.484513e-07	1.852508e-08	-1.052058e+00	1.108697e+03
2.500000e-06	-3.014664e-07	1.820466e-08	-2.136460e+00	1.090580e+03
2.510000e-06	-4.543667e-07	1.785932e-08	-3.220048e+00	1.070323e+03
2.520000e-06	-6.070956e-07	1.749154e-08	-4.302421e+00	1.047627e+03
2.530000e-06	-7.596776e-07	1.710015e-08	-5.383753e+00	1.022648e+03
2.540000e-06	-9.119837e-07	1.667976e-08	-6.463130e+00	9.958860e+02
2.550000e-06	-1.063921e-06	1.622385e-08	-7.539891e+00	9.678846e+02
2.560000e-06	-1.215432e-06	1.572591e-08	-8.613634e+00	9.388055e+02
2.570000e-06	-1.366411e-06	1.517577e-08	-9.683609e+00	9.080348e+02
2.580000e-06	-1.516850e-06	1.455799e-08	-1.074975e+01	8.739648e+02
2.590000e-06	-1.666672e-06	1.385189e-08	-1.181152e+01	8.340548e+02
2.600000e-06	-1.815898e-06	1.303122e-08	-1.286907e+01	7.851811e+02
2.610000e-06	-1.964594e-06	1.206123e-08	-1.392286e+01	7.241957e+02
2.620000e-06	-2.112654e-06	1.089011e-08	-1.497215e+01	6.485427e+02
2.630000e-06	-2.259975e-06	9.449161e-09	-1.601620e+01	5.567632e+02
2.640000e-06	-2.406456e-06	7.659548e-09	-1.705429e+01	4.487612e+02
2.650000e-06	-2.552082e-06	5.498422e-09	-1.808633e+01	3.257858e+02
2.660000e-06	-2.696880e-06	3.106601e-09	-1.911249e+01	1.901733e+02
2.670000e-06	-2.840668e-06	6.602210e-10	-2.013150e+01	4.496406e+01
2.680000e-06	-2.983304e-06	-1.789030e-09	-2.114235e+01	-1.064716e+02
2.690000e-06	-3.124767e-06	-4.238693e-09	-2.214488e+01	-2.606967e+02
2.700000e-06	-3.265011e-06	-6.682875e-09	-2.313878e+01	-4.143255e+02
2.710000e-06	-3.404007e-06	-9.124200e-09	-2.412383e+01	-5.640357e+02
2.720000e-06	-3.541694e-06	-1.156427e-08	-2.509960e+01	-7.065645e+02
2.730000e-06	-3.678046e-06	-1.392564e-08	-2.606591e+01	-8.387817e+02
2.740000e-06	-3.813006e-06	-1.602296e-08	-2.702236e+01	-9.578905e+02
2.750000e-06	-3.946582e-06	-1.775366e-08	-2.796900e+01	-1.061738e+03
2.760000e-06	-4.078814e-06	-1.916101e-08	-2.890612e+01	-1.149146e+03
2.770000e-06	-4.209603e-06	-2.030491e-08	-2.983300e+01	-1.220152e+03
2.780000e-06	-4.338949e-06	-2.123083e-08	-3.074966e+01	-1.276030e+03
2.790000e-06	-4.466810e-06	-2.197875e-08	-3.165580e+01	-1.319075e+03
2.800000e-06	-4.593015e-06	-2.258095e-08	-3.255020e+01	-1.352160e+03
2.810000e-06	-4.717643e-06	-2.306559e-08	-3.343343e+01	-1.378190e+03
2.820000e-06	-4.840596e-06	-2.345751e-08	-3.430478e+01	-1.399603e+03
2.830000e-06	-4.961757e-06	-2.377759e-08	-3.516344e+01	-1.418049e+03
2.840000e-06	-5.081086e-06	-2.404227e-08	-3.600911e+01	-1.434333e+03
2.850000e-06	-5.198402e-06	-2.426386e-08	-3.684051e+01	-1.448591e+03
2.860000e-06	-5.313614e-06	-2.444907e-08	-3.765701e+01	-1.460634e+03
2.870000e-06	-5.426667e-06	-2.460458e-08	-3.845820e+01	-1.470299e+03
2.880000e-06	-5.537604e-06	-2.473686e-08	-3.924440e+01	-1.477707e+03
2.890000e-06	-5.646510e-06	-2.484896e-08	-4.001620e+01	-1.483329e+03
2.900000e-06	-5.753508e-06	-2.494555e-08	-4.077449e+01	-1.487880e+03
2.910000e-06	-5.858607e-06	-2.503245e-08	-4.151932e+01	-1.492093e+03
2.920000e-06	-5.961587e-06	-2.511244e-08	-4.224912e+01	-1.496490e+03
2.930000e-06	-6.062292e-06	-2.518870e-08	-4.296281e+01	-1.501241e+03
2.940000e-06	-6.160838e-06	-2.526267e-08	-4.366119e+01	-1.506169e+03
2.950000e-06	-6.257311e-06	-2.533030e-08	-4.434489e+01	-1.510883e+03
2.960000e-06	-6.351544e-06	-2.539048e-08	-4.501270e+01	-1.514981e+03
2.970000e-06	-6.443435e-06	-2.544588e-08	-4.566393e+01	-1.518244e+03
2.980000e-06	-6.533139e-06	-2.549927e-08	-4.629965e+01	-1.520723e+03
2.990000e-06	-6.620631e-06	-2.554798e-08	-4.691969e+01	-1.522717e+03
3.000000e-06	-6.705685e-06	-2.559182e-08	-4.752246e+01	-1.524632e+03
3.010000e-06	-6.788336e-06	-2.563471e-08	-4.810820e+01	-1.526817e+03
3.020000e-06	-6.868632e-06	-2.567926e-08	-4.867725e+01	-1.529420e+03
3.030000e-06	-6.946320e-06	-2.572416e-08	-4.922782e+01	-1.532344e+03
3.040000e-06	-7.021283e-06	-2.576611e-08	-4.975907e+01	-1.535304e+03
3.050000e-06	-7.093699e-06	-2.580397e-08	-5.027228e+01	-1.537965e+03
3.060000e-06	-7.163567e-06	-2.583980e-08	-5.076742e+01	-1.540086e+03
3.070000e-06	-7.230860e-06	-2.587292e-08	-5.124432e+01	-1.541623e+03
3.080000e-06	-7.295667e-06	-2.590220e-08	-5.170360e+01	-1.542739e+03
3.090000e-06	-7.357868e-06	-2.592955e-08	-5.214441e+01	-1.543724e+03
3.100000e-06	-7.417399e-06	-2.595620e-08	-5.256630e+01	-1.544868e+03
3.110000e-06	-7.474321e-06	-2.598448e-08	-5.296970e+01	-1.546336e+03
3.120000e-06	-7.528435e-06	-2.601199e-08	-5.335320e+01	-1.548103e+03
3.130000e-06	-7.579533e-06	-2.603853e-08	-5.371533e+01	-1.549979e+03
3.140000e-06	-7.627580e-06	-2.606372e-08	-5.405583e+01	-1.551692e+03
3.150000e-06	-7.672851e-06	-2.608652e-08	-5.437666e+01	-1.553018e+03
3.160000e-06	-7.715666e-06	-2.610588e-08	-5.468009e+01	-1.553870e+03
3.170000e-06	-7.755925e-06	-2.612052e-08	-5.496540e+01	-1.554333e+03
3.180000e-06	-7.793396e-06	-2.613406e-08	-5.523095e+01	-1.554621e+03
3.190000e-06	-7.828132e-06	-2.615050e-08	-5.547713e+01	-1.554978e+03
3.200000e-06	-7.860179e-06	-2.616885e-08	-5.570424e+01	-1.555574e+03
3.210000e-06	-7.889321e-06	-2.618488e-08	-5.591076e+01	-1.556429e+03
3.220000e-06	-7.915606e-06	-2.619664e-08	-5.609704e+01	-1.557417e+03
3.230000e-06	-7.939170e-06	-2.620529e-08	-5.626403e+01	-1.558321e+03
3.240000e-06	-7.959863e-06	-2.621411e-08	-5.641069e+01	-1.558936e+03
3.250000e-06	-7.977751e-06	-2.622174e-08	-5.653746e+01	-1.559160e+03
3.260000e-06	-7.992844e-06	-2.622665e-08	-5.664442e+01	-1.559030e+03
3.270000e-06	-8.004812e-06	-2.623109e-08	-5.672924e+01	-1.558710e+03
3.280000e-06	-8.013796e-06	-2.623745e-08	-5.679291e+01	-1.558408e+03
3.290000e-06	-8.019922e-06	-2.624316e-08	-5.683631e+01	-1.558287e+03
3.300000e-06	-8.023211e-06	-2.624641e-08	-5.685962e+01	-1.558396e+03
3.310000e-06	-8.023806e-06	-2.624625e-08	-5.686384e+01	-1.558647e+03
