6.983015e+02
7.019687e+02
7.054018e+02
7.036497e+02
7.037460e+02
7.043888e+02
7.087540e+02
7.086406e+02
7.058982e+02
7.092026e+02
7.097969e+02
7.131078e+02
7.164257e+02
7.166576e+02
7.155724e+02
7.155024e+02
7.127396e+02
7.135134e+02
7.129692e+02
7.127090e+02
7.113174e+02
7.080468e+02
7.046017e+02
7.054900e+02
7.048643e+02
7.028123e+02
6.982854e+02
6.966188e+02
6.930295e+02
6.902968e+02
6.865255e+02
6.815863e+02
6.826525e+02
6.844006e+02
6.787736e+02
6.789766e+02
6.783508e+02
6.747495e+02
6.773191e+02
6.741386e+02
6.721750e+02
6.734639e+02
6.736861e+02
6.724673e+02
6.706100e+02
6.667925e+02
6.675437e+02
6.677462e+02
6.686005e+02
6.654436e+02
6.627574e+02
6.659378e+02
