# Temperatura_=_84.22
# Concentracion g/m^3_=_20000.0
# C_Vs_to_Am_M_A/Vsm_=_59384043850.047264
# pendiente_HvsI_1/m_=_3716.3
# ordenada_HvsI_A/m_=_1297.0
# frecuencia_Hz_=_301555.81611778546

Tiempo_(s)	Campo_(V.s)	Magnetizacion_(V.s)	Campo_(kA/m)	Magnetizacion_(A/m)
0.000000e+00	-8.121172e-06	-2.674048e-08	-5.692770e+01	-1.589869e+03
1.000000e-08	-8.118385e-06	-2.672980e-08	-5.690816e+01	-1.589279e+03
2.000000e-08	-8.112878e-06	-2.672215e-08	-5.686956e+01	-1.588477e+03
3.000000e-08	-8.104758e-06	-2.671955e-08	-5.681264e+01	-1.587672e+03
4.000000e-08	-8.093753e-06	-2.671739e-08	-5.673550e+01	-1.587037e+03
5.000000e-08	-8.079793e-06	-2.671153e-08	-5.663764e+01	-1.586635e+03
6.000000e-08	-8.062961e-06	-2.670792e-08	-5.651965e+01	-1.586386e+03
7.000000e-08	-8.043532e-06	-2.671249e-08	-5.638346e+01	-1.586105e+03
8.000000e-08	-8.021561e-06	-2.669217e-08	-5.622945e+01	-1.585579e+03
9.000000e-08	-7.996412e-06	-2.661327e-08	-5.605316e+01	-1.584663e+03
1.000000e-07	-7.967824e-06	-2.659545e-08	-5.585276e+01	-1.583341e+03
1.100000e-07	-7.936367e-06	-2.663341e-08	-5.563225e+01	-1.581735e+03
1.200000e-07	-7.902309e-06	-2.663091e-08	-5.539351e+01	-1.580057e+03
1.300000e-07	-7.865699e-06	-2.658932e-08	-5.513689e+01	-1.578516e+03
1.400000e-07	-7.826970e-06	-2.658087e-08	-5.486541e+01	-1.577233e+03
1.500000e-07	-7.786060e-06	-2.659420e-08	-5.457864e+01	-1.576188e+03
1.600000e-07	-7.742285e-06	-2.650570e-08	-5.427178e+01	-1.575228e+03
1.700000e-07	-7.695675e-06	-2.651708e-08	-5.394506e+01	-1.574136e+03
1.800000e-07	-7.646257e-06	-2.644828e-08	-5.359865e+01	-1.572717e+03
1.900000e-07	-7.593554e-06	-2.641714e-08	-5.322921e+01	-1.570881e+03
2.000000e-07	-7.537884e-06	-2.646505e-08	-5.283898e+01	-1.568678e+03
2.100000e-07	-7.479497e-06	-2.637543e-08	-5.242970e+01	-1.566273e+03
2.200000e-07	-7.418515e-06	-2.636843e-08	-5.200222e+01	-1.563872e+03
2.300000e-07	-7.354959e-06	-2.630878e-08	-5.155671e+01	-1.561636e+03
2.400000e-07	-7.288550e-06	-2.629364e-08	-5.109120e+01	-1.559609e+03
2.500000e-07	-7.219407e-06	-2.625911e-08	-5.060652e+01	-1.557704e+03
2.600000e-07	-7.147613e-06	-2.617613e-08	-5.010326e+01	-1.555743e+03
2.700000e-07	-7.073099e-06	-2.616220e-08	-4.958093e+01	-1.553531e+03
2.800000e-07	-6.995836e-06	-2.613919e-08	-4.903934e+01	-1.550944e+03
2.900000e-07	-6.915820e-06	-2.610590e-08	-4.847844e+01	-1.547978e+03
3.000000e-07	-6.833296e-06	-2.601050e-08	-4.789996e+01	-1.544751e+03
3.100000e-07	-6.748489e-06	-2.598153e-08	-4.730548e+01	-1.541446e+03
3.200000e-07	-6.661391e-06	-2.596088e-08	-4.669494e+01	-1.538234e+03
3.300000e-07	-6.571929e-06	-2.588210e-08	-4.606784e+01	-1.535195e+03
3.400000e-07	-6.480127e-06	-2.583013e-08	-4.542432e+01	-1.532292e+03
3.500000e-07	-6.386064e-06	-2.577982e-08	-4.476496e+01	-1.529382e+03
3.600000e-07	-6.289640e-06	-2.574012e-08	-4.408905e+01	-1.526284e+03
3.700000e-07	-6.190846e-06	-2.567078e-08	-4.339652e+01	-1.522855e+03
3.800000e-07	-6.089838e-06	-2.559940e-08	-4.268848e+01	-1.519055e+03
3.900000e-07	-5.986640e-06	-2.553984e-08	-4.196508e+01	-1.514959e+03
4.000000e-07	-5.881243e-06	-2.548857e-08	-4.122627e+01	-1.510722e+03
4.100000e-07	-5.773751e-06	-2.543267e-08	-4.047278e+01	-1.506509e+03
4.200000e-07	-5.664270e-06	-2.535311e-08	-3.970534e+01	-1.502423e+03
4.300000e-07	-5.552725e-06	-2.528538e-08	-3.892343e+01	-1.498455e+03
4.400000e-07	-5.439032e-06	-2.521751e-08	-3.812647e+01	-1.494492e+03
4.500000e-07	-5.323204e-06	-2.514020e-08	-3.731454e+01	-1.490366e+03
4.600000e-07	-5.205305e-06	-2.505491e-08	-3.648809e+01	-1.485928e+03
4.700000e-07	-5.085446e-06	-2.498125e-08	-3.564791e+01	-1.481115e+03
4.800000e-07	-4.963751e-06	-2.491302e-08	-3.479485e+01	-1.475971e+03
4.900000e-07	-4.840320e-06	-2.483417e-08	-3.392962e+01	-1.470632e+03
5.000000e-07	-4.715192e-06	-2.474385e-08	-3.305250e+01	-1.465257e+03
5.100000e-07	-4.588360e-06	-2.465388e-08	-3.216344e+01	-1.459957e+03
5.200000e-07	-4.459822e-06	-2.456564e-08	-3.126241e+01	-1.454742e+03
5.300000e-07	-4.329613e-06	-2.447338e-08	-3.034967e+01	-1.449519e+03
5.400000e-07	-4.197871e-06	-2.437266e-08	-2.942619e+01	-1.444126e+03
5.500000e-07	-4.064709e-06	-2.427187e-08	-2.849275e+01	-1.438412e+03
5.600000e-07	-3.930043e-06	-2.418003e-08	-2.754877e+01	-1.432300e+03
5.700000e-07	-3.793907e-06	-2.408514e-08	-2.659448e+01	-1.425824e+03
5.800000e-07	-3.656487e-06	-2.397750e-08	-2.563120e+01	-1.419113e+03
5.900000e-07	-3.517713e-06	-2.386560e-08	-2.465843e+01	-1.412333e+03
6.000000e-07	-3.377393e-06	-2.375890e-08	-2.367481e+01	-1.405607e+03
6.100000e-07	-3.235609e-06	-2.364750e-08	-2.268093e+01	-1.398958e+03
6.200000e-07	-3.092643e-06	-2.352629e-08	-2.167877e+01	-1.392294e+03
6.300000e-07	-2.948540e-06	-2.340192e-08	-2.066864e+01	-1.385443e+03
6.400000e-07	-2.803312e-06	-2.328412e-08	-1.965063e+01	-1.378231e+03
6.500000e-07	-2.657164e-06	-2.316165e-08	-1.862616e+01	-1.370557e+03
6.600000e-07	-2.510076e-06	-2.303243e-08	-1.759510e+01	-1.362445e+03
6.700000e-07	-2.362076e-06	-2.289952e-08	-1.655765e+01	-1.354027e+03
6.800000e-07	-2.213318e-06	-2.276792e-08	-1.551489e+01	-1.345491e+03
6.900000e-07	-2.063899e-06	-2.263050e-08	-1.446749e+01	-1.336989e+03
7.000000e-07	-1.913804e-06	-2.248314e-08	-1.341536e+01	-1.328566e+03
7.100000e-07	-1.762963e-06	-2.233361e-08	-1.235800e+01	-1.320128e+03
7.200000e-07	-1.611371e-06	-2.218212e-08	-1.129537e+01	-1.311479e+03
7.300000e-07	-1.459151e-06	-2.202868e-08	-1.022834e+01	-1.302402e+03
7.400000e-07	-1.306491e-06	-2.186599e-08	-9.158227e+00	-1.292762e+03
7.500000e-07	-1.153412e-06	-2.170307e-08	-8.085178e+00	-1.282560e+03
7.600000e-07	-9.999025e-07	-2.153989e-08	-7.009106e+00	-1.271947e+03
7.700000e-07	-8.460001e-07	-2.137198e-08	-5.930282e+00	-1.261152e+03
7.800000e-07	-6.917828e-07	-2.119521e-08	-4.849252e+00	-1.250377e+03
7.900000e-07	-5.373289e-07	-2.101021e-08	-3.766562e+00	-1.239694e+03
8.000000e-07	-3.826795e-07	-2.081982e-08	-2.682503e+00	-1.228991e+03
8.100000e-07	-2.279050e-07	-2.062438e-08	-1.597566e+00	-1.218000e+03
8.200000e-07	-7.308376e-08	-2.042223e-08	-5.123017e-01	-1.206399e+03
8.300000e-07	8.173164e-08	-2.020978e-08	5.729216e-01	-1.193939e+03
8.400000e-07	2.365471e-07	-1.999343e-08	1.658145e+00	-1.180560e+03
8.500000e-07	3.912879e-07	-1.977120e-08	2.742846e+00	-1.166417e+03
8.600000e-07	5.458529e-07	-1.954057e-08	3.826313e+00	-1.151818e+03
8.700000e-07	7.002261e-07	-1.929765e-08	4.908437e+00	-1.137085e+03
8.800000e-07	8.543584e-07	-1.904445e-08	5.988872e+00	-1.122390e+03
8.900000e-07	1.008193e-06	-1.878260e-08	7.067220e+00	-1.107636e+03
9.000000e-07	1.161637e-06	-1.851162e-08	8.142828e+00	-1.092448e+03
9.100000e-07	1.314616e-06	-1.822957e-08	9.215180e+00	-1.076273e+03
9.200000e-07	1.467155e-06	-1.793039e-08	1.028445e+01	-1.058561e+03
9.300000e-07	1.619253e-06	-1.761157e-08	1.135062e+01	-1.038948e+03
9.400000e-07	1.770789e-06	-1.726676e-08	1.241286e+01	-1.017358e+03
9.500000e-07	1.921579e-06	-1.689254e-08	1.346986e+01	-9.939536e+02
9.600000e-07	2.071596e-06	-1.648282e-08	1.452145e+01	-9.689391e+02
9.700000e-07	2.220887e-06	-1.603012e-08	1.556795e+01	-9.422512e+02
9.800000e-07	2.369375e-06	-1.551835e-08	1.660882e+01	-9.132541e+02
9.900000e-07	2.516986e-06	-1.492943e-08	1.764354e+01	-8.805447e+02
1.000000e-06	2.663693e-06	-1.424363e-08	1.867192e+01	-8.419599e+02
1.010000e-06	2.809488e-06	-1.343122e-08	1.969392e+01	-7.948120e+02
1.020000e-06	2.954338e-06	-1.246106e-08	2.070929e+01	-7.363076e+02
1.030000e-06	3.098100e-06	-1.128672e-08	2.171702e+01	-6.640460e+02
1.040000e-06	3.240725e-06	-9.856034e-09	2.271680e+01	-5.764684e+02
1.050000e-06	3.382182e-06	-8.115430e-09	2.370838e+01	-4.731475e+02
1.060000e-06	3.522290e-06	-6.038198e-09	2.469051e+01	-3.548623e+02
1.070000e-06	3.661023e-06	-3.683189e-09	2.566300e+01	-2.234679e+02
1.080000e-06	3.798392e-06	-1.187526e-09	2.662592e+01	-8.163107e+01
1.090000e-06	3.934314e-06	1.335378e-09	2.757871e+01	6.747489e+01
1.100000e-06	4.068806e-06	3.854538e-09	2.852147e+01	2.204315e+02
1.110000e-06	4.201858e-06	6.380413e-09	2.945414e+01	3.737521e+02
1.120000e-06	4.333342e-06	8.914840e-09	3.037582e+01	5.239842e+02
1.130000e-06	4.463289e-06	1.142334e-08	3.128672e+01	6.677876e+02
1.140000e-06	4.591678e-06	1.380046e-08	3.218669e+01	8.020468e+02
1.150000e-06	4.718403e-06	1.591142e-08	3.307501e+01	9.240552e+02
1.160000e-06	4.843494e-06	1.769886e-08	3.395187e+01	1.031759e+03
1.170000e-06	4.966903e-06	1.917696e-08	3.481694e+01	1.124008e+03
1.180000e-06	5.088546e-06	2.039225e-08	3.566963e+01	1.200721e+03
1.190000e-06	5.208301e-06	2.139642e-08	3.650909e+01	1.262900e+03
1.200000e-06	5.326131e-06	2.222729e-08	3.733505e+01	1.312447e+03
1.210000e-06	5.441960e-06	2.290887e-08	3.814699e+01	1.351807e+03
1.220000e-06	5.555653e-06	2.346378e-08	3.894396e+01	1.383532e+03
1.230000e-06	5.667245e-06	2.392100e-08	3.972619e+01	1.409856e+03
1.240000e-06	5.776880e-06	2.430282e-08	4.049471e+01	1.432416e+03
1.250000e-06	5.884533e-06	2.461909e-08	4.124933e+01	1.452165e+03
1.260000e-06	5.990039e-06	2.488064e-08	4.198891e+01	1.469472e+03
1.270000e-06	6.093387e-06	2.510510e-08	4.271335e+01	1.484377e+03
1.280000e-06	6.194535e-06	2.530346e-08	4.342238e+01	1.496859e+03
1.290000e-06	6.293428e-06	2.547400e-08	4.411560e+01	1.507053e+03
1.300000e-06	6.389987e-06	2.561805e-08	4.479246e+01	1.515332e+03
1.310000e-06	6.484256e-06	2.574558e-08	4.545327e+01	1.522254e+03
1.320000e-06	6.576310e-06	2.586227e-08	4.609854e+01	1.528408e+03
1.330000e-06	6.666047e-06	2.596312e-08	4.672758e+01	1.534246e+03
1.340000e-06	6.753427e-06	2.604731e-08	4.734009e+01	1.539973e+03
1.350000e-06	6.838469e-06	2.612613e-08	4.793622e+01	1.545535e+03
1.360000e-06	6.921137e-06	2.620333e-08	4.851571e+01	1.550704e+03
1.370000e-06	7.001306e-06	2.627180e-08	4.907768e+01	1.555229e+03
1.380000e-06	7.078920e-06	2.632763e-08	4.962174e+01	1.558975e+03
1.390000e-06	7.153891e-06	2.638048e-08	5.014726e+01	1.561995e+03
1.400000e-06	7.226161e-06	2.643536e-08	5.065386e+01	1.564516e+03
1.410000e-06	7.295903e-06	2.648622e-08	5.114274e+01	1.566848e+03
1.420000e-06	7.363104e-06	2.652759e-08	5.161380e+01	1.569253e+03
1.430000e-06	7.427616e-06	2.656478e-08	5.206602e+01	1.571849e+03
1.440000e-06	7.489591e-06	2.660243e-08	5.250045e+01	1.574571e+03
1.450000e-06	7.549039e-06	2.663568e-08	5.291717e+01	1.577213e+03
1.460000e-06	7.605728e-06	2.666207e-08	5.331454e+01	1.579536e+03
1.470000e-06	7.659567e-06	2.668718e-08	5.369195e+01	1.581374e+03
1.480000e-06	7.710292e-06	2.671502e-08	5.404752e+01	1.582713e+03
1.490000e-06	7.757905e-06	2.674067e-08	5.438128e+01	1.583694e+03
1.500000e-06	7.802813e-06	2.676027e-08	5.469608e+01	1.584550e+03
1.510000e-06	7.844946e-06	2.677664e-08	5.499142e+01	1.585505e+03
1.520000e-06	7.884196e-06	2.679402e-08	5.526655e+01	1.586679e+03
1.530000e-06	7.920797e-06	2.680911e-08	5.552312e+01	1.588037e+03
1.540000e-06	7.954655e-06	2.681892e-08	5.576045e+01	1.589415e+03
1.550000e-06	7.985654e-06	2.682729e-08	5.597775e+01	1.590595e+03
1.560000e-06	8.013900e-06	2.683745e-08	5.617574e+01	1.591403e+03
1.570000e-06	8.039279e-06	2.684776e-08	5.635365e+01	1.591791e+03
1.580000e-06	8.061773e-06	2.685467e-08	5.651133e+01	1.591853e+03
1.590000e-06	8.081490e-06	2.685723e-08	5.664954e+01	1.591788e+03
1.600000e-06	8.098318e-06	2.685859e-08	5.676750e+01	1.591808e+03
1.610000e-06	8.112135e-06	2.686071e-08	5.686436e+01	1.592047e+03
1.620000e-06	8.122842e-06	2.685981e-08	5.693941e+01	1.592504e+03
1.630000e-06	8.130500e-06	2.685619e-08	5.699309e+01	1.593045e+03
1.640000e-06	8.135381e-06	2.685502e-08	5.702730e+01	1.593460e+03
1.650000e-06	8.137406e-06	2.685511e-08	5.704150e+01	1.593563e+03
1.660000e-06	8.136611e-06	2.685183e-08	5.703593e+01	1.593266e+03
1.670000e-06	8.133254e-06	2.684697e-08	5.701239e+01	1.592624e+03
1.680000e-06	8.127173e-06	2.683639e-08	5.696977e+01	1.591805e+03
1.690000e-06	8.118378e-06	2.682216e-08	5.690811e+01	1.591019e+03
1.700000e-06	8.106875e-06	2.680829e-08	5.682748e+01	1.590425e+03
1.710000e-06	8.092493e-06	2.679173e-08	5.672667e+01	1.590060e+03
1.720000e-06	8.075509e-06	2.676825e-08	5.660761e+01	1.589820e+03
1.730000e-06	8.056275e-06	2.674283e-08	5.647279e+01	1.589509e+03
1.740000e-06	8.034416e-06	2.681543e-08	5.631956e+01	1.588920e+03
1.750000e-06	8.009128e-06	2.681133e-08	5.614229e+01	1.587928e+03
1.760000e-06	7.980130e-06	2.672517e-08	5.593902e+01	1.586542e+03
1.770000e-06	7.947908e-06	2.668534e-08	5.571316e+01	1.584906e+03
1.780000e-06	7.913121e-06	2.667336e-08	5.546931e+01	1.583238e+03
1.790000e-06	7.875877e-06	2.659670e-08	5.520823e+01	1.581737e+03
1.800000e-06	7.836368e-06	2.661932e-08	5.493129e+01	1.580502e+03
1.810000e-06	7.794638e-06	2.662531e-08	5.463876e+01	1.579485e+03
1.820000e-06	7.750252e-06	2.651349e-08	5.432763e+01	1.578518e+03
1.830000e-06	7.703164e-06	2.662739e-08	5.399755e+01	1.577379e+03
1.840000e-06	7.653176e-06	2.652718e-08	5.364715e+01	1.575887e+03
1.850000e-06	7.600189e-06	2.649149e-08	5.327572e+01	1.573977e+03
1.860000e-06	7.544388e-06	2.647085e-08	5.288456e+01	1.571723e+03
1.870000e-06	7.485801e-06	2.635684e-08	5.247388e+01	1.569303e+03
1.880000e-06	7.424572e-06	2.643976e-08	5.204468e+01	1.566922e+03
1.890000e-06	7.360591e-06	2.631064e-08	5.159619e+01	1.564723e+03
1.900000e-06	7.293894e-06	2.631770e-08	5.112866e+01	1.562727e+03
1.910000e-06	7.224445e-06	2.630221e-08	5.064184e+01	1.560827e+03
1.920000e-06	7.152184e-06	2.620958e-08	5.013530e+01	1.558833e+03
1.930000e-06	7.077293e-06	2.620843e-08	4.961033e+01	1.556559e+03
1.940000e-06	6.999636e-06	2.609761e-08	4.906597e+01	1.553900e+03
1.950000e-06	6.919305e-06	2.612272e-08	4.850287e+01	1.550876e+03
1.960000e-06	6.836507e-06	2.603643e-08	4.792247e+01	1.547620e+03
1.970000e-06	6.751258e-06	2.599452e-08	4.732489e+01	1.544321e+03
1.980000e-06	6.663543e-06	2.595544e-08	4.671003e+01	1.541136e+03
1.990000e-06	6.573495e-06	2.585445e-08	4.607881e+01	1.538127e+03
2.000000e-06	6.481246e-06	2.583804e-08	4.543216e+01	1.535235e+03
2.010000e-06	6.386618e-06	2.574394e-08	4.476885e+01	1.532304e+03
2.020000e-06	6.289682e-06	2.572427e-08	4.408934e+01	1.529154e+03
2.030000e-06	6.190486e-06	2.564769e-08	4.339400e+01	1.525658e+03
2.040000e-06	6.089054e-06	2.560001e-08	4.268298e+01	1.521796e+03
2.050000e-06	5.985467e-06	2.552530e-08	4.195686e+01	1.517661e+03
2.060000e-06	5.879780e-06	2.544849e-08	4.121602e+01	1.513416e+03
2.070000e-06	5.772062e-06	2.537828e-08	4.046093e+01	1.509221e+03
2.080000e-06	5.662231e-06	2.529635e-08	3.969105e+01	1.505159e+03
2.090000e-06	5.550312e-06	2.524113e-08	3.890651e+01	1.501202e+03
2.100000e-06	5.436189e-06	2.516163e-08	3.810654e+01	1.497222e+03
2.110000e-06	5.319937e-06	2.509655e-08	3.729164e+01	1.493049e+03
2.120000e-06	5.201640e-06	2.500249e-08	3.646240e+01	1.488545e+03
2.130000e-06	5.081357e-06	2.493134e-08	3.561924e+01	1.483665e+03
2.140000e-06	4.959281e-06	2.483184e-08	3.476351e+01	1.478475e+03
2.150000e-06	4.835434e-06	2.475734e-08	3.389537e+01	1.473117e+03
2.160000e-06	4.709779e-06	2.466808e-08	3.301456e+01	1.467749e+03
2.170000e-06	4.582384e-06	2.458264e-08	3.212154e+01	1.462466e+03
2.180000e-06	4.453433e-06	2.448521e-08	3.121763e+01	1.457259e+03
2.190000e-06	4.322967e-06	2.438430e-08	3.030309e+01	1.452017e+03
2.200000e-06	4.190968e-06	2.428842e-08	2.937780e+01	1.446576e+03
2.210000e-06	4.057409e-06	2.417917e-08	2.844158e+01	1.440793e+03
2.220000e-06	3.922409e-06	2.408216e-08	2.749526e+01	1.434610e+03
2.230000e-06	3.785993e-06	2.397517e-08	2.653901e+01	1.428080e+03
2.240000e-06	3.648136e-06	2.387696e-08	2.557267e+01	1.421344e+03
2.250000e-06	3.508857e-06	2.376035e-08	2.459635e+01	1.414565e+03
2.260000e-06	3.368302e-06	2.364296e-08	2.361109e+01	1.407854e+03
2.270000e-06	3.226482e-06	2.351857e-08	2.261696e+01	1.401212e+03
2.280000e-06	3.083355e-06	2.339670e-08	2.161367e+01	1.394528e+03
2.290000e-06	2.939128e-06	2.327173e-08	2.060267e+01	1.387623e+03
2.300000e-06	2.793923e-06	2.314576e-08	1.958481e+01	1.380332e+03
2.310000e-06	2.647787e-06	2.301604e-08	1.856043e+01	1.372574e+03
2.320000e-06	2.500581e-06	2.288539e-08	1.752854e+01	1.364394e+03
2.330000e-06	2.352447e-06	2.274863e-08	1.649016e+01	1.355940e+03
2.340000e-06	2.203661e-06	2.260477e-08	1.544720e+01	1.347401e+03
2.350000e-06	2.054122e-06	2.245744e-08	1.439896e+01	1.338914e+03
2.360000e-06	1.903747e-06	2.230793e-08	1.334487e+01	1.330498e+03
2.370000e-06	1.752695e-06	2.215707e-08	1.228603e+01	1.322038e+03
2.380000e-06	1.601068e-06	2.200064e-08	1.122315e+01	1.313326e+03
2.390000e-06	1.448894e-06	2.184190e-08	1.015644e+01	1.304155e+03
2.400000e-06	1.296237e-06	2.167649e-08	9.086350e+00	1.294409e+03
2.410000e-06	1.143155e-06	2.150890e-08	8.013277e+00	1.284118e+03
2.420000e-06	9.896633e-07	2.133380e-08	6.937331e+00	1.273454e+03
2.430000e-06	8.358094e-07	2.115611e-08	5.858847e+00	1.262650e+03
2.440000e-06	6.816314e-07	2.097621e-08	4.778093e+00	1.251891e+03
2.450000e-06	5.271530e-07	2.079324e-08	3.695231e+00	1.241217e+03
2.460000e-06	3.724846e-07	2.060165e-08	2.611039e+00	1.230485e+03
2.470000e-06	2.177181e-07	2.040157e-08	1.526158e+00	1.219408e+03
2.480000e-06	6.287019e-08	2.019570e-08	4.407067e-01	1.207666e+03
2.490000e-06	-9.203009e-08	1.998421e-08	-6.451115e-01	1.195040e+03
2.500000e-06	-2.468577e-07	1.976455e-08	-1.730421e+00	1.181507e+03
2.510000e-06	-4.015480e-07	1.953633e-08	-2.814767e+00	1.167256e+03
2.520000e-06	-5.560516e-07	1.930261e-08	-3.897805e+00	1.152611e+03
2.530000e-06	-7.103082e-07	1.906195e-08	-4.979111e+00	1.137879e+03
2.540000e-06	-8.642796e-07	1.881106e-08	-6.058418e+00	1.123188e+03
2.550000e-06	-1.017904e-06	1.854528e-08	-7.135290e+00	1.108390e+03
2.560000e-06	-1.171164e-06	1.826524e-08	-8.209609e+00	1.093068e+03
2.570000e-06	-1.324029e-06	1.797302e-08	-9.281162e+00	1.076656e+03
2.580000e-06	-1.476441e-06	1.766655e-08	-1.034954e+01	1.058623e+03
2.590000e-06	-1.628270e-06	1.734227e-08	-1.141383e+01	1.038653e+03
2.600000e-06	-1.779471e-06	1.699676e-08	-1.247371e+01	1.016721e+03
2.610000e-06	-1.930017e-06	1.662482e-08	-1.352901e+01	9.930176e+02
2.620000e-06	-2.079866e-06	1.621452e-08	-1.457942e+01	9.677210e+02
2.630000e-06	-2.228973e-06	1.575085e-08	-1.562463e+01	9.406873e+02
2.640000e-06	-2.377325e-06	1.522699e-08	-1.666455e+01	9.111528e+02
2.650000e-06	-2.524888e-06	1.463150e-08	-1.769893e+01	8.775717e+02
2.660000e-06	-2.671501e-06	1.393949e-08	-1.872665e+01	8.376636e+02
2.670000e-06	-2.817122e-06	1.311895e-08	-1.974743e+01	7.886872e+02
2.680000e-06	-2.961768e-06	1.213905e-08	-2.076137e+01	7.278826e+02
2.690000e-06	-3.105315e-06	1.095776e-08	-2.176761e+01	6.529697e+02
2.700000e-06	-3.247644e-06	9.516376e-09	-2.276530e+01	5.625764e+02
2.710000e-06	-3.388745e-06	7.760324e-09	-2.375439e+01	4.564918e+02
2.720000e-06	-3.528585e-06	5.677184e-09	-2.473463e+01	3.357016e+02
2.730000e-06	-3.667097e-06	3.354301e-09	-2.570558e+01	2.022278e+02
2.740000e-06	-3.804297e-06	9.285703e-10	-2.666732e+01	5.884939e+01
2.750000e-06	-3.940123e-06	-1.518485e-09	-2.761943e+01	-9.119934e+01
2.760000e-06	-4.074469e-06	-3.963554e-09	-2.856117e+01	-2.444774e+02
2.770000e-06	-4.207351e-06	-6.406319e-09	-2.949264e+01	-3.974981e+02
2.780000e-06	-4.338666e-06	-8.852874e-09	-3.041314e+01	-5.468233e+02
2.790000e-06	-4.468388e-06	-1.128957e-08	-3.132246e+01	-6.891425e+02
2.800000e-06	-4.596579e-06	-1.361902e-08	-3.222105e+01	-8.213980e+02
2.810000e-06	-4.723178e-06	-1.569776e-08	-3.310848e+01	-9.409803e+02
2.820000e-06	-4.848141e-06	-1.746275e-08	-3.398444e+01	-1.045980e+03
2.830000e-06	-4.971361e-06	-1.893245e-08	-3.484819e+01	-1.135429e+03
2.840000e-06	-5.092781e-06	-2.014377e-08	-3.569932e+01	-1.209444e+03
2.850000e-06	-5.212404e-06	-2.113513e-08	-3.653785e+01	-1.269208e+03
2.860000e-06	-5.330057e-06	-2.194901e-08	-3.736257e+01	-1.316748e+03
2.870000e-06	-5.445507e-06	-2.262167e-08	-3.817185e+01	-1.354563e+03
2.880000e-06	-5.558720e-06	-2.317812e-08	-3.896545e+01	-1.385174e+03
2.890000e-06	-5.669749e-06	-2.363725e-08	-3.974374e+01	-1.410726e+03
2.900000e-06	-5.778717e-06	-2.401909e-08	-4.050759e+01	-1.432735e+03
2.910000e-06	-5.885745e-06	-2.434102e-08	-4.125783e+01	-1.452034e+03
2.920000e-06	-5.990750e-06	-2.461213e-08	-4.199389e+01	-1.468916e+03
2.930000e-06	-6.093593e-06	-2.483898e-08	-4.271480e+01	-1.483388e+03
2.940000e-06	-6.194160e-06	-2.503279e-08	-4.341975e+01	-1.495445e+03
2.950000e-06	-6.292544e-06	-2.520439e-08	-4.410940e+01	-1.505263e+03
2.960000e-06	-6.388800e-06	-2.535511e-08	-4.478414e+01	-1.513257e+03
2.970000e-06	-6.482759e-06	-2.548749e-08	-4.544277e+01	-1.520001e+03
2.980000e-06	-6.574383e-06	-2.560590e-08	-4.608504e+01	-1.526072e+03
2.990000e-06	-6.663773e-06	-2.571379e-08	-4.671164e+01	-1.531884e+03
3.000000e-06	-6.750831e-06	-2.580945e-08	-4.732190e+01	-1.537593e+03
3.010000e-06	-6.835411e-06	-2.589221e-08	-4.791479e+01	-1.543104e+03
3.020000e-06	-6.917669e-06	-2.596519e-08	-4.849140e+01	-1.548176e+03
3.030000e-06	-6.997505e-06	-2.603177e-08	-4.905104e+01	-1.552568e+03
3.040000e-06	-7.074600e-06	-2.609311e-08	-4.959145e+01	-1.556175e+03
3.050000e-06	-7.148966e-06	-2.614954e-08	-5.011274e+01	-1.559086e+03
3.060000e-06	-7.220720e-06	-2.620395e-08	-5.061572e+01	-1.561551e+03
3.070000e-06	-7.289861e-06	-2.625683e-08	-5.110039e+01	-1.563880e+03
3.080000e-06	-7.356454e-06	-2.630558e-08	-5.156719e+01	-1.566317e+03
3.090000e-06	-7.420492e-06	-2.634916e-08	-5.201608e+01	-1.568946e+03
3.100000e-06	-7.481851e-06	-2.638857e-08	-5.244619e+01	-1.571671e+03
3.110000e-06	-7.540522e-06	-2.642618e-08	-5.285747e+01	-1.574274e+03
3.120000e-06	-7.596472e-06	-2.645848e-08	-5.324966e+01	-1.576519e+03
3.130000e-06	-7.649545e-06	-2.648675e-08	-5.362169e+01	-1.578265e+03
3.140000e-06	-7.699620e-06	-2.651461e-08	-5.397271e+01	-1.579527e+03
3.150000e-06	-7.746672e-06	-2.654220e-08	-5.430254e+01	-1.580468e+03
3.160000e-06	-7.791016e-06	-2.656789e-08	-5.461338e+01	-1.581328e+03
3.170000e-06	-7.832872e-06	-2.658953e-08	-5.490678e+01	-1.582318e+03
3.180000e-06	-7.872029e-06	-2.660954e-08	-5.518126e+01	-1.583533e+03
3.190000e-06	-7.908428e-06	-2.663227e-08	-5.543641e+01	-1.584910e+03
3.200000e-06	-7.942081e-06	-2.665407e-08	-5.567231e+01	-1.586269e+03
3.210000e-06	-7.972802e-06	-2.666919e-08	-5.588766e+01	-1.587393e+03
3.220000e-06	-8.000604e-06	-2.667908e-08	-5.608255e+01	-1.588126e+03
3.230000e-06	-8.025638e-06	-2.668838e-08	-5.625803e+01	-1.588445e+03
3.240000e-06	-8.047816e-06	-2.669761e-08	-5.641349e+01	-1.588469e+03
3.250000e-06	-8.067192e-06	-2.670388e-08	-5.654931e+01	-1.588406e+03
3.260000e-06	-8.083820e-06	-2.671098e-08	-5.666587e+01	-1.588459e+03
3.270000e-06	-8.097326e-06	-2.672089e-08	-5.676055e+01	-1.588742e+03
3.280000e-06	-8.107702e-06	-2.673106e-08	-5.683328e+01	-1.589228e+03
3.290000e-06	-8.115208e-06	-2.673603e-08	-5.688590e+01	-1.589763e+03
3.300000e-06	-8.119803e-06	-2.673796e-08	-5.691810e+01	-1.590135e+03
3.310000e-06	-8.121601e-06	-2.674071e-08	-5.693071e+01	-1.590169e+03
