# Temperatura_=_48.32
# Concentracion g/m^3_=_20000.0
# C_Vs_to_Am_M_A/Vsm_=_59384043850.047264
# pendiente_HvsI_1/m_=_3716.3
# ordenada_HvsI_A/m_=_1297.0
# frecuencia_Hz_=_301664.31575554004

Tiempo_(s)	Campo_(V.s)	Magnetizacion_(V.s)	Campo_(kA/m)	Magnetizacion_(A/m)
0.000000e+00	-8.038940e-06	-2.682175e-08	-5.684801e+01	-1.593017e+03
1.000000e-08	-8.035703e-06	-2.682017e-08	-5.682511e+01	-1.593110e+03
2.000000e-08	-8.029782e-06	-2.681800e-08	-5.678324e+01	-1.593219e+03
3.000000e-08	-8.021311e-06	-2.681127e-08	-5.672334e+01	-1.593178e+03
4.000000e-08	-8.010030e-06	-2.680585e-08	-5.664357e+01	-1.592858e+03
5.000000e-08	-7.995724e-06	-2.680073e-08	-5.654240e+01	-1.592225e+03
6.000000e-08	-7.978524e-06	-2.679794e-08	-5.642077e+01	-1.591350e+03
7.000000e-08	-7.958873e-06	-2.680185e-08	-5.628181e+01	-1.590377e+03
8.000000e-08	-7.936794e-06	-2.676448e-08	-5.612567e+01	-1.589455e+03
9.000000e-08	-7.911683e-06	-2.671587e-08	-5.594810e+01	-1.588674e+03
1.000000e-07	-7.883317e-06	-2.672521e-08	-5.574751e+01	-1.588023e+03
1.100000e-07	-7.852008e-06	-2.675088e-08	-5.552610e+01	-1.587398e+03
1.200000e-07	-7.817888e-06	-2.674445e-08	-5.528482e+01	-1.586647e+03
1.300000e-07	-7.781155e-06	-2.669756e-08	-5.502506e+01	-1.585642e+03
1.400000e-07	-7.742227e-06	-2.669085e-08	-5.474978e+01	-1.584334e+03
1.500000e-07	-7.701104e-06	-2.668847e-08	-5.445897e+01	-1.582777e+03
1.600000e-07	-7.657339e-06	-2.663116e-08	-5.414948e+01	-1.581100e+03
1.700000e-07	-7.610772e-06	-2.661801e-08	-5.382018e+01	-1.579454e+03
1.800000e-07	-7.561445e-06	-2.655603e-08	-5.347136e+01	-1.577937e+03
1.900000e-07	-7.509027e-06	-2.656329e-08	-5.310068e+01	-1.576556e+03
2.000000e-07	-7.453720e-06	-2.659636e-08	-5.270958e+01	-1.575215e+03
2.100000e-07	-7.395755e-06	-2.650971e-08	-5.229968e+01	-1.573764e+03
2.200000e-07	-7.335148e-06	-2.647203e-08	-5.187108e+01	-1.572059e+03
2.300000e-07	-7.272029e-06	-2.643596e-08	-5.142473e+01	-1.570028e+03
2.400000e-07	-7.206059e-06	-2.644338e-08	-5.095822e+01	-1.567705e+03
2.500000e-07	-7.137328e-06	-2.638757e-08	-5.047219e+01	-1.565209e+03
2.600000e-07	-7.066081e-06	-2.630973e-08	-4.996836e+01	-1.562695e+03
2.700000e-07	-6.992032e-06	-2.631587e-08	-4.944472e+01	-1.560283e+03
2.800000e-07	-6.915184e-06	-2.630660e-08	-4.890128e+01	-1.558000e+03
2.900000e-07	-6.835651e-06	-2.624854e-08	-4.833885e+01	-1.555767e+03
3.000000e-07	-6.753592e-06	-2.614257e-08	-4.775857e+01	-1.553436e+03
3.100000e-07	-6.669258e-06	-2.612593e-08	-4.716219e+01	-1.550850e+03
3.200000e-07	-6.582618e-06	-2.611603e-08	-4.654951e+01	-1.547916e+03
3.300000e-07	-6.493643e-06	-2.604915e-08	-4.592031e+01	-1.544648e+03
3.400000e-07	-6.402374e-06	-2.597858e-08	-4.527490e+01	-1.541163e+03
3.500000e-07	-6.308875e-06	-2.593173e-08	-4.461371e+01	-1.537629e+03
3.600000e-07	-6.213081e-06	-2.591226e-08	-4.393630e+01	-1.534191e+03
3.700000e-07	-6.114931e-06	-2.584046e-08	-4.324223e+01	-1.530904e+03
3.800000e-07	-6.014604e-06	-2.574625e-08	-4.253275e+01	-1.527707e+03
3.900000e-07	-5.912180e-06	-2.568334e-08	-4.180845e+01	-1.524442e+03
4.000000e-07	-5.807598e-06	-2.566147e-08	-4.106890e+01	-1.520921e+03
4.100000e-07	-5.700856e-06	-2.560668e-08	-4.031406e+01	-1.517009e+03
4.200000e-07	-5.592098e-06	-2.550647e-08	-3.954497e+01	-1.512680e+03
4.300000e-07	-5.481433e-06	-2.543080e-08	-3.876239e+01	-1.508028e+03
4.400000e-07	-5.368730e-06	-2.538240e-08	-3.796541e+01	-1.503233e+03
4.500000e-07	-5.253800e-06	-2.530995e-08	-3.715267e+01	-1.498475e+03
4.600000e-07	-5.136694e-06	-2.519898e-08	-3.632454e+01	-1.493857e+03
4.700000e-07	-5.017728e-06	-2.511522e-08	-3.548327e+01	-1.489360e+03
4.800000e-07	-4.897005e-06	-2.506699e-08	-3.462956e+01	-1.484841e+03
4.900000e-07	-4.774453e-06	-2.499989e-08	-3.376293e+01	-1.480099e+03
5.000000e-07	-4.650125e-06	-2.488515e-08	-3.288373e+01	-1.474957e+03
5.100000e-07	-4.524157e-06	-2.477680e-08	-3.199294e+01	-1.469342e+03
5.200000e-07	-4.396673e-06	-2.470207e-08	-3.109143e+01	-1.463313e+03
5.300000e-07	-4.267616e-06	-2.461886e-08	-3.017879e+01	-1.457037e+03
5.400000e-07	-4.136874e-06	-2.449732e-08	-2.925424e+01	-1.450715e+03
5.500000e-07	-4.004594e-06	-2.438028e-08	-2.831881e+01	-1.444487e+03
5.600000e-07	-3.870949e-06	-2.429954e-08	-2.737372e+01	-1.438367e+03
5.700000e-07	-3.735891e-06	-2.421116e-08	-2.641865e+01	-1.432230e+03
5.800000e-07	-3.599462e-06	-2.407969e-08	-2.545388e+01	-1.425856e+03
5.900000e-07	-3.461765e-06	-2.393794e-08	-2.448014e+01	-1.419027e+03
6.000000e-07	-3.322724e-06	-2.383210e-08	-2.349691e+01	-1.411619e+03
6.100000e-07	-3.182221e-06	-2.372889e-08	-2.250333e+01	-1.403654e+03
6.200000e-07	-3.040363e-06	-2.358682e-08	-2.150017e+01	-1.395294e+03
6.300000e-07	-2.897370e-06	-2.342937e-08	-2.048898e+01	-1.386772e+03
6.400000e-07	-2.753352e-06	-2.330207e-08	-1.947055e+01	-1.378283e+03
6.500000e-07	-2.608342e-06	-2.318079e-08	-1.844510e+01	-1.369899e+03
6.600000e-07	-2.462254e-06	-2.302246e-08	-1.741203e+01	-1.361525e+03
6.700000e-07	-2.315261e-06	-2.284787e-08	-1.637256e+01	-1.352933e+03
6.800000e-07	-2.167569e-06	-2.269933e-08	-1.532814e+01	-1.343856e+03
6.900000e-07	-2.019145e-06	-2.256243e-08	-1.427854e+01	-1.334100e+03
7.000000e-07	-1.870016e-06	-2.239153e-08	-1.322397e+01	-1.323626e+03
7.100000e-07	-1.720236e-06	-2.219543e-08	-1.216479e+01	-1.312570e+03
7.200000e-07	-1.569882e-06	-2.201255e-08	-1.110155e+01	-1.301181e+03
7.300000e-07	-1.419066e-06	-2.184395e-08	-1.003504e+01	-1.289705e+03
7.400000e-07	-1.267819e-06	-2.164933e-08	-8.965484e+00	-1.278268e+03
7.500000e-07	-1.116096e-06	-2.143170e-08	-7.892563e+00	-1.266806e+03
7.600000e-07	-9.639867e-07	-2.122497e-08	-6.816909e+00	-1.255073e+03
7.700000e-07	-8.115333e-07	-2.103138e-08	-5.738823e+00	-1.242734e+03
7.800000e-07	-6.587305e-07	-2.081375e-08	-4.658265e+00	-1.229499e+03
7.900000e-07	-5.056874e-07	-2.056212e-08	-3.576009e+00	-1.215243e+03
8.000000e-07	-3.525002e-07	-2.031271e-08	-2.492734e+00	-1.200052e+03
8.100000e-07	-1.991363e-07	-2.007117e-08	-1.408208e+00	-1.184172e+03
8.200000e-07	-4.564910e-08	-1.981112e-08	-3.228112e-01	-1.167883e+03
8.300000e-07	1.078233e-07	-1.951629e-08	7.624810e-01	-1.151329e+03
8.400000e-07	2.612496e-07	-1.921536e-08	1.847447e+00	-1.134403e+03
8.500000e-07	4.145776e-07	-1.891784e-08	2.931719e+00	-1.116730e+03
8.600000e-07	5.677542e-07	-1.859453e-08	4.014919e+00	-1.097757e+03
8.700000e-07	7.207146e-07	-1.822744e-08	5.096591e+00	-1.076945e+03
8.800000e-07	8.733739e-07	-1.783693e-08	6.176133e+00	-1.053961e+03
8.900000e-07	1.025669e-06	-1.744230e-08	7.253100e+00	-1.028788e+03
9.000000e-07	1.177552e-06	-1.702011e-08	8.327155e+00	-1.001693e+03
9.100000e-07	1.329013e-06	-1.654646e-08	9.398223e+00	-9.730282e+02
9.200000e-07	1.480082e-06	-1.602662e-08	1.046652e+01	-9.429088e+02
9.300000e-07	1.630711e-06	-1.547077e-08	1.153170e+01	-9.108844e+02
9.400000e-07	1.780845e-06	-1.484886e-08	1.259338e+01	-8.757087e+02
9.500000e-07	1.930314e-06	-1.412207e-08	1.365037e+01	-8.353129e+02
9.600000e-07	2.079024e-06	-1.327621e-08	1.470198e+01	-7.870172e+02
9.700000e-07	2.226971e-06	-1.229920e-08	1.574820e+01	-7.279448e+02
9.800000e-07	2.374099e-06	-1.113841e-08	1.678863e+01	-6.555375e+02
9.900000e-07	2.520418e-06	-9.718324e-09	1.782334e+01	-5.680395e+02
1.000000e-06	2.665823e-06	-7.984332e-09	1.885158e+01	-4.648329e+02
1.010000e-06	2.810218e-06	-5.907210e-09	1.987268e+01	-3.465536e+02
1.020000e-06	2.953646e-06	-3.533193e-09	2.088695e+01	-2.149900e+02
1.030000e-06	3.096034e-06	-1.017599e-09	2.189386e+01	-7.282370e+01
1.040000e-06	3.237207e-06	1.501272e-09	2.289217e+01	7.669167e+01
1.050000e-06	3.377043e-06	4.006548e-09	2.388103e+01	2.300260e+02
1.060000e-06	3.515525e-06	6.523453e-09	2.486031e+01	3.835891e+02
1.070000e-06	3.652707e-06	9.054289e-09	2.583041e+01	5.338667e+02
1.080000e-06	3.788582e-06	1.156609e-08	2.679126e+01	6.775165e+02
1.090000e-06	3.923080e-06	1.394760e-08	2.774238e+01	8.114789e+02
1.100000e-06	4.056128e-06	1.604903e-08	2.868323e+01	9.331404e+02
1.110000e-06	4.187706e-06	1.782236e-08	2.961370e+01	1.040549e+03
1.120000e-06	4.317789e-06	1.930475e-08	3.053359e+01	1.132631e+03
1.130000e-06	4.446316e-06	2.052792e-08	3.144248e+01	1.209340e+03
1.140000e-06	4.573336e-06	2.153144e-08	3.234071e+01	1.271663e+03
1.150000e-06	4.698862e-06	2.236168e-08	3.322838e+01	1.321440e+03
1.160000e-06	4.822680e-06	2.305281e-08	3.410397e+01	1.361036e+03
1.170000e-06	4.944763e-06	2.361658e-08	3.496729e+01	1.392918e+03
1.180000e-06	5.065106e-06	2.406880e-08	3.581830e+01	1.419259e+03
1.190000e-06	5.183545e-06	2.444136e-08	3.665586e+01	1.441660e+03
1.200000e-06	5.299959e-06	2.475700e-08	3.747908e+01	1.461070e+03
1.210000e-06	5.414301e-06	2.501965e-08	3.828766e+01	1.477877e+03
1.220000e-06	5.526625e-06	2.523306e-08	3.908197e+01	1.492152e+03
1.230000e-06	5.636990e-06	2.541412e-08	3.986243e+01	1.503908e+03
1.240000e-06	5.745363e-06	2.557284e-08	4.062879e+01	1.513315e+03
1.250000e-06	5.851631e-06	2.570907e-08	4.138028e+01	1.520778e+03
1.260000e-06	5.955825e-06	2.582038e-08	4.211709e+01	1.526885e+03
1.270000e-06	6.057893e-06	2.591612e-08	4.283887e+01	1.532257e+03
1.280000e-06	6.157731e-06	2.600731e-08	4.354489e+01	1.537381e+03
1.290000e-06	6.255299e-06	2.609314e-08	4.423485e+01	1.542487e+03
1.300000e-06	6.350602e-06	2.616682e-08	4.490879e+01	1.547536e+03
1.310000e-06	6.443706e-06	2.623032e-08	4.556718e+01	1.552301e+03
1.320000e-06	6.534524e-06	2.629111e-08	4.620941e+01	1.556516e+03
1.330000e-06	6.623014e-06	2.634743e-08	4.683517e+01	1.560017e+03
1.340000e-06	6.709285e-06	2.639715e-08	4.744524e+01	1.562827e+03
1.350000e-06	6.793269e-06	2.644209e-08	4.803915e+01	1.565154e+03
1.360000e-06	6.874864e-06	2.648663e-08	4.861615e+01	1.567299e+03
1.370000e-06	6.954017e-06	2.653206e-08	4.917589e+01	1.569541e+03
1.380000e-06	7.030519e-06	2.657194e-08	4.971688e+01	1.572020e+03
1.390000e-06	7.104329e-06	2.660463e-08	5.023883e+01	1.574697e+03
1.400000e-06	7.175620e-06	2.663599e-08	5.074297e+01	1.577385e+03
1.410000e-06	7.244416e-06	2.667024e-08	5.122947e+01	1.579839e+03
1.420000e-06	7.310582e-06	2.670433e-08	5.169736e+01	1.581873e+03
1.430000e-06	7.374120e-06	2.673103e-08	5.214668e+01	1.583436e+03
1.440000e-06	7.435169e-06	2.675572e-08	5.257839e+01	1.584631e+03
1.450000e-06	7.493651e-06	2.678210e-08	5.299196e+01	1.585666e+03
1.460000e-06	7.549403e-06	2.680566e-08	5.338621e+01	1.586762e+03
1.470000e-06	7.602176e-06	2.682211e-08	5.375940e+01	1.588056e+03
1.480000e-06	7.651800e-06	2.683653e-08	5.411031e+01	1.589549e+03
1.490000e-06	7.698479e-06	2.685489e-08	5.444041e+01	1.591110e+03
1.500000e-06	7.742457e-06	2.687346e-08	5.475140e+01	1.592544e+03
1.510000e-06	7.783678e-06	2.688589e-08	5.504290e+01	1.593679e+03
1.520000e-06	7.822079e-06	2.689506e-08	5.531446e+01	1.594441e+03
1.530000e-06	7.857805e-06	2.690615e-08	5.556710e+01	1.594890e+03
1.540000e-06	7.890806e-06	2.691857e-08	5.580047e+01	1.595183e+03
1.550000e-06	7.921067e-06	2.692654e-08	5.601446e+01	1.595512e+03
1.560000e-06	7.948574e-06	2.693079e-08	5.620897e+01	1.596010e+03
1.570000e-06	7.973166e-06	2.693646e-08	5.638288e+01	1.596703e+03
1.580000e-06	7.994957e-06	2.694225e-08	5.653698e+01	1.597494e+03
1.590000e-06	8.014078e-06	2.694568e-08	5.667219e+01	1.598213e+03
1.600000e-06	8.030298e-06	2.694519e-08	5.678690e+01	1.598695e+03
1.610000e-06	8.043462e-06	2.694551e-08	5.687999e+01	1.598848e+03
1.620000e-06	8.053525e-06	2.694766e-08	5.695115e+01	1.598697e+03
1.630000e-06	8.060571e-06	2.694776e-08	5.700097e+01	1.598370e+03
1.640000e-06	8.064858e-06	2.694343e-08	5.703129e+01	1.598039e+03
1.650000e-06	8.066302e-06	2.693690e-08	5.704150e+01	1.597844e+03
1.660000e-06	8.064935e-06	2.693777e-08	5.703184e+01	1.597835e+03
1.670000e-06	8.060940e-06	2.693517e-08	5.700358e+01	1.597947e+03
1.680000e-06	8.054220e-06	2.692552e-08	5.695606e+01	1.598034e+03
1.690000e-06	8.044883e-06	2.691416e-08	5.689004e+01	1.597932e+03
1.700000e-06	8.032859e-06	2.690452e-08	5.680501e+01	1.597533e+03
1.710000e-06	8.018004e-06	2.689351e-08	5.669996e+01	1.596830e+03
1.720000e-06	8.000648e-06	2.687099e-08	5.657722e+01	1.595915e+03
1.730000e-06	7.981024e-06	2.687781e-08	5.643845e+01	1.594942e+03
1.740000e-06	7.958715e-06	2.691516e-08	5.628069e+01	1.594050e+03
1.750000e-06	7.932998e-06	2.688432e-08	5.609883e+01	1.593307e+03
1.760000e-06	7.903574e-06	2.682249e-08	5.589076e+01	1.592675e+03
1.770000e-06	7.870986e-06	2.679156e-08	5.566031e+01	1.592033e+03
1.780000e-06	7.835927e-06	2.678085e-08	5.541239e+01	1.591228e+03
1.790000e-06	7.798308e-06	2.673324e-08	5.514636e+01	1.590148e+03
1.800000e-06	7.758543e-06	2.676920e-08	5.486516e+01	1.588769e+03
1.810000e-06	7.716779e-06	2.672309e-08	5.456982e+01	1.587168e+03
1.820000e-06	7.672338e-06	2.666978e-08	5.425555e+01	1.585485e+03
1.830000e-06	7.625245e-06	2.673667e-08	5.392253e+01	1.583865e+03
1.840000e-06	7.575273e-06	2.662138e-08	5.356915e+01	1.582387e+03
1.850000e-06	7.522069e-06	2.661082e-08	5.319292e+01	1.581027e+03
1.860000e-06	7.466076e-06	2.656895e-08	5.279695e+01	1.579674e+03
1.870000e-06	7.407484e-06	2.653937e-08	5.238262e+01	1.578171e+03
1.880000e-06	7.346306e-06	2.656496e-08	5.194999e+01	1.576387e+03
1.890000e-06	7.282463e-06	2.644867e-08	5.149852e+01	1.574276e+03
1.900000e-06	7.215867e-06	2.646447e-08	5.102758e+01	1.571896e+03
1.910000e-06	7.146509e-06	2.641505e-08	5.053711e+01	1.569381e+03
1.920000e-06	7.074354e-06	2.635306e-08	5.002686e+01	1.566885e+03
1.930000e-06	6.999642e-06	2.630839e-08	4.949852e+01	1.564507e+03
1.940000e-06	6.922162e-06	2.625039e-08	4.895062e+01	1.562247e+03
1.950000e-06	6.842000e-06	2.627371e-08	4.838375e+01	1.560005e+03
1.960000e-06	6.759504e-06	2.618754e-08	4.780038e+01	1.557624e+03
1.970000e-06	6.674581e-06	2.615083e-08	4.719983e+01	1.554955e+03
1.980000e-06	6.587139e-06	2.608426e-08	4.658148e+01	1.551932e+03
1.990000e-06	6.497294e-06	2.602543e-08	4.594613e+01	1.548596e+03
2.000000e-06	6.405338e-06	2.598067e-08	4.529586e+01	1.545083e+03
2.010000e-06	6.311098e-06	2.589668e-08	4.462943e+01	1.541561e+03
2.020000e-06	6.214526e-06	2.587208e-08	4.394652e+01	1.538160e+03
2.030000e-06	6.115799e-06	2.581227e-08	4.324836e+01	1.534907e+03
2.040000e-06	6.014878e-06	2.577312e-08	4.253469e+01	1.531710e+03
2.050000e-06	5.911731e-06	2.567896e-08	4.180528e+01	1.528398e+03
2.060000e-06	5.806412e-06	2.561078e-08	4.106050e+01	1.524789e+03
2.070000e-06	5.699109e-06	2.554664e-08	4.030170e+01	1.520770e+03
2.080000e-06	5.589784e-06	2.547484e-08	3.952860e+01	1.516346e+03
2.090000e-06	5.478418e-06	2.539651e-08	3.874107e+01	1.511641e+03
2.100000e-06	5.364952e-06	2.531551e-08	3.793869e+01	1.506839e+03
2.110000e-06	5.249353e-06	2.525933e-08	3.712122e+01	1.502111e+03
2.120000e-06	5.131698e-06	2.517380e-08	3.628921e+01	1.497531e+03
2.130000e-06	5.012027e-06	2.508190e-08	3.544295e+01	1.493045e+03
2.140000e-06	4.890522e-06	2.497765e-08	3.458372e+01	1.488489e+03
2.150000e-06	4.767320e-06	2.490662e-08	3.371248e+01	1.483661e+03
2.160000e-06	4.642453e-06	2.482052e-08	3.282948e+01	1.478403e+03
2.170000e-06	4.515871e-06	2.472669e-08	3.193434e+01	1.472674e+03
2.180000e-06	4.387645e-06	2.462424e-08	3.102758e+01	1.466565e+03
2.190000e-06	4.257866e-06	2.453418e-08	3.010984e+01	1.460259e+03
2.200000e-06	4.126652e-06	2.443183e-08	2.918195e+01	1.453951e+03
2.210000e-06	3.994044e-06	2.430813e-08	2.824420e+01	1.447755e+03
2.220000e-06	3.859986e-06	2.418769e-08	2.729620e+01	1.441647e+03
2.230000e-06	3.724454e-06	2.408235e-08	2.633778e+01	1.435473e+03
2.240000e-06	3.587476e-06	2.398276e-08	2.536912e+01	1.429004e+03
2.250000e-06	3.449188e-06	2.385666e-08	2.439121e+01	1.422037e+03
2.260000e-06	3.309654e-06	2.372613e-08	2.340449e+01	1.414481e+03
2.270000e-06	3.168872e-06	2.359490e-08	2.240893e+01	1.406397e+03
2.280000e-06	3.026835e-06	2.346456e-08	2.140451e+01	1.397975e+03
2.290000e-06	2.883729e-06	2.331446e-08	2.039252e+01	1.389446e+03
2.300000e-06	2.739569e-06	2.316426e-08	1.937308e+01	1.380984e+03
2.310000e-06	2.594298e-06	2.302138e-08	1.834578e+01	1.372617e+03
2.320000e-06	2.448151e-06	2.288349e-08	1.731230e+01	1.364214e+03
2.330000e-06	2.301250e-06	2.272969e-08	1.627348e+01	1.355524e+03
2.340000e-06	2.153566e-06	2.255933e-08	1.522911e+01	1.346291e+03
2.350000e-06	2.005138e-06	2.238938e-08	1.417949e+01	1.336351e+03
2.360000e-06	1.856001e-06	2.222088e-08	1.312486e+01	1.325713e+03
2.370000e-06	1.706191e-06	2.204134e-08	1.206546e+01	1.314549e+03
2.380000e-06	1.555834e-06	2.184748e-08	1.100221e+01	1.303118e+03
2.390000e-06	1.404940e-06	2.165521e-08	9.935147e+00	1.291647e+03
2.400000e-06	1.253515e-06	2.146400e-08	8.864333e+00	1.280217e+03
2.410000e-06	1.101626e-06	2.126153e-08	7.790237e+00	1.268716e+03
2.420000e-06	9.492090e-07	2.104117e-08	6.712407e+00	1.256863e+03
2.430000e-06	7.963698e-07	2.081809e-08	5.631593e+00	1.244323e+03
2.440000e-06	6.432884e-07	2.059464e-08	4.549065e+00	1.230837e+03
2.450000e-06	4.900071e-07	2.036214e-08	3.465124e+00	1.216331e+03
2.460000e-06	3.365449e-07	2.010738e-08	2.379904e+00	1.200940e+03
2.470000e-06	1.829393e-07	1.984340e-08	1.293670e+00	1.184935e+03
2.480000e-06	2.926330e-08	1.957764e-08	2.069378e-01	1.168574e+03
2.490000e-06	-1.244019e-07	1.929850e-08	-8.797182e-01	1.151948e+03
2.500000e-06	-2.779917e-07	1.899456e-08	-1.965840e+00	1.134880e+03
2.510000e-06	-4.314476e-07	1.866990e-08	-3.051016e+00	1.116936e+03
2.520000e-06	-5.846766e-07	1.833319e-08	-4.134587e+00	1.097550e+03
2.530000e-06	-7.377131e-07	1.797332e-08	-5.216797e+00	1.076215e+03
2.540000e-06	-8.904994e-07	1.758315e-08	-6.297238e+00	1.052672e+03
2.550000e-06	-1.042849e-06	1.716781e-08	-7.374588e+00	1.026985e+03
2.560000e-06	-1.194679e-06	1.673167e-08	-8.448266e+00	9.994685e+02
2.570000e-06	-1.345987e-06	1.626250e-08	-9.518254e+00	9.704458e+02
2.580000e-06	-1.496764e-06	1.574399e-08	-1.058449e+01	9.399209e+02
2.590000e-06	-1.647031e-06	1.516702e-08	-1.164711e+01	9.072589e+02
2.600000e-06	-1.796755e-06	1.452383e-08	-1.270590e+01	8.710015e+02
2.610000e-06	-1.945849e-06	1.379304e-08	-1.376023e+01	8.288979e+02
2.620000e-06	-2.094274e-06	1.293960e-08	-1.480983e+01	7.781743e+02
2.630000e-06	-2.241946e-06	1.192916e-08	-1.585410e+01	7.159843e+02
2.640000e-06	-2.388855e-06	1.072621e-08	-1.689298e+01	6.399286e+02
2.650000e-06	-2.534972e-06	9.275796e-09	-1.792626e+01	5.485126e+02
2.660000e-06	-2.680205e-06	7.512381e-09	-1.895328e+01	4.414299e+02
2.670000e-06	-2.824402e-06	5.404213e-09	-1.997299e+01	3.196217e+02
2.680000e-06	-2.967454e-06	3.048262e-09	-2.098459e+01	1.851281e+02
2.690000e-06	-3.109376e-06	6.074596e-10	-2.198820e+01	4.080425e+01
2.700000e-06	-3.250182e-06	-1.840894e-09	-2.298392e+01	-1.100022e+02
2.710000e-06	-3.389786e-06	-4.287994e-09	-2.397115e+01	-2.637291e+02
2.720000e-06	-3.528078e-06	-6.734789e-09	-2.494909e+01	-4.167951e+02
2.730000e-06	-3.664959e-06	-9.182844e-09	-2.591705e+01	-5.657203e+02
2.740000e-06	-3.800386e-06	-1.161770e-08	-2.687473e+01	-7.072209e+02
2.750000e-06	-3.934435e-06	-1.394092e-08	-2.782267e+01	-8.383312e+02
2.760000e-06	-4.067109e-06	-1.599672e-08	-2.876089e+01	-9.565816e+02
2.770000e-06	-4.198378e-06	-1.772279e-08	-2.968916e+01	-1.060220e+03
2.780000e-06	-4.328203e-06	-1.915741e-08	-3.060723e+01	-1.148422e+03
2.790000e-06	-4.456508e-06	-2.035096e-08	-3.151455e+01	-1.221405e+03
2.800000e-06	-4.583198e-06	-2.134006e-08	-3.241045e+01	-1.280391e+03
2.810000e-06	-4.708308e-06	-2.215203e-08	-3.329518e+01	-1.327390e+03
2.820000e-06	-4.831800e-06	-2.281772e-08	-3.416846e+01	-1.364831e+03
2.830000e-06	-4.953490e-06	-2.336675e-08	-3.502900e+01	-1.395143e+03
2.840000e-06	-5.073271e-06	-2.381947e-08	-3.587604e+01	-1.420375e+03
2.850000e-06	-5.191123e-06	-2.419050e-08	-3.670944e+01	-1.441964e+03
2.860000e-06	-5.306993e-06	-2.449685e-08	-3.752882e+01	-1.460704e+03
2.870000e-06	-5.420708e-06	-2.475521e-08	-3.833297e+01	-1.476878e+03
2.880000e-06	-5.532227e-06	-2.497428e-08	-3.912158e+01	-1.490519e+03
2.890000e-06	-5.641705e-06	-2.515531e-08	-3.989577e+01	-1.501663e+03
2.900000e-06	-5.749235e-06	-2.530714e-08	-4.065618e+01	-1.510537e+03
2.910000e-06	-5.854795e-06	-2.544264e-08	-4.140265e+01	-1.517601e+03
2.920000e-06	-5.958227e-06	-2.556385e-08	-4.213408e+01	-1.523468e+03
2.930000e-06	-6.059425e-06	-2.566759e-08	-4.284971e+01	-1.528742e+03
2.940000e-06	-6.158467e-06	-2.575695e-08	-4.355009e+01	-1.533851e+03
2.950000e-06	-6.255429e-06	-2.583899e-08	-4.423577e+01	-1.538955e+03
2.960000e-06	-6.350231e-06	-2.591386e-08	-4.490617e+01	-1.543959e+03
2.970000e-06	-6.442775e-06	-2.597995e-08	-4.556060e+01	-1.548610e+03
2.980000e-06	-6.533088e-06	-2.603976e-08	-4.619925e+01	-1.552655e+03
2.990000e-06	-6.621116e-06	-2.609774e-08	-4.682175e+01	-1.555973e+03
3.000000e-06	-6.706733e-06	-2.615442e-08	-4.742720e+01	-1.558638e+03
3.010000e-06	-6.789933e-06	-2.620665e-08	-4.801556e+01	-1.560889e+03
3.020000e-06	-6.870812e-06	-2.625354e-08	-4.858750e+01	-1.563037e+03
3.030000e-06	-6.949127e-06	-2.629856e-08	-4.914131e+01	-1.565331e+03
3.040000e-06	-7.024724e-06	-2.634290e-08	-4.967590e+01	-1.567871e+03
3.050000e-06	-7.097724e-06	-2.638104e-08	-5.019212e+01	-1.570572e+03
3.060000e-06	-7.168118e-06	-2.641336e-08	-5.068992e+01	-1.573224e+03
3.070000e-06	-7.235893e-06	-2.644641e-08	-5.116919e+01	-1.575586e+03
3.080000e-06	-7.301126e-06	-2.648112e-08	-5.163050e+01	-1.577501e+03
3.090000e-06	-7.363819e-06	-2.651428e-08	-5.207383e+01	-1.578956e+03
3.100000e-06	-7.423901e-06	-2.654233e-08	-5.249871e+01	-1.580089e+03
3.110000e-06	-7.481298e-06	-2.656844e-08	-5.290460e+01	-1.581121e+03
3.120000e-06	-7.535911e-06	-2.659557e-08	-5.329080e+01	-1.582259e+03
3.130000e-06	-7.587619e-06	-2.662134e-08	-5.365645e+01	-1.583608e+03
3.140000e-06	-7.636216e-06	-2.664364e-08	-5.400011e+01	-1.585134e+03
3.150000e-06	-7.681933e-06	-2.666266e-08	-5.432340e+01	-1.586683e+03
3.160000e-06	-7.725182e-06	-2.667976e-08	-5.462924e+01	-1.588055e+03
3.170000e-06	-7.765939e-06	-2.669638e-08	-5.491746e+01	-1.589098e+03
3.180000e-06	-7.803919e-06	-2.671239e-08	-5.518604e+01	-1.589772e+03
3.190000e-06	-7.839094e-06	-2.672737e-08	-5.543478e+01	-1.590164e+03
3.200000e-06	-7.871612e-06	-2.674283e-08	-5.566474e+01	-1.590450e+03
3.210000e-06	-7.901252e-06	-2.675922e-08	-5.587434e+01	-1.590812e+03
3.220000e-06	-7.928028e-06	-2.677357e-08	-5.606369e+01	-1.591361e+03
3.230000e-06	-7.952132e-06	-2.678458e-08	-5.623414e+01	-1.592091e+03
3.240000e-06	-7.973314e-06	-2.679439e-08	-5.638393e+01	-1.592882e+03
3.250000e-06	-7.991630e-06	-2.680061e-08	-5.651345e+01	-1.593556e+03
3.260000e-06	-8.007149e-06	-2.680348e-08	-5.662319e+01	-1.593959e+03
3.270000e-06	-8.019530e-06	-2.680663e-08	-5.671075e+01	-1.594029e+03
3.280000e-06	-8.028912e-06	-2.681259e-08	-5.677709e+01	-1.593820e+03
3.290000e-06	-8.035447e-06	-2.681891e-08	-5.682331e+01	-1.593475e+03
3.300000e-06	-8.039109e-06	-2.682487e-08	-5.684920e+01	-1.593167e+03
3.310000e-06	-8.040043e-06	-2.682738e-08	-5.685581e+01	-1.593019e+03
