# Temperatura_=_61.31
# Concentracion g/m^3_=_20000.0
# C_Vs_to_Am_M_A/Vsm_=_59384043850.047264
# pendiente_HvsI_1/m_=_3716.3
# ordenada_HvsI_A/m_=_1297.0
# frecuencia_Hz_=_301666.82697622676

Tiempo_(s)	Campo_(V.s)	Magnetizacion_(V.s)	Campo_(kA/m)	Magnetizacion_(A/m)
0.000000e+00	-8.056855e-06	-2.639466e-08	-5.684587e+01	-1.567767e+03
1.000000e-08	-8.053471e-06	-2.639162e-08	-5.682199e+01	-1.567989e+03
2.000000e-08	-8.047462e-06	-2.638765e-08	-5.677959e+01	-1.568124e+03
3.000000e-08	-8.038836e-06	-2.638061e-08	-5.671873e+01	-1.567993e+03
4.000000e-08	-8.027347e-06	-2.637598e-08	-5.663767e+01	-1.567507e+03
5.000000e-08	-8.012876e-06	-2.637236e-08	-5.653557e+01	-1.566703e+03
6.000000e-08	-7.995551e-06	-2.637062e-08	-5.641333e+01	-1.565725e+03
7.000000e-08	-7.975774e-06	-2.637432e-08	-5.627379e+01	-1.564762e+03
8.000000e-08	-7.953556e-06	-2.632879e-08	-5.611703e+01	-1.563958e+03
9.000000e-08	-7.928211e-06	-2.627890e-08	-5.593820e+01	-1.563352e+03
1.000000e-07	-7.899529e-06	-2.629946e-08	-5.573584e+01	-1.562863e+03
1.100000e-07	-7.867947e-06	-2.632966e-08	-5.551301e+01	-1.562325e+03
1.200000e-07	-7.833617e-06	-2.631957e-08	-5.527079e+01	-1.561562e+03
1.300000e-07	-7.796714e-06	-2.627231e-08	-5.501042e+01	-1.560469e+03
1.400000e-07	-7.757621e-06	-2.628056e-08	-5.473460e+01	-1.559053e+03
1.500000e-07	-7.716265e-06	-2.628085e-08	-5.444280e+01	-1.557432e+03
1.600000e-07	-7.672201e-06	-2.621443e-08	-5.413191e+01	-1.555779e+03
1.700000e-07	-7.625267e-06	-2.620060e-08	-5.380076e+01	-1.554247e+03
1.800000e-07	-7.575573e-06	-2.613085e-08	-5.345014e+01	-1.552896e+03
1.900000e-07	-7.522900e-06	-2.614753e-08	-5.307850e+01	-1.551670e+03
2.000000e-07	-7.467299e-06	-2.618449e-08	-5.268620e+01	-1.550420e+03
2.100000e-07	-7.408997e-06	-2.609005e-08	-5.227484e+01	-1.548972e+03
2.200000e-07	-7.348017e-06	-2.606184e-08	-5.184460e+01	-1.547200e+03
2.300000e-07	-7.284487e-06	-2.603077e-08	-5.139635e+01	-1.545090e+03
2.400000e-07	-7.218191e-06	-2.604007e-08	-5.092860e+01	-1.542736e+03
2.500000e-07	-7.149137e-06	-2.597662e-08	-5.044138e+01	-1.540304e+03
2.600000e-07	-7.077472e-06	-2.589363e-08	-4.993574e+01	-1.537954e+03
2.700000e-07	-7.003060e-06	-2.590314e-08	-4.941072e+01	-1.535766e+03
2.800000e-07	-6.925918e-06	-2.590448e-08	-4.886644e+01	-1.533705e+03
2.900000e-07	-6.846056e-06	-2.584839e-08	-4.830296e+01	-1.531631e+03
3.000000e-07	-6.763672e-06	-2.573362e-08	-4.772170e+01	-1.529362e+03
3.100000e-07	-6.679090e-06	-2.572775e-08	-4.712492e+01	-1.526755e+03
3.200000e-07	-6.592220e-06	-2.572521e-08	-4.651200e+01	-1.523768e+03
3.300000e-07	-6.502945e-06	-2.565124e-08	-4.588211e+01	-1.520480e+03
3.400000e-07	-6.411357e-06	-2.557562e-08	-4.523591e+01	-1.517060e+03
3.500000e-07	-6.317525e-06	-2.553661e-08	-4.457387e+01	-1.513686e+03
3.600000e-07	-6.221407e-06	-2.552325e-08	-4.389570e+01	-1.510470e+03
3.700000e-07	-6.122950e-06	-2.544779e-08	-4.320103e+01	-1.507405e+03
3.800000e-07	-6.022299e-06	-2.535036e-08	-4.249087e+01	-1.504362e+03
3.900000e-07	-5.919534e-06	-2.529072e-08	-4.176581e+01	-1.501149e+03
4.000000e-07	-5.814544e-06	-2.527793e-08	-4.102504e+01	-1.497590e+03
4.100000e-07	-5.707382e-06	-2.522273e-08	-4.026895e+01	-1.493605e+03
4.200000e-07	-5.598213e-06	-2.511881e-08	-3.949870e+01	-1.489245e+03
4.300000e-07	-5.487121e-06	-2.504528e-08	-3.871487e+01	-1.484668e+03
4.400000e-07	-5.373918e-06	-2.500327e-08	-3.791616e+01	-1.480073e+03
4.500000e-07	-5.258483e-06	-2.493351e-08	-3.710170e+01	-1.475604e+03
4.600000e-07	-5.141028e-06	-2.482318e-08	-3.627298e+01	-1.471290e+03
4.700000e-07	-5.021722e-06	-2.474386e-08	-3.543121e+01	-1.467022e+03
4.800000e-07	-4.900591e-06	-2.470041e-08	-3.457656e+01	-1.462603e+03
4.900000e-07	-4.777635e-06	-2.463231e-08	-3.370904e+01	-1.457828e+03
5.000000e-07	-4.652914e-06	-2.451180e-08	-3.282905e+01	-1.452577e+03
5.100000e-07	-4.526572e-06	-2.440212e-08	-3.193764e+01	-1.446869e+03
5.200000e-07	-4.398681e-06	-2.433151e-08	-3.103529e+01	-1.440850e+03
5.300000e-07	-4.269154e-06	-2.425220e-08	-3.012140e+01	-1.434734e+03
5.400000e-07	-4.137955e-06	-2.413193e-08	-2.919572e+01	-1.428699e+03
5.500000e-07	-4.005301e-06	-2.401915e-08	-2.825976e+01	-1.422808e+03
5.600000e-07	-3.871276e-06	-2.394463e-08	-2.731413e+01	-1.416968e+03
5.700000e-07	-3.735765e-06	-2.385705e-08	-2.635802e+01	-1.410966e+03
5.800000e-07	-3.598885e-06	-2.372139e-08	-2.539226e+01	-1.404555e+03
5.900000e-07	-3.460723e-06	-2.357684e-08	-2.441744e+01	-1.397559e+03
6.000000e-07	-3.321202e-06	-2.347305e-08	-2.343304e+01	-1.389955e+03
6.100000e-07	-3.180291e-06	-2.337291e-08	-2.243883e+01	-1.381882e+03
6.200000e-07	-3.038037e-06	-2.323202e-08	-2.143514e+01	-1.373582e+03
6.300000e-07	-2.894551e-06	-2.307665e-08	-2.042276e+01	-1.365299e+03
6.400000e-07	-2.750003e-06	-2.295206e-08	-1.940289e+01	-1.357161e+03
6.500000e-07	-2.604512e-06	-2.283190e-08	-1.837637e+01	-1.349119e+03
6.600000e-07	-2.458157e-06	-2.266949e-08	-1.734375e+01	-1.340960e+03
6.700000e-07	-2.311027e-06	-2.249185e-08	-1.630566e+01	-1.332388e+03
6.800000e-07	-2.163104e-06	-2.234625e-08	-1.526198e+01	-1.323150e+03
6.900000e-07	-2.014371e-06	-2.221498e-08	-1.421258e+01	-1.313145e+03
7.000000e-07	-1.864944e-06	-2.204693e-08	-1.315828e+01	-1.302467e+03
7.100000e-07	-1.714981e-06	-2.185030e-08	-1.210020e+01	-1.291365e+03
7.200000e-07	-1.564432e-06	-2.166722e-08	-1.103799e+01	-1.280131e+03
7.300000e-07	-1.413238e-06	-2.149670e-08	-9.971230e+00	-1.268962e+03
7.400000e-07	-1.261496e-06	-2.129841e-08	-8.900599e+00	-1.257857e+03
7.500000e-07	-1.109303e-06	-2.107686e-08	-7.826790e+00	-1.246605e+03
7.600000e-07	-9.566475e-07	-2.087193e-08	-6.749713e+00	-1.234853e+03
7.700000e-07	-8.035959e-07	-2.068273e-08	-5.669843e+00	-1.222254e+03
7.800000e-07	-6.502327e-07	-2.046633e-08	-4.587775e+00	-1.208608e+03
7.900000e-07	-4.965877e-07	-2.021298e-08	-3.503719e+00	-1.193947e+03
8.000000e-07	-3.428311e-07	-1.996101e-08	-2.418875e+00	-1.178514e+03
8.100000e-07	-1.889807e-07	-1.971763e-08	-1.333370e+00	-1.162640e+03
8.200000e-07	-3.499336e-08	-1.945314e-08	-2.468988e-01	-1.146564e+03
8.300000e-07	1.190249e-07	-1.915392e-08	8.397906e-01	-1.130277e+03
8.400000e-07	2.729903e-07	-1.885044e-08	1.926108e+00	-1.113460e+03
8.500000e-07	4.268706e-07	-1.855091e-08	3.011824e+00	-1.095550e+03
8.600000e-07	5.805808e-07	-1.822230e-08	4.096340e+00	-1.075928e+03
8.700000e-07	7.340299e-07	-1.784551e-08	5.179014e+00	-1.054139e+03
8.800000e-07	8.871517e-07	-1.744572e-08	6.259378e+00	-1.030067e+03
8.900000e-07	1.039905e-06	-1.704405e-08	7.337142e+00	-1.003950e+03
9.000000e-07	1.192240e-06	-1.661042e-08	8.411953e+00	-9.762250e+02
9.100000e-07	1.344126e-06	-1.611826e-08	9.483602e+00	-9.472084e+02
9.200000e-07	1.495585e-06	-1.557601e-08	1.055224e+01	-9.167218e+02
9.300000e-07	1.646481e-06	-1.499187e-08	1.161690e+01	-8.837909e+02
9.400000e-07	1.796723e-06	-1.432975e-08	1.267694e+01	-8.465366e+02
9.500000e-07	1.946295e-06	-1.354568e-08	1.373226e+01	-8.023227e+02
9.600000e-07	2.095174e-06	-1.262631e-08	1.478269e+01	-7.481443e+02
9.700000e-07	2.243334e-06	-1.154992e-08	1.582804e+01	-6.811629e+02
9.800000e-07	2.390716e-06	-1.024721e-08	1.686791e+01	-5.992491e+02
9.900000e-07	2.537271e-06	-8.628186e-09	1.790195e+01	-5.013916e+02
1.000000e-06	2.682956e-06	-6.643339e-09	1.892984e+01	-3.878809e+02
1.010000e-06	2.827650e-06	-4.339759e-09	1.995074e+01	-2.602475e+02
1.020000e-06	2.971329e-06	-1.859169e-09	2.096448e+01	-1.210094e+02
1.030000e-06	3.113915e-06	6.705151e-10	2.197051e+01	2.666850e+01
1.040000e-06	3.255250e-06	3.188553e-09	2.296771e+01	1.792991e+02
1.050000e-06	3.395335e-06	5.694650e-09	2.395609e+01	3.333079e+02
1.060000e-06	3.534140e-06	8.212645e-09	2.493544e+01	4.851659e+02
1.070000e-06	3.671630e-06	1.073917e-08	2.590552e+01	6.314614e+02
1.080000e-06	3.807737e-06	1.319547e-08	2.686583e+01	7.689766e+02
1.090000e-06	3.942405e-06	1.541395e-08	2.781600e+01	8.948299e+02
1.100000e-06	4.075592e-06	1.728692e-08	2.875571e+01	1.006697e+03
1.110000e-06	4.207325e-06	1.883786e-08	2.968516e+01	1.103077e+03
1.120000e-06	4.337620e-06	2.011923e-08	3.060447e+01	1.183508e+03
1.130000e-06	4.466381e-06	2.116225e-08	3.151295e+01	1.248661e+03
1.140000e-06	4.593593e-06	2.200371e-08	3.241051e+01	1.300230e+03
1.150000e-06	4.719198e-06	2.269262e-08	3.329672e+01	1.340623e+03
1.160000e-06	4.843148e-06	2.326310e-08	3.417127e+01	1.372516e+03
1.170000e-06	4.965402e-06	2.372421e-08	3.503384e+01	1.398391e+03
1.180000e-06	5.085802e-06	2.409125e-08	3.588333e+01	1.420167e+03
1.190000e-06	5.204309e-06	2.439480e-08	3.671947e+01	1.439033e+03
1.200000e-06	5.320916e-06	2.465506e-08	3.754220e+01	1.455494e+03
1.210000e-06	5.435474e-06	2.486937e-08	3.835048e+01	1.469607e+03
1.220000e-06	5.547893e-06	2.503891e-08	3.914366e+01	1.481282e+03
1.230000e-06	5.658301e-06	2.518395e-08	3.992266e+01	1.490557e+03
1.240000e-06	5.766802e-06	2.531379e-08	4.068819e+01	1.497743e+03
1.250000e-06	5.873280e-06	2.542717e-08	4.143946e+01	1.503412e+03
1.260000e-06	5.977581e-06	2.551938e-08	4.217536e+01	1.508245e+03
1.270000e-06	6.079689e-06	2.559935e-08	4.289580e+01	1.512837e+03
1.280000e-06	6.179599e-06	2.567890e-08	4.360072e+01	1.517530e+03
1.290000e-06	6.277192e-06	2.575358e-08	4.428929e+01	1.522349e+03
1.300000e-06	6.372484e-06	2.581781e-08	4.496163e+01	1.527066e+03
1.310000e-06	6.465626e-06	2.587377e-08	4.561881e+01	1.531346e+03
1.320000e-06	6.556565e-06	2.592911e-08	4.626043e+01	1.534929e+03
1.330000e-06	6.645176e-06	2.598100e-08	4.688563e+01	1.537750e+03
1.340000e-06	6.731445e-06	2.602351e-08	4.749432e+01	1.539974e+03
1.350000e-06	6.815403e-06	2.606110e-08	4.808669e+01	1.541919e+03
1.360000e-06	6.896938e-06	2.610277e-08	4.866197e+01	1.543926e+03
1.370000e-06	6.975988e-06	2.614726e-08	4.921971e+01	1.546214e+03
1.380000e-06	7.052542e-06	2.618475e-08	4.975985e+01	1.548803e+03
1.390000e-06	7.126431e-06	2.621433e-08	5.028118e+01	1.551519e+03
1.400000e-06	7.197700e-06	2.624320e-08	5.078402e+01	1.554085e+03
1.410000e-06	7.266453e-06	2.627331e-08	5.126912e+01	1.556246e+03
1.420000e-06	7.332535e-06	2.629967e-08	5.173536e+01	1.557884e+03
1.430000e-06	7.395945e-06	2.632105e-08	5.218276e+01	1.559063e+03
1.440000e-06	7.456921e-06	2.634501e-08	5.261298e+01	1.559996e+03
1.450000e-06	7.515341e-06	2.637243e-08	5.302517e+01	1.560949e+03
1.460000e-06	7.570992e-06	2.639447e-08	5.341781e+01	1.562126e+03
1.470000e-06	7.623687e-06	2.640862e-08	5.378961e+01	1.563580e+03
1.480000e-06	7.673146e-06	2.642311e-08	5.413857e+01	1.565204e+03
1.490000e-06	7.719647e-06	2.644151e-08	5.446666e+01	1.566779e+03
1.500000e-06	7.763505e-06	2.645710e-08	5.477611e+01	1.568077e+03
1.510000e-06	7.804568e-06	2.646525e-08	5.506583e+01	1.568962e+03
1.520000e-06	7.842875e-06	2.647236e-08	5.533611e+01	1.569447e+03
1.530000e-06	7.878526e-06	2.648517e-08	5.558765e+01	1.569685e+03
1.540000e-06	7.911376e-06	2.649739e-08	5.581943e+01	1.569899e+03
1.550000e-06	7.941448e-06	2.650273e-08	5.603160e+01	1.570282e+03
1.560000e-06	7.968804e-06	2.650522e-08	5.622461e+01	1.570916e+03
1.570000e-06	7.993269e-06	2.651012e-08	5.639723e+01	1.571737e+03
1.580000e-06	8.014909e-06	2.651529e-08	5.654991e+01	1.572568e+03
1.590000e-06	8.033786e-06	2.651642e-08	5.668310e+01	1.573200e+03
1.600000e-06	8.049771e-06	2.651462e-08	5.679588e+01	1.573487e+03
1.610000e-06	8.062717e-06	2.651417e-08	5.688723e+01	1.573405e+03
1.620000e-06	8.072516e-06	2.651494e-08	5.695636e+01	1.573065e+03
1.630000e-06	8.079357e-06	2.651208e-08	5.700463e+01	1.572662e+03
1.640000e-06	8.083404e-06	2.650669e-08	5.703318e+01	1.572387e+03
1.650000e-06	8.084583e-06	2.650194e-08	5.704150e+01	1.572342e+03
1.660000e-06	8.083034e-06	2.650429e-08	5.703057e+01	1.572502e+03
1.670000e-06	8.078923e-06	2.650055e-08	5.700157e+01	1.572723e+03
1.680000e-06	8.072046e-06	2.648926e-08	5.695305e+01	1.572806e+03
1.690000e-06	8.062427e-06	2.647773e-08	5.688518e+01	1.572591e+03
1.700000e-06	8.050114e-06	2.646687e-08	5.679830e+01	1.572017e+03
1.710000e-06	8.035043e-06	2.645383e-08	5.669197e+01	1.571153e+03
1.720000e-06	8.017480e-06	2.642943e-08	5.656805e+01	1.570163e+03
1.730000e-06	7.997579e-06	2.645150e-08	5.642764e+01	1.569230e+03
1.740000e-06	7.974921e-06	2.649252e-08	5.626777e+01	1.568477e+03
1.750000e-06	7.948833e-06	2.644797e-08	5.608371e+01	1.567913e+03
1.760000e-06	7.919023e-06	2.638106e-08	5.587338e+01	1.567429e+03
1.770000e-06	7.886097e-06	2.635524e-08	5.564107e+01	1.566850e+03
1.780000e-06	7.850733e-06	2.634601e-08	5.539155e+01	1.566012e+03
1.790000e-06	7.812858e-06	2.629258e-08	5.512432e+01	1.564833e+03
1.800000e-06	7.772819e-06	2.634423e-08	5.484183e+01	1.563351e+03
1.810000e-06	7.730772e-06	2.629676e-08	5.454515e+01	1.561706e+03
1.820000e-06	7.686045e-06	2.624424e-08	5.422958e+01	1.560073e+03
1.830000e-06	7.638596e-06	2.630921e-08	5.389480e+01	1.558585e+03
1.840000e-06	7.588271e-06	2.617439e-08	5.353973e+01	1.557276e+03
1.850000e-06	7.534786e-06	2.617204e-08	5.316236e+01	1.556061e+03
1.860000e-06	7.478526e-06	2.612930e-08	5.276541e+01	1.554777e+03
1.870000e-06	7.419599e-06	2.610792e-08	5.234965e+01	1.553257e+03
1.880000e-06	7.358030e-06	2.613036e-08	5.191524e+01	1.551398e+03
1.890000e-06	7.293771e-06	2.601261e-08	5.146186e+01	1.549214e+03
1.900000e-06	7.226863e-06	2.604404e-08	5.098978e+01	1.546825e+03
1.910000e-06	7.157211e-06	2.598788e-08	5.049835e+01	1.544401e+03
1.920000e-06	7.084671e-06	2.592993e-08	4.998653e+01	1.542089e+03
1.930000e-06	7.009542e-06	2.587616e-08	4.945645e+01	1.539941e+03
1.940000e-06	6.931680e-06	2.583269e-08	4.890709e+01	1.537893e+03
1.950000e-06	6.851198e-06	2.586021e-08	4.833925e+01	1.535788e+03
1.960000e-06	6.768332e-06	2.576309e-08	4.775458e+01	1.533446e+03
1.970000e-06	6.682894e-06	2.573194e-08	4.715176e+01	1.530743e+03
1.980000e-06	6.594993e-06	2.566567e-08	4.653157e+01	1.527670e+03
1.990000e-06	6.504858e-06	2.561924e-08	4.589561e+01	1.524332e+03
2.000000e-06	6.412530e-06	2.556583e-08	4.524418e+01	1.520908e+03
2.010000e-06	6.317839e-06	2.548668e-08	4.457608e+01	1.517568e+03
2.020000e-06	6.220894e-06	2.546708e-08	4.389208e+01	1.514396e+03
2.030000e-06	6.121771e-06	2.540977e-08	4.319270e+01	1.511353e+03
2.040000e-06	6.020376e-06	2.536610e-08	4.247731e+01	1.508287e+03
2.050000e-06	5.916772e-06	2.526478e-08	4.174631e+01	1.505001e+03
2.060000e-06	5.811092e-06	2.520559e-08	4.100068e+01	1.501339e+03
2.070000e-06	5.703421e-06	2.514336e-08	4.024100e+01	1.497251e+03
2.080000e-06	5.593648e-06	2.507685e-08	3.946648e+01	1.492820e+03
2.090000e-06	5.481833e-06	2.500100e-08	3.867756e+01	1.488221e+03
2.100000e-06	5.367958e-06	2.492651e-08	3.787411e+01	1.483648e+03
2.110000e-06	5.251987e-06	2.486867e-08	3.705587e+01	1.479221e+03
2.120000e-06	5.133997e-06	2.477788e-08	3.622338e+01	1.474934e+03
2.130000e-06	5.014084e-06	2.468500e-08	3.537732e+01	1.470649e+03
2.140000e-06	4.892318e-06	2.458695e-08	3.451819e+01	1.466159e+03
2.150000e-06	4.768736e-06	2.452501e-08	3.364624e+01	1.461272e+03
2.160000e-06	4.643462e-06	2.444115e-08	3.276236e+01	1.455900e+03
2.170000e-06	4.516515e-06	2.434923e-08	3.186668e+01	1.450097e+03
2.180000e-06	4.388012e-06	2.424837e-08	3.096001e+01	1.444034e+03
2.190000e-06	4.258061e-06	2.416039e-08	3.004313e+01	1.437925e+03
2.200000e-06	4.126548e-06	2.405523e-08	2.911523e+01	1.431928e+03
2.210000e-06	3.993441e-06	2.393094e-08	2.817608e+01	1.426064e+03
2.220000e-06	3.858885e-06	2.381728e-08	2.722671e+01	1.420207e+03
2.230000e-06	3.722927e-06	2.371726e-08	2.626744e+01	1.414126e+03
2.240000e-06	3.585612e-06	2.361884e-08	2.529861e+01	1.407580e+03
2.250000e-06	3.446924e-06	2.348972e-08	2.432008e+01	1.400429e+03
2.260000e-06	3.306856e-06	2.336037e-08	2.333182e+01	1.392689e+03
2.270000e-06	3.165558e-06	2.322962e-08	2.233488e+01	1.384535e+03
2.280000e-06	3.023054e-06	2.309937e-08	2.132943e+01	1.376220e+03
2.290000e-06	2.879423e-06	2.295020e-08	2.031603e+01	1.367968e+03
2.300000e-06	2.734841e-06	2.280506e-08	1.929591e+01	1.359866e+03
2.310000e-06	2.589348e-06	2.267122e-08	1.826938e+01	1.351821e+03
2.320000e-06	2.442943e-06	2.253489e-08	1.723640e+01	1.343587e+03
2.330000e-06	2.295681e-06	2.237736e-08	1.619739e+01	1.334868e+03
2.340000e-06	2.147528e-06	2.220391e-08	1.515208e+01	1.325441e+03
2.350000e-06	1.998550e-06	2.203626e-08	1.410095e+01	1.315252e+03
2.360000e-06	1.848894e-06	2.186781e-08	1.304504e+01	1.304442e+03
2.370000e-06	1.698620e-06	2.168768e-08	1.198477e+01	1.293282e+03
2.380000e-06	1.547754e-06	2.149626e-08	1.092032e+01	1.282052e+03
2.390000e-06	1.396352e-06	2.131153e-08	9.852087e+00	1.270908e+03
2.400000e-06	1.244528e-06	2.112309e-08	8.780879e+00	1.259795e+03
2.410000e-06	1.092285e-06	2.091571e-08	7.706713e+00	1.248453e+03
2.420000e-06	9.396291e-07	2.069048e-08	6.629638e+00	1.236519e+03
2.430000e-06	7.865618e-07	2.046855e-08	5.549657e+00	1.223670e+03
2.440000e-06	6.332006e-07	2.024703e-08	4.467604e+00	1.209758e+03
2.450000e-06	4.797287e-07	2.001192e-08	3.384769e+00	1.194876e+03
2.460000e-06	3.261483e-07	1.975785e-08	2.301169e+00	1.179303e+03
2.470000e-06	1.724030e-07	1.949637e-08	1.216405e+00	1.163364e+03
2.480000e-06	1.854043e-08	1.922940e-08	1.308137e-01	1.147248e+03
2.490000e-06	-1.352865e-07	1.894003e-08	-9.545262e-01	1.130871e+03
2.500000e-06	-2.890198e-07	1.862730e-08	-2.039205e+00	1.113840e+03
2.510000e-06	-4.426305e-07	1.829965e-08	-3.123019e+00	1.095558e+03
2.520000e-06	-5.960514e-07	1.795991e-08	-4.205495e+00	1.075426e+03
2.530000e-06	-7.492285e-07	1.759119e-08	-5.286249e+00	1.053063e+03
2.540000e-06	-9.020714e-07	1.719083e-08	-6.364646e+00	1.028445e+03
2.550000e-06	-1.054522e-06	1.676655e-08	-7.440273e+00	1.001885e+03
2.560000e-06	-1.206630e-06	1.631916e-08	-8.513486e+00	9.738209e+02
2.570000e-06	-1.358321e-06	1.583015e-08	-9.583753e+00	9.444812e+02
2.580000e-06	-1.509541e-06	1.528398e-08	-1.065070e+01	9.135107e+02
2.590000e-06	-1.660167e-06	1.467810e-08	-1.171346e+01	8.797098e+02
2.600000e-06	-1.810156e-06	1.399734e-08	-1.277172e+01	8.409859e+02
2.610000e-06	-1.959633e-06	1.321010e-08	-1.382637e+01	7.945664e+02
2.620000e-06	-2.108444e-06	1.227442e-08	-1.487631e+01	7.374349e+02
2.630000e-06	-2.256447e-06	1.115496e-08	-1.592057e+01	6.668824e+02
2.640000e-06	-2.403578e-06	9.804474e-09	-1.695866e+01	5.810284e+02
2.650000e-06	-2.549838e-06	8.150363e-09	-1.799061e+01	4.791797e+02
2.660000e-06	-2.695160e-06	6.138969e-09	-1.901595e+01	3.619514e+02
2.670000e-06	-2.839480e-06	3.839602e-09	-2.003420e+01	2.311500e+02
2.680000e-06	-2.982844e-06	1.415779e-09	-2.104572e+01	8.948821e+01
2.690000e-06	-3.125154e-06	-1.031901e-09	-2.204981e+01	-5.976085e+01
2.700000e-06	-3.266238e-06	-3.480294e-09	-2.304523e+01	-2.130703e+02
2.710000e-06	-3.406010e-06	-5.927386e-09	-2.403141e+01	-3.668681e+02
2.720000e-06	-3.544462e-06	-8.374350e-09	-2.500827e+01	-5.176490e+02
2.730000e-06	-3.681562e-06	-1.081783e-08	-2.597559e+01	-6.620404e+02
2.740000e-06	-3.817282e-06	-1.319798e-08	-2.693318e+01	-7.968923e+02
2.750000e-06	-3.951661e-06	-1.535848e-08	-2.788130e+01	-9.194388e+02
2.760000e-06	-4.084643e-06	-1.718332e-08	-2.881957e+01	-1.027537e+03
2.770000e-06	-4.216122e-06	-1.868648e-08	-2.974723e+01	-1.119928e+03
2.780000e-06	-4.346125e-06	-1.992552e-08	-3.066447e+01	-1.196432e+03
2.790000e-06	-4.474644e-06	-2.094711e-08	-3.157125e+01	-1.257996e+03
2.800000e-06	-4.601635e-06	-2.178062e-08	-3.246725e+01	-1.306526e+03
2.810000e-06	-4.727010e-06	-2.245516e-08	-3.335185e+01	-1.344542e+03
2.820000e-06	-4.850649e-06	-2.300529e-08	-3.422419e+01	-1.374715e+03
2.830000e-06	-4.972539e-06	-2.345595e-08	-3.508420e+01	-1.399412e+03
2.840000e-06	-5.092631e-06	-2.382387e-08	-3.593152e+01	-1.420378e+03
2.850000e-06	-5.210772e-06	-2.412403e-08	-3.676507e+01	-1.438617e+03
2.860000e-06	-5.326792e-06	-2.437364e-08	-3.758366e+01	-1.454496e+03
2.870000e-06	-5.440650e-06	-2.458689e-08	-3.838700e+01	-1.468006e+03
2.880000e-06	-5.552349e-06	-2.476644e-08	-3.917510e+01	-1.479067e+03
2.890000e-06	-5.661939e-06	-2.491280e-08	-3.994832e+01	-1.487779e+03
2.900000e-06	-5.769586e-06	-2.503897e-08	-4.070783e+01	-1.494525e+03
2.910000e-06	-5.875297e-06	-2.515329e-08	-4.145369e+01	-1.499920e+03
2.920000e-06	-5.978859e-06	-2.525343e-08	-4.218438e+01	-1.504644e+03
2.930000e-06	-6.080165e-06	-2.533878e-08	-4.289915e+01	-1.509241e+03
2.940000e-06	-6.179312e-06	-2.541403e-08	-4.359869e+01	-1.513974e+03
2.950000e-06	-6.276384e-06	-2.548629e-08	-4.428359e+01	-1.518796e+03
2.960000e-06	-6.371311e-06	-2.555304e-08	-4.495336e+01	-1.523434e+03
2.970000e-06	-6.463864e-06	-2.561123e-08	-4.560637e+01	-1.527558e+03
2.980000e-06	-6.554078e-06	-2.566524e-08	-4.624289e+01	-1.530946e+03
2.990000e-06	-6.642057e-06	-2.571969e-08	-4.686363e+01	-1.533594e+03
3.000000e-06	-6.727657e-06	-2.577108e-08	-4.746759e+01	-1.535715e+03
3.010000e-06	-6.810825e-06	-2.581485e-08	-4.805439e+01	-1.537646e+03
3.020000e-06	-6.891598e-06	-2.585537e-08	-4.862429e+01	-1.539708e+03
3.030000e-06	-6.969840e-06	-2.589847e-08	-4.917633e+01	-1.542077e+03
3.040000e-06	-7.045392e-06	-2.594060e-08	-4.970939e+01	-1.544720e+03
3.050000e-06	-7.118398e-06	-2.597640e-08	-5.022450e+01	-1.547425e+03
3.060000e-06	-7.188785e-06	-2.600839e-08	-5.072112e+01	-1.549909e+03
3.070000e-06	-7.256552e-06	-2.604171e-08	-5.119925e+01	-1.551944e+03
3.080000e-06	-7.321850e-06	-2.607385e-08	-5.165997e+01	-1.553453e+03
3.090000e-06	-7.384505e-06	-2.609960e-08	-5.210204e+01	-1.554546e+03
3.100000e-06	-7.444504e-06	-2.612365e-08	-5.252537e+01	-1.555459e+03
3.110000e-06	-7.501881e-06	-2.615082e-08	-5.293019e+01	-1.556454e+03
3.120000e-06	-7.556458e-06	-2.617857e-08	-5.331527e+01	-1.557700e+03
3.130000e-06	-7.608130e-06	-2.620171e-08	-5.367985e+01	-1.559213e+03
3.140000e-06	-7.656747e-06	-2.622184e-08	-5.402287e+01	-1.560847e+03
3.150000e-06	-7.702422e-06	-2.624309e-08	-5.434513e+01	-1.562371e+03
3.160000e-06	-7.745608e-06	-2.626320e-08	-5.464984e+01	-1.563573e+03
3.170000e-06	-7.786269e-06	-2.627802e-08	-5.493672e+01	-1.564350e+03
3.180000e-06	-7.824114e-06	-2.628881e-08	-5.520374e+01	-1.564754e+03
3.190000e-06	-7.859232e-06	-2.630376e-08	-5.545152e+01	-1.564964e+03
3.200000e-06	-7.891669e-06	-2.632138e-08	-5.568038e+01	-1.565205e+03
3.210000e-06	-7.921179e-06	-2.633648e-08	-5.588859e+01	-1.565648e+03
3.220000e-06	-7.947826e-06	-2.634782e-08	-5.607660e+01	-1.566339e+03
3.230000e-06	-7.971658e-06	-2.635948e-08	-5.624475e+01	-1.567181e+03
3.240000e-06	-7.992584e-06	-2.637157e-08	-5.639240e+01	-1.567981e+03
3.250000e-06	-8.010770e-06	-2.637702e-08	-5.652071e+01	-1.568536e+03
3.260000e-06	-8.026104e-06	-2.637558e-08	-5.662890e+01	-1.568726e+03
3.270000e-06	-8.038296e-06	-2.637568e-08	-5.671492e+01	-1.568565e+03
3.280000e-06	-8.047484e-06	-2.638171e-08	-5.677975e+01	-1.568189e+03
3.290000e-06	-8.053813e-06	-2.638811e-08	-5.682440e+01	-1.567802e+03
3.300000e-06	-8.057297e-06	-2.639469e-08	-5.684898e+01	-1.567578e+03
3.310000e-06	-8.058098e-06	-2.639907e-08	-5.685464e+01	-1.567592e+03
