# Temperatura_=_26.76
# Concentracion g/m^3_=_20000.0
# C_Vs_to_Am_M_A/Vsm_=_59384043850.047264
# pendiente_HvsI_1/m_=_3716.3
# ordenada_HvsI_A/m_=_1297.0
# frecuencia_Hz_=_301664.5885171246

Tiempo_(s)	Campo_(V.s)	Magnetizacion_(V.s)	Campo_(kA/m)	Magnetizacion_(A/m)
0.000000e+00	-8.039185e-06	-2.774755e-08	-5.685020e+01	-1.648183e+03
1.000000e-08	-8.035924e-06	-2.774403e-08	-5.682714e+01	-1.647990e+03
2.000000e-08	-8.030068e-06	-2.774193e-08	-5.678573e+01	-1.647932e+03
3.000000e-08	-8.021609e-06	-2.773825e-08	-5.672591e+01	-1.647895e+03
4.000000e-08	-8.010284e-06	-2.773662e-08	-5.664582e+01	-1.647727e+03
5.000000e-08	-7.995973e-06	-2.773299e-08	-5.654462e+01	-1.647301e+03
6.000000e-08	-7.978747e-06	-2.772858e-08	-5.642280e+01	-1.646568e+03
7.000000e-08	-7.959064e-06	-2.772960e-08	-5.628361e+01	-1.645577e+03
8.000000e-08	-7.937036e-06	-2.768674e-08	-5.612784e+01	-1.644447e+03
9.000000e-08	-7.911986e-06	-2.762959e-08	-5.595069e+01	-1.643316e+03
1.000000e-07	-7.883562e-06	-2.763961e-08	-5.574969e+01	-1.642282e+03
1.100000e-07	-7.852158e-06	-2.767188e-08	-5.552761e+01	-1.641362e+03
1.200000e-07	-7.817993e-06	-2.766309e-08	-5.528601e+01	-1.640489e+03
1.300000e-07	-7.781273e-06	-2.760561e-08	-5.502634e+01	-1.639547e+03
1.400000e-07	-7.742428e-06	-2.759729e-08	-5.475164e+01	-1.638421e+03
1.500000e-07	-7.701383e-06	-2.760184e-08	-5.446139e+01	-1.637051e+03
1.600000e-07	-7.657579e-06	-2.753576e-08	-5.415162e+01	-1.635455e+03
1.700000e-07	-7.610954e-06	-2.750862e-08	-5.382190e+01	-1.633718e+03
1.800000e-07	-7.561604e-06	-2.744080e-08	-5.347292e+01	-1.631951e+03
1.900000e-07	-7.509199e-06	-2.745794e-08	-5.310233e+01	-1.630236e+03
2.000000e-07	-7.453897e-06	-2.749071e-08	-5.271126e+01	-1.628592e+03
2.100000e-07	-7.395896e-06	-2.738270e-08	-5.230109e+01	-1.626959e+03
2.200000e-07	-7.335247e-06	-2.734939e-08	-5.187221e+01	-1.625229e+03
2.300000e-07	-7.272052e-06	-2.733257e-08	-5.142531e+01	-1.623291e+03
2.400000e-07	-7.206082e-06	-2.734057e-08	-5.095879e+01	-1.621080e+03
2.500000e-07	-7.137397e-06	-2.725790e-08	-5.047308e+01	-1.618605e+03
2.600000e-07	-7.066112e-06	-2.716810e-08	-4.996898e+01	-1.615942e+03
2.700000e-07	-6.992022e-06	-2.718973e-08	-4.944504e+01	-1.613202e+03
2.800000e-07	-6.915176e-06	-2.717683e-08	-4.890162e+01	-1.610477e+03
2.900000e-07	-6.835592e-06	-2.709946e-08	-4.833883e+01	-1.607802e+03
3.000000e-07	-6.753447e-06	-2.699035e-08	-4.775793e+01	-1.605137e+03
3.100000e-07	-6.669089e-06	-2.699305e-08	-4.716138e+01	-1.602385e+03
3.200000e-07	-6.582570e-06	-2.698473e-08	-4.654954e+01	-1.599441e+03
3.300000e-07	-6.493752e-06	-2.689193e-08	-4.592146e+01	-1.596236e+03
3.400000e-07	-6.402523e-06	-2.680602e-08	-4.527632e+01	-1.592769e+03
3.500000e-07	-6.309006e-06	-2.676859e-08	-4.461500e+01	-1.589108e+03
3.600000e-07	-6.213208e-06	-2.675696e-08	-4.393755e+01	-1.585357e+03
3.700000e-07	-6.115033e-06	-2.666805e-08	-4.324329e+01	-1.581609e+03
3.800000e-07	-6.014604e-06	-2.656409e-08	-4.253310e+01	-1.577897e+03
3.900000e-07	-5.912122e-06	-2.651833e-08	-4.180838e+01	-1.574177e+03
4.000000e-07	-5.807522e-06	-2.650623e-08	-4.106869e+01	-1.570349e+03
4.100000e-07	-5.700736e-06	-2.642790e-08	-4.031353e+01	-1.566293e+03
4.200000e-07	-5.591955e-06	-2.630174e-08	-3.954428e+01	-1.561927e+03
4.300000e-07	-5.481298e-06	-2.623019e-08	-3.876175e+01	-1.557243e+03
4.400000e-07	-5.368563e-06	-2.619191e-08	-3.796453e+01	-1.552312e+03
4.500000e-07	-5.253568e-06	-2.610905e-08	-3.715133e+01	-1.547252e+03
4.600000e-07	-5.136455e-06	-2.598678e-08	-3.632314e+01	-1.542173e+03
4.700000e-07	-5.017466e-06	-2.591422e-08	-3.548170e+01	-1.537126e+03
4.800000e-07	-4.896694e-06	-2.587661e-08	-3.462764e+01	-1.532075e+03
4.900000e-07	-4.774101e-06	-2.579081e-08	-3.376071e+01	-1.526906e+03
5.000000e-07	-4.649714e-06	-2.564620e-08	-3.288109e+01	-1.521475e+03
5.100000e-07	-4.523774e-06	-2.553372e-08	-3.199049e+01	-1.515670e+03
5.200000e-07	-4.396307e-06	-2.547048e-08	-3.108909e+01	-1.509463e+03
5.300000e-07	-4.267178e-06	-2.537985e-08	-3.017593e+01	-1.502918e+03
5.400000e-07	-4.136425e-06	-2.523908e-08	-2.925130e+01	-1.496171e+03
5.500000e-07	-4.004146e-06	-2.512324e-08	-2.831587e+01	-1.489365e+03
5.600000e-07	-3.870487e-06	-2.505576e-08	-2.737068e+01	-1.482583e+03
5.700000e-07	-3.735377e-06	-2.495652e-08	-2.641523e+01	-1.475810e+03
5.800000e-07	-3.598835e-06	-2.479592e-08	-2.544965e+01	-1.468925e+03
5.900000e-07	-3.461040e-06	-2.464436e-08	-2.447522e+01	-1.461754e+03
6.000000e-07	-3.321994e-06	-2.454771e-08	-2.349194e+01	-1.454138e+03
6.100000e-07	-3.181511e-06	-2.443895e-08	-2.249849e+01	-1.446003e+03
6.200000e-07	-3.039684e-06	-2.427361e-08	-2.149554e+01	-1.437391e+03
6.300000e-07	-2.896787e-06	-2.410835e-08	-2.048503e+01	-1.428447e+03
6.400000e-07	-2.752769e-06	-2.399284e-08	-1.946658e+01	-1.419355e+03
6.500000e-07	-2.607655e-06	-2.387032e-08	-1.844039e+01	-1.410250e+03
6.600000e-07	-2.461601e-06	-2.368837e-08	-1.740755e+01	-1.401160e+03
6.700000e-07	-2.314715e-06	-2.349875e-08	-1.636882e+01	-1.391980e+03
6.800000e-07	-2.167059e-06	-2.335522e-08	-1.532465e+01	-1.382510e+03
6.900000e-07	-2.018614e-06	-2.321542e-08	-1.427490e+01	-1.372536e+03
7.000000e-07	-1.869442e-06	-2.302337e-08	-1.322002e+01	-1.361918e+03
7.100000e-07	-1.719749e-06	-2.281228e-08	-1.216144e+01	-1.350650e+03
7.200000e-07	-1.569614e-06	-2.263669e-08	-1.109974e+01	-1.338868e+03
7.300000e-07	-1.418892e-06	-2.247173e-08	-1.003389e+01	-1.326784e+03
7.400000e-07	-1.267509e-06	-2.225998e-08	-8.963361e+00	-1.314594e+03
7.500000e-07	-1.115635e-06	-2.202544e-08	-7.889365e+00	-1.302381e+03
7.600000e-07	-9.633613e-07	-2.182123e-08	-6.812541e+00	-1.290064e+03
7.700000e-07	-8.107094e-07	-2.162947e-08	-5.733042e+00	-1.277416e+03
7.800000e-07	-6.577691e-07	-2.139395e-08	-4.651504e+00	-1.264144e+03
7.900000e-07	-5.046117e-07	-2.112412e-08	-3.568431e+00	-1.250002e+03
8.000000e-07	-3.513213e-07	-2.087677e-08	-2.484417e+00	-1.234885e+03
8.100000e-07	-1.979205e-07	-2.064424e-08	-1.399622e+00	-1.218862e+03
8.200000e-07	-4.444156e-08	-2.037711e-08	-3.142746e-01	-1.202129e+03
8.300000e-07	1.090435e-07	-2.006953e-08	7.711159e-01	-1.184895e+03
8.400000e-07	2.624705e-07	-1.976989e-08	1.856096e+00	-1.167254e+03
8.500000e-07	4.157938e-07	-1.948080e-08	2.940343e+00	-1.149086e+03
8.600000e-07	5.689609e-07	-1.915205e-08	4.023485e+00	-1.130051e+03
8.700000e-07	7.219749e-07	-1.877171e-08	5.105544e+00	-1.109673e+03
8.800000e-07	8.748284e-07	-1.838348e-08	6.186469e+00	-1.087486e+03
8.900000e-07	1.027397e-06	-1.800501e-08	7.265378e+00	-1.063193e+03
9.000000e-07	1.179546e-06	-1.758954e-08	8.341323e+00	-1.036740e+03
9.100000e-07	1.331178e-06	-1.711285e-08	9.413611e+00	-1.008280e+03
9.200000e-07	1.482278e-06	-1.660196e-08	1.048213e+01	-9.779962e+02
9.300000e-07	1.632798e-06	-1.607046e-08	1.154655e+01	-9.458345e+02
9.400000e-07	1.782739e-06	-1.547586e-08	1.260688e+01	-9.112365e+02
9.500000e-07	1.932146e-06	-1.478181e-08	1.366344e+01	-8.729604e+02
9.600000e-07	2.080850e-06	-1.399855e-08	1.471502e+01	-8.290737e+02
9.700000e-07	2.228810e-06	-1.312439e-08	1.576134e+01	-7.771461e+02
9.800000e-07	2.376011e-06	-1.209970e-08	1.680229e+01	-7.146083e+02
9.900000e-07	2.522315e-06	-1.085335e-08	1.783690e+01	-6.391950e+02
1.000000e-06	2.667796e-06	-9.362826e-09	1.886568e+01	-5.493629e+02
1.010000e-06	2.812373e-06	-7.608599e-09	1.988808e+01	-4.445862e+02
1.020000e-06	2.955818e-06	-5.536651e-09	2.090247e+01	-3.254720e+02
1.030000e-06	3.098110e-06	-3.176656e-09	2.190871e+01	-1.936927e+02
1.040000e-06	3.239255e-06	-6.926362e-10	2.290684e+01	-5.178019e+01
1.050000e-06	3.379149e-06	1.806101e-09	2.389612e+01	9.714502e+01
1.060000e-06	3.517684e-06	4.317721e-09	2.487579e+01	2.496414e+02
1.070000e-06	3.654924e-06	6.843734e-09	2.584630e+01	4.021664e+02
1.080000e-06	3.790819e-06	9.364922e-09	2.680729e+01	5.512446e+02
1.090000e-06	3.925300e-06	1.184531e-08	2.775830e+01	6.936057e+02
1.100000e-06	4.058390e-06	1.417430e-08	2.869946e+01	8.263284e+02
1.110000e-06	4.189995e-06	1.623863e-08	2.963012e+01	9.470087e+02
1.120000e-06	4.320054e-06	1.801646e-08	3.054985e+01	1.053945e+03
1.130000e-06	4.448638e-06	1.951061e-08	3.145915e+01	1.146298e+03
1.140000e-06	4.575711e-06	2.075328e-08	3.235777e+01	1.224173e+03
1.150000e-06	4.701178e-06	2.180276e-08	3.324503e+01	1.288575e+03
1.160000e-06	4.824961e-06	2.269521e-08	3.412037e+01	1.341213e+03
1.170000e-06	4.946994e-06	2.343303e-08	3.498335e+01	1.384193e+03
1.180000e-06	5.067294e-06	2.403373e-08	3.583407e+01	1.419661e+03
1.190000e-06	5.185729e-06	2.454086e-08	3.667159e+01	1.449478e+03
1.200000e-06	5.302160e-06	2.497991e-08	3.749495e+01	1.475017e+03
1.210000e-06	5.416544e-06	2.534410e-08	3.830383e+01	1.497114e+03
1.220000e-06	5.528865e-06	2.563759e-08	3.909813e+01	1.516170e+03
1.230000e-06	5.639184e-06	2.588870e-08	3.987826e+01	1.532351e+03
1.240000e-06	5.747500e-06	2.611093e-08	4.064423e+01	1.545803e+03
1.250000e-06	5.853747e-06	2.629683e-08	4.139557e+01	1.556804e+03
1.260000e-06	5.957892e-06	2.644300e-08	4.213205e+01	1.565812e+03
1.270000e-06	6.059931e-06	2.657247e-08	4.285363e+01	1.573403e+03
1.280000e-06	6.159709e-06	2.670042e-08	4.355923e+01	1.580142e+03
1.290000e-06	6.257179e-06	2.681686e-08	4.424850e+01	1.586450e+03
1.300000e-06	6.352410e-06	2.691217e-08	4.492194e+01	1.592514e+03
1.310000e-06	6.445471e-06	2.699644e-08	4.558004e+01	1.598298e+03
1.320000e-06	6.536336e-06	2.707989e-08	4.622259e+01	1.603621e+03
1.330000e-06	6.624841e-06	2.715189e-08	4.684847e+01	1.608288e+03
1.340000e-06	6.711032e-06	2.720744e-08	4.745799e+01	1.612209e+03
1.350000e-06	6.794922e-06	2.725891e-08	4.805122e+01	1.615452e+03
1.360000e-06	6.876421e-06	2.731747e-08	4.862756e+01	1.618233e+03
1.370000e-06	6.955426e-06	2.737559e-08	4.918625e+01	1.620835e+03
1.380000e-06	7.031864e-06	2.742164e-08	4.972679e+01	1.623493e+03
1.390000e-06	7.105700e-06	2.746150e-08	5.024893e+01	1.626317e+03
1.400000e-06	7.176906e-06	2.750558e-08	5.075247e+01	1.629254e+03
1.410000e-06	7.245513e-06	2.755011e-08	5.123764e+01	1.632127e+03
1.420000e-06	7.311557e-06	2.758429e-08	5.170468e+01	1.634725e+03
1.430000e-06	7.375024e-06	2.761023e-08	5.215349e+01	1.636896e+03
1.440000e-06	7.435974e-06	2.764286e-08	5.258451e+01	1.638613e+03
1.450000e-06	7.494372e-06	2.768030e-08	5.299748e+01	1.639983e+03
1.460000e-06	7.550103e-06	2.770835e-08	5.339159e+01	1.641201e+03
1.470000e-06	7.602897e-06	2.772702e-08	5.376493e+01	1.642463e+03
1.480000e-06	7.652518e-06	2.774852e-08	5.411583e+01	1.643884e+03
1.490000e-06	7.699201e-06	2.777447e-08	5.444596e+01	1.645457e+03
1.500000e-06	7.743165e-06	2.779331e-08	5.475686e+01	1.647058e+03
1.510000e-06	7.784295e-06	2.780307e-08	5.504771e+01	1.648512e+03
1.520000e-06	7.822637e-06	2.781438e-08	5.531885e+01	1.649666e+03
1.530000e-06	7.858343e-06	2.783206e-08	5.557135e+01	1.650460e+03
1.540000e-06	7.891264e-06	2.784614e-08	5.580416e+01	1.650952e+03
1.550000e-06	7.921410e-06	2.785301e-08	5.601733e+01	1.651288e+03
1.560000e-06	7.948827e-06	2.786122e-08	5.621122e+01	1.651637e+03
1.570000e-06	7.973346e-06	2.787228e-08	5.638461e+01	1.652121e+03
1.580000e-06	7.995100e-06	2.787896e-08	5.653845e+01	1.652760e+03
1.590000e-06	8.014173e-06	2.787747e-08	5.667332e+01	1.653468e+03
1.600000e-06	8.030366e-06	2.787568e-08	5.678784e+01	1.654091e+03
1.610000e-06	8.043538e-06	2.787906e-08	5.688098e+01	1.654479e+03
1.620000e-06	8.053549e-06	2.788143e-08	5.695178e+01	1.654550e+03
1.630000e-06	8.060580e-06	2.787849e-08	5.700149e+01	1.654325e+03
1.640000e-06	8.064856e-06	2.787471e-08	5.703174e+01	1.653919e+03
1.650000e-06	8.066237e-06	2.787243e-08	5.704150e+01	1.653490e+03
1.660000e-06	8.064857e-06	2.787383e-08	5.703174e+01	1.653172e+03
1.670000e-06	8.060973e-06	2.786608e-08	5.700428e+01	1.653018e+03
1.680000e-06	8.054391e-06	2.785244e-08	5.695773e+01	1.652978e+03
1.690000e-06	8.045115e-06	2.784045e-08	5.689214e+01	1.652922e+03
1.700000e-06	8.033021e-06	2.783154e-08	5.680661e+01	1.652698e+03
1.710000e-06	8.018050e-06	2.782007e-08	5.670074e+01	1.652195e+03
1.720000e-06	8.000627e-06	2.779489e-08	5.657753e+01	1.651388e+03
1.730000e-06	7.980929e-06	2.780152e-08	5.643823e+01	1.650348e+03
1.740000e-06	7.958504e-06	2.784339e-08	5.627965e+01	1.649204e+03
1.750000e-06	7.932695e-06	2.780762e-08	5.609714e+01	1.648090e+03
1.760000e-06	7.903163e-06	2.773151e-08	5.588830e+01	1.647086e+03
1.770000e-06	7.870417e-06	2.769815e-08	5.565673e+01	1.646186e+03
1.780000e-06	7.835236e-06	2.770007e-08	5.540795e+01	1.645306e+03
1.790000e-06	7.797570e-06	2.765561e-08	5.514159e+01	1.644327e+03
1.800000e-06	7.757717e-06	2.768293e-08	5.485976e+01	1.643141e+03
1.810000e-06	7.715863e-06	2.763977e-08	5.456379e+01	1.641709e+03
1.820000e-06	7.671361e-06	2.759494e-08	5.424908e+01	1.640067e+03
1.830000e-06	7.624216e-06	2.766683e-08	5.391569e+01	1.638312e+03
1.840000e-06	7.574234e-06	2.753972e-08	5.356223e+01	1.636551e+03
1.850000e-06	7.521007e-06	2.752684e-08	5.318583e+01	1.634854e+03
1.860000e-06	7.464981e-06	2.749667e-08	5.278963e+01	1.633220e+03
1.870000e-06	7.406343e-06	2.746219e-08	5.237497e+01	1.631573e+03
1.880000e-06	7.345080e-06	2.747272e-08	5.194174e+01	1.629799e+03
1.890000e-06	7.281104e-06	2.734968e-08	5.148932e+01	1.627796e+03
1.900000e-06	7.214467e-06	2.738395e-08	5.101809e+01	1.625514e+03
1.910000e-06	7.145163e-06	2.733281e-08	5.052800e+01	1.622981e+03
1.920000e-06	7.072982e-06	2.726169e-08	5.001756e+01	1.620288e+03
1.930000e-06	6.998151e-06	2.721935e-08	4.948839e+01	1.617543e+03
1.940000e-06	6.920601e-06	2.715947e-08	4.893998e+01	1.614830e+03
1.950000e-06	6.840425e-06	2.717836e-08	4.837300e+01	1.612163e+03
1.960000e-06	6.757918e-06	2.707467e-08	4.778955e+01	1.609485e+03
1.970000e-06	6.673003e-06	2.703419e-08	4.718906e+01	1.606694e+03
1.980000e-06	6.585570e-06	2.697279e-08	4.657076e+01	1.603688e+03
1.990000e-06	6.495759e-06	2.692299e-08	4.593565e+01	1.600413e+03
2.000000e-06	6.403790e-06	2.687181e-08	4.528528e+01	1.596888e+03
2.010000e-06	6.309456e-06	2.678062e-08	4.461818e+01	1.593193e+03
2.020000e-06	6.212825e-06	2.676221e-08	4.393484e+01	1.589436e+03
2.030000e-06	6.114057e-06	2.669389e-08	4.323639e+01	1.585695e+03
2.040000e-06	6.013107e-06	2.663478e-08	4.252251e+01	1.581987e+03
2.050000e-06	5.909893e-06	2.652284e-08	4.179262e+01	1.578250e+03
2.060000e-06	5.804536e-06	2.646262e-08	4.104757e+01	1.574375e+03
2.070000e-06	5.697283e-06	2.640703e-08	4.028912e+01	1.570245e+03
2.080000e-06	5.587980e-06	2.633122e-08	3.951617e+01	1.565796e+03
2.090000e-06	5.476645e-06	2.624723e-08	3.872885e+01	1.561040e+03
2.100000e-06	5.363209e-06	2.616098e-08	3.792667e+01	1.556064e+03
2.110000e-06	5.247596e-06	2.609823e-08	3.710909e+01	1.550990e+03
2.120000e-06	5.129918e-06	2.599315e-08	3.627692e+01	1.545916e+03
2.130000e-06	5.010280e-06	2.589254e-08	3.543089e+01	1.540875e+03
2.140000e-06	4.888838e-06	2.579380e-08	3.457209e+01	1.535805e+03
2.150000e-06	4.765588e-06	2.573055e-08	3.370051e+01	1.530583e+03
2.160000e-06	4.640634e-06	2.563812e-08	3.281688e+01	1.525066e+03
2.170000e-06	4.514085e-06	2.552668e-08	3.192197e+01	1.519159e+03
2.180000e-06	4.385920e-06	2.541285e-08	3.101564e+01	1.512856e+03
2.190000e-06	4.256171e-06	2.531338e-08	3.009809e+01	1.506246e+03
2.200000e-06	4.124907e-06	2.520186e-08	2.916985e+01	1.499471e+03
2.210000e-06	3.992198e-06	2.506717e-08	2.823138e+01	1.492665e+03
2.220000e-06	3.858097e-06	2.494981e-08	2.728306e+01	1.485890e+03
2.230000e-06	3.722545e-06	2.484607e-08	2.632449e+01	1.479102e+03
2.240000e-06	3.585583e-06	2.473690e-08	2.535594e+01	1.472162e+03
2.250000e-06	3.447282e-06	2.459373e-08	2.437793e+01	1.464892e+03
2.260000e-06	3.307680e-06	2.445330e-08	2.339071e+01	1.457148e+03
2.270000e-06	3.166852e-06	2.431847e-08	2.239483e+01	1.448883e+03
2.280000e-06	3.024840e-06	2.418096e-08	2.139057e+01	1.440171e+03
2.290000e-06	2.881674e-06	2.402036e-08	2.037816e+01	1.431173e+03
2.300000e-06	2.737433e-06	2.386206e-08	1.935813e+01	1.422067e+03
2.310000e-06	2.592275e-06	2.372289e-08	1.833163e+01	1.412967e+03
2.320000e-06	2.446255e-06	2.357786e-08	1.729903e+01	1.403869e+03
2.330000e-06	2.299335e-06	2.340902e-08	1.626006e+01	1.394636e+03
2.340000e-06	2.151544e-06	2.322314e-08	1.521494e+01	1.385058e+03
2.350000e-06	2.002987e-06	2.304857e-08	1.416439e+01	1.374930e+03
2.360000e-06	1.853795e-06	2.287455e-08	1.310936e+01	1.364143e+03
2.370000e-06	1.704026e-06	2.268365e-08	1.205026e+01	1.352729e+03
2.380000e-06	1.553690e-06	2.248219e-08	1.098713e+01	1.340849e+03
2.390000e-06	1.402815e-06	2.228859e-08	9.920201e+00	1.328722e+03
2.400000e-06	1.251346e-06	2.209522e-08	8.849062e+00	1.316523e+03
2.410000e-06	1.099344e-06	2.187972e-08	7.774161e+00	1.304298e+03
2.420000e-06	9.469901e-07	2.164880e-08	6.696770e+00	1.291923e+03
2.430000e-06	7.943220e-07	2.142048e-08	5.617157e+00	1.279146e+03
2.440000e-06	6.414128e-07	2.119574e-08	4.535839e+00	1.265674e+03
2.450000e-06	4.883227e-07	2.095635e-08	3.453241e+00	1.251290e+03
2.460000e-06	3.350095e-07	2.069563e-08	2.369066e+00	1.235933e+03
2.470000e-06	1.815956e-07	2.043103e-08	1.284178e+00	1.219710e+03
2.480000e-06	2.815101e-08	2.016440e-08	1.990737e-01	1.202834e+03
2.490000e-06	-1.252974e-07	1.987709e-08	-8.860580e-01	1.185496e+03
2.500000e-06	-2.786737e-07	1.956428e-08	-1.970679e+00	1.167742e+03
2.510000e-06	-4.319669e-07	1.924103e-08	-3.054713e+00	1.149396e+03
2.520000e-06	-5.851139e-07	1.890899e-08	-4.137713e+00	1.130071e+03
2.530000e-06	-7.380774e-07	1.854755e-08	-5.219415e+00	1.109279e+03
2.540000e-06	-8.907366e-07	1.815318e-08	-6.298966e+00	1.086584e+03
2.550000e-06	-1.043005e-06	1.773928e-08	-7.375756e+00	1.061744e+03
2.560000e-06	-1.194914e-06	1.731265e-08	-8.450000e+00	1.034770e+03
2.570000e-06	-1.346366e-06	1.685299e-08	-9.521010e+00	1.005840e+03
2.580000e-06	-1.497259e-06	1.634263e-08	-1.058807e+01	9.751060e+02
2.590000e-06	-1.647569e-06	1.578488e-08	-1.165101e+01	9.424114e+02
2.600000e-06	-1.797257e-06	1.517541e-08	-1.270955e+01	9.070377e+02
2.610000e-06	-1.946308e-06	1.448821e-08	-1.376359e+01	8.675633e+02
2.620000e-06	-2.094770e-06	1.369062e-08	-1.481345e+01	8.219059e+02
2.630000e-06	-2.242546e-06	1.277141e-08	-1.585847e+01	7.675615e+02
2.640000e-06	-2.389422e-06	1.171085e-08	-1.689712e+01	7.019945e+02
2.650000e-06	-2.535386e-06	1.045989e-08	-1.792933e+01	6.230843e+02
2.660000e-06	-2.680510e-06	8.959034e-09	-1.895560e+01	5.295206e+02
2.670000e-06	-2.824676e-06	7.159210e-09	-1.997508e+01	4.210575e+02
2.680000e-06	-2.967679e-06	5.046982e-09	-2.098635e+01	2.985814e+02
2.690000e-06	-3.109482e-06	2.704745e-09	-2.198912e+01	1.640026e+02
2.700000e-06	-3.250187e-06	2.742351e-10	-2.298414e+01	2.002660e+01
2.710000e-06	-3.389704e-06	-2.168553e-09	-2.397075e+01	-1.301223e+02
2.720000e-06	-3.527934e-06	-4.611470e-09	-2.494827e+01	-2.829588e+02
2.730000e-06	-3.664879e-06	-7.056117e-09	-2.591670e+01	-4.349432e+02
2.740000e-06	-3.800401e-06	-9.500927e-09	-2.687506e+01	-5.826387e+02
2.750000e-06	-3.934430e-06	-1.191945e-08	-2.782286e+01	-7.228479e+02
2.760000e-06	-4.067121e-06	-1.419985e-08	-2.876120e+01	-8.527621e+02
2.770000e-06	-4.198461e-06	-1.621439e-08	-2.968999e+01	-9.701355e+02
2.780000e-06	-4.328308e-06	-1.794040e-08	-3.060822e+01	-1.073469e+03
2.790000e-06	-4.456653e-06	-1.940656e-08	-3.151583e+01	-1.162157e+03
2.800000e-06	-4.583373e-06	-2.063769e-08	-3.241195e+01	-1.236539e+03
2.810000e-06	-4.708485e-06	-2.166302e-08	-3.329669e+01	-1.297819e+03
2.820000e-06	-4.831942e-06	-2.252043e-08	-3.416974e+01	-1.347838e+03
2.830000e-06	-4.953628e-06	-2.324089e-08	-3.503026e+01	-1.388746e+03
2.840000e-06	-5.073495e-06	-2.384380e-08	-3.587792e+01	-1.422645e+03
2.850000e-06	-5.191381e-06	-2.434728e-08	-3.671157e+01	-1.451286e+03
2.860000e-06	-5.307221e-06	-2.477054e-08	-3.753074e+01	-1.475907e+03
2.870000e-06	-5.420903e-06	-2.512902e-08	-3.833466e+01	-1.497220e+03
2.880000e-06	-5.532403e-06	-2.543032e-08	-3.912315e+01	-1.515547e+03
2.890000e-06	-5.641870e-06	-2.567725e-08	-3.989726e+01	-1.531030e+03
2.900000e-06	-5.749388e-06	-2.588246e-08	-4.065759e+01	-1.543837e+03
2.910000e-06	-5.854980e-06	-2.606351e-08	-4.140430e+01	-1.554291e+03
2.920000e-06	-5.958519e-06	-2.622480e-08	-4.213648e+01	-1.562889e+03
2.930000e-06	-6.059850e-06	-2.636493e-08	-4.285306e+01	-1.570219e+03
2.940000e-06	-6.158954e-06	-2.648801e-08	-4.355388e+01	-1.576821e+03
2.950000e-06	-6.255899e-06	-2.660005e-08	-4.423945e+01	-1.583060e+03
2.960000e-06	-6.350619e-06	-2.670077e-08	-4.490927e+01	-1.589066e+03
2.970000e-06	-6.443083e-06	-2.678634e-08	-4.556315e+01	-1.594755e+03
2.980000e-06	-6.533360e-06	-2.686164e-08	-4.620155e+01	-1.599931e+03
2.990000e-06	-6.621366e-06	-2.693207e-08	-4.682390e+01	-1.604416e+03
3.000000e-06	-6.706980e-06	-2.699940e-08	-4.742933e+01	-1.608155e+03
3.010000e-06	-6.790134e-06	-2.706173e-08	-4.801736e+01	-1.611259e+03
3.020000e-06	-6.870893e-06	-2.711800e-08	-4.858846e+01	-1.613970e+03
3.030000e-06	-6.949149e-06	-2.717261e-08	-4.914186e+01	-1.616568e+03
3.040000e-06	-7.024677e-06	-2.722358e-08	-4.967596e+01	-1.619266e+03
3.050000e-06	-7.097593e-06	-2.726734e-08	-5.019160e+01	-1.622129e+03
3.060000e-06	-7.167992e-06	-2.730604e-08	-5.068944e+01	-1.625071e+03
3.070000e-06	-7.235813e-06	-2.734635e-08	-5.116904e+01	-1.627895e+03
3.080000e-06	-7.301145e-06	-2.738780e-08	-5.163105e+01	-1.630398e+03
3.090000e-06	-7.363914e-06	-2.742496e-08	-5.207493e+01	-1.632453e+03
3.100000e-06	-7.423995e-06	-2.745694e-08	-5.249980e+01	-1.634069e+03
3.110000e-06	-7.481443e-06	-2.748940e-08	-5.290605e+01	-1.635382e+03
3.120000e-06	-7.536129e-06	-2.751980e-08	-5.329277e+01	-1.636596e+03
3.130000e-06	-7.587870e-06	-2.754500e-08	-5.365866e+01	-1.637892e+03
3.140000e-06	-7.636524e-06	-2.756633e-08	-5.400273e+01	-1.639358e+03
3.150000e-06	-7.682265e-06	-2.758861e-08	-5.432619e+01	-1.640954e+03
3.160000e-06	-7.725538e-06	-2.761329e-08	-5.463220e+01	-1.642536e+03
3.170000e-06	-7.766360e-06	-2.763643e-08	-5.492088e+01	-1.643928e+03
3.180000e-06	-7.804386e-06	-2.765564e-08	-5.518978e+01	-1.644994e+03
3.190000e-06	-7.839608e-06	-2.767319e-08	-5.543886e+01	-1.645704e+03
3.200000e-06	-7.872123e-06	-2.769159e-08	-5.566879e+01	-1.646142e+03
3.210000e-06	-7.901728e-06	-2.770503e-08	-5.587815e+01	-1.646467e+03
3.220000e-06	-7.928469e-06	-2.771326e-08	-5.606725e+01	-1.646843e+03
3.230000e-06	-7.952462e-06	-2.772025e-08	-5.623692e+01	-1.647369e+03
3.240000e-06	-7.973590e-06	-2.773069e-08	-5.638633e+01	-1.648038e+03
3.250000e-06	-7.991907e-06	-2.774133e-08	-5.651587e+01	-1.648741e+03
3.260000e-06	-8.007371e-06	-2.774825e-08	-5.662522e+01	-1.649319e+03
3.270000e-06	-8.019720e-06	-2.775314e-08	-5.671255e+01	-1.649633e+03
3.280000e-06	-8.029089e-06	-2.775946e-08	-5.677881e+01	-1.649624e+03
3.290000e-06	-8.035621e-06	-2.776312e-08	-5.682499e+01	-1.649341e+03
3.300000e-06	-8.039342e-06	-2.776192e-08	-5.685131e+01	-1.648915e+03
3.310000e-06	-8.040326e-06	-2.775743e-08	-5.685827e+01	-1.648505e+03
