# Temperatura_=_67.17
# Concentracion g/m^3_=_22000.0
# C_Vs_to_Am_M_A/Vsm_=_59384043850.047264
# pendiente_HvsI_1/m_=_3716.3
# ordenada_HvsI_A/m_=_1297.0
# frecuencia_Hz_=_301661.34470642

Tiempo_(s)	Campo_(V.s)	Magnetizacion_(V.s)	Campo_(kA/m)	Magnetizacion_(A/m)
0.000000e+00	-8.013927e-06	-2.515227e-08	-5.687448e+01	-1.492680e+03
1.000000e-08	-8.010593e-06	-2.514700e-08	-5.685082e+01	-1.492405e+03
2.000000e-08	-8.004567e-06	-2.514021e-08	-5.680805e+01	-1.492033e+03
3.000000e-08	-7.995944e-06	-2.513198e-08	-5.674686e+01	-1.491564e+03
4.000000e-08	-7.984519e-06	-2.512304e-08	-5.666577e+01	-1.490996e+03
5.000000e-08	-7.970176e-06	-2.511201e-08	-5.656398e+01	-1.490323e+03
6.000000e-08	-7.952942e-06	-2.510153e-08	-5.644167e+01	-1.489535e+03
7.000000e-08	-7.933183e-06	-2.509524e-08	-5.630144e+01	-1.488623e+03
8.000000e-08	-7.910933e-06	-2.506353e-08	-5.614353e+01	-1.487582e+03
9.000000e-08	-7.885536e-06	-2.500821e-08	-5.596329e+01	-1.486412e+03
1.000000e-07	-7.856786e-06	-2.499316e-08	-5.575925e+01	-1.485120e+03
1.100000e-07	-7.825206e-06	-2.500176e-08	-5.553513e+01	-1.483717e+03
1.200000e-07	-7.791034e-06	-2.498821e-08	-5.529261e+01	-1.482214e+03
1.300000e-07	-7.754316e-06	-2.495076e-08	-5.503203e+01	-1.480618e+03
1.400000e-07	-7.715505e-06	-2.493756e-08	-5.475659e+01	-1.478928e+03
1.500000e-07	-7.674557e-06	-2.492118e-08	-5.446599e+01	-1.477138e+03
1.600000e-07	-7.630828e-06	-2.485780e-08	-5.415564e+01	-1.475236e+03
1.700000e-07	-7.584241e-06	-2.482564e-08	-5.382501e+01	-1.473214e+03
1.800000e-07	-7.534888e-06	-2.476726e-08	-5.347476e+01	-1.471063e+03
1.900000e-07	-7.482388e-06	-2.474025e-08	-5.310217e+01	-1.468787e+03
2.000000e-07	-7.427024e-06	-2.473752e-08	-5.270925e+01	-1.466391e+03
2.100000e-07	-7.368997e-06	-2.467747e-08	-5.229744e+01	-1.463888e+03
2.200000e-07	-7.308289e-06	-2.464918e-08	-5.186659e+01	-1.461288e+03
2.300000e-07	-7.245082e-06	-2.459462e-08	-5.141802e+01	-1.458597e+03
2.400000e-07	-7.179099e-06	-2.454917e-08	-5.094974e+01	-1.455812e+03
2.500000e-07	-7.110405e-06	-2.449702e-08	-5.046222e+01	-1.452921e+03
2.600000e-07	-7.039164e-06	-2.441610e-08	-4.995663e+01	-1.449908e+03
2.700000e-07	-6.965236e-06	-2.437874e-08	-4.943197e+01	-1.446757e+03
2.800000e-07	-6.888573e-06	-2.434829e-08	-4.888789e+01	-1.443454e+03
2.900000e-07	-6.809100e-06	-2.429267e-08	-4.832388e+01	-1.439996e+03
3.000000e-07	-6.727080e-06	-2.420730e-08	-4.774178e+01	-1.436383e+03
3.100000e-07	-6.642856e-06	-2.415428e-08	-4.714405e+01	-1.432626e+03
3.200000e-07	-6.556394e-06	-2.410065e-08	-4.653043e+01	-1.428733e+03
3.300000e-07	-6.467607e-06	-2.401397e-08	-4.590031e+01	-1.424712e+03
3.400000e-07	-6.376526e-06	-2.394510e-08	-4.525391e+01	-1.420564e+03
3.500000e-07	-6.283184e-06	-2.387851e-08	-4.459147e+01	-1.416282e+03
3.600000e-07	-6.187574e-06	-2.381543e-08	-4.391293e+01	-1.411856e+03
3.700000e-07	-6.089658e-06	-2.373639e-08	-4.321803e+01	-1.407269e+03
3.800000e-07	-5.989496e-06	-2.364492e-08	-4.250718e+01	-1.402509e+03
3.900000e-07	-5.887217e-06	-2.356031e-08	-4.178131e+01	-1.397566e+03
4.000000e-07	-5.782825e-06	-2.348244e-08	-4.104045e+01	-1.392437e+03
4.100000e-07	-5.676312e-06	-2.339720e-08	-4.028453e+01	-1.387126e+03
4.200000e-07	-5.567756e-06	-2.329378e-08	-3.951411e+01	-1.381637e+03
4.300000e-07	-5.457269e-06	-2.319743e-08	-3.872999e+01	-1.375980e+03
4.400000e-07	-5.344759e-06	-2.310629e-08	-3.793151e+01	-1.370159e+03
4.500000e-07	-5.230051e-06	-2.300742e-08	-3.711743e+01	-1.364175e+03
4.600000e-07	-5.113280e-06	-2.289551e-08	-3.628872e+01	-1.358024e+03
4.700000e-07	-4.994603e-06	-2.278719e-08	-3.544647e+01	-1.351695e+03
4.800000e-07	-4.874026e-06	-2.268557e-08	-3.459074e+01	-1.345176e+03
4.900000e-07	-4.751640e-06	-2.257419e-08	-3.372218e+01	-1.338450e+03
5.000000e-07	-4.627578e-06	-2.244923e-08	-3.284171e+01	-1.331505e+03
5.100000e-07	-4.501928e-06	-2.232549e-08	-3.194998e+01	-1.324329e+03
5.200000e-07	-4.374681e-06	-2.220675e-08	-3.104691e+01	-1.316918e+03
5.300000e-07	-4.245814e-06	-2.208041e-08	-3.013235e+01	-1.309269e+03
5.400000e-07	-4.115451e-06	-2.194251e-08	-2.920717e+01	-1.301382e+03
5.500000e-07	-3.983642e-06	-2.180097e-08	-2.827173e+01	-1.293259e+03
5.600000e-07	-3.850331e-06	-2.166491e-08	-2.732563e+01	-1.284894e+03
5.700000e-07	-3.715629e-06	-2.152254e-08	-2.636965e+01	-1.276280e+03
5.800000e-07	-3.579643e-06	-2.136834e-08	-2.540457e+01	-1.267400e+03
5.900000e-07	-3.442367e-06	-2.121117e-08	-2.443032e+01	-1.258235e+03
6.000000e-07	-3.303680e-06	-2.105716e-08	-2.344607e+01	-1.248765e+03
6.100000e-07	-3.163575e-06	-2.089560e-08	-2.245175e+01	-1.238972e+03
6.200000e-07	-3.022224e-06	-2.072073e-08	-2.144859e+01	-1.228842e+03
6.300000e-07	-2.879698e-06	-2.054144e-08	-2.043709e+01	-1.218370e+03
6.400000e-07	-2.736015e-06	-2.036469e-08	-1.941737e+01	-1.207556e+03
6.500000e-07	-2.591303e-06	-2.018159e-08	-1.839036e+01	-1.196400e+03
6.600000e-07	-2.445712e-06	-1.998537e-08	-1.735711e+01	-1.184897e+03
6.700000e-07	-2.299306e-06	-1.978171e-08	-1.631807e+01	-1.173034e+03
6.800000e-07	-2.152084e-06	-1.957688e-08	-1.527324e+01	-1.160787e+03
6.900000e-07	-2.004117e-06	-1.936680e-08	-1.422313e+01	-1.148124e+03
7.000000e-07	-1.855502e-06	-1.914286e-08	-1.316841e+01	-1.135007e+03
7.100000e-07	-1.706260e-06	-1.891062e-08	-1.210925e+01	-1.121400e+03
7.200000e-07	-1.556495e-06	-1.867451e-08	-1.104637e+01	-1.107275e+03
7.300000e-07	-1.406203e-06	-1.843277e-08	-9.979760e+00	-1.092609e+03
7.400000e-07	-1.255336e-06	-1.817912e-08	-8.909065e+00	-1.077388e+03
7.500000e-07	-1.103973e-06	-1.791202e-08	-7.834845e+00	-1.061595e+03
7.600000e-07	-9.521888e-07	-1.763739e-08	-6.757641e+00	-1.045207e+03
7.700000e-07	-8.000924e-07	-1.735372e-08	-5.678220e+00	-1.028185e+03
7.800000e-07	-6.476782e-07	-1.705194e-08	-4.596543e+00	-1.010473e+03
7.900000e-07	-4.950099e-07	-1.673499e-08	-3.513063e+00	-9.919947e+02
8.000000e-07	-3.422310e-07	-1.640870e-08	-2.428798e+00	-9.726629e+02
8.100000e-07	-1.893085e-07	-1.607074e-08	-1.343514e+00	-9.523814e+02
8.200000e-07	-3.629494e-08	-1.571251e-08	-2.575835e-01	-9.310510e+02
8.300000e-07	1.167448e-07	-1.533092e-08	8.285322e-01	-9.085697e+02
8.400000e-07	2.697759e-07	-1.493045e-08	1.914588e+00	-8.848298e+02
8.500000e-07	4.226717e-07	-1.450856e-08	2.999682e+00	-8.597108e+02
8.600000e-07	5.753759e-07	-1.405766e-08	4.083417e+00	-8.330721e+02
8.700000e-07	7.278765e-07	-1.357419e-08	5.165707e+00	-8.047474e+02
8.800000e-07	8.800917e-07	-1.306267e-08	6.245971e+00	-7.745418e+02
8.900000e-07	1.031942e-06	-1.251802e-08	7.323644e+00	-7.422326e+02
9.000000e-07	1.183409e-06	-1.193143e-08	8.398600e+00	-7.075687e+02
9.100000e-07	1.334403e-06	-1.130167e-08	9.470199e+00	-6.702688e+02
9.200000e-07	1.484877e-06	-1.062193e-08	1.053810e+01	-6.300138e+02
9.300000e-07	1.634858e-06	-9.884763e-09	1.160251e+01	-5.864371e+02
9.400000e-07	1.784253e-06	-9.081584e-09	1.266276e+01	-5.391165e+02
9.500000e-07	1.933021e-06	-8.204643e-09	1.371856e+01	-4.875767e+02
9.600000e-07	2.081187e-06	-7.248853e-09	1.477009e+01	-4.313113e+02
9.700000e-07	2.228664e-06	-6.208229e-09	1.581672e+01	-3.698301e+02
9.800000e-07	2.375396e-06	-5.074061e-09	1.685807e+01	-3.027323e+02
9.900000e-07	2.521256e-06	-3.838518e-09	1.789324e+01	-2.297965e+02
1.000000e-06	2.666112e-06	-2.506167e-09	1.892128e+01	-1.510732e+02
1.010000e-06	2.810004e-06	-1.084169e-09	1.994247e+01	-6.695799e+01
1.020000e-06	2.952879e-06	4.160701e-10	2.095645e+01	2.177332e+01
1.030000e-06	3.094646e-06	1.978408e-09	2.196257e+01	1.139816e+02
1.040000e-06	3.235226e-06	3.575409e-09	2.296025e+01	2.082374e+02
1.050000e-06	3.374578e-06	5.176341e-09	2.394923e+01	3.029394e+02
1.060000e-06	3.512628e-06	6.754629e-09	2.492896e+01	3.964607e+02
1.070000e-06	3.649254e-06	8.285962e-09	2.589859e+01	4.872945e+02
1.080000e-06	3.784529e-06	9.748432e-09	2.685863e+01	5.741757e+02
1.090000e-06	3.918482e-06	1.112499e-08	2.780929e+01	6.561577e+02
1.100000e-06	4.051080e-06	1.240720e-08	2.875033e+01	7.326366e+02
1.110000e-06	4.182204e-06	1.359465e-08	2.968092e+01	8.033269e+02
1.120000e-06	4.311715e-06	1.468836e-08	3.060005e+01	8.682024e+02
1.130000e-06	4.439678e-06	1.568486e-08	3.150819e+01	9.274208e+02
1.140000e-06	4.566181e-06	1.658756e-08	3.240598e+01	9.812515e+02
1.150000e-06	4.691160e-06	1.740621e-08	3.329295e+01	1.030020e+03
1.160000e-06	4.814498e-06	1.814544e-08	3.416827e+01	1.074071e+03
1.170000e-06	4.936086e-06	1.880900e-08	3.503118e+01	1.113760e+03
1.180000e-06	5.055854e-06	1.940532e-08	3.588116e+01	1.149445e+03
1.190000e-06	5.173729e-06	1.994305e-08	3.671772e+01	1.181488e+03
1.200000e-06	5.289618e-06	2.042856e-08	3.754018e+01	1.210259e+03
1.210000e-06	5.403428e-06	2.086337e-08	3.834789e+01	1.236118e+03
1.220000e-06	5.515187e-06	2.125227e-08	3.914103e+01	1.259411e+03
1.230000e-06	5.625029e-06	2.160378e-08	3.992057e+01	1.280446e+03
1.240000e-06	5.732970e-06	2.192315e-08	4.068663e+01	1.299492e+03
1.250000e-06	5.838823e-06	2.221107e-08	4.143786e+01	1.316772e+03
1.260000e-06	5.942517e-06	2.247180e-08	4.217378e+01	1.332470e+03
1.270000e-06	6.044159e-06	2.271174e-08	4.289513e+01	1.346744e+03
1.280000e-06	6.143554e-06	2.293277e-08	4.360053e+01	1.359735e+03
1.290000e-06	6.240534e-06	2.313230e-08	4.428879e+01	1.371575e+03
1.300000e-06	6.335285e-06	2.331255e-08	4.496123e+01	1.382392e+03
1.310000e-06	6.427962e-06	2.347845e-08	4.561895e+01	1.392304e+03
1.320000e-06	6.518344e-06	2.363085e-08	4.626040e+01	1.401413e+03
1.330000e-06	6.606346e-06	2.376911e-08	4.688494e+01	1.409802e+03
1.340000e-06	6.692078e-06	2.389645e-08	4.749337e+01	1.417536e+03
1.350000e-06	6.775535e-06	2.401679e-08	4.808567e+01	1.424659e+03
1.360000e-06	6.856593e-06	2.412822e-08	4.866093e+01	1.431209e+03
1.370000e-06	6.935147e-06	2.422593e-08	4.921842e+01	1.437225e+03
1.380000e-06	7.011160e-06	2.431354e-08	4.975788e+01	1.442748e+03
1.390000e-06	7.084497e-06	2.439762e-08	5.027836e+01	1.447829e+03
1.400000e-06	7.155264e-06	2.447879e-08	5.078058e+01	1.452524e+03
1.410000e-06	7.223577e-06	2.455365e-08	5.126540e+01	1.456886e+03
1.420000e-06	7.289227e-06	2.462323e-08	5.173132e+01	1.460956e+03
1.430000e-06	7.352261e-06	2.468742e-08	5.217866e+01	1.464765e+03
1.440000e-06	7.412877e-06	2.474672e-08	5.260885e+01	1.468327e+03
1.450000e-06	7.470856e-06	2.480076e-08	5.302033e+01	1.471647e+03
1.460000e-06	7.526118e-06	2.484829e-08	5.341252e+01	1.474722e+03
1.470000e-06	7.578414e-06	2.489371e-08	5.378366e+01	1.477553e+03
1.480000e-06	7.627556e-06	2.493968e-08	5.413242e+01	1.480148e+03
1.490000e-06	7.673892e-06	2.498312e-08	5.446126e+01	1.482518e+03
1.500000e-06	7.717594e-06	2.502000e-08	5.477142e+01	1.484680e+03
1.510000e-06	7.758519e-06	2.505218e-08	5.506186e+01	1.486650e+03
1.520000e-06	7.796675e-06	2.508070e-08	5.533265e+01	1.488441e+03
1.530000e-06	7.832143e-06	2.510618e-08	5.558436e+01	1.490059e+03
1.540000e-06	7.864753e-06	2.512680e-08	5.581580e+01	1.491505e+03
1.550000e-06	7.894625e-06	2.514339e-08	5.602780e+01	1.492779e+03
1.560000e-06	7.921824e-06	2.516113e-08	5.622082e+01	1.493881e+03
1.570000e-06	7.946099e-06	2.518034e-08	5.639311e+01	1.494814e+03
1.580000e-06	7.967587e-06	2.519541e-08	5.654560e+01	1.495588e+03
1.590000e-06	7.986442e-06	2.520570e-08	5.667942e+01	1.496214e+03
1.600000e-06	8.002398e-06	2.521222e-08	5.679266e+01	1.496704e+03
1.610000e-06	8.015372e-06	2.521598e-08	5.688474e+01	1.497069e+03
1.620000e-06	8.025252e-06	2.521608e-08	5.695485e+01	1.497314e+03
1.630000e-06	8.032128e-06	2.521304e-08	5.700365e+01	1.497445e+03
1.640000e-06	8.036229e-06	2.521141e-08	5.703276e+01	1.497463e+03
1.650000e-06	8.037461e-06	2.520942e-08	5.704150e+01	1.497371e+03
1.660000e-06	8.035954e-06	2.520865e-08	5.703080e+01	1.497173e+03
1.670000e-06	8.031820e-06	2.520476e-08	5.700146e+01	1.496873e+03
1.680000e-06	8.025005e-06	2.519901e-08	5.695310e+01	1.496476e+03
1.690000e-06	8.015644e-06	2.519156e-08	5.688666e+01	1.495982e+03
1.700000e-06	8.003545e-06	2.517844e-08	5.680079e+01	1.495388e+03
1.710000e-06	7.988593e-06	2.515894e-08	5.669468e+01	1.494687e+03
1.720000e-06	7.971174e-06	2.513472e-08	5.657106e+01	1.493868e+03
1.730000e-06	7.951526e-06	2.512931e-08	5.643162e+01	1.492923e+03
1.740000e-06	7.929136e-06	2.515763e-08	5.627272e+01	1.491849e+03
1.750000e-06	7.903318e-06	2.513543e-08	5.608949e+01	1.490647e+03
1.760000e-06	7.873957e-06	2.508258e-08	5.588111e+01	1.489326e+03
1.770000e-06	7.841498e-06	2.505101e-08	5.565076e+01	1.487897e+03
1.780000e-06	7.806445e-06	2.501907e-08	5.540199e+01	1.486369e+03
1.790000e-06	7.768807e-06	2.496347e-08	5.513487e+01	1.484749e+03
1.800000e-06	7.728981e-06	2.496756e-08	5.485223e+01	1.483034e+03
1.810000e-06	7.687134e-06	2.494067e-08	5.455525e+01	1.481217e+03
1.820000e-06	7.642652e-06	2.487941e-08	5.423956e+01	1.479285e+03
1.830000e-06	7.595529e-06	2.490683e-08	5.390513e+01	1.477230e+03
1.840000e-06	7.545585e-06	2.482421e-08	5.355068e+01	1.475048e+03
1.850000e-06	7.492521e-06	2.479272e-08	5.317408e+01	1.472739e+03
1.860000e-06	7.436699e-06	2.474487e-08	5.277791e+01	1.470315e+03
1.870000e-06	7.378233e-06	2.466883e-08	5.236298e+01	1.467786e+03
1.880000e-06	7.317152e-06	2.468907e-08	5.192950e+01	1.465163e+03
1.890000e-06	7.253354e-06	2.459483e-08	5.147672e+01	1.462449e+03
1.900000e-06	7.186838e-06	2.456500e-08	5.100466e+01	1.459638e+03
1.910000e-06	7.117613e-06	2.453476e-08	5.051337e+01	1.456718e+03
1.920000e-06	7.045666e-06	2.445281e-08	5.000277e+01	1.453671e+03
1.930000e-06	6.971117e-06	2.440894e-08	4.947371e+01	1.450482e+03
1.940000e-06	6.893790e-06	2.432634e-08	4.892492e+01	1.447140e+03
1.950000e-06	6.813855e-06	2.429884e-08	4.835762e+01	1.443642e+03
1.960000e-06	6.731578e-06	2.422711e-08	4.777370e+01	1.439991e+03
1.970000e-06	6.646852e-06	2.417076e-08	4.717241e+01	1.436199e+03
1.980000e-06	6.559686e-06	2.411384e-08	4.655380e+01	1.432273e+03
1.990000e-06	6.470190e-06	2.402148e-08	4.591865e+01	1.428220e+03
2.000000e-06	6.378471e-06	2.396727e-08	4.526772e+01	1.424038e+03
2.010000e-06	6.284401e-06	2.387414e-08	4.460011e+01	1.419721e+03
2.020000e-06	6.188089e-06	2.380897e-08	4.391659e+01	1.415255e+03
2.030000e-06	6.089620e-06	2.372969e-08	4.321776e+01	1.410626e+03
2.040000e-06	5.988901e-06	2.365772e-08	4.250296e+01	1.405820e+03
2.050000e-06	5.885964e-06	2.357038e-08	4.177242e+01	1.400830e+03
2.060000e-06	5.780892e-06	2.347635e-08	4.102673e+01	1.395655e+03
2.070000e-06	5.673854e-06	2.338605e-08	4.026709e+01	1.390298e+03
2.080000e-06	5.564753e-06	2.329306e-08	3.949280e+01	1.384766e+03
2.090000e-06	5.453607e-06	2.319858e-08	3.870400e+01	1.379067e+03
2.100000e-06	5.340424e-06	2.309527e-08	3.790075e+01	1.373204e+03
2.110000e-06	5.225195e-06	2.300137e-08	3.708297e+01	1.367179e+03
2.120000e-06	5.107872e-06	2.289200e-08	3.625034e+01	1.360984e+03
2.130000e-06	4.988540e-06	2.278759e-08	3.540345e+01	1.354608e+03
2.140000e-06	4.867413e-06	2.266620e-08	3.454381e+01	1.348038e+03
2.150000e-06	4.744622e-06	2.256026e-08	3.367237e+01	1.341258e+03
2.160000e-06	4.620118e-06	2.244338e-08	3.278877e+01	1.334255e+03
2.170000e-06	4.493880e-06	2.232367e-08	3.189286e+01	1.327020e+03
2.180000e-06	4.366123e-06	2.219229e-08	3.098618e+01	1.319549e+03
2.190000e-06	4.236812e-06	2.206204e-08	3.006846e+01	1.311840e+03
2.200000e-06	4.106015e-06	2.193474e-08	2.914020e+01	1.303894e+03
2.210000e-06	3.973720e-06	2.179425e-08	2.820131e+01	1.295710e+03
2.220000e-06	3.839930e-06	2.165230e-08	2.725181e+01	1.287283e+03
2.230000e-06	3.704759e-06	2.150712e-08	2.629251e+01	1.278604e+03
2.240000e-06	3.568294e-06	2.136216e-08	2.532402e+01	1.269654e+03
2.250000e-06	3.430545e-06	2.120161e-08	2.434642e+01	1.260414e+03
2.260000e-06	3.291456e-06	2.103763e-08	2.335931e+01	1.250864e+03
2.270000e-06	3.151027e-06	2.087023e-08	2.236269e+01	1.240987e+03
2.280000e-06	3.009376e-06	2.069996e-08	2.135740e+01	1.230771e+03
2.290000e-06	2.866652e-06	2.052007e-08	2.034450e+01	1.220213e+03
2.300000e-06	2.722884e-06	2.033757e-08	1.932419e+01	1.209313e+03
2.310000e-06	2.578155e-06	2.014893e-08	1.829705e+01	1.198070e+03
2.320000e-06	2.432551e-06	1.995695e-08	1.726370e+01	1.186478e+03
2.330000e-06	2.286128e-06	1.975312e-08	1.622455e+01	1.174521e+03
2.340000e-06	2.138898e-06	1.954439e-08	1.517966e+01	1.162173e+03
2.350000e-06	1.990934e-06	1.932985e-08	1.412957e+01	1.149400e+03
2.360000e-06	1.842250e-06	1.910702e-08	1.307437e+01	1.136163e+03
2.370000e-06	1.692817e-06	1.887481e-08	1.201385e+01	1.122428e+03
2.380000e-06	1.542768e-06	1.863260e-08	1.094895e+01	1.108169e+03
2.390000e-06	1.392239e-06	1.838435e-08	9.880657e+00	1.093365e+03
2.400000e-06	1.241233e-06	1.812667e-08	8.808976e+00	1.078002e+03
2.410000e-06	1.089784e-06	1.785845e-08	7.734145e+00	1.062062e+03
2.420000e-06	9.379596e-07	1.757628e-08	6.656657e+00	1.045520e+03
2.430000e-06	7.858424e-07	1.728677e-08	5.577088e+00	1.028331e+03
2.440000e-06	6.334701e-07	1.698443e-08	4.495708e+00	1.010434e+03
2.450000e-06	4.808572e-07	1.667059e-08	3.412622e+00	9.917506e+02
2.460000e-06	3.280699e-07	1.634091e-08	2.328297e+00	9.721900e+02
2.470000e-06	1.751808e-07	1.599755e-08	1.243251e+00	9.516550e+02
2.480000e-06	2.224196e-08	1.563681e-08	1.578502e-01	9.300459e+02
2.490000e-06	-1.306746e-07	1.525319e-08	-9.273917e-01	9.072599e+02
2.500000e-06	-2.835042e-07	1.484642e-08	-2.012017e+00	8.831866e+02
2.510000e-06	-4.361757e-07	1.441872e-08	-3.095519e+00	8.577012e+02
2.520000e-06	-5.887224e-07	1.396755e-08	-4.178136e+00	8.306571e+02
2.530000e-06	-7.411034e-07	1.348441e-08	-5.259577e+00	8.018809e+02
2.540000e-06	-8.931615e-07	1.296646e-08	-6.338727e+00	7.711708e+02
2.550000e-06	-1.044898e-06	1.241367e-08	-7.415597e+00	7.382969e+02
2.560000e-06	-1.196258e-06	1.182315e-08	-8.489788e+00	7.030011e+02
2.570000e-06	-1.347221e-06	1.118824e-08	-9.561164e+00	6.649934e+02
2.580000e-06	-1.497737e-06	1.049979e-08	-1.062937e+01	6.239439e+02
2.590000e-06	-1.647716e-06	9.754463e-09	-1.169377e+01	5.794725e+02
2.600000e-06	-1.797081e-06	8.947126e-09	-1.275380e+01	5.311428e+02
2.610000e-06	-1.945747e-06	8.064403e-09	-1.380888e+01	4.784689e+02
2.620000e-06	-2.093726e-06	7.099084e-09	-1.485908e+01	4.209428e+02
2.630000e-06	-2.240937e-06	6.045974e-09	-1.590383e+01	3.580891e+02
2.640000e-06	-2.387266e-06	4.900227e-09	-1.694232e+01	2.895428e+02
2.650000e-06	-2.532712e-06	3.656407e-09	-1.797454e+01	2.151423e+02
2.660000e-06	-2.677299e-06	2.317126e-09	-1.900067e+01	1.350187e+02
2.670000e-06	-2.820931e-06	8.884577e-10	-2.002002e+01	4.966123e+01
2.680000e-06	-2.963543e-06	-6.168027e-10	-2.103213e+01	-4.005971e+01
2.690000e-06	-3.104995e-06	-2.177449e-09	-2.203601e+01	-1.329235e+02
2.700000e-06	-3.245180e-06	-3.766845e-09	-2.303090e+01	-2.274452e+02
2.710000e-06	-3.384111e-06	-5.356847e-09	-2.401688e+01	-3.220028e+02
2.720000e-06	-3.521765e-06	-6.917518e-09	-2.499381e+01	-4.149864e+02
2.730000e-06	-3.658115e-06	-8.426254e-09	-2.596147e+01	-5.049398e+02
2.740000e-06	-3.793129e-06	-9.867464e-09	-2.691967e+01	-5.906722e+02
2.750000e-06	-3.926831e-06	-1.122655e-08	-2.786854e+01	-6.713224e+02
2.760000e-06	-4.059118e-06	-1.249357e-08	-2.880738e+01	-7.463701e+02
2.770000e-06	-4.189881e-06	-1.366610e-08	-2.973539e+01	-8.156013e+02
2.780000e-06	-4.319207e-06	-1.474286e-08	-3.065322e+01	-8.790428e+02
2.790000e-06	-4.447098e-06	-1.572108e-08	-3.156086e+01	-9.368867e+02
2.800000e-06	-4.573440e-06	-1.660699e-08	-3.245750e+01	-9.894207e+02
2.810000e-06	-4.698098e-06	-1.740825e-08	-3.334219e+01	-1.036977e+03
2.820000e-06	-4.821023e-06	-1.813092e-08	-3.421458e+01	-1.079906e+03
2.830000e-06	-4.942306e-06	-1.878285e-08	-3.507532e+01	-1.118560e+03
2.840000e-06	-5.061825e-06	-1.937222e-08	-3.592355e+01	-1.153301e+03
2.850000e-06	-5.179287e-06	-1.990276e-08	-3.675717e+01	-1.184492e+03
2.860000e-06	-5.294622e-06	-2.037807e-08	-3.757570e+01	-1.212502e+03
2.870000e-06	-5.407827e-06	-2.080496e-08	-3.837910e+01	-1.237689e+03
2.880000e-06	-5.518861e-06	-2.119065e-08	-3.916711e+01	-1.260391e+03
2.890000e-06	-5.627854e-06	-2.153842e-08	-3.994062e+01	-1.280906e+03
2.900000e-06	-5.734971e-06	-2.185140e-08	-4.070083e+01	-1.299492e+03
2.910000e-06	-5.840205e-06	-2.213515e-08	-4.144767e+01	-1.316361e+03
2.920000e-06	-5.943288e-06	-2.239375e-08	-4.217924e+01	-1.331690e+03
2.930000e-06	-6.044068e-06	-2.262860e-08	-4.289448e+01	-1.345630e+03
2.940000e-06	-6.142735e-06	-2.284410e-08	-4.359471e+01	-1.358322e+03
2.950000e-06	-6.239424e-06	-2.304260e-08	-4.428091e+01	-1.369895e+03
2.960000e-06	-6.333891e-06	-2.322296e-08	-4.495134e+01	-1.380476e+03
2.970000e-06	-6.425989e-06	-2.338692e-08	-4.560495e+01	-1.390179e+03
2.980000e-06	-6.515850e-06	-2.353773e-08	-4.624269e+01	-1.399101e+03
2.990000e-06	-6.603524e-06	-2.367678e-08	-4.686491e+01	-1.407322e+03
3.000000e-06	-6.688805e-06	-2.380450e-08	-4.747015e+01	-1.414900e+03
3.010000e-06	-6.771600e-06	-2.392252e-08	-4.805774e+01	-1.421877e+03
3.020000e-06	-6.852094e-06	-2.403341e-08	-4.862900e+01	-1.428291e+03
3.030000e-06	-6.930054e-06	-2.413742e-08	-4.918228e+01	-1.434179e+03
3.040000e-06	-7.005268e-06	-2.423175e-08	-4.971607e+01	-1.439587e+03
3.050000e-06	-7.077923e-06	-2.431590e-08	-5.023170e+01	-1.444568e+03
3.060000e-06	-7.148030e-06	-2.439131e-08	-5.072924e+01	-1.449175e+03
3.070000e-06	-7.215530e-06	-2.446297e-08	-5.120829e+01	-1.453461e+03
3.080000e-06	-7.280521e-06	-2.453179e-08	-5.166953e+01	-1.457465e+03
3.090000e-06	-7.342932e-06	-2.459574e-08	-5.211246e+01	-1.461212e+03
3.100000e-06	-7.402679e-06	-2.465287e-08	-5.253648e+01	-1.464714e+03
3.110000e-06	-7.459802e-06	-2.470787e-08	-5.294188e+01	-1.467973e+03
3.120000e-06	-7.514157e-06	-2.475973e-08	-5.332763e+01	-1.470987e+03
3.130000e-06	-7.565632e-06	-2.480690e-08	-5.369295e+01	-1.473759e+03
3.140000e-06	-7.614008e-06	-2.485000e-08	-5.403627e+01	-1.476297e+03
3.150000e-06	-7.659456e-06	-2.489120e-08	-5.435881e+01	-1.478614e+03
3.160000e-06	-7.702530e-06	-2.493053e-08	-5.466451e+01	-1.480727e+03
3.170000e-06	-7.743126e-06	-2.496267e-08	-5.495262e+01	-1.482652e+03
3.180000e-06	-7.780888e-06	-2.499016e-08	-5.522061e+01	-1.484400e+03
3.190000e-06	-7.815912e-06	-2.501552e-08	-5.546917e+01	-1.485976e+03
3.200000e-06	-7.848274e-06	-2.504030e-08	-5.569885e+01	-1.487380e+03
3.210000e-06	-7.877723e-06	-2.506364e-08	-5.590784e+01	-1.488611e+03
3.220000e-06	-7.904295e-06	-2.508442e-08	-5.609643e+01	-1.489671e+03
3.230000e-06	-7.928167e-06	-2.510174e-08	-5.626585e+01	-1.490564e+03
3.240000e-06	-7.949150e-06	-2.511611e-08	-5.641476e+01	-1.491300e+03
3.250000e-06	-7.967321e-06	-2.512530e-08	-5.654371e+01	-1.491891e+03
3.260000e-06	-7.982699e-06	-2.513141e-08	-5.665285e+01	-1.492350e+03
3.270000e-06	-7.994956e-06	-2.513791e-08	-5.673984e+01	-1.492685e+03
3.280000e-06	-8.004241e-06	-2.514472e-08	-5.680574e+01	-1.492902e+03
3.290000e-06	-8.010668e-06	-2.514895e-08	-5.685135e+01	-1.493005e+03
3.300000e-06	-8.014262e-06	-2.515210e-08	-5.687686e+01	-1.492996e+03
3.310000e-06	-8.015130e-06	-2.515550e-08	-5.688302e+01	-1.492878e+03
