# Temperatura_=_81.51
# Concentracion g/m^3_=_22000.0
# C_Vs_to_Am_M_A/Vsm_=_59384043850.047264
# pendiente_HvsI_1/m_=_3716.3
# ordenada_HvsI_A/m_=_1297.0
# frecuencia_Hz_=_301659.6678009109

Tiempo_(s)	Campo_(V.s)	Magnetizacion_(V.s)	Campo_(kA/m)	Magnetizacion_(A/m)
0.000000e+00	-7.997600e-06	-2.442744e-08	-5.687638e+01	-1.450763e+03
1.000000e-08	-7.993856e-06	-2.442375e-08	-5.684975e+01	-1.450550e+03
2.000000e-08	-7.987536e-06	-2.442005e-08	-5.680481e+01	-1.450240e+03
3.000000e-08	-7.978615e-06	-2.441386e-08	-5.674137e+01	-1.449811e+03
4.000000e-08	-7.966825e-06	-2.440513e-08	-5.665752e+01	-1.449243e+03
5.000000e-08	-7.952028e-06	-2.439489e-08	-5.655229e+01	-1.448532e+03
6.000000e-08	-7.934395e-06	-2.438864e-08	-5.642689e+01	-1.447684e+03
7.000000e-08	-7.914336e-06	-2.438652e-08	-5.628424e+01	-1.446718e+03
8.000000e-08	-7.891741e-06	-2.432509e-08	-5.612355e+01	-1.445653e+03
9.000000e-08	-7.865965e-06	-2.427072e-08	-5.594024e+01	-1.444506e+03
1.000000e-07	-7.836896e-06	-2.428345e-08	-5.573351e+01	-1.443279e+03
1.100000e-07	-7.805011e-06	-2.429426e-08	-5.550675e+01	-1.441964e+03
1.200000e-07	-7.770496e-06	-2.427081e-08	-5.526129e+01	-1.440542e+03
1.300000e-07	-7.733486e-06	-2.423477e-08	-5.499809e+01	-1.438991e+03
1.400000e-07	-7.694418e-06	-2.425185e-08	-5.472025e+01	-1.437295e+03
1.500000e-07	-7.653197e-06	-2.419722e-08	-5.442710e+01	-1.435450e+03
1.600000e-07	-7.609182e-06	-2.414401e-08	-5.411408e+01	-1.433467e+03
1.700000e-07	-7.562403e-06	-2.411940e-08	-5.378140e+01	-1.431369e+03
1.800000e-07	-7.512828e-06	-2.402852e-08	-5.342884e+01	-1.429184e+03
1.900000e-07	-7.460047e-06	-2.404442e-08	-5.305348e+01	-1.426935e+03
2.000000e-07	-7.404445e-06	-2.402414e-08	-5.265805e+01	-1.424634e+03
2.100000e-07	-7.346173e-06	-2.396269e-08	-5.224364e+01	-1.422274e+03
2.200000e-07	-7.285236e-06	-2.394528e-08	-5.181028e+01	-1.419837e+03
2.300000e-07	-7.221777e-06	-2.388739e-08	-5.135898e+01	-1.417295e+03
2.400000e-07	-7.155545e-06	-2.385803e-08	-5.088796e+01	-1.414622e+03
2.500000e-07	-7.086685e-06	-2.377591e-08	-5.039825e+01	-1.411799e+03
2.600000e-07	-7.015297e-06	-2.370920e-08	-4.989056e+01	-1.408825e+03
2.700000e-07	-6.941162e-06	-2.368780e-08	-4.936333e+01	-1.405708e+03
2.800000e-07	-6.864273e-06	-2.365290e-08	-4.881652e+01	-1.402463e+03
2.900000e-07	-6.784640e-06	-2.359623e-08	-4.825020e+01	-1.399106e+03
3.000000e-07	-6.702454e-06	-2.350850e-08	-4.766572e+01	-1.395643e+03
3.100000e-07	-6.618034e-06	-2.347874e-08	-4.706535e+01	-1.392070e+03
3.200000e-07	-6.531433e-06	-2.341007e-08	-4.644947e+01	-1.388371e+03
3.300000e-07	-6.442586e-06	-2.332467e-08	-4.581762e+01	-1.384527e+03
3.400000e-07	-6.351371e-06	-2.326216e-08	-4.516893e+01	-1.380522e+03
3.500000e-07	-6.257886e-06	-2.320022e-08	-4.450409e+01	-1.376350e+03
3.600000e-07	-6.162230e-06	-2.314449e-08	-4.382381e+01	-1.372014e+03
3.700000e-07	-6.064171e-06	-2.305683e-08	-4.312645e+01	-1.367525e+03
3.800000e-07	-5.963835e-06	-2.297456e-08	-4.241289e+01	-1.362895e+03
3.900000e-07	-5.861419e-06	-2.289102e-08	-4.168454e+01	-1.358129e+03
4.000000e-07	-5.756910e-06	-2.282078e-08	-4.094131e+01	-1.353223e+03
4.100000e-07	-5.650266e-06	-2.273030e-08	-4.018290e+01	-1.348159e+03
4.200000e-07	-5.541593e-06	-2.263561e-08	-3.941004e+01	-1.342916e+03
4.300000e-07	-5.431097e-06	-2.255076e-08	-3.862423e+01	-1.337472e+03
4.400000e-07	-5.318622e-06	-2.246051e-08	-3.782435e+01	-1.331816e+03
4.500000e-07	-5.203916e-06	-2.236071e-08	-3.700860e+01	-1.325947e+03
4.600000e-07	-5.087055e-06	-2.224998e-08	-3.617752e+01	-1.319881e+03
4.700000e-07	-4.968331e-06	-2.215012e-08	-3.533319e+01	-1.313634e+03
4.800000e-07	-4.847821e-06	-2.204510e-08	-3.447616e+01	-1.307223e+03
4.900000e-07	-4.725509e-06	-2.193585e-08	-3.360631e+01	-1.300650e+03
5.000000e-07	-4.601471e-06	-2.181391e-08	-3.272420e+01	-1.293904e+03
5.100000e-07	-4.475814e-06	-2.169739e-08	-3.183056e+01	-1.286958e+03
5.200000e-07	-4.348503e-06	-2.158050e-08	-3.092517e+01	-1.279781e+03
5.300000e-07	-4.219725e-06	-2.145591e-08	-3.000934e+01	-1.272345e+03
5.400000e-07	-4.089535e-06	-2.132241e-08	-2.908347e+01	-1.264634e+03
5.500000e-07	-3.957758e-06	-2.118543e-08	-2.814631e+01	-1.256646e+03
5.600000e-07	-3.824482e-06	-2.105204e-08	-2.719850e+01	-1.248394e+03
5.700000e-07	-3.689892e-06	-2.090930e-08	-2.624133e+01	-1.239895e+03
5.800000e-07	-3.554024e-06	-2.075924e-08	-2.527508e+01	-1.231159e+03
5.900000e-07	-3.416874e-06	-2.060418e-08	-2.429972e+01	-1.222183e+03
6.000000e-07	-3.278324e-06	-2.045408e-08	-2.331439e+01	-1.212945e+03
6.100000e-07	-3.138358e-06	-2.029564e-08	-2.231900e+01	-1.203414e+03
6.200000e-07	-2.997140e-06	-2.012766e-08	-2.131471e+01	-1.193551e+03
6.300000e-07	-2.854707e-06	-1.995651e-08	-2.030177e+01	-1.183324e+03
6.400000e-07	-2.711232e-06	-1.978296e-08	-1.928142e+01	-1.172717e+03
6.500000e-07	-2.566688e-06	-1.960102e-08	-1.825347e+01	-1.161725e+03
6.600000e-07	-2.421157e-06	-1.940730e-08	-1.721849e+01	-1.150356e+03
6.700000e-07	-2.274851e-06	-1.920805e-08	-1.617802e+01	-1.138619e+03
6.800000e-07	-2.127781e-06	-1.900387e-08	-1.513210e+01	-1.126513e+03
6.900000e-07	-1.979940e-06	-1.879817e-08	-1.408070e+01	-1.114021e+03
7.000000e-07	-1.831420e-06	-1.857921e-08	-1.302448e+01	-1.101110e+03
7.100000e-07	-1.682357e-06	-1.835091e-08	-1.196438e+01	-1.087733e+03
7.200000e-07	-1.532790e-06	-1.811765e-08	-1.090071e+01	-1.073842e+03
7.300000e-07	-1.382744e-06	-1.787757e-08	-9.833637e+00	-1.059396e+03
7.400000e-07	-1.232225e-06	-1.762703e-08	-8.763194e+00	-1.044366e+03
7.500000e-07	-1.081194e-06	-1.736369e-08	-7.689110e+00	-1.028731e+03
7.600000e-07	-9.296534e-07	-1.709150e-08	-6.611399e+00	-1.012476e+03
7.700000e-07	-7.777956e-07	-1.680849e-08	-5.531434e+00	-9.955764e+02
7.800000e-07	-6.256684e-07	-1.651068e-08	-4.449554e+00	-9.779907e+02
7.900000e-07	-4.732886e-07	-1.619657e-08	-3.365878e+00	-9.596515e+02
8.000000e-07	-3.208098e-07	-1.587270e-08	-2.281497e+00	-9.404667e+02
8.100000e-07	-1.682195e-07	-1.553669e-08	-1.196323e+00	-9.203245e+02
8.200000e-07	-1.554757e-08	-1.518019e-08	-1.105694e-01	-8.991014e+02
8.300000e-07	1.370802e-07	-1.479859e-08	9.748709e-01	-8.766693e+02
8.400000e-07	2.896193e-07	-1.439627e-08	2.059680e+00	-8.528987e+02
8.500000e-07	4.420805e-07	-1.397218e-08	3.143936e+00	-8.276563e+02
8.600000e-07	5.944248e-07	-1.351806e-08	4.227360e+00	-8.007987e+02
8.700000e-07	7.465845e-07	-1.302988e-08	5.309471e+00	-7.721627e+02
8.800000e-07	8.985137e-07	-1.251060e-08	6.389943e+00	-7.415565e+02
8.900000e-07	1.050082e-06	-1.195905e-08	7.467849e+00	-7.087517e+02
9.000000e-07	1.201157e-06	-1.136371e-08	8.542244e+00	-6.734771e+02
9.100000e-07	1.351768e-06	-1.071925e-08	9.613344e+00	-6.354129e+02
9.200000e-07	1.501893e-06	-1.002125e-08	1.068098e+01	-5.941854e+02
9.300000e-07	1.651488e-06	-9.263075e-09	1.174486e+01	-5.493635e+02
9.400000e-07	1.800547e-06	-8.432329e-09	1.280491e+01	-5.004625e+02
9.500000e-07	1.949037e-06	-7.521189e-09	1.386093e+01	-4.469605e+02
9.600000e-07	2.096905e-06	-6.525849e-09	1.491252e+01	-3.883364e+02
9.700000e-07	2.243971e-06	-5.439332e-09	1.595841e+01	-3.241309e+02
9.800000e-07	2.390174e-06	-4.253642e-09	1.699816e+01	-2.540294e+02
9.900000e-07	2.535509e-06	-2.962707e-09	1.803173e+01	-1.779565e+02
1.000000e-06	2.679918e-06	-1.577122e-09	1.905872e+01	-9.616231e+01
1.010000e-06	2.823345e-06	-1.068910e-10	2.007873e+01	-9.282127e+00
1.020000e-06	2.965735e-06	1.432465e-09	2.109136e+01	8.165145e+01
1.030000e-06	3.107036e-06	3.018300e-09	2.209625e+01	1.752548e+02
1.040000e-06	3.247114e-06	4.618286e-09	2.309244e+01	2.698970e+02
1.050000e-06	3.385909e-06	6.199597e-09	2.407950e+01	3.638467e+02
1.060000e-06	3.523417e-06	7.741819e-09	2.505742e+01	4.554373e+02
1.070000e-06	3.659606e-06	9.221715e-09	2.602595e+01	5.432193e+02
1.080000e-06	3.794401e-06	1.061766e-08	2.698457e+01	6.260735e+02
1.090000e-06	3.927849e-06	1.191471e-08	2.793361e+01	7.032661e+02
1.100000e-06	4.059896e-06	1.310859e-08	2.887269e+01	7.744414e+02
1.110000e-06	4.190437e-06	1.420255e-08	2.980106e+01	8.395627e+02
1.120000e-06	4.319482e-06	1.519963e-08	3.071878e+01	8.988223e+02
1.130000e-06	4.447015e-06	1.610175e-08	3.162576e+01	9.525445e+02
1.140000e-06	4.573081e-06	1.691603e-08	3.252230e+01	1.001105e+03
1.150000e-06	4.697573e-06	1.765062e-08	3.340764e+01	1.044879e+03
1.160000e-06	4.820340e-06	1.831221e-08	3.428072e+01	1.084224e+03
1.170000e-06	4.941367e-06	1.890448e-08	3.514143e+01	1.119481e+03
1.180000e-06	5.060610e-06	1.943137e-08	3.598945e+01	1.150995e+03
1.190000e-06	5.177995e-06	1.990160e-08	3.682425e+01	1.179127e+03
1.200000e-06	5.293386e-06	2.032384e-08	3.764488e+01	1.204255e+03
1.210000e-06	5.406705e-06	2.070282e-08	3.845076e+01	1.226763e+03
1.220000e-06	5.518024e-06	2.104211e-08	3.924243e+01	1.247015e+03
1.230000e-06	5.627458e-06	2.134962e-08	4.002069e+01	1.265331e+03
1.240000e-06	5.734987e-06	2.162904e-08	4.078540e+01	1.281970e+03
1.250000e-06	5.840430e-06	2.188100e-08	4.153528e+01	1.297123e+03
1.260000e-06	5.943678e-06	2.211147e-08	4.226954e+01	1.310927e+03
1.270000e-06	6.044779e-06	2.232356e-08	4.298854e+01	1.323482e+03
1.280000e-06	6.143670e-06	2.251541e-08	4.369183e+01	1.334879e+03
1.290000e-06	6.240221e-06	2.268599e-08	4.437847e+01	1.345216e+03
1.300000e-06	6.334563e-06	2.284178e-08	4.504940e+01	1.354604e+03
1.310000e-06	6.426785e-06	2.298632e-08	4.570525e+01	1.363165e+03
1.320000e-06	6.516728e-06	2.311756e-08	4.634490e+01	1.371020e+03
1.330000e-06	6.604269e-06	2.323515e-08	4.696745e+01	1.378271e+03
1.340000e-06	6.689545e-06	2.334318e-08	4.757391e+01	1.384994e+03
1.350000e-06	6.772577e-06	2.344838e-08	4.816441e+01	1.391237e+03
1.360000e-06	6.853158e-06	2.354824e-08	4.873747e+01	1.397022e+03
1.370000e-06	6.931229e-06	2.363716e-08	4.929269e+01	1.402361e+03
1.380000e-06	7.006681e-06	2.371739e-08	4.982929e+01	1.407268e+03
1.390000e-06	7.079449e-06	2.379297e-08	5.034678e+01	1.411772e+03
1.400000e-06	7.149720e-06	2.386460e-08	5.084653e+01	1.415914e+03
1.410000e-06	7.217515e-06	2.392756e-08	5.132867e+01	1.419749e+03
1.420000e-06	7.282686e-06	2.398400e-08	5.179214e+01	1.423330e+03
1.430000e-06	7.345312e-06	2.403999e-08	5.223752e+01	1.426700e+03
1.440000e-06	7.405444e-06	2.409678e-08	5.266516e+01	1.429882e+03
1.450000e-06	7.462942e-06	2.414984e-08	5.307407e+01	1.432879e+03
1.460000e-06	7.517723e-06	2.419613e-08	5.346365e+01	1.435678e+03
1.470000e-06	7.569547e-06	2.423917e-08	5.383221e+01	1.438257e+03
1.480000e-06	7.618251e-06	2.427784e-08	5.417857e+01	1.440601e+03
1.490000e-06	7.664155e-06	2.431087e-08	5.450503e+01	1.442706e+03
1.500000e-06	7.707420e-06	2.433953e-08	5.481271e+01	1.444585e+03
1.510000e-06	7.747875e-06	2.436661e-08	5.510042e+01	1.446264e+03
1.520000e-06	7.785606e-06	2.439275e-08	5.536875e+01	1.447774e+03
1.530000e-06	7.820628e-06	2.441669e-08	5.561781e+01	1.449147e+03
1.540000e-06	7.852818e-06	2.443814e-08	5.584674e+01	1.450400e+03
1.550000e-06	7.882275e-06	2.445581e-08	5.605623e+01	1.451539e+03
1.560000e-06	7.908999e-06	2.447128e-08	5.624628e+01	1.452554e+03
1.570000e-06	7.932900e-06	2.448549e-08	5.641626e+01	1.453427e+03
1.580000e-06	7.954102e-06	2.449647e-08	5.656704e+01	1.454140e+03
1.590000e-06	7.972534e-06	2.450578e-08	5.669812e+01	1.454685e+03
1.600000e-06	7.988010e-06	2.451254e-08	5.680818e+01	1.455065e+03
1.610000e-06	8.000409e-06	2.451443e-08	5.689636e+01	1.455297e+03
1.620000e-06	8.009704e-06	2.451324e-08	5.696247e+01	1.455410e+03
1.630000e-06	8.016176e-06	2.451092e-08	5.700849e+01	1.455433e+03
1.640000e-06	8.019914e-06	2.450808e-08	5.703507e+01	1.455390e+03
1.650000e-06	8.020818e-06	2.450476e-08	5.704150e+01	1.455291e+03
1.660000e-06	8.019096e-06	2.450612e-08	5.702926e+01	1.455133e+03
1.670000e-06	8.014729e-06	2.450289e-08	5.699820e+01	1.454897e+03
1.680000e-06	8.007591e-06	2.449676e-08	5.694744e+01	1.454559e+03
1.690000e-06	7.997837e-06	2.448788e-08	5.687807e+01	1.454096e+03
1.700000e-06	7.985269e-06	2.447344e-08	5.678869e+01	1.453492e+03
1.710000e-06	7.969979e-06	2.445009e-08	5.667995e+01	1.452745e+03
1.720000e-06	7.952357e-06	2.441476e-08	5.655463e+01	1.451865e+03
1.730000e-06	7.932422e-06	2.444173e-08	5.641286e+01	1.450872e+03
1.740000e-06	7.909681e-06	2.447361e-08	5.625113e+01	1.449785e+03
1.750000e-06	7.883485e-06	2.442715e-08	5.606484e+01	1.448618e+03
1.760000e-06	7.853678e-06	2.437465e-08	5.585285e+01	1.447370e+03
1.770000e-06	7.820837e-06	2.434950e-08	5.561930e+01	1.446029e+03
1.780000e-06	7.785522e-06	2.429993e-08	5.536815e+01	1.444577e+03
1.790000e-06	7.747680e-06	2.424980e-08	5.509903e+01	1.442990e+03
1.800000e-06	7.707700e-06	2.429923e-08	5.481471e+01	1.441256e+03
1.810000e-06	7.665662e-06	2.420532e-08	5.451575e+01	1.439375e+03
1.820000e-06	7.621025e-06	2.418773e-08	5.419831e+01	1.437360e+03
1.830000e-06	7.573671e-06	2.421208e-08	5.386154e+01	1.435237e+03
1.840000e-06	7.523356e-06	2.409091e-08	5.350371e+01	1.433034e+03
1.850000e-06	7.470026e-06	2.411196e-08	5.312444e+01	1.430771e+03
1.860000e-06	7.413957e-06	2.400618e-08	5.272570e+01	1.428456e+03
1.870000e-06	7.355279e-06	2.398093e-08	5.230840e+01	1.426079e+03
1.880000e-06	7.294004e-06	2.398235e-08	5.187263e+01	1.423618e+03
1.890000e-06	7.229995e-06	2.387720e-08	5.141742e+01	1.421044e+03
1.900000e-06	7.163374e-06	2.390086e-08	5.094363e+01	1.418334e+03
1.910000e-06	7.093970e-06	2.382173e-08	5.045005e+01	1.415473e+03
1.920000e-06	7.021753e-06	2.377354e-08	4.993647e+01	1.412461e+03
1.930000e-06	6.947028e-06	2.370011e-08	4.940505e+01	1.409310e+03
1.940000e-06	6.869487e-06	2.362555e-08	4.885360e+01	1.406036e+03
1.950000e-06	6.789307e-06	2.360868e-08	4.828339e+01	1.402652e+03
1.960000e-06	6.706800e-06	2.351944e-08	4.769662e+01	1.399162e+03
1.970000e-06	6.621891e-06	2.350447e-08	4.709278e+01	1.395558e+03
1.980000e-06	6.534535e-06	2.341707e-08	4.647153e+01	1.391824e+03
1.990000e-06	6.444837e-06	2.335199e-08	4.583363e+01	1.387941e+03
2.000000e-06	6.353058e-06	2.328155e-08	4.518093e+01	1.383894e+03
2.010000e-06	6.258928e-06	2.318864e-08	4.451151e+01	1.379680e+03
2.020000e-06	6.162448e-06	2.312926e-08	4.382537e+01	1.375304e+03
2.030000e-06	6.063849e-06	2.304691e-08	4.312416e+01	1.370778e+03
2.040000e-06	5.963128e-06	2.299188e-08	4.240786e+01	1.366113e+03
2.050000e-06	5.860156e-06	2.289578e-08	4.167556e+01	1.361313e+03
2.060000e-06	5.755012e-06	2.282205e-08	4.092781e+01	1.356369e+03
2.070000e-06	5.647995e-06	2.272186e-08	4.016674e+01	1.351262e+03
2.080000e-06	5.538988e-06	2.263473e-08	3.939152e+01	1.345970e+03
2.090000e-06	5.427906e-06	2.253957e-08	3.860154e+01	1.340473e+03
2.100000e-06	5.314781e-06	2.244369e-08	3.779703e+01	1.334763e+03
2.110000e-06	5.199604e-06	2.235203e-08	3.697793e+01	1.328843e+03
2.120000e-06	5.082254e-06	2.224357e-08	3.614337e+01	1.322729e+03
2.130000e-06	4.962880e-06	2.214370e-08	3.529442e+01	1.316439e+03
2.140000e-06	4.841801e-06	2.202299e-08	3.443335e+01	1.309987e+03
2.150000e-06	4.719052e-06	2.192347e-08	3.356039e+01	1.303373e+03
2.160000e-06	4.594602e-06	2.180330e-08	3.267535e+01	1.296579e+03
2.170000e-06	4.468423e-06	2.169039e-08	3.177800e+01	1.289578e+03
2.180000e-06	4.340582e-06	2.156209e-08	3.086884e+01	1.282338e+03
2.190000e-06	4.211313e-06	2.143935e-08	2.994952e+01	1.274834e+03
2.200000e-06	4.080575e-06	2.131091e-08	2.901975e+01	1.267052e+03
2.210000e-06	3.948421e-06	2.117254e-08	2.807991e+01	1.258997e+03
2.220000e-06	3.814868e-06	2.103281e-08	2.713013e+01	1.250681e+03
2.230000e-06	3.679758e-06	2.088672e-08	2.616927e+01	1.242122e+03
2.240000e-06	3.543342e-06	2.074605e-08	2.519912e+01	1.233326e+03
2.250000e-06	3.405693e-06	2.058862e-08	2.422021e+01	1.224286e+03
2.260000e-06	3.266755e-06	2.043183e-08	2.323212e+01	1.214978e+03
2.270000e-06	3.126597e-06	2.026647e-08	2.223536e+01	1.205367e+03
2.280000e-06	2.985244e-06	2.010117e-08	2.123011e+01	1.195415e+03
2.290000e-06	2.842643e-06	1.992379e-08	2.021597e+01	1.185094e+03
2.300000e-06	2.698917e-06	1.974379e-08	1.919384e+01	1.174390e+03
2.310000e-06	2.554323e-06	1.955654e-08	1.816553e+01	1.163302e+03
2.320000e-06	2.408910e-06	1.936428e-08	1.713140e+01	1.151840e+03
2.330000e-06	2.262630e-06	1.916476e-08	1.609110e+01	1.140011e+03
2.340000e-06	2.115557e-06	1.895927e-08	1.504517e+01	1.127811e+03
2.350000e-06	1.967773e-06	1.874990e-08	1.399417e+01	1.115217e+03
2.360000e-06	1.819322e-06	1.852914e-08	1.293844e+01	1.102194e+03
2.370000e-06	1.670307e-06	1.830078e-08	1.187869e+01	1.088692e+03
2.380000e-06	1.520695e-06	1.806160e-08	1.081470e+01	1.074666e+03
2.390000e-06	1.370456e-06	1.781485e-08	9.746250e+00	1.060075e+03
2.400000e-06	1.219628e-06	1.755807e-08	8.673608e+00	1.044895e+03
2.410000e-06	1.068300e-06	1.729282e-08	7.597412e+00	1.029106e+03
2.420000e-06	9.166138e-07	1.701610e-08	6.518666e+00	1.012692e+03
2.430000e-06	7.646092e-07	1.673019e-08	5.437657e+00	9.956256e+02
2.440000e-06	6.123493e-07	1.643020e-08	4.354833e+00	9.778584e+02
2.450000e-06	4.599462e-07	1.611810e-08	3.270991e+00	9.593169e+02
2.460000e-06	3.073765e-07	1.579229e-08	2.185964e+00	9.399034e+02
2.470000e-06	1.546697e-07	1.544979e-08	1.099962e+00	9.195023e+02
2.480000e-06	1.966451e-09	1.508779e-08	1.398477e-02	8.979886e+02
2.490000e-06	-1.506745e-07	1.470511e-08	-1.071549e+00	8.752336e+02
2.500000e-06	-3.032772e-07	1.430095e-08	-2.156811e+00	8.511073e+02
2.510000e-06	-4.557875e-07	1.387201e-08	-3.241415e+00	8.254747e+02
2.520000e-06	-6.081103e-07	1.341537e-08	-4.324687e+00	7.981883e+02
2.530000e-06	-7.602355e-07	1.292560e-08	-5.406553e+00	7.690786e+02
2.540000e-06	-9.120902e-07	1.240287e-08	-6.486495e+00	7.379452e+02
2.550000e-06	-1.063583e-06	1.184379e-08	-7.563863e+00	7.045497e+02
2.560000e-06	-1.214609e-06	1.124338e-08	-8.637911e+00	6.686093e+02
2.570000e-06	-1.365040e-06	1.059337e-08	-9.707730e+00	6.297910e+02
2.580000e-06	-1.514920e-06	9.887342e-09	-1.077363e+01	5.877071e+02
2.590000e-06	-1.664323e-06	9.120347e-09	-1.183614e+01	5.419123e+02
2.600000e-06	-1.813172e-06	8.283916e-09	-1.289470e+01	4.919103e+02
2.610000e-06	-1.961384e-06	7.367639e-09	-1.394874e+01	4.371750e+02
2.620000e-06	-2.108947e-06	6.362254e-09	-1.499816e+01	3.771940e+02
2.630000e-06	-2.255724e-06	5.263729e-09	-1.604199e+01	3.115358e+02
2.640000e-06	-2.401647e-06	4.068001e-09	-1.707975e+01	2.399367e+02
2.650000e-06	-2.546785e-06	2.773624e-09	-1.811192e+01	1.623952e+02
2.660000e-06	-2.691080e-06	1.384471e-09	-1.913810e+01	7.925375e+01
2.670000e-06	-2.834397e-06	-9.117142e-11	-2.015733e+01	-8.752023e+00
2.680000e-06	-2.976557e-06	-1.631725e-09	-2.116832e+01	-1.004951e+02
2.690000e-06	-3.117513e-06	-3.213028e-09	-2.217076e+01	-1.945182e+02
2.700000e-06	-3.257227e-06	-4.806331e-09	-2.316436e+01	-2.891503e+02
2.710000e-06	-3.395690e-06	-6.378541e-09	-2.414907e+01	-3.826609e+02
2.720000e-06	-3.532910e-06	-7.903072e-09	-2.512493e+01	-4.734243e+02
2.730000e-06	-3.668812e-06	-9.358551e-09	-2.609142e+01	-5.600651e+02
2.740000e-06	-3.803365e-06	-1.072812e-08	-2.704832e+01	-6.415579e+02
2.750000e-06	-3.936541e-06	-1.200404e-08	-2.799542e+01	-7.172662e+02
2.760000e-06	-4.068337e-06	-1.318397e-08	-2.893272e+01	-7.869212e+02
2.770000e-06	-4.198680e-06	-1.426303e-08	-2.985968e+01	-8.505528e+02
2.780000e-06	-4.327623e-06	-1.524180e-08	-3.077668e+01	-9.083949e+02
2.790000e-06	-4.455157e-06	-1.612583e-08	-3.168366e+01	-9.607913e+02
2.800000e-06	-4.580998e-06	-1.692347e-08	-3.257860e+01	-1.008121e+03
2.810000e-06	-4.705113e-06	-1.764106e-08	-3.346127e+01	-1.050756e+03
2.820000e-06	-4.827596e-06	-1.828570e-08	-3.433233e+01	-1.089048e+03
2.830000e-06	-4.948393e-06	-1.886758e-08	-3.519140e+01	-1.123337e+03
2.840000e-06	-5.067320e-06	-1.938987e-08	-3.603717e+01	-1.153971e+03
2.850000e-06	-5.184200e-06	-1.985400e-08	-3.686838e+01	-1.181316e+03
2.860000e-06	-5.299040e-06	-2.026483e-08	-3.768509e+01	-1.205754e+03
2.870000e-06	-5.411734e-06	-2.063328e-08	-3.848653e+01	-1.227665e+03
2.880000e-06	-5.522260e-06	-2.096987e-08	-3.927256e+01	-1.247406e+03
2.890000e-06	-5.630833e-06	-2.127536e-08	-4.004469e+01	-1.265282e+03
2.900000e-06	-5.737538e-06	-2.154880e-08	-4.080354e+01	-1.281534e+03
2.910000e-06	-5.842280e-06	-2.179681e-08	-4.154844e+01	-1.296340e+03
2.920000e-06	-5.944825e-06	-2.202489e-08	-4.227770e+01	-1.309823e+03
2.930000e-06	-6.045188e-06	-2.223282e-08	-4.299145e+01	-1.322081e+03
2.940000e-06	-6.143507e-06	-2.241991e-08	-4.369066e+01	-1.333204e+03
2.950000e-06	-6.239640e-06	-2.259034e-08	-4.437433e+01	-1.343293e+03
2.960000e-06	-6.333482e-06	-2.274804e-08	-4.504171e+01	-1.352463e+03
2.970000e-06	-6.425096e-06	-2.289417e-08	-4.569324e+01	-1.360837e+03
2.980000e-06	-6.514558e-06	-2.302647e-08	-4.632946e+01	-1.368532e+03
2.990000e-06	-6.601702e-06	-2.314572e-08	-4.694921e+01	-1.375646e+03
3.000000e-06	-6.686334e-06	-2.325702e-08	-4.755108e+01	-1.382246e+03
3.010000e-06	-6.768636e-06	-2.336138e-08	-4.813638e+01	-1.388374e+03
3.020000e-06	-6.848714e-06	-2.345901e-08	-4.870587e+01	-1.394046e+03
3.030000e-06	-6.926227e-06	-2.354964e-08	-4.925712e+01	-1.399276e+03
3.040000e-06	-7.000972e-06	-2.363452e-08	-4.978869e+01	-1.404080e+03
3.050000e-06	-7.073099e-06	-2.370908e-08	-5.030162e+01	-1.408489e+03
3.060000e-06	-7.142663e-06	-2.377436e-08	-5.079635e+01	-1.412550e+03
3.070000e-06	-7.209721e-06	-2.383540e-08	-5.127324e+01	-1.416317e+03
3.080000e-06	-7.274301e-06	-2.389535e-08	-5.173251e+01	-1.419842e+03
3.090000e-06	-7.336283e-06	-2.395416e-08	-5.217331e+01	-1.423164e+03
3.100000e-06	-7.395637e-06	-2.400727e-08	-5.259541e+01	-1.426301e+03
3.110000e-06	-7.452316e-06	-2.405702e-08	-5.299850e+01	-1.429251e+03
3.120000e-06	-7.506174e-06	-2.410429e-08	-5.338152e+01	-1.431997e+03
3.130000e-06	-7.557119e-06	-2.414655e-08	-5.374382e+01	-1.434519e+03
3.140000e-06	-7.605030e-06	-2.418224e-08	-5.408455e+01	-1.436804e+03
3.150000e-06	-7.650118e-06	-2.421685e-08	-5.440520e+01	-1.438851e+03
3.160000e-06	-7.692709e-06	-2.425099e-08	-5.470810e+01	-1.440677e+03
3.170000e-06	-7.732766e-06	-2.428118e-08	-5.499297e+01	-1.442311e+03
3.180000e-06	-7.770114e-06	-2.430575e-08	-5.525858e+01	-1.443785e+03
3.190000e-06	-7.804710e-06	-2.432800e-08	-5.550461e+01	-1.445127e+03
3.200000e-06	-7.836565e-06	-2.435004e-08	-5.573116e+01	-1.446353e+03
3.210000e-06	-7.865517e-06	-2.436880e-08	-5.593705e+01	-1.447462e+03
3.220000e-06	-7.891625e-06	-2.438635e-08	-5.612273e+01	-1.448444e+03
3.230000e-06	-7.915045e-06	-2.440105e-08	-5.628928e+01	-1.449279e+03
3.240000e-06	-7.935667e-06	-2.441417e-08	-5.643594e+01	-1.449951e+03
3.250000e-06	-7.953536e-06	-2.442201e-08	-5.656302e+01	-1.450454e+03
3.260000e-06	-7.968560e-06	-2.442689e-08	-5.666986e+01	-1.450795e+03
3.270000e-06	-7.980462e-06	-2.443231e-08	-5.675450e+01	-1.450996e+03
3.280000e-06	-7.989427e-06	-2.443738e-08	-5.681826e+01	-1.451084e+03
3.290000e-06	-7.995502e-06	-2.443987e-08	-5.686147e+01	-1.451089e+03
3.300000e-06	-7.998713e-06	-2.444003e-08	-5.688430e+01	-1.451032e+03
3.310000e-06	-7.999224e-06	-2.443719e-08	-5.688793e+01	-1.450920e+03
