# Temperatura_=_26.15
# Concentracion g/m^3_=_22000.0
# C_Vs_to_Am_M_A/Vsm_=_59384043850.047264
# pendiente_HvsI_1/m_=_3716.3
# ordenada_HvsI_A/m_=_1297.0
# frecuencia_Hz_=_301661.17672744294

Tiempo_(s)	Campo_(V.s)	Magnetizacion_(V.s)	Campo_(kA/m)	Magnetizacion_(A/m)
0.000000e+00	-8.011863e-06	-2.473232e-08	-5.687634e+01	-1.468107e+03
1.000000e-08	-8.008472e-06	-2.472960e-08	-5.685227e+01	-1.467896e+03
2.000000e-08	-8.002456e-06	-2.472499e-08	-5.680956e+01	-1.467579e+03
3.000000e-08	-7.993865e-06	-2.471599e-08	-5.674858e+01	-1.467136e+03
4.000000e-08	-7.982411e-06	-2.470517e-08	-5.666726e+01	-1.466553e+03
5.000000e-08	-7.967997e-06	-2.469456e-08	-5.656494e+01	-1.465820e+03
6.000000e-08	-7.950721e-06	-2.468404e-08	-5.644230e+01	-1.464940e+03
7.000000e-08	-7.930931e-06	-2.467626e-08	-5.630180e+01	-1.463924e+03
8.000000e-08	-7.908672e-06	-2.463600e-08	-5.614379e+01	-1.462790e+03
9.000000e-08	-7.883226e-06	-2.458717e-08	-5.596314e+01	-1.461554e+03
1.000000e-07	-7.854405e-06	-2.458335e-08	-5.575855e+01	-1.460231e+03
1.100000e-07	-7.822824e-06	-2.458858e-08	-5.553436e+01	-1.458828e+03
1.200000e-07	-7.788658e-06	-2.456486e-08	-5.529181e+01	-1.457347e+03
1.300000e-07	-7.751927e-06	-2.452569e-08	-5.503105e+01	-1.455786e+03
1.400000e-07	-7.713028e-06	-2.452076e-08	-5.475491e+01	-1.454138e+03
1.500000e-07	-7.671977e-06	-2.448694e-08	-5.446348e+01	-1.452399e+03
1.600000e-07	-7.628252e-06	-2.443347e-08	-5.415308e+01	-1.450563e+03
1.700000e-07	-7.581761e-06	-2.440885e-08	-5.382304e+01	-1.448625e+03
1.800000e-07	-7.532513e-06	-2.434682e-08	-5.347343e+01	-1.446576e+03
1.900000e-07	-7.480071e-06	-2.432603e-08	-5.310114e+01	-1.444407e+03
2.000000e-07	-7.424710e-06	-2.430167e-08	-5.270813e+01	-1.442106e+03
2.100000e-07	-7.366696e-06	-2.424628e-08	-5.229629e+01	-1.439661e+03
2.200000e-07	-7.306009e-06	-2.421948e-08	-5.186547e+01	-1.437063e+03
2.300000e-07	-7.242807e-06	-2.416216e-08	-5.141680e+01	-1.434309e+03
2.400000e-07	-7.176832e-06	-2.412622e-08	-5.094844e+01	-1.431406e+03
2.500000e-07	-7.108129e-06	-2.406927e-08	-5.046072e+01	-1.428365e+03
2.600000e-07	-7.036924e-06	-2.399940e-08	-4.995523e+01	-1.425205e+03
2.700000e-07	-6.963044e-06	-2.395704e-08	-4.943076e+01	-1.421937e+03
2.800000e-07	-6.886420e-06	-2.391018e-08	-4.888680e+01	-1.418568e+03
2.900000e-07	-6.807045e-06	-2.385274e-08	-4.832332e+01	-1.415093e+03
3.000000e-07	-6.725031e-06	-2.377400e-08	-4.774110e+01	-1.411497e+03
3.100000e-07	-6.640739e-06	-2.372931e-08	-4.714271e+01	-1.407757e+03
3.200000e-07	-6.554238e-06	-2.366589e-08	-4.652864e+01	-1.403854e+03
3.300000e-07	-6.465379e-06	-2.358410e-08	-4.589783e+01	-1.399774e+03
3.400000e-07	-6.374217e-06	-2.351637e-08	-4.525067e+01	-1.395516e+03
3.500000e-07	-6.280800e-06	-2.344133e-08	-4.458750e+01	-1.391093e+03
3.600000e-07	-6.185121e-06	-2.336873e-08	-4.390827e+01	-1.386525e+03
3.700000e-07	-6.087205e-06	-2.328531e-08	-4.321316e+01	-1.381832e+03
3.800000e-07	-5.987068e-06	-2.320711e-08	-4.250229e+01	-1.377025e+03
3.900000e-07	-5.884795e-06	-2.312270e-08	-4.177626e+01	-1.372102e+03
4.000000e-07	-5.780338e-06	-2.304390e-08	-4.103471e+01	-1.367045e+03
4.100000e-07	-5.673779e-06	-2.295593e-08	-4.027825e+01	-1.361824e+03
4.200000e-07	-5.565251e-06	-2.285704e-08	-3.950780e+01	-1.356408e+03
4.300000e-07	-5.454814e-06	-2.276182e-08	-3.872381e+01	-1.350774e+03
4.400000e-07	-5.342316e-06	-2.266531e-08	-3.792519e+01	-1.344916e+03
4.500000e-07	-5.227645e-06	-2.256678e-08	-3.711113e+01	-1.338842e+03
4.600000e-07	-5.110907e-06	-2.245722e-08	-3.628241e+01	-1.332575e+03
4.700000e-07	-4.992278e-06	-2.234844e-08	-3.544026e+01	-1.326140e+03
4.800000e-07	-4.871783e-06	-2.224277e-08	-3.458486e+01	-1.319552e+03
4.900000e-07	-4.749445e-06	-2.213330e-08	-3.371639e+01	-1.312810e+03
5.000000e-07	-4.625442e-06	-2.201004e-08	-3.283608e+01	-1.305896e+03
5.100000e-07	-4.499753e-06	-2.188766e-08	-3.194382e+01	-1.298777e+03
5.200000e-07	-4.372465e-06	-2.176775e-08	-3.104020e+01	-1.291415e+03
5.300000e-07	-4.243642e-06	-2.164203e-08	-3.012568e+01	-1.283783e+03
5.400000e-07	-4.113305e-06	-2.150491e-08	-2.920042e+01	-1.275869e+03
5.500000e-07	-3.981513e-06	-2.136397e-08	-2.826482e+01	-1.267683e+03
5.600000e-07	-3.848249e-06	-2.122695e-08	-2.731878e+01	-1.259247e+03
5.700000e-07	-3.713599e-06	-2.108393e-08	-2.636290e+01	-1.250585e+03
5.800000e-07	-3.577672e-06	-2.093269e-08	-2.539795e+01	-1.241714e+03
5.900000e-07	-3.440384e-06	-2.077687e-08	-2.442334e+01	-1.232626e+03
6.000000e-07	-3.301658e-06	-2.062244e-08	-2.343852e+01	-1.223296e+03
6.100000e-07	-3.161615e-06	-2.046153e-08	-2.244436e+01	-1.213680e+03
6.200000e-07	-3.020382e-06	-2.029186e-08	-2.144174e+01	-1.203730e+03
6.300000e-07	-2.877910e-06	-2.011571e-08	-2.043033e+01	-1.193410e+03
6.400000e-07	-2.734246e-06	-1.993940e-08	-1.941046e+01	-1.182701e+03
6.500000e-07	-2.589584e-06	-1.975771e-08	-1.838350e+01	-1.171609e+03
6.600000e-07	-2.444045e-06	-1.956392e-08	-1.735032e+01	-1.160155e+03
6.700000e-07	-2.297660e-06	-1.936375e-08	-1.631112e+01	-1.148362e+03
6.800000e-07	-2.150453e-06	-1.916019e-08	-1.526610e+01	-1.136243e+03
6.900000e-07	-2.002450e-06	-1.895393e-08	-1.421543e+01	-1.123786e+03
7.000000e-07	-1.853739e-06	-1.873440e-08	-1.315972e+01	-1.110956e+03
7.100000e-07	-1.704458e-06	-1.850696e-08	-1.209997e+01	-1.097696e+03
7.200000e-07	-1.554615e-06	-1.827702e-08	-1.103624e+01	-1.083947e+03
7.300000e-07	-1.404209e-06	-1.804251e-08	-9.968502e+00	-1.069658e+03
7.400000e-07	-1.253368e-06	-1.779646e-08	-8.897680e+00	-1.054798e+03
7.500000e-07	-1.102108e-06	-1.753535e-08	-7.823885e+00	-1.039360e+03
7.600000e-07	-9.504238e-07	-1.726650e-08	-6.747074e+00	-1.023348e+03
7.700000e-07	-7.983297e-07	-1.698900e-08	-5.667356e+00	-1.006766e+03
7.800000e-07	-6.459424e-07	-1.669706e-08	-4.585556e+00	-9.895973e+02
7.900000e-07	-4.933341e-07	-1.639149e-08	-3.502187e+00	-9.717964e+02
8.000000e-07	-3.405478e-07	-1.607892e-08	-2.417554e+00	-9.532824e+02
8.100000e-07	-1.876768e-07	-1.575709e-08	-1.332321e+00	-9.339471e+02
8.200000e-07	-3.471290e-08	-1.541803e-08	-2.464274e-01	-9.136689e+02
8.300000e-07	1.182710e-07	-1.505548e-08	8.396078e-01	-8.923284e+02
8.400000e-07	2.711907e-07	-1.467510e-08	1.925187e+00	-8.698195e+02
8.500000e-07	4.239939e-07	-1.427746e-08	3.009940e+00	-8.460510e+02
8.600000e-07	5.766423e-07	-1.385367e-08	4.093593e+00	-8.209388e+02
8.700000e-07	7.291146e-07	-1.340030e-08	5.175996e+00	-7.943908e+02
8.800000e-07	8.812963e-07	-1.292466e-08	6.256336e+00	-7.662894e+02
8.900000e-07	1.033117e-06	-1.242504e-08	7.334112e+00	-7.364785e+02
9.000000e-07	1.184562e-06	-1.188786e-08	8.409226e+00	-7.047585e+02
9.100000e-07	1.335546e-06	-1.131278e-08	9.481064e+00	-6.708881e+02
9.200000e-07	1.486057e-06	-1.069970e-08	1.054955e+01	-6.345927e+02
9.300000e-07	1.636035e-06	-1.004425e-08	1.161424e+01	-5.955733e+02
9.400000e-07	1.785455e-06	-9.332738e-09	1.267497e+01	-5.535117e+02
9.500000e-07	1.934230e-06	-8.559685e-09	1.373113e+01	-5.080740e+02
9.600000e-07	2.082280e-06	-7.723838e-09	1.478214e+01	-4.589128e+02
9.700000e-07	2.229654e-06	-6.821320e-09	1.582835e+01	-4.056768e+02
9.800000e-07	2.376284e-06	-5.846651e-09	1.686928e+01	-3.480339e+02
9.900000e-07	2.522091e-06	-4.788499e-09	1.790436e+01	-2.857122e+02
1.000000e-06	2.666923e-06	-3.651895e-09	1.893253e+01	-2.185579e+02
1.010000e-06	2.810742e-06	-2.435985e-09	1.995350e+01	-1.466015e+02
1.020000e-06	2.953548e-06	-1.141132e-09	2.096728e+01	-7.011781e+01
1.030000e-06	3.095243e-06	2.228263e-10	2.197318e+01	1.033610e+01
1.040000e-06	3.235790e-06	1.636821e-09	2.297093e+01	9.391858e+01
1.050000e-06	3.375044e-06	3.080239e-09	2.395949e+01	1.795444e+02
1.060000e-06	3.513037e-06	4.540121e-09	2.493910e+01	2.659651e+02
1.070000e-06	3.649741e-06	5.993873e-09	2.590957e+01	3.518767e+02
1.080000e-06	3.784999e-06	7.414569e-09	2.686977e+01	4.360342e+02
1.090000e-06	3.918913e-06	8.781661e-09	2.782042e+01	5.173524e+02
1.100000e-06	4.051409e-06	1.008452e-08	2.876102e+01	5.949757e+02
1.110000e-06	4.182344e-06	1.131748e-08	2.969053e+01	6.683061e+02
1.120000e-06	4.311822e-06	1.247438e-08	3.060970e+01	7.369935e+02
1.130000e-06	4.439844e-06	1.354978e-08	3.151852e+01	8.008942e+02
1.140000e-06	4.566350e-06	1.454387e-08	3.241659e+01	8.600167e+02
1.150000e-06	4.691284e-06	1.546024e-08	3.330350e+01	9.144678e+02
1.160000e-06	4.814485e-06	1.629993e-08	3.417810e+01	9.644115e+02
1.170000e-06	4.935913e-06	1.706274e-08	3.504013e+01	1.010046e+03
1.180000e-06	5.055609e-06	1.775607e-08	3.588985e+01	1.051598e+03
1.190000e-06	5.173439e-06	1.838762e-08	3.672632e+01	1.089321e+03
1.200000e-06	5.289240e-06	1.896279e-08	3.754840e+01	1.123500e+03
1.210000e-06	5.402977e-06	1.948371e-08	3.835582e+01	1.154445e+03
1.220000e-06	5.514667e-06	1.995523e-08	3.914871e+01	1.182480e+03
1.230000e-06	5.624470e-06	2.038340e-08	3.992820e+01	1.207924e+03
1.240000e-06	5.732366e-06	2.077182e-08	4.069416e+01	1.231068e+03
1.250000e-06	5.838189e-06	2.112291e-08	4.144540e+01	1.252165e+03
1.260000e-06	5.941917e-06	2.144273e-08	4.218176e+01	1.271420e+03
1.270000e-06	6.043490e-06	2.173665e-08	4.290283e+01	1.289002e+03
1.280000e-06	6.142796e-06	2.200597e-08	4.360781e+01	1.305049e+03
1.290000e-06	6.239821e-06	2.225165e-08	4.429659e+01	1.319691e+03
1.300000e-06	6.334667e-06	2.247867e-08	4.496990e+01	1.333054e+03
1.310000e-06	6.427346e-06	2.268768e-08	4.562783e+01	1.345270e+03
1.320000e-06	6.517706e-06	2.287552e-08	4.626930e+01	1.356471e+03
1.330000e-06	6.605701e-06	2.304492e-08	4.689398e+01	1.366778e+03
1.340000e-06	6.691417e-06	2.320167e-08	4.750248e+01	1.376292e+03
1.350000e-06	6.774859e-06	2.335018e-08	4.809483e+01	1.385090e+03
1.360000e-06	6.855880e-06	2.348566e-08	4.867000e+01	1.393220e+03
1.370000e-06	6.934374e-06	2.360767e-08	4.922723e+01	1.400713e+03
1.380000e-06	7.010266e-06	2.371958e-08	4.976599e+01	1.407593e+03
1.390000e-06	7.083517e-06	2.382485e-08	5.028600e+01	1.413891e+03
1.400000e-06	7.154262e-06	2.392258e-08	5.078822e+01	1.419648e+03
1.410000e-06	7.222508e-06	2.400964e-08	5.127270e+01	1.424922e+03
1.420000e-06	7.288095e-06	2.408946e-08	5.173830e+01	1.429778e+03
1.430000e-06	7.351096e-06	2.416468e-08	5.218555e+01	1.434281e+03
1.440000e-06	7.411655e-06	2.423713e-08	5.261546e+01	1.438480e+03
1.450000e-06	7.469558e-06	2.430290e-08	5.302651e+01	1.442406e+03
1.460000e-06	7.524721e-06	2.436144e-08	5.341811e+01	1.446069e+03
1.470000e-06	7.576903e-06	2.441774e-08	5.378856e+01	1.449462e+03
1.480000e-06	7.626007e-06	2.447160e-08	5.413714e+01	1.452571e+03
1.490000e-06	7.672357e-06	2.452046e-08	5.446618e+01	1.455388e+03
1.500000e-06	7.715965e-06	2.456312e-08	5.477576e+01	1.457915e+03
1.510000e-06	7.756701e-06	2.460123e-08	5.506495e+01	1.460171e+03
1.520000e-06	7.794718e-06	2.463592e-08	5.533483e+01	1.462186e+03
1.530000e-06	7.830157e-06	2.466504e-08	5.558641e+01	1.463993e+03
1.540000e-06	7.862797e-06	2.468794e-08	5.581812e+01	1.465621e+03
1.550000e-06	7.892685e-06	2.470811e-08	5.603030e+01	1.467090e+03
1.560000e-06	7.919848e-06	2.472913e-08	5.622313e+01	1.468402e+03
1.570000e-06	7.944142e-06	2.475024e-08	5.639559e+01	1.469550e+03
1.580000e-06	7.965706e-06	2.476817e-08	5.654867e+01	1.470520e+03
1.590000e-06	7.984507e-06	2.478324e-08	5.668214e+01	1.471302e+03
1.600000e-06	8.000410e-06	2.479434e-08	5.679504e+01	1.471896e+03
1.610000e-06	8.013262e-06	2.480027e-08	5.688628e+01	1.472311e+03
1.620000e-06	8.023004e-06	2.480041e-08	5.695543e+01	1.472571e+03
1.630000e-06	8.029848e-06	2.479936e-08	5.700402e+01	1.472703e+03
1.640000e-06	8.033899e-06	2.479954e-08	5.703278e+01	1.472731e+03
1.650000e-06	8.035128e-06	2.479575e-08	5.704150e+01	1.472671e+03
1.660000e-06	8.033708e-06	2.479372e-08	5.703142e+01	1.472528e+03
1.670000e-06	8.029681e-06	2.478911e-08	5.700283e+01	1.472291e+03
1.680000e-06	8.022912e-06	2.478394e-08	5.695478e+01	1.471944e+03
1.690000e-06	8.013503e-06	2.477695e-08	5.688799e+01	1.471467e+03
1.700000e-06	8.001331e-06	2.476477e-08	5.680158e+01	1.470846e+03
1.710000e-06	7.986400e-06	2.474637e-08	5.669558e+01	1.470076e+03
1.720000e-06	7.969034e-06	2.471981e-08	5.657230e+01	1.469160e+03
1.730000e-06	7.949369e-06	2.471800e-08	5.643269e+01	1.468112e+03
1.740000e-06	7.926958e-06	2.473651e-08	5.627360e+01	1.466950e+03
1.750000e-06	7.901196e-06	2.470212e-08	5.609072e+01	1.465691e+03
1.760000e-06	7.871848e-06	2.464946e-08	5.588238e+01	1.464347e+03
1.770000e-06	7.839327e-06	2.462452e-08	5.565151e+01	1.462925e+03
1.780000e-06	7.804264e-06	2.459362e-08	5.540260e+01	1.461424e+03
1.790000e-06	7.766676e-06	2.454277e-08	5.513575e+01	1.459841e+03
1.800000e-06	7.726889e-06	2.455952e-08	5.485331e+01	1.458170e+03
1.810000e-06	7.685027e-06	2.451013e-08	5.455613e+01	1.456407e+03
1.820000e-06	7.640551e-06	2.446432e-08	5.424039e+01	1.454546e+03
1.830000e-06	7.593427e-06	2.449122e-08	5.390586e+01	1.452580e+03
1.840000e-06	7.543453e-06	2.441057e-08	5.355109e+01	1.450502e+03
1.850000e-06	7.490407e-06	2.439541e-08	5.317452e+01	1.448301e+03
1.860000e-06	7.434577e-06	2.433143e-08	5.277818e+01	1.445965e+03
1.870000e-06	7.376069e-06	2.428354e-08	5.236283e+01	1.443481e+03
1.880000e-06	7.314973e-06	2.428240e-08	5.192911e+01	1.440843e+03
1.890000e-06	7.251151e-06	2.418943e-08	5.147604e+01	1.438051e+03
1.900000e-06	7.184627e-06	2.416721e-08	5.100378e+01	1.435112e+03
1.910000e-06	7.115404e-06	2.410245e-08	5.051237e+01	1.432039e+03
1.920000e-06	7.043398e-06	2.404790e-08	5.000119e+01	1.428850e+03
1.930000e-06	6.968782e-06	2.399222e-08	4.947149e+01	1.425556e+03
1.940000e-06	6.891456e-06	2.391303e-08	4.892255e+01	1.422162e+03
1.950000e-06	6.811578e-06	2.388683e-08	4.835550e+01	1.418658e+03
1.960000e-06	6.729303e-06	2.379841e-08	4.777143e+01	1.415027e+03
1.970000e-06	6.644556e-06	2.375549e-08	4.716981e+01	1.411248e+03
1.980000e-06	6.557350e-06	2.368105e-08	4.655073e+01	1.407301e+03
1.990000e-06	6.467809e-06	2.361127e-08	4.591508e+01	1.403176e+03
2.000000e-06	6.376046e-06	2.355454e-08	4.526365e+01	1.398875e+03
2.010000e-06	6.281954e-06	2.345959e-08	4.459570e+01	1.394413e+03
2.020000e-06	6.185633e-06	2.338970e-08	4.391191e+01	1.389811e+03
2.030000e-06	6.087144e-06	2.328981e-08	4.321273e+01	1.385089e+03
2.040000e-06	5.986435e-06	2.322455e-08	4.249779e+01	1.380254e+03
2.050000e-06	5.883502e-06	2.313274e-08	4.176708e+01	1.375299e+03
2.060000e-06	5.778504e-06	2.305447e-08	4.102169e+01	1.370203e+03
2.070000e-06	5.671509e-06	2.296947e-08	4.026213e+01	1.364936e+03
2.080000e-06	5.562448e-06	2.287897e-08	3.948791e+01	1.359467e+03
2.090000e-06	5.451344e-06	2.278484e-08	3.869918e+01	1.353776e+03
2.100000e-06	5.338203e-06	2.267153e-08	3.789599e+01	1.347862e+03
2.110000e-06	5.222984e-06	2.257419e-08	3.707805e+01	1.341737e+03
2.120000e-06	5.105694e-06	2.246144e-08	3.624540e+01	1.335426e+03
2.130000e-06	4.986398e-06	2.235628e-08	3.539852e+01	1.328951e+03
2.140000e-06	4.865239e-06	2.223778e-08	3.453841e+01	1.322325e+03
2.150000e-06	4.742414e-06	2.213560e-08	3.366647e+01	1.315542e+03
2.160000e-06	4.617857e-06	2.201923e-08	3.278224e+01	1.308580e+03
2.170000e-06	4.491606e-06	2.189882e-08	3.188598e+01	1.301403e+03
2.180000e-06	4.363806e-06	2.176464e-08	3.097873e+01	1.293975e+03
2.190000e-06	4.234475e-06	2.163566e-08	3.006061e+01	1.286272e+03
2.200000e-06	4.103702e-06	2.150381e-08	2.913225e+01	1.278289e+03
2.210000e-06	3.971406e-06	2.136073e-08	2.819308e+01	1.270037e+03
2.220000e-06	3.837662e-06	2.121843e-08	2.724363e+01	1.261542e+03
2.230000e-06	3.702595e-06	2.107279e-08	2.628478e+01	1.252827e+03
2.240000e-06	3.566159e-06	2.093142e-08	2.531622e+01	1.243902e+03
2.250000e-06	3.428366e-06	2.077035e-08	2.433802e+01	1.234757e+03
2.260000e-06	3.289226e-06	2.060970e-08	2.335027e+01	1.225359e+03
2.270000e-06	3.148805e-06	2.044260e-08	2.235342e+01	1.215663e+03
2.280000e-06	3.007218e-06	2.027789e-08	2.134829e+01	1.205623e+03
2.290000e-06	2.864540e-06	2.009815e-08	2.033541e+01	1.195206e+03
2.300000e-06	2.720801e-06	1.991574e-08	1.931501e+01	1.184400e+03
2.310000e-06	2.576093e-06	1.972931e-08	1.828772e+01	1.173215e+03
2.320000e-06	2.430543e-06	1.953761e-08	1.725447e+01	1.161674e+03
2.330000e-06	2.284202e-06	1.933677e-08	1.621558e+01	1.149799e+03
2.340000e-06	2.137015e-06	1.912799e-08	1.517070e+01	1.137597e+03
2.350000e-06	1.988990e-06	1.892034e-08	1.411987e+01	1.125050e+03
2.360000e-06	1.840222e-06	1.870140e-08	1.306376e+01	1.112117e+03
2.370000e-06	1.690840e-06	1.847192e-08	1.200330e+01	1.098740e+03
2.380000e-06	1.540875e-06	1.823285e-08	1.093870e+01	1.084860e+03
2.390000e-06	1.390387e-06	1.799177e-08	9.870381e+00	1.070430e+03
2.400000e-06	1.239467e-06	1.774333e-08	8.798998e+00	1.055426e+03
2.410000e-06	1.088105e-06	1.748165e-08	7.724476e+00	1.039843e+03
2.420000e-06	9.363029e-07	1.720699e-08	6.646829e+00	1.023688e+03
2.430000e-06	7.841635e-07	1.692475e-08	5.566789e+00	1.006961e+03
2.440000e-06	6.317565e-07	1.663176e-08	4.484849e+00	9.896398e+02
2.450000e-06	4.791444e-07	1.632913e-08	3.401453e+00	9.716690e+02
2.460000e-06	3.263703e-07	1.601207e-08	2.316908e+00	9.529602e+02
2.470000e-06	1.734568e-07	1.568453e-08	1.231373e+00	9.334003e+02
2.480000e-06	2.045700e-08	1.534265e-08	1.452246e-01	9.128669e+02
2.490000e-06	-1.325260e-07	1.498017e-08	-9.408042e-01	8.912432e+02
2.500000e-06	-2.853709e-07	1.459558e-08	-2.025852e+00	8.684269e+02
2.510000e-06	-4.380878e-07	1.418887e-08	-3.109992e+00	8.443300e+02
2.520000e-06	-5.906659e-07	1.376241e-08	-4.193147e+00	8.188679e+02
2.530000e-06	-7.430152e-07	1.330949e-08	-5.274677e+00	7.919434e+02
2.540000e-06	-8.950850e-07	1.282769e-08	-6.354223e+00	7.634305e+02
2.550000e-06	-1.046819e-06	1.231794e-08	-7.431384e+00	7.331624e+02
2.560000e-06	-1.198087e-06	1.177893e-08	-8.505241e+00	7.009283e+02
2.570000e-06	-1.348845e-06	1.120289e-08	-9.575472e+00	6.664781e+02
2.580000e-06	-1.499043e-06	1.058205e-08	-1.064173e+01	6.295302e+02
2.590000e-06	-1.648715e-06	9.915554e-09	-1.170426e+01	5.897802e+02
2.600000e-06	-1.797911e-06	9.200770e-09	-1.276340e+01	5.469061e+02
2.610000e-06	-1.946507e-06	8.424552e-09	-1.381829e+01	5.005701e+02
2.620000e-06	-2.094423e-06	7.581781e-09	-1.486834e+01	4.504225e+02
2.630000e-06	-2.241502e-06	6.671585e-09	-1.591246e+01	3.961139e+02
2.640000e-06	-2.387753e-06	5.689900e-09	-1.695070e+01	3.373229e+02
2.650000e-06	-2.533200e-06	4.629124e-09	-1.798323e+01	2.738009e+02
2.660000e-06	-2.677772e-06	3.486341e-09	-1.900954e+01	2.054342e+02
2.670000e-06	-2.821436e-06	2.260323e-09	-2.002942e+01	1.323092e+02
2.680000e-06	-2.963975e-06	9.605995e-10	-2.104131e+01	5.476888e+01
2.690000e-06	-3.105288e-06	-4.022430e-10	-2.204449e+01	-2.655704e+01
2.700000e-06	-3.245403e-06	-1.816847e-09	-2.303917e+01	-1.107605e+02
2.710000e-06	-3.384311e-06	-3.260988e-09	-2.402528e+01	-1.967067e+02
2.720000e-06	-3.521941e-06	-4.711487e-09	-2.500232e+01	-2.831224e+02
2.730000e-06	-3.658306e-06	-6.146355e-09	-2.597037e+01	-3.687079e+02
2.740000e-06	-3.793324e-06	-7.549619e-09	-2.692887e+01	-4.522497e+02
2.750000e-06	-3.926879e-06	-8.904138e-09	-2.787697e+01	-5.327149e+02
2.760000e-06	-4.059070e-06	-1.019588e-08	-2.881540e+01	-6.093113e+02
2.770000e-06	-4.189859e-06	-1.141436e-08	-2.974388e+01	-6.815053e+02
2.780000e-06	-4.319189e-06	-1.255367e-08	-3.066199e+01	-7.490030e+02
2.790000e-06	-4.447054e-06	-1.361127e-08	-3.156971e+01	-8.117041e+02
2.800000e-06	-4.573318e-06	-1.458889e-08	-3.246606e+01	-8.696464e+02
2.810000e-06	-4.697955e-06	-1.548781e-08	-3.335086e+01	-9.229540e+02
2.820000e-06	-4.820906e-06	-1.631310e-08	-3.422369e+01	-9.718013e+02
2.830000e-06	-4.942089e-06	-1.706872e-08	-3.508397e+01	-1.016394e+03
2.840000e-06	-5.061482e-06	-1.775551e-08	-3.593154e+01	-1.056964e+03
2.850000e-06	-5.178931e-06	-1.837602e-08	-3.676531e+01	-1.093773e+03
2.860000e-06	-5.294249e-06	-1.893717e-08	-3.758396e+01	-1.127114e+03
2.870000e-06	-5.407364e-06	-1.944987e-08	-3.838697e+01	-1.157301e+03
2.880000e-06	-5.518370e-06	-1.991621e-08	-3.917499e+01	-1.184660e+03
2.890000e-06	-5.627422e-06	-2.033550e-08	-3.994916e+01	-1.209503e+03
2.900000e-06	-5.734546e-06	-2.071538e-08	-4.070963e+01	-1.232114e+03
2.910000e-06	-5.839695e-06	-2.106487e-08	-4.145609e+01	-1.252733e+03
2.920000e-06	-5.942718e-06	-2.138420e-08	-4.218745e+01	-1.271557e+03
2.930000e-06	-6.043521e-06	-2.167367e-08	-4.290305e+01	-1.288743e+03
2.940000e-06	-6.142172e-06	-2.193738e-08	-4.360338e+01	-1.304427e+03
2.950000e-06	-6.238680e-06	-2.218105e-08	-4.428849e+01	-1.318737e+03
2.960000e-06	-6.333024e-06	-2.240548e-08	-4.495824e+01	-1.331802e+03
2.970000e-06	-6.425136e-06	-2.260686e-08	-4.561214e+01	-1.343753e+03
2.980000e-06	-6.514986e-06	-2.278902e-08	-4.624999e+01	-1.354719e+03
2.990000e-06	-6.602537e-06	-2.295823e-08	-4.687152e+01	-1.364820e+03
3.000000e-06	-6.687730e-06	-2.311554e-08	-4.747630e+01	-1.374150e+03
3.010000e-06	-6.770560e-06	-2.326200e-08	-4.806431e+01	-1.382777e+03
3.020000e-06	-6.851000e-06	-2.339997e-08	-4.863536e+01	-1.390746e+03
3.030000e-06	-6.928871e-06	-2.353005e-08	-4.918817e+01	-1.398084e+03
3.040000e-06	-7.004061e-06	-2.364947e-08	-4.972194e+01	-1.404816e+03
3.050000e-06	-7.076691e-06	-2.375313e-08	-5.023754e+01	-1.410974e+03
3.060000e-06	-7.146744e-06	-2.384430e-08	-5.073485e+01	-1.416605e+03
3.070000e-06	-7.214191e-06	-2.393175e-08	-5.121366e+01	-1.421769e+03
3.080000e-06	-7.279126e-06	-2.401504e-08	-5.167463e+01	-1.426531e+03
3.090000e-06	-7.341495e-06	-2.409013e-08	-5.211739e+01	-1.430954e+03
3.100000e-06	-7.401236e-06	-2.415718e-08	-5.254149e+01	-1.435084e+03
3.110000e-06	-7.458304e-06	-2.422258e-08	-5.294662e+01	-1.438944e+03
3.120000e-06	-7.512625e-06	-2.428670e-08	-5.333225e+01	-1.442541e+03
3.130000e-06	-7.564062e-06	-2.434397e-08	-5.369740e+01	-1.445865e+03
3.140000e-06	-7.612475e-06	-2.439245e-08	-5.404108e+01	-1.448902e+03
3.150000e-06	-7.658013e-06	-2.443853e-08	-5.436436e+01	-1.451646e+03
3.160000e-06	-7.701023e-06	-2.448363e-08	-5.466968e+01	-1.454104e+03
3.170000e-06	-7.741524e-06	-2.452120e-08	-5.495720e+01	-1.456297e+03
3.180000e-06	-7.779308e-06	-2.455172e-08	-5.522543e+01	-1.458256e+03
3.190000e-06	-7.814339e-06	-2.458071e-08	-5.547412e+01	-1.460017e+03
3.200000e-06	-7.846665e-06	-2.460975e-08	-5.570360e+01	-1.461605e+03
3.210000e-06	-7.876101e-06	-2.463758e-08	-5.591256e+01	-1.463035e+03
3.220000e-06	-7.902647e-06	-2.466230e-08	-5.610102e+01	-1.464307e+03
3.230000e-06	-7.926475e-06	-2.468183e-08	-5.627017e+01	-1.465412e+03
3.240000e-06	-7.947473e-06	-2.469826e-08	-5.641924e+01	-1.466337e+03
3.250000e-06	-7.965652e-06	-2.470904e-08	-5.654829e+01	-1.467072e+03
3.260000e-06	-7.981003e-06	-2.471525e-08	-5.665727e+01	-1.467620e+03
3.270000e-06	-7.993208e-06	-2.472009e-08	-5.674391e+01	-1.467994e+03
3.280000e-06	-8.002404e-06	-2.472566e-08	-5.680920e+01	-1.468220e+03
3.290000e-06	-8.008794e-06	-2.473113e-08	-5.685456e+01	-1.468324e+03
3.300000e-06	-8.012311e-06	-2.473498e-08	-5.687952e+01	-1.468330e+03
3.310000e-06	-8.013109e-06	-2.473678e-08	-5.688519e+01	-1.468250e+03
