# Temperatura_=_43.18
# Concentracion g/m^3_=_20000.0
# C_Vs_to_Am_M_A/Vsm_=_59384043850.047264
# pendiente_HvsI_1/m_=_3716.3
# ordenada_HvsI_A/m_=_1297.0
# frecuencia_Hz_=_301117.14024298394

Tiempo_(s)	Campo_(V.s)	Magnetizacion_(V.s)	Campo_(kA/m)	Magnetizacion_(A/m)
0.000000e+00	-5.421024e-06	-1.476891e-08	-3.825837e+01	-8.761720e+02
1.000000e-08	-5.418370e-06	-1.476460e-08	-3.823964e+01	-8.762434e+02
2.000000e-08	-5.413913e-06	-1.475922e-08	-3.820819e+01	-8.761256e+02
3.000000e-08	-5.407815e-06	-1.475398e-08	-3.816515e+01	-8.757999e+02
4.000000e-08	-5.400038e-06	-1.474298e-08	-3.811026e+01	-8.752298e+02
5.000000e-08	-5.390444e-06	-1.472522e-08	-3.804256e+01	-8.743772e+02
6.000000e-08	-5.378770e-06	-1.471093e-08	-3.796017e+01	-8.732209e+02
7.000000e-08	-5.365068e-06	-1.469443e-08	-3.786347e+01	-8.717689e+02
8.000000e-08	-5.349104e-06	-1.464946e-08	-3.775081e+01	-8.700617e+02
9.000000e-08	-5.330665e-06	-1.459348e-08	-3.762067e+01	-8.681637e+02
1.000000e-07	-5.310187e-06	-1.456986e-08	-3.747615e+01	-8.661455e+02
1.100000e-07	-5.287949e-06	-1.456291e-08	-3.731921e+01	-8.640630e+02
1.200000e-07	-5.264235e-06	-1.455602e-08	-3.715185e+01	-8.619413e+02
1.300000e-07	-5.239402e-06	-1.451441e-08	-3.697659e+01	-8.597672e+02
1.400000e-07	-5.212921e-06	-1.441641e-08	-3.678970e+01	-8.574949e+02
1.500000e-07	-5.184408e-06	-1.438736e-08	-3.658848e+01	-8.550612e+02
1.600000e-07	-5.154367e-06	-1.438305e-08	-3.637647e+01	-8.524066e+02
1.700000e-07	-5.122625e-06	-1.428949e-08	-3.615245e+01	-8.494936e+02
1.800000e-07	-5.088698e-06	-1.422438e-08	-3.591301e+01	-8.463169e+02
1.900000e-07	-5.052926e-06	-1.418249e-08	-3.566055e+01	-8.429026e+02
2.000000e-07	-5.015581e-06	-1.413477e-08	-3.539700e+01	-8.392959e+02
2.100000e-07	-4.976487e-06	-1.410383e-08	-3.512109e+01	-8.355442e+02
2.200000e-07	-4.935698e-06	-1.400119e-08	-3.483323e+01	-8.316795e+02
2.300000e-07	-4.893019e-06	-1.389953e-08	-3.453203e+01	-8.277094e+02
2.400000e-07	-4.848354e-06	-1.386784e-08	-3.421681e+01	-8.236164e+02
2.500000e-07	-4.801905e-06	-1.380259e-08	-3.388900e+01	-8.193686e+02
2.600000e-07	-4.753600e-06	-1.371390e-08	-3.354809e+01	-8.149339e+02
2.700000e-07	-4.703399e-06	-1.363188e-08	-3.319380e+01	-8.102953e+02
2.800000e-07	-4.651173e-06	-1.356030e-08	-3.282522e+01	-8.054582e+02
2.900000e-07	-4.596982e-06	-1.349611e-08	-3.244277e+01	-8.004498e+02
3.000000e-07	-4.541183e-06	-1.339605e-08	-3.204898e+01	-7.953085e+02
3.100000e-07	-4.483840e-06	-1.328395e-08	-3.164428e+01	-7.900693e+02
3.200000e-07	-4.424734e-06	-1.320229e-08	-3.122715e+01	-7.847504e+02
3.300000e-07	-4.363984e-06	-1.314051e-08	-3.079841e+01	-7.793464e+02
3.400000e-07	-4.301832e-06	-1.303980e-08	-3.035978e+01	-7.738300e+02
3.500000e-07	-4.238313e-06	-1.292209e-08	-2.991150e+01	-7.681633e+02
3.600000e-07	-4.173316e-06	-1.284132e-08	-2.945279e+01	-7.623122e+02
3.700000e-07	-4.106609e-06	-1.275010e-08	-2.898201e+01	-7.562606e+02
3.800000e-07	-4.038215e-06	-1.263438e-08	-2.849933e+01	-7.500163e+02
3.900000e-07	-3.968423e-06	-1.251973e-08	-2.800677e+01	-7.436093e+02
4.000000e-07	-3.897378e-06	-1.241280e-08	-2.750538e+01	-7.370807e+02
4.100000e-07	-3.824974e-06	-1.231237e-08	-2.699440e+01	-7.304680e+02
4.200000e-07	-3.751073e-06	-1.219756e-08	-2.647285e+01	-7.237920e+02
4.300000e-07	-3.675609e-06	-1.207820e-08	-2.594027e+01	-7.170507e+02
4.400000e-07	-3.598598e-06	-1.196773e-08	-2.539677e+01	-7.102212e+02
4.500000e-07	-3.520100e-06	-1.185851e-08	-2.484278e+01	-7.032705e+02
4.600000e-07	-3.440098e-06	-1.173461e-08	-2.427817e+01	-6.961695e+02
4.700000e-07	-3.358795e-06	-1.160193e-08	-2.370438e+01	-6.889049e+02
4.800000e-07	-3.276356e-06	-1.148245e-08	-2.312258e+01	-6.814851e+02
4.900000e-07	-3.192842e-06	-1.136159e-08	-2.253319e+01	-6.739369e+02
5.000000e-07	-3.108414e-06	-1.123198e-08	-2.193734e+01	-6.662949e+02
5.100000e-07	-3.023068e-06	-1.109863e-08	-2.133502e+01	-6.585878e+02
5.200000e-07	-2.936713e-06	-1.097084e-08	-2.072558e+01	-6.508271e+02
5.300000e-07	-2.849373e-06	-1.084591e-08	-2.010919e+01	-6.430029e+02
5.400000e-07	-2.761180e-06	-1.070963e-08	-1.948677e+01	-6.350873e+02
5.500000e-07	-2.671984e-06	-1.056831e-08	-1.885728e+01	-6.270463e+02
5.600000e-07	-2.581582e-06	-1.042984e-08	-1.821927e+01	-6.188526e+02
5.700000e-07	-2.490152e-06	-1.029355e-08	-1.757402e+01	-6.104973e+02
5.800000e-07	-2.397885e-06	-1.014768e-08	-1.692285e+01	-6.019933e+02
5.900000e-07	-2.304849e-06	-9.999051e-09	-1.626625e+01	-5.933710e+02
6.000000e-07	-2.211079e-06	-9.857874e-09	-1.560449e+01	-5.846666e+02
6.100000e-07	-2.116526e-06	-9.715410e-09	-1.493719e+01	-5.759088e+02
6.200000e-07	-2.021237e-06	-9.564275e-09	-1.426469e+01	-5.671083e+02
6.300000e-07	-1.925253e-06	-9.409849e-09	-1.358730e+01	-5.582543e+02
6.400000e-07	-1.828529e-06	-9.259776e-09	-1.290467e+01	-5.493196e+02
6.500000e-07	-1.731021e-06	-9.108401e-09	-1.221652e+01	-5.402722e+02
6.600000e-07	-1.632726e-06	-8.950753e-09	-1.152281e+01	-5.310880e+02
6.700000e-07	-1.533766e-06	-8.790464e-09	-1.082441e+01	-5.217612e+02
6.800000e-07	-1.434261e-06	-8.633839e-09	-1.012216e+01	-5.123058e+02
6.900000e-07	-1.334232e-06	-8.475634e-09	-9.416219e+00	-5.027499e+02
7.000000e-07	-1.233747e-06	-8.312235e-09	-8.707057e+00	-4.931238e+02
7.100000e-07	-1.132907e-06	-8.147543e-09	-7.995389e+00	-4.834464e+02
7.200000e-07	-1.031730e-06	-7.983937e-09	-7.281341e+00	-4.737166e+02
7.300000e-07	-9.301978e-07	-7.818389e-09	-6.564785e+00	-4.639118e+02
7.400000e-07	-8.283418e-07	-7.647368e-09	-5.845945e+00	-4.539953e+02
7.500000e-07	-7.262072e-07	-7.472997e-09	-5.125140e+00	-4.439294e+02
7.600000e-07	-6.237570e-07	-7.299832e-09	-4.402107e+00	-4.336893e+02
7.700000e-07	-5.210885e-07	-7.129306e-09	-3.677534e+00	-4.232718e+02
7.800000e-07	-4.183283e-07	-6.955007e-09	-2.952313e+00	-4.126955e+02
7.900000e-07	-3.153905e-07	-6.776749e-09	-2.225839e+00	-4.019915e+02
8.000000e-07	-2.123123e-07	-6.593831e-09	-1.498374e+00	-3.911882e+02
8.100000e-07	-1.091782e-07	-6.407171e-09	-7.705153e-01	-3.802948e+02
8.200000e-07	-6.024011e-09	-6.218121e-09	-4.251390e-02	-3.692908e+02
8.300000e-07	9.711514e-08	-6.026184e-09	6.853811e-01	-3.581251e+02
8.400000e-07	2.002289e-07	-5.835351e-09	1.413097e+00	-3.467260e+02
8.500000e-07	3.032755e-07	-5.642937e-09	2.140339e+00	-3.350194e+02
8.600000e-07	4.062431e-07	-5.444117e-09	2.867023e+00	-3.229499e+02
8.700000e-07	5.090889e-07	-5.237838e-09	3.592848e+00	-3.104970e+02
8.800000e-07	6.117730e-07	-5.021842e-09	4.317531e+00	-2.976827e+02
8.900000e-07	7.142462e-07	-4.798060e-09	5.040726e+00	-2.845666e+02
9.000000e-07	8.164335e-07	-4.570598e-09	5.761904e+00	-2.712318e+02
9.100000e-07	9.183044e-07	-4.341501e-09	6.480848e+00	-2.577640e+02
9.200000e-07	1.019812e-06	-4.113296e-09	7.197231e+00	-2.442330e+02
9.300000e-07	1.120990e-06	-3.886414e-09	7.911283e+00	-2.306790e+02
9.400000e-07	1.221847e-06	-3.663638e-09	8.623071e+00	-2.171088e+02
9.500000e-07	1.322323e-06	-3.439789e-09	9.332169e+00	-2.035012e+02
9.600000e-07	1.422383e-06	-3.210235e-09	1.003834e+01	-1.898179e+02
9.700000e-07	1.521986e-06	-2.975246e-09	1.074127e+01	-1.760167e+02
9.800000e-07	1.621066e-06	-2.736027e-09	1.144052e+01	-1.620601e+02
9.900000e-07	1.719428e-06	-2.496813e-09	1.213471e+01	-1.479197e+02
1.000000e-06	1.816932e-06	-2.256796e-09	1.282283e+01	-1.335735e+02
1.010000e-06	1.913603e-06	-2.011789e-09	1.350508e+01	-1.189998e+02
1.020000e-06	2.009578e-06	-1.761141e-09	1.418241e+01	-1.041707e+02
1.030000e-06	2.104911e-06	-1.507263e-09	1.485522e+01	-8.904804e+01
1.040000e-06	2.199530e-06	-1.247803e-09	1.552298e+01	-7.358435e+01
1.050000e-06	2.293429e-06	-9.782430e-10	1.618566e+01	-5.772738e+01
1.060000e-06	2.386611e-06	-7.010550e-10	1.684328e+01	-4.142702e+01
1.070000e-06	2.479020e-06	-4.192024e-10	1.749546e+01	-2.464124e+01
1.080000e-06	2.570667e-06	-1.289677e-10	1.814225e+01	-7.338554e+00
1.090000e-06	2.661472e-06	1.729597e-10	1.878309e+01	1.050390e+01
1.100000e-06	2.751053e-06	4.852814e-10	1.941530e+01	2.890594e+01
1.110000e-06	2.839427e-06	8.065704e-10	2.003899e+01	4.789098e+01
1.120000e-06	2.926946e-06	1.137013e-09	2.065665e+01	6.749097e+01
1.130000e-06	3.013539e-06	1.478833e-09	2.126777e+01	8.774699e+01
1.140000e-06	3.099099e-06	1.833787e-09	2.187161e+01	1.087047e+02
1.150000e-06	3.183678e-06	2.200345e-09	2.246851e+01	1.304061e+02
1.160000e-06	3.267315e-06	2.578553e-09	2.305877e+01	1.528792e+02
1.170000e-06	3.349814e-06	2.971538e-09	2.364100e+01	1.761303e+02
1.180000e-06	3.430942e-06	3.378737e-09	2.421356e+01	2.001394e+02
1.190000e-06	3.510800e-06	3.796889e-09	2.477715e+01	2.248617e+02
1.200000e-06	3.589408e-06	4.225818e-09	2.533191e+01	2.502324e+02
1.210000e-06	3.666734e-06	4.664567e-09	2.587763e+01	2.761740e+02
1.220000e-06	3.742791e-06	5.109845e-09	2.641440e+01	3.026017e+02
1.230000e-06	3.817346e-06	5.561285e-09	2.694057e+01	3.294257e+02
1.240000e-06	3.890252e-06	6.020942e-09	2.745509e+01	3.565490e+02
1.250000e-06	3.961720e-06	6.484459e-09	2.795947e+01	3.838627e+02
1.260000e-06	4.031814e-06	6.947162e-09	2.845415e+01	4.112398e+02
1.270000e-06	4.100539e-06	7.407466e-09	2.893917e+01	4.385332e+02
1.280000e-06	4.168009e-06	7.864898e-09	2.941534e+01	4.655773e+02
1.290000e-06	4.233765e-06	8.314983e-09	2.987941e+01	4.921967e+02
1.300000e-06	4.297829e-06	8.752560e-09	3.033153e+01	5.182183e+02
1.310000e-06	4.360582e-06	9.176410e-09	3.077440e+01	5.434861e+02
1.320000e-06	4.421881e-06	9.587009e-09	3.120701e+01	5.678722e+02
1.330000e-06	4.481855e-06	9.983713e-09	3.163027e+01	5.912839e+02
1.340000e-06	4.540264e-06	1.036235e-08	3.204249e+01	6.136626e+02
1.350000e-06	4.596793e-06	1.072237e-08	3.244144e+01	6.349773e+02
1.360000e-06	4.651646e-06	1.106327e-08	3.282856e+01	6.552145e+02
1.370000e-06	4.704876e-06	1.138449e-08	3.320422e+01	6.743683e+02
1.380000e-06	4.756175e-06	1.168497e-08	3.356626e+01	6.924337e+02
1.390000e-06	4.805333e-06	1.196627e-08	3.391319e+01	7.094059e+02
1.400000e-06	4.852672e-06	1.223120e-08	3.424728e+01	7.252841e+02
1.410000e-06	4.898443e-06	1.248176e-08	3.457031e+01	7.400783e+02
1.420000e-06	4.942696e-06	1.271503e-08	3.488262e+01	7.538157e+02
1.430000e-06	4.985033e-06	1.292980e-08	3.518141e+01	7.665426e+02
1.440000e-06	5.025341e-06	1.312883e-08	3.546588e+01	7.783216e+02
1.450000e-06	5.064016e-06	1.331131e-08	3.573882e+01	7.892232e+02
1.460000e-06	5.101052e-06	1.347706e-08	3.600020e+01	7.993150e+02
1.470000e-06	5.136371e-06	1.362825e-08	3.624946e+01	8.086520e+02
1.480000e-06	5.169708e-06	1.377000e-08	3.648474e+01	8.172715e+02
1.490000e-06	5.201157e-06	1.390505e-08	3.670668e+01	8.251941e+02
1.500000e-06	5.231036e-06	1.402904e-08	3.691755e+01	8.324313e+02
1.510000e-06	5.259217e-06	1.413688e-08	3.711644e+01	8.389964e+02
1.520000e-06	5.285362e-06	1.423176e-08	3.730095e+01	8.449139e+02
1.530000e-06	5.309438e-06	1.431874e-08	3.747086e+01	8.502254e+02
1.540000e-06	5.331693e-06	1.439770e-08	3.762793e+01	8.549877e+02
1.550000e-06	5.352273e-06	1.446658e-08	3.777317e+01	8.592648e+02
1.560000e-06	5.371029e-06	1.452856e-08	3.790554e+01	8.631156e+02
1.570000e-06	5.387790e-06	1.458888e-08	3.802383e+01	8.665822e+02
1.580000e-06	5.402565e-06	1.464651e-08	3.812810e+01	8.696831e+02
1.590000e-06	5.415370e-06	1.469308e-08	3.821847e+01	8.724148e+02
1.600000e-06	5.425965e-06	1.472897e-08	3.829324e+01	8.747603e+02
1.610000e-06	5.434388e-06	1.475855e-08	3.835269e+01	8.767026e+02
1.620000e-06	5.440956e-06	1.478126e-08	3.839904e+01	8.782390e+02
1.630000e-06	5.445767e-06	1.479839e-08	3.843300e+01	8.793886e+02
1.640000e-06	5.448717e-06	1.481075e-08	3.845381e+01	8.801931e+02
1.650000e-06	5.449594e-06	1.482079e-08	3.846000e+01	8.807077e+02
1.660000e-06	5.448624e-06	1.482905e-08	3.845315e+01	8.809860e+02
1.670000e-06	5.446026e-06	1.483143e-08	3.843482e+01	8.810651e+02
1.680000e-06	5.441754e-06	1.482720e-08	3.840467e+01	8.809551e+02
1.690000e-06	5.435548e-06	1.481863e-08	3.836088e+01	8.806384e+02
1.700000e-06	5.427492e-06	1.480672e-08	3.830402e+01	8.800787e+02
1.710000e-06	5.417879e-06	1.478950e-08	3.823618e+01	8.792377e+02
1.720000e-06	5.406596e-06	1.476380e-08	3.815655e+01	8.780932e+02
1.730000e-06	5.393436e-06	1.475062e-08	3.806367e+01	8.766522e+02
1.740000e-06	5.378255e-06	1.476493e-08	3.795654e+01	8.749541e+02
1.750000e-06	5.360817e-06	1.473712e-08	3.783347e+01	8.730627e+02
1.760000e-06	5.340854e-06	1.467086e-08	3.769258e+01	8.710485e+02
1.770000e-06	5.318436e-06	1.458668e-08	3.753437e+01	8.689687e+02
1.780000e-06	5.294268e-06	1.452122e-08	3.736380e+01	8.668493e+02
1.790000e-06	5.269060e-06	1.455865e-08	3.718590e+01	8.646787e+02
1.800000e-06	5.242474e-06	1.454140e-08	3.699827e+01	8.624119e+02
1.810000e-06	5.213925e-06	1.445520e-08	3.679679e+01	8.599860e+02
1.820000e-06	5.183596e-06	1.445285e-08	3.658275e+01	8.573411e+02
1.830000e-06	5.151492e-06	1.440773e-08	3.635618e+01	8.544386e+02
1.840000e-06	5.117429e-06	1.433484e-08	3.611578e+01	8.512720e+02
1.850000e-06	5.081725e-06	1.428046e-08	3.586380e+01	8.478664e+02
1.860000e-06	5.044238e-06	1.416231e-08	3.559924e+01	8.442667e+02
1.870000e-06	5.004837e-06	1.414256e-08	3.532117e+01	8.405204e+02
1.880000e-06	4.963775e-06	1.414805e-08	3.503138e+01	8.366605e+02
1.890000e-06	4.920972e-06	1.402219e-08	3.472930e+01	8.326952e+02
1.900000e-06	4.876592e-06	1.393860e-08	3.441610e+01	8.286081e+02
1.910000e-06	4.830468e-06	1.388553e-08	3.409058e+01	8.243674e+02
1.920000e-06	4.782291e-06	1.381786e-08	3.375057e+01	8.199408e+02
1.930000e-06	4.732425e-06	1.374372e-08	3.339865e+01	8.153104e+02
1.940000e-06	4.680835e-06	1.361918e-08	3.303456e+01	8.104810e+02
1.950000e-06	4.627314e-06	1.356126e-08	3.265684e+01	8.054791e+02
1.960000e-06	4.571877e-06	1.351110e-08	3.226560e+01	8.003428e+02
1.970000e-06	4.514665e-06	1.339728e-08	3.186183e+01	7.951076e+02
1.980000e-06	4.456003e-06	1.328289e-08	3.144783e+01	7.897925e+02
1.990000e-06	4.395879e-06	1.319369e-08	3.102351e+01	7.843928e+02
2.000000e-06	4.334070e-06	1.314273e-08	3.058730e+01	7.788820e+02
2.010000e-06	4.270536e-06	1.302292e-08	3.013891e+01	7.732222e+02
2.020000e-06	4.205504e-06	1.289826e-08	2.967996e+01	7.673792e+02
2.030000e-06	4.139120e-06	1.282682e-08	2.921146e+01	7.613356e+02
2.040000e-06	4.071239e-06	1.272464e-08	2.873239e+01	7.550988e+02
2.050000e-06	4.001791e-06	1.261060e-08	2.824227e+01	7.486979e+02
2.060000e-06	3.930745e-06	1.247505e-08	2.774087e+01	7.421739e+02
2.070000e-06	3.858277e-06	1.237911e-08	2.722943e+01	7.355646e+02
2.080000e-06	3.784505e-06	1.229012e-08	2.670879e+01	7.288918e+02
2.090000e-06	3.709286e-06	1.215346e-08	2.617794e+01	7.221541e+02
2.100000e-06	3.632569e-06	1.203384e-08	2.563652e+01	7.153292e+02
2.110000e-06	3.554301e-06	1.192127e-08	2.508415e+01	7.083844e+02
2.120000e-06	3.474675e-06	1.181807e-08	2.452220e+01	7.012900e+02
2.130000e-06	3.393900e-06	1.168473e-08	2.395213e+01	6.940322e+02
2.140000e-06	3.312013e-06	1.154492e-08	2.337422e+01	6.866186e+02
2.150000e-06	3.229061e-06	1.142780e-08	2.278880e+01	6.790753e+02
2.160000e-06	3.144995e-06	1.130460e-08	2.219551e+01	6.714370e+02
2.170000e-06	3.059681e-06	1.117495e-08	2.159342e+01	6.637329e+02
2.180000e-06	2.973104e-06	1.102754e-08	2.098240e+01	6.559751e+02
2.190000e-06	2.885433e-06	1.090426e-08	2.036367e+01	6.481545e+02
2.200000e-06	2.796760e-06	1.078541e-08	1.973787e+01	6.402438e+02
2.210000e-06	2.707148e-06	1.064161e-08	1.910545e+01	6.322088e+02
2.220000e-06	2.616689e-06	1.049271e-08	1.846704e+01	6.240218e+02
2.230000e-06	2.525419e-06	1.035432e-08	1.782291e+01	6.156731e+02
2.240000e-06	2.433397e-06	1.022568e-08	1.717347e+01	6.071749e+02
2.250000e-06	2.340475e-06	1.007388e-08	1.651768e+01	5.985571e+02
2.260000e-06	2.246549e-06	9.914007e-09	1.585481e+01	5.898560e+02
2.270000e-06	2.151696e-06	9.771994e-09	1.518540e+01	5.811008e+02
2.280000e-06	2.056007e-06	9.638509e-09	1.451008e+01	5.723029e+02
2.290000e-06	1.959733e-06	9.487939e-09	1.383064e+01	5.634522e+02
2.300000e-06	1.862926e-06	9.323356e-09	1.314743e+01	5.545219e+02
2.310000e-06	1.765406e-06	9.174203e-09	1.245919e+01	5.454799e+02
2.320000e-06	1.667201e-06	9.031057e-09	1.176612e+01	5.363018e+02
2.330000e-06	1.568524e-06	8.868715e-09	1.106971e+01	5.269809e+02
2.340000e-06	1.469420e-06	8.697616e-09	1.037029e+01	5.175306e+02
2.350000e-06	1.369844e-06	8.540632e-09	9.667545e+00	5.079787e+02
2.360000e-06	1.269822e-06	8.391125e-09	8.961651e+00	4.983556e+02
2.370000e-06	1.169432e-06	8.228640e-09	8.253156e+00	4.886810e+02
2.380000e-06	1.068642e-06	8.057445e-09	7.541843e+00	4.789543e+02
2.390000e-06	9.673549e-07	7.896759e-09	6.827017e+00	4.691537e+02
2.400000e-06	8.655470e-07	7.738238e-09	6.108517e+00	4.592428e+02
2.410000e-06	7.632922e-07	7.563910e-09	5.386864e+00	4.491838e+02
2.420000e-06	6.607060e-07	7.380010e-09	4.662871e+00	4.389510e+02
2.430000e-06	5.578878e-07	7.204796e-09	3.937241e+00	4.285406e+02
2.440000e-06	4.548995e-07	7.035320e-09	3.210411e+00	4.179704e+02
2.450000e-06	3.517410e-07	6.855357e-09	2.482379e+00	4.072714e+02
2.460000e-06	2.484446e-07	6.669344e-09	1.753375e+00	3.964723e+02
2.470000e-06	1.450429e-07	6.488877e-09	1.023627e+00	3.855832e+02
2.480000e-06	4.159987e-08	6.310827e-09	2.935872e-01	3.745849e+02
2.490000e-06	-6.180605e-08	6.123223e-09	-4.361904e-01	3.634271e+02
2.500000e-06	-1.651301e-07	5.923144e-09	-1.165391e+00	3.520386e+02
2.510000e-06	-2.684356e-07	5.722137e-09	-1.894459e+00	3.403450e+02
2.520000e-06	-3.716682e-07	5.523747e-09	-2.623013e+00	3.282900e+02
2.530000e-06	-4.747367e-07	5.316682e-09	-3.350410e+00	3.158517e+02
2.540000e-06	-5.776412e-07	5.098268e-09	-4.076649e+00	3.030504e+02
2.550000e-06	-6.802831e-07	4.877802e-09	-4.801035e+00	2.899447e+02
2.560000e-06	-7.825796e-07	4.658402e-09	-5.522983e+00	2.766171e+02
2.570000e-06	-8.845167e-07	4.433400e-09	-6.242394e+00	2.631537e+02
2.580000e-06	-9.860285e-07	4.201200e-09	-6.958805e+00	2.496250e+02
2.590000e-06	-1.087003e-06	3.969898e-09	-7.671425e+00	2.360725e+02
2.600000e-06	-1.187431e-06	3.742800e-09	-8.380181e+00	2.225041e+02
2.610000e-06	-1.287420e-06	3.514410e-09	-9.085848e+00	2.088993e+02
2.620000e-06	-1.387006e-06	3.281821e-09	-9.788664e+00	1.952205e+02
2.630000e-06	-1.486148e-06	3.049671e-09	-1.048835e+01	1.814251e+02
2.640000e-06	-1.584844e-06	2.817882e-09	-1.118489e+01	1.674755e+02
2.650000e-06	-1.683043e-06	2.580522e-09	-1.187792e+01	1.533431e+02
2.660000e-06	-1.780627e-06	2.336494e-09	-1.256661e+01	1.390055e+02
2.670000e-06	-1.877548e-06	2.089849e-09	-1.325062e+01	1.244413e+02
2.680000e-06	-1.973857e-06	1.841422e-09	-1.393031e+01	1.096229e+02
2.690000e-06	-2.069644e-06	1.587269e-09	-1.460632e+01	9.451245e+01
2.700000e-06	-2.164924e-06	1.326513e-09	-1.527875e+01	7.906280e+01
2.710000e-06	-2.259422e-06	1.061245e-09	-1.594566e+01	6.322173e+01
2.720000e-06	-2.352855e-06	7.890793e-10	-1.660505e+01	4.693895e+01
2.730000e-06	-2.445215e-06	5.076725e-10	-1.725688e+01	3.017206e+01
2.740000e-06	-2.536677e-06	2.150707e-10	-1.790236e+01	1.288923e+01
2.750000e-06	-2.627292e-06	-8.700580e-11	-1.854187e+01	-4.932656e+00
2.760000e-06	-2.716943e-06	-3.950710e-10	-1.917457e+01	-2.331338e+01
2.770000e-06	-2.805592e-06	-7.125703e-10	-1.980020e+01	-4.227615e+01
2.780000e-06	-2.893390e-06	-1.041893e-09	-2.041983e+01	-6.185257e+01
2.790000e-06	-2.980360e-06	-1.381642e-09	-2.103361e+01	-8.208341e+01
2.800000e-06	-3.066200e-06	-1.730429e-09	-2.163942e+01	-1.030144e+02
2.810000e-06	-3.150676e-06	-2.092005e-09	-2.223560e+01	-1.246876e+02
2.820000e-06	-3.233960e-06	-2.469585e-09	-2.282338e+01	-1.471320e+02
2.830000e-06	-3.316230e-06	-2.860898e-09	-2.340398e+01	-1.703545e+02
2.840000e-06	-3.397432e-06	-3.264572e-09	-2.397706e+01	-1.943362e+02
2.850000e-06	-3.477534e-06	-3.679424e-09	-2.454237e+01	-2.190330e+02
2.860000e-06	-3.556419e-06	-4.105482e-09	-2.509910e+01	-2.443810e+02
2.870000e-06	-3.633747e-06	-4.542812e-09	-2.564483e+01	-2.703027e+02
2.880000e-06	-3.709492e-06	-4.984880e-09	-2.617940e+01	-2.967136e+02
2.890000e-06	-3.783839e-06	-5.430840e-09	-2.670409e+01	-3.235240e+02
2.900000e-06	-3.856813e-06	-5.884716e-09	-2.721910e+01	-3.506375e+02
2.910000e-06	-3.928565e-06	-6.344835e-09	-2.772548e+01	-3.779454e+02
2.920000e-06	-3.998930e-06	-6.806214e-09	-2.822208e+01	-4.053218e+02
2.930000e-06	-4.067578e-06	-7.266307e-09	-2.870655e+01	-4.326200e+02
2.940000e-06	-4.134774e-06	-7.722158e-09	-2.918079e+01	-4.596750e+02
2.950000e-06	-4.200693e-06	-8.170857e-09	-2.964600e+01	-4.863116e+02
2.960000e-06	-4.265160e-06	-8.609371e-09	-3.010097e+01	-5.123565e+02
2.970000e-06	-4.328223e-06	-9.033285e-09	-3.054603e+01	-5.376526e+02
2.980000e-06	-4.389546e-06	-9.442603e-09	-3.097881e+01	-5.620711e+02
2.990000e-06	-4.449099e-06	-9.835349e-09	-3.139910e+01	-5.855178e+02
3.000000e-06	-4.507247e-06	-1.021152e-08	-3.180948e+01	-6.079331e+02
3.010000e-06	-4.563918e-06	-1.057439e-08	-3.220942e+01	-6.292851e+02
3.020000e-06	-4.619055e-06	-1.092012e-08	-3.259855e+01	-6.495600e+02
3.030000e-06	-4.672222e-06	-1.124468e-08	-3.297377e+01	-6.687516e+02
3.040000e-06	-4.723334e-06	-1.155031e-08	-3.333449e+01	-6.868550e+02
3.050000e-06	-4.772658e-06	-1.183685e-08	-3.368259e+01	-7.038654e+02
3.060000e-06	-4.819950e-06	-1.210444e-08	-3.401635e+01	-7.197816e+02
3.070000e-06	-4.865415e-06	-1.235359e-08	-3.433722e+01	-7.346132e+02
3.080000e-06	-4.909414e-06	-1.258576e-08	-3.464773e+01	-7.483867e+02
3.090000e-06	-4.951886e-06	-1.280444e-08	-3.494748e+01	-7.611477e+02
3.100000e-06	-4.992759e-06	-1.300899e-08	-3.523594e+01	-7.729584e+02
3.110000e-06	-5.032035e-06	-1.319456e-08	-3.551312e+01	-7.838892e+02
3.120000e-06	-5.069392e-06	-1.336123e-08	-3.577676e+01	-7.940079e+02
3.130000e-06	-5.104839e-06	-1.351549e-08	-3.602693e+01	-8.033702e+02
3.140000e-06	-5.138640e-06	-1.366345e-08	-3.626547e+01	-8.120139e+02
3.150000e-06	-5.170694e-06	-1.380320e-08	-3.649169e+01	-8.199601e+02
3.160000e-06	-5.200759e-06	-1.392870e-08	-3.670388e+01	-8.272208e+02
3.170000e-06	-5.228850e-06	-1.404209e-08	-3.690213e+01	-8.338085e+02
3.180000e-06	-5.255189e-06	-1.414683e-08	-3.708801e+01	-8.397476e+02
3.190000e-06	-5.279709e-06	-1.423934e-08	-3.726105e+01	-8.450788e+02
3.200000e-06	-5.302321e-06	-1.431775e-08	-3.742064e+01	-8.498587e+02
3.210000e-06	-5.322942e-06	-1.438704e-08	-3.756617e+01	-8.541511e+02
3.220000e-06	-5.341754e-06	-1.445343e-08	-3.769893e+01	-8.580154e+02
3.230000e-06	-5.358823e-06	-1.451636e-08	-3.781939e+01	-8.614942e+02
3.240000e-06	-5.373889e-06	-1.457209e-08	-3.792573e+01	-8.646072e+02
3.250000e-06	-5.386693e-06	-1.461819e-08	-3.801608e+01	-8.673514e+02
3.260000e-06	-5.397398e-06	-1.465613e-08	-3.809163e+01	-8.697100e+02
3.270000e-06	-5.406322e-06	-1.468804e-08	-3.815462e+01	-8.716660e+02
3.280000e-06	-5.413417e-06	-1.471309e-08	-3.820469e+01	-8.732156e+02
3.290000e-06	-5.418484e-06	-1.473191e-08	-3.824045e+01	-8.743775e+02
3.300000e-06	-5.421579e-06	-1.474697e-08	-3.826229e+01	-8.751925e+02
3.310000e-06	-5.422931e-06	-1.476151e-08	-3.827183e+01	-8.757155e+02
3.320000e-06	-5.422505e-06	-1.476965e-08	-3.826882e+01	-8.760005e+02
