# Temperatura_=_26.75
# Concentracion g/m^3_=_20000.0
# C_Vs_to_Am_M_A/Vsm_=_59384043850.047264
# pendiente_HvsI_1/m_=_3716.3
# ordenada_HvsI_A/m_=_1297.0
# frecuencia_Hz_=_301118.1349611329

Tiempo_(s)	Campo_(V.s)	Magnetizacion_(V.s)	Campo_(kA/m)	Magnetizacion_(A/m)
0.000000e+00	-5.425921e-06	-1.398447e-08	-3.825967e+01	-8.296739e+02
1.000000e-08	-5.423336e-06	-1.398263e-08	-3.824144e+01	-8.296575e+02
2.000000e-08	-5.418907e-06	-1.397702e-08	-3.821021e+01	-8.294181e+02
3.000000e-08	-5.412868e-06	-1.396986e-08	-3.816762e+01	-8.289821e+02
4.000000e-08	-5.405245e-06	-1.395796e-08	-3.811387e+01	-8.283484e+02
5.000000e-08	-5.395813e-06	-1.393983e-08	-3.804736e+01	-8.274928e+02
6.000000e-08	-5.384236e-06	-1.392584e-08	-3.796573e+01	-8.263820e+02
7.000000e-08	-5.370609e-06	-1.391213e-08	-3.786964e+01	-8.249926e+02
8.000000e-08	-5.354674e-06	-1.385855e-08	-3.775728e+01	-8.233267e+02
9.000000e-08	-5.336243e-06	-1.380754e-08	-3.762732e+01	-8.214184e+02
1.000000e-07	-5.315727e-06	-1.379175e-08	-3.748265e+01	-8.193272e+02
1.100000e-07	-5.293447e-06	-1.377032e-08	-3.732555e+01	-8.171207e+02
1.200000e-07	-5.269779e-06	-1.376928e-08	-3.715866e+01	-8.148531e+02
1.300000e-07	-5.245000e-06	-1.372421e-08	-3.698394e+01	-8.125463e+02
1.400000e-07	-5.218501e-06	-1.360728e-08	-3.679709e+01	-8.101817e+02
1.500000e-07	-5.189959e-06	-1.361134e-08	-3.659583e+01	-8.077056e+02
1.600000e-07	-5.159915e-06	-1.358553e-08	-3.638398e+01	-8.050472e+02
1.700000e-07	-5.128154e-06	-1.346848e-08	-3.616003e+01	-8.021414e+02
1.800000e-07	-5.094177e-06	-1.344323e-08	-3.592044e+01	-7.989510e+02
1.900000e-07	-5.058414e-06	-1.337470e-08	-3.566827e+01	-7.954777e+02
2.000000e-07	-5.021143e-06	-1.332873e-08	-3.540546e+01	-7.917602e+02
2.100000e-07	-4.982091e-06	-1.331285e-08	-3.513009e+01	-7.878594e+02
2.200000e-07	-4.941325e-06	-1.318423e-08	-3.484264e+01	-7.838371e+02
2.300000e-07	-4.898618e-06	-1.309912e-08	-3.454150e+01	-7.797346e+02
2.400000e-07	-4.853970e-06	-1.307055e-08	-3.422668e+01	-7.755604e+02
2.500000e-07	-4.807604e-06	-1.298948e-08	-3.389974e+01	-7.712904e+02
2.600000e-07	-4.759413e-06	-1.290746e-08	-3.355993e+01	-7.668795e+02
2.700000e-07	-4.709242e-06	-1.281831e-08	-3.320616e+01	-7.622804e+02
2.800000e-07	-4.656946e-06	-1.275469e-08	-3.283741e+01	-7.574624e+02
2.900000e-07	-4.602757e-06	-1.269486e-08	-3.245531e+01	-7.524232e+02
3.000000e-07	-4.546979e-06	-1.258843e-08	-3.206200e+01	-7.471894e+02
3.100000e-07	-4.489606e-06	-1.247633e-08	-3.165745e+01	-7.418066e+02
3.200000e-07	-4.430449e-06	-1.238833e-08	-3.124032e+01	-7.363220e+02
3.300000e-07	-4.369669e-06	-1.232823e-08	-3.081174e+01	-7.307680e+02
3.400000e-07	-4.307521e-06	-1.221626e-08	-3.037352e+01	-7.251508e+02
3.500000e-07	-4.243975e-06	-1.209936e-08	-2.992543e+01	-7.194498e+02
3.600000e-07	-4.178919e-06	-1.202366e-08	-2.946670e+01	-7.136265e+02
3.700000e-07	-4.112139e-06	-1.192460e-08	-2.899582e+01	-7.076398e+02
3.800000e-07	-4.043737e-06	-1.181321e-08	-2.851350e+01	-7.014614e+02
3.900000e-07	-3.973986e-06	-1.169658e-08	-2.802167e+01	-6.950868e+02
4.000000e-07	-3.902908e-06	-1.159468e-08	-2.752048e+01	-6.885365e+02
4.100000e-07	-3.830536e-06	-1.149460e-08	-2.701017e+01	-6.818487e+02
4.200000e-07	-3.756692e-06	-1.137284e-08	-2.648947e+01	-6.750659e+02
4.300000e-07	-3.681155e-06	-1.124971e-08	-2.595683e+01	-6.682209e+02
4.400000e-07	-3.604113e-06	-1.113509e-08	-2.541359e+01	-6.613258e+02
4.500000e-07	-3.525680e-06	-1.102860e-08	-2.486054e+01	-6.543705e+02
4.600000e-07	-3.445742e-06	-1.090774e-08	-2.429687e+01	-6.473274e+02
4.700000e-07	-3.364431e-06	-1.078268e-08	-2.372353e+01	-6.401632e+02
4.800000e-07	-3.282004e-06	-1.066724e-08	-2.314231e+01	-6.328511e+02
4.900000e-07	-3.198506e-06	-1.054392e-08	-2.255355e+01	-6.253807e+02
5.000000e-07	-3.114018e-06	-1.041337e-08	-2.195780e+01	-6.177605e+02
5.100000e-07	-3.028577e-06	-1.027958e-08	-2.135533e+01	-6.100143e+02
5.200000e-07	-2.942101e-06	-1.014897e-08	-2.074556e+01	-6.021724e+02
5.300000e-07	-2.854681e-06	-1.001947e-08	-2.012914e+01	-5.942598e+02
5.400000e-07	-2.766405e-06	-9.881502e-09	-1.950668e+01	-5.862886e+02
5.500000e-07	-2.677149e-06	-9.744045e-09	-1.887731e+01	-5.782543e+02
5.600000e-07	-2.586742e-06	-9.609810e-09	-1.823983e+01	-5.701384e+02
5.700000e-07	-2.495264e-06	-9.476887e-09	-1.759479e+01	-5.619161e+02
5.800000e-07	-2.402906e-06	-9.333188e-09	-1.694355e+01	-5.535658e+02
5.900000e-07	-2.309777e-06	-9.184409e-09	-1.628688e+01	-5.450768e+02
6.000000e-07	-2.215877e-06	-9.039763e-09	-1.562476e+01	-5.364534e+02
6.100000e-07	-2.121196e-06	-8.893998e-09	-1.495714e+01	-5.277128e+02
6.200000e-07	-2.025826e-06	-8.745535e-09	-1.428466e+01	-5.188797e+02
6.300000e-07	-1.929827e-06	-8.594201e-09	-1.360774e+01	-5.099770e+02
6.400000e-07	-1.833112e-06	-8.447086e-09	-1.292578e+01	-5.010190e+02
6.500000e-07	-1.735643e-06	-8.299359e-09	-1.223850e+01	-4.920063e+02
6.600000e-07	-1.637361e-06	-8.144929e-09	-1.154548e+01	-4.829271e+02
6.700000e-07	-1.538255e-06	-7.985678e-09	-1.084666e+01	-4.737608e+02
6.800000e-07	-1.438514e-06	-7.827446e-09	-1.014336e+01	-4.644860e+02
6.900000e-07	-1.338314e-06	-7.669306e-09	-9.436821e+00	-4.550874e+02
7.000000e-07	-1.237794e-06	-7.507778e-09	-8.728028e+00	-4.455604e+02
7.100000e-07	-1.137001e-06	-7.343842e-09	-8.017304e+00	-4.359113e+02
7.200000e-07	-1.035815e-06	-7.180262e-09	-7.303818e+00	-4.261544e+02
7.300000e-07	-9.342203e-07	-7.015733e-09	-6.587445e+00	-4.163056e+02
7.400000e-07	-8.322429e-07	-6.846614e-09	-5.868374e+00	-4.063755e+02
7.500000e-07	-7.299642e-07	-6.675221e-09	-5.147178e+00	-3.963656e+02
7.600000e-07	-6.275099e-07	-6.502807e-09	-4.424745e+00	-3.862669e+02
7.700000e-07	-5.248249e-07	-6.331774e-09	-3.700685e+00	-3.760632e+02
7.800000e-07	-4.218884e-07	-6.158554e-09	-2.974851e+00	-3.657358e+02
7.900000e-07	-3.188340e-07	-5.982328e-09	-2.248186e+00	-3.552696e+02
8.000000e-07	-2.157073e-07	-5.803730e-09	-1.521011e+00	-3.446555e+02
8.100000e-07	-1.124702e-07	-5.622751e-09	-7.930585e-01	-3.338901e+02
8.200000e-07	-9.171632e-09	-5.439605e-09	-6.467170e-02	-3.229708e+02
8.300000e-07	9.413684e-08	-5.252242e-09	6.637847e-01	-3.118894e+02
8.400000e-07	1.974236e-07	-5.062241e-09	1.392088e+00	-3.006265e+02
8.500000e-07	3.005871e-07	-4.869167e-09	2.119522e+00	-2.891499e+02
8.600000e-07	4.036528e-07	-4.671511e-09	2.846267e+00	-2.774183e+02
8.700000e-07	5.065927e-07	-4.470084e-09	3.572125e+00	-2.653921e+02
8.800000e-07	6.093174e-07	-4.262758e-09	4.296465e+00	-2.530462e+02
8.900000e-07	7.118563e-07	-4.048051e-09	5.019495e+00	-2.403826e+02
9.000000e-07	8.141491e-07	-3.828315e-09	5.740789e+00	-2.274374e+02
9.100000e-07	9.161782e-07	-3.606014e-09	6.460225e+00	-2.142790e+02
9.200000e-07	1.017884e-06	-3.381369e-09	7.177379e+00	-2.009962e+02
9.300000e-07	1.119180e-06	-3.156213e-09	7.891645e+00	-1.876795e+02
9.400000e-07	1.220106e-06	-2.935511e-09	8.603307e+00	-1.743997e+02
9.500000e-07	1.320643e-06	-2.717290e-09	9.312215e+00	-1.611909e+02
9.600000e-07	1.420756e-06	-2.496776e-09	1.001814e+01	-1.480420e+02
9.700000e-07	1.520448e-06	-2.272329e-09	1.072110e+01	-1.349012e+02
9.800000e-07	1.619667e-06	-2.047028e-09	1.142072e+01	-1.216902e+02
9.900000e-07	1.718265e-06	-1.821965e-09	1.211596e+01	-1.083256e+02
1.000000e-06	1.815970e-06	-1.593864e-09	1.280490e+01	-9.473919e+01
1.010000e-06	1.912784e-06	-1.359822e-09	1.348757e+01	-8.089164e+01
1.020000e-06	2.008934e-06	-1.122433e-09	1.416555e+01	-6.677529e+01
1.030000e-06	2.104449e-06	-8.828063e-10	1.483905e+01	-5.240562e+01
1.040000e-06	2.199232e-06	-6.359771e-10	1.550739e+01	-3.780500e+01
1.050000e-06	2.293268e-06	-3.801721e-10	1.617046e+01	-2.298503e+01
1.060000e-06	2.386562e-06	-1.227362e-10	1.682830e+01	-7.933691e+00
1.070000e-06	2.479098e-06	1.331241e-10	1.748080e+01	7.388137e+00
1.080000e-06	2.570920e-06	3.948327e-10	1.812827e+01	2.303997e+01
1.090000e-06	2.661858e-06	6.662962e-10	1.876950e+01	3.908775e+01
1.100000e-06	2.751540e-06	9.447666e-10	1.940187e+01	5.558828e+01
1.110000e-06	2.839962e-06	1.228628e-09	2.002535e+01	7.257781e+01
1.120000e-06	2.927477e-06	1.523530e-09	2.064245e+01	9.006924e+01
1.130000e-06	3.014149e-06	1.830975e-09	2.125360e+01	1.080582e+02
1.140000e-06	3.099768e-06	2.144243e-09	2.185732e+01	1.265351e+02
1.150000e-06	3.184372e-06	2.460755e-09	2.245388e+01	1.454982e+02
1.160000e-06	3.268083e-06	2.786650e-09	2.304415e+01	1.649609e+02
1.170000e-06	3.350653e-06	3.125342e-09	2.362638e+01	1.849511e+02
1.180000e-06	3.431829e-06	3.471383e-09	2.419877e+01	2.055007e+02
1.190000e-06	3.511707e-06	3.822711e-09	2.476201e+01	2.266309e+02
1.200000e-06	3.590351e-06	4.186903e-09	2.531655e+01	2.483368e+02
1.210000e-06	3.667787e-06	4.567457e-09	2.586258e+01	2.705792e+02
1.220000e-06	3.743958e-06	4.955397e-09	2.639968e+01	2.932848e+02
1.230000e-06	3.818591e-06	5.343537e-09	2.692594e+01	3.163567e+02
1.240000e-06	3.891563e-06	5.734625e-09	2.744048e+01	3.396896e+02
1.250000e-06	3.963107e-06	6.131282e-09	2.794496e+01	3.631842e+02
1.260000e-06	4.033345e-06	6.529930e-09	2.844022e+01	3.867560e+02
1.270000e-06	4.102217e-06	6.926230e-09	2.892586e+01	4.103339e+02
1.280000e-06	4.169704e-06	7.321795e-09	2.940173e+01	4.338505e+02
1.290000e-06	4.235520e-06	7.718855e-09	2.986582e+01	4.572283e+02
1.300000e-06	4.299733e-06	8.111841e-09	3.031860e+01	4.803683e+02
1.310000e-06	4.362598e-06	8.494903e-09	3.076188e+01	5.031461e+02
1.320000e-06	4.424037e-06	8.867936e-09	3.119511e+01	5.254190e+02
1.330000e-06	4.484110e-06	9.231606e-09	3.161870e+01	5.470424e+02
1.340000e-06	4.542588e-06	9.583601e-09	3.203104e+01	5.678899e+02
1.350000e-06	4.599262e-06	9.920384e-09	3.243066e+01	5.878707e+02
1.360000e-06	4.654275e-06	1.024039e-08	3.281858e+01	6.069382e+02
1.370000e-06	4.707604e-06	1.054618e-08	3.319461e+01	6.250861e+02
1.380000e-06	4.758931e-06	1.083639e-08	3.355653e+01	6.423349e+02
1.390000e-06	4.808166e-06	1.110909e-08	3.390371e+01	6.587122e+02
1.400000e-06	4.855615e-06	1.136692e-08	3.423828e+01	6.742365e+02
1.410000e-06	4.901462e-06	1.161426e-08	3.456156e+01	6.889075e+02
1.420000e-06	4.945782e-06	1.184794e-08	3.487407e+01	7.027086e+02
1.430000e-06	4.988277e-06	1.206482e-08	3.517371e+01	7.156179e+02
1.440000e-06	5.028798e-06	1.226612e-08	3.545944e+01	7.276238e+02
1.450000e-06	5.067619e-06	1.245221e-08	3.573317e+01	7.387382e+02
1.460000e-06	5.104813e-06	1.262398e-08	3.599544e+01	7.490009e+02
1.470000e-06	5.140224e-06	1.277999e-08	3.624513e+01	7.584747e+02
1.480000e-06	5.173613e-06	1.292309e-08	3.648057e+01	7.672312e+02
1.490000e-06	5.205119e-06	1.305859e-08	3.670273e+01	7.753342e+02
1.500000e-06	5.235001e-06	1.318532e-08	3.691344e+01	7.828269e+02
1.510000e-06	5.263259e-06	1.329922e-08	3.711269e+01	7.897271e+02
1.520000e-06	5.289440e-06	1.340023e-08	3.729730e+01	7.960334e+02
1.530000e-06	5.313508e-06	1.349224e-08	3.746701e+01	8.017388e+02
1.540000e-06	5.335836e-06	1.357807e-08	3.762445e+01	8.068460e+02
1.550000e-06	5.356479e-06	1.365394e-08	3.777001e+01	8.113788e+02
1.560000e-06	5.375313e-06	1.372066e-08	3.790281e+01	8.153838e+02
1.570000e-06	5.392112e-06	1.378200e-08	3.802127e+01	8.189223e+02
1.580000e-06	5.406933e-06	1.383758e-08	3.812577e+01	8.220558e+02
1.590000e-06	5.419783e-06	1.388460e-08	3.821638e+01	8.248304e+02
1.600000e-06	5.430402e-06	1.392303e-08	3.829126e+01	8.272669e+02
1.610000e-06	5.438908e-06	1.395441e-08	3.835124e+01	8.293607e+02
1.620000e-06	5.445567e-06	1.398119e-08	3.839819e+01	8.310915e+02
1.630000e-06	5.450451e-06	1.400369e-08	3.843263e+01	8.324391e+02
1.640000e-06	5.453423e-06	1.402031e-08	3.845358e+01	8.333990e+02
1.650000e-06	5.454332e-06	1.403206e-08	3.846000e+01	8.339906e+02
1.660000e-06	5.453430e-06	1.404023e-08	3.845364e+01	8.342563e+02
1.670000e-06	5.450903e-06	1.404034e-08	3.843582e+01	8.342494e+02
1.680000e-06	5.446705e-06	1.403383e-08	3.840621e+01	8.340179e+02
1.690000e-06	5.440644e-06	1.402261e-08	3.836348e+01	8.335894e+02
1.700000e-06	5.432737e-06	1.400862e-08	3.830773e+01	8.329638e+02
1.710000e-06	5.423164e-06	1.399133e-08	3.824023e+01	8.321173e+02
1.720000e-06	5.411906e-06	1.396111e-08	3.816084e+01	8.310167e+02
1.730000e-06	5.398689e-06	1.395654e-08	3.806764e+01	8.296380e+02
1.740000e-06	5.383463e-06	1.397398e-08	3.796028e+01	8.279823e+02
1.750000e-06	5.366090e-06	1.393928e-08	3.783778e+01	8.260824e+02
1.760000e-06	5.346138e-06	1.387822e-08	3.769709e+01	8.239971e+02
1.770000e-06	5.323721e-06	1.378336e-08	3.753902e+01	8.217943e+02
1.780000e-06	5.299597e-06	1.372889e-08	3.736892e+01	8.195289e+02
1.790000e-06	5.274463e-06	1.378515e-08	3.719169e+01	8.172242e+02
1.800000e-06	5.247974e-06	1.369972e-08	3.700491e+01	8.148631e+02
1.810000e-06	5.219388e-06	1.363166e-08	3.680334e+01	8.123929e+02
1.820000e-06	5.189009e-06	1.368358e-08	3.658913e+01	8.097428e+02
1.830000e-06	5.157003e-06	1.359246e-08	3.636345e+01	8.068474e+02
1.840000e-06	5.123039e-06	1.355108e-08	3.612396e+01	8.036680e+02
1.850000e-06	5.087493e-06	1.349931e-08	3.587331e+01	8.002049e+02
1.860000e-06	5.050148e-06	1.333543e-08	3.560998e+01	7.964958e+02
1.870000e-06	5.010811e-06	1.335195e-08	3.533261e+01	7.926011e+02
1.880000e-06	4.969806e-06	1.332268e-08	3.504347e+01	7.885829e+02
1.890000e-06	4.927078e-06	1.318556e-08	3.474219e+01	7.844835e+02
1.900000e-06	4.882762e-06	1.315049e-08	3.442970e+01	7.803128e+02
1.910000e-06	4.836586e-06	1.305675e-08	3.410410e+01	7.760476e+02
1.920000e-06	4.788365e-06	1.301060e-08	3.376408e+01	7.716432e+02
1.930000e-06	4.738570e-06	1.292822e-08	3.341296e+01	7.670521e+02
1.940000e-06	4.687063e-06	1.278140e-08	3.304977e+01	7.622428e+02
1.950000e-06	4.633507e-06	1.275690e-08	3.267213e+01	7.572118e+02
1.960000e-06	4.578010e-06	1.268164e-08	3.228081e+01	7.519849e+02
1.970000e-06	4.520799e-06	1.258111e-08	3.187740e+01	7.466072e+02
1.980000e-06	4.462157e-06	1.245403e-08	3.146390e+01	7.411263e+02
1.990000e-06	4.402000e-06	1.236446e-08	3.103972e+01	7.355751e+02
2.000000e-06	4.340144e-06	1.232716e-08	3.060355e+01	7.299610e+02
2.010000e-06	4.276627e-06	1.217246e-08	3.015567e+01	7.242642e+02
2.020000e-06	4.211595e-06	1.208211e-08	2.969712e+01	7.184467e+02
2.030000e-06	4.145169e-06	1.200345e-08	2.922873e+01	7.124670e+02
2.040000e-06	4.077275e-06	1.189944e-08	2.874999e+01	7.062964e+02
2.050000e-06	4.007783e-06	1.179551e-08	2.825998e+01	6.999292e+02
2.060000e-06	3.936681e-06	1.164389e-08	2.775862e+01	6.933852e+02
2.070000e-06	3.864215e-06	1.156812e-08	2.724764e+01	6.867022e+02
2.080000e-06	3.790459e-06	1.145310e-08	2.672757e+01	6.799228e+02
2.090000e-06	3.715238e-06	1.132258e-08	2.619716e+01	6.730803e+02
2.100000e-06	3.638480e-06	1.120479e-08	2.565593e+01	6.661877e+02
2.110000e-06	3.560125e-06	1.108849e-08	2.510342e+01	6.592356e+02
2.120000e-06	3.480424e-06	1.099592e-08	2.454143e+01	6.521968e+02
2.130000e-06	3.399610e-06	1.084886e-08	2.397158e+01	6.450381e+02
2.140000e-06	3.317655e-06	1.072358e-08	2.339370e+01	6.377323e+02
2.150000e-06	3.234607e-06	1.059965e-08	2.280810e+01	6.302681e+02
2.160000e-06	3.150436e-06	1.047992e-08	2.221459e+01	6.226535e+02
2.170000e-06	3.064986e-06	1.034962e-08	2.161206e+01	6.149120e+02
2.180000e-06	2.978237e-06	1.019893e-08	2.100037e+01	6.070736e+02
2.190000e-06	2.890480e-06	1.008208e-08	2.038157e+01	5.991639e+02
2.200000e-06	2.801823e-06	9.952996e-09	1.975643e+01	5.911954e+02
2.210000e-06	2.712277e-06	9.812858e-09	1.912501e+01	5.831643e+02
2.220000e-06	2.621854e-06	9.661987e-09	1.848741e+01	5.750523e+02
2.230000e-06	2.530598e-06	9.530878e-09	1.784395e+01	5.668349e+02
2.240000e-06	2.438623e-06	9.405946e-09	1.719540e+01	5.584901e+02
2.250000e-06	2.345670e-06	9.255678e-09	1.653996e+01	5.500067e+02
2.260000e-06	2.251568e-06	9.100519e-09	1.587643e+01	5.413884e+02
2.270000e-06	2.156526e-06	8.956228e-09	1.520626e+01	5.326524e+02
2.280000e-06	2.060803e-06	8.820716e-09	1.453129e+01	5.238227e+02
2.290000e-06	1.964491e-06	8.665252e-09	1.385217e+01	5.149229e+02
2.300000e-06	1.867556e-06	8.501948e-09	1.316865e+01	5.059673e+02
2.310000e-06	1.769993e-06	8.353839e-09	1.248071e+01	4.969574e+02
2.320000e-06	1.671791e-06	8.213962e-09	1.178826e+01	4.878815e+02
2.330000e-06	1.573045e-06	8.054681e-09	1.109197e+01	4.787193e+02
2.340000e-06	1.473880e-06	7.886963e-09	1.039273e+01	4.694494e+02
2.350000e-06	1.374324e-06	7.732689e-09	9.690740e+00	4.600561e+02
2.360000e-06	1.274309e-06	7.585083e-09	8.985506e+00	4.505342e+02
2.370000e-06	1.173775e-06	7.423191e-09	8.276607e+00	4.408899e+02
2.380000e-06	1.072739e-06	7.251057e-09	7.564180e+00	4.311372e+02
2.390000e-06	9.712513e-07	7.092073e-09	6.848560e+00	4.212920e+02
2.400000e-06	8.693347e-07	6.933023e-09	6.129918e+00	4.113654e+02
2.410000e-06	7.669724e-07	6.759324e-09	5.408134e+00	4.013591e+02
2.420000e-06	6.642448e-07	6.578379e-09	4.683773e+00	3.912645e+02
2.430000e-06	5.612878e-07	6.410038e-09	3.957795e+00	3.810655e+02
2.440000e-06	4.581805e-07	6.246203e-09	3.230757e+00	3.707435e+02
2.450000e-06	3.549146e-07	6.069039e-09	2.502601e+00	3.602831e+02
2.460000e-06	2.515205e-07	5.884550e-09	1.773540e+00	3.496750e+02
2.470000e-06	1.480106e-07	5.705526e-09	1.043664e+00	3.389156e+02
2.480000e-06	4.446683e-08	5.528346e-09	3.135479e-01	3.280025e+02
2.490000e-06	-5.902355e-08	5.339129e-09	-4.161913e-01	3.169278e+02
2.500000e-06	-1.624892e-07	5.142458e-09	-1.145756e+00	3.056726e+02
2.510000e-06	-2.658757e-07	4.946629e-09	-1.874762e+00	2.942049e+02
2.520000e-06	-3.692029e-07	4.754138e-09	-2.603352e+00	2.824838e+02
2.530000e-06	-4.723950e-07	4.555959e-09	-3.330987e+00	2.704693e+02
2.540000e-06	-5.753324e-07	4.347867e-09	-4.056827e+00	2.581356e+02
2.550000e-06	-6.780801e-07	4.135153e-09	-4.781330e+00	2.454836e+02
2.560000e-06	-7.805827e-07	3.919387e-09	-5.504104e+00	2.325481e+02
2.570000e-06	-8.827252e-07	3.698094e-09	-6.224338e+00	2.193965e+02
2.580000e-06	-9.843931e-07	3.470019e-09	-6.941227e+00	2.061172e+02
2.590000e-06	-1.085521e-06	3.243101e-09	-7.654304e+00	1.928009e+02
2.600000e-06	-1.186132e-06	3.021882e-09	-8.363740e+00	1.795196e+02
2.610000e-06	-1.286238e-06	2.802246e-09	-9.069619e+00	1.663088e+02
2.620000e-06	-1.385858e-06	2.579862e-09	-9.772068e+00	1.531591e+02
2.630000e-06	-1.485036e-06	2.356285e-09	-1.047139e+01	1.400199e+02
2.640000e-06	-1.583795e-06	2.135228e-09	-1.116777e+01	1.268135e+02
2.650000e-06	-1.682097e-06	1.913337e-09	-1.186093e+01	1.134564e+02
2.660000e-06	-1.779817e-06	1.684601e-09	-1.254998e+01	9.987939e+01
2.670000e-06	-1.876882e-06	1.450700e-09	-1.323441e+01	8.604211e+01
2.680000e-06	-1.973339e-06	1.213824e-09	-1.391456e+01	7.193584e+01
2.690000e-06	-2.069175e-06	9.721869e-10	-1.459032e+01	5.757545e+01
2.700000e-06	-2.164401e-06	7.259928e-10	-1.526179e+01	4.298341e+01
2.710000e-06	-2.258939e-06	4.791191e-10	-1.592840e+01	2.817196e+01
2.720000e-06	-2.352575e-06	2.292445e-10	-1.658866e+01	1.313005e+01
2.730000e-06	-2.445122e-06	-2.691480e-11	-1.724123e+01	-2.180543e+00
2.740000e-06	-2.536660e-06	-2.901283e-10	-1.788669e+01	-1.781880e+01
2.750000e-06	-2.627334e-06	-5.604156e-10	-1.852605e+01	-3.385073e+01
2.760000e-06	-2.717087e-06	-8.376643e-10	-1.915893e+01	-5.033368e+01
2.770000e-06	-2.805905e-06	-1.124522e-09	-1.978521e+01	-6.730476e+01
2.780000e-06	-2.893813e-06	-1.420143e-09	-2.040507e+01	-8.477762e+01
2.790000e-06	-2.980832e-06	-1.723019e-09	-2.101867e+01	-1.027483e+02
2.800000e-06	-3.066790e-06	-2.032413e-09	-2.162478e+01	-1.212073e+02
2.810000e-06	-3.151387e-06	-2.348956e-09	-2.222130e+01	-1.401522e+02
2.820000e-06	-3.234761e-06	-2.674071e-09	-2.280919e+01	-1.595961e+02
2.830000e-06	-3.317112e-06	-3.009651e-09	-2.338987e+01	-1.795662e+02
2.840000e-06	-3.398383e-06	-3.358143e-09	-2.396293e+01	-2.000947e+02
2.850000e-06	-3.478503e-06	-3.716076e-09	-2.452788e+01	-2.212034e+02
2.860000e-06	-3.557430e-06	-4.080383e-09	-2.508442e+01	-2.428886e+02
2.870000e-06	-3.634911e-06	-4.453251e-09	-2.563076e+01	-2.651123e+02
2.880000e-06	-3.710785e-06	-4.833436e-09	-2.616576e+01	-2.878023e+02
2.890000e-06	-3.785220e-06	-5.220586e-09	-2.669063e+01	-3.108623e+02
2.900000e-06	-3.858296e-06	-5.611624e-09	-2.720590e+01	-3.341869e+02
2.910000e-06	-3.930085e-06	-6.003961e-09	-2.771211e+01	-3.576767e+02
2.920000e-06	-4.000490e-06	-6.399326e-09	-2.820855e+01	-3.812464e+02
2.930000e-06	-4.069272e-06	-6.798074e-09	-2.869356e+01	-4.048246e+02
2.940000e-06	-4.136576e-06	-7.194637e-09	-2.916814e+01	-4.283440e+02
2.950000e-06	-4.202533e-06	-7.586290e-09	-2.963322e+01	-4.517276e+02
2.960000e-06	-4.267071e-06	-7.977124e-09	-3.008829e+01	-4.748775e+02
2.970000e-06	-4.330221e-06	-8.363801e-09	-3.053358e+01	-4.976699e+02
2.980000e-06	-4.391703e-06	-8.740061e-09	-3.096711e+01	-5.199628e+02
2.990000e-06	-4.451438e-06	-9.101075e-09	-3.138832e+01	-5.416111e+02
3.000000e-06	-4.509662e-06	-9.448717e-09	-3.179887e+01	-5.624874e+02
3.010000e-06	-4.566414e-06	-9.787174e-09	-3.219904e+01	-5.824996e+02
3.020000e-06	-4.621622e-06	-1.011246e-08	-3.258833e+01	-6.015994e+02
3.030000e-06	-4.674888e-06	-1.042038e-08	-3.296392e+01	-6.197793e+02
3.040000e-06	-4.726124e-06	-1.071183e-08	-3.332520e+01	-6.370590e+02
3.050000e-06	-4.775540e-06	-1.099043e-08	-3.367365e+01	-6.534664e+02
3.060000e-06	-4.822945e-06	-1.125311e-08	-3.400791e+01	-6.690204e+02
3.070000e-06	-4.868514e-06	-1.149726e-08	-3.432923e+01	-6.837215e+02
3.080000e-06	-4.912582e-06	-1.172871e-08	-3.463996e+01	-6.975534e+02
3.090000e-06	-4.955123e-06	-1.195143e-08	-3.493994e+01	-7.104943e+02
3.100000e-06	-4.996091e-06	-1.216012e-08	-3.522881e+01	-7.225318e+02
3.110000e-06	-5.035487e-06	-1.234857e-08	-3.550661e+01	-7.336768e+02
3.120000e-06	-5.073005e-06	-1.252003e-08	-3.577116e+01	-7.439683e+02
3.130000e-06	-5.108537e-06	-1.268046e-08	-3.602170e+01	-7.534684e+02
3.140000e-06	-5.142336e-06	-1.283136e-08	-3.626003e+01	-7.622486e+02
3.150000e-06	-5.174409e-06	-1.296929e-08	-3.648619e+01	-7.703735e+02
3.160000e-06	-5.204549e-06	-1.309714e-08	-3.669871e+01	-7.778869e+02
3.170000e-06	-5.232723e-06	-1.321820e-08	-3.689737e+01	-7.848075e+02
3.180000e-06	-5.259155e-06	-1.333141e-08	-3.708375e+01	-7.911345e+02
3.190000e-06	-5.283799e-06	-1.343053e-08	-3.725752e+01	-7.968608e+02
3.200000e-06	-5.306513e-06	-1.351525e-08	-3.741768e+01	-8.019885e+02
3.210000e-06	-5.327205e-06	-1.359133e-08	-3.756359e+01	-8.065405e+02
3.220000e-06	-5.346003e-06	-1.365925e-08	-3.769614e+01	-8.105627e+02
3.230000e-06	-5.363066e-06	-1.371885e-08	-3.781645e+01	-8.141161e+02
3.240000e-06	-5.378225e-06	-1.377390e-08	-3.792334e+01	-8.172625e+02
3.250000e-06	-5.391166e-06	-1.382406e-08	-3.801459e+01	-8.200488e+02
3.260000e-06	-5.401938e-06	-1.386602e-08	-3.809055e+01	-8.224966e+02
3.270000e-06	-5.410875e-06	-1.389970e-08	-3.815357e+01	-8.246023e+02
3.280000e-06	-5.417995e-06	-1.392678e-08	-3.820377e+01	-8.263458e+02
3.290000e-06	-5.423085e-06	-1.394986e-08	-3.823966e+01	-8.277067e+02
3.300000e-06	-5.426266e-06	-1.396711e-08	-3.826210e+01	-8.286796e+02
3.310000e-06	-5.427695e-06	-1.397843e-08	-3.827217e+01	-8.292831e+02
3.320000e-06	-5.427319e-06	-1.398419e-08	-3.826952e+01	-8.295589e+02
