# Temperatura_=_31.45
# Concentracion g/m^3_=_20000.0
# C_Vs_to_Am_M_A/Vsm_=_59384043850.047264
# pendiente_HvsI_1/m_=_3716.3
# ordenada_HvsI_A/m_=_1297.0
# frecuencia_Hz_=_301116.7727099855

Tiempo_(s)	Campo_(V.s)	Magnetizacion_(V.s)	Campo_(kA/m)	Magnetizacion_(A/m)
0.000000e+00	-5.422332e-06	-1.420860e-08	-3.826459e+01	-8.428825e+02
1.000000e-08	-5.420066e-06	-1.420345e-08	-3.824860e+01	-8.429461e+02
2.000000e-08	-5.415854e-06	-1.419718e-08	-3.821887e+01	-8.428232e+02
3.000000e-08	-5.409982e-06	-1.419286e-08	-3.817743e+01	-8.425220e+02
4.000000e-08	-5.402441e-06	-1.418378e-08	-3.812421e+01	-8.420187e+02
5.000000e-08	-5.393113e-06	-1.416821e-08	-3.805839e+01	-8.412699e+02
6.000000e-08	-5.381767e-06	-1.415209e-08	-3.797832e+01	-8.402339e+02
7.000000e-08	-5.368459e-06	-1.413672e-08	-3.788441e+01	-8.388909e+02
8.000000e-08	-5.352970e-06	-1.411211e-08	-3.777511e+01	-8.372564e+02
9.000000e-08	-5.334919e-06	-1.405261e-08	-3.764773e+01	-8.353818e+02
1.000000e-07	-5.314661e-06	-1.400956e-08	-3.750477e+01	-8.333401e+02
1.100000e-07	-5.292614e-06	-1.400164e-08	-3.734918e+01	-8.312043e+02
1.200000e-07	-5.269104e-06	-1.397461e-08	-3.718328e+01	-8.290232e+02
1.300000e-07	-5.244470e-06	-1.395306e-08	-3.700944e+01	-8.268058e+02
1.400000e-07	-5.218262e-06	-1.390050e-08	-3.682449e+01	-8.245186e+02
1.500000e-07	-5.190043e-06	-1.381211e-08	-3.662536e+01	-8.220976e+02
1.600000e-07	-5.160183e-06	-1.381596e-08	-3.641464e+01	-8.194700e+02
1.700000e-07	-5.128726e-06	-1.375876e-08	-3.619265e+01	-8.165786e+02
1.800000e-07	-5.095163e-06	-1.364667e-08	-3.595580e+01	-8.133999e+02
1.900000e-07	-5.059687e-06	-1.363195e-08	-3.570545e+01	-8.099499e+02
2.000000e-07	-5.022649e-06	-1.356889e-08	-3.544408e+01	-8.062757e+02
2.100000e-07	-4.983872e-06	-1.351707e-08	-3.517043e+01	-8.024373e+02
2.200000e-07	-4.943392e-06	-1.346997e-08	-3.488478e+01	-7.984862e+02
2.300000e-07	-4.901041e-06	-1.335110e-08	-3.458591e+01	-7.944482e+02
2.400000e-07	-4.856736e-06	-1.329109e-08	-3.427326e+01	-7.903176e+02
2.500000e-07	-4.810629e-06	-1.324554e-08	-3.394789e+01	-7.860634e+02
2.600000e-07	-4.762693e-06	-1.315516e-08	-3.360961e+01	-7.816444e+02
2.700000e-07	-4.712864e-06	-1.308148e-08	-3.325797e+01	-7.770278e+02
2.800000e-07	-4.660910e-06	-1.300385e-08	-3.289134e+01	-7.722028e+02
2.900000e-07	-4.606953e-06	-1.293112e-08	-3.251058e+01	-7.671850e+02
3.000000e-07	-4.551453e-06	-1.284224e-08	-3.211892e+01	-7.620105e+02
3.100000e-07	-4.494437e-06	-1.273518e-08	-3.171657e+01	-7.567209e+02
3.200000e-07	-4.435634e-06	-1.264166e-08	-3.130160e+01	-7.513478e+02
3.300000e-07	-4.375186e-06	-1.255894e-08	-3.087503e+01	-7.459002e+02
3.400000e-07	-4.313318e-06	-1.248472e-08	-3.043844e+01	-7.403624e+02
3.500000e-07	-4.250034e-06	-1.237251e-08	-2.999185e+01	-7.347000e+02
3.600000e-07	-4.185283e-06	-1.227103e-08	-2.953491e+01	-7.288745e+02
3.700000e-07	-4.118837e-06	-1.218464e-08	-2.906602e+01	-7.228586e+02
3.800000e-07	-4.050667e-06	-1.207149e-08	-2.858495e+01	-7.166471e+02
3.900000e-07	-3.981010e-06	-1.196170e-08	-2.809339e+01	-7.102599e+02
4.000000e-07	-3.910092e-06	-1.184902e-08	-2.759293e+01	-7.037348e+02
4.100000e-07	-3.837927e-06	-1.174526e-08	-2.708368e+01	-6.971146e+02
4.200000e-07	-3.764323e-06	-1.163737e-08	-2.656426e+01	-6.904326e+02
4.300000e-07	-3.689103e-06	-1.151772e-08	-2.603344e+01	-6.837017e+02
4.400000e-07	-3.612306e-06	-1.140041e-08	-2.549150e+01	-6.769117e+02
4.500000e-07	-3.534019e-06	-1.128475e-08	-2.493904e+01	-6.700348e+02
4.600000e-07	-3.454277e-06	-1.117271e-08	-2.437632e+01	-6.630375e+02
4.700000e-07	-3.373203e-06	-1.105087e-08	-2.380419e+01	-6.558934e+02
4.800000e-07	-3.290916e-06	-1.092905e-08	-2.322350e+01	-6.485928e+02
4.900000e-07	-3.207588e-06	-1.080655e-08	-2.263547e+01	-6.411458e+02
5.000000e-07	-3.123285e-06	-1.067861e-08	-2.204055e+01	-6.335774e+02
5.100000e-07	-3.038012e-06	-1.054813e-08	-2.143880e+01	-6.259179e+02
5.200000e-07	-2.951750e-06	-1.041483e-08	-2.083006e+01	-6.181911e+02
5.300000e-07	-2.864537e-06	-1.028791e-08	-2.021461e+01	-6.104064e+02
5.400000e-07	-2.776500e-06	-1.016108e-08	-1.959334e+01	-6.025560e+02
5.500000e-07	-2.687494e-06	-1.002496e-08	-1.896524e+01	-5.946188e+02
5.600000e-07	-2.597282e-06	-9.885038e-09	-1.832863e+01	-5.865694e+02
5.700000e-07	-2.505992e-06	-9.748845e-09	-1.768441e+01	-5.783875e+02
5.800000e-07	-2.413836e-06	-9.609868e-09	-1.703408e+01	-5.700659e+02
5.900000e-07	-2.320860e-06	-9.462484e-09	-1.637796e+01	-5.616123e+02
6.000000e-07	-2.227100e-06	-9.314269e-09	-1.571631e+01	-5.530462e+02
6.100000e-07	-2.132621e-06	-9.171657e-09	-1.504959e+01	-5.443916e+02
6.200000e-07	-2.037412e-06	-9.029417e-09	-1.437771e+01	-5.356680e+02
6.300000e-07	-1.941518e-06	-8.880565e-09	-1.370100e+01	-5.268840e+02
6.400000e-07	-1.844917e-06	-8.727178e-09	-1.301930e+01	-5.180343e+02
6.500000e-07	-1.747489e-06	-8.578271e-09	-1.233177e+01	-5.091031e+02
6.600000e-07	-1.649263e-06	-8.429458e-09	-1.163861e+01	-5.000696e+02
6.700000e-07	-1.550359e-06	-8.273268e-09	-1.094065e+01	-4.909158e+02
6.800000e-07	-1.450891e-06	-8.112649e-09	-1.023872e+01	-4.816330e+02
6.900000e-07	-1.350888e-06	-7.953171e-09	-9.533016e+00	-4.722241e+02
7.000000e-07	-1.250433e-06	-7.796958e-09	-8.824120e+00	-4.627013e+02
7.100000e-07	-1.149658e-06	-7.637457e-09	-8.112967e+00	-4.530817e+02
7.200000e-07	-1.048551e-06	-7.473420e-09	-7.399469e+00	-4.433799e+02
7.300000e-07	-9.470780e-07	-7.307766e-09	-6.683388e+00	-4.336025e+02
7.400000e-07	-8.453026e-07	-7.142866e-09	-5.965173e+00	-4.237454e+02
7.500000e-07	-7.431586e-07	-6.973911e-09	-5.244359e+00	-4.137949e+02
7.600000e-07	-6.406990e-07	-6.797509e-09	-4.521317e+00	-4.037319e+02
7.700000e-07	-5.380589e-07	-6.622578e-09	-3.797001e+00	-3.935381e+02
7.800000e-07	-4.352391e-07	-6.452543e-09	-3.071417e+00	-3.832007e+02
7.900000e-07	-3.322745e-07	-6.282572e-09	-2.344811e+00	-3.727143e+02
8.000000e-07	-2.292146e-07	-6.104941e-09	-1.617533e+00	-3.620799e+02
8.100000e-07	-1.261023e-07	-5.921999e-09	-8.898851e-01	-3.512992e+02
8.200000e-07	-2.290490e-08	-5.738508e-09	-1.616365e-01	-3.403680e+02
8.300000e-07	8.032312e-08	-5.550779e-09	5.668282e-01	-3.292705e+02
8.400000e-07	1.834847e-07	-5.355318e-09	1.294824e+00	-3.179768e+02
8.500000e-07	2.866069e-07	-5.158006e-09	2.022542e+00	-3.064463e+02
8.600000e-07	3.896440e-07	-4.963344e-09	2.749659e+00	-2.946349e+02
8.700000e-07	4.925363e-07	-4.766055e-09	3.475755e+00	-2.825074e+02
8.800000e-07	5.952942e-07	-4.558075e-09	4.200902e+00	-2.700485e+02
8.900000e-07	6.978526e-07	-4.338457e-09	4.924641e+00	-2.572716e+02
9.000000e-07	8.001123e-07	-4.116187e-09	5.646272e+00	-2.442209e+02
9.100000e-07	9.020719e-07	-3.893867e-09	6.365786e+00	-2.309655e+02
9.200000e-07	1.003696e-06	-3.666720e-09	7.082934e+00	-2.175871e+02
9.300000e-07	1.104936e-06	-3.436474e-09	7.797365e+00	-2.041631e+02
9.400000e-07	1.205801e-06	-3.213770e-09	8.509159e+00	-1.907508e+02
9.500000e-07	1.306287e-06	-2.996540e-09	9.218274e+00	-1.773752e+02
9.600000e-07	1.406412e-06	-2.775399e-09	9.924837e+00	-1.640255e+02
9.700000e-07	1.506097e-06	-2.547067e-09	1.062830e+01	-1.506602e+02
9.800000e-07	1.605209e-06	-2.316130e-09	1.132772e+01	-1.372184e+02
9.900000e-07	1.703650e-06	-2.088782e-09	1.202241e+01	-1.236352e+02
1.000000e-06	1.801299e-06	-1.858672e-09	1.271149e+01	-1.098554e+02
1.010000e-06	1.898136e-06	-1.619707e-09	1.339486e+01	-9.584141e+01
1.020000e-06	1.994219e-06	-1.377000e-09	1.407291e+01	-8.157479e+01
1.030000e-06	2.089651e-06	-1.135120e-09	1.474635e+01	-6.704989e+01
1.040000e-06	2.184433e-06	-8.878391e-10	1.541522e+01	-5.226398e+01
1.050000e-06	2.278454e-06	-6.281859e-10	1.607871e+01	-3.720702e+01
1.060000e-06	2.371732e-06	-3.663149e-10	1.673695e+01	-2.185505e+01
1.070000e-06	2.464318e-06	-1.060643e-10	1.739032e+01	-6.169310e+00
1.080000e-06	2.556205e-06	1.618071e-10	1.803875e+01	9.899039e+00
1.090000e-06	2.647149e-06	4.432553e-10	1.868053e+01	2.640075e+01
1.100000e-06	2.736895e-06	7.332071e-10	1.931386e+01	4.338033e+01
1.110000e-06	2.825452e-06	1.026192e-09	1.993879e+01	6.087097e+01
1.120000e-06	2.913008e-06	1.327773e-09	2.055666e+01	7.889422e+01
1.130000e-06	2.999664e-06	1.643615e-09	2.116818e+01	9.746396e+01
1.140000e-06	3.085358e-06	1.969603e-09	2.177291e+01	1.165923e+02
1.150000e-06	3.170076e-06	2.298641e-09	2.237075e+01	1.362943e+02
1.160000e-06	3.253897e-06	2.637126e-09	2.296226e+01	1.565885e+02
1.170000e-06	3.336638e-06	2.991957e-09	2.354616e+01	1.774933e+02
1.180000e-06	3.418046e-06	3.355496e-09	2.412064e+01	1.990185e+02
1.190000e-06	3.498150e-06	3.724297e-09	2.468592e+01	2.211570e+02
1.200000e-06	3.576995e-06	4.107809e-09	2.524232e+01	2.438788e+02
1.210000e-06	3.654590e-06	4.508209e-09	2.578990e+01	2.671296e+02
1.220000e-06	3.730895e-06	4.914872e-09	2.632836e+01	2.908355e+02
1.230000e-06	3.805687e-06	5.318599e-09	2.685616e+01	3.149115e+02
1.240000e-06	3.878809e-06	5.725147e-09	2.737217e+01	3.392699e+02
1.250000e-06	3.950482e-06	6.140238e-09	2.787796e+01	3.638259e+02
1.260000e-06	4.020840e-06	6.557629e-09	2.837446e+01	3.884976e+02
1.270000e-06	4.089825e-06	6.973046e-09	2.886128e+01	4.132000e+02
1.280000e-06	4.157502e-06	7.389243e-09	2.933887e+01	4.378369e+02
1.290000e-06	4.223645e-06	7.807260e-09	2.980563e+01	4.622939e+02
1.300000e-06	4.288098e-06	8.218420e-09	3.026046e+01	4.864366e+02
1.310000e-06	4.351057e-06	8.614998e-09	3.070476e+01	5.101166e+02
1.320000e-06	4.412628e-06	9.000308e-09	3.113925e+01	5.331843e+02
1.330000e-06	4.472880e-06	9.376281e-09	3.156444e+01	5.555056e+02
1.340000e-06	4.531529e-06	9.737887e-09	3.197832e+01	5.769761e+02
1.350000e-06	4.588336e-06	1.008223e-08	3.237920e+01	5.975295e+02
1.360000e-06	4.643491e-06	1.041146e-08	3.276842e+01	6.171368e+02
1.370000e-06	4.697046e-06	1.072830e-08	3.314635e+01	6.357959e+02
1.380000e-06	4.748707e-06	1.102910e-08	3.351092e+01	6.535175e+02
1.390000e-06	4.798215e-06	1.130849e-08	3.386028e+01	6.703107e+02
1.400000e-06	4.845816e-06	1.157107e-08	3.419620e+01	6.861748e+02
1.410000e-06	4.891819e-06	1.182151e-08	3.452083e+01	7.010988e+02
1.420000e-06	4.936250e-06	1.205624e-08	3.483438e+01	7.150697e+02
1.430000e-06	4.978880e-06	1.227320e-08	3.513521e+01	7.280841e+02
1.440000e-06	5.019615e-06	1.247640e-08	3.542267e+01	7.401588e+02
1.450000e-06	5.058631e-06	1.266597e-08	3.569800e+01	7.513346e+02
1.460000e-06	5.095982e-06	1.283971e-08	3.596158e+01	7.616723e+02
1.470000e-06	5.131618e-06	1.299766e-08	3.621306e+01	7.712409e+02
1.480000e-06	5.165274e-06	1.314215e-08	3.645057e+01	7.801029e+02
1.490000e-06	5.196987e-06	1.327881e-08	3.667436e+01	7.883026e+02
1.500000e-06	5.227035e-06	1.340554e-08	3.688640e+01	7.958615e+02
1.510000e-06	5.255475e-06	1.351854e-08	3.708710e+01	8.027832e+02
1.520000e-06	5.281973e-06	1.361967e-08	3.727409e+01	8.090660e+02
1.530000e-06	5.306343e-06	1.371247e-08	3.744607e+01	8.147171e+02
1.540000e-06	5.328872e-06	1.379849e-08	3.760505e+01	8.197644e+02
1.550000e-06	5.349719e-06	1.387479e-08	3.775216e+01	8.242582e+02
1.560000e-06	5.368749e-06	1.394080e-08	3.788646e+01	8.282643e+02
1.570000e-06	5.385780e-06	1.400058e-08	3.800664e+01	8.318493e+02
1.580000e-06	5.400825e-06	1.405590e-08	3.811281e+01	8.350643e+02
1.590000e-06	5.413925e-06	1.410475e-08	3.820526e+01	8.379335e+02
1.600000e-06	5.424863e-06	1.414676e-08	3.828245e+01	8.404528e+02
1.610000e-06	5.433617e-06	1.418080e-08	3.834422e+01	8.425985e+02
1.620000e-06	5.440446e-06	1.420818e-08	3.839241e+01	8.443446e+02
1.630000e-06	5.445501e-06	1.423055e-08	3.842809e+01	8.456800e+02
1.640000e-06	5.448781e-06	1.424749e-08	3.845123e+01	8.466205e+02
1.650000e-06	5.450024e-06	1.425872e-08	3.846000e+01	8.472102e+02
1.660000e-06	5.449312e-06	1.426418e-08	3.845498e+01	8.475105e+02
1.670000e-06	5.446940e-06	1.426696e-08	3.843824e+01	8.475822e+02
1.680000e-06	5.442967e-06	1.426433e-08	3.841020e+01	8.474666e+02
1.690000e-06	5.437167e-06	1.425675e-08	3.836927e+01	8.471730e+02
1.700000e-06	5.429518e-06	1.424566e-08	3.831530e+01	8.466785e+02
1.710000e-06	5.420243e-06	1.423282e-08	3.824984e+01	8.459403e+02
1.720000e-06	5.409242e-06	1.421928e-08	3.817221e+01	8.449160e+02
1.730000e-06	5.396347e-06	1.419167e-08	3.808121e+01	8.435848e+02
1.740000e-06	5.381451e-06	1.419051e-08	3.797609e+01	8.419611e+02
1.750000e-06	5.364350e-06	1.418084e-08	3.785541e+01	8.400948e+02
1.760000e-06	5.344780e-06	1.412201e-08	3.771731e+01	8.380587e+02
1.770000e-06	5.322734e-06	1.406419e-08	3.756173e+01	8.359262e+02
1.780000e-06	5.298838e-06	1.398306e-08	3.739310e+01	8.337472e+02
1.790000e-06	5.273814e-06	1.396533e-08	3.721652e+01	8.315324e+02
1.800000e-06	5.247519e-06	1.401597e-08	3.703096e+01	8.292496e+02
1.810000e-06	5.219318e-06	1.391060e-08	3.683194e+01	8.268357e+02
1.820000e-06	5.189231e-06	1.385582e-08	3.661962e+01	8.242175e+02
1.830000e-06	5.157460e-06	1.388800e-08	3.639542e+01	8.213371e+02
1.840000e-06	5.123807e-06	1.378248e-08	3.615794e+01	8.181696e+02
1.850000e-06	5.088509e-06	1.373101e-08	3.590885e+01	8.147295e+02
1.860000e-06	5.051455e-06	1.365809e-08	3.564736e+01	8.110633e+02
1.870000e-06	5.012354e-06	1.354658e-08	3.537143e+01	8.072308e+02
1.880000e-06	4.971543e-06	1.357093e-08	3.508343e+01	8.032840e+02
1.890000e-06	4.928990e-06	1.348989e-08	3.478314e+01	7.992500e+02
1.900000e-06	4.884847e-06	1.337211e-08	3.447163e+01	7.951240e+02
1.910000e-06	4.839063e-06	1.334060e-08	3.414854e+01	7.908759e+02
1.920000e-06	4.791239e-06	1.323724e-08	3.381105e+01	7.864644e+02
1.930000e-06	4.741671e-06	1.318277e-08	3.346126e+01	7.818562e+02
1.940000e-06	4.690372e-06	1.307053e-08	3.309925e+01	7.770394e+02
1.950000e-06	4.637088e-06	1.296712e-08	3.272323e+01	7.720290e+02
1.960000e-06	4.581832e-06	1.295024e-08	3.233330e+01	7.668603e+02
1.970000e-06	4.524834e-06	1.283803e-08	3.193108e+01	7.615751e+02
1.980000e-06	4.466450e-06	1.274199e-08	3.151907e+01	7.562056e+02
1.990000e-06	4.406597e-06	1.262319e-08	3.109670e+01	7.507618e+02
2.000000e-06	4.345042e-06	1.254814e-08	3.066231e+01	7.452287e+02
2.010000e-06	4.281799e-06	1.248043e-08	3.021601e+01	7.395723e+02
2.020000e-06	4.216987e-06	1.233062e-08	2.975864e+01	7.337542e+02
2.030000e-06	4.150782e-06	1.226144e-08	2.929145e+01	7.277463e+02
2.040000e-06	4.083145e-06	1.215744e-08	2.881414e+01	7.215426e+02
2.050000e-06	4.013967e-06	1.204947e-08	2.832596e+01	7.151620e+02
2.060000e-06	3.943229e-06	1.192840e-08	2.782677e+01	7.086420e+02
2.070000e-06	3.871011e-06	1.179200e-08	2.731715e+01	7.020255e+02
2.080000e-06	3.797469e-06	1.172302e-08	2.679817e+01	6.953463e+02
2.090000e-06	3.722526e-06	1.159621e-08	2.626931e+01	6.886182e+02
2.100000e-06	3.646038e-06	1.147985e-08	2.572954e+01	6.818316e+02
2.110000e-06	3.567941e-06	1.135574e-08	2.517842e+01	6.749594e+02
2.120000e-06	3.488494e-06	1.124392e-08	2.461778e+01	6.679679e+02
2.130000e-06	3.407900e-06	1.113545e-08	2.404904e+01	6.608302e+02
2.140000e-06	3.326157e-06	1.098509e-08	2.347219e+01	6.535361e+02
2.150000e-06	3.243376e-06	1.087158e-08	2.288802e+01	6.460949e+02
2.160000e-06	3.159523e-06	1.074737e-08	2.229628e+01	6.385313e+02
2.170000e-06	3.074515e-06	1.063081e-08	2.169639e+01	6.308755e+02
2.180000e-06	2.988186e-06	1.048823e-08	2.108718e+01	6.231518e+02
2.190000e-06	2.900651e-06	1.034707e-08	2.046946e+01	6.153702e+02
2.200000e-06	2.812134e-06	1.022786e-08	1.984481e+01	6.075234e+02
2.210000e-06	2.722722e-06	1.008715e-08	1.921384e+01	5.995907e+02
2.220000e-06	2.632485e-06	9.947511e-09	1.857705e+01	5.915466e+02
2.230000e-06	2.541348e-06	9.805480e-09	1.793391e+01	5.833707e+02
2.240000e-06	2.449409e-06	9.684163e-09	1.728511e+01	5.750550e+02
2.250000e-06	2.356658e-06	9.549369e-09	1.663058e+01	5.666068e+02
2.260000e-06	2.262865e-06	9.393832e-09	1.596870e+01	5.580452e+02
2.270000e-06	2.168051e-06	9.242791e-09	1.529961e+01	5.493944e+02
2.280000e-06	2.072440e-06	9.099238e-09	1.462490e+01	5.406740e+02
2.290000e-06	1.976237e-06	8.953658e-09	1.394601e+01	5.318930e+02
2.300000e-06	1.879457e-06	8.795276e-09	1.326304e+01	5.230469e+02
2.310000e-06	1.781987e-06	8.646153e-09	1.257521e+01	5.141199e+02
2.320000e-06	1.683856e-06	8.506332e-09	1.188272e+01	5.050913e+02
2.330000e-06	1.585245e-06	8.356127e-09	1.118683e+01	4.959430e+02
2.340000e-06	1.486210e-06	8.190767e-09	1.048796e+01	4.866659e+02
2.350000e-06	1.386721e-06	8.029107e-09	9.785883e+00	4.772622e+02
2.360000e-06	1.286760e-06	7.873604e-09	9.080475e+00	4.677441e+02
2.370000e-06	1.186338e-06	7.712916e-09	8.371807e+00	4.581287e+02
2.380000e-06	1.085554e-06	7.544820e-09	7.660590e+00	4.484306e+02
2.390000e-06	9.844042e-07	7.381983e-09	6.946793e+00	4.386568e+02
2.400000e-06	8.827429e-07	7.224386e-09	6.229384e+00	4.288037e+02
2.410000e-06	7.805259e-07	7.057536e-09	5.508054e+00	4.188578e+02
2.420000e-06	6.779322e-07	6.883424e-09	4.784066e+00	4.088002e+02
2.430000e-06	5.751169e-07	6.710683e-09	4.058514e+00	3.986123e+02
2.440000e-06	4.721192e-07	6.541847e-09	3.331674e+00	3.882810e+02
2.450000e-06	3.689190e-07	6.365103e-09	2.603406e+00	3.778010e+02
2.460000e-06	2.655764e-07	6.181507e-09	1.874133e+00	3.671728e+02
2.470000e-06	1.621581e-07	5.998566e-09	1.144325e+00	3.563983e+02
2.480000e-06	5.871047e-08	5.817978e-09	4.143110e-01	3.454736e+02
2.490000e-06	-4.471010e-08	5.634173e-09	-3.155125e-01	3.343834e+02
2.500000e-06	-1.480993e-07	5.440852e-09	-1.045114e+00	3.230984e+02
2.510000e-06	-2.514181e-07	5.244714e-09	-1.774220e+00	3.115780e+02
2.520000e-06	-3.546267e-07	5.046055e-09	-2.502547e+00	2.997783e+02
2.530000e-06	-4.577274e-07	4.842616e-09	-3.230114e+00	2.876634e+02
2.540000e-06	-5.606851e-07	4.632419e-09	-3.956671e+00	2.752173e+02
2.550000e-06	-6.633938e-07	4.416226e-09	-4.681471e+00	2.624521e+02
2.560000e-06	-7.658072e-07	4.198494e-09	-5.404186e+00	2.494111e+02
2.570000e-06	-8.678150e-07	3.977181e-09	-6.124040e+00	2.361626e+02
2.580000e-06	-9.693393e-07	3.750083e-09	-6.840482e+00	2.227881e+02
2.590000e-06	-1.070402e-06	3.520111e-09	-7.553663e+00	2.093656e+02
2.600000e-06	-1.170936e-06	3.293112e-09	-8.263123e+00	1.959532e+02
2.610000e-06	-1.271040e-06	3.069963e-09	-8.969537e+00	1.825771e+02
2.620000e-06	-1.370716e-06	2.845763e-09	-9.672936e+00	1.692281e+02
2.630000e-06	-1.469865e-06	2.619638e-09	-1.037262e+01	1.558652e+02
2.640000e-06	-1.568584e-06	2.393433e-09	-1.106927e+01	1.424283e+02
2.650000e-06	-1.666860e-06	2.166533e-09	-1.176278e+01	1.288522e+02
2.660000e-06	-1.764576e-06	1.934881e-09	-1.245235e+01	1.150810e+02
2.670000e-06	-1.861665e-06	1.697449e-09	-1.313749e+01	1.010768e+02
2.680000e-06	-1.958160e-06	1.456331e-09	-1.381844e+01	8.682033e+01
2.690000e-06	-2.054083e-06	1.212419e-09	-1.449536e+01	7.230564e+01
2.700000e-06	-2.149415e-06	9.652414e-10	-1.516810e+01	5.753011e+01
2.710000e-06	-2.244049e-06	7.136282e-10	-1.583592e+01	4.248410e+01
2.720000e-06	-2.337730e-06	4.559513e-10	-1.649701e+01	2.714422e+01
2.730000e-06	-2.430388e-06	1.930487e-10	-1.715089e+01	1.147215e+01
2.740000e-06	-2.522056e-06	-7.701424e-11	-1.779777e+01	-4.580686e+00
2.750000e-06	-2.612804e-06	-3.567719e-10	-1.843816e+01	-2.106514e+01
2.760000e-06	-2.702638e-06	-6.434412e-10	-1.907211e+01	-3.802605e+01
2.770000e-06	-2.791485e-06	-9.372453e-10	-1.969909e+01	-5.549705e+01
2.780000e-06	-2.879417e-06	-1.238935e-09	-2.031961e+01	-7.350005e+01
2.790000e-06	-2.966518e-06	-1.549888e-09	-2.093427e+01	-9.204912e+01
2.800000e-06	-3.052547e-06	-1.871172e-09	-2.154137e+01	-1.111563e+02
2.810000e-06	-3.137256e-06	-2.201034e-09	-2.213915e+01	-1.308365e+02
2.820000e-06	-3.220749e-06	-2.540911e-09	-2.272834e+01	-1.511083e+02
2.830000e-06	-3.303206e-06	-2.893279e-09	-2.331023e+01	-1.719901e+02
2.840000e-06	-3.384612e-06	-3.257482e-09	-2.388470e+01	-1.934922e+02
2.850000e-06	-3.464869e-06	-3.631372e-09	-2.445106e+01	-2.156083e+02
2.860000e-06	-3.543929e-06	-4.011542e-09	-2.500897e+01	-2.383091e+02
2.870000e-06	-3.621528e-06	-4.399942e-09	-2.555658e+01	-2.615411e+02
2.880000e-06	-3.697576e-06	-4.795453e-09	-2.609324e+01	-2.852313e+02
2.890000e-06	-3.772207e-06	-5.197285e-09	-2.661990e+01	-3.092946e+02
2.900000e-06	-3.845460e-06	-5.606033e-09	-2.713684e+01	-3.336434e+02
2.910000e-06	-3.917399e-06	-6.018739e-09	-2.764449e+01	-3.581929e+02
2.920000e-06	-3.987971e-06	-6.435310e-09	-2.814252e+01	-3.828609e+02
2.930000e-06	-4.056925e-06	-6.852895e-09	-2.862911e+01	-4.075628e+02
2.940000e-06	-4.124365e-06	-7.265294e-09	-2.910502e+01	-4.322029e+02
2.950000e-06	-4.190452e-06	-7.672295e-09	-2.957139e+01	-4.566676e+02
2.960000e-06	-4.255127e-06	-8.077194e-09	-3.002779e+01	-4.808231e+02
2.970000e-06	-4.318469e-06	-8.477788e-09	-3.047479e+01	-5.045213e+02
2.980000e-06	-4.380186e-06	-8.868392e-09	-3.091032e+01	-5.276124e+02
2.990000e-06	-4.440107e-06	-9.243589e-09	-3.133317e+01	-5.499613e+02
3.000000e-06	-4.498495e-06	-9.604528e-09	-3.174520e+01	-5.714626e+02
3.010000e-06	-4.555425e-06	-9.953312e-09	-3.214695e+01	-5.920486e+02
3.020000e-06	-4.610812e-06	-1.028551e-08	-3.253781e+01	-6.116888e+02
3.030000e-06	-4.664323e-06	-1.059896e-08	-3.291543e+01	-6.303807e+02
3.040000e-06	-4.715807e-06	-1.089742e-08	-3.327874e+01	-6.481346e+02
3.050000e-06	-4.765377e-06	-1.118261e-08	-3.362855e+01	-6.649600e+02
3.060000e-06	-4.812953e-06	-1.145241e-08	-3.396428e+01	-6.808564e+02
3.070000e-06	-4.858697e-06	-1.170388e-08	-3.428710e+01	-6.958132e+02
3.080000e-06	-4.902915e-06	-1.193858e-08	-3.459914e+01	-7.098174e+02
3.090000e-06	-4.945635e-06	-1.216099e-08	-3.490061e+01	-7.228649e+02
3.100000e-06	-4.986776e-06	-1.236902e-08	-3.519093e+01	-7.349716e+02
3.110000e-06	-5.026312e-06	-1.255951e-08	-3.546993e+01	-7.461776e+02
3.120000e-06	-5.064034e-06	-1.273230e-08	-3.573613e+01	-7.565431e+02
3.130000e-06	-5.099797e-06	-1.289246e-08	-3.598850e+01	-7.661370e+02
3.140000e-06	-5.133778e-06	-1.304338e-08	-3.622830e+01	-7.750225e+02
3.150000e-06	-5.166066e-06	-1.318506e-08	-3.645615e+01	-7.832444e+02
3.160000e-06	-5.196505e-06	-1.331615e-08	-3.667095e+01	-7.908251e+02
3.170000e-06	-5.224958e-06	-1.343651e-08	-3.687174e+01	-7.977686e+02
3.180000e-06	-5.251589e-06	-1.354693e-08	-3.705968e+01	-8.040732e+02
3.190000e-06	-5.276452e-06	-1.364507e-08	-3.723513e+01	-8.097456e+02
3.200000e-06	-5.299416e-06	-1.372939e-08	-3.739719e+01	-8.148128e+02
3.210000e-06	-5.320373e-06	-1.380184e-08	-3.754507e+01	-8.193243e+02
3.220000e-06	-5.339453e-06	-1.386905e-08	-3.767972e+01	-8.233456e+02
3.230000e-06	-5.356822e-06	-1.393198e-08	-3.780229e+01	-8.269437e+02
3.240000e-06	-5.372295e-06	-1.398943e-08	-3.791148e+01	-8.301704e+02
3.250000e-06	-5.385538e-06	-1.403888e-08	-3.800494e+01	-8.330509e+02
3.260000e-06	-5.396616e-06	-1.408049e-08	-3.808311e+01	-8.355820e+02
3.270000e-06	-5.405818e-06	-1.411630e-08	-3.814805e+01	-8.377407e+02
3.280000e-06	-5.413140e-06	-1.414487e-08	-3.819972e+01	-8.395004e+02
3.290000e-06	-5.418451e-06	-1.416634e-08	-3.823720e+01	-8.408494e+02
3.300000e-06	-5.421847e-06	-1.418330e-08	-3.826116e+01	-8.418025e+02
3.310000e-06	-5.423492e-06	-1.419804e-08	-3.827277e+01	-8.424027e+02
3.320000e-06	-5.423383e-06	-1.420690e-08	-3.827200e+01	-8.427112e+02
