# Temperatura_=_84.9
# Concentracion g/m^3_=_20000.0
# C_Vs_to_Am_M_A/Vsm_=_59384043850.047264
# pendiente_HvsI_1/m_=_3716.3
# ordenada_HvsI_A/m_=_1297.0
# frecuencia_Hz_=_301112.7026267078

Tiempo_(s)	Campo_(V.s)	Magnetizacion_(V.s)	Campo_(kA/m)	Magnetizacion_(A/m)
0.000000e+00	-5.430877e-06	-1.654229e-08	-3.825789e+01	-9.812919e+02
1.000000e-08	-5.428034e-06	-1.653912e-08	-3.823786e+01	-9.812460e+02
2.000000e-08	-5.423372e-06	-1.653418e-08	-3.820502e+01	-9.810393e+02
3.000000e-08	-5.417070e-06	-1.652761e-08	-3.816062e+01	-9.806490e+02
4.000000e-08	-5.409145e-06	-1.651511e-08	-3.810480e+01	-9.800304e+02
5.000000e-08	-5.399380e-06	-1.649718e-08	-3.803601e+01	-9.791360e+02
6.000000e-08	-5.387560e-06	-1.648324e-08	-3.795274e+01	-9.779357e+02
7.000000e-08	-5.373702e-06	-1.645867e-08	-3.785512e+01	-9.764321e+02
8.000000e-08	-5.357451e-06	-1.639864e-08	-3.774064e+01	-9.746648e+02
9.000000e-08	-5.338733e-06	-1.635945e-08	-3.760878e+01	-9.727014e+02
1.000000e-07	-5.318028e-06	-1.634870e-08	-3.746292e+01	-9.706183e+02
1.100000e-07	-5.295605e-06	-1.632665e-08	-3.730496e+01	-9.684771e+02
1.200000e-07	-5.271784e-06	-1.632682e-08	-3.713716e+01	-9.663054e+02
1.300000e-07	-5.246765e-06	-1.624863e-08	-3.696091e+01	-9.640878e+02
1.400000e-07	-5.219956e-06	-1.616083e-08	-3.677205e+01	-9.617718e+02
1.500000e-07	-5.191192e-06	-1.619468e-08	-3.656942e+01	-9.592855e+02
1.600000e-07	-5.160927e-06	-1.611435e-08	-3.635622e+01	-9.565618e+02
1.700000e-07	-5.128935e-06	-1.600841e-08	-3.613086e+01	-9.535595e+02
1.800000e-07	-5.094794e-06	-1.599945e-08	-3.589035e+01	-9.502765e+02
1.900000e-07	-5.058871e-06	-1.592704e-08	-3.563729e+01	-9.467471e+02
2.000000e-07	-5.021274e-06	-1.589428e-08	-3.537243e+01	-9.430287e+02
2.100000e-07	-4.981898e-06	-1.584614e-08	-3.509505e+01	-9.391794e+02
2.200000e-07	-4.940830e-06	-1.571785e-08	-3.480575e+01	-9.352380e+02
2.300000e-07	-4.897772e-06	-1.565874e-08	-3.450242e+01	-9.312116e+02
2.400000e-07	-4.852766e-06	-1.560289e-08	-3.418538e+01	-9.270760e+02
2.500000e-07	-4.806008e-06	-1.553433e-08	-3.385599e+01	-9.227882e+02
2.600000e-07	-4.757462e-06	-1.545489e-08	-3.351401e+01	-9.183057e+02
2.700000e-07	-4.706936e-06	-1.536316e-08	-3.315808e+01	-9.136048e+02
2.800000e-07	-4.654298e-06	-1.532192e-08	-3.278727e+01	-9.086911e+02
2.900000e-07	-4.599844e-06	-1.522989e-08	-3.240367e+01	-9.035974e+02
3.000000e-07	-4.543891e-06	-1.510369e-08	-3.200950e+01	-8.983710e+02
3.100000e-07	-4.486269e-06	-1.501424e-08	-3.160358e+01	-8.930549e+02
3.200000e-07	-4.426839e-06	-1.493760e-08	-3.118493e+01	-8.876703e+02
3.300000e-07	-4.365840e-06	-1.486171e-08	-3.075522e+01	-8.822086e+02
3.400000e-07	-4.303383e-06	-1.475857e-08	-3.031524e+01	-8.766342e+02
3.500000e-07	-4.239572e-06	-1.466508e-08	-2.986572e+01	-8.708991e+02
3.600000e-07	-4.174246e-06	-1.457592e-08	-2.940554e+01	-8.649623e+02
3.700000e-07	-4.107155e-06	-1.446589e-08	-2.893291e+01	-8.588070e+02
3.800000e-07	-4.038443e-06	-1.435198e-08	-2.844887e+01	-8.524479e+02
3.900000e-07	-3.968367e-06	-1.422515e-08	-2.795522e+01	-8.459270e+02
4.000000e-07	-3.897079e-06	-1.412462e-08	-2.745303e+01	-8.392979e+02
4.100000e-07	-3.824501e-06	-1.402479e-08	-2.694175e+01	-8.326061e+02
4.200000e-07	-3.750347e-06	-1.391089e-08	-2.641937e+01	-8.258713e+02
4.300000e-07	-3.674566e-06	-1.379590e-08	-2.588553e+01	-8.190811e+02
4.400000e-07	-3.597325e-06	-1.368119e-08	-2.534140e+01	-8.121958e+02
4.500000e-07	-3.518567e-06	-1.356904e-08	-2.478659e+01	-8.051643e+02
4.600000e-07	-3.438382e-06	-1.343785e-08	-2.422173e+01	-7.979452e+02
4.700000e-07	-3.356928e-06	-1.331047e-08	-2.364793e+01	-7.905223e+02
4.800000e-07	-3.274214e-06	-1.318759e-08	-2.306525e+01	-7.829116e+02
4.900000e-07	-3.190453e-06	-1.305862e-08	-2.247519e+01	-7.751546e+02
5.000000e-07	-3.105787e-06	-1.292388e-08	-2.187876e+01	-7.673022e+02
5.100000e-07	-3.020138e-06	-1.279018e-08	-2.127541e+01	-7.593939e+02
5.200000e-07	-2.933506e-06	-1.266087e-08	-2.066512e+01	-7.514424e+02
5.300000e-07	-2.845961e-06	-1.252594e-08	-2.004841e+01	-7.434285e+02
5.400000e-07	-2.757519e-06	-1.238787e-08	-1.942538e+01	-7.353082e+02
5.500000e-07	-2.668015e-06	-1.224884e-08	-1.879487e+01	-7.270307e+02
5.600000e-07	-2.577376e-06	-1.210807e-08	-1.815636e+01	-7.185582e+02
5.700000e-07	-2.485737e-06	-1.196174e-08	-1.751081e+01	-7.098815e+02
5.800000e-07	-2.393162e-06	-1.180839e-08	-1.685866e+01	-7.010238e+02
5.900000e-07	-2.299766e-06	-1.165573e-08	-1.620074e+01	-6.920322e+02
6.000000e-07	-2.205688e-06	-1.150496e-08	-1.553800e+01	-6.829596e+02
6.100000e-07	-2.110901e-06	-1.135116e-08	-1.487027e+01	-6.738441e+02
6.200000e-07	-2.015377e-06	-1.119892e-08	-1.419735e+01	-6.646946e+02
6.300000e-07	-1.919135e-06	-1.104963e-08	-1.351937e+01	-6.554876e+02
6.400000e-07	-1.822141e-06	-1.089630e-08	-1.283610e+01	-6.461767e+02
6.500000e-07	-1.724367e-06	-1.073428e-08	-1.214732e+01	-6.367109e+02
6.600000e-07	-1.625856e-06	-1.056706e-08	-1.145337e+01	-6.270551e+02
6.700000e-07	-1.526720e-06	-1.039972e-08	-1.075500e+01	-6.172034e+02
6.800000e-07	-1.427033e-06	-1.023041e-08	-1.005275e+01	-6.071810e+02
6.900000e-07	-1.326812e-06	-1.005883e-08	-9.346744e+00	-5.970337e+02
7.000000e-07	-1.226129e-06	-9.888385e-09	-8.637480e+00	-5.868089e+02
7.100000e-07	-1.125048e-06	-9.721577e-09	-7.925415e+00	-5.765357e+02
7.200000e-07	-1.023609e-06	-9.551230e-09	-7.210827e+00	-5.662127e+02
7.300000e-07	-9.218499e-07	-9.372989e-09	-6.493985e+00	-5.558074e+02
7.400000e-07	-8.197688e-07	-9.190958e-09	-5.774873e+00	-5.452682e+02
7.500000e-07	-7.173772e-07	-9.007160e-09	-5.053574e+00	-5.345443e+02
7.600000e-07	-6.147579e-07	-8.822413e-09	-4.330671e+00	-5.236047e+02
7.700000e-07	-5.119449e-07	-8.636548e-09	-3.606403e+00	-5.124493e+02
7.800000e-07	-4.089406e-07	-8.448898e-09	-2.880787e+00	-5.011068e+02
7.900000e-07	-3.058204e-07	-8.257145e-09	-2.154356e+00	-4.896201e+02
8.000000e-07	-2.025894e-07	-8.061288e-09	-1.427144e+00	-4.780240e+02
8.100000e-07	-9.924987e-08	-7.861940e-09	-6.991671e-01	-4.663242e+02
8.200000e-07	4.096822e-09	-7.660428e-09	2.886012e-02	-4.544859e+02
8.300000e-07	1.074072e-07	-7.457961e-09	7.566313e-01	-4.424371e+02
8.400000e-07	2.106587e-07	-7.253460e-09	1.483988e+00	-4.300861e+02
8.500000e-07	3.138396e-07	-7.043015e-09	2.210847e+00	-4.173480e+02
8.600000e-07	4.169484e-07	-6.821667e-09	2.937199e+00	-4.041710e+02
8.700000e-07	5.199335e-07	-6.591304e-09	3.662679e+00	-3.905536e+02
8.800000e-07	6.227244e-07	-6.352336e-09	4.386791e+00	-3.765463e+02
8.900000e-07	7.253220e-07	-6.107317e-09	5.109541e+00	-3.622384e+02
9.000000e-07	8.277320e-07	-5.861528e-09	5.830970e+00	-3.477330e+02
9.100000e-07	9.298112e-07	-5.618277e-09	6.550068e+00	-3.331197e+02
9.200000e-07	1.031528e-06	-5.374878e-09	7.266617e+00	-3.184528e+02
9.300000e-07	1.132928e-06	-5.129811e-09	7.980926e+00	-3.037420e+02
9.400000e-07	1.234018e-06	-4.884392e-09	8.693059e+00	-2.889569e+02
9.500000e-07	1.334729e-06	-4.633780e-09	9.402518e+00	-2.740415e+02
9.600000e-07	1.434980e-06	-4.376452e-09	1.010874e+01	-2.589334e+02
9.700000e-07	1.534658e-06	-4.113722e-09	1.081092e+01	-2.435788e+02
9.800000e-07	1.633679e-06	-3.848865e-09	1.150847e+01	-2.279393e+02
9.900000e-07	1.731999e-06	-3.581457e-09	1.220109e+01	-2.119889e+02
1.000000e-06	1.829583e-06	-3.310878e-09	1.288852e+01	-1.957030e+02
1.010000e-06	1.926512e-06	-3.032622e-09	1.357134e+01	-1.790458e+02
1.020000e-06	2.022735e-06	-2.745325e-09	1.424918e+01	-1.619625e+02
1.030000e-06	2.118182e-06	-2.449556e-09	1.492156e+01	-1.443776e+02
1.040000e-06	2.212933e-06	-2.139793e-09	1.558903e+01	-1.262028e+02
1.050000e-06	2.306955e-06	-1.817993e-09	1.625138e+01	-1.073490e+02
1.060000e-06	2.400230e-06	-1.486419e-09	1.690845e+01	-8.773888e+01
1.070000e-06	2.492814e-06	-1.144447e-09	1.756066e+01	-6.731382e+01
1.080000e-06	2.584553e-06	-7.871845e-10	1.820692e+01	-4.603281e+01
1.090000e-06	2.675227e-06	-4.135553e-10	1.884567e+01	-2.386375e+01
1.100000e-06	2.764848e-06	-2.382913e-11	1.947701e+01	-7.708372e-01
1.110000e-06	2.853505e-06	3.837928e-10	2.010155e+01	2.329651e+01
1.120000e-06	2.941148e-06	8.105025e-10	2.071896e+01	4.840780e+01
1.130000e-06	3.027765e-06	1.257468e-09	2.132913e+01	7.464590e+01
1.140000e-06	3.113383e-06	1.722963e-09	2.193227e+01	1.020923e+02
1.150000e-06	3.198031e-06	2.208439e-09	2.252857e+01	1.308068e+02
1.160000e-06	3.281560e-06	2.716974e-09	2.311699e+01	1.608079e+02
1.170000e-06	3.363888e-06	3.246479e-09	2.369696e+01	1.920588e+02
1.180000e-06	3.445022e-06	3.791591e-09	2.426851e+01	2.244633e+02
1.190000e-06	3.524879e-06	4.353648e-09	2.483106e+01	2.578718e+02
1.200000e-06	3.603476e-06	4.934210e-09	2.538473e+01	2.920939e+02
1.210000e-06	3.680860e-06	5.528748e-09	2.592987e+01	3.269148e+02
1.220000e-06	3.756898e-06	6.126037e-09	2.646552e+01	3.621085e+02
1.230000e-06	3.831352e-06	6.722649e-09	2.699001e+01	3.974459e+02
1.240000e-06	3.904282e-06	7.319908e-09	2.750377e+01	4.326973e+02
1.250000e-06	3.975790e-06	7.911615e-09	2.800751e+01	4.676300e+02
1.260000e-06	4.045908e-06	8.490652e-09	2.850146e+01	5.020070e+02
1.270000e-06	4.114715e-06	9.053391e-09	2.898617e+01	5.355889e+02
1.280000e-06	4.182060e-06	9.603066e-09	2.946058e+01	5.681410e+02
1.290000e-06	4.247771e-06	1.013433e-08	2.992348e+01	5.994477e+02
1.300000e-06	4.311930e-06	1.063612e-08	3.037545e+01	6.293281e+02
1.310000e-06	4.374624e-06	1.110811e-08	3.081710e+01	6.576507e+02
1.320000e-06	4.435940e-06	1.155514e-08	3.124904e+01	6.843426e+02
1.330000e-06	4.495872e-06	1.197759e-08	3.167123e+01	7.093888e+02
1.340000e-06	4.554132e-06	1.237088e-08	3.208165e+01	7.328226e+02
1.350000e-06	4.610626e-06	1.273605e-08	3.247962e+01	7.547099e+02
1.360000e-06	4.665466e-06	1.307674e-08	3.286594e+01	7.751307e+02
1.370000e-06	4.718558e-06	1.339642e-08	3.323995e+01	7.941627e+02
1.380000e-06	4.769659e-06	1.369189e-08	3.359993e+01	8.118728e+02
1.390000e-06	4.818769e-06	1.396401e-08	3.394588e+01	8.283151e+02
1.400000e-06	4.866100e-06	1.421912e-08	3.427931e+01	8.435367e+02
1.410000e-06	4.911798e-06	1.445809e-08	3.460123e+01	8.575869e+02
1.420000e-06	4.955881e-06	1.467664e-08	3.491177e+01	8.705251e+02
1.430000e-06	4.998099e-06	1.487312e-08	3.520918e+01	8.824248e+02
1.440000e-06	5.038465e-06	1.505411e-08	3.549354e+01	8.933713e+02
1.450000e-06	5.077129e-06	1.522164e-08	3.576590e+01	9.034532e+02
1.460000e-06	5.114123e-06	1.537548e-08	3.602651e+01	9.127525e+02
1.470000e-06	5.149334e-06	1.551672e-08	3.627456e+01	9.213342e+02
1.480000e-06	5.182610e-06	1.564931e-08	3.650897e+01	9.292424e+02
1.490000e-06	5.214043e-06	1.577464e-08	3.673040e+01	9.365017e+02
1.500000e-06	5.243744e-06	1.588731e-08	3.693963e+01	9.431256e+02
1.510000e-06	5.271721e-06	1.598338e-08	3.713672e+01	9.491277e+02
1.520000e-06	5.297673e-06	1.606876e-08	3.731953e+01	9.545321e+02
1.530000e-06	5.321621e-06	1.614870e-08	3.748823e+01	9.593790e+02
1.540000e-06	5.343768e-06	1.622282e-08	3.764425e+01	9.637229e+02
1.550000e-06	5.364158e-06	1.628758e-08	3.778788e+01	9.676244e+02
1.560000e-06	5.382743e-06	1.634458e-08	3.791881e+01	9.711380e+02
1.570000e-06	5.399291e-06	1.639999e-08	3.803538e+01	9.743004e+02
1.580000e-06	5.413829e-06	1.645069e-08	3.813779e+01	9.771243e+02
1.590000e-06	5.426418e-06	1.649172e-08	3.822648e+01	9.796000e+02
1.600000e-06	5.436825e-06	1.652455e-08	3.829979e+01	9.817048e+02
1.610000e-06	5.445102e-06	1.655138e-08	3.835809e+01	9.834182e+02
1.620000e-06	5.451506e-06	1.657344e-08	3.840321e+01	9.847354e+02
1.630000e-06	5.456144e-06	1.658897e-08	3.843589e+01	9.856771e+02
1.640000e-06	5.458871e-06	1.659698e-08	3.845509e+01	9.862885e+02
1.650000e-06	5.459568e-06	1.660430e-08	3.846000e+01	9.866300e+02
1.660000e-06	5.458472e-06	1.661107e-08	3.845229e+01	9.867606e+02
1.670000e-06	5.455781e-06	1.660957e-08	3.843333e+01	9.867207e+02
1.680000e-06	5.451357e-06	1.660178e-08	3.840216e+01	9.865202e+02
1.690000e-06	5.445002e-06	1.659363e-08	3.835740e+01	9.861373e+02
1.700000e-06	5.436905e-06	1.658349e-08	3.830035e+01	9.855279e+02
1.710000e-06	5.427226e-06	1.656501e-08	3.823217e+01	9.846443e+02
1.720000e-06	5.415790e-06	1.653244e-08	3.815161e+01	9.834553e+02
1.730000e-06	5.402323e-06	1.654253e-08	3.805674e+01	9.819623e+02
1.740000e-06	5.386831e-06	1.654505e-08	3.794760e+01	9.802036e+02
1.750000e-06	5.369171e-06	1.649509e-08	3.782320e+01	9.782461e+02
1.760000e-06	5.348896e-06	1.643705e-08	3.768037e+01	9.761663e+02
1.770000e-06	5.326211e-06	1.633158e-08	3.752057e+01	9.740267e+02
1.780000e-06	5.301926e-06	1.632705e-08	3.734949e+01	9.718562e+02
1.790000e-06	5.276609e-06	1.636887e-08	3.717114e+01	9.696412e+02
1.800000e-06	5.249835e-06	1.624562e-08	3.698254e+01	9.673301e+02
1.810000e-06	5.220965e-06	1.623777e-08	3.677916e+01	9.648514e+02
1.820000e-06	5.190363e-06	1.626234e-08	3.656358e+01	9.621373e+02
1.830000e-06	5.158075e-06	1.614436e-08	3.633613e+01	9.591455e+02
1.840000e-06	5.123869e-06	1.612336e-08	3.609517e+01	9.558722e+02
1.850000e-06	5.088011e-06	1.603315e-08	3.584257e+01	9.523510e+02
1.860000e-06	5.050279e-06	1.591725e-08	3.557676e+01	9.486385e+02
1.870000e-06	5.010665e-06	1.595261e-08	3.529770e+01	9.447932e+02
1.880000e-06	4.969376e-06	1.587557e-08	3.500684e+01	9.408550e+02
1.890000e-06	4.926371e-06	1.578169e-08	3.470389e+01	9.368321e+02
1.900000e-06	4.881748e-06	1.572850e-08	3.438954e+01	9.327013e+02
1.910000e-06	4.835227e-06	1.563188e-08	3.406182e+01	9.284199e+02
1.920000e-06	4.786762e-06	1.559520e-08	3.372041e+01	9.239452e+02
1.930000e-06	4.736670e-06	1.545601e-08	3.336754e+01	9.192524e+02
1.940000e-06	4.684763e-06	1.536948e-08	3.300188e+01	9.143461e+02
1.950000e-06	4.630892e-06	1.535813e-08	3.262238e+01	9.092582e+02
1.960000e-06	4.575152e-06	1.524330e-08	3.222972e+01	9.040360e+02
1.970000e-06	4.517697e-06	1.516274e-08	3.182498e+01	8.987227e+02
1.980000e-06	4.458816e-06	1.503700e-08	3.141019e+01	8.933408e+02
1.990000e-06	4.398356e-06	1.495051e-08	3.098428e+01	8.878826e+02
2.000000e-06	4.336179e-06	1.487570e-08	3.054627e+01	8.823132e+02
2.010000e-06	4.272392e-06	1.473729e-08	3.009693e+01	8.765848e+02
2.020000e-06	4.207106e-06	1.466843e-08	2.963701e+01	8.706559e+02
2.030000e-06	4.140417e-06	1.456593e-08	2.916722e+01	8.645085e+02
2.040000e-06	4.072147e-06	1.447975e-08	2.868630e+01	8.581563e+02
2.050000e-06	4.002246e-06	1.435736e-08	2.819388e+01	8.516405e+02
2.060000e-06	3.930890e-06	1.421285e-08	2.769121e+01	8.450147e+02
2.070000e-06	3.858195e-06	1.412858e-08	2.717911e+01	8.383247e+02
2.080000e-06	3.784116e-06	1.400031e-08	2.665725e+01	8.315918e+02
2.090000e-06	3.708576e-06	1.388932e-08	2.612511e+01	8.248043e+02
2.100000e-06	3.631480e-06	1.376429e-08	2.558201e+01	8.179234e+02
2.110000e-06	3.552884e-06	1.366074e-08	2.502834e+01	8.108983e+02
2.120000e-06	3.473021e-06	1.355489e-08	2.446575e+01	8.036865e+02
2.130000e-06	3.391992e-06	1.340269e-08	2.389494e+01	7.962710e+02
2.140000e-06	3.309879e-06	1.327612e-08	2.331649e+01	7.886666e+02
2.150000e-06	3.226679e-06	1.314329e-08	2.273039e+01	7.809142e+02
2.160000e-06	3.142280e-06	1.302391e-08	2.213584e+01	7.730646e+02
2.170000e-06	3.056692e-06	1.288449e-08	2.153291e+01	7.651581e+02
2.180000e-06	2.969890e-06	1.274631e-08	2.092143e+01	7.572085e+02
2.190000e-06	2.881982e-06	1.262374e-08	2.030216e+01	7.491977e+02
2.200000e-06	2.793113e-06	1.248387e-08	1.967613e+01	7.410823e+02
2.210000e-06	2.703318e-06	1.233929e-08	1.904356e+01	7.328114e+02
2.220000e-06	2.612680e-06	1.218625e-08	1.840506e+01	7.243464e+02
2.230000e-06	2.521201e-06	1.205169e-08	1.776064e+01	7.156770e+02
2.240000e-06	2.428896e-06	1.191151e-08	1.711039e+01	7.068253e+02
2.250000e-06	2.335699e-06	1.175607e-08	1.645387e+01	6.978378e+02
2.260000e-06	2.241481e-06	1.159718e-08	1.579015e+01	6.887674e+02
2.270000e-06	2.146344e-06	1.144207e-08	1.511995e+01	6.796533e+02
2.280000e-06	2.050502e-06	1.129233e-08	1.444479e+01	6.705055e+02
2.290000e-06	1.954069e-06	1.113272e-08	1.376546e+01	6.613015e+02
2.300000e-06	1.857006e-06	1.097112e-08	1.308170e+01	6.519954e+02
2.310000e-06	1.759269e-06	1.081525e-08	1.239320e+01	6.425361e+02
2.320000e-06	1.660956e-06	1.066122e-08	1.170063e+01	6.328876e+02
2.330000e-06	1.562128e-06	1.049447e-08	1.100443e+01	6.230428e+02
2.340000e-06	1.462814e-06	1.031792e-08	1.030482e+01	6.130260e+02
2.350000e-06	1.362981e-06	1.014359e-08	9.601538e+00	6.028825e+02
2.360000e-06	1.262619e-06	9.975448e-09	8.894535e+00	5.926600e+02
2.370000e-06	1.161809e-06	9.803146e-09	8.184377e+00	5.823886e+02
2.380000e-06	1.060617e-06	9.626850e-09	7.471532e+00	5.720680e+02
2.390000e-06	9.590612e-07	9.455540e-09	6.756120e+00	5.616667e+02
2.400000e-06	8.570163e-07	9.282908e-09	6.037263e+00	5.511335e+02
2.410000e-06	7.545235e-07	9.099888e-09	5.315251e+00	5.404171e+02
2.420000e-06	6.517746e-07	8.907784e-09	4.591435e+00	5.294856e+02
2.430000e-06	5.487518e-07	8.719441e-09	3.865690e+00	5.183377e+02
2.440000e-06	4.455149e-07	8.531474e-09	3.138436e+00	5.070014e+02
2.450000e-06	3.421618e-07	8.338567e-09	2.410364e+00	4.955194e+02
2.460000e-06	2.386704e-07	8.142185e-09	1.681317e+00	4.839271e+02
2.470000e-06	1.350827e-07	7.945684e-09	9.515922e-01	4.722316e+02
2.480000e-06	3.145793e-08	7.746917e-09	2.216058e-01	4.603995e+02
2.490000e-06	-7.215951e-08	7.541575e-09	-5.083287e-01	4.483599e+02
2.500000e-06	-1.757074e-07	7.331474e-09	-1.237773e+00	4.360215e+02
2.510000e-06	-2.791504e-07	7.114962e-09	-1.966479e+00	4.232986e+02
2.520000e-06	-3.825254e-07	6.893042e-09	-2.694706e+00	4.101379e+02
2.530000e-06	-4.858303e-07	6.666986e-09	-3.422439e+00	3.965358e+02
2.540000e-06	-5.889343e-07	6.435193e-09	-4.148756e+00	3.825413e+02
2.550000e-06	-6.916845e-07	6.194791e-09	-4.872581e+00	3.682425e+02
2.560000e-06	-7.941164e-07	5.946865e-09	-5.594164e+00	3.537427e+02
2.570000e-06	-8.962364e-07	5.699897e-09	-6.313550e+00	3.391323e+02
2.580000e-06	-9.979222e-07	5.452736e-09	-7.029877e+00	3.244671e+02
2.590000e-06	-1.099117e-06	5.201347e-09	-7.742748e+00	3.097584e+02
2.600000e-06	-1.199829e-06	4.949817e-09	-8.452214e+00	2.949770e+02
2.610000e-06	-1.300126e-06	4.701347e-09	-9.158756e+00	2.800676e+02
2.620000e-06	-1.399984e-06	4.450513e-09	-9.862205e+00	2.649676e+02
2.630000e-06	-1.499290e-06	4.190544e-09	-1.056177e+01	2.496227e+02
2.640000e-06	-1.598064e-06	3.925384e-09	-1.125758e+01	2.339942e+02
2.650000e-06	-1.696364e-06	3.658635e-09	-1.195006e+01	2.180555e+02
2.660000e-06	-1.794086e-06	3.385182e-09	-1.263846e+01	2.017822e+02
2.670000e-06	-1.891103e-06	3.101092e-09	-1.332190e+01	1.851394e+02
2.680000e-06	-1.987541e-06	2.811545e-09	-1.400126e+01	1.680727e+02
2.690000e-06	-2.083485e-06	2.519128e-09	-1.467714e+01	1.505074e+02
2.700000e-06	-2.178806e-06	2.217932e-09	-1.534863e+01	1.323554e+02
2.710000e-06	-2.273252e-06	1.901661e-09	-1.601396e+01	1.135275e+02
2.720000e-06	-2.366659e-06	1.569518e-09	-1.667197e+01	9.394576e+01
2.730000e-06	-2.459141e-06	1.226814e-09	-1.732345e+01	7.355082e+01
2.740000e-06	-2.550767e-06	8.719038e-10	-1.796892e+01	5.230116e+01
2.750000e-06	-2.641445e-06	4.990582e-10	-1.860769e+01	3.016459e+01
2.760000e-06	-2.731104e-06	1.096960e-10	-1.923930e+01	7.105645e+00
2.770000e-06	-2.819823e-06	-2.929760e-10	-1.986428e+01	-1.692560e+01
2.780000e-06	-2.907709e-06	-7.116407e-10	-2.048340e+01	-4.199801e+01
2.790000e-06	-2.994643e-06	-1.150902e-09	-2.109581e+01	-6.819419e+01
2.800000e-06	-3.080361e-06	-1.610802e-09	-2.169964e+01	-9.559598e+01
2.810000e-06	-3.164880e-06	-2.089040e-09	-2.229504e+01	-1.242644e+02
2.820000e-06	-3.248302e-06	-2.587246e-09	-2.288271e+01	-1.542196e+02
2.830000e-06	-3.330593e-06	-3.110288e-09	-2.346241e+01	-1.854270e+02
2.840000e-06	-3.411755e-06	-3.656583e-09	-2.403416e+01	-2.177924e+02
2.850000e-06	-3.491849e-06	-4.218576e-09	-2.459838e+01	-2.511678e+02
2.860000e-06	-3.570676e-06	-4.790659e-09	-2.515367e+01	-2.853642e+02
2.870000e-06	-3.647966e-06	-5.373761e-09	-2.569815e+01	-3.201674e+02
2.880000e-06	-3.723771e-06	-5.963355e-09	-2.623216e+01	-3.553515e+02
2.890000e-06	-3.798189e-06	-6.553173e-09	-2.675640e+01	-3.906876e+02
2.900000e-06	-3.871244e-06	-7.141911e-09	-2.727103e+01	-4.259458e+02
2.910000e-06	-3.942973e-06	-7.728393e-09	-2.777633e+01	-4.608937e+02
2.920000e-06	-4.013214e-06	-8.308509e-09	-2.827114e+01	-4.952945e+02
2.930000e-06	-4.081860e-06	-8.875457e-09	-2.875472e+01	-5.289086e+02
2.940000e-06	-4.149085e-06	-9.424055e-09	-2.922828e+01	-5.615012e+02
2.950000e-06	-4.214904e-06	-9.952062e-09	-2.969195e+01	-5.928556e+02
2.960000e-06	-4.279336e-06	-1.045768e-08	-3.014584e+01	-6.227892e+02
2.970000e-06	-4.342350e-06	-1.093735e-08	-3.058974e+01	-6.511689e+02
2.980000e-06	-4.403677e-06	-1.138923e-08	-3.102176e+01	-6.779194e+02
2.990000e-06	-4.463303e-06	-1.181220e-08	-3.144180e+01	-7.030238e+02
3.000000e-06	-4.521427e-06	-1.220885e-08	-3.185126e+01	-7.265140e+02
3.010000e-06	-4.578061e-06	-1.258125e-08	-3.225021e+01	-7.484550e+02
3.020000e-06	-4.633063e-06	-1.292907e-08	-3.263768e+01	-7.689265e+02
3.030000e-06	-4.686084e-06	-1.325341e-08	-3.301118e+01	-7.880067e+02
3.040000e-06	-4.737138e-06	-1.355379e-08	-3.337083e+01	-8.057628e+02
3.050000e-06	-4.786385e-06	-1.383241e-08	-3.371775e+01	-8.222493e+02
3.060000e-06	-4.833648e-06	-1.408911e-08	-3.405070e+01	-8.375135e+02
3.070000e-06	-4.879078e-06	-1.432639e-08	-3.437073e+01	-8.516044e+02
3.080000e-06	-4.922933e-06	-1.454675e-08	-3.467967e+01	-8.645809e+02
3.090000e-06	-4.965268e-06	-1.475071e-08	-3.497790e+01	-8.765161e+02
3.100000e-06	-5.006045e-06	-1.493944e-08	-3.526515e+01	-8.874948e+02
3.110000e-06	-5.045158e-06	-1.511338e-08	-3.554068e+01	-8.976060e+02
3.120000e-06	-5.082386e-06	-1.527163e-08	-3.580294e+01	-9.069317e+02
3.130000e-06	-5.117738e-06	-1.541345e-08	-3.605198e+01	-9.155380e+02
3.140000e-06	-5.151353e-06	-1.554715e-08	-3.628878e+01	-9.234695e+02
3.150000e-06	-5.183230e-06	-1.567473e-08	-3.651334e+01	-9.307514e+02
3.160000e-06	-5.213175e-06	-1.579131e-08	-3.672428e+01	-9.373976e+02
3.170000e-06	-5.241122e-06	-1.589370e-08	-3.692116e+01	-9.434214e+02
3.180000e-06	-5.267283e-06	-1.598658e-08	-3.710545e+01	-9.488464e+02
3.190000e-06	-5.291674e-06	-1.607101e-08	-3.727727e+01	-9.537121e+02
3.200000e-06	-5.314160e-06	-1.614377e-08	-3.743567e+01	-9.580727e+02
3.210000e-06	-5.334672e-06	-1.620771e-08	-3.758017e+01	-9.619888e+02
3.220000e-06	-5.353346e-06	-1.626754e-08	-3.771172e+01	-9.655153e+02
3.230000e-06	-5.370262e-06	-1.632527e-08	-3.783088e+01	-9.686896e+02
3.240000e-06	-5.385234e-06	-1.637695e-08	-3.793636e+01	-9.715255e+02
3.250000e-06	-5.397954e-06	-1.641830e-08	-3.802596e+01	-9.740137e+02
3.260000e-06	-5.408499e-06	-1.645265e-08	-3.810025e+01	-9.761320e+02
3.270000e-06	-5.417189e-06	-1.648246e-08	-3.816147e+01	-9.778593e+02
3.280000e-06	-5.424076e-06	-1.650472e-08	-3.820998e+01	-9.791903e+02
3.290000e-06	-5.428969e-06	-1.651865e-08	-3.824445e+01	-9.801445e+02
3.300000e-06	-5.431969e-06	-1.652905e-08	-3.826558e+01	-9.807665e+02
3.310000e-06	-5.433196e-06	-1.653905e-08	-3.827423e+01	-9.811164e+02
3.320000e-06	-5.432556e-06	-1.654351e-08	-3.826972e+01	-9.812535e+02
