# Temperatura_=_78.8
# Concentracion g/m^3_=_20000.0
# C_Vs_to_Am_M_A/Vsm_=_59384043850.047264
# pendiente_HvsI_1/m_=_3716.3
# ordenada_HvsI_A/m_=_1297.0
# frecuencia_Hz_=_301170.14878184005

Tiempo_(s)	Campo_(V.s)	Magnetizacion_(V.s)	Campo_(kA/m)	Magnetizacion_(A/m)
0.000000e+00	-5.384492e-06	-2.570275e-08	-3.823647e+01	-1.525567e+03
1.000000e-08	-5.382746e-06	-2.570048e-08	-3.822407e+01	-1.525653e+03
2.000000e-08	-5.379057e-06	-2.569832e-08	-3.819787e+01	-1.525569e+03
3.000000e-08	-5.373666e-06	-2.569449e-08	-3.815959e+01	-1.525291e+03
4.000000e-08	-5.366732e-06	-2.568516e-08	-3.811035e+01	-1.524804e+03
5.000000e-08	-5.358106e-06	-2.567432e-08	-3.804910e+01	-1.524117e+03
6.000000e-08	-5.347530e-06	-2.566473e-08	-3.797400e+01	-1.523253e+03
7.000000e-08	-5.334946e-06	-2.565671e-08	-3.788463e+01	-1.522247e+03
8.000000e-08	-5.320359e-06	-2.564157e-08	-3.778105e+01	-1.521141e+03
9.000000e-08	-5.303379e-06	-2.560493e-08	-3.766047e+01	-1.519972e+03
1.000000e-07	-5.284056e-06	-2.558150e-08	-3.752325e+01	-1.518771e+03
1.100000e-07	-5.262830e-06	-2.556192e-08	-3.737252e+01	-1.517560e+03
1.200000e-07	-5.239929e-06	-2.553954e-08	-3.720990e+01	-1.516347e+03
1.300000e-07	-5.215648e-06	-2.555143e-08	-3.703747e+01	-1.515127e+03
1.400000e-07	-5.190016e-06	-2.551323e-08	-3.685545e+01	-1.513884e+03
1.500000e-07	-5.162536e-06	-2.544385e-08	-3.666031e+01	-1.512590e+03
1.600000e-07	-5.133240e-06	-2.545063e-08	-3.645227e+01	-1.511210e+03
1.700000e-07	-5.102452e-06	-2.538954e-08	-3.623364e+01	-1.509701e+03
1.800000e-07	-5.069804e-06	-2.533819e-08	-3.600180e+01	-1.508024e+03
1.900000e-07	-5.035105e-06	-2.535681e-08	-3.575539e+01	-1.506148e+03
2.000000e-07	-4.998776e-06	-2.529431e-08	-3.549741e+01	-1.504058e+03
2.100000e-07	-4.960848e-06	-2.527202e-08	-3.522808e+01	-1.501756e+03
2.200000e-07	-4.921170e-06	-2.525168e-08	-3.494632e+01	-1.499266e+03
2.300000e-07	-4.879672e-06	-2.516787e-08	-3.465163e+01	-1.496626e+03
2.400000e-07	-4.836159e-06	-2.511555e-08	-3.434263e+01	-1.493883e+03
2.500000e-07	-4.790843e-06	-2.508083e-08	-3.402083e+01	-1.491076e+03
2.600000e-07	-4.743855e-06	-2.506180e-08	-3.368716e+01	-1.488235e+03
2.700000e-07	-4.694997e-06	-2.502941e-08	-3.334022e+01	-1.485367e+03
2.800000e-07	-4.644097e-06	-2.496301e-08	-3.297876e+01	-1.482459e+03
2.900000e-07	-4.591143e-06	-2.493642e-08	-3.260272e+01	-1.479482e+03
3.000000e-07	-4.536419e-06	-2.489849e-08	-3.221411e+01	-1.476400e+03
3.100000e-07	-4.480169e-06	-2.481740e-08	-3.181467e+01	-1.473181e+03
3.200000e-07	-4.422326e-06	-2.474086e-08	-3.140392e+01	-1.469803e+03
3.300000e-07	-4.362797e-06	-2.468495e-08	-3.098118e+01	-1.466264e+03
3.400000e-07	-4.301700e-06	-2.464697e-08	-3.054732e+01	-1.462576e+03
3.500000e-07	-4.239188e-06	-2.458366e-08	-3.010341e+01	-1.458764e+03
3.600000e-07	-4.175291e-06	-2.450948e-08	-2.964966e+01	-1.454853e+03
3.700000e-07	-4.109914e-06	-2.444018e-08	-2.918541e+01	-1.450862e+03
3.800000e-07	-4.042853e-06	-2.437317e-08	-2.870920e+01	-1.446793e+03
3.900000e-07	-3.974163e-06	-2.429765e-08	-2.822141e+01	-1.442636e+03
4.000000e-07	-3.904086e-06	-2.420914e-08	-2.772378e+01	-1.438367e+03
4.100000e-07	-3.832760e-06	-2.414635e-08	-2.721727e+01	-1.433959e+03
4.200000e-07	-3.760089e-06	-2.409163e-08	-2.670122e+01	-1.429389e+03
4.300000e-07	-3.685865e-06	-2.401787e-08	-2.617414e+01	-1.424648e+03
4.400000e-07	-3.610074e-06	-2.392153e-08	-2.563593e+01	-1.419743e+03
4.500000e-07	-3.532850e-06	-2.382754e-08	-2.508755e+01	-1.414696e+03
4.600000e-07	-3.454209e-06	-2.375153e-08	-2.452910e+01	-1.409537e+03
4.700000e-07	-3.374142e-06	-2.366503e-08	-2.396053e+01	-1.404290e+03
4.800000e-07	-3.292770e-06	-2.356553e-08	-2.338269e+01	-1.398971e+03
4.900000e-07	-3.210204e-06	-2.347196e-08	-2.279637e+01	-1.393575e+03
5.000000e-07	-3.126606e-06	-2.339013e-08	-2.220272e+01	-1.388083e+03
5.100000e-07	-3.042082e-06	-2.330263e-08	-2.160250e+01	-1.382459e+03
5.200000e-07	-2.956663e-06	-2.320193e-08	-2.099592e+01	-1.376668e+03
5.300000e-07	-2.870297e-06	-2.309597e-08	-2.038261e+01	-1.370685e+03
5.400000e-07	-2.782990e-06	-2.299608e-08	-1.976263e+01	-1.364500e+03
5.500000e-07	-2.694787e-06	-2.289397e-08	-1.913628e+01	-1.358123e+03
5.600000e-07	-2.605568e-06	-2.277745e-08	-1.850271e+01	-1.351580e+03
5.700000e-07	-2.515260e-06	-2.265857e-08	-1.786142e+01	-1.344899e+03
5.800000e-07	-2.423929e-06	-2.255081e-08	-1.721285e+01	-1.338105e+03
5.900000e-07	-2.331710e-06	-2.244286e-08	-1.655799e+01	-1.331205e+03
6.000000e-07	-2.238772e-06	-2.232137e-08	-1.589802e+01	-1.324185e+03
6.100000e-07	-2.145065e-06	-2.219541e-08	-1.523258e+01	-1.317015e+03
6.200000e-07	-2.050496e-06	-2.207501e-08	-1.456103e+01	-1.309658e+03
6.300000e-07	-1.955268e-06	-2.195640e-08	-1.388479e+01	-1.302082e+03
6.400000e-07	-1.859498e-06	-2.182334e-08	-1.320471e+01	-1.294269e+03
6.500000e-07	-1.763089e-06	-2.168199e-08	-1.252008e+01	-1.286225e+03
6.600000e-07	-1.665933e-06	-2.154464e-08	-1.183016e+01	-1.277972e+03
6.700000e-07	-1.568006e-06	-2.140947e-08	-1.113475e+01	-1.269539e+03
6.800000e-07	-1.469399e-06	-2.126525e-08	-1.043453e+01	-1.260953e+03
6.900000e-07	-1.370192e-06	-2.111474e-08	-9.730033e+00	-1.252222e+03
7.000000e-07	-1.270450e-06	-2.097042e-08	-9.021748e+00	-1.243332e+03
7.100000e-07	-1.170292e-06	-2.082627e-08	-8.310504e+00	-1.234247e+03
7.200000e-07	-1.069779e-06	-2.067018e-08	-7.596735e+00	-1.224922e+03
7.300000e-07	-9.689754e-07	-2.050008e-08	-6.880908e+00	-1.215315e+03
7.400000e-07	-8.679080e-07	-2.032911e-08	-6.163207e+00	-1.205399e+03
7.500000e-07	-7.665550e-07	-2.015920e-08	-5.443476e+00	-1.195172e+03
7.600000e-07	-6.649309e-07	-1.998435e-08	-4.721822e+00	-1.184653e+03
7.700000e-07	-5.630626e-07	-1.980310e-08	-3.998432e+00	-1.173871e+03
7.800000e-07	-4.609698e-07	-1.962085e-08	-3.273448e+00	-1.162846e+03
7.900000e-07	-3.586781e-07	-1.943823e-08	-2.547052e+00	-1.151578e+03
8.000000e-07	-2.562780e-07	-1.924590e-08	-1.819886e+00	-1.140039e+03
8.100000e-07	-1.538061e-07	-1.904089e-08	-1.092211e+00	-1.128166e+03
8.200000e-07	-5.122874e-08	-1.882668e-08	-3.637866e-01	-1.115881e+03
8.300000e-07	5.140794e-08	-1.860999e-08	3.650592e-01	-1.103097e+03
8.400000e-07	1.540442e-07	-1.838727e-08	1.093902e+00	-1.089742e+03
8.500000e-07	2.566383e-07	-1.815252e-08	1.822445e+00	-1.075766e+03
8.600000e-07	3.590971e-07	-1.790736e-08	2.550028e+00	-1.061142e+03
8.700000e-07	4.613874e-07	-1.765685e-08	3.276414e+00	-1.045864e+03
8.800000e-07	5.635321e-07	-1.739507e-08	4.001766e+00	-1.029935e+03
8.900000e-07	6.654498e-07	-1.711105e-08	4.725506e+00	-1.013353e+03
9.000000e-07	7.670712e-07	-1.681234e-08	5.447142e+00	-9.961044e+02
9.100000e-07	8.684341e-07	-1.650970e-08	6.166943e+00	-9.781641e+02
9.200000e-07	9.695519e-07	-1.619890e-08	6.885002e+00	-9.594957e+02
9.300000e-07	1.070386e-06	-1.587029e-08	7.601048e+00	-9.400560e+02
9.400000e-07	1.170922e-06	-1.552811e-08	8.314978e+00	-9.197955e+02
9.500000e-07	1.271074e-06	-1.517733e-08	9.026174e+00	-8.986515e+02
9.600000e-07	1.370673e-06	-1.481068e-08	9.733453e+00	-8.765357e+02
9.700000e-07	1.469709e-06	-1.441775e-08	1.043673e+01	-8.533174e+02
9.800000e-07	1.568175e-06	-1.399853e-08	1.113596e+01	-8.288100e+02
9.900000e-07	1.666001e-06	-1.355891e-08	1.183064e+01	-8.027654e+02
1.000000e-06	1.763106e-06	-1.309001e-08	1.252021e+01	-7.748788e+02
1.010000e-06	1.859451e-06	-1.257737e-08	1.320437e+01	-7.448031e+02
1.020000e-06	1.955144e-06	-1.201827e-08	1.388391e+01	-7.121665e+02
1.030000e-06	2.050255e-06	-1.141660e-08	1.455931e+01	-6.765865e+02
1.040000e-06	2.144662e-06	-1.076365e-08	1.522972e+01	-6.376732e+02
1.050000e-06	2.238312e-06	-1.004189e-08	1.589475e+01	-5.950194e+02
1.060000e-06	2.331312e-06	-9.243838e-09	1.655516e+01	-5.481848e+02
1.070000e-06	2.423696e-06	-8.369656e-09	1.721120e+01	-4.966833e+02
1.080000e-06	2.515278e-06	-7.408911e-09	1.786154e+01	-4.399885e+02
1.090000e-06	2.605844e-06	-6.346043e-09	1.850467e+01	-3.775689e+02
1.100000e-06	2.695281e-06	-5.176510e-09	1.913978e+01	-3.089582e+02
1.110000e-06	2.783611e-06	-3.901032e-09	1.976704e+01	-2.338535e+02
1.120000e-06	2.870986e-06	-2.518344e-09	2.038750e+01	-1.522247e+02
1.130000e-06	2.957422e-06	-1.028135e-09	2.100131e+01	-6.441079e+01
1.140000e-06	3.042904e-06	5.563146e-10	2.160834e+01	2.882374e+01
1.150000e-06	3.127488e-06	2.209131e-09	2.220898e+01	1.262915e+02
1.160000e-06	3.211128e-06	3.904072e-09	2.280293e+01	2.264514e+02
1.170000e-06	3.293595e-06	5.613753e-09	2.338854e+01	3.275357e+02
1.180000e-06	3.374772e-06	7.306816e-09	2.396500e+01	4.277140e+02
1.190000e-06	3.454730e-06	8.950510e-09	2.453280e+01	5.252635e+02
1.200000e-06	3.533408e-06	1.052078e-08	2.509151e+01	6.187142e+02
1.210000e-06	3.610812e-06	1.200357e-08	2.564117e+01	7.069447e+02
1.220000e-06	3.686958e-06	1.338796e-08	2.618190e+01	7.892188e+02
1.230000e-06	3.761615e-06	1.466393e-08	2.671206e+01	8.651650e+02
1.240000e-06	3.834701e-06	1.582895e-08	2.723106e+01	9.347130e+02
1.250000e-06	3.906352e-06	1.688781e-08	2.773987e+01	9.980110e+02
1.260000e-06	3.976666e-06	1.784542e-08	2.823918e+01	1.055343e+03
1.270000e-06	4.045694e-06	1.870807e-08	2.872937e+01	1.107066e+03
1.280000e-06	4.113396e-06	1.948324e-08	2.921014e+01	1.153563e+03
1.290000e-06	4.179517e-06	2.017984e-08	2.967967e+01	1.195228e+03
1.300000e-06	4.243981e-06	2.080575e-08	3.013745e+01	1.232460e+03
1.310000e-06	4.306989e-06	2.136375e-08	3.058488e+01	1.265661e+03
1.320000e-06	4.368641e-06	2.185733e-08	3.102268e+01	1.295230e+03
1.330000e-06	4.428917e-06	2.229462e-08	3.145072e+01	1.321559e+03
1.340000e-06	4.487683e-06	2.268474e-08	3.186803e+01	1.345016e+03
1.350000e-06	4.544670e-06	2.303397e-08	3.227271e+01	1.365933e+03
1.360000e-06	4.599927e-06	2.334350e-08	3.266510e+01	1.384600e+03
1.370000e-06	4.653539e-06	2.361935e-08	3.304581e+01	1.401264e+03
1.380000e-06	4.705187e-06	2.386900e-08	3.341257e+01	1.416137e+03
1.390000e-06	4.754762e-06	2.409281e-08	3.376461e+01	1.429406e+03
1.400000e-06	4.802508e-06	2.428945e-08	3.410367e+01	1.441246e+03
1.410000e-06	4.848651e-06	2.446426e-08	3.443134e+01	1.451821e+03
1.420000e-06	4.893225e-06	2.462294e-08	3.474788e+01	1.461285e+03
1.430000e-06	4.936067e-06	2.476318e-08	3.505210e+01	1.469778e+03
1.440000e-06	4.977009e-06	2.488396e-08	3.534284e+01	1.477416e+03
1.450000e-06	5.016214e-06	2.499088e-08	3.562124e+01	1.484289e+03
1.460000e-06	5.053818e-06	2.509091e-08	3.588828e+01	1.490464e+03
1.470000e-06	5.089732e-06	2.518554e-08	3.614331e+01	1.495990e+03
1.480000e-06	5.123755e-06	2.527002e-08	3.638492e+01	1.500914e+03
1.490000e-06	5.155883e-06	2.534356e-08	3.661307e+01	1.505286e+03
1.500000e-06	5.186315e-06	2.541018e-08	3.682917e+01	1.509166e+03
1.510000e-06	5.215057e-06	2.546975e-08	3.703327e+01	1.512622e+03
1.520000e-06	5.241940e-06	2.551905e-08	3.722418e+01	1.515724e+03
1.530000e-06	5.266735e-06	2.556095e-08	3.740025e+01	1.518530e+03
1.540000e-06	5.289580e-06	2.560362e-08	3.756248e+01	1.521080e+03
1.550000e-06	5.310754e-06	2.564560e-08	3.771284e+01	1.523389e+03
1.560000e-06	5.330248e-06	2.568085e-08	3.785127e+01	1.525454e+03
1.570000e-06	5.347777e-06	2.571097e-08	3.797575e+01	1.527260e+03
1.580000e-06	5.363288e-06	2.573919e-08	3.808589e+01	1.528796e+03
1.590000e-06	5.376906e-06	2.576289e-08	3.818260e+01	1.530063e+03
1.600000e-06	5.388427e-06	2.577825e-08	3.826441e+01	1.531081e+03
1.610000e-06	5.397707e-06	2.578552e-08	3.833031e+01	1.531887e+03
1.620000e-06	5.404999e-06	2.579250e-08	3.838210e+01	1.532527e+03
1.630000e-06	5.410510e-06	2.580415e-08	3.842123e+01	1.533042e+03
1.640000e-06	5.414212e-06	2.581431e-08	3.844752e+01	1.533461e+03
1.650000e-06	5.415970e-06	2.582048e-08	3.846000e+01	1.533791e+03
1.660000e-06	5.415788e-06	2.582682e-08	3.845871e+01	1.534016e+03
1.670000e-06	5.413859e-06	2.583210e-08	3.844501e+01	1.534107e+03
1.680000e-06	5.410330e-06	2.582911e-08	3.841995e+01	1.534032e+03
1.690000e-06	5.405086e-06	2.581941e-08	3.838271e+01	1.533761e+03
1.700000e-06	5.397972e-06	2.580765e-08	3.833220e+01	1.533283e+03
1.710000e-06	5.389152e-06	2.579497e-08	3.826956e+01	1.532604e+03
1.720000e-06	5.378678e-06	2.577879e-08	3.819518e+01	1.531746e+03
1.730000e-06	5.366338e-06	2.575852e-08	3.810755e+01	1.530746e+03
1.740000e-06	5.352013e-06	2.575366e-08	3.800583e+01	1.529643e+03
1.750000e-06	5.335594e-06	2.573476e-08	3.788923e+01	1.528477e+03
1.760000e-06	5.316726e-06	2.570911e-08	3.775525e+01	1.527278e+03
1.770000e-06	5.295264e-06	2.568539e-08	3.760284e+01	1.526068e+03
1.780000e-06	5.271745e-06	2.564359e-08	3.743583e+01	1.524856e+03
1.790000e-06	5.246996e-06	2.566794e-08	3.726008e+01	1.523637e+03
1.800000e-06	5.221262e-06	2.566462e-08	3.707734e+01	1.522396e+03
1.810000e-06	5.193834e-06	2.555369e-08	3.688256e+01	1.521106e+03
1.820000e-06	5.164323e-06	2.559307e-08	3.667300e+01	1.519730e+03
1.830000e-06	5.133162e-06	2.564056e-08	3.645172e+01	1.518227e+03
1.840000e-06	5.100188e-06	2.556477e-08	3.621756e+01	1.516558e+03
1.850000e-06	5.065333e-06	2.556152e-08	3.597005e+01	1.514691e+03
1.860000e-06	5.028863e-06	2.549967e-08	3.571106e+01	1.512609e+03
1.870000e-06	4.990498e-06	2.541582e-08	3.543863e+01	1.510315e+03
1.880000e-06	4.950362e-06	2.541808e-08	3.515361e+01	1.507832e+03
1.890000e-06	4.908640e-06	2.537490e-08	3.485734e+01	1.505198e+03
1.900000e-06	4.865197e-06	2.533895e-08	3.454884e+01	1.502459e+03
1.910000e-06	4.820124e-06	2.528514e-08	3.422877e+01	1.499655e+03
1.920000e-06	4.773107e-06	2.520117e-08	3.389489e+01	1.496816e+03
1.930000e-06	4.724174e-06	2.518230e-08	3.354741e+01	1.493949e+03
1.940000e-06	4.673659e-06	2.508454e-08	3.318869e+01	1.491044e+03
1.950000e-06	4.621262e-06	2.501500e-08	3.281660e+01	1.488071e+03
1.960000e-06	4.566886e-06	2.500944e-08	3.243047e+01	1.484995e+03
1.970000e-06	4.510736e-06	2.495792e-08	3.203173e+01	1.481781e+03
1.980000e-06	4.453004e-06	2.490751e-08	3.162177e+01	1.478410e+03
1.990000e-06	4.393805e-06	2.480933e-08	3.120138e+01	1.474878e+03
2.000000e-06	4.332981e-06	2.474908e-08	3.076946e+01	1.471196e+03
2.010000e-06	4.270517e-06	2.471823e-08	3.032588e+01	1.467389e+03
2.020000e-06	4.206540e-06	2.464572e-08	2.987157e+01	1.463482e+03
2.030000e-06	4.141116e-06	2.457680e-08	2.940698e+01	1.459494e+03
2.040000e-06	4.074291e-06	2.449559e-08	2.893244e+01	1.455430e+03
2.050000e-06	4.005923e-06	2.444810e-08	2.844694e+01	1.451277e+03
2.060000e-06	3.936010e-06	2.437910e-08	2.795048e+01	1.447014e+03
2.070000e-06	3.864602e-06	2.427347e-08	2.744339e+01	1.442612e+03
2.080000e-06	3.791804e-06	2.419524e-08	2.692644e+01	1.438049e+03
2.090000e-06	3.717640e-06	2.412686e-08	2.639978e+01	1.433315e+03
2.100000e-06	3.642037e-06	2.406007e-08	2.586291e+01	1.428416e+03
2.110000e-06	3.564940e-06	2.395427e-08	2.531542e+01	1.423375e+03
2.120000e-06	3.486313e-06	2.386264e-08	2.475708e+01	1.418219e+03
2.130000e-06	3.406407e-06	2.379769e-08	2.418965e+01	1.412976e+03
2.140000e-06	3.325362e-06	2.370991e-08	2.361413e+01	1.407661e+03
2.150000e-06	3.243228e-06	2.359988e-08	2.303088e+01	1.402269e+03
2.160000e-06	3.160103e-06	2.348948e-08	2.244059e+01	1.396782e+03
2.170000e-06	3.075871e-06	2.341168e-08	2.184244e+01	1.391164e+03
2.180000e-06	2.990345e-06	2.333141e-08	2.123510e+01	1.385381e+03
2.190000e-06	2.903590e-06	2.322272e-08	2.061903e+01	1.379406e+03
2.200000e-06	2.815845e-06	2.310423e-08	1.999594e+01	1.373229e+03
2.210000e-06	2.727177e-06	2.300325e-08	1.936629e+01	1.366859e+03
2.220000e-06	2.637588e-06	2.290579e-08	1.873009e+01	1.360322e+03
2.230000e-06	2.547186e-06	2.277983e-08	1.808813e+01	1.353647e+03
2.240000e-06	2.455986e-06	2.265099e-08	1.744050e+01	1.346858e+03
2.250000e-06	2.363921e-06	2.254572e-08	1.678673e+01	1.339962e+03
2.260000e-06	2.271003e-06	2.244477e-08	1.612690e+01	1.332948e+03
2.270000e-06	2.177204e-06	2.231822e-08	1.546081e+01	1.325785e+03
2.280000e-06	2.082460e-06	2.217553e-08	1.478801e+01	1.318437e+03
2.290000e-06	1.986961e-06	2.204944e-08	1.410985e+01	1.310869e+03
2.300000e-06	1.890871e-06	2.193043e-08	1.342749e+01	1.303066e+03
2.310000e-06	1.794161e-06	2.179032e-08	1.274073e+01	1.295031e+03
2.320000e-06	1.696767e-06	2.163791e-08	1.204912e+01	1.286785e+03
2.330000e-06	1.598770e-06	2.149934e-08	1.135322e+01	1.278359e+03
2.340000e-06	1.500395e-06	2.136827e-08	1.065464e+01	1.269780e+03
2.350000e-06	1.401636e-06	2.121624e-08	9.953327e+00	1.261055e+03
2.360000e-06	1.302386e-06	2.104910e-08	9.248534e+00	1.252172e+03
2.370000e-06	1.202653e-06	2.089516e-08	8.540304e+00	1.243096e+03
2.380000e-06	1.102534e-06	2.075085e-08	7.829337e+00	1.233781e+03
2.390000e-06	1.002065e-06	2.058986e-08	7.115888e+00	1.224185e+03
2.400000e-06	9.011885e-07	2.041141e-08	6.399539e+00	1.214281e+03
2.410000e-06	7.999305e-07	2.023686e-08	5.680484e+00	1.204067e+03
2.420000e-06	6.983163e-07	2.007079e-08	4.958899e+00	1.193559e+03
2.430000e-06	5.964497e-07	1.989145e-08	4.235521e+00	1.182786e+03
2.440000e-06	4.943475e-07	1.969328e-08	3.510471e+00	1.171770e+03
2.450000e-06	3.919893e-07	1.949913e-08	2.783603e+00	1.160513e+03
2.460000e-06	2.895048e-07	1.931547e-08	2.055838e+00	1.148985e+03
2.470000e-06	1.869644e-07	1.912235e-08	1.327676e+00	1.137126e+03
2.480000e-06	8.433390e-08	1.890771e-08	5.988737e-01	1.124858e+03
2.490000e-06	-1.836274e-08	1.868608e-08	-1.303979e-01	1.112094e+03
2.500000e-06	-1.210767e-07	1.846757e-08	-8.597924e-01	1.098762e+03
2.510000e-06	-2.237156e-07	1.823808e-08	-1.588654e+00	1.084809e+03
2.520000e-06	-3.262020e-07	1.798530e-08	-2.316433e+00	1.070210e+03
2.530000e-06	-4.285196e-07	1.772257e-08	-3.043012e+00	1.054956e+03
2.540000e-06	-5.306261e-07	1.746155e-08	-3.768093e+00	1.039051e+03
2.550000e-06	-6.325571e-07	1.718762e-08	-4.491928e+00	1.022493e+03
2.560000e-06	-7.342223e-07	1.689087e-08	-5.213875e+00	1.005270e+03
2.570000e-06	-8.354607e-07	1.658168e-08	-5.932791e+00	9.873560e+02
2.580000e-06	-9.363444e-07	1.627258e-08	-6.649189e+00	9.687152e+02
2.590000e-06	-1.036941e-06	1.595280e-08	-7.363549e+00	9.493048e+02
2.600000e-06	-1.137142e-06	1.560790e-08	-8.075097e+00	9.290755e+02
2.610000e-06	-1.236842e-06	1.524478e-08	-8.783089e+00	9.079654e+02
2.620000e-06	-1.336034e-06	1.487398e-08	-9.487470e+00	8.858871e+02
2.630000e-06	-1.434777e-06	1.449038e-08	-1.018867e+01	8.627119e+02
2.640000e-06	-1.533100e-06	1.407901e-08	-1.088688e+01	8.382554e+02
2.650000e-06	-1.630947e-06	1.363713e-08	-1.158171e+01	8.122716e+02
2.660000e-06	-1.728180e-06	1.317205e-08	-1.227219e+01	7.844576e+02
2.670000e-06	-1.824820e-06	1.267641e-08	-1.295845e+01	7.544672e+02
2.680000e-06	-1.920926e-06	1.213217e-08	-1.364092e+01	7.219295e+02
2.690000e-06	-2.016440e-06	1.153502e-08	-1.431919e+01	6.864623e+02
2.700000e-06	-2.111278e-06	1.088701e-08	-1.499265e+01	6.476758e+02
2.710000e-06	-2.205338e-06	1.018161e-08	-1.566059e+01	6.051639e+02
2.720000e-06	-2.298525e-06	9.400141e-09	-1.632233e+01	5.584876e+02
2.730000e-06	-2.390739e-06	8.534311e-09	-1.697717e+01	5.071626e+02
2.740000e-06	-2.481995e-06	7.589006e-09	-1.762520e+01	4.506635e+02
2.750000e-06	-2.572406e-06	6.558431e-09	-1.826722e+01	3.884579e+02
2.760000e-06	-2.661903e-06	5.422756e-09	-1.890276e+01	3.200758e+02
2.770000e-06	-2.750488e-06	4.170979e-09	-1.953182e+01	2.452064e+02
2.780000e-06	-2.838252e-06	2.810011e-09	-2.015506e+01	1.638081e+02
2.790000e-06	-2.925077e-06	1.348325e-09	-2.077162e+01	7.620547e+01
2.800000e-06	-3.010773e-06	-2.065085e-10	-2.138017e+01	-1.685258e+01
2.810000e-06	-3.095240e-06	-1.838913e-09	-2.197998e+01	-1.141930e+02
2.820000e-06	-3.178558e-06	-3.518938e-09	-2.257164e+01	-2.142854e+02
2.830000e-06	-3.260785e-06	-5.211783e-09	-2.315556e+01	-3.153673e+02
2.840000e-06	-3.341900e-06	-6.891844e-09	-2.373157e+01	-4.156078e+02
2.850000e-06	-3.421940e-06	-8.536628e-09	-2.429996e+01	-5.132775e+02
2.860000e-06	-3.500795e-06	-1.011657e-08	-2.485992e+01	-6.068952e+02
2.870000e-06	-3.578199e-06	-1.160607e-08	-2.540958e+01	-6.953261e+02
2.880000e-06	-3.654065e-06	-1.299640e-08	-2.594833e+01	-7.778205e+02
2.890000e-06	-3.728543e-06	-1.428811e-08	-2.647721e+01	-8.539945e+02
2.900000e-06	-3.801731e-06	-1.547423e-08	-2.699694e+01	-9.237686e+02
2.910000e-06	-3.873574e-06	-1.654871e-08	-2.750711e+01	-9.872846e+02
2.920000e-06	-3.943991e-06	-1.752018e-08	-2.800715e+01	-1.044823e+03
2.930000e-06	-4.012866e-06	-1.840181e-08	-2.849625e+01	-1.096739e+03
2.940000e-06	-4.080228e-06	-1.919686e-08	-2.897460e+01	-1.143414e+03
2.950000e-06	-4.146172e-06	-1.990433e-08	-2.944288e+01	-1.185245e+03
2.960000e-06	-4.210768e-06	-2.053510e-08	-2.990160e+01	-1.222627e+03
2.970000e-06	-4.273973e-06	-2.110260e-08	-3.035043e+01	-1.255964e+03
2.980000e-06	-4.335517e-06	-2.161020e-08	-3.078747e+01	-1.285655e+03
2.990000e-06	-4.395316e-06	-2.205812e-08	-3.121211e+01	-1.312092e+03
3.000000e-06	-4.453603e-06	-2.245605e-08	-3.162602e+01	-1.335645e+03
3.010000e-06	-4.510484e-06	-2.281577e-08	-3.202994e+01	-1.356646e+03
3.020000e-06	-4.565804e-06	-2.313800e-08	-3.242278e+01	-1.375388e+03
3.030000e-06	-4.619303e-06	-2.342061e-08	-3.280269e+01	-1.392119e+03
3.040000e-06	-4.670834e-06	-2.366981e-08	-3.316863e+01	-1.407052e+03
3.050000e-06	-4.720444e-06	-2.389580e-08	-3.352091e+01	-1.420374e+03
3.060000e-06	-4.768132e-06	-2.410077e-08	-3.385956e+01	-1.432261e+03
3.070000e-06	-4.814000e-06	-2.428137e-08	-3.418528e+01	-1.442878e+03
3.080000e-06	-4.858307e-06	-2.444222e-08	-3.449991e+01	-1.452378e+03
3.090000e-06	-4.901167e-06	-2.459179e-08	-3.480427e+01	-1.460903e+03
3.100000e-06	-4.942498e-06	-2.472977e-08	-3.509777e+01	-1.468569e+03
3.110000e-06	-4.982167e-06	-2.485109e-08	-3.537947e+01	-1.475467e+03
3.120000e-06	-5.020038e-06	-2.495437e-08	-3.564840e+01	-1.481664e+03
3.130000e-06	-5.056018e-06	-2.504688e-08	-3.590390e+01	-1.487213e+03
3.140000e-06	-5.090194e-06	-2.513166e-08	-3.614660e+01	-1.492156e+03
3.150000e-06	-5.122654e-06	-2.520704e-08	-3.637710e+01	-1.496546e+03
3.160000e-06	-5.153255e-06	-2.527307e-08	-3.659441e+01	-1.500442e+03
3.170000e-06	-5.181907e-06	-2.533266e-08	-3.679787e+01	-1.503911e+03
3.180000e-06	-5.208765e-06	-2.538610e-08	-3.698859e+01	-1.507023e+03
3.190000e-06	-5.233846e-06	-2.543299e-08	-3.716670e+01	-1.509838e+03
3.200000e-06	-5.257055e-06	-2.547430e-08	-3.733151e+01	-1.512396e+03
3.210000e-06	-5.278307e-06	-2.551291e-08	-3.748243e+01	-1.514712e+03
3.220000e-06	-5.297671e-06	-2.555152e-08	-3.761994e+01	-1.516785e+03
3.230000e-06	-5.315263e-06	-2.558500e-08	-3.774486e+01	-1.518600e+03
3.240000e-06	-5.330985e-06	-2.561032e-08	-3.785650e+01	-1.520145e+03
3.250000e-06	-5.344600e-06	-2.563053e-08	-3.795318e+01	-1.521420e+03
3.260000e-06	-5.356070e-06	-2.564763e-08	-3.803463e+01	-1.522446e+03
3.270000e-06	-5.365646e-06	-2.566023e-08	-3.810264e+01	-1.523258e+03
3.280000e-06	-5.373362e-06	-2.567047e-08	-3.815743e+01	-1.523902e+03
3.290000e-06	-5.379114e-06	-2.568091e-08	-3.819828e+01	-1.524420e+03
3.300000e-06	-5.382942e-06	-2.569097e-08	-3.822546e+01	-1.524841e+03
3.310000e-06	-5.384988e-06	-2.569873e-08	-3.823999e+01	-1.525173e+03
3.320000e-06	-5.385235e-06	-2.570220e-08	-3.824174e+01	-1.525401e+03
