# Temperatura_=_52.12
# Concentracion g/m^3_=_20000.0
# C_Vs_to_Am_M_A/Vsm_=_59384043850.047264
# pendiente_HvsI_1/m_=_3716.3
# ordenada_HvsI_A/m_=_1297.0
# frecuencia_Hz_=_301589.68887002504

Tiempo_(s)	Campo_(V.s)	Magnetizacion_(V.s)	Campo_(kA/m)	Magnetizacion_(A/m)
0.000000e+00	-8.118446e-06	-2.893925e-08	-5.691909e+01	-1.720373e+03
1.000000e-08	-8.116079e-06	-2.893201e-08	-5.690249e+01	-1.720395e+03
2.000000e-08	-8.110962e-06	-2.893014e-08	-5.686662e+01	-1.720079e+03
3.000000e-08	-8.103213e-06	-2.892781e-08	-5.681229e+01	-1.719416e+03
4.000000e-08	-8.092616e-06	-2.892105e-08	-5.673799e+01	-1.718510e+03
5.000000e-08	-8.079025e-06	-2.890941e-08	-5.664271e+01	-1.717530e+03
6.000000e-08	-8.062514e-06	-2.890404e-08	-5.652695e+01	-1.716631e+03
7.000000e-08	-8.043445e-06	-2.890903e-08	-5.639325e+01	-1.715883e+03
8.000000e-08	-8.021916e-06	-2.886040e-08	-5.624231e+01	-1.715249e+03
9.000000e-08	-7.997268e-06	-2.879252e-08	-5.606950e+01	-1.714599e+03
1.000000e-07	-7.969222e-06	-2.880375e-08	-5.587287e+01	-1.713774e+03
1.100000e-07	-7.938256e-06	-2.883186e-08	-5.565576e+01	-1.712657e+03
1.200000e-07	-7.904592e-06	-2.881394e-08	-5.541974e+01	-1.711223e+03
1.300000e-07	-7.868328e-06	-2.877465e-08	-5.516549e+01	-1.709551e+03
1.400000e-07	-7.829827e-06	-2.879665e-08	-5.489556e+01	-1.707783e+03
1.500000e-07	-7.789168e-06	-2.876812e-08	-5.461050e+01	-1.706059e+03
1.600000e-07	-7.745845e-06	-2.868499e-08	-5.430676e+01	-1.704455e+03
1.700000e-07	-7.699641e-06	-2.868433e-08	-5.398282e+01	-1.702951e+03
1.800000e-07	-7.650622e-06	-2.859112e-08	-5.363914e+01	-1.701439e+03
1.900000e-07	-7.598445e-06	-2.859178e-08	-5.327332e+01	-1.699777e+03
2.000000e-07	-7.543319e-06	-2.862202e-08	-5.288683e+01	-1.697852e+03
2.100000e-07	-7.485466e-06	-2.854614e-08	-5.248121e+01	-1.695633e+03
2.200000e-07	-7.424892e-06	-2.852767e-08	-5.205653e+01	-1.693180e+03
2.300000e-07	-7.361756e-06	-2.847306e-08	-5.161387e+01	-1.690619e+03
2.400000e-07	-7.295887e-06	-2.846024e-08	-5.115206e+01	-1.688082e+03
2.500000e-07	-7.227242e-06	-2.838373e-08	-5.067079e+01	-1.685640e+03
2.600000e-07	-7.155899e-06	-2.830839e-08	-5.017060e+01	-1.683274e+03
2.700000e-07	-7.081803e-06	-2.830507e-08	-4.965110e+01	-1.680881e+03
2.800000e-07	-7.004934e-06	-2.828382e-08	-4.911217e+01	-1.678316e+03
2.900000e-07	-6.925334e-06	-2.823614e-08	-4.855409e+01	-1.675460e+03
3.000000e-07	-6.843173e-06	-2.813796e-08	-4.797805e+01	-1.672275e+03
3.100000e-07	-6.758695e-06	-2.811359e-08	-4.738577e+01	-1.668821e+03
3.200000e-07	-6.671951e-06	-2.807009e-08	-4.677759e+01	-1.665230e+03
3.300000e-07	-6.582891e-06	-2.799302e-08	-4.615319e+01	-1.661649e+03
3.400000e-07	-6.491515e-06	-2.793593e-08	-4.551255e+01	-1.658171e+03
3.500000e-07	-6.397792e-06	-2.788396e-08	-4.485544e+01	-1.654792e+03
3.600000e-07	-6.301721e-06	-2.784402e-08	-4.418189e+01	-1.651410e+03
3.700000e-07	-6.203323e-06	-2.776908e-08	-4.349201e+01	-1.647868e+03
3.800000e-07	-6.102658e-06	-2.769458e-08	-4.278624e+01	-1.644021e+03
3.900000e-07	-5.999798e-06	-2.762118e-08	-4.206507e+01	-1.639803e+03
4.000000e-07	-5.894719e-06	-2.756557e-08	-4.132836e+01	-1.635251e+03
4.100000e-07	-5.787545e-06	-2.749408e-08	-4.057695e+01	-1.630495e+03
4.200000e-07	-5.678405e-06	-2.740826e-08	-3.981177e+01	-1.625697e+03
4.300000e-07	-5.567260e-06	-2.733623e-08	-3.903252e+01	-1.620978e+03
4.400000e-07	-5.453940e-06	-2.726578e-08	-3.823802e+01	-1.616365e+03
4.500000e-07	-5.338388e-06	-2.718656e-08	-3.742787e+01	-1.611776e+03
4.600000e-07	-5.220767e-06	-2.709238e-08	-3.660323e+01	-1.607055e+03
4.700000e-07	-5.101261e-06	-2.700879e-08	-3.576536e+01	-1.602041e+03
4.800000e-07	-4.979938e-06	-2.692686e-08	-3.491475e+01	-1.596639e+03
4.900000e-07	-4.856761e-06	-2.683736e-08	-3.405115e+01	-1.590864e+03
5.000000e-07	-4.731807e-06	-2.673256e-08	-3.317509e+01	-1.584836e+03
5.100000e-07	-4.605180e-06	-2.663485e-08	-3.228730e+01	-1.578723e+03
5.200000e-07	-4.476938e-06	-2.654220e-08	-3.138818e+01	-1.572669e+03
5.300000e-07	-4.347071e-06	-2.644548e-08	-3.047767e+01	-1.566724e+03
5.400000e-07	-4.215604e-06	-2.633737e-08	-2.955595e+01	-1.560817e+03
5.500000e-07	-4.082636e-06	-2.622998e-08	-2.862370e+01	-1.554785e+03
5.600000e-07	-3.948143e-06	-2.612643e-08	-2.768076e+01	-1.548441e+03
5.700000e-07	-3.812214e-06	-2.601362e-08	-2.672775e+01	-1.541657e+03
5.800000e-07	-3.675000e-06	-2.589334e-08	-2.576573e+01	-1.534422e+03
5.900000e-07	-3.536427e-06	-2.577179e-08	-2.479418e+01	-1.526845e+03
6.000000e-07	-3.396297e-06	-2.565462e-08	-2.381172e+01	-1.519115e+03
6.100000e-07	-3.254672e-06	-2.553049e-08	-2.281878e+01	-1.511407e+03
6.200000e-07	-3.111840e-06	-2.540081e-08	-2.181736e+01	-1.503807e+03
6.300000e-07	-2.967895e-06	-2.526879e-08	-2.080815e+01	-1.496265e+03
6.400000e-07	-2.822797e-06	-2.513769e-08	-1.979086e+01	-1.488613e+03
6.500000e-07	-2.676652e-06	-2.499873e-08	-1.876622e+01	-1.480634e+03
6.600000e-07	-2.529614e-06	-2.485355e-08	-1.773533e+01	-1.472162e+03
6.700000e-07	-2.381758e-06	-2.470741e-08	-1.669870e+01	-1.463153e+03
6.800000e-07	-2.233147e-06	-2.455996e-08	-1.565678e+01	-1.453715e+03
6.900000e-07	-2.083799e-06	-2.440675e-08	-1.460968e+01	-1.444060e+03
7.000000e-07	-1.933706e-06	-2.424826e-08	-1.355737e+01	-1.434412e+03
7.100000e-07	-1.782919e-06	-2.409004e-08	-1.250019e+01	-1.424906e+03
7.200000e-07	-1.631535e-06	-2.392930e-08	-1.143882e+01	-1.415512e+03
7.300000e-07	-1.479579e-06	-2.376557e-08	-1.037345e+01	-1.406044e+03
7.400000e-07	-1.327020e-06	-2.359555e-08	-9.303847e+00	-1.396227e+03
7.500000e-07	-1.173956e-06	-2.341961e-08	-8.230699e+00	-1.385815e+03
7.600000e-07	-1.020527e-06	-2.323313e-08	-7.154996e+00	-1.374699e+03
7.700000e-07	-8.667490e-07	-2.304090e-08	-6.076849e+00	-1.362962e+03
7.800000e-07	-7.126284e-07	-2.284871e-08	-4.996296e+00	-1.350845e+03
7.900000e-07	-5.582777e-07	-2.265340e-08	-3.914131e+00	-1.338643e+03
8.000000e-07	-4.037502e-07	-2.245394e-08	-2.830726e+00	-1.326565e+03
8.100000e-07	-2.490511e-07	-2.224846e-08	-1.746118e+00	-1.314623e+03
8.200000e-07	-9.425169e-08	-2.203742e-08	-6.608063e-01	-1.302598e+03
8.300000e-07	6.057326e-08	-2.181813e-08	4.246841e-01	-1.290107e+03
8.400000e-07	2.153906e-07	-2.158740e-08	1.510121e+00	-1.276750e+03
8.500000e-07	3.701150e-07	-2.134577e-08	2.594906e+00	-1.262265e+03
8.600000e-07	5.246936e-07	-2.109410e-08	3.678670e+00	-1.246650e+03
8.700000e-07	6.791277e-07	-2.083085e-08	4.761420e+00	-1.230162e+03
8.800000e-07	8.332727e-07	-2.055567e-08	5.842143e+00	-1.213216e+03
8.900000e-07	9.870250e-07	-2.027306e-08	6.920113e+00	-1.196194e+03
9.000000e-07	1.140430e-06	-1.998463e-08	7.995648e+00	-1.179263e+03
9.100000e-07	1.293469e-06	-1.968800e-08	9.068618e+00	-1.162251e+03
9.200000e-07	1.446081e-06	-1.937983e-08	1.013860e+01	-1.144673e+03
9.300000e-07	1.598183e-06	-1.905648e-08	1.120499e+01	-1.125867e+03
9.400000e-07	1.749650e-06	-1.871164e-08	1.226694e+01	-1.105216e+03
9.500000e-07	1.900427e-06	-1.833878e-08	1.332405e+01	-1.082341e+03
9.600000e-07	2.050507e-06	-1.793363e-08	1.437628e+01	-1.057183e+03
9.700000e-07	2.199933e-06	-1.749178e-08	1.542391e+01	-1.029909e+03
9.800000e-07	2.348607e-06	-1.700682e-08	1.646627e+01	-1.000660e+03
9.900000e-07	2.496432e-06	-1.646552e-08	1.750269e+01	-9.692105e+02
1.000000e-06	2.643326e-06	-1.585538e-08	1.853257e+01	-9.346766e+02
1.010000e-06	2.789203e-06	-1.516020e-08	1.955533e+01	-8.953807e+02
1.020000e-06	2.934092e-06	-1.435044e-08	2.057116e+01	-8.489587e+02
1.030000e-06	3.077955e-06	-1.339472e-08	2.157980e+01	-7.927041e+02
1.040000e-06	3.220764e-06	-1.225850e-08	2.258104e+01	-7.240677e+02
1.050000e-06	3.362392e-06	-1.089880e-08	2.357401e+01	-6.411746e+02
1.060000e-06	3.502657e-06	-9.273097e-09	2.455742e+01	-5.432135e+02
1.070000e-06	3.641472e-06	-7.347809e-09	2.553066e+01	-4.305948e+02
1.080000e-06	3.778875e-06	-5.132349e-09	2.649400e+01	-3.048519e+02
1.090000e-06	3.915001e-06	-2.714987e-09	2.744839e+01	-1.683429e+02
1.100000e-06	4.049761e-06	-2.185694e-10	2.839321e+01	-2.386703e+01
1.110000e-06	4.183032e-06	2.293247e-09	2.932758e+01	1.256757e+02
1.120000e-06	4.314785e-06	4.813172e-09	3.025131e+01	2.774879e+02
1.130000e-06	4.444930e-06	7.333116e-09	3.116377e+01	4.289178e+02
1.140000e-06	4.573514e-06	9.843220e-09	3.206528e+01	5.773875e+02
1.150000e-06	4.700521e-06	1.232525e-08	3.295574e+01	7.203027e+02
1.160000e-06	4.825912e-06	1.469222e-08	3.383487e+01	8.550443e+02
1.170000e-06	4.949606e-06	1.681890e-08	3.470209e+01	9.791007e+02
1.180000e-06	5.071424e-06	1.865643e-08	3.555617e+01	1.090334e+03
1.190000e-06	5.191403e-06	2.022096e-08	3.639736e+01	1.187305e+03
1.200000e-06	5.309565e-06	2.153839e-08	3.722579e+01	1.269545e+03
1.210000e-06	5.425699e-06	2.264487e-08	3.804002e+01	1.337662e+03
1.220000e-06	5.539676e-06	2.357739e-08	3.883912e+01	1.393224e+03
1.230000e-06	5.651567e-06	2.436026e-08	3.962360e+01	1.438436e+03
1.240000e-06	5.761490e-06	2.500915e-08	4.039428e+01	1.475696e+03
1.250000e-06	5.869459e-06	2.554839e-08	4.115126e+01	1.507151e+03
1.260000e-06	5.975320e-06	2.600247e-08	4.189346e+01	1.534389e+03
1.270000e-06	6.078994e-06	2.638674e-08	4.262032e+01	1.558327e+03
1.280000e-06	6.180508e-06	2.671285e-08	4.333205e+01	1.579323e+03
1.290000e-06	6.279702e-06	2.699179e-08	4.402751e+01	1.597415e+03
1.300000e-06	6.376558e-06	2.723502e-08	4.470657e+01	1.612611e+03
1.310000e-06	6.471204e-06	2.744828e-08	4.537014e+01	1.625104e+03
1.320000e-06	6.563643e-06	2.763002e-08	4.601824e+01	1.635343e+03
1.330000e-06	6.653721e-06	2.778284e-08	4.664978e+01	1.643970e+03
1.340000e-06	6.741373e-06	2.791771e-08	4.726432e+01	1.651642e+03
1.350000e-06	6.826775e-06	2.804060e-08	4.786308e+01	1.658856e+03
1.360000e-06	6.909829e-06	2.815230e-08	4.844538e+01	1.665832e+03
1.370000e-06	6.990328e-06	2.825102e-08	4.900976e+01	1.672503e+03
1.380000e-06	7.068280e-06	2.833952e-08	4.955629e+01	1.678625e+03
1.390000e-06	7.143602e-06	2.841999e-08	5.008438e+01	1.683936e+03
1.400000e-06	7.216187e-06	2.848999e-08	5.059328e+01	1.688308e+03
1.410000e-06	7.286190e-06	2.855197e-08	5.108407e+01	1.691824e+03
1.420000e-06	7.353598e-06	2.860985e-08	5.155668e+01	1.694756e+03
1.430000e-06	7.418328e-06	2.866450e-08	5.201050e+01	1.697458e+03
1.440000e-06	7.480568e-06	2.871435e-08	5.244688e+01	1.700229e+03
1.450000e-06	7.540305e-06	2.876098e-08	5.286570e+01	1.703197e+03
1.460000e-06	7.597330e-06	2.880699e-08	5.326551e+01	1.706287e+03
1.470000e-06	7.651559e-06	2.884731e-08	5.364571e+01	1.709271e+03
1.480000e-06	7.702642e-06	2.887962e-08	5.400385e+01	1.711878e+03
1.490000e-06	7.750550e-06	2.890839e-08	5.433974e+01	1.713923e+03
1.500000e-06	7.795788e-06	2.893609e-08	5.465691e+01	1.715383e+03
1.510000e-06	7.838302e-06	2.896076e-08	5.495498e+01	1.716414e+03
1.520000e-06	7.877880e-06	2.898140e-08	5.523246e+01	1.717275e+03
1.530000e-06	7.914767e-06	2.900052e-08	5.549108e+01	1.718221e+03
1.540000e-06	7.948928e-06	2.901802e-08	5.573059e+01	1.719397e+03
1.550000e-06	7.980235e-06	2.903229e-08	5.595009e+01	1.720786e+03
1.560000e-06	8.008846e-06	2.904437e-08	5.615068e+01	1.722218e+03
1.570000e-06	8.034602e-06	2.905487e-08	5.633125e+01	1.723460e+03
1.580000e-06	8.057416e-06	2.906335e-08	5.649120e+01	1.724308e+03
1.590000e-06	8.077506e-06	2.906818e-08	5.663206e+01	1.724685e+03
1.600000e-06	8.094792e-06	2.907146e-08	5.675325e+01	1.724663e+03
1.610000e-06	8.109060e-06	2.907448e-08	5.685328e+01	1.724430e+03
1.620000e-06	8.120187e-06	2.907432e-08	5.693130e+01	1.724208e+03
1.630000e-06	8.128237e-06	2.907046e-08	5.698774e+01	1.724159e+03
1.640000e-06	8.133477e-06	2.906592e-08	5.702447e+01	1.724319e+03
1.650000e-06	8.135905e-06	2.906085e-08	5.704150e+01	1.724592e+03
1.660000e-06	8.135481e-06	2.906077e-08	5.703853e+01	1.724798e+03
1.670000e-06	8.132440e-06	2.905812e-08	5.701720e+01	1.724755e+03
1.680000e-06	8.126735e-06	2.905112e-08	5.697721e+01	1.724362e+03
1.690000e-06	8.118314e-06	2.904135e-08	5.691817e+01	1.723636e+03
1.700000e-06	8.107238e-06	2.902705e-08	5.684051e+01	1.722700e+03
1.710000e-06	8.093286e-06	2.900673e-08	5.674269e+01	1.721727e+03
1.720000e-06	8.076670e-06	2.897244e-08	5.662619e+01	1.720858e+03
1.730000e-06	8.057827e-06	2.897511e-08	5.649409e+01	1.720142e+03
1.740000e-06	8.036424e-06	2.902741e-08	5.634402e+01	1.719518e+03
1.750000e-06	8.011676e-06	2.899292e-08	5.617052e+01	1.718845e+03
1.760000e-06	7.983199e-06	2.892745e-08	5.597086e+01	1.717965e+03
1.770000e-06	7.951397e-06	2.890936e-08	5.574790e+01	1.716778e+03
1.780000e-06	7.916910e-06	2.887566e-08	5.550611e+01	1.715285e+03
1.790000e-06	7.879886e-06	2.879186e-08	5.524652e+01	1.713580e+03
1.800000e-06	7.840533e-06	2.885429e-08	5.497062e+01	1.711811e+03
1.810000e-06	7.799017e-06	2.879935e-08	5.467954e+01	1.710110e+03
1.820000e-06	7.754993e-06	2.873351e-08	5.437089e+01	1.708533e+03
1.830000e-06	7.708351e-06	2.883174e-08	5.404388e+01	1.707039e+03
1.840000e-06	7.658897e-06	2.869981e-08	5.369715e+01	1.705508e+03
1.850000e-06	7.606379e-06	2.869092e-08	5.332895e+01	1.703797e+03
1.860000e-06	7.550938e-06	2.862195e-08	5.294025e+01	1.701809e+03
1.870000e-06	7.492718e-06	2.856449e-08	5.253206e+01	1.699532e+03
1.880000e-06	7.431924e-06	2.860017e-08	5.210583e+01	1.697045e+03
1.890000e-06	7.368403e-06	2.850336e-08	5.166048e+01	1.694481e+03
1.900000e-06	7.302133e-06	2.853782e-08	5.119585e+01	1.691961e+03
1.910000e-06	7.233157e-06	2.846310e-08	5.071226e+01	1.689541e+03
1.920000e-06	7.161336e-06	2.840219e-08	5.020872e+01	1.687181e+03
1.930000e-06	7.086844e-06	2.834560e-08	4.968645e+01	1.684764e+03
1.940000e-06	7.009538e-06	2.825469e-08	4.914445e+01	1.682145e+03
1.950000e-06	6.929549e-06	2.827115e-08	4.858364e+01	1.679219e+03
1.960000e-06	6.847156e-06	2.818309e-08	4.800597e+01	1.675969e+03
1.970000e-06	6.762291e-06	2.817218e-08	4.741098e+01	1.672474e+03
1.980000e-06	6.674944e-06	2.809955e-08	4.679858e+01	1.668874e+03
1.990000e-06	6.585197e-06	2.802462e-08	4.616935e+01	1.665311e+03
2.000000e-06	6.493203e-06	2.796861e-08	4.552438e+01	1.661858e+03
2.010000e-06	6.398883e-06	2.787636e-08	4.486309e+01	1.658490e+03
2.020000e-06	6.302300e-06	2.784207e-08	4.418594e+01	1.655088e+03
2.030000e-06	6.203514e-06	2.776206e-08	4.349334e+01	1.651492e+03
2.040000e-06	6.102464e-06	2.772189e-08	4.278487e+01	1.647569e+03
2.050000e-06	5.999204e-06	2.763438e-08	4.206091e+01	1.643273e+03
2.060000e-06	5.893725e-06	2.756372e-08	4.132139e+01	1.638665e+03
2.070000e-06	5.786185e-06	2.747787e-08	4.056742e+01	1.633887e+03
2.080000e-06	5.676628e-06	2.739583e-08	3.979931e+01	1.629099e+03
2.090000e-06	5.564972e-06	2.731646e-08	3.901648e+01	1.624404e+03
2.100000e-06	5.451152e-06	2.722922e-08	3.821847e+01	1.619807e+03
2.110000e-06	5.335237e-06	2.715358e-08	3.740579e+01	1.615205e+03
2.120000e-06	5.217215e-06	2.706688e-08	3.657833e+01	1.610434e+03
2.130000e-06	5.097159e-06	2.698364e-08	3.573660e+01	1.605342e+03
2.140000e-06	4.975267e-06	2.688172e-08	3.488201e+01	1.599856e+03
2.150000e-06	4.851616e-06	2.679233e-08	3.401508e+01	1.594015e+03
2.160000e-06	4.726278e-06	2.668711e-08	3.313632e+01	1.587954e+03
2.170000e-06	4.599150e-06	2.658986e-08	3.224502e+01	1.581845e+03
2.180000e-06	4.470304e-06	2.648218e-08	3.134167e+01	1.575815e+03
2.190000e-06	4.339933e-06	2.638527e-08	3.042763e+01	1.569888e+03
2.200000e-06	4.208145e-06	2.627956e-08	2.950365e+01	1.563971e+03
2.210000e-06	4.074860e-06	2.617046e-08	2.856917e+01	1.557888e+03
2.220000e-06	3.940001e-06	2.605550e-08	2.762367e+01	1.551458e+03
2.230000e-06	3.803672e-06	2.593435e-08	2.666786e+01	1.544574e+03
2.240000e-06	3.666002e-06	2.581401e-08	2.570264e+01	1.537253e+03
2.250000e-06	3.527035e-06	2.568535e-08	2.472833e+01	1.529628e+03
2.260000e-06	3.386776e-06	2.556034e-08	2.374497e+01	1.521890e+03
2.270000e-06	3.245205e-06	2.543286e-08	2.275240e+01	1.514203e+03
2.280000e-06	3.102360e-06	2.530569e-08	2.175090e+01	1.506625e+03
2.290000e-06	2.958315e-06	2.517067e-08	2.074099e+01	1.499077e+03
2.300000e-06	2.813136e-06	2.503185e-08	1.972313e+01	1.491373e+03
2.310000e-06	2.666986e-06	2.488584e-08	1.869846e+01	1.483301e+03
2.320000e-06	2.519987e-06	2.473658e-08	1.766784e+01	1.474712e+03
2.330000e-06	2.372102e-06	2.458150e-08	1.663100e+01	1.465598e+03
2.340000e-06	2.223355e-06	2.442799e-08	1.558813e+01	1.456094e+03
2.350000e-06	2.073901e-06	2.427461e-08	1.454029e+01	1.446424e+03
2.360000e-06	1.923774e-06	2.411967e-08	1.348774e+01	1.436801e+03
2.370000e-06	1.772950e-06	2.395600e-08	1.243030e+01	1.427328e+03
2.380000e-06	1.621461e-06	2.378674e-08	1.136820e+01	1.417939e+03
2.390000e-06	1.469317e-06	2.361425e-08	1.030150e+01	1.408421e+03
2.400000e-06	1.316600e-06	2.343607e-08	9.230788e+00	1.398495e+03
2.410000e-06	1.163393e-06	2.325133e-08	8.156645e+00	1.387935e+03
2.420000e-06	1.009774e-06	2.306275e-08	7.079608e+00	1.376673e+03
2.430000e-06	8.558235e-07	2.287603e-08	6.000249e+00	1.364831e+03
2.440000e-06	7.016156e-07	2.268535e-08	4.919085e+00	1.352673e+03
2.450000e-06	5.472051e-07	2.248507e-08	3.836500e+00	1.340486e+03
2.460000e-06	3.926558e-07	2.227537e-08	2.752942e+00	1.328445e+03
2.470000e-06	2.379875e-07	2.206379e-08	1.668550e+00	1.316511e+03
2.480000e-06	8.318068e-08	2.184881e-08	5.831866e-01	1.304422e+03
2.490000e-06	-7.165730e-08	2.162488e-08	-5.023952e-01	1.291777e+03
2.500000e-06	-2.264485e-07	2.138918e-08	-1.587649e+00	1.278193e+03
2.510000e-06	-3.811191e-07	2.114608e-08	-2.672057e+00	1.263458e+03
2.520000e-06	-5.356274e-07	2.089340e-08	-3.755327e+00	1.247627e+03
2.530000e-06	-6.899388e-07	2.062557e-08	-4.837217e+00	1.231005e+03
2.540000e-06	-8.439990e-07	2.034358e-08	-5.917346e+00	1.214015e+03
2.550000e-06	-9.977590e-07	2.005379e-08	-6.995370e+00	1.197010e+03
2.560000e-06	-1.151178e-06	1.975981e-08	-8.071005e+00	1.180088e+03
2.570000e-06	-1.304232e-06	1.945769e-08	-9.144080e+00	1.163006e+03
2.580000e-06	-1.456818e-06	1.914407e-08	-1.021387e+01	1.145223e+03
2.590000e-06	-1.608783e-06	1.881222e-08	-1.127931e+01	1.126068e+03
2.600000e-06	-1.760056e-06	1.845494e-08	-1.233990e+01	1.104962e+03
2.610000e-06	-1.910598e-06	1.807248e-08	-1.339536e+01	1.081593e+03
2.620000e-06	-2.060450e-06	1.766352e-08	-1.444599e+01	1.055965e+03
2.630000e-06	-2.209697e-06	1.721906e-08	-1.549237e+01	1.028264e+03
2.640000e-06	-2.358189e-06	1.672649e-08	-1.653346e+01	9.985811e+02
2.650000e-06	-2.505786e-06	1.617802e-08	-1.756827e+01	9.665722e+02
2.660000e-06	-2.652526e-06	1.556180e-08	-1.859708e+01	9.311865e+02
2.670000e-06	-2.798409e-06	1.485293e-08	-1.961988e+01	8.905815e+02
2.680000e-06	-2.943255e-06	1.402577e-08	-2.063540e+01	8.422838e+02
2.690000e-06	-3.086913e-06	1.305439e-08	-2.164260e+01	7.835756e+02
2.700000e-06	-3.229381e-06	1.190409e-08	-2.264146e+01	7.120111e+02
2.710000e-06	-3.370589e-06	1.052993e-08	-2.363147e+01	6.259171e+02
2.720000e-06	-3.510502e-06	8.886888e-09	-2.461242e+01	5.247397e+02
2.730000e-06	-3.649139e-06	6.946910e-09	-2.558442e+01	4.091465e+02
2.740000e-06	-3.786477e-06	4.733906e-09	-2.654730e+01	2.808777e+02
2.750000e-06	-3.922406e-06	2.354951e-09	-2.750031e+01	1.424187e+02
2.760000e-06	-4.056825e-06	-7.517437e-11	-2.844274e+01	-3.384984e+00
2.770000e-06	-4.189805e-06	-2.512259e-09	-2.937507e+01	-1.536436e+02
2.780000e-06	-4.321355e-06	-4.952556e-09	-3.029738e+01	-3.055925e+02
2.790000e-06	-4.451375e-06	-7.396849e-09	-3.120896e+01	-4.566039e+02
2.800000e-06	-4.579768e-06	-9.840865e-09	-3.210913e+01	-6.041027e+02
2.810000e-06	-4.706480e-06	-1.226458e-08	-3.299752e+01	-7.454856e+02
2.820000e-06	-4.831561e-06	-1.458495e-08	-3.387447e+01	-8.781405e+02
2.830000e-06	-4.955013e-06	-1.668183e-08	-3.474000e+01	-9.996095e+02
2.840000e-06	-5.076676e-06	-1.849778e-08	-3.559299e+01	-1.107877e+03
2.850000e-06	-5.196453e-06	-2.004177e-08	-3.643276e+01	-1.201694e+03
2.860000e-06	-5.314247e-06	-2.134238e-08	-3.725862e+01	-1.280820e+03
2.870000e-06	-5.429928e-06	-2.243455e-08	-3.806967e+01	-1.346086e+03
2.880000e-06	-5.543385e-06	-2.335178e-08	-3.886513e+01	-1.399230e+03
2.890000e-06	-5.654621e-06	-2.412076e-08	-3.964501e+01	-1.442538e+03
2.900000e-06	-5.763807e-06	-2.476398e-08	-4.041052e+01	-1.478389e+03
2.910000e-06	-5.871073e-06	-2.530236e-08	-4.116257e+01	-1.508829e+03
2.920000e-06	-5.976353e-06	-2.575663e-08	-4.190070e+01	-1.535303e+03
2.930000e-06	-6.079442e-06	-2.614356e-08	-4.262347e+01	-1.558595e+03
2.940000e-06	-6.180304e-06	-2.647281e-08	-4.333062e+01	-1.578970e+03
2.950000e-06	-6.279035e-06	-2.675274e-08	-4.402283e+01	-1.596436e+03
2.960000e-06	-6.375642e-06	-2.699558e-08	-4.470015e+01	-1.611028e+03
2.970000e-06	-6.469914e-06	-2.720808e-08	-4.536110e+01	-1.622991e+03
2.980000e-06	-6.561853e-06	-2.739095e-08	-4.600569e+01	-1.632827e+03
2.990000e-06	-6.651626e-06	-2.754815e-08	-4.663509e+01	-1.641195e+03
3.000000e-06	-6.739022e-06	-2.768837e-08	-4.724784e+01	-1.648735e+03
3.010000e-06	-6.823884e-06	-2.781542e-08	-4.784281e+01	-1.655890e+03
3.020000e-06	-6.906308e-06	-2.792843e-08	-4.842069e+01	-1.662814e+03
3.030000e-06	-6.986300e-06	-2.802938e-08	-4.898152e+01	-1.669390e+03
3.040000e-06	-7.063651e-06	-2.812204e-08	-4.952384e+01	-1.675358e+03
3.050000e-06	-7.138284e-06	-2.820609e-08	-5.004710e+01	-1.680471e+03
3.060000e-06	-7.210327e-06	-2.827968e-08	-5.055219e+01	-1.684644e+03
3.070000e-06	-7.279757e-06	-2.834425e-08	-5.103898e+01	-1.688007e+03
3.080000e-06	-7.346604e-06	-2.840418e-08	-5.150764e+01	-1.690859e+03
3.090000e-06	-7.410905e-06	-2.846037e-08	-5.195846e+01	-1.693555e+03
3.100000e-06	-7.472530e-06	-2.851248e-08	-5.239052e+01	-1.696363e+03
3.110000e-06	-7.531443e-06	-2.856163e-08	-5.280356e+01	-1.699369e+03
3.120000e-06	-7.587676e-06	-2.860486e-08	-5.319782e+01	-1.702459e+03
3.130000e-06	-7.641043e-06	-2.864545e-08	-5.357198e+01	-1.705383e+03
3.140000e-06	-7.691373e-06	-2.868462e-08	-5.392485e+01	-1.707880e+03
3.150000e-06	-7.738710e-06	-2.871898e-08	-5.425673e+01	-1.709794e+03
3.160000e-06	-7.783344e-06	-2.874690e-08	-5.456966e+01	-1.711144e+03
3.170000e-06	-7.825478e-06	-2.877198e-08	-5.486507e+01	-1.712115e+03
3.180000e-06	-7.864943e-06	-2.879802e-08	-5.514176e+01	-1.712974e+03
3.190000e-06	-7.901602e-06	-2.882233e-08	-5.539878e+01	-1.713961e+03
3.200000e-06	-7.935551e-06	-2.884175e-08	-5.563680e+01	-1.715190e+03
3.210000e-06	-7.966653e-06	-2.885953e-08	-5.585486e+01	-1.716605e+03
3.220000e-06	-7.994807e-06	-2.888013e-08	-5.605225e+01	-1.718017e+03
3.230000e-06	-8.020173e-06	-2.889959e-08	-5.623009e+01	-1.719187e+03
3.240000e-06	-8.042682e-06	-2.891493e-08	-5.638790e+01	-1.719935e+03
3.250000e-06	-8.062371e-06	-2.892475e-08	-5.652594e+01	-1.720215e+03
3.260000e-06	-8.079347e-06	-2.893213e-08	-5.664496e+01	-1.720128e+03
3.270000e-06	-8.093191e-06	-2.893741e-08	-5.674203e+01	-1.719879e+03
3.280000e-06	-8.103847e-06	-2.893810e-08	-5.681673e+01	-1.719684e+03
3.290000e-06	-8.111595e-06	-2.893717e-08	-5.687106e+01	-1.719681e+03
3.300000e-06	-8.116451e-06	-2.893966e-08	-5.690510e+01	-1.719877e+03
3.310000e-06	-8.118536e-06	-2.894452e-08	-5.691972e+01	-1.720151e+03
