# Temperatura_=_26.32
# Concentracion g/m^3_=_22000.0
# C_Vs_to_Am_M_A/Vsm_=_59384043850.047264
# pendiente_HvsI_1/m_=_3716.3
# ordenada_HvsI_A/m_=_1297.0
# frecuencia_Hz_=_301395.12185565924

Tiempo_(s)	Campo_(V.s)	Magnetizacion_(V.s)	Campo_(kA/m)	Magnetizacion_(A/m)
0.000000e+00	-6.639860e-06	-2.216595e-08	-4.769852e+01	-1.316477e+03
1.000000e-08	-6.636927e-06	-2.216432e-08	-4.767745e+01	-1.316309e+03
2.000000e-08	-6.631705e-06	-2.215999e-08	-4.763994e+01	-1.316009e+03
3.000000e-08	-6.624429e-06	-2.215336e-08	-4.758767e+01	-1.315584e+03
4.000000e-08	-6.614948e-06	-2.214513e-08	-4.751957e+01	-1.315021e+03
5.000000e-08	-6.603069e-06	-2.213308e-08	-4.743423e+01	-1.314296e+03
6.000000e-08	-6.588735e-06	-2.212208e-08	-4.733125e+01	-1.313384e+03
7.000000e-08	-6.571951e-06	-2.211199e-08	-4.721069e+01	-1.312271e+03
8.000000e-08	-6.552865e-06	-2.206460e-08	-4.707358e+01	-1.310958e+03
9.000000e-08	-6.531412e-06	-2.201800e-08	-4.691947e+01	-1.309469e+03
1.000000e-07	-6.507357e-06	-2.200717e-08	-4.674667e+01	-1.307837e+03
1.100000e-07	-6.480706e-06	-2.200025e-08	-4.655521e+01	-1.306101e+03
1.200000e-07	-6.451879e-06	-2.197939e-08	-4.634813e+01	-1.304288e+03
1.300000e-07	-6.421357e-06	-2.197237e-08	-4.612887e+01	-1.302405e+03
1.400000e-07	-6.389240e-06	-2.192649e-08	-4.589815e+01	-1.300440e+03
1.500000e-07	-6.355100e-06	-2.184854e-08	-4.565290e+01	-1.298362e+03
1.600000e-07	-6.318704e-06	-2.186464e-08	-4.539144e+01	-1.296136e+03
1.700000e-07	-6.280308e-06	-2.179193e-08	-4.511562e+01	-1.293735e+03
1.800000e-07	-6.239622e-06	-2.172340e-08	-4.482334e+01	-1.291149e+03
1.900000e-07	-6.196428e-06	-2.172389e-08	-4.451305e+01	-1.288392e+03
2.000000e-07	-6.151085e-06	-2.165784e-08	-4.418732e+01	-1.285492e+03
2.100000e-07	-6.103506e-06	-2.163627e-08	-4.384553e+01	-1.282486e+03
2.200000e-07	-6.053391e-06	-2.157795e-08	-4.348553e+01	-1.279404e+03
2.300000e-07	-6.000741e-06	-2.149595e-08	-4.310730e+01	-1.276255e+03
2.400000e-07	-5.945775e-06	-2.145129e-08	-4.271245e+01	-1.273029e+03
2.500000e-07	-5.888620e-06	-2.138731e-08	-4.230186e+01	-1.269696e+03
2.600000e-07	-5.829263e-06	-2.133800e-08	-4.187547e+01	-1.266217e+03
2.700000e-07	-5.767855e-06	-2.128327e-08	-4.143433e+01	-1.262559e+03
2.800000e-07	-5.704474e-06	-2.122077e-08	-4.097903e+01	-1.258704e+03
2.900000e-07	-5.638948e-06	-2.115634e-08	-4.050831e+01	-1.254656e+03
3.000000e-07	-5.571261e-06	-2.108134e-08	-4.002206e+01	-1.250438e+03
3.100000e-07	-5.501578e-06	-2.100899e-08	-3.952149e+01	-1.246080e+03
3.200000e-07	-5.429978e-06	-2.091528e-08	-3.900713e+01	-1.241610e+03
3.300000e-07	-5.356394e-06	-2.085173e-08	-3.847853e+01	-1.237042e+03
3.400000e-07	-5.280633e-06	-2.078562e-08	-3.793429e+01	-1.232374e+03
3.500000e-07	-5.202673e-06	-2.069560e-08	-3.737425e+01	-1.227585e+03
3.600000e-07	-5.122542e-06	-2.061530e-08	-3.679862e+01	-1.222648e+03
3.700000e-07	-5.040494e-06	-2.052659e-08	-3.620921e+01	-1.217539e+03
3.800000e-07	-4.956829e-06	-2.044032e-08	-3.560819e+01	-1.212243e+03
3.900000e-07	-4.871622e-06	-2.034450e-08	-3.499609e+01	-1.206762e+03
4.000000e-07	-4.784834e-06	-2.025124e-08	-3.437264e+01	-1.201109e+03
4.100000e-07	-4.696414e-06	-2.015834e-08	-3.373746e+01	-1.195302e+03
4.200000e-07	-4.606256e-06	-2.006267e-08	-3.308979e+01	-1.189353e+03
4.300000e-07	-4.514301e-06	-1.996181e-08	-3.242922e+01	-1.183266e+03
4.400000e-07	-4.420777e-06	-1.984800e-08	-3.175737e+01	-1.177028e+03
4.500000e-07	-4.325794e-06	-1.973947e-08	-3.107505e+01	-1.170623e+03
4.600000e-07	-4.229298e-06	-1.962765e-08	-3.038186e+01	-1.164031e+03
4.700000e-07	-4.131150e-06	-1.951545e-08	-2.967679e+01	-1.157240e+03
4.800000e-07	-4.031401e-06	-1.939980e-08	-2.896023e+01	-1.150249e+03
4.900000e-07	-3.930277e-06	-1.928253e-08	-2.823379e+01	-1.143071e+03
5.000000e-07	-3.827850e-06	-1.916301e-08	-2.749799e+01	-1.135722e+03
5.100000e-07	-3.724109e-06	-1.903363e-08	-2.675274e+01	-1.128217e+03
5.200000e-07	-3.619007e-06	-1.889933e-08	-2.599773e+01	-1.120555e+03
5.300000e-07	-3.512478e-06	-1.876304e-08	-2.523246e+01	-1.112726e+03
5.400000e-07	-3.404611e-06	-1.862942e-08	-2.445758e+01	-1.104701e+03
5.500000e-07	-3.295574e-06	-1.849239e-08	-2.367430e+01	-1.096450e+03
5.600000e-07	-3.185480e-06	-1.835176e-08	-2.288342e+01	-1.087946e+03
5.700000e-07	-3.074292e-06	-1.820645e-08	-2.208468e+01	-1.079175e+03
5.800000e-07	-2.961973e-06	-1.805554e-08	-2.127782e+01	-1.070143e+03
5.900000e-07	-2.848509e-06	-1.789848e-08	-2.046273e+01	-1.060865e+03
6.000000e-07	-2.733775e-06	-1.773547e-08	-1.963852e+01	-1.051364e+03
6.100000e-07	-2.617825e-06	-1.756938e-08	-1.880557e+01	-1.041657e+03
6.200000e-07	-2.500835e-06	-1.740292e-08	-1.796516e+01	-1.031744e+03
6.300000e-07	-2.382986e-06	-1.723570e-08	-1.711857e+01	-1.021609e+03
6.400000e-07	-2.264376e-06	-1.706149e-08	-1.626651e+01	-1.011220e+03
6.500000e-07	-2.144956e-06	-1.687924e-08	-1.540864e+01	-1.000541e+03
6.600000e-07	-2.024777e-06	-1.669159e-08	-1.454531e+01	-9.895426e+02
6.700000e-07	-1.903965e-06	-1.650017e-08	-1.367744e+01	-9.782091e+02
6.800000e-07	-1.782544e-06	-1.630412e-08	-1.280519e+01	-9.665422e+02
6.900000e-07	-1.660402e-06	-1.610323e-08	-1.192777e+01	-9.545564e+02
7.000000e-07	-1.537477e-06	-1.589711e-08	-1.104472e+01	-9.422690e+02
7.100000e-07	-1.413865e-06	-1.568595e-08	-1.015673e+01	-9.296885e+02
7.200000e-07	-1.289737e-06	-1.546870e-08	-9.265035e+00	-9.168063e+02
7.300000e-07	-1.165273e-06	-1.524241e-08	-8.370929e+00	-9.035947e+02
7.400000e-07	-1.040485e-06	-1.501110e-08	-7.474493e+00	-8.900120e+02
7.500000e-07	-9.153297e-07	-1.477600e-08	-6.575421e+00	-8.760126e+02
7.600000e-07	-7.898255e-07	-1.453528e-08	-5.673841e+00	-8.615579e+02
7.700000e-07	-6.640682e-07	-1.428748e-08	-4.770443e+00	-8.466235e+02
7.800000e-07	-5.381377e-07	-1.403165e-08	-3.865800e+00	-8.311998e+02
7.900000e-07	-4.120361e-07	-1.376353e-08	-2.959928e+00	-8.152845e+02
8.000000e-07	-2.857717e-07	-1.348033e-08	-2.052887e+00	-7.988711e+02
8.100000e-07	-1.594235e-07	-1.318935e-08	-1.145245e+00	-7.819370e+02
8.200000e-07	-3.303158e-08	-1.289386e-08	-2.372878e-01	-7.644357e+02
8.300000e-07	9.337162e-08	-1.258984e-08	6.707503e-01	-7.462980e+02
8.400000e-07	2.196881e-07	-1.227460e-08	1.578166e+00	-7.274406e+02
8.500000e-07	3.459410e-07	-1.194792e-08	2.485124e+00	-7.077800e+02
8.600000e-07	4.720884e-07	-1.160402e-08	3.391324e+00	-6.872471e+02
8.700000e-07	5.980504e-07	-1.123982e-08	4.296193e+00	-6.657959e+02
8.800000e-07	7.238179e-07	-1.085689e-08	5.199664e+00	-6.434032e+02
8.900000e-07	8.493613e-07	-1.045914e-08	6.101526e+00	-6.200599e+02
9.000000e-07	9.746250e-07	-1.004851e-08	7.001378e+00	-5.957538e+02
9.100000e-07	1.099583e-06	-9.621858e-09	7.899032e+00	-5.704531e+02
9.200000e-07	1.224238e-06	-9.177350e-09	8.794515e+00	-5.440930e+02
9.300000e-07	1.348529e-06	-8.713568e-09	9.687379e+00	-5.165718e+02
9.400000e-07	1.472373e-06	-8.228244e-09	1.057704e+01	-4.877570e+02
9.500000e-07	1.595600e-06	-7.716353e-09	1.146226e+01	-4.574996e+02
9.600000e-07	1.718054e-06	-7.175440e-09	1.234193e+01	-4.256508e+02
9.700000e-07	1.839779e-06	-6.605983e-09	1.321636e+01	-3.920783e+02
9.800000e-07	1.960875e-06	-6.007411e-09	1.408627e+01	-3.566740e+02
9.900000e-07	2.081367e-06	-5.375743e-09	1.495184e+01	-3.193563e+02
1.000000e-06	2.201143e-06	-4.708870e-09	1.581227e+01	-2.800646e+02
1.010000e-06	2.320077e-06	-4.008600e-09	1.666665e+01	-2.387534e+02
1.020000e-06	2.438184e-06	-3.276072e-09	1.751509e+01	-1.953890e+02
1.030000e-06	2.555434e-06	-2.508678e-09	1.835738e+01	-1.499532e+02
1.040000e-06	2.671734e-06	-1.704540e-09	1.919284e+01	-1.024555e+02
1.050000e-06	2.786938e-06	-8.662890e-10	2.002043e+01	-5.295027e+01
1.060000e-06	2.900913e-06	2.400916e-12	2.083918e+01	-1.555252e+00
1.070000e-06	3.013728e-06	8.984240e-10	2.164961e+01	5.153484e+01
1.080000e-06	3.125464e-06	1.820148e-09	2.245228e+01	1.060448e+02
1.090000e-06	3.236129e-06	2.760298e-09	2.324726e+01	1.616271e+02
1.100000e-06	3.345715e-06	3.710316e-09	2.403449e+01	2.178813e+02
1.110000e-06	3.454235e-06	4.664390e-09	2.481406e+01	2.743803e+02
1.120000e-06	3.561502e-06	5.616235e-09	2.558463e+01	3.306977e+02
1.130000e-06	3.667358e-06	6.556674e-09	2.634507e+01	3.864313e+02
1.140000e-06	3.771802e-06	7.477597e-09	2.709536e+01	4.412191e+02
1.150000e-06	3.874851e-06	8.376335e-09	2.783563e+01	4.947455e+02
1.160000e-06	3.976583e-06	9.252508e-09	2.856644e+01	5.467414e+02
1.170000e-06	4.076945e-06	1.010173e-08	2.928740e+01	5.969797e+02
1.180000e-06	4.175805e-06	1.091722e-08	2.999758e+01	6.452711e+02
1.190000e-06	4.273077e-06	1.169493e-08	3.069635e+01	6.914617e+02
1.200000e-06	4.368772e-06	1.243457e-08	3.138379e+01	7.354349e+02
1.210000e-06	4.462938e-06	1.313692e-08	3.206024e+01	7.771140e+02
1.220000e-06	4.555672e-06	1.379822e-08	3.272642e+01	8.164660e+02
1.230000e-06	4.646894e-06	1.441890e-08	3.338172e+01	8.535012e+02
1.240000e-06	4.736362e-06	1.500524e-08	3.402443e+01	8.882690e+02
1.250000e-06	4.824045e-06	1.555763e-08	3.465432e+01	9.208491e+02
1.260000e-06	4.910045e-06	1.607328e-08	3.527211e+01	9.513391e+02
1.270000e-06	4.994417e-06	1.655152e-08	3.587821e+01	9.798436e+02
1.280000e-06	5.077045e-06	1.699606e-08	3.647178e+01	1.006464e+03
1.290000e-06	5.157845e-06	1.741255e-08	3.705222e+01	1.031295e+03
1.300000e-06	5.236837e-06	1.780052e-08	3.761967e+01	1.054427e+03
1.310000e-06	5.313900e-06	1.815877e-08	3.817327e+01	1.075945e+03
1.320000e-06	5.388852e-06	1.849141e-08	3.871170e+01	1.095943e+03
1.330000e-06	5.461699e-06	1.880413e-08	3.923501e+01	1.114521e+03
1.340000e-06	5.532587e-06	1.909535e-08	3.974424e+01	1.131787e+03
1.350000e-06	5.601585e-06	1.936434e-08	4.023990e+01	1.147852e+03
1.360000e-06	5.668546e-06	1.961586e-08	4.072093e+01	1.162824e+03
1.370000e-06	5.733387e-06	1.985249e-08	4.118672e+01	1.176796e+03
1.380000e-06	5.796226e-06	2.007298e-08	4.163814e+01	1.189840e+03
1.390000e-06	5.857150e-06	2.027470e-08	4.207579e+01	1.202006e+03
1.400000e-06	5.916064e-06	2.046045e-08	4.249901e+01	1.213327e+03
1.410000e-06	5.972831e-06	2.063391e-08	4.290681e+01	1.223822e+03
1.420000e-06	6.027421e-06	2.079566e-08	4.329896e+01	1.233510e+03
1.430000e-06	6.079645e-06	2.094457e-08	4.367413e+01	1.242421e+03
1.440000e-06	6.129348e-06	2.108168e-08	4.403118e+01	1.250596e+03
1.450000e-06	6.176683e-06	2.120947e-08	4.437121e+01	1.258092e+03
1.460000e-06	6.221896e-06	2.132498e-08	4.469601e+01	1.264972e+03
1.470000e-06	6.264942e-06	2.142710e-08	4.500523e+01	1.271299e+03
1.480000e-06	6.305641e-06	2.151924e-08	4.529761e+01	1.277127e+03
1.490000e-06	6.344094e-06	2.160525e-08	4.557384e+01	1.282491e+03
1.500000e-06	6.380425e-06	2.168630e-08	4.583483e+01	1.287413e+03
1.510000e-06	6.414482e-06	2.176139e-08	4.607948e+01	1.291898e+03
1.520000e-06	6.446232e-06	2.183036e-08	4.630756e+01	1.295949e+03
1.530000e-06	6.475831e-06	2.189462e-08	4.652019e+01	1.299571e+03
1.540000e-06	6.503222e-06	2.195102e-08	4.671696e+01	1.302781e+03
1.550000e-06	6.528137e-06	2.199587e-08	4.689594e+01	1.305606e+03
1.560000e-06	6.550620e-06	2.203303e-08	4.705745e+01	1.308082e+03
1.570000e-06	6.570936e-06	2.206667e-08	4.720339e+01	1.310246e+03
1.580000e-06	6.589033e-06	2.209662e-08	4.733340e+01	1.312131e+03
1.590000e-06	6.604749e-06	2.212108e-08	4.744630e+01	1.313755e+03
1.600000e-06	6.618043e-06	2.214292e-08	4.754180e+01	1.315126e+03
1.610000e-06	6.628712e-06	2.216471e-08	4.761843e+01	1.316241e+03
1.620000e-06	6.636782e-06	2.218354e-08	4.767641e+01	1.317097e+03
1.630000e-06	6.642556e-06	2.219479e-08	4.771789e+01	1.317698e+03
1.640000e-06	6.646026e-06	2.219815e-08	4.774282e+01	1.318058e+03
1.650000e-06	6.647130e-06	2.219852e-08	4.775075e+01	1.318204e+03
1.660000e-06	6.646033e-06	2.219785e-08	4.774287e+01	1.318170e+03
1.670000e-06	6.642904e-06	2.218987e-08	4.772039e+01	1.317987e+03
1.680000e-06	6.637578e-06	2.217868e-08	4.768212e+01	1.317675e+03
1.690000e-06	6.629990e-06	2.217011e-08	4.762762e+01	1.317236e+03
1.700000e-06	6.620296e-06	2.216373e-08	4.755798e+01	1.316656e+03
1.710000e-06	6.608407e-06	2.215196e-08	4.747258e+01	1.315912e+03
1.720000e-06	6.594183e-06	2.212595e-08	4.737039e+01	1.314979e+03
1.730000e-06	6.577783e-06	2.213057e-08	4.725258e+01	1.313844e+03
1.740000e-06	6.559303e-06	2.214138e-08	4.711983e+01	1.312511e+03
1.750000e-06	6.538149e-06	2.209977e-08	4.696786e+01	1.311004e+03
1.760000e-06	6.513877e-06	2.204408e-08	4.679351e+01	1.309360e+03
1.770000e-06	6.486931e-06	2.199513e-08	4.659993e+01	1.307614e+03
1.780000e-06	6.457743e-06	2.192451e-08	4.639025e+01	1.305793e+03
1.790000e-06	6.426631e-06	2.196039e-08	4.616676e+01	1.303903e+03
1.800000e-06	6.393898e-06	2.195046e-08	4.593161e+01	1.301927e+03
1.810000e-06	6.359304e-06	2.183647e-08	4.568310e+01	1.299835e+03
1.820000e-06	6.322551e-06	2.187123e-08	4.541908e+01	1.297592e+03
1.830000e-06	6.283556e-06	2.181206e-08	4.513895e+01	1.295171e+03
1.840000e-06	6.242207e-06	2.173817e-08	4.484192e+01	1.292565e+03
1.850000e-06	6.198782e-06	2.171749e-08	4.452996e+01	1.289791e+03
1.860000e-06	6.153286e-06	2.160655e-08	4.420314e+01	1.286878e+03
1.870000e-06	6.105469e-06	2.161230e-08	4.385964e+01	1.283863e+03
1.880000e-06	6.055428e-06	2.158406e-08	4.350016e+01	1.280773e+03
1.890000e-06	6.002869e-06	2.150642e-08	4.312259e+01	1.277617e+03
1.900000e-06	5.947810e-06	2.146495e-08	4.272707e+01	1.274381e+03
1.910000e-06	5.890629e-06	2.136339e-08	4.231630e+01	1.271034e+03
1.920000e-06	5.831449e-06	2.133424e-08	4.189117e+01	1.267537e+03
1.930000e-06	5.770188e-06	2.126273e-08	4.145109e+01	1.263858e+03
1.940000e-06	5.706702e-06	2.118084e-08	4.099503e+01	1.259983e+03
1.950000e-06	5.641168e-06	2.114457e-08	4.052425e+01	1.255915e+03
1.960000e-06	5.573593e-06	2.106739e-08	4.003882e+01	1.251680e+03
1.970000e-06	5.503766e-06	2.101743e-08	3.953720e+01	1.247309e+03
1.980000e-06	5.431846e-06	2.089639e-08	3.902056e+01	1.242828e+03
1.990000e-06	5.358025e-06	2.082115e-08	3.849025e+01	1.238250e+03
2.000000e-06	5.282221e-06	2.076180e-08	3.794570e+01	1.233570e+03
2.010000e-06	5.204228e-06	2.066257e-08	3.738543e+01	1.228766e+03
2.020000e-06	5.124228e-06	2.059127e-08	3.681073e+01	1.223812e+03
2.030000e-06	5.042481e-06	2.049186e-08	3.622349e+01	1.218683e+03
2.040000e-06	4.958998e-06	2.042464e-08	3.562377e+01	1.213367e+03
2.050000e-06	4.873666e-06	2.032245e-08	3.501078e+01	1.207867e+03
2.060000e-06	4.786433e-06	2.021466e-08	3.438412e+01	1.202197e+03
2.070000e-06	4.697562e-06	2.011842e-08	3.374571e+01	1.196374e+03
2.080000e-06	4.607142e-06	2.001722e-08	3.309616e+01	1.190410e+03
2.090000e-06	4.515174e-06	1.992502e-08	3.243549e+01	1.184307e+03
2.100000e-06	4.421532e-06	1.980712e-08	3.176280e+01	1.178053e+03
2.110000e-06	4.326203e-06	1.970873e-08	3.107799e+01	1.171629e+03
2.120000e-06	4.229399e-06	1.959724e-08	3.038258e+01	1.165016e+03
2.130000e-06	4.131153e-06	1.947849e-08	2.967681e+01	1.158202e+03
2.140000e-06	4.031472e-06	1.935330e-08	2.896074e+01	1.151191e+03
2.150000e-06	3.930274e-06	1.923186e-08	2.823377e+01	1.143994e+03
2.160000e-06	3.827514e-06	1.911927e-08	2.749557e+01	1.136628e+03
2.170000e-06	3.723296e-06	1.899506e-08	2.674691e+01	1.129105e+03
2.180000e-06	3.617849e-06	1.886623e-08	2.598941e+01	1.121427e+03
2.190000e-06	3.511300e-06	1.872968e-08	2.522400e+01	1.113578e+03
2.200000e-06	3.403619e-06	1.859520e-08	2.445045e+01	1.105530e+03
2.210000e-06	3.294725e-06	1.845073e-08	2.366820e+01	1.097253e+03
2.220000e-06	3.184525e-06	1.830095e-08	2.287656e+01	1.088721e+03
2.230000e-06	3.073129e-06	1.815335e-08	2.207632e+01	1.079922e+03
2.240000e-06	2.960565e-06	1.801013e-08	2.126771e+01	1.070862e+03
2.250000e-06	2.846920e-06	1.785841e-08	2.045132e+01	1.061559e+03
2.260000e-06	2.732225e-06	1.769449e-08	1.962738e+01	1.052036e+03
2.270000e-06	2.616393e-06	1.752598e-08	1.879529e+01	1.042307e+03
2.280000e-06	2.499495e-06	1.735806e-08	1.795553e+01	1.032371e+03
2.290000e-06	2.381490e-06	1.718658e-08	1.710782e+01	1.022210e+03
2.300000e-06	2.262470e-06	1.700740e-08	1.625283e+01	1.011792e+03
2.310000e-06	2.142638e-06	1.682897e-08	1.539199e+01	1.001080e+03
2.320000e-06	2.022119e-06	1.664984e-08	1.452622e+01	9.900459e+02
2.330000e-06	1.900923e-06	1.646359e-08	1.365559e+01	9.786761e+02
2.340000e-06	1.779048e-06	1.626182e-08	1.278008e+01	9.669742e+02
2.350000e-06	1.656627e-06	1.605379e-08	1.190065e+01	9.549553e+02
2.360000e-06	1.533626e-06	1.584562e-08	1.101705e+01	9.426363e+02
2.370000e-06	1.410022e-06	1.563527e-08	1.012913e+01	9.300242e+02
2.380000e-06	1.285950e-06	1.541864e-08	9.237830e+00	9.171082e+02
2.390000e-06	1.161499e-06	1.519551e-08	8.343816e+00	9.038590e+02
2.400000e-06	1.036716e-06	1.496907e-08	7.447418e+00	8.902337e+02
2.410000e-06	9.115854e-07	1.473194e-08	6.548523e+00	8.761871e+02
2.420000e-06	7.860992e-07	1.448327e-08	5.647072e+00	8.616819e+02
2.430000e-06	6.602727e-07	1.422719e-08	4.743177e+00	8.466953e+02
2.440000e-06	5.341564e-07	1.396810e-08	3.837200e+00	8.312189e+02
2.450000e-06	4.078224e-07	1.370371e-08	2.929659e+00	8.152507e+02
2.460000e-06	2.812868e-07	1.342776e-08	2.020670e+00	7.987830e+02
2.470000e-06	1.545812e-07	1.314251e-08	1.110459e+00	7.817906e+02
2.480000e-06	2.779212e-08	1.284855e-08	1.996492e-01	7.642248e+02
2.490000e-06	-9.900261e-08	1.254256e-08	-7.112015e-01	7.460140e+02
2.500000e-06	-2.257222e-07	1.222254e-08	-1.621512e+00	7.270744e+02
2.510000e-06	-3.522761e-07	1.188816e-08	-2.530633e+00	7.073232e+02
2.520000e-06	-4.786555e-07	1.154106e-08	-3.438500e+00	6.866937e+02
2.530000e-06	-6.048088e-07	1.117935e-08	-4.344743e+00	6.651423e+02
2.540000e-06	-7.306607e-07	1.080325e-08	-5.248821e+00	6.426480e+02
2.550000e-06	-8.562328e-07	1.041015e-08	-6.150888e+00	6.192022e+02
2.560000e-06	-9.815148e-07	1.000044e-08	-7.050873e+00	5.947916e+02
2.570000e-06	-1.106437e-06	9.576096e-09	-7.948270e+00	5.693811e+02
2.580000e-06	-1.230992e-06	9.132237e-09	-8.843033e+00	5.429020e+02
2.590000e-06	-1.355150e-06	8.666804e-09	-9.734943e+00	5.152489e+02
2.600000e-06	-1.478834e-06	8.178938e-09	-1.062344e+01	4.862868e+02
2.610000e-06	-1.602009e-06	7.668514e-09	-1.150829e+01	4.558657e+02
2.620000e-06	-1.724582e-06	7.131594e-09	-1.238882e+01	4.238382e+02
2.630000e-06	-1.846460e-06	6.565481e-09	-1.326435e+01	3.900740e+02
2.640000e-06	-1.967634e-06	5.970098e-09	-1.413482e+01	3.544682e+02
2.650000e-06	-2.088193e-06	5.343559e-09	-1.500088e+01	3.169415e+02
2.660000e-06	-2.208158e-06	4.683906e-09	-1.586267e+01	2.774354e+02
2.670000e-06	-2.327241e-06	3.987828e-09	-1.671811e+01	2.359055e+02
2.680000e-06	-2.445239e-06	3.256119e-09	-1.756577e+01	1.923196e+02
2.690000e-06	-2.562242e-06	2.490357e-09	-1.840629e+01	1.466618e+02
2.700000e-06	-2.678210e-06	1.689580e-09	-1.923936e+01	9.894539e+01
2.710000e-06	-2.793100e-06	8.551757e-10	-2.006469e+01	4.923070e+01
2.720000e-06	-2.906903e-06	-1.094676e-11	-2.088221e+01	-2.356727e+00
2.730000e-06	-3.019437e-06	-9.028983e-10	-2.169062e+01	-5.561355e+01
2.740000e-06	-3.130716e-06	-1.815635e-09	-2.249001e+01	-1.102562e+02
2.750000e-06	-3.240844e-06	-2.748897e-09	-2.328113e+01	-1.659304e+02
2.760000e-06	-3.349862e-06	-3.695858e-09	-2.406428e+01	-2.222315e+02
2.770000e-06	-3.457787e-06	-4.646774e-09	-2.483958e+01	-2.787312e+02
2.780000e-06	-3.564613e-06	-5.593889e-09	-2.560698e+01	-3.350047e+02
2.790000e-06	-3.670302e-06	-6.530277e-09	-2.636621e+01	-3.906537e+02
2.800000e-06	-3.774715e-06	-7.449300e-09	-2.711628e+01	-4.453206e+02
2.810000e-06	-3.877701e-06	-8.346273e-09	-2.785610e+01	-4.986951e+02
2.820000e-06	-3.979175e-06	-9.217624e-09	-2.858505e+01	-5.505129e+02
2.830000e-06	-4.079208e-06	-1.006074e-08	-2.930366e+01	-6.005511e+02
2.840000e-06	-4.177833e-06	-1.087238e-08	-3.001215e+01	-6.486242e+02
2.850000e-06	-4.275051e-06	-1.164697e-08	-3.071053e+01	-6.945822e+02
2.860000e-06	-4.370804e-06	-1.238199e-08	-3.139838e+01	-7.383125e+02
2.870000e-06	-4.464900e-06	-1.307753e-08	-3.207434e+01	-7.797432e+02
2.880000e-06	-4.557396e-06	-1.373425e-08	-3.273880e+01	-8.188458e+02
2.890000e-06	-4.648402e-06	-1.435321e-08	-3.339256e+01	-8.556351e+02
2.900000e-06	-4.737783e-06	-1.493598e-08	-3.403464e+01	-8.901643e+02
2.910000e-06	-4.825471e-06	-1.548337e-08	-3.466456e+01	-9.225156e+02
2.920000e-06	-4.911390e-06	-1.599542e-08	-3.528177e+01	-9.527880e+02
2.930000e-06	-4.995529e-06	-1.647330e-08	-3.588620e+01	-9.810858e+02
2.940000e-06	-5.077951e-06	-1.691872e-08	-3.647829e+01	-1.007510e+03
2.950000e-06	-5.158621e-06	-1.733326e-08	-3.705780e+01	-1.032155e+03
2.960000e-06	-5.237314e-06	-1.772199e-08	-3.762310e+01	-1.055110e+03
2.970000e-06	-5.313857e-06	-1.808558e-08	-3.817296e+01	-1.076461e+03
2.980000e-06	-5.388402e-06	-1.842235e-08	-3.870847e+01	-1.096302e+03
2.990000e-06	-5.461077e-06	-1.873358e-08	-3.923054e+01	-1.114734e+03
3.000000e-06	-5.531760e-06	-1.902189e-08	-3.973830e+01	-1.131866e+03
3.010000e-06	-5.600387e-06	-1.929112e-08	-4.023130e+01	-1.147809e+03
3.020000e-06	-5.667061e-06	-1.954334e-08	-4.071026e+01	-1.162670e+03
3.030000e-06	-5.731764e-06	-1.977948e-08	-4.117507e+01	-1.176539e+03
3.040000e-06	-5.794420e-06	-1.999977e-08	-4.162516e+01	-1.189487e+03
3.050000e-06	-5.854947e-06	-2.020504e-08	-4.205997e+01	-1.201562e+03
3.060000e-06	-5.913352e-06	-2.039432e-08	-4.247953e+01	-1.212793e+03
3.070000e-06	-5.969720e-06	-2.056810e-08	-4.288446e+01	-1.223200e+03
3.080000e-06	-6.023924e-06	-2.072815e-08	-4.327384e+01	-1.232804e+03
3.090000e-06	-6.075724e-06	-2.087855e-08	-4.364596e+01	-1.241634e+03
3.100000e-06	-6.124944e-06	-2.101949e-08	-4.399954e+01	-1.249734e+03
3.110000e-06	-6.171695e-06	-2.114931e-08	-4.433538e+01	-1.257160e+03
3.120000e-06	-6.216386e-06	-2.126874e-08	-4.465643e+01	-1.263978e+03
3.130000e-06	-6.259175e-06	-2.137805e-08	-4.496381e+01	-1.270249e+03
3.140000e-06	-6.299955e-06	-2.147658e-08	-4.525676e+01	-1.276026e+03
3.150000e-06	-6.338534e-06	-2.156421e-08	-4.553390e+01	-1.281342e+03
3.160000e-06	-6.374770e-06	-2.164350e-08	-4.579420e+01	-1.286217e+03
3.170000e-06	-6.408809e-06	-2.171759e-08	-4.603873e+01	-1.290655e+03
3.180000e-06	-6.440673e-06	-2.178859e-08	-4.626763e+01	-1.294660e+03
3.190000e-06	-6.470118e-06	-2.185315e-08	-4.647915e+01	-1.298237e+03
3.200000e-06	-6.497229e-06	-2.190968e-08	-4.667391e+01	-1.301404e+03
3.210000e-06	-6.522141e-06	-2.195784e-08	-4.685287e+01	-1.304190e+03
3.220000e-06	-6.544720e-06	-2.199904e-08	-4.701507e+01	-1.306631e+03
3.230000e-06	-6.564934e-06	-2.203440e-08	-4.716028e+01	-1.308764e+03
3.240000e-06	-6.582874e-06	-2.206325e-08	-4.728916e+01	-1.310621e+03
3.250000e-06	-6.598490e-06	-2.208880e-08	-4.740133e+01	-1.312218e+03
3.260000e-06	-6.611515e-06	-2.211279e-08	-4.749490e+01	-1.313561e+03
3.270000e-06	-6.621987e-06	-2.213366e-08	-4.757013e+01	-1.314648e+03
3.280000e-06	-6.630150e-06	-2.214898e-08	-4.762876e+01	-1.315477e+03
3.290000e-06	-6.635937e-06	-2.215813e-08	-4.767034e+01	-1.316051e+03
3.300000e-06	-6.639373e-06	-2.216473e-08	-4.769502e+01	-1.316387e+03
3.310000e-06	-6.640619e-06	-2.216806e-08	-4.770397e+01	-1.316512e+03
