# Temperatura_=_85.58
# Concentracion g/m^3_=_22000.0
# C_Vs_to_Am_M_A/Vsm_=_59384043850.047264
# pendiente_HvsI_1/m_=_3716.3
# ordenada_HvsI_A/m_=_1297.0
# frecuencia_Hz_=_301394.4458798286

Tiempo_(s)	Campo_(V.s)	Magnetizacion_(V.s)	Campo_(kA/m)	Magnetizacion_(A/m)
0.000000e+00	-6.675793e-06	-2.383145e-08	-4.769539e+01	-1.414208e+03
1.000000e-08	-6.673299e-06	-2.382903e-08	-4.767758e+01	-1.413958e+03
2.000000e-08	-6.668440e-06	-2.382112e-08	-4.764286e+01	-1.413557e+03
3.000000e-08	-6.661510e-06	-2.380733e-08	-4.759335e+01	-1.413009e+03
4.000000e-08	-6.652441e-06	-2.379482e-08	-4.752855e+01	-1.412314e+03
5.000000e-08	-6.640888e-06	-2.378040e-08	-4.744601e+01	-1.411464e+03
6.000000e-08	-6.626780e-06	-2.376812e-08	-4.734522e+01	-1.410453e+03
7.000000e-08	-6.610170e-06	-2.376048e-08	-4.722655e+01	-1.409274e+03
8.000000e-08	-6.591314e-06	-2.371713e-08	-4.709183e+01	-1.407930e+03
9.000000e-08	-6.570155e-06	-2.364713e-08	-4.694066e+01	-1.406430e+03
1.000000e-07	-6.546344e-06	-2.362961e-08	-4.677054e+01	-1.404791e+03
1.100000e-07	-6.519930e-06	-2.364410e-08	-4.658182e+01	-1.403031e+03
1.200000e-07	-6.491250e-06	-2.362444e-08	-4.637692e+01	-1.401163e+03
1.300000e-07	-6.460755e-06	-2.360537e-08	-4.615905e+01	-1.399192e+03
1.400000e-07	-6.428712e-06	-2.359324e-08	-4.593012e+01	-1.397112e+03
1.500000e-07	-6.394750e-06	-2.348731e-08	-4.568747e+01	-1.394905e+03
1.600000e-07	-6.358478e-06	-2.347076e-08	-4.542833e+01	-1.392553e+03
1.700000e-07	-6.320225e-06	-2.344334e-08	-4.515503e+01	-1.390040e+03
1.800000e-07	-6.279753e-06	-2.333008e-08	-4.486588e+01	-1.387362e+03
1.900000e-07	-6.236724e-06	-2.334495e-08	-4.455845e+01	-1.384528e+03
2.000000e-07	-6.191496e-06	-2.330224e-08	-4.423532e+01	-1.381559e+03
2.100000e-07	-6.144014e-06	-2.325435e-08	-4.389608e+01	-1.378481e+03
2.200000e-07	-6.093951e-06	-2.321306e-08	-4.353841e+01	-1.375315e+03
2.300000e-07	-6.041377e-06	-2.311274e-08	-4.316279e+01	-1.372071e+03
2.400000e-07	-5.986496e-06	-2.306237e-08	-4.277069e+01	-1.368743e+03
2.500000e-07	-5.929380e-06	-2.299956e-08	-4.236263e+01	-1.365311e+03
2.600000e-07	-5.869998e-06	-2.294217e-08	-4.193837e+01	-1.361748e+03
2.700000e-07	-5.808526e-06	-2.290489e-08	-4.149918e+01	-1.358028e+03
2.800000e-07	-5.745115e-06	-2.284226e-08	-4.104614e+01	-1.354134e+03
2.900000e-07	-5.679542e-06	-2.277387e-08	-4.057765e+01	-1.350063e+03
3.000000e-07	-5.611797e-06	-2.268364e-08	-4.009365e+01	-1.345828e+03
3.100000e-07	-5.541997e-06	-2.261007e-08	-3.959496e+01	-1.341447e+03
3.200000e-07	-5.470286e-06	-2.251826e-08	-3.908261e+01	-1.336939e+03
3.300000e-07	-5.396630e-06	-2.243562e-08	-3.855638e+01	-1.332312e+03
3.400000e-07	-5.320755e-06	-2.238834e-08	-3.801429e+01	-1.327562e+03
3.500000e-07	-5.242745e-06	-2.230465e-08	-3.745694e+01	-1.322674e+03
3.600000e-07	-5.162552e-06	-2.222517e-08	-3.688400e+01	-1.317625e+03
3.700000e-07	-5.080334e-06	-2.212932e-08	-3.629659e+01	-1.312395e+03
3.800000e-07	-4.996505e-06	-2.203311e-08	-3.569767e+01	-1.306972e+03
3.900000e-07	-4.911133e-06	-2.193385e-08	-3.508773e+01	-1.301355e+03
4.000000e-07	-4.824185e-06	-2.183099e-08	-3.446652e+01	-1.295556e+03
4.100000e-07	-4.735623e-06	-2.173693e-08	-3.383380e+01	-1.289590e+03
4.200000e-07	-4.645262e-06	-2.163866e-08	-3.318821e+01	-1.283468e+03
4.300000e-07	-4.553102e-06	-2.154570e-08	-3.252977e+01	-1.277194e+03
4.400000e-07	-4.459363e-06	-2.143294e-08	-3.186004e+01	-1.270759e+03
4.500000e-07	-4.364108e-06	-2.131913e-08	-3.117950e+01	-1.264148e+03
4.600000e-07	-4.267315e-06	-2.120237e-08	-3.048796e+01	-1.257340e+03
4.700000e-07	-4.168883e-06	-2.108182e-08	-2.978470e+01	-1.250322e+03
4.800000e-07	-4.068854e-06	-2.096051e-08	-2.907004e+01	-1.243087e+03
4.900000e-07	-3.967406e-06	-2.083730e-08	-2.834525e+01	-1.235641e+03
5.000000e-07	-3.864594e-06	-2.071456e-08	-2.761070e+01	-1.227993e+03
5.100000e-07	-3.760510e-06	-2.058345e-08	-2.686707e+01	-1.220152e+03
5.200000e-07	-3.655047e-06	-2.044471e-08	-2.611359e+01	-1.212118e+03
5.300000e-07	-3.548101e-06	-2.029906e-08	-2.534951e+01	-1.203881e+03
5.400000e-07	-3.439832e-06	-2.015327e-08	-2.457598e+01	-1.195421e+03
5.500000e-07	-3.330385e-06	-2.000737e-08	-2.379403e+01	-1.186710e+03
5.600000e-07	-3.219795e-06	-1.985953e-08	-2.300392e+01	-1.177727e+03
5.700000e-07	-3.108091e-06	-1.970706e-08	-2.220584e+01	-1.168458e+03
5.800000e-07	-2.995356e-06	-1.954794e-08	-2.140041e+01	-1.158902e+03
5.900000e-07	-2.881460e-06	-1.938251e-08	-2.058667e+01	-1.149071e+03
6.000000e-07	-2.766288e-06	-1.921017e-08	-1.976383e+01	-1.138979e+03
6.100000e-07	-2.649895e-06	-1.903186e-08	-1.893225e+01	-1.128639e+03
6.200000e-07	-2.532468e-06	-1.885274e-08	-1.809329e+01	-1.118051e+03
6.300000e-07	-2.414175e-06	-1.867353e-08	-1.724814e+01	-1.107202e+03
6.400000e-07	-2.295072e-06	-1.848851e-08	-1.639721e+01	-1.096070e+03
6.500000e-07	-2.175199e-06	-1.829433e-08	-1.554077e+01	-1.084627e+03
6.600000e-07	-2.054571e-06	-1.809344e-08	-1.467894e+01	-1.072849e+03
6.700000e-07	-1.933196e-06	-1.788908e-08	-1.381177e+01	-1.060719e+03
6.800000e-07	-1.811038e-06	-1.767830e-08	-1.293901e+01	-1.048234e+03
6.900000e-07	-1.688124e-06	-1.746082e-08	-1.206085e+01	-1.035395e+03
7.000000e-07	-1.564546e-06	-1.723881e-08	-1.117794e+01	-1.022203e+03
7.100000e-07	-1.440404e-06	-1.701165e-08	-1.029100e+01	-1.008649e+03
7.200000e-07	-1.315778e-06	-1.677776e-08	-9.400611e+00	-9.947126e+02
7.300000e-07	-1.190761e-06	-1.653398e-08	-8.507427e+00	-9.803610e+02
7.400000e-07	-1.065408e-06	-1.628266e-08	-7.611839e+00	-9.655543e+02
7.500000e-07	-9.396690e-07	-1.602406e-08	-6.713492e+00	-9.502538e+02
7.600000e-07	-8.135683e-07	-1.575717e-08	-5.812562e+00	-9.344295e+02
7.700000e-07	-6.872064e-07	-1.548272e-08	-4.909766e+00	-9.180623e+02
7.800000e-07	-5.606688e-07	-1.520005e-08	-4.005714e+00	-9.011404e+02
7.900000e-07	-4.338911e-07	-1.490733e-08	-3.099948e+00	-8.836506e+02
8.000000e-07	-3.069180e-07	-1.460141e-08	-2.192784e+00	-8.655672e+02
8.100000e-07	-1.798658e-07	-1.428227e-08	-1.285057e+00	-8.468430e+02
8.200000e-07	-5.276151e-08	-1.395143e-08	-3.769561e-01	-8.274058e+02
8.300000e-07	7.436221e-08	-1.360902e-08	5.312829e-01	-8.071636e+02
8.400000e-07	2.014538e-07	-1.325266e-08	1.439292e+00	-7.860148e+02
8.500000e-07	3.284556e-07	-1.287894e-08	2.346660e+00	-7.638619e+02
8.600000e-07	4.553637e-07	-1.248624e-08	3.253359e+00	-7.406227e+02
8.700000e-07	5.821342e-07	-1.207601e-08	4.159074e+00	-7.162344e+02
8.800000e-07	7.086570e-07	-1.164439e-08	5.063020e+00	-6.906492e+02
8.900000e-07	8.348624e-07	-1.119008e-08	5.964698e+00	-6.638221e+02
9.000000e-07	9.607404e-07	-1.071405e-08	6.864038e+00	-6.356949e+02
9.100000e-07	1.086315e-06	-1.021601e-08	7.761207e+00	-6.061815e+02
9.200000e-07	1.211584e-06	-9.692405e-09	8.656200e+00	-5.751595e+02
9.300000e-07	1.336489e-06	-9.138779e-09	9.548585e+00	-5.424704e+02
9.400000e-07	1.460967e-06	-8.553729e-09	1.043792e+01	-5.079287e+02
9.500000e-07	1.584909e-06	-7.934228e-09	1.132343e+01	-4.713354e+02
9.600000e-07	1.708211e-06	-7.277905e-09	1.220436e+01	-4.324940e+02
9.700000e-07	1.830914e-06	-6.580052e-09	1.308102e+01	-3.912227e+02
9.800000e-07	1.952974e-06	-5.837613e-09	1.395308e+01	-3.473633e+02
9.900000e-07	2.074247e-06	-5.048840e-09	1.481952e+01	-3.007858e+02
1.000000e-06	2.194703e-06	-4.212235e-09	1.568012e+01	-2.513941e+02
1.010000e-06	2.314367e-06	-3.326940e-09	1.653506e+01	-1.991330e+02
1.020000e-06	2.433226e-06	-2.392659e-09	1.738425e+01	-1.440025e+02
1.030000e-06	2.551204e-06	-1.411100e-09	1.822715e+01	-8.607625e+01
1.040000e-06	2.668292e-06	-3.860642e-10	1.906369e+01	-2.552201e+01
1.050000e-06	2.784369e-06	6.774472e-10	1.989300e+01	3.738132e+01
1.060000e-06	2.899240e-06	1.773575e-09	2.071370e+01	1.022371e+02
1.070000e-06	3.012918e-06	2.892450e-09	2.152588e+01	1.685384e+02
1.080000e-06	3.125425e-06	4.024857e-09	2.232969e+01	2.356912e+02
1.090000e-06	3.236756e-06	5.159537e-09	2.312510e+01	3.030507e+02
1.100000e-06	3.346945e-06	6.287948e-09	2.391235e+01	3.699637e+02
1.110000e-06	3.456079e-06	7.399945e-09	2.469205e+01	4.358114e+02
1.120000e-06	3.564098e-06	8.483312e-09	2.546380e+01	5.000428e+02
1.130000e-06	3.670833e-06	9.532193e-09	2.622637e+01	5.621970e+02
1.140000e-06	3.776170e-06	1.053938e-08	2.697895e+01	6.219111e+02
1.150000e-06	3.880058e-06	1.149716e-08	2.772118e+01	6.789164e+02
1.160000e-06	3.982566e-06	1.240309e-08	2.845356e+01	7.330283e+02
1.170000e-06	4.083697e-06	1.326058e-08	2.917609e+01	7.841326e+02
1.180000e-06	4.183353e-06	1.406857e-08	2.988809e+01	8.321750e+02
1.190000e-06	4.281391e-06	1.482430e-08	3.058852e+01	8.771517e+02
1.200000e-06	4.377761e-06	1.552963e-08	3.127704e+01	9.191051e+02
1.210000e-06	4.472576e-06	1.618834e-08	3.195445e+01	9.581183e+02
1.220000e-06	4.565947e-06	1.680105e-08	3.262154e+01	9.943104e+02
1.230000e-06	4.657837e-06	1.736459e-08	3.327805e+01	1.027829e+03
1.240000e-06	4.748038e-06	1.788047e-08	3.392249e+01	1.058838e+03
1.250000e-06	4.836409e-06	1.835728e-08	3.455386e+01	1.087511e+03
1.260000e-06	4.923088e-06	1.880112e-08	3.517314e+01	1.114018e+03
1.270000e-06	5.008183e-06	1.921270e-08	3.578111e+01	1.138518e+03
1.280000e-06	5.091608e-06	1.959283e-08	3.637714e+01	1.161160e+03
1.290000e-06	5.173173e-06	1.994498e-08	3.695988e+01	1.182082e+03
1.300000e-06	5.252784e-06	2.027203e-08	3.752867e+01	1.201413e+03
1.310000e-06	5.330511e-06	2.057129e-08	3.808399e+01	1.219277e+03
1.320000e-06	5.406269e-06	2.084330e-08	3.862524e+01	1.235796e+03
1.330000e-06	5.479883e-06	2.109588e-08	3.915118e+01	1.251086e+03
1.340000e-06	5.551414e-06	2.133402e-08	3.966224e+01	1.265260e+03
1.350000e-06	5.621028e-06	2.155582e-08	4.015960e+01	1.278418e+03
1.360000e-06	5.688696e-06	2.176119e-08	4.064305e+01	1.290646e+03
1.370000e-06	5.754233e-06	2.195303e-08	4.111129e+01	1.302014e+03
1.380000e-06	5.817644e-06	2.213157e-08	4.156433e+01	1.312577e+03
1.390000e-06	5.879161e-06	2.229511e-08	4.200383e+01	1.322378e+03
1.400000e-06	5.938742e-06	2.244296e-08	4.242951e+01	1.331453e+03
1.410000e-06	5.996164e-06	2.257911e-08	4.283977e+01	1.339838e+03
1.420000e-06	6.051414e-06	2.270575e-08	4.323450e+01	1.347568e+03
1.430000e-06	6.104413e-06	2.282304e-08	4.361315e+01	1.354685e+03
1.440000e-06	6.154834e-06	2.293230e-08	4.397339e+01	1.361236e+03
1.450000e-06	6.202753e-06	2.303504e-08	4.431574e+01	1.367270e+03
1.460000e-06	6.248516e-06	2.313056e-08	4.464270e+01	1.372834e+03
1.470000e-06	6.292185e-06	2.321596e-08	4.495470e+01	1.377971e+03
1.480000e-06	6.333533e-06	2.329233e-08	4.525011e+01	1.382717e+03
1.490000e-06	6.372545e-06	2.336332e-08	4.552883e+01	1.387096e+03
1.500000e-06	6.409460e-06	2.342929e-08	4.579257e+01	1.391125e+03
1.510000e-06	6.444105e-06	2.348980e-08	4.604009e+01	1.394810e+03
1.520000e-06	6.476323e-06	2.354633e-08	4.627027e+01	1.398155e+03
1.530000e-06	6.506344e-06	2.359917e-08	4.648476e+01	1.401164e+03
1.540000e-06	6.534267e-06	2.364606e-08	4.668426e+01	1.403842e+03
1.550000e-06	6.559777e-06	2.368301e-08	4.686651e+01	1.406201e+03
1.560000e-06	6.582780e-06	2.371236e-08	4.703086e+01	1.408258e+03
1.570000e-06	6.603610e-06	2.373972e-08	4.717968e+01	1.410035e+03
1.580000e-06	6.622278e-06	2.376564e-08	4.731305e+01	1.411553e+03
1.590000e-06	6.638514e-06	2.378602e-08	4.742905e+01	1.412832e+03
1.600000e-06	6.652271e-06	2.380092e-08	4.752734e+01	1.413889e+03
1.610000e-06	6.663384e-06	2.381419e-08	4.760674e+01	1.414735e+03
1.620000e-06	6.671861e-06	2.382763e-08	4.766730e+01	1.415376e+03
1.630000e-06	6.678029e-06	2.383621e-08	4.771137e+01	1.415818e+03
1.640000e-06	6.681983e-06	2.383853e-08	4.773962e+01	1.416067e+03
1.650000e-06	6.683541e-06	2.383649e-08	4.775075e+01	1.416133e+03
1.660000e-06	6.682742e-06	2.383586e-08	4.774504e+01	1.416027e+03
1.670000e-06	6.679914e-06	2.383128e-08	4.772484e+01	1.415761e+03
1.680000e-06	6.674865e-06	2.381917e-08	4.768877e+01	1.415344e+03
1.690000e-06	6.667447e-06	2.380715e-08	4.763577e+01	1.414780e+03
1.700000e-06	6.657927e-06	2.379616e-08	4.756775e+01	1.414068e+03
1.710000e-06	6.646275e-06	2.378377e-08	4.748450e+01	1.413201e+03
1.720000e-06	6.632224e-06	2.375521e-08	4.738412e+01	1.412172e+03
1.730000e-06	6.616011e-06	2.374225e-08	4.726828e+01	1.410975e+03
1.740000e-06	6.597830e-06	2.378154e-08	4.713839e+01	1.409614e+03
1.750000e-06	6.577067e-06	2.376110e-08	4.699004e+01	1.408098e+03
1.760000e-06	6.553114e-06	2.368206e-08	4.681891e+01	1.406445e+03
1.770000e-06	6.526395e-06	2.363123e-08	4.662801e+01	1.404673e+03
1.780000e-06	6.497340e-06	2.354978e-08	4.642043e+01	1.402794e+03
1.790000e-06	6.466226e-06	2.353300e-08	4.619814e+01	1.400811e+03
1.800000e-06	6.433616e-06	2.360129e-08	4.596515e+01	1.398718e+03
1.810000e-06	6.399214e-06	2.348278e-08	4.571937e+01	1.396496e+03
1.820000e-06	6.362504e-06	2.344969e-08	4.545709e+01	1.394127e+03
1.830000e-06	6.323608e-06	2.347390e-08	4.517920e+01	1.391597e+03
1.840000e-06	6.282462e-06	2.334247e-08	4.488523e+01	1.388901e+03
1.850000e-06	6.239175e-06	2.332418e-08	4.457597e+01	1.386052e+03
1.860000e-06	6.193756e-06	2.322051e-08	4.425147e+01	1.383070e+03
1.870000e-06	6.145929e-06	2.317047e-08	4.390977e+01	1.379981e+03
1.880000e-06	6.095937e-06	2.321272e-08	4.355260e+01	1.376806e+03
1.890000e-06	6.043465e-06	2.311513e-08	4.317771e+01	1.373553e+03
1.900000e-06	5.988449e-06	2.307647e-08	4.278464e+01	1.370216e+03
1.910000e-06	5.931319e-06	2.298379e-08	4.237648e+01	1.366771e+03
1.920000e-06	5.872078e-06	2.290593e-08	4.195323e+01	1.363192e+03
1.930000e-06	5.810720e-06	2.287391e-08	4.151486e+01	1.359454e+03
1.940000e-06	5.747168e-06	2.275332e-08	4.106081e+01	1.355540e+03
1.950000e-06	5.681579e-06	2.273804e-08	4.059220e+01	1.351451e+03
1.960000e-06	5.613972e-06	2.268094e-08	4.010919e+01	1.347199e+03
1.970000e-06	5.544040e-06	2.262588e-08	3.960955e+01	1.342804e+03
1.980000e-06	5.472041e-06	2.252971e-08	3.909515e+01	1.338283e+03
1.990000e-06	5.398137e-06	2.239976e-08	3.856714e+01	1.333643e+03
2.000000e-06	5.322146e-06	2.236486e-08	3.802423e+01	1.328879e+03
2.010000e-06	5.244016e-06	2.225167e-08	3.746602e+01	1.323975e+03
2.020000e-06	5.163942e-06	2.218034e-08	3.689394e+01	1.318907e+03
2.030000e-06	5.082134e-06	2.209103e-08	3.630945e+01	1.313656e+03
2.040000e-06	4.998591e-06	2.201759e-08	3.571258e+01	1.308212e+03
2.050000e-06	4.913186e-06	2.193726e-08	3.510240e+01	1.302575e+03
2.060000e-06	4.825805e-06	2.180309e-08	3.447810e+01	1.296758e+03
2.070000e-06	4.736755e-06	2.170968e-08	3.384188e+01	1.290774e+03
2.080000e-06	4.646152e-06	2.159487e-08	3.319456e+01	1.284636e+03
2.090000e-06	4.553936e-06	2.150414e-08	3.253572e+01	1.278345e+03
2.100000e-06	4.460005e-06	2.138164e-08	3.186464e+01	1.271892e+03
2.110000e-06	4.364391e-06	2.127535e-08	3.118152e+01	1.265260e+03
2.120000e-06	4.267290e-06	2.117780e-08	3.048777e+01	1.258430e+03
2.130000e-06	4.168736e-06	2.105250e-08	2.978365e+01	1.251389e+03
2.140000e-06	4.068826e-06	2.092300e-08	2.906985e+01	1.244131e+03
2.150000e-06	3.967345e-06	2.078545e-08	2.834481e+01	1.236663e+03
2.160000e-06	3.864242e-06	2.067043e-08	2.760819e+01	1.228994e+03
2.170000e-06	3.759769e-06	2.053861e-08	2.686178e+01	1.221132e+03
2.180000e-06	3.654026e-06	2.040344e-08	2.610629e+01	1.213077e+03
2.190000e-06	3.547107e-06	2.026714e-08	2.534241e+01	1.204817e+03
2.200000e-06	3.439038e-06	2.013304e-08	2.457030e+01	1.196331e+03
2.210000e-06	3.329762e-06	1.998457e-08	2.378958e+01	1.187592e+03
2.220000e-06	3.219186e-06	1.982065e-08	2.299957e+01	1.178578e+03
2.230000e-06	3.107345e-06	1.965847e-08	2.220052e+01	1.169278e+03
2.240000e-06	2.994252e-06	1.950343e-08	2.139252e+01	1.159692e+03
2.250000e-06	2.880017e-06	1.934518e-08	2.057636e+01	1.149832e+03
2.260000e-06	2.764787e-06	1.917283e-08	1.975310e+01	1.139713e+03
2.270000e-06	2.648500e-06	1.899732e-08	1.892229e+01	1.129346e+03
2.280000e-06	2.531010e-06	1.881917e-08	1.808287e+01	1.118731e+03
2.290000e-06	2.412394e-06	1.863692e-08	1.723542e+01	1.107853e+03
2.300000e-06	2.292868e-06	1.844019e-08	1.638146e+01	1.096689e+03
2.310000e-06	2.172584e-06	1.824627e-08	1.552209e+01	1.085211e+03
2.320000e-06	2.051643e-06	1.805428e-08	1.465802e+01	1.073395e+03
2.330000e-06	1.930029e-06	1.785558e-08	1.378915e+01	1.061228e+03
2.340000e-06	1.807746e-06	1.764144e-08	1.291549e+01	1.048705e+03
2.350000e-06	1.684811e-06	1.742024e-08	1.203718e+01	1.035828e+03
2.360000e-06	1.561291e-06	1.720006e-08	1.115469e+01	1.022597e+03
2.370000e-06	1.437225e-06	1.697123e-08	1.026829e+01	1.009003e+03
2.380000e-06	1.312637e-06	1.673337e-08	9.378171e+00	9.950238e+02
2.390000e-06	1.187584e-06	1.649021e-08	8.484729e+00	9.806252e+02
2.400000e-06	1.062119e-06	1.624655e-08	7.588343e+00	9.657672e+02
2.410000e-06	9.362853e-07	1.599071e-08	6.689317e+00	9.504117e+02
2.420000e-06	8.100835e-07	1.571737e-08	5.787665e+00	9.345299e+02
2.430000e-06	6.835380e-07	1.543620e-08	4.883557e+00	9.181036e+02
2.440000e-06	5.567449e-07	1.515319e-08	3.977680e+00	9.011214e+02
2.450000e-06	4.296878e-07	1.486074e-08	3.069917e+00	8.835694e+02
2.460000e-06	3.024289e-07	1.455262e-08	2.160712e+00	8.654200e+02
2.470000e-06	1.750682e-07	1.423605e-08	1.250780e+00	8.466231e+02
2.480000e-06	4.760990e-08	1.391329e-08	3.401503e-01	8.271042e+02
2.490000e-06	-7.988362e-08	1.357385e-08	-5.707308e-01	8.067696e+02
2.500000e-06	-2.073451e-07	1.321442e-08	-1.481383e+00	7.855175e+02
2.510000e-06	-3.346820e-07	1.283770e-08	-2.391145e+00	7.632517e+02
2.520000e-06	-4.618893e-07	1.244651e-08	-3.299982e+00	7.398919e+02
2.530000e-06	-5.888897e-07	1.203501e-08	-4.207339e+00	7.153773e+02
2.540000e-06	-7.155898e-07	1.159960e-08	-5.112552e+00	6.896612e+02
2.550000e-06	-8.420108e-07	1.114553e-08	-6.015770e+00	6.626978e+02
2.560000e-06	-9.681417e-07	1.067580e-08	-6.916916e+00	6.344267e+02
2.570000e-06	-1.093915e-06	1.018203e-08	-7.815508e+00	6.047580e+02
2.580000e-06	-1.219220e-06	9.654355e-09	-8.710749e+00	5.735654e+02
2.590000e-06	-1.344066e-06	9.098098e-09	-9.602716e+00	5.406870e+02
2.600000e-06	-1.468435e-06	8.517420e-09	-1.049128e+01	5.059349e+02
2.610000e-06	-1.592226e-06	7.903275e-09	-1.137571e+01	4.691098e+02
2.620000e-06	-1.715444e-06	7.246472e-09	-1.225604e+01	4.300163e+02
2.630000e-06	-1.838067e-06	6.548429e-09	-1.313212e+01	3.884746e+02
2.640000e-06	-1.959983e-06	5.811514e-09	-1.400316e+01	3.443295e+02
2.650000e-06	-2.081161e-06	5.028821e-09	-1.486892e+01	2.974544e+02
2.660000e-06	-2.201712e-06	4.193834e-09	-1.573020e+01	2.477569e+02
2.670000e-06	-2.321529e-06	3.310526e-09	-1.658623e+01	1.951871e+02
2.680000e-06	-2.440442e-06	2.383289e-09	-1.743581e+01	1.397519e+02
2.690000e-06	-2.558444e-06	1.410184e-09	-1.827887e+01	8.153402e+01
2.700000e-06	-2.675409e-06	3.908179e-10	-1.911454e+01	2.071255e+01
2.710000e-06	-2.791194e-06	-6.678716e-10	-1.994177e+01	-4.242116e+01
2.720000e-06	-2.905754e-06	-1.757399e-09	-2.076024e+01	-1.074580e+02
2.730000e-06	-3.019157e-06	-2.871953e-09	-2.157045e+01	-1.738803e+02
2.740000e-06	-3.131397e-06	-4.003800e-09	-2.237236e+01	-2.410867e+02
2.750000e-06	-3.242336e-06	-5.140372e-09	-2.316497e+01	-3.084295e+02
2.760000e-06	-3.352010e-06	-6.264723e-09	-2.394853e+01	-3.752572e+02
2.770000e-06	-3.460588e-06	-7.365254e-09	-2.472427e+01	-4.409567e+02
2.780000e-06	-3.568081e-06	-8.438647e-09	-2.549225e+01	-5.049860e+02
2.790000e-06	-3.674444e-06	-9.479158e-09	-2.625217e+01	-5.668946e+02
2.800000e-06	-3.779597e-06	-1.047998e-08	-2.700344e+01	-6.263299e+02
2.810000e-06	-3.883337e-06	-1.143629e-08	-2.774461e+01	-6.830328e+02
2.820000e-06	-3.985554e-06	-1.234612e-08	-2.847491e+01	-7.368269e+02
2.830000e-06	-4.086245e-06	-1.320747e-08	-2.919430e+01	-7.876049e+02
2.840000e-06	-4.185485e-06	-1.401355e-08	-2.990332e+01	-8.353183e+02
2.850000e-06	-4.283369e-06	-1.476309e-08	-3.060265e+01	-8.799685e+02
2.860000e-06	-4.379810e-06	-1.546098e-08	-3.129168e+01	-9.216023e+02
2.870000e-06	-4.474631e-06	-1.611181e-08	-3.196913e+01	-9.603071e+02
2.880000e-06	-4.567802e-06	-1.671705e-08	-3.263479e+01	-9.962054e+02
2.890000e-06	-4.659394e-06	-1.727920e-08	-3.328918e+01	-1.029447e+03
2.900000e-06	-4.749424e-06	-1.780285e-08	-3.393239e+01	-1.060198e+03
2.910000e-06	-4.837814e-06	-1.828676e-08	-3.456390e+01	-1.088631e+03
2.920000e-06	-4.924447e-06	-1.873117e-08	-3.518285e+01	-1.114915e+03
2.930000e-06	-5.009193e-06	-1.914038e-08	-3.578832e+01	-1.139210e+03
2.940000e-06	-5.092112e-06	-1.951864e-08	-3.638074e+01	-1.161662e+03
2.950000e-06	-5.173385e-06	-1.986827e-08	-3.696139e+01	-1.182407e+03
2.960000e-06	-5.252906e-06	-2.019364e-08	-3.752954e+01	-1.201575e+03
2.970000e-06	-5.330303e-06	-2.049604e-08	-3.808250e+01	-1.219289e+03
2.980000e-06	-5.405544e-06	-2.077426e-08	-3.862006e+01	-1.235671e+03
2.990000e-06	-5.478869e-06	-2.103103e-08	-3.914394e+01	-1.250837e+03
3.000000e-06	-5.550261e-06	-2.126909e-08	-3.965400e+01	-1.264898e+03
3.010000e-06	-5.619579e-06	-2.148957e-08	-4.014924e+01	-1.277952e+03
3.020000e-06	-5.686841e-06	-2.169449e-08	-4.062980e+01	-1.290084e+03
3.030000e-06	-5.752179e-06	-2.188476e-08	-4.109661e+01	-1.301364e+03
3.040000e-06	-5.815586e-06	-2.206182e-08	-4.154962e+01	-1.311843e+03
3.050000e-06	-5.876903e-06	-2.222771e-08	-4.198770e+01	-1.321565e+03
3.060000e-06	-5.936023e-06	-2.238231e-08	-4.241009e+01	-1.330565e+03
3.070000e-06	-5.992996e-06	-2.252754e-08	-4.281713e+01	-1.338878e+03
3.080000e-06	-6.047849e-06	-2.266164e-08	-4.320903e+01	-1.346540e+03
3.090000e-06	-6.100373e-06	-2.278131e-08	-4.358429e+01	-1.353595e+03
3.100000e-06	-6.150341e-06	-2.289081e-08	-4.394129e+01	-1.360088e+03
3.110000e-06	-6.197760e-06	-2.299347e-08	-4.428008e+01	-1.366070e+03
3.120000e-06	-6.242974e-06	-2.308896e-08	-4.460311e+01	-1.371586e+03
3.130000e-06	-6.286260e-06	-2.317558e-08	-4.491236e+01	-1.376680e+03
3.140000e-06	-6.327550e-06	-2.325439e-08	-4.520736e+01	-1.381385e+03
3.150000e-06	-6.366730e-06	-2.332793e-08	-4.548728e+01	-1.385727e+03
3.160000e-06	-6.403630e-06	-2.339607e-08	-4.575092e+01	-1.389718e+03
3.170000e-06	-6.438272e-06	-2.345790e-08	-4.599842e+01	-1.393367e+03
3.180000e-06	-6.470720e-06	-2.351552e-08	-4.623024e+01	-1.396676e+03
3.190000e-06	-6.500737e-06	-2.356822e-08	-4.644470e+01	-1.399650e+03
3.200000e-06	-6.528322e-06	-2.361421e-08	-4.664178e+01	-1.402293e+03
3.210000e-06	-6.553696e-06	-2.365493e-08	-4.682307e+01	-1.404619e+03
3.220000e-06	-6.576785e-06	-2.368952e-08	-4.698803e+01	-1.406645e+03
3.230000e-06	-6.597442e-06	-2.371999e-08	-4.713562e+01	-1.408393e+03
3.240000e-06	-6.615771e-06	-2.374548e-08	-4.726657e+01	-1.409884e+03
3.250000e-06	-6.631840e-06	-2.376712e-08	-4.738137e+01	-1.411140e+03
3.260000e-06	-6.645362e-06	-2.378539e-08	-4.747798e+01	-1.412174e+03
3.270000e-06	-6.656253e-06	-2.379965e-08	-4.755579e+01	-1.412997e+03
3.280000e-06	-6.664810e-06	-2.380927e-08	-4.761693e+01	-1.413617e+03
3.290000e-06	-6.670966e-06	-2.381581e-08	-4.766091e+01	-1.414038e+03
3.300000e-06	-6.674674e-06	-2.382299e-08	-4.768740e+01	-1.414268e+03
3.310000e-06	-6.676185e-06	-2.383052e-08	-4.769820e+01	-1.414315e+03
