# 261001_16:00:45.405764
t	CH1	CH2
0.000000e+00	4.918078e-03	-2.207565e-01
1.000000e-08	-3.460638e-03	-4.126028e-01
2.000000e-08	2.147168e-03	-7.513594e-01
3.000000e-08	-6.609009e-03	-9.033596e-01
4.000000e-08	-1.674264e-03	-1.146011e+00
5.000000e-08	-3.033619e-03	-1.335867e+00
6.000000e-08	4.846311e-03	-1.590550e+00
7.000000e-08	6.755603e-02	-1.778521e+00
8.000000e-08	4.167993e-02	-2.009094e+00
9.000000e-08	-6.972256e-02	-2.357513e+00
1.000000e-07	-3.611976e-02	-2.670755e+00
1.100000e-07	-4.626410e-02	-2.873233e+00
1.200000e-07	-7.605601e-02	-3.157365e+00
1.300000e-07	1.353730e-01	-3.251728e+00
1.400000e-07	-3.216505e-02	-3.439126e+00
1.500000e-07	-8.766423e-02	-3.672908e+00
1.600000e-07	2.062682e-01	-3.903858e+00
1.700000e-07	-1.516023e-01	-4.144412e+00
1.800000e-07	5.954187e-02	-4.387442e+00
1.900000e-07	-3.396981e-02	-4.524890e+00
2.000000e-07	-1.196356e-01	-4.850175e+00
2.100000e-07	1.665608e-01	-5.020150e+00
2.200000e-07	-8.309906e-02	-5.270278e+00
2.300000e-07	3.715629e-02	-5.577462e+00
2.400000e-07	2.071699e-02	-5.764416e+00
2.500000e-07	-9.762307e-02	-5.977467e+00
2.600000e-07	1.120274e-01	-6.186118e+00
2.700000e-07	-1.261585e-01	-6.408098e+00
2.800000e-07	5.361672e-02	-6.591125e+00
2.900000e-07	9.995749e-03	-6.828046e+00
3.000000e-07	-1.765229e-02	-7.080779e+00
3.100000e-07	6.835168e-02	-7.280208e+00
3.200000e-07	-1.440357e-01	-7.460654e+00
3.300000e-07	1.063789e-01	-7.710310e+00
3.400000e-07	-6.618057e-02	-7.892357e+00
3.500000e-07	2.291505e-02	-8.112813e+00
3.600000e-07	4.249196e-03	-8.211778e+00
3.700000e-07	-2.976660e-02	-8.459626e+00
3.800000e-07	6.046918e-02	-8.608226e+00
3.900000e-07	-8.041376e-02	-8.858726e+00
4.000000e-07	3.770683e-02	-8.986499e+00
4.100000e-07	-4.376722e-02	-9.175443e+00
4.200000e-07	3.191804e-02	-9.322862e+00
4.300000e-07	-1.330004e-02	-9.471332e+00
4.400000e-07	-1.314060e-02	-9.672257e+00
4.500000e-07	1.935616e-02	-9.839652e+00
4.600000e-07	-2.876771e-02	-9.945993e+00
4.700000e-07	1.232656e-02	-1.013281e+01
4.800000e-07	-3.319857e-02	-1.028986e+01
4.900000e-07	2.207289e-02	-1.047075e+01
5.000000e-07	-1.860071e-02	-1.058652e+01
5.100000e-07	6.070455e-03	-1.074482e+01
5.200000e-07	-1.528169e-02	-1.083808e+01
5.300000e-07	2.701179e-03	-1.096599e+01
5.400000e-07	-4.871674e-03	-1.107121e+01
5.500000e-07	-1.260877e-02	-1.124171e+01
5.600000e-07	-3.381598e-03	-1.132197e+01
5.700000e-07	-8.078850e-03	-1.150025e+01
5.800000e-07	5.984850e-03	-1.160600e+01
5.900000e-07	-1.698006e-02	-1.171028e+01
6.000000e-07	1.147679e-03	-1.181865e+01
6.100000e-07	-1.074134e-02	-1.194187e+01
6.200000e-07	2.071360e-03	-1.205865e+01
6.300000e-07	-1.354922e-02	-1.212331e+01
6.400000e-07	-4.532664e-03	-1.221658e+01
6.500000e-07	-1.947708e-03	-1.228021e+01
6.600000e-07	-3.179189e-03	-1.234442e+01
6.700000e-07	-7.840742e-03	-1.240707e+01
6.800000e-07	-1.037980e-02	-1.247036e+01
6.900000e-07	-1.376128e-03	-1.253432e+01
7.000000e-07	-6.745707e-03	-1.262715e+01
7.100000e-07	-8.409108e-03	-1.265822e+01
7.200000e-07	-7.638706e-03	-1.273234e+01
7.300000e-07	-1.835189e-03	-1.276204e+01
7.400000e-07	-5.220033e-03	-1.281593e+01
7.500000e-07	-1.062224e-02	-1.285113e+01
7.600000e-07	-8.378333e-03	-1.286115e+01
7.700000e-07	-3.172819e-03	-1.293177e+01
7.800000e-07	-4.154245e-03	-1.291329e+01
7.900000e-07	-7.274046e-03	-1.294334e+01
8.000000e-07	-1.014581e-02	-1.293489e+01
8.100000e-07	-2.779001e-03	-1.293485e+01
8.200000e-07	-7.703217e-03	-1.293592e+01
8.300000e-07	-9.179713e-03	-1.295585e+01
8.400000e-07	-7.260748e-03	-1.292537e+01
8.500000e-07	-3.303108e-03	-1.293497e+01
8.600000e-07	-2.479501e-03	-1.293484e+01
8.700000e-07	-1.071275e-02	-1.290329e+01
8.800000e-07	-1.039263e-02	-1.290183e+01
8.900000e-07	-8.148106e-03	-1.287013e+01
9.000000e-07	-4.835665e-03	-1.282953e+01
9.100000e-07	-7.964443e-03	-1.278640e+01
9.200000e-07	-5.942230e-03	-1.272135e+01
9.300000e-07	-2.518768e-03	-1.268971e+01
9.400000e-07	-3.263734e-03	-1.264758e+01
9.500000e-07	-1.059124e-02	-1.256690e+01
9.600000e-07	-1.106252e-02	-1.250217e+01
9.700000e-07	-6.046311e-03	-1.246961e+01
9.800000e-07	-7.259097e-03	-1.235535e+01
9.900000e-07	-5.299162e-03	-1.231119e+01
1.000000e-06	-8.188027e-03	-1.216403e+01
1.010000e-06	-3.019781e-03	-1.216531e+01
1.020000e-06	-5.850489e-03	-1.205763e+01
1.030000e-06	-6.197366e-03	-1.197287e+01
1.040000e-06	-1.001993e-02	-1.182858e+01
1.050000e-06	-7.026027e-03	-1.169372e+01
1.060000e-06	-7.793878e-03	-1.161800e+01
1.070000e-06	-8.334732e-03	-1.149264e+01
1.080000e-06	-8.204872e-03	-1.135590e+01
1.090000e-06	-3.296002e-03	-1.121806e+01
1.100000e-06	-3.624238e-03	-1.108219e+01
1.110000e-06	-5.535505e-03	-1.098792e+01
1.120000e-06	-7.586139e-03	-1.087063e+01
1.130000e-06	-7.887029e-03	-1.074377e+01
1.140000e-06	-6.218520e-03	-1.059861e+01
1.150000e-06	-8.948287e-03	-1.051224e+01
1.160000e-06	-6.997918e-03	-1.030226e+01
1.170000e-06	-5.625586e-03	-1.013382e+01
1.180000e-06	-2.930187e-03	-1.002810e+01
1.190000e-06	-5.217827e-03	-9.871187e+00
1.200000e-06	-6.313547e-03	-9.734275e+00
1.210000e-06	-7.326039e-03	-9.575375e+00
1.220000e-06	-5.712454e-03	-9.386375e+00
1.230000e-06	-6.840757e-03	-9.239583e+00
1.240000e-06	-8.237609e-03	-9.062088e+00
1.250000e-06	-5.398151e-03	-8.913742e+00
1.260000e-06	-4.519279e-03	-8.724292e+00
1.270000e-06	-4.176326e-03	-8.524244e+00
1.280000e-06	-6.177194e-03	-8.365819e+00
1.290000e-06	-5.541672e-03	-8.166951e+00
1.300000e-06	-5.006058e-03	-7.977451e+00
1.310000e-06	-5.994366e-03	-7.765399e+00
1.320000e-06	-6.656473e-03	-7.555824e+00
1.330000e-06	-7.426207e-03	-7.367421e+00
1.340000e-06	-4.173518e-03	-7.197400e+00
1.350000e-06	-4.268630e-03	-6.925799e+00
1.360000e-06	-5.686014e-03	-6.715793e+00
1.370000e-06	-5.972585e-03	-6.546298e+00
1.380000e-06	-4.442930e-03	-6.316847e+00
1.390000e-06	-5.178771e-03	-6.105271e+00
1.400000e-06	-6.144965e-03	-5.902237e+00
1.410000e-06	-8.236123e-03	-5.664192e+00
1.420000e-06	-4.617706e-03	-5.512688e+00
1.430000e-06	-3.689280e-03	-5.229005e+00
1.440000e-06	-4.707041e-03	-4.978376e+00
1.450000e-06	-6.225584e-03	-4.702741e+00
1.460000e-06	-5.826511e-03	-4.454762e+00
1.470000e-06	-3.876989e-03	-4.315715e+00
1.480000e-06	-4.423166e-03	-4.073187e+00
1.490000e-06	-5.517673e-03	-3.873584e+00
1.500000e-06	-5.982637e-03	-3.619580e+00
1.510000e-06	-4.146804e-03	-3.428003e+00
1.520000e-06	-7.812108e-03	-3.188903e+00
1.530000e-06	-5.679636e-03	-2.904747e+00
1.540000e-06	-5.642722e-03	-2.715716e+00
1.550000e-06	-3.213764e-03	-2.393113e+00
1.560000e-06	-4.631344e-03	-2.290004e+00
1.570000e-06	-4.424888e-03	-1.967405e+00
1.580000e-06	-4.046167e-03	-1.757450e+00
1.590000e-06	-5.464635e-03	-1.536798e+00
1.600000e-06	-7.040136e-03	-1.242054e+00
1.610000e-06	-4.488570e-03	-9.884289e-01
1.620000e-06	-3.867735e-03	-8.189251e-01
1.630000e-06	-2.822754e-03	-4.962180e-01
1.640000e-06	-4.347188e-03	-2.651882e-01
1.650000e-06	5.730159e-04	-3.311296e-02
1.660000e-06	6.442626e-03	1.764899e-01
1.670000e-06	-5.135466e-03	4.315238e-01
1.680000e-06	1.803219e-03	6.321527e-01
1.690000e-06	-2.673299e-03	8.216276e-01
1.700000e-06	1.510856e-03	1.082759e+00
1.710000e-06	-1.339842e-03	1.326362e+00
1.720000e-06	2.313616e-03	1.577440e+00
1.730000e-06	2.914341e-02	1.830127e+00
1.740000e-06	7.904914e-02	2.042157e+00
1.750000e-06	-3.678835e-02	2.365939e+00
1.760000e-06	-4.525752e-02	2.667545e+00
1.770000e-06	-4.205935e-02	2.833129e+00
1.780000e-06	-1.344743e-02	3.009999e+00
1.790000e-06	-6.244829e-02	3.207421e+00
1.800000e-06	7.981143e-02	3.338413e+00
1.810000e-06	5.186872e-03	3.630129e+00
1.820000e-06	-5.707115e-02	3.808496e+00
1.830000e-06	1.529120e-01	4.019146e+00
1.840000e-06	-9.434371e-02	4.325390e+00
1.850000e-06	1.341234e-02	4.504338e+00
1.860000e-06	-1.009480e-02	4.784288e+00
1.870000e-06	-4.434985e-02	5.008624e+00
1.880000e-06	6.819906e-02	5.282282e+00
1.890000e-06	-2.380642e-02	5.515386e+00
1.900000e-06	1.112943e-02	5.713864e+00
1.910000e-06	1.367973e-02	5.966941e+00
1.920000e-06	-3.528637e-02	6.165893e+00
1.930000e-06	1.767515e-02	6.367038e+00
1.940000e-06	-2.145272e-02	6.576518e+00
1.950000e-06	2.907278e-02	6.826503e+00
1.960000e-06	-1.583677e-02	7.019096e+00
1.970000e-06	1.729905e-02	7.279497e+00
1.980000e-06	1.746420e-02	7.447070e+00
1.990000e-06	-4.930731e-02	7.670180e+00
2.000000e-06	2.977588e-02	7.838126e+00
2.010000e-06	-1.695063e-02	8.071180e+00
2.020000e-06	1.852582e-02	8.250283e+00
2.030000e-06	-2.309758e-03	8.400048e+00
2.040000e-06	3.679407e-03	8.607999e+00
2.050000e-06	4.799820e-03	8.816444e+00
2.060000e-06	-1.327924e-02	8.942836e+00
2.070000e-06	7.276289e-03	9.144312e+00
2.080000e-06	-1.347951e-02	9.301313e+00
2.090000e-06	1.402995e-02	9.420254e+00
2.100000e-06	3.485133e-03	9.628025e+00
2.110000e-06	1.597017e-03	9.766468e+00
2.120000e-06	1.443805e-03	9.922812e+00
2.130000e-06	-4.647589e-03	1.013173e+01
2.140000e-06	3.293738e-03	1.026795e+01
2.150000e-06	-6.220513e-03	1.037699e+01
2.160000e-06	3.875676e-03	1.053216e+01
2.170000e-06	2.705903e-04	1.061915e+01
2.180000e-06	4.244428e-03	1.080795e+01
2.190000e-06	-1.092976e-04	1.093334e+01
2.200000e-06	-1.111120e-03	1.105016e+01
2.210000e-06	5.937357e-04	1.114539e+01
2.220000e-06	-1.785507e-03	1.127074e+01
2.230000e-06	7.995535e-04	1.140615e+01
2.240000e-06	-1.323941e-03	1.152234e+01
2.250000e-06	2.659465e-03	1.168010e+01
2.260000e-06	9.477351e-04	1.174590e+01
2.270000e-06	1.682747e-03	1.190016e+01
2.280000e-06	-2.122653e-03	1.196546e+01
2.290000e-06	-4.126618e-04	1.200958e+01
2.300000e-06	9.580950e-04	1.216332e+01
2.310000e-06	1.879283e-04	1.221648e+01
2.320000e-06	1.299097e-03	1.226174e+01
2.330000e-06	5.914712e-04	1.235297e+01
2.340000e-06	1.050946e-03	1.249905e+01
2.350000e-06	-1.749809e-03	1.253168e+01
2.360000e-06	-4.906043e-04	1.253484e+01
2.370000e-06	-8.336980e-04	1.259803e+01
2.380000e-06	2.163293e-04	1.261118e+01
2.390000e-06	1.466486e-03	1.270173e+01
2.400000e-06	-7.603270e-04	1.271476e+01
2.410000e-06	9.316194e-04	1.274437e+01
2.420000e-06	-4.557712e-04	1.281692e+01
2.430000e-06	3.655746e-04	1.279702e+01
2.440000e-06	-7.529783e-06	1.282895e+01
2.450000e-06	9.455839e-04	1.284758e+01
2.460000e-06	7.392621e-04	1.285060e+01
2.470000e-06	2.252116e-04	1.286871e+01
2.480000e-06	8.901839e-04	1.280008e+01
2.490000e-06	-1.508551e-03	1.287958e+01
2.500000e-06	1.135285e-04	1.287805e+01
2.510000e-06	-4.830334e-04	1.282908e+01
2.520000e-06	1.073889e-03	1.282845e+01
2.530000e-06	-2.570833e-05	1.280650e+01
2.540000e-06	4.311560e-04	1.278640e+01
2.550000e-06	-6.279218e-04	1.278482e+01
2.560000e-06	-8.705937e-04	1.276424e+01
2.570000e-06	-1.255448e-04	1.269056e+01
2.580000e-06	2.179668e-05	1.262861e+01
2.590000e-06	1.322075e-03	1.263697e+01
2.600000e-06	2.065572e-04	1.255492e+01
2.610000e-06	1.927852e-05	1.251274e+01
2.620000e-06	-1.747419e-03	1.246906e+01
2.630000e-06	-1.005200e-03	1.239447e+01
2.640000e-06	-1.303161e-03	1.231017e+01
2.650000e-06	6.040218e-04	1.221890e+01
2.660000e-06	-8.102884e-04	1.212324e+01
2.670000e-06	-2.895068e-03	1.209056e+01
2.680000e-06	-6.639285e-04	1.198636e+01
2.690000e-06	4.263118e-04	1.190059e+01
2.700000e-06	9.660820e-04	1.178533e+01
2.710000e-06	-3.704137e-03	1.166206e+01
2.720000e-06	-1.354092e-03	1.158484e+01
2.730000e-06	3.456460e-04	1.140796e+01
2.740000e-06	1.101312e-03	1.130111e+01
2.750000e-06	-3.099197e-03	1.116743e+01
2.760000e-06	-2.269003e-03	1.105053e+01
2.770000e-06	-3.687148e-04	1.094425e+01
2.780000e-06	-5.958360e-04	1.085148e+01
2.790000e-06	-3.455215e-03	1.066311e+01
2.800000e-06	-1.445362e-03	1.054530e+01
2.810000e-06	1.478632e-04	1.040693e+01
2.820000e-06	1.408394e-05	1.026156e+01
2.830000e-06	-3.666478e-03	1.012467e+01
2.840000e-06	-2.491605e-03	9.955850e+00
2.850000e-06	-9.298871e-04	9.807881e+00
2.860000e-06	-1.468259e-03	9.629583e+00
2.870000e-06	-3.990254e-03	9.451637e+00
2.880000e-06	-3.182777e-03	9.324246e+00
2.890000e-06	-1.153510e-03	9.175802e+00
2.900000e-06	-1.446340e-03	8.995325e+00
2.910000e-06	-2.903234e-03	8.807422e+00
2.920000e-06	-3.368087e-03	8.648534e+00
2.930000e-06	-1.512725e-03	8.440085e+00
2.940000e-06	-1.758852e-03	8.281143e+00
2.950000e-06	-3.514825e-03	8.094139e+00
2.960000e-06	-4.219673e-03	7.883613e+00
2.970000e-06	-1.975923e-03	7.724244e+00
2.980000e-06	-2.718982e-03	7.463664e+00
2.990000e-06	-3.932272e-03	7.271639e+00
3.000000e-06	-4.379668e-03	7.061111e+00
3.010000e-06	-1.669228e-03	6.893614e+00
3.020000e-06	-2.760953e-03	6.684187e+00
3.030000e-06	-3.583401e-03	6.451536e+00
3.040000e-06	-4.267808e-03	6.240561e+00
3.050000e-06	-2.208914e-03	6.052111e+00
3.060000e-06	-2.003555e-03	5.831991e+00
3.070000e-06	-4.453884e-03	5.609902e+00
3.080000e-06	-4.560807e-03	5.419379e+00
3.090000e-06	-2.798685e-03	5.167200e+00
3.100000e-06	-3.194808e-03	4.851988e+00
3.110000e-06	-3.890419e-03	4.630034e+00
3.120000e-06	-4.560316e-03	4.440008e+00
3.130000e-06	-3.388369e-03	4.209958e+00
3.140000e-06	-2.878032e-03	3.956245e+00
3.150000e-06	-4.408004e-03	3.766268e+00
3.160000e-06	-5.498367e-03	3.546770e+00
3.170000e-06	-3.493140e-03	3.263718e+00
3.180000e-06	-3.933995e-03	3.042034e+00
3.190000e-06	-4.536971e-03	2.831563e+00
3.200000e-06	-5.209842e-03	2.581904e+00
3.210000e-06	-3.331139e-03	2.347269e+00
3.220000e-06	-3.890157e-03	2.126220e+00
3.230000e-06	-3.719034e-03	1.923645e+00
3.240000e-06	-6.004953e-03	1.621563e+00
3.250000e-06	-3.893491e-03	1.398506e+00
3.260000e-06	-4.614790e-03	1.149351e+00
3.270000e-06	-3.943100e-03	8.450366e-01
3.280000e-06	-5.330173e-03	6.009602e-01
3.290000e-06	-4.105064e-03	4.115313e-01
3.300000e-06	-2.780892e-03	1.807764e-01
3.310000e-06	-2.167215e-03	-4.230633e-02
3.320000e-06	4.392917e-03	-2.838354e-01
3.330000e-06	-5.029482e-03	-4.728065e-01
3.340000e-06	1.821918e-03	-7.668896e-01
3.350000e-06	-5.482359e-03	-9.349431e-01
3.360000e-06	-6.594875e-04	-1.154440e+00
3.370000e-06	-4.468969e-03	-1.479724e+00
3.380000e-06	1.007900e-02	-1.641555e+00
3.390000e-06	8.429196e-02	-1.801601e+00
3.400000e-06	4.646128e-03	-2.062753e+00
3.410000e-06	-5.992340e-02	-2.439148e+00
3.420000e-06	-3.980441e-02	-2.735287e+00
3.430000e-06	-4.552007e-02	-2.925332e+00
3.440000e-06	-6.187511e-02	-3.156995e+00
3.450000e-06	1.589537e-01	-3.282258e+00
3.460000e-06	-1.095751e-01	-3.471233e+00
3.470000e-06	8.085597e-03	-3.703966e+00
3.480000e-06	1.541612e-01	-3.946413e+00
3.490000e-06	-1.624699e-01	-4.197020e+00
3.500000e-06	1.005590e-01	-4.420001e+00
3.510000e-06	-9.757335e-02	-4.567615e+00
3.520000e-06	-5.022954e-02	-4.862254e+00
3.530000e-06	1.440671e-01	-5.090652e+00
3.540000e-06	-1.091071e-01	-5.295437e+00
3.550000e-06	8.242602e-02	-5.567950e+00
3.560000e-06	-3.204006e-02	-5.757047e+00
3.570000e-06	-5.486135e-02	-6.059076e+00
3.580000e-06	9.226006e-02	-6.199646e+00
3.590000e-06	-1.393758e-01	-6.490202e+00
3.600000e-06	9.991589e-02	-6.682233e+00
3.610000e-06	-4.467106e-02	-6.819202e+00
3.620000e-06	3.619196e-02	-7.152884e+00
3.630000e-06	1.224994e-02	-7.302812e+00
3.640000e-06	-1.077216e-01	-7.542858e+00
3.650000e-06	1.101378e-01	-7.743314e+00
3.660000e-06	-9.382586e-02	-7.954915e+00
3.670000e-06	5.785644e-02	-8.164341e+00
3.680000e-06	-3.556785e-02	-8.302759e+00
3.690000e-06	1.111841e-02	-8.501685e+00
3.700000e-06	2.773158e-02	-8.708785e+00
3.710000e-06	-6.497993e-02	-8.891758e+00
3.720000e-06	3.613527e-02	-9.019078e+00
3.730000e-06	-4.690682e-02	-9.177522e+00
3.740000e-06	4.679490e-02	-9.375045e+00
3.750000e-06	-3.371062e-02	-9.523885e+00
3.760000e-06	7.085850e-03	-9.712361e+00
3.770000e-06	4.013130e-04	-9.849255e+00
3.780000e-06	-1.354317e-02	-1.001807e+01
3.790000e-06	2.239739e-03	-1.011342e+01
3.800000e-06	-2.925555e-02	-1.033289e+01
3.810000e-06	2.127880e-02	-1.047216e+01
3.820000e-06	-1.748891e-02	-1.060753e+01
3.830000e-06	1.077534e-02	-1.073289e+01
3.840000e-06	-2.387846e-02	-1.084918e+01
3.850000e-06	9.586028e-03	-1.102708e+01
3.860000e-06	-1.040490e-02	-1.108336e+01
3.870000e-06	-4.799337e-03	-1.126873e+01
3.880000e-06	-1.245812e-02	-1.131399e+01
3.890000e-06	-2.461826e-03	-1.154984e+01
3.900000e-06	2.411926e-03	-1.161745e+01
3.910000e-06	-1.293535e-02	-1.172339e+01
3.920000e-06	-2.855951e-03	-1.182873e+01
3.930000e-06	-1.129924e-02	-1.197450e+01
3.940000e-06	4.958909e-03	-1.206021e+01
3.950000e-06	-1.470987e-02	-1.212542e+01
3.960000e-06	-3.504727e-03	-1.221760e+01
3.970000e-06	-6.614866e-03	-1.234226e+01
3.980000e-06	6.649830e-04	-1.237544e+01
3.990000e-06	-9.163018e-03	-1.243758e+01
4.000000e-06	-1.040008e-02	-1.251281e+01
4.010000e-06	-4.760704e-03	-1.255592e+01
4.020000e-06	-4.465557e-03	-1.265920e+01
4.030000e-06	-5.140531e-03	-1.267121e+01
4.040000e-06	-9.316953e-03	-1.274189e+01
4.050000e-06	-2.596209e-03	-1.276495e+01
4.060000e-06	-3.285979e-03	-1.282905e+01
4.070000e-06	-7.357615e-03	-1.285811e+01
4.080000e-06	-9.892289e-03	-1.287119e+01
4.090000e-06	-5.777326e-03	-1.290326e+01
4.100000e-06	-3.794862e-03	-1.292436e+01
4.110000e-06	-4.833165e-03	-1.292482e+01
4.120000e-06	-9.879960e-03	-1.295542e+01
4.130000e-06	-5.731674e-03	-1.293535e+01
4.140000e-06	-6.128656e-03	-1.294542e+01
4.150000e-06	-6.459981e-03	-1.291489e+01
4.160000e-06	-9.231051e-03	-1.294491e+01
4.170000e-06	-5.476636e-03	-1.298447e+01
4.180000e-06	-3.559874e-03	-1.292489e+01
4.190000e-06	-6.280630e-03	-1.292277e+01
4.200000e-06	-8.631452e-03	-1.288067e+01
4.210000e-06	-8.546733e-03	-1.283113e+01
4.220000e-06	-5.267507e-03	-1.281858e+01
4.230000e-06	-7.956600e-03	-1.274492e+01
4.240000e-06	-6.964112e-03	-1.269239e+01
4.250000e-06	-5.502047e-03	-1.267974e+01
4.260000e-06	-4.388667e-03	-1.260853e+01
4.270000e-06	-6.264805e-03	-1.253535e+01
4.280000e-06	-9.953990e-03	-1.252224e+01
4.290000e-06	-7.243812e-03	-1.243808e+01
4.300000e-06	-5.480111e-03	-1.233535e+01
4.310000e-06	-6.588655e-03	-1.227224e+01
4.320000e-06	-7.839115e-03	-1.220698e+01
4.330000e-06	-5.445758e-03	-1.214436e+01
4.340000e-06	-5.068647e-03	-1.203911e+01
4.350000e-06	-7.528557e-03	-1.194526e+01
4.360000e-06	-8.434544e-03	-1.181805e+01
4.370000e-06	-4.833534e-03	-1.174530e+01
4.380000e-06	-4.161859e-03	-1.159803e+01
4.390000e-06	-7.047306e-03	-1.145263e+01
4.400000e-06	-9.008209e-03	-1.134376e+01
4.410000e-06	-5.881876e-03	-1.120901e+01
4.420000e-06	-3.974251e-03	-1.108116e+01
4.430000e-06	-6.708029e-03	-1.093537e+01
4.440000e-06	-8.266388e-03	-1.083061e+01
4.450000e-06	-4.688549e-03	-1.071427e+01
4.460000e-06	-4.028479e-03	-1.058953e+01
4.470000e-06	-6.818869e-03	-1.046206e+01
4.480000e-06	-7.869847e-03	-1.030079e+01
4.490000e-06	-5.943785e-03	-1.008422e+01
4.500000e-06	-4.072285e-03	-9.967976e+00
4.510000e-06	-6.507262e-03	-9.821558e+00
4.520000e-06	-7.231172e-03	-9.682715e+00
4.530000e-06	-4.882498e-03	-9.513318e+00
4.540000e-06	-4.573605e-03	-9.345303e+00
4.550000e-06	-6.109180e-03	-9.208505e+00
4.560000e-06	-6.961054e-03	-9.060555e+00
4.570000e-06	-5.411081e-03	-8.832061e+00
4.580000e-06	-4.086090e-03	-8.682737e+00
4.590000e-06	-6.790599e-03	-8.463162e+00
4.600000e-06	-6.925126e-03	-8.294766e+00
4.610000e-06	-5.993254e-03	-8.134247e+00
4.620000e-06	-5.283362e-03	-7.978374e+00
4.630000e-06	-6.790036e-03	-7.705321e+00
4.640000e-06	-6.628243e-03	-7.475266e+00
4.650000e-06	-5.390625e-03	-7.264242e+00
4.660000e-06	-4.762078e-03	-7.134845e+00
4.670000e-06	-5.368638e-03	-6.882696e+00
4.680000e-06	-5.510619e-03	-6.705263e+00
4.690000e-06	-6.151679e-03	-6.535267e+00
4.700000e-06	-5.158013e-03	-6.323672e+00
4.710000e-06	-5.968757e-03	-6.061637e+00
4.720000e-06	-5.316402e-03	-5.853164e+00
4.730000e-06	-5.926296e-03	-5.631659e+00
4.740000e-06	-3.917418e-03	-5.391034e+00
4.750000e-06	-6.287379e-03	-5.169927e+00
4.760000e-06	-4.598578e-03	-4.934324e+00
4.770000e-06	-5.909899e-03	-4.612663e+00
4.780000e-06	-4.771736e-03	-4.453634e+00
4.790000e-06	-6.569123e-03	-4.243211e+00
4.800000e-06	-4.980605e-03	-4.043685e+00
4.810000e-06	-5.307012e-03	-3.800858e+00
4.820000e-06	-5.327424e-03	-3.598923e+00
4.830000e-06	-4.210569e-03	-3.389427e+00
4.840000e-06	-7.065245e-03	-3.127295e+00
4.850000e-06	-5.193217e-03	-2.875637e+00
4.860000e-06	-4.676240e-03	-2.652131e+00
4.870000e-06	-4.570102e-03	-2.451558e+00
4.880000e-06	-4.445626e-03	-2.180899e+00
4.890000e-06	-4.148264e-03	-1.968343e+00
4.900000e-06	-4.930600e-03	-1.687293e+00
4.910000e-06	-5.642931e-03	-1.465718e+00
4.920000e-06	-6.019208e-03	-1.169975e+00
4.930000e-06	-5.664878e-03	-9.173184e-01
4.940000e-06	-5.010723e-03	-7.272444e-01
4.950000e-06	-2.631386e-03	-4.526653e-01
4.960000e-06	-2.360448e-03	-2.326066e-01
4.970000e-06	1.927110e-03	-4.303264e-02
4.980000e-06	4.726534e-03	2.496266e-01
4.990000e-06	-2.252473e-03	4.731991e-01
5.000000e-06	2.830785e-04	6.807054e-01
5.010000e-06	-4.278705e-03	9.127617e-01
5.020000e-06	2.566112e-04	1.155414e+00
5.030000e-06	1.484016e-03	1.387496e+00
5.040000e-06	6.660675e-03	1.679577e+00
5.050000e-06	3.667038e-02	1.860227e+00
5.060000e-06	7.267870e-02	2.075282e+00
5.070000e-06	-5.419364e-02	2.390570e+00
5.080000e-06	-4.259207e-02	2.710777e+00
5.090000e-06	-3.921124e-02	2.882706e+00
5.100000e-06	-2.145525e-02	3.035101e+00
5.110000e-06	-5.034265e-02	3.227999e+00
5.120000e-06	1.045826e-01	3.418516e+00
5.130000e-06	-5.454641e-02	3.663131e+00
5.140000e-06	1.020146e-02	3.820075e+00
5.150000e-06	1.154178e-01	4.041185e+00
5.160000e-06	-1.004441e-01	4.398446e+00
5.170000e-06	4.003533e-02	4.545388e+00
5.180000e-06	-4.271286e-02	4.858548e+00
5.190000e-06	-9.221113e-03	5.053305e+00
5.200000e-06	5.247971e-02	5.314281e+00
5.210000e-06	-2.881761e-02	5.579472e+00
5.220000e-06	2.350298e-02	5.785366e+00
5.230000e-06	1.240299e-03	6.007549e+00
5.240000e-06	-2.964485e-02	6.207995e+00
5.250000e-06	1.289329e-02	6.406594e+00
5.260000e-06	-1.688597e-02	6.629074e+00
5.270000e-06	3.175141e-02	6.860625e+00
5.280000e-06	-2.724080e-02	7.081632e+00
5.290000e-06	3.547554e-02	7.259983e+00
5.300000e-06	-5.753908e-03	7.459703e+00
5.310000e-06	-3.410255e-02	7.700738e+00
5.320000e-06	2.696485e-02	7.892362e+00
5.330000e-06	-1.947583e-02	8.121787e+00
5.340000e-06	2.398694e-02	8.301712e+00
5.350000e-06	-9.937390e-03	8.480178e+00
5.360000e-06	1.329689e-02	8.618599e+00
5.370000e-06	-5.912639e-03	8.806944e+00
5.380000e-06	-4.352111e-03	8.944892e+00
5.390000e-06	1.191236e-03	9.175390e+00
5.400000e-06	-1.190225e-02	9.322838e+00
5.410000e-06	1.260274e-02	9.481283e+00
5.420000e-06	1.013010e-03	9.648627e+00
5.430000e-06	5.398257e-03	9.807570e+00
5.440000e-06	-2.533702e-03	9.976392e+00
5.450000e-06	-2.977887e-03	1.013289e+01
5.460000e-06	1.118866e-04	1.025968e+01
5.470000e-06	-2.564687e-03	1.038647e+01
5.480000e-06	2.261124e-03	1.050284e+01
5.490000e-06	8.384726e-06	1.066973e+01
5.500000e-06	5.409252e-03	1.082906e+01
5.510000e-06	1.170200e-03	1.095536e+01
5.520000e-06	-1.775719e-03	1.110019e+01
5.530000e-06	-2.561990e-03	1.118592e+01
5.540000e-06	1.308420e-04	1.132076e+01
5.550000e-06	1.546659e-03	1.145963e+01
5.560000e-06	-3.422766e-04	1.157297e+01
5.570000e-06	2.117631e-03	1.169076e+01
5.580000e-06	1.592667e-03	1.180702e+01
5.590000e-06	6.257760e-04	1.189121e+01
5.600000e-06	-2.871061e-03	1.195544e+01
5.610000e-06	-1.524752e-03	1.206021e+01
5.620000e-06	1.623759e-03	1.216387e+01
5.630000e-06	1.938710e-03	1.219758e+01
5.640000e-06	-4.389467e-04	1.232224e+01
5.650000e-06	9.060969e-04	1.238792e+01
5.660000e-06	8.787429e-04	1.244858e+01
5.670000e-06	7.289856e-04	1.251334e+01
5.680000e-06	-1.617503e-03	1.256589e+01
5.690000e-06	-1.074754e-03	1.258698e+01
5.700000e-06	1.007493e-03	1.262911e+01
5.710000e-06	3.091901e-03	1.269068e+01
5.720000e-06	-1.396431e-03	1.271284e+01
5.730000e-06	2.220137e-04	1.276492e+01
5.740000e-06	-6.092034e-04	1.278695e+01
5.750000e-06	1.371030e-03	1.280752e+01
5.760000e-06	-1.444361e-04	1.283863e+01
5.770000e-06	-1.654768e-04	1.288665e+01
5.780000e-06	1.522359e-03	1.285910e+01
5.790000e-06	2.265825e-04	1.287964e+01
5.800000e-06	6.248858e-04	1.285013e+01
5.810000e-06	-2.321801e-03	1.288063e+01
5.820000e-06	-1.047940e-04	1.285861e+01
5.830000e-06	6.263513e-04	1.286803e+01
5.840000e-06	5.048170e-04	1.286905e+01
5.850000e-06	2.336829e-04	1.281695e+01
5.860000e-06	1.763684e-04	1.278745e+01
5.870000e-06	2.192164e-04	1.276587e+01
5.880000e-06	-7.932673e-04	1.271121e+01
5.890000e-06	-5.667939e-04	1.267211e+01
5.900000e-06	-3.504672e-04	1.261851e+01
5.910000e-06	1.171379e-03	1.259635e+01
5.920000e-06	-5.950594e-04	1.254482e+01
5.930000e-06	-5.170683e-04	1.251274e+01
5.940000e-06	-1.299261e-03	1.244800e+01
5.950000e-06	-1.188733e-03	1.239387e+01
5.960000e-06	-1.863799e-03	1.227968e+01
5.970000e-06	2.620966e-04	1.222548e+01
5.980000e-06	4.367308e-04	1.210269e+01
5.990000e-06	-1.286698e-03	1.201864e+01
6.000000e-06	-5.142150e-04	1.197482e+01
6.010000e-06	-1.479241e-03	1.182008e+01
6.020000e-06	-3.509812e-04	1.175470e+01
6.030000e-06	-1.880026e-03	1.162758e+01
6.040000e-06	-5.812350e-04	1.154274e+01
6.050000e-06	-1.589519e-03	1.138795e+01
6.060000e-06	-4.460313e-04	1.125064e+01
6.070000e-06	-2.539284e-03	1.112627e+01
6.080000e-06	-7.393103e-04	1.101856e+01
6.090000e-06	-1.123551e-03	1.092477e+01
6.100000e-06	-1.308493e-03	1.082690e+01
6.110000e-06	-3.012603e-03	1.065309e+01
6.120000e-06	-8.532295e-04	1.053269e+01
6.130000e-06	-8.015983e-04	1.039637e+01
6.140000e-06	-2.191867e-03	1.022006e+01
6.150000e-06	-3.174496e-03	1.008256e+01
6.160000e-06	-1.525520e-03	9.975316e+00
6.170000e-06	-2.986691e-04	9.735770e+00
6.180000e-06	-2.053878e-03	9.588479e+00
6.190000e-06	-2.274870e-03	9.469459e+00
6.200000e-06	-2.629327e-03	9.274138e+00
6.210000e-06	-1.396281e-03	9.152795e+00
6.220000e-06	-3.969613e-03	8.955370e+00
6.230000e-06	-2.567395e-03	8.755298e+00
6.240000e-06	-5.169399e-03	8.618952e+00
6.250000e-06	-7.692716e-04	8.440061e+00
6.260000e-06	-3.260655e-03	8.259028e+00
6.270000e-06	-1.238984e-03	8.062090e+00
6.280000e-06	-2.966860e-03	7.883138e+00
6.290000e-06	-1.268927e-03	7.681159e+00
6.300000e-06	-4.421741e-03	7.500457e+00
6.310000e-06	-3.712245e-03	7.230530e+00
6.320000e-06	-5.536658e-03	7.029036e+00
6.330000e-06	-2.598936e-03	6.840058e+00
6.340000e-06	-2.748171e-03	6.630480e+00
6.350000e-06	-1.108989e-03	6.400383e+00
6.360000e-06	-2.866314e-03	6.198908e+00
6.370000e-06	-2.344125e-03	6.020035e+00
6.380000e-06	-2.582340e-03	5.779881e+00
6.390000e-06	-5.375080e-03	5.577796e+00
6.400000e-06	-4.737081e-03	5.357324e+00
6.410000e-06	-4.381841e-03	5.101157e+00
6.420000e-06	-2.300199e-03	4.829935e+00
6.430000e-06	-3.200058e-03	4.609950e+00
6.440000e-06	-2.878697e-03	4.429380e+00
6.450000e-06	-3.484293e-03	4.126900e+00
6.460000e-06	-2.875895e-03	3.915742e+00
6.470000e-06	-4.171420e-03	3.715140e+00
6.480000e-06	-3.184744e-03	3.495089e+00
6.490000e-06	-4.979125e-03	3.240554e+00
6.500000e-06	-4.689928e-03	3.020381e+00
6.510000e-06	-4.726890e-03	2.819956e+00
6.520000e-06	-3.856299e-03	2.535796e+00
6.530000e-06	-3.000476e-03	2.274662e+00
6.540000e-06	-3.678853e-03	2.063163e+00
6.550000e-06	-4.808403e-03	1.873584e+00
6.560000e-06	-4.661586e-03	1.611407e+00
6.570000e-06	-3.511232e-03	1.377349e+00
6.580000e-06	-5.502909e-03	1.075193e+00
6.590000e-06	-6.237244e-03	8.109341e-01
6.600000e-06	-4.356522e-03	5.888275e-01
6.610000e-06	-3.303397e-03	3.883510e-01
6.620000e-06	-2.556384e-03	1.171970e-01
6.630000e-06	-1.270394e-03	-1.068632e-01
6.640000e-06	4.486507e-03	-3.149119e-01
6.650000e-06	-5.202051e-03	-5.060145e-01
6.660000e-06	-9.917343e-04	-8.011198e-01
6.670000e-06	-5.791020e-03	-9.795697e-01
6.680000e-06	-1.053329e-03	-1.220594e+00
6.690000e-06	-3.065608e-03	-1.482737e+00
6.700000e-06	1.872990e-02	-1.642733e+00
6.710000e-06	9.455164e-02	-1.862255e+00
6.720000e-06	-3.162314e-02	-2.103961e+00
6.730000e-06	-4.912538e-02	-2.471833e+00
6.740000e-06	-4.706087e-02	-2.796443e+00
6.750000e-06	-5.034241e-02	-2.958117e+00
6.760000e-06	-2.820471e-02	-3.198974e+00
6.770000e-06	1.543756e-01	-3.315438e+00
6.780000e-06	-1.681382e-01	-3.563863e+00
6.790000e-06	1.036164e-01	-3.778969e+00
6.800000e-06	7.577013e-02	-3.948022e+00
6.810000e-06	-1.386573e-01	-4.231625e+00
6.820000e-06	1.100063e-01	-4.409526e+00
6.830000e-06	-1.489853e-01	-4.621205e+00
6.840000e-06	2.805740e-02	-4.952809e+00
6.850000e-06	9.908874e-02	-5.103633e+00
6.860000e-06	-1.087158e-01	-5.377044e+00
6.870000e-06	1.047667e-01	-5.639050e+00
6.880000e-06	-7.751855e-02	-5.808148e+00
6.890000e-06	4.091312e-04	-6.069626e+00
6.900000e-06	4.546388e-02	-6.220708e+00
6.910000e-06	-1.244421e-01	-6.502337e+00
6.920000e-06	1.226812e-01	-6.702282e+00
6.930000e-06	-8.138269e-02	-6.892806e+00
6.940000e-06	8.139032e-02	-7.144966e+00
6.950000e-06	-5.225245e-02	-7.315411e+00
6.960000e-06	-5.181249e-02	-7.595988e+00
6.970000e-06	8.719533e-02	-7.714996e+00
6.980000e-06	-9.637209e-02	-8.027525e+00
6.990000e-06	7.471678e-02	-8.154917e+00
7.000000e-06	-6.236577e-02	-8.325365e+00
7.010000e-06	5.007328e-02	-8.514361e+00
7.020000e-06	-1.214095e-02	-8.722914e+00
7.030000e-06	-4.175457e-02	-8.925363e+00
7.040000e-06	2.363352e-02	-9.051205e+00
7.050000e-06	-3.900703e-02	-9.257649e+00
7.060000e-06	4.717441e-02	-9.447623e+00
7.070000e-06	-4.876524e-02	-9.586019e+00
7.080000e-06	2.837713e-02	-9.735345e+00
7.090000e-06	-1.405077e-02	-9.881784e+00
7.100000e-06	9.341405e-04	-1.002660e+01
7.110000e-06	-1.530392e-02	-1.019748e+01
7.120000e-06	-1.472092e-02	-1.039444e+01
7.130000e-06	1.540419e-02	-1.046333e+01
7.140000e-06	-1.556568e-02	-1.062813e+01
7.150000e-06	6.747817e-03	-1.074439e+01
7.160000e-06	-2.214615e-02	-1.086021e+01
7.170000e-06	1.519602e-02	-1.101612e+01
7.180000e-06	-1.787686e-02	-1.111434e+01
7.190000e-06	-1.627616e-03	-1.129226e+01
7.200000e-06	-1.621146e-02	-1.137750e+01
7.210000e-06	7.492888e-03	-1.155341e+01
7.220000e-06	-4.305436e-03	-1.160858e+01
7.230000e-06	-1.138019e-02	-1.174495e+01
7.240000e-06	-5.898609e-03	-1.186071e+01
7.250000e-06	-6.295922e-03	-1.201802e+01
7.260000e-06	1.571148e-03	-1.209121e+01
7.270000e-06	-1.698865e-02	-1.215447e+01
7.280000e-06	-1.578472e-03	-1.221813e+01
7.290000e-06	-4.322911e-03	-1.233234e+01
7.300000e-06	1.320841e-03	-1.238707e+01
7.310000e-06	-1.360553e-02	-1.242663e+01
7.320000e-06	-6.199305e-03	-1.250074e+01
7.330000e-06	-3.922418e-03	-1.256497e+01
7.340000e-06	-4.288572e-03	-1.265868e+01
7.350000e-06	-9.965074e-03	-1.267078e+01
7.360000e-06	-8.546421e-03	-1.272237e+01
7.370000e-06	-1.608637e-03	-1.282502e+01
7.380000e-06	-4.647458e-03	-1.283953e+01
7.390000e-06	-8.905798e-03	-1.285106e+01
7.400000e-06	-1.003949e-02	-1.288124e+01
7.410000e-06	-2.161070e-03	-1.289426e+01
7.420000e-06	-4.327266e-03	-1.292487e+01
7.430000e-06	-7.311905e-03	-1.292489e+01
7.440000e-06	-9.910787e-03	-1.293589e+01
7.450000e-06	-4.087821e-03	-1.293592e+01
7.460000e-06	-5.534722e-03	-1.298644e+01
7.470000e-06	-7.867084e-03	-1.293592e+01
7.480000e-06	-8.952538e-03	-1.295487e+01
7.490000e-06	-3.969395e-03	-1.292487e+01
7.500000e-06	-3.749006e-03	-1.292424e+01
7.510000e-06	-6.848899e-03	-1.288382e+01
7.520000e-06	-9.443221e-03	-1.289324e+01
7.530000e-06	-5.799267e-03	-1.285966e+01
7.540000e-06	-4.770848e-03	-1.279658e+01
7.550000e-06	-7.693146e-03	-1.277494e+01
7.560000e-06	-8.356134e-03	-1.271227e+01
7.570000e-06	-5.874242e-03	-1.266869e+01
7.580000e-06	-4.382101e-03	-1.257843e+01
7.590000e-06	-7.192499e-03	-1.253542e+01
7.600000e-06	-8.829861e-03	-1.247224e+01
7.610000e-06	-5.630843e-03	-1.242703e+01
7.620000e-06	-4.968134e-03	-1.232487e+01
7.630000e-06	-6.229512e-03	-1.224961e+01
7.640000e-06	-8.650393e-03	-1.218648e+01
7.650000e-06	-7.039075e-03	-1.210429e+01
7.660000e-06	-4.522423e-03	-1.200651e+01
7.670000e-06	-6.912669e-03	-1.192134e+01
7.680000e-06	-8.129758e-03	-1.177598e+01
7.690000e-06	-6.720135e-03	-1.167074e+01
7.700000e-06	-3.568831e-03	-1.158497e+01
7.710000e-06	-5.712884e-03	-1.149208e+01
7.720000e-06	-8.067460e-03	-1.125134e+01
7.730000e-06	-7.537621e-03	-1.117590e+01
7.740000e-06	-5.387867e-03	-1.106211e+01
7.750000e-06	-4.191538e-03	-1.089337e+01
7.760000e-06	-7.040092e-03	-1.081753e+01
7.770000e-06	-6.899562e-03	-1.068076e+01
7.780000e-06	-4.162591e-03	-1.054643e+01
7.790000e-06	-5.780879e-03	-1.044905e+01
7.800000e-06	-7.542819e-03	-1.025066e+01
7.810000e-06	-6.261124e-03	-1.010227e+01
7.820000e-06	-4.190903e-03	-9.964269e+00
7.830000e-06	-6.495065e-03	-9.829507e+00
7.840000e-06	-6.851362e-03	-9.673608e+00
7.850000e-06	-5.400964e-03	-9.501766e+00
7.860000e-06	-4.795333e-03	-9.302766e+00
7.870000e-06	-5.747302e-03	-9.155450e+00
7.880000e-06	-7.423428e-03	-8.938028e+00
7.890000e-06	-5.522230e-03	-8.810110e+00
7.900000e-06	-4.112357e-03	-8.577604e+00
7.910000e-06	-5.382024e-03	-8.443139e+00
7.920000e-06	-6.938706e-03	-8.272711e+00
7.930000e-06	-5.939510e-03	-8.084768e+00
7.940000e-06	-5.268090e-03	-7.901216e+00
7.950000e-06	-5.942978e-03	-7.693214e+00
7.960000e-06	-6.918038e-03	-7.461582e+00
7.970000e-06	-6.471902e-03	-7.241212e+00
7.980000e-06	-5.103093e-03	-7.063139e+00
7.990000e-06	-5.762444e-03	-6.871110e+00
8.000000e-06	-5.271898e-03	-6.652162e+00
8.010000e-06	-6.027301e-03	-6.473087e+00
8.020000e-06	-4.946866e-03	-6.271087e+00
8.030000e-06	-5.997459e-03	-6.029583e+00
8.040000e-06	-6.203505e-03	-5.800433e+00
8.050000e-06	-6.441836e-03	-5.619980e+00
8.060000e-06	-5.154706e-03	-5.317400e+00
8.070000e-06	-7.455688e-03	-5.124295e+00
8.080000e-06	-4.792481e-03	-4.872656e+00
8.090000e-06	-5.390096e-03	-4.610458e+00
8.100000e-06	-4.197899e-03	-4.420534e+00
8.110000e-06	-6.287354e-03	-4.250958e+00
8.120000e-06	-4.363139e-03	-4.028529e+00
8.130000e-06	-4.746515e-03	-3.779401e+00
8.140000e-06	-5.038474e-03	-3.586292e+00
8.150000e-06	-6.501068e-03	-3.306297e+00
8.160000e-06	-7.272503e-03	-3.094213e+00
8.170000e-06	-5.389574e-03	-2.811536e+00
8.180000e-06	-4.444433e-03	-2.589459e+00
8.190000e-06	-5.315448e-03	-2.378981e+00
8.200000e-06	-3.253385e-03	-2.095799e+00
8.210000e-06	-3.676715e-03	-1.895142e+00
8.220000e-06	-4.786768e-03	-1.673689e+00
8.230000e-06	-6.387516e-03	-1.454132e+00
8.240000e-06	-6.065998e-03	-1.169298e+00
8.250000e-06	-4.447664e-03	-8.752695e-01
8.260000e-06	-4.766036e-03	-6.836394e-01
8.270000e-06	-3.430931e-03	-4.009539e-01
8.280000e-06	-2.994848e-03	-1.390285e-01
8.290000e-06	4.007968e-03	2.007244e-02
8.300000e-06	2.984143e-03	3.047356e-01
8.310000e-06	-1.279814e-03	4.837330e-01
8.320000e-06	-9.458416e-04	7.173119e-01
8.330000e-06	-1.667013e-03	9.439143e-01
8.340000e-06	-1.670302e-05	1.218045e+00
8.350000e-06	-4.825623e-04	1.430573e+00
8.360000e-06	1.006828e-02	1.672708e+00
8.370000e-06	4.929540e-02	1.904311e+00
8.380000e-06	5.657528e-02	2.187518e+00
8.390000e-06	-6.473599e-02	2.469552e+00
8.400000e-06	-4.249442e-02	2.746306e+00
8.410000e-06	-2.792572e-02	2.924761e+00
8.420000e-06	-3.444965e-02	3.094281e+00
8.430000e-06	-3.021898e-02	3.210550e+00
8.440000e-06	1.146601e-01	3.511254e+00
8.450000e-06	-9.890808e-02	3.712757e+00
8.460000e-06	7.831211e-02	3.851155e+00
8.470000e-06	5.601390e-02	4.164908e+00
8.480000e-06	-9.014847e-02	4.420496e+00
8.490000e-06	5.576946e-02	4.557068e+00
8.500000e-06	-6.729345e-02	4.891226e+00
8.510000e-06	2.586075e-02	5.131287e+00
8.520000e-06	3.093884e-02	5.365468e+00
8.530000e-06	-2.714459e-02	5.598023e+00
8.540000e-06	3.121896e-02	5.786624e+00
8.550000e-06	-1.376794e-02	6.049554e+00
8.560000e-06	-1.824120e-02	6.290127e+00
8.570000e-06	4.023242e-03	6.480100e+00
8.580000e-06	-6.380147e-03	6.681129e+00
8.590000e-06	3.006836e-02	6.872231e+00
8.600000e-06	-3.198145e-02	7.102262e+00
8.610000e-06	4.746636e-02	7.251707e+00
8.620000e-06	-2.760105e-02	7.500760e+00
8.630000e-06	-1.266724e-02	7.733260e+00
8.640000e-06	1.693535e-02	7.975364e+00
8.650000e-06	-1.737181e-02	8.135413e+00
8.660000e-06	2.594567e-02	8.353414e+00
8.670000e-06	-1.436846e-02	8.503231e+00
8.680000e-06	1.647853e-02	8.662104e+00
8.690000e-06	-1.500007e-02	8.848075e+00
8.700000e-06	5.452244e-03	9.036978e+00
8.710000e-06	-4.797569e-03	9.176469e+00
8.720000e-06	-6.545520e-03	9.345991e+00
8.730000e-06	1.171029e-02	9.501337e+00
8.740000e-06	-5.922303e-04	9.689505e+00
8.750000e-06	7.032617e-03	9.839727e+00
8.760000e-06	-6.622871e-03	9.976970e+00
8.770000e-06	1.562535e-03	1.016586e+01
8.780000e-06	-2.966292e-03	1.026076e+01
8.790000e-06	-2.968480e-04	1.041055e+01
8.800000e-06	-4.148412e-04	1.054500e+01
8.810000e-06	1.682483e-03	1.075376e+01
8.820000e-06	5.245481e-03	1.086010e+01
8.830000e-06	1.508741e-03	1.095589e+01
8.840000e-06	-7.170999e-04	1.111219e+01
8.850000e-06	-2.744007e-03	1.121905e+01
8.860000e-06	-2.283681e-05	1.139386e+01
8.870000e-06	-4.412497e-04	1.144770e+01
8.880000e-06	3.907037e-04	1.160300e+01
8.890000e-06	8.242540e-04	1.171279e+01
8.900000e-06	2.578840e-03	1.179708e+01
8.910000e-06	1.333149e-03	1.190178e+01
8.920000e-06	-7.861263e-04	1.200450e+01
8.930000e-06	5.162221e-04	1.209115e+01
8.940000e-06	7.709264e-04	1.215594e+01
8.950000e-06	2.431164e-03	1.221863e+01
8.960000e-06	5.359740e-04	1.232229e+01
8.970000e-06	7.533852e-05	1.241695e+01
8.980000e-06	-7.480018e-04	1.248160e+01
8.990000e-06	9.967036e-04	1.251431e+01
9.000000e-06	-4.249487e-04	1.256547e+01
9.010000e-06	-1.957415e-04	1.259852e+01
9.020000e-06	1.476894e-03	1.267008e+01
9.030000e-06	2.341154e-03	1.273328e+01
9.040000e-06	1.291223e-03	1.276389e+01
9.050000e-06	-1.181641e-03	1.277639e+01
9.060000e-06	-6.806624e-04	1.278692e+01
9.070000e-06	-4.991366e-04	1.282858e+01
9.080000e-06	5.319457e-04	1.284855e+01
9.090000e-06	-7.323029e-04	1.284948e+01
9.100000e-06	1.366432e-03	1.287921e+01
9.110000e-06	1.555254e-03	1.286968e+01
9.120000e-06	1.479806e-03	1.289061e+01
9.130000e-06	-2.036106e-03	1.292965e+01
9.140000e-06	-7.665472e-04	1.285966e+01
9.150000e-06	1.573226e-03	1.284855e+01
9.160000e-06	4.812949e-04	1.281755e+01
9.170000e-06	-1.343027e-03	1.281793e+01
9.180000e-06	-7.374820e-04	1.280540e+01
9.190000e-06	2.430931e-04	1.276579e+01
9.200000e-06	7.775896e-04	1.271519e+01
9.210000e-06	-4.653214e-04	1.268161e+01
9.220000e-06	-1.296888e-04	1.261705e+01
9.230000e-06	1.910331e-03	1.258597e+01
9.240000e-06	8.385848e-04	1.252482e+01
9.250000e-06	-1.625727e-03	1.247064e+01
9.260000e-06	-1.757248e-03	1.245798e+01
9.270000e-06	-5.790996e-04	1.236234e+01
9.280000e-06	-1.804372e-04	1.228913e+01
9.290000e-06	-8.156256e-04	1.216635e+01
9.300000e-06	6.718111e-04	1.216072e+01
9.310000e-06	8.555729e-04	1.199852e+01
9.320000e-06	7.545917e-04	1.190271e+01
9.330000e-06	-2.052996e-03	1.183708e+01
9.340000e-06	-1.927089e-03	1.175329e+01
9.350000e-06	-1.618658e-03	1.163903e+01
9.360000e-06	-5.603810e-04	1.148072e+01
9.370000e-06	-1.493245e-03	1.133583e+01
9.380000e-06	-1.811689e-03	1.124911e+01
9.390000e-06	-1.877767e-03	1.114426e+01
9.400000e-06	-2.403637e-04	1.100852e+01
9.410000e-06	-1.584960e-03	1.090366e+01
9.420000e-06	-1.403152e-03	1.083795e+01
9.430000e-06	-1.487384e-03	1.062058e+01
9.440000e-06	-1.209361e-03	1.051414e+01
9.450000e-06	-1.879067e-03	1.032475e+01
9.460000e-06	-2.078638e-03	1.018800e+01
9.470000e-06	-2.621435e-03	1.006211e+01
9.480000e-06	-1.462908e-03	9.921070e+00
9.490000e-06	-1.865621e-03	9.685796e+00
9.500000e-06	-2.603743e-03	9.585924e+00
9.510000e-06	-2.335511e-03	9.409053e+00
9.520000e-06	-1.717915e-03	9.251163e+00
9.530000e-06	-1.140855e-03	9.111159e+00
9.540000e-06	-2.307356e-03	8.933664e+00
9.550000e-06	-2.480517e-03	8.723721e+00
9.560000e-06	-3.158840e-03	8.557753e+00
9.570000e-06	-2.018999e-03	8.429398e+00
9.580000e-06	-2.851962e-03	8.198384e+00
9.590000e-06	-1.433740e-03	7.997879e+00
9.600000e-06	-2.864914e-03	7.827458e+00
9.610000e-06	-2.285193e-03	7.669007e+00
9.620000e-06	-2.707197e-03	7.388527e+00
9.630000e-06	-1.958963e-03	7.189429e+00
9.640000e-06	-3.573662e-03	7.000930e+00
9.650000e-06	-2.809443e-03	6.819476e+00
9.660000e-06	-2.129444e-03	6.566449e+00
9.670000e-06	-2.943205e-03	6.367326e+00
9.680000e-06	-3.860966e-03	6.205447e+00
9.690000e-06	-3.092980e-03	6.029426e+00
9.700000e-06	-2.973922e-03	5.736880e+00
9.710000e-06	-2.552241e-03	5.536190e+00
9.720000e-06	-2.970234e-03	5.314739e+00
9.730000e-06	-1.567397e-03	5.091483e+00
9.740000e-06	-3.951388e-03	4.758849e+00
9.750000e-06	-3.882280e-03	4.587374e+00
9.760000e-06	-4.107296e-03	4.376824e+00
9.770000e-06	-3.417733e-03	4.065142e+00
9.780000e-06	-4.076638e-03	3.883735e+00
9.790000e-06	-3.153918e-03	3.642559e+00
9.800000e-06	-3.923793e-03	3.462553e+00
9.810000e-06	-2.932460e-03	3.158828e+00
9.820000e-06	-4.841450e-03	2.948321e+00
9.830000e-06	-4.909140e-03	2.777750e+00
9.840000e-06	-5.609618e-03	2.485242e+00
9.850000e-06	-5.281654e-03	2.283559e+00
9.860000e-06	-1.661007e-03	2.031480e+00
9.870000e-06	-4.092764e-03	1.817980e+00
9.880000e-06	-2.473297e-03	1.537248e+00
9.890000e-06	-6.638015e-03	1.296165e+00
9.900000e-06	-4.304618e-03	1.024056e+00
9.910000e-06	-6.982530e-03	7.683760e-01
9.920000e-06	-4.711764e-03	5.578434e-01
9.930000e-06	-4.199746e-03	3.658459e-01
9.940000e-06	-1.755529e-03	3.458446e-02
9.950000e-06	4.597456e-03	-1.569410e-01
9.960000e-06	2.489058e-03	-3.774459e-01
9.970000e-06	-4.674481e-03	-5.775724e-01
9.980000e-06	-5.132882e-03	-8.001777e-01
9.990000e-06	-4.222003e-03	-1.041649e+00
1.000000e-05	-3.056678e-03	-1.242625e+00
1.001000e-05	-2.597948e-03	-1.535411e+00
1.002000e-05	3.052401e-02	-1.695288e+00
1.003000e-05	9.652554e-02	-1.863883e+00
1.004000e-05	-5.636384e-02	-2.158070e+00
1.005000e-05	-3.929712e-02	-2.577040e+00
1.006000e-05	-5.189902e-02	-2.789544e+00
1.007000e-05	-5.881121e-02	-2.999676e+00
1.008000e-05	2.157397e-02	-3.200026e+00
1.009000e-05	1.215453e-01	-3.346012e+00
1.010000e-05	-1.953703e-01	-3.586491e+00
1.011000e-05	1.776280e-01	-3.859573e+00
1.012000e-05	-6.145096e-03	-3.990049e+00
1.013000e-05	-8.441096e-02	-4.271758e+00
1.014000e-05	9.039745e-02	-4.449103e+00
1.015000e-05	-1.746010e-01	-4.753433e+00
1.016000e-05	9.858946e-02	-4.966369e+00
1.017000e-05	3.820708e-02	-5.124513e+00
1.018000e-05	-8.256165e-02	-5.480155e+00
1.019000e-05	1.011452e-01	-5.671205e+00
1.020000e-05	-1.097017e-01	-5.892204e+00
1.021000e-05	5.500683e-02	-6.101780e+00
1.022000e-05	-1.017820e-02	-6.323388e+00
1.023000e-05	-8.086181e-02	-6.555013e+00
1.024000e-05	1.161557e-01	-6.692339e+00
1.025000e-05	-9.209670e-02	-6.915943e+00
1.026000e-05	1.070238e-01	-7.206995e+00
1.027000e-05	-1.099778e-01	-7.376989e+00
1.028000e-05	1.036940e-02	-7.659071e+00
1.029000e-05	4.378469e-02	-7.747015e+00
1.030000e-05	-7.390287e-02	-8.038601e+00
1.031000e-05	7.220589e-02	-8.178100e+00
1.032000e-05	-7.242862e-02	-8.354494e+00
1.033000e-05	7.556342e-02	-8.534989e+00
1.034000e-05	-4.864229e-02	-8.764915e+00
1.035000e-05	-1.097142e-02	-8.933866e+00
1.036000e-05	2.205438e-03	-9.101257e+00
1.037000e-05	-2.140119e-02	-9.268706e+00
1.038000e-05	3.482022e-02	-9.418175e+00
1.039000e-05	-5.036692e-02	-9.587625e+00
1.040000e-05	3.891551e-02	-9.746393e+00
1.041000e-05	-2.582489e-02	-9.872313e+00
1.042000e-05	1.205809e-02	-1.004916e+01
1.043000e-05	-2.997290e-02	-1.020860e+01
1.044000e-05	9.341670e-04	-1.033807e+01
1.045000e-05	6.994909e-03	-1.053384e+01
1.046000e-05	-1.087200e-02	-1.066121e+01
1.047000e-05	-6.945385e-04	-1.077702e+01
1.048000e-05	-1.882747e-02	-1.096036e+01
1.049000e-05	1.504122e-02	-1.098818e+01
1.050000e-05	-2.093405e-02	-1.115539e+01
1.051000e-05	-9.728068e-04	-1.131434e+01
1.052000e-05	-1.684586e-02	-1.140757e+01
1.053000e-05	1.364919e-02	-1.156547e+01
1.054000e-05	-1.015180e-02	-1.163758e+01
1.055000e-05	-7.830569e-03	-1.175505e+01
1.056000e-05	-9.413431e-03	-1.187978e+01
1.057000e-05	-2.708868e-03	-1.203605e+01
1.058000e-05	-3.548816e-03	-1.208224e+01
1.059000e-05	-1.658936e-02	-1.215692e+01
1.060000e-05	-1.988021e-04	-1.223966e+01
1.061000e-05	-1.882597e-03	-1.230389e+01
1.062000e-05	2.057666e-03	-1.239805e+01
1.063000e-05	-1.570365e-02	-1.243963e+01
1.064000e-05	-5.836877e-03	-1.257337e+01
1.065000e-05	-5.088101e-03	-1.260745e+01
1.066000e-05	-5.329312e-03	-1.266878e+01
1.067000e-05	-1.147824e-02	-1.268919e+01
1.068000e-05	-7.559785e-03	-1.271491e+01
1.069000e-05	1.652805e-03	-1.278845e+01
1.070000e-05	-5.521026e-03	-1.281905e+01
1.071000e-05	-9.889727e-03	-1.287121e+01
1.072000e-05	-1.020324e-02	-1.289164e+01
1.073000e-05	-1.958163e-03	-1.291329e+01
1.074000e-05	-5.034728e-03	-1.291384e+01
1.075000e-05	-9.792075e-03	-1.296536e+01
1.076000e-05	-9.007719e-03	-1.294487e+01
1.077000e-05	-2.392144e-03	-1.294542e+01
1.078000e-05	-5.051902e-03	-1.294547e+01
1.079000e-05	-8.712906e-03	-1.291437e+01
1.080000e-05	-9.203117e-03	-1.294536e+01
1.081000e-05	-3.726073e-03	-1.294437e+01
1.082000e-05	-4.781802e-03	-1.289384e+01
1.083000e-05	-8.254957e-03	-1.293176e+01
1.084000e-05	-8.726911e-03	-1.287116e+01
1.085000e-05	-4.015879e-03	-1.285808e+01
1.086000e-05	-3.525403e-03	-1.279552e+01
1.087000e-05	-8.183791e-03	-1.274288e+01
1.088000e-05	-8.623920e-03	-1.269236e+01
1.089000e-05	-5.094865e-03	-1.265808e+01
1.090000e-05	-5.438506e-03	-1.256650e+01
1.091000e-05	-9.280569e-03	-1.250477e+01
1.092000e-05	-8.831360e-03	-1.249061e+01
1.093000e-05	-4.287982e-03	-1.244560e+01
1.094000e-05	-3.514588e-03	-1.232532e+01
1.095000e-05	-5.442687e-03	-1.223806e+01
1.096000e-05	-8.126080e-03	-1.217535e+01
1.097000e-05	-6.514743e-03	-1.210264e+01
1.098000e-05	-5.524554e-03	-1.202600e+01
1.099000e-05	-7.730688e-03	-1.190069e+01
1.100000e-05	-7.033791e-03	-1.176648e+01
1.101000e-05	-5.619136e-03	-1.168211e+01
1.102000e-05	-4.101483e-03	-1.154437e+01
1.103000e-05	-6.204689e-03	-1.143763e+01
1.104000e-05	-6.758664e-03	-1.129074e+01
1.105000e-05	-6.675552e-03	-1.116580e+01
1.106000e-05	-5.359676e-03	-1.103806e+01
1.107000e-05	-6.248872e-03	-1.090271e+01
1.108000e-05	-7.094353e-03	-1.079750e+01
1.109000e-05	-6.679661e-03	-1.067159e+01
1.110000e-05	-5.285699e-03	-1.052482e+01
1.111000e-05	-5.228371e-03	-1.040646e+01
1.112000e-05	-6.995893e-03	-1.021795e+01
1.113000e-05	-7.310430e-03	-1.009218e+01
1.114000e-05	-5.619077e-03	-9.914820e+00
1.115000e-05	-4.756362e-03	-9.746451e+00
1.116000e-05	-6.567550e-03	-9.638586e+00
1.117000e-05	-6.819673e-03	-9.430666e+00
1.118000e-05	-6.098955e-03	-9.304141e+00
1.119000e-05	-5.639849e-03	-9.135367e+00
1.120000e-05	-5.919697e-03	-8.954901e+00
1.121000e-05	-7.388711e-03	-8.828931e+00
1.122000e-05	-5.805701e-03	-8.586454e+00
1.123000e-05	-4.510722e-03	-8.429527e+00
1.124000e-05	-5.807007e-03	-8.221081e+00
1.125000e-05	-6.285435e-03	-8.071615e+00
1.126000e-05	-5.491933e-03	-7.881187e+00
1.127000e-05	-7.469550e-03	-7.680012e+00
1.128000e-05	-5.551164e-03	-7.441585e+00
1.129000e-05	-4.805550e-03	-7.262587e+00
1.130000e-05	-6.654384e-03	-6.991587e+00
1.131000e-05	-7.720338e-03	-6.819008e+00
1.132000e-05	-5.067151e-03	-6.610057e+00
1.133000e-05	-3.917901e-03	-6.440160e+00
1.134000e-05	-5.255843e-03	-6.185953e+00
1.135000e-05	-6.827739e-03	-6.008930e+00
1.136000e-05	-4.416023e-03	-5.757951e+00
1.137000e-05	-4.687017e-03	-5.588451e+00
1.138000e-05	-6.060286e-03	-5.326320e+00
1.139000e-05	-9.341005e-03	-5.083212e+00
1.140000e-05	-4.568191e-03	-4.799006e+00
1.141000e-05	-4.635691e-03	-4.548905e+00
1.142000e-05	-4.033958e-03	-4.408450e+00
1.143000e-05	-6.910384e-03	-4.207954e+00
1.144000e-05	-3.516275e-03	-4.008901e+00
1.145000e-05	-4.251007e-03	-3.695768e+00
1.146000e-05	-5.219791e-03	-3.486295e+00
1.147000e-05	-7.866943e-03	-3.284558e+00
1.148000e-05	-5.178164e-03	-3.051532e+00
1.149000e-05	-4.994145e-03	-2.788930e+00
1.150000e-05	-4.115635e-03	-2.557854e+00
1.151000e-05	-5.945913e-03	-2.366175e+00
1.152000e-05	-3.513279e-03	-2.084191e+00
1.153000e-05	-3.045838e-03	-1.874185e+00
1.154000e-05	-4.591489e-03	-1.603085e+00
1.155000e-05	-5.980091e-03	-1.330327e+00
1.156000e-05	-5.251869e-03	-1.085216e+00
1.157000e-05	-3.551740e-03	-8.715578e-01
1.158000e-05	-5.024262e-03	-5.909866e-01
1.159000e-05	-3.281525e-03	-3.693523e-01
1.160000e-05	-3.062662e-03	-1.793661e-01
1.161000e-05	6.478264e-03	4.320757e-02
1.162000e-05	-3.447457e-04	3.464136e-01
1.163000e-05	6.667836e-04	5.264134e-01
1.164000e-05	-2.509985e-03	7.583122e-01
1.165000e-05	7.946297e-04	9.744184e-01
1.166000e-05	-2.292644e-06	1.240500e+00
1.167000e-05	3.233094e-04	1.461180e+00
1.168000e-05	1.498611e-02	1.788361e+00
1.169000e-05	6.226906e-02	1.945894e+00
1.170000e-05	3.139045e-02	2.241648e+00
1.171000e-05	-6.353205e-02	2.522735e+00
1.172000e-05	-4.430383e-02	2.777495e+00
1.173000e-05	-1.882337e-02	2.984941e+00
1.174000e-05	-4.861865e-02	3.083734e+00
1.175000e-05	5.872539e-04	3.261678e+00
1.176000e-05	1.034831e-01	3.555382e+00
1.177000e-05	-1.193782e-01	3.736990e+00
1.178000e-05	1.325633e-01	3.884808e+00
1.179000e-05	-6.198701e-03	4.177044e+00
1.180000e-05	-6.526454e-02	4.439174e+00
1.181000e-05	5.219619e-02	4.670124e+00
1.182000e-05	-7.868026e-02	4.922311e+00
1.183000e-05	5.301089e-02	5.187487e+00
1.184000e-05	9.829994e-03	5.398573e+00
1.185000e-05	-1.831278e-02	5.630128e+00
1.186000e-05	3.155551e-02	5.869234e+00
1.187000e-05	-2.586048e-02	6.063207e+00
1.188000e-05	-4.376810e-03	6.272806e+00
1.189000e-05	-7.439176e-03	6.483706e+00
1.190000e-05	4.995241e-03	6.764787e+00
1.191000e-05	1.879894e-02	6.883888e+00
1.192000e-05	-2.516880e-02	7.175315e+00
1.193000e-05	4.872097e-02	7.331762e+00
1.194000e-05	-4.542725e-02	7.577440e+00
1.195000e-05	7.102661e-03	7.765866e+00
1.196000e-05	6.607595e-03	7.976496e+00
1.197000e-05	-7.261336e-03	8.206519e+00
1.198000e-05	1.952053e-02	8.385964e+00
1.199000e-05	-1.479305e-02	8.512839e+00
1.200000e-05	1.805717e-02	8.700757e+00
1.201000e-05	-2.048474e-02	8.861181e+00
1.202000e-05	1.009473e-02	9.039195e+00
1.203000e-05	-9.087354e-03	9.240100e+00
1.204000e-05	1.545465e-03	9.367996e+00
1.205000e-05	1.107212e-02	9.544839e+00
1.206000e-05	-1.989617e-03	9.722712e+00
1.207000e-05	5.675970e-03	9.890229e+00
1.208000e-05	-8.376737e-03	1.002707e+01
1.209000e-05	3.561562e-03	1.017492e+01
1.210000e-05	-6.471373e-03	1.029332e+01
1.211000e-05	2.843018e-03	1.044018e+01
1.212000e-05	-5.138721e-04	1.058657e+01
1.213000e-05	3.954539e-03	1.076449e+01
1.214000e-05	3.640158e-03	1.089014e+01
1.215000e-05	-9.761406e-04	1.098757e+01
1.216000e-05	-1.119603e-03	1.111336e+01
1.217000e-05	-2.769867e-03	1.122005e+01
1.218000e-05	2.039008e-03	1.135432e+01
1.219000e-05	-1.146071e-03	1.146076e+01
1.220000e-05	1.695394e-03	1.164600e+01
1.221000e-05	8.996491e-07	1.171337e+01
1.222000e-05	3.173722e-03	1.182963e+01
1.223000e-05	-1.310051e-03	1.192283e+01
1.224000e-05	-2.354801e-03	1.200797e+01
1.225000e-05	9.124754e-04	1.212224e+01
1.226000e-05	2.193037e-03	1.219542e+01
1.227000e-05	8.855532e-04	1.225015e+01
1.228000e-05	-1.151498e-04	1.232231e+01
1.229000e-05	2.994134e-03	1.239755e+01
1.230000e-05	2.242112e-04	1.249118e+01
1.231000e-05	-1.815198e-03	1.252384e+01
1.232000e-05	-2.594016e-03	1.255597e+01
1.233000e-05	1.018670e-03	1.262710e+01
1.234000e-05	2.752935e-03	1.263963e+01
1.235000e-05	1.571002e-04	1.271371e+01
1.236000e-05	1.253981e-03	1.275432e+01
1.237000e-05	4.226619e-04	1.277600e+01
1.238000e-05	1.490667e-03	1.279660e+01
1.239000e-05	-2.174205e-03	1.281895e+01
1.240000e-05	4.045065e-05	1.281752e+01
1.241000e-05	3.325908e-04	1.285960e+01
1.242000e-05	1.185903e-03	1.285865e+01
1.243000e-05	-1.453505e-04	1.288023e+01
1.244000e-05	-1.407621e-03	1.287961e+01
1.245000e-05	1.271972e-03	1.287155e+01
1.246000e-05	-1.789600e-03	1.286071e+01
1.247000e-05	2.155901e-03	1.284801e+01
1.248000e-05	-2.846126e-03	1.280713e+01
1.249000e-05	6.255139e-04	1.279645e+01
1.250000e-05	-3.975257e-05	1.277545e+01
1.251000e-05	8.521593e-04	1.271386e+01
1.252000e-05	4.641237e-05	1.270064e+01
1.253000e-05	7.930395e-05	1.263860e+01
1.254000e-05	1.683521e-04	1.261706e+01
1.255000e-05	-2.083716e-03	1.255592e+01
1.256000e-05	-2.191721e-03	1.251327e+01
1.257000e-05	-5.980028e-04	1.248358e+01
1.258000e-05	1.263062e-03	1.242650e+01
1.259000e-05	-7.618346e-06	1.232426e+01
1.260000e-05	-1.506009e-04	1.221956e+01
1.261000e-05	-1.915461e-03	1.219733e+01
1.262000e-05	-7.459784e-06	1.208071e+01
1.263000e-05	-2.630589e-03	1.200650e+01
1.264000e-05	-2.266094e-03	1.192282e+01
1.265000e-05	-1.577041e-03	1.181643e+01
1.266000e-05	-7.023310e-04	1.173419e+01
1.267000e-05	1.357079e-03	1.161598e+01
1.268000e-05	-3.657337e-04	1.151956e+01
1.269000e-05	-1.331555e-04	1.132532e+01
1.270000e-05	-1.946822e-03	1.125756e+01
1.271000e-05	-2.066769e-03	1.112329e+01
1.272000e-05	-2.968260e-03	1.098798e+01
1.273000e-05	-2.511524e-03	1.086056e+01
1.274000e-05	-1.511226e-03	1.075630e+01
1.275000e-05	-4.901935e-04	1.057590e+01
1.276000e-05	1.673674e-04	1.046161e+01
1.277000e-05	-7.517258e-04	1.031372e+01
1.278000e-05	-1.490971e-03	1.014788e+01
1.279000e-05	-1.481429e-03	1.005103e+01
1.280000e-05	-2.713768e-03	9.860538e+00
1.281000e-05	-3.342280e-03	9.712212e+00
1.282000e-05	-2.497797e-03	9.554273e+00
1.283000e-05	-2.537461e-03	9.366924e+00
1.284000e-05	-2.396797e-03	9.242058e+00
1.285000e-05	-5.462686e-04	9.039634e+00
1.286000e-05	-1.274032e-03	8.913111e+00
1.287000e-05	-1.690020e-03	8.715141e+00
1.288000e-05	-2.946350e-03	8.545793e+00
1.289000e-05	-2.247654e-03	8.386320e+00
1.290000e-05	-3.210649e-03	8.168320e+00
1.291000e-05	-2.835727e-03	7.918325e+00
1.292000e-05	-3.376597e-03	7.787480e+00
1.293000e-05	-2.180848e-03	7.587854e+00
1.294000e-05	-1.598017e-03	7.326373e+00
1.295000e-05	-1.754288e-03	7.155842e+00
1.296000e-05	-2.471507e-03	6.985375e+00
1.297000e-05	-3.179600e-03	6.807848e+00
1.298000e-05	-1.908602e-03	6.567874e+00
1.299000e-05	-3.433991e-03	6.325369e+00
1.300000e-05	-3.471872e-03	6.156795e+00
1.301000e-05	-3.922591e-03	6.006873e+00
1.302000e-05	-2.815848e-03	5.685315e+00
1.303000e-05	-3.592297e-03	5.484136e+00
1.304000e-05	-2.333259e-03	5.281634e+00
1.305000e-05	-2.619626e-03	4.957850e+00
1.306000e-05	-2.321773e-03	4.685820e+00
1.307000e-05	-3.986185e-03	4.526317e+00
1.308000e-05	-4.114549e-03	4.326790e+00
1.309000e-05	-4.649296e-03	4.013988e+00
1.310000e-05	-3.643987e-03	3.842009e+00
1.311000e-05	-4.621680e-03	3.599458e+00
1.312000e-05	-4.588101e-03	3.410952e+00
1.313000e-05	-4.082443e-03	3.155296e+00
1.314000e-05	-3.787556e-03	2.917288e+00
1.315000e-05	-3.596065e-03	2.777617e+00
1.316000e-05	-4.297935e-03	2.462584e+00
1.317000e-05	-3.822110e-03	2.200460e+00
1.318000e-05	-4.768793e-03	2.018929e+00
1.319000e-05	-4.865011e-03	1.756300e+00
1.320000e-05	-5.333425e-03	1.504616e+00
1.321000e-05	-4.647117e-03	1.264612e+00
1.322000e-05	-4.823746e-03	9.799000e-01
1.323000e-05	-4.232465e-03	7.163173e-01
1.324000e-05	-4.514490e-03	5.151631e-01
1.325000e-05	-3.391602e-03	2.556372e-01
1.326000e-05	-4.079713e-03	2.140250e-02
1.327000e-05	4.695706e-03	-1.905474e-01
1.328000e-05	-1.478982e-03	-3.809949e-01
1.329000e-05	-6.819955e-04	-6.611776e-01
1.330000e-05	-5.167194e-03	-8.621790e-01
1.331000e-05	-2.450389e-03	-1.094281e+00
1.332000e-05	-3.523550e-03	-1.302834e+00
1.333000e-05	-7.379762e-04	-1.567392e+00
1.334000e-05	4.575586e-02	-1.736361e+00
1.335000e-05	7.970900e-02	-1.966940e+00
1.336000e-05	-7.114936e-02	-2.272776e+00
1.337000e-05	-3.479368e-02	-2.578544e+00
1.338000e-05	-4.950065e-02	-2.822601e+00
1.339000e-05	-6.908527e-02	-3.092787e+00
1.340000e-05	7.576537e-02	-3.240154e+00
1.341000e-05	6.158226e-02	-3.397520e+00
1.342000e-05	-1.729001e-01	-3.641098e+00
1.343000e-05	2.128521e-01	-3.839676e+00
1.344000e-05	-8.584485e-02	-4.051254e+00
1.345000e-05	-1.936245e-02	-4.343887e+00
1.346000e-05	4.660727e-02	-4.461683e+00
1.347000e-05	-1.702560e-01	-4.765996e+00
1.348000e-05	1.443481e-01	-4.956470e+00
1.349000e-05	-2.151692e-02	-5.167594e+00
1.350000e-05	-3.041858e-02	-5.503686e+00
1.351000e-05	7.780122e-02	-5.693736e+00
1.352000e-05	-1.195229e-01	-5.933436e+00
1.353000e-05	9.468511e-02	-6.124387e+00
1.354000e-05	-6.936973e-02	-6.325395e+00
1.355000e-05	-2.410382e-02	-6.578516e+00
1.356000e-05	7.637334e-02	-6.766446e+00
1.357000e-05	-7.171869e-02	-6.979142e+00
1.358000e-05	1.102937e-01	-7.208575e+00
1.359000e-05	-1.403833e-01	-7.408126e+00
1.360000e-05	6.281674e-02	-7.628228e+00
1.361000e-05	-7.906287e-03	-7.819229e+00
1.362000e-05	-3.438306e-02	-8.080256e+00
1.363000e-05	4.871899e-02	-8.209098e+00
1.364000e-05	-6.646195e-02	-8.398548e+00
1.365000e-05	8.093487e-02	-8.548023e+00
1.366000e-05	-7.075784e-02	-8.827616e+00
1.367000e-05	1.988806e-02	-8.988017e+00
1.368000e-05	-2.199280e-02	-9.111837e+00
1.369000e-05	2.847584e-03	-9.311783e+00
1.370000e-05	1.678766e-02	-9.449760e+00
1.371000e-05	-3.886288e-02	-9.658655e+00
1.372000e-05	3.288953e-02	-9.766997e+00
1.373000e-05	-3.173785e-02	-9.944442e+00
1.374000e-05	1.803393e-02	-1.006274e+01
1.375000e-05	-3.494563e-02	-1.022020e+01
1.376000e-05	1.190031e-02	-1.041913e+01
1.377000e-05	-5.596182e-03	-1.053489e+01
1.378000e-05	-1.147085e-03	-1.069126e+01
1.379000e-05	-6.125732e-03	-1.078602e+01
1.380000e-05	-1.115869e-02	-1.092599e+01
1.381000e-05	7.826964e-03	-1.108865e+01
1.382000e-05	-1.794745e-02	-1.119616e+01
1.383000e-05	6.155345e-04	-1.132334e+01
1.384000e-05	-1.631018e-02	-1.140870e+01
1.385000e-05	1.180234e-02	-1.158492e+01
1.386000e-05	-1.451576e-02	-1.165018e+01
1.387000e-05	-2.087782e-03	-1.179710e+01
1.388000e-05	-1.127526e-02	-1.190226e+01
1.389000e-05	-6.067278e-06	-1.206012e+01
1.390000e-05	-7.396823e-03	-1.208326e+01
1.391000e-05	-1.144342e-02	-1.217657e+01
1.392000e-05	-2.078233e-03	-1.228771e+01
1.393000e-05	-5.268508e-03	-1.234437e+01
1.394000e-05	-2.135218e-03	-1.241603e+01
1.395000e-05	-1.475184e-02	-1.248123e+01
1.396000e-05	-3.421859e-03	-1.251229e+01
1.397000e-05	-4.827452e-03	-1.261560e+01
1.398000e-05	-5.008074e-03	-1.264873e+01
1.399000e-05	-1.015295e-02	-1.267181e+01
1.400000e-05	-5.172656e-03	-1.277392e+01
1.401000e-05	-2.186785e-03	-1.280645e+01
1.402000e-05	-7.262527e-03	-1.284818e+01
1.403000e-05	-1.027697e-02	-1.289029e+01
1.404000e-05	-6.522974e-03	-1.289271e+01
1.405000e-05	-3.298102e-03	-1.294431e+01
1.406000e-05	-5.174789e-03	-1.294486e+01
1.407000e-05	-9.381639e-03	-1.290441e+01
1.408000e-05	-6.722336e-03	-1.295542e+01
1.409000e-05	-5.247126e-03	-1.297599e+01
1.410000e-05	-6.458861e-03	-1.293492e+01
1.411000e-05	-8.760058e-03	-1.292642e+01
1.412000e-05	-7.081231e-03	-1.295439e+01
1.413000e-05	-3.362873e-03	-1.292334e+01
1.414000e-05	-5.832780e-03	-1.291424e+01
1.415000e-05	-8.593800e-03	-1.291127e+01
1.416000e-05	-8.272396e-03	-1.286922e+01
1.417000e-05	-4.626993e-03	-1.280902e+01
1.418000e-05	-5.902022e-03	-1.281707e+01
1.419000e-05	-6.946298e-03	-1.270192e+01
1.420000e-05	-7.046216e-03	-1.271076e+01
1.421000e-05	-4.227654e-03	-1.262908e+01
1.422000e-05	-6.203999e-03	-1.256698e+01
1.423000e-05	-9.017838e-03	-1.251484e+01
1.424000e-05	-8.013543e-03	-1.245011e+01
1.425000e-05	-4.504096e-03	-1.236595e+01
1.426000e-05	-4.975409e-03	-1.232279e+01
1.427000e-05	-6.061826e-03	-1.224714e+01
1.428000e-05	-6.576898e-03	-1.214587e+01
1.429000e-05	-5.534438e-03	-1.207218e+01
1.430000e-05	-5.408722e-03	-1.199502e+01
1.431000e-05	-7.599063e-03	-1.184971e+01
1.432000e-05	-6.583190e-03	-1.179590e+01
1.433000e-05	-5.433298e-03	-1.162909e+01
1.434000e-05	-4.870205e-03	-1.153487e+01
1.435000e-05	-7.690465e-03	-1.138593e+01
1.436000e-05	-6.667400e-03	-1.126119e+01
1.437000e-05	-6.248203e-03	-1.110537e+01
1.438000e-05	-5.143584e-03	-1.102701e+01
1.439000e-05	-6.919146e-03	-1.087268e+01
1.440000e-05	-6.053163e-03	-1.077655e+01
1.441000e-05	-5.957431e-03	-1.062013e+01
1.442000e-05	-5.665218e-03	-1.049387e+01
1.443000e-05	-7.451560e-03	-1.038642e+01
1.444000e-05	-7.306620e-03	-1.018548e+01
1.445000e-05	-6.002643e-03	-1.007109e+01
1.446000e-05	-5.452236e-03	-9.913263e+00
1.447000e-05	-6.306811e-03	-9.726397e+00
1.448000e-05	-6.356435e-03	-9.629608e+00
1.449000e-05	-6.192274e-03	-9.480478e+00
1.450000e-05	-5.248033e-03	-9.292160e+00
1.451000e-05	-6.657566e-03	-9.093716e+00
1.452000e-05	-6.667252e-03	-8.935846e+00
1.453000e-05	-6.111292e-03	-8.785450e+00
1.454000e-05	-6.192439e-03	-8.546400e+00
1.455000e-05	-5.817170e-03	-8.407474e+00
1.456000e-05	-6.616492e-03	-8.198553e+00
1.457000e-05	-6.307448e-03	-8.049136e+00
1.458000e-05	-6.749187e-03	-7.790183e+00
1.459000e-05	-5.718775e-03	-7.578076e+00
1.460000e-05	-5.501208e-03	-7.428503e+00
1.461000e-05	-5.823611e-03	-7.199030e+00
1.462000e-05	-7.464897e-03	-6.937928e+00
1.463000e-05	-6.017173e-03	-6.789974e+00
1.464000e-05	-6.198685e-03	-6.588957e+00
1.465000e-05	-7.211865e-03	-6.378503e+00
1.466000e-05	-6.774864e-03	-6.169900e+00
1.467000e-05	-5.035725e-03	-5.964899e+00
1.468000e-05	-3.762747e-03	-5.735845e+00
1.469000e-05	-5.502397e-03	-5.537276e+00
1.470000e-05	-6.968390e-03	-5.252146e+00
1.471000e-05	-6.435068e-03	-5.040508e+00
1.472000e-05	-4.472295e-03	-4.737875e+00
1.473000e-05	-7.135840e-03	-4.545772e+00
1.474000e-05	-5.758284e-03	-4.377349e+00
1.475000e-05	-5.504056e-03	-4.137821e+00
1.476000e-05	-2.117269e-03	-3.926320e+00
1.477000e-05	-5.178400e-03	-3.653185e+00
1.478000e-05	-5.535465e-03	-3.462614e+00
1.479000e-05	-7.013420e-03	-3.230509e+00
1.480000e-05	-4.524597e-03	-3.009850e+00
1.481000e-05	-5.801610e-03	-2.747347e+00
1.482000e-05	-4.417283e-03	-2.527244e+00
1.483000e-05	-5.273440e-03	-2.295270e+00
1.484000e-05	-3.101789e-03	-2.039484e+00
1.485000e-05	-4.826215e-03	-1.813037e+00
1.486000e-05	-6.372893e-03	-1.608984e+00
1.487000e-05	-5.374580e-03	-1.245691e+00
1.488000e-05	-3.624233e-03	-1.052584e+00
1.489000e-05	-4.141700e-03	-8.215090e-01
1.490000e-05	-5.025794e-03	-5.304740e-01
1.491000e-05	-2.966255e-03	-3.072434e-01
1.492000e-05	1.740094e-04	-7.761685e-02
1.493000e-05	6.361190e-03	1.048382e-01
1.494000e-05	-4.032242e-03	4.089687e-01
1.495000e-05	1.818755e-03	5.580461e-01
1.496000e-05	-2.182440e-03	7.894673e-01
1.497000e-05	1.416670e-03	1.021094e+00
1.498000e-05	-1.307837e-03	1.274254e+00
1.499000e-05	1.389522e-03	1.535811e+00
1.500000e-05	2.149601e-02	1.807591e+00
1.501000e-05	7.346726e-02	2.001125e+00
1.502000e-05	-3.145563e-04	2.282257e+00
1.503000e-05	-5.671583e-02	2.546962e+00
1.504000e-05	-4.479643e-02	2.789496e+00
1.505000e-05	-1.309682e-02	3.007499e+00
1.506000e-05	-5.945317e-02	3.125410e+00
1.507000e-05	3.481958e-02	3.304186e+00
1.508000e-05	7.136888e-02	3.587946e+00
1.509000e-05	-1.074936e-01	3.776442e+00
1.510000e-05	1.607577e-01	3.937363e+00
1.511000e-05	-5.772763e-02	4.260655e+00
1.512000e-05	-3.188955e-02	4.481127e+00
1.513000e-05	3.136240e-02	4.671232e+00
1.514000e-05	-7.321713e-02	4.975388e+00
1.515000e-05	6.546360e-02	5.198047e+00
1.516000e-05	-9.292750e-03	5.491707e+00
1.517000e-05	-6.306278e-03	5.661159e+00
1.518000e-05	2.645073e-02	5.863782e+00
1.519000e-05	-3.486744e-02	6.133338e+00
1.520000e-05	7.397894e-03	6.325360e+00
1.521000e-05	-1.567019e-02	6.542341e+00
1.522000e-05	1.824163e-02	6.726444e+00
1.523000e-05	3.502782e-03	6.925890e+00
1.524000e-05	-9.623051e-03	7.136017e+00
1.525000e-05	4.012563e-02	7.352968e+00
1.526000e-05	-5.433154e-02	7.566071e+00
1.527000e-05	1.945849e-02	7.809025e+00
1.528000e-05	-6.645163e-03	8.008099e+00
1.529000e-05	6.276295e-03	8.238000e+00
1.530000e-05	1.237815e-02	8.386497e+00
1.531000e-05	-8.135105e-03	8.555466e+00
1.532000e-05	1.362600e-02	8.743310e+00
1.533000e-05	-1.982082e-02	8.901102e+00
1.534000e-05	1.047058e-02	9.068629e+00
1.535000e-05	-1.459833e-02	9.270632e+00
1.536000e-05	7.020662e-03	9.407997e+00
1.537000e-05	7.935778e-03	9.566389e+00
1.538000e-05	1.113245e-04	9.713315e+00
1.539000e-05	5.269924e-03	9.862783e+00
1.540000e-05	-8.025814e-03	1.007965e+01
1.541000e-05	5.595368e-03	1.017850e+01
1.542000e-05	-6.427107e-03	1.033384e+01
1.543000e-05	3.190717e-03	1.049121e+01
1.544000e-05	-2.296384e-03	1.060752e+01
1.545000e-05	4.758961e-03	1.079687e+01
1.546000e-05	3.423192e-03	1.090024e+01
1.547000e-05	-4.496324e-04	1.103760e+01
1.548000e-05	2.876883e-04	1.115237e+01
1.549000e-05	-1.962130e-03	1.129923e+01
1.550000e-05	3.120158e-03	1.141344e+01
1.551000e-05	-1.620414e-03	1.152181e+01
1.552000e-05	2.093382e-03	1.166156e+01
1.553000e-05	-2.748624e-04	1.174427e+01
1.554000e-05	3.708636e-03	1.186910e+01
1.555000e-05	1.979464e-04	1.194489e+01
1.556000e-05	-1.247532e-03	1.200798e+01
1.557000e-05	1.432559e-03	1.210321e+01
1.558000e-05	1.026185e-03	1.219705e+01
1.559000e-05	2.946801e-03	1.225061e+01
1.560000e-05	7.109975e-04	1.236339e+01
1.561000e-05	1.678680e-03	1.245898e+01
1.562000e-05	-4.993719e-04	1.247369e+01
1.563000e-05	1.971412e-04	1.253434e+01
1.564000e-05	-1.052777e-03	1.257597e+01
1.565000e-05	-2.806621e-05	1.265658e+01
1.566000e-05	2.146873e-03	1.267266e+01
1.567000e-05	9.676634e-04	1.270272e+01
1.568000e-05	1.437529e-03	1.276334e+01
1.569000e-05	-3.357643e-04	1.279702e+01
1.570000e-05	1.132734e-03	1.282645e+01
1.571000e-05	-8.149895e-04	1.283746e+01
1.572000e-05	8.288353e-04	1.284810e+01
1.573000e-05	-3.197567e-04	1.286863e+01
1.574000e-05	-1.179065e-04	1.286758e+01
1.575000e-05	-7.326757e-04	1.288010e+01
1.576000e-05	2.921691e-04	1.286858e+01
1.577000e-05	4.592447e-04	1.287813e+01
1.578000e-05	1.494870e-04	1.287803e+01
1.579000e-05	1.021976e-03	1.281950e+01
1.580000e-05	9.287169e-04	1.280745e+01
1.581000e-05	4.236920e-04	1.277595e+01
1.582000e-05	-2.112834e-03	1.273534e+01
1.583000e-05	-2.633974e-03	1.273431e+01
1.584000e-05	-1.591838e-03	1.273114e+01
1.585000e-05	3.201624e-04	1.264858e+01
1.586000e-05	1.245485e-03	1.259745e+01
1.587000e-05	7.482889e-04	1.257534e+01
1.588000e-05	7.201393e-04	1.253324e+01
1.589000e-05	-6.608329e-04	1.247958e+01
1.590000e-05	-1.412710e-03	1.239545e+01
1.591000e-05	-4.072364e-03	1.229124e+01
1.592000e-05	-1.976786e-03	1.224908e+01
1.593000e-05	-2.962786e-04	1.213475e+01
1.594000e-05	-5.531438e-04	1.207013e+01
1.595000e-05	3.818325e-04	1.197540e+01
1.596000e-05	-4.754842e-04	1.186211e+01
1.597000e-05	-5.855983e-04	1.178547e+01
1.598000e-05	-2.506983e-03	1.168264e+01
1.599000e-05	-1.650783e-03	1.156590e+01
1.600000e-05	-2.245665e-03	1.142796e+01
1.601000e-05	-9.162750e-04	1.131429e+01
1.602000e-05	-1.348457e-03	1.122653e+01
1.603000e-05	-6.056147e-04	1.109364e+01
1.604000e-05	-2.110295e-04	1.096484e+01
1.605000e-05	-2.175832e-03	1.085211e+01
1.606000e-05	-1.085527e-03	1.075534e+01
1.607000e-05	-3.071190e-03	1.057685e+01
1.608000e-05	-1.249268e-03	1.044101e+01
1.609000e-05	-1.914181e-03	1.029266e+01
1.610000e-05	-9.539754e-05	1.014687e+01
1.611000e-05	-1.417925e-03	1.001693e+01
1.612000e-05	-6.246390e-04	9.860008e+00
1.613000e-05	-1.278149e-03	9.670104e+00
1.614000e-05	-2.323560e-03	9.502665e+00
1.615000e-05	-3.299130e-03	9.354819e+00
1.616000e-05	-2.916816e-03	9.230476e+00
1.617000e-05	-2.667139e-03	9.037982e+00
1.618000e-05	-1.630591e-03	8.830612e+00
1.619000e-05	-2.189630e-03	8.651633e+00
1.620000e-05	-9.568738e-04	8.503689e+00
1.621000e-05	1.257032e-03	8.283669e+00
1.622000e-05	-2.431210e-03	8.144196e+00
1.623000e-05	-6.969533e-03	7.954663e+00
1.624000e-05	-3.478465e-03	7.756247e+00
1.625000e-05	-5.906528e-04	7.537371e+00
1.626000e-05	-2.826978e-03	7.314695e+00
1.627000e-05	-5.454595e-03	7.114715e+00
1.628000e-05	-1.682249e-03	6.885670e+00
1.629000e-05	2.448358e-04	6.715641e+00
1.630000e-05	-2.407740e-03	6.462667e+00
1.631000e-05	-7.006234e-03	6.274687e+00
1.632000e-05	-3.302556e-03	6.095692e+00
1.633000e-05	-1.859096e-03	5.895188e+00
1.634000e-05	-4.380427e-03	5.663562e+00
1.635000e-05	-5.825299e-03	5.441611e+00
1.636000e-05	-3.184256e-03	5.240279e+00
1.637000e-05	-1.641513e-03	4.947722e+00
1.638000e-05	-2.939627e-03	4.683112e+00
1.639000e-05	-3.951036e-03	4.482112e+00
1.640000e-05	-4.006600e-03	4.273608e+00
1.641000e-05	-3.490937e-03	4.008959e+00
1.642000e-05	-3.689899e-03	3.799850e+00
1.643000e-05	-4.853818e-03	3.600354e+00
1.644000e-05	-4.728502e-03	3.359196e+00
1.645000e-05	-3.310100e-03	3.104741e+00
1.646000e-05	-4.319201e-03	2.895061e+00
1.647000e-05	-4.137212e-03	2.714062e+00
1.648000e-05	-4.943107e-03	2.389881e+00
1.649000e-05	-4.188200e-03	2.128325e+00
1.650000e-05	-5.125392e-03	1.978323e+00
1.651000e-05	-5.121363e-03	1.665723e+00
1.652000e-05	-5.627453e-03	1.475535e+00
1.653000e-05	-4.571318e-03	1.231481e+00
1.654000e-05	-4.763544e-03	9.573245e-01
1.655000e-05	-5.474875e-03	6.846119e-01
1.656000e-05	-5.048222e-03	4.536079e-01
1.657000e-05	-3.633719e-03	2.429326e-01
1.658000e-05	-4.014829e-03	-4.110001e-02
1.659000e-05	5.159220e-03	-2.421290e-01
1.660000e-05	-3.766343e-03	-4.105738e-01
1.661000e-05	5.894400e-04	-6.933591e-01
1.662000e-05	-6.439715e-03	-9.048331e-01
1.663000e-05	-1.615741e-03	-1.143811e+00
1.664000e-05	-3.561525e-03	-1.347939e+00
1.665000e-05	2.266892e-03	-1.608995e+00
1.666000e-05	6.223033e-02	-1.778043e+00
1.667000e-05	5.178289e-02	-1.999024e+00
1.668000e-05	-7.163254e-02	-2.336484e+00
1.669000e-05	-3.778778e-02	-2.641203e+00
1.670000e-05	-4.786487e-02	-2.882730e+00
1.671000e-05	-7.319848e-02	-3.133390e+00
1.672000e-05	1.255619e-01	-3.233155e+00
1.673000e-05	-1.355745e-02	-3.378674e+00
1.674000e-05	-1.105630e-01	-3.692229e+00
1.675000e-05	2.109983e-01	-3.873353e+00
1.676000e-05	-1.388737e-01	-4.073884e+00
1.677000e-05	4.317683e-02	-4.357016e+00
1.678000e-05	-1.619365e-02	-4.514314e+00
1.679000e-05	-1.310304e-01	-4.850495e+00
1.680000e-05	1.643201e-01	-5.018023e+00
1.681000e-05	-7.257889e-02	-5.260723e+00
1.682000e-05	2.168863e-02	-5.545442e+00
1.683000e-05	3.565113e-02	-5.714388e+00
1.684000e-05	-1.044303e-01	-5.986019e+00
1.685000e-05	1.091713e-01	-6.156544e+00
1.686000e-05	-1.157221e-01	-6.397600e+00
1.687000e-05	3.888831e-02	-6.619103e+00
1.688000e-05	2.598629e-02	-6.768047e+00
1.689000e-05	-3.225551e-02	-7.046848e+00
1.690000e-05	7.807158e-02	-7.279733e+00
1.691000e-05	-1.435540e-01	-7.470750e+00
1.692000e-05	1.010758e-01	-7.689704e+00
1.693000e-05	-5.553731e-02	-7.899879e+00
1.694000e-05	8.689428e-03	-8.133286e+00
1.695000e-05	1.511353e-02	-8.261202e+00
1.696000e-05	-3.705747e-02	-8.419628e+00
1.697000e-05	6.536493e-02	-8.629202e+00
1.698000e-05	-8.203897e-02	-8.820079e+00
1.699000e-05	3.521107e-02	-8.977043e+00
1.700000e-05	-3.831917e-02	-9.162917e+00
1.701000e-05	2.597204e-02	-9.354814e+00
1.702000e-05	-7.292856e-03	-9.491831e+00
1.703000e-05	-1.987783e-02	-9.699812e+00
1.704000e-05	2.367912e-02	-9.778027e+00
1.705000e-05	-2.869341e-02	-9.985944e+00
1.706000e-05	1.354259e-02	-1.008336e+01
1.707000e-05	-3.689498e-02	-1.026181e+01
1.708000e-05	2.090753e-02	-1.047013e+01
1.709000e-05	-1.390651e-02	-1.057597e+01
1.710000e-05	4.897989e-03	-1.072384e+01
1.711000e-05	-1.599962e-02	-1.077710e+01
1.712000e-05	6.667376e-04	-1.095554e+01
1.713000e-05	5.668891e-04	-1.104131e+01
1.714000e-05	-1.462187e-02	-1.124818e+01
1.715000e-05	-5.389538e-03	-1.134434e+01
1.716000e-05	-1.065528e-02	-1.147128e+01
1.717000e-05	9.223712e-03	-1.162500e+01
1.718000e-05	-1.684464e-02	-1.168178e+01
1.719000e-05	-1.493680e-03	-1.179810e+01
1.720000e-05	-1.133604e-02	-1.190344e+01
1.721000e-05	3.281837e-03	-1.205968e+01
1.722000e-05	-1.204599e-02	-1.212281e+01
1.723000e-05	-7.918895e-03	-1.218750e+01
1.724000e-05	-2.874177e-03	-1.226018e+01
1.725000e-05	-1.858993e-03	-1.237594e+01
1.726000e-05	-6.190846e-03	-1.241705e+01
1.727000e-05	-1.333672e-02	-1.249120e+01
1.728000e-05	-3.023141e-03	-1.253444e+01
1.729000e-05	-5.320913e-03	-1.255518e+01
1.730000e-05	-5.882198e-03	-1.266876e+01
1.731000e-05	-1.015797e-02	-1.275226e+01
1.732000e-05	-3.573472e-03	-1.274394e+01
1.733000e-05	-3.137093e-03	-1.282700e+01
1.734000e-05	-8.041974e-03	-1.286910e+01
1.735000e-05	-1.080878e-02	-1.287161e+01
1.736000e-05	-6.027950e-03	-1.287119e+01
1.737000e-05	-3.592859e-03	-1.294432e+01
1.738000e-05	-5.390904e-03	-1.289387e+01
1.739000e-05	-8.467998e-03	-1.293542e+01
1.740000e-05	-6.347117e-03	-1.294637e+01
1.741000e-05	-4.589998e-03	-1.297640e+01
1.742000e-05	-6.763082e-03	-1.296737e+01
1.743000e-05	-1.061807e-02	-1.293542e+01
1.744000e-05	-6.350539e-03	-1.297487e+01
1.745000e-05	-1.604243e-03	-1.293434e+01
1.746000e-05	-6.162550e-03	-1.290429e+01
1.747000e-05	-8.568929e-03	-1.286174e+01
1.748000e-05	-8.130463e-03	-1.286011e+01
1.749000e-05	-3.272519e-03	-1.284800e+01
1.750000e-05	-6.527359e-03	-1.276243e+01
1.751000e-05	-8.049813e-03	-1.273384e+01
1.752000e-05	-5.650307e-03	-1.266974e+01
1.753000e-05	-3.391518e-03	-1.262821e+01
1.754000e-05	-7.004856e-03	-1.254695e+01
1.755000e-05	-9.778843e-03	-1.251373e+01
1.756000e-05	-5.671121e-03	-1.244858e+01
1.757000e-05	-3.577681e-03	-1.237595e+01
1.758000e-05	-5.576006e-03	-1.226076e+01
1.759000e-05	-8.041212e-03	-1.224653e+01
1.760000e-05	-5.670184e-03	-1.211584e+01
1.761000e-05	-4.103186e-03	-1.206213e+01
1.762000e-05	-6.993942e-03	-1.193445e+01
1.763000e-05	-8.921272e-03	-1.182811e+01
1.764000e-05	-5.702055e-03	-1.175475e+01
1.765000e-05	-4.101617e-03	-1.162806e+01
1.766000e-05	-5.586940e-03	-1.148429e+01
1.767000e-05	-8.381453e-03	-1.134442e+01
1.768000e-05	-5.362329e-03	-1.124958e+01
1.769000e-05	-5.044690e-03	-1.111279e+01
1.770000e-05	-6.722019e-03	-1.096657e+01
1.771000e-05	-7.509122e-03	-1.083266e+01
1.772000e-05	-5.809485e-03	-1.075592e+01
1.773000e-05	-3.981771e-03	-1.057013e+01
1.774000e-05	-6.511468e-03	-1.048321e+01
1.775000e-05	-8.128600e-03	-1.035337e+01
1.776000e-05	-5.953089e-03	-1.017642e+01
1.777000e-05	-4.198704e-03	-1.005960e+01
1.778000e-05	-6.234954e-03	-9.861689e+00
1.779000e-05	-7.522629e-03	-9.695792e+00
1.780000e-05	-6.825608e-03	-9.607949e+00
1.781000e-05	-4.714102e-03	-9.378404e+00
1.782000e-05	-6.503726e-03	-9.250634e+00
1.783000e-05	-7.368364e-03	-9.050639e+00
1.784000e-05	-6.073233e-03	-8.922215e+00
1.785000e-05	-5.472953e-03	-8.713668e+00
1.786000e-05	-5.806753e-03	-8.504295e+00
1.787000e-05	-6.154922e-03	-8.355320e+00
1.788000e-05	-6.121586e-03	-8.168424e+00
1.789000e-05	-4.763313e-03	-7.998459e+00
1.790000e-05	-6.324015e-03	-7.735777e+00
1.791000e-05	-6.635847e-03	-7.558821e+00
1.792000e-05	-6.021474e-03	-7.328423e+00
1.793000e-05	-4.973966e-03	-7.206750e+00
1.794000e-05	-5.903122e-03	-6.926874e+00
1.795000e-05	-6.902996e-03	-6.716820e+00
1.796000e-05	-4.911545e-03	-6.536870e+00
1.797000e-05	-5.872514e-03	-6.397330e+00
1.798000e-05	-5.998541e-03	-6.103871e+00
1.799000e-05	-6.662959e-03	-5.914742e+00
1.800000e-05	-6.759299e-03	-5.673293e+00
1.801000e-05	-4.573397e-03	-5.495141e+00
1.802000e-05	-6.058395e-03	-5.240983e+00
1.803000e-05	-5.972483e-03	-4.969005e+00
1.804000e-05	-4.443252e-03	-4.715193e+00
1.805000e-05	-5.103396e-03	-4.465238e+00
1.806000e-05	-5.277326e-03	-4.305241e+00
1.807000e-05	-6.576092e-03	-4.064738e+00
1.808000e-05	-3.372329e-03	-3.924692e+00
1.809000e-05	-4.813356e-03	-3.651532e+00
1.810000e-05	-4.273297e-03	-3.411632e+00
1.811000e-05	-8.726976e-03	-3.209979e+00
1.812000e-05	-3.897577e-03	-2.936822e+00
1.813000e-05	-4.490793e-03	-2.726268e+00
1.814000e-05	-4.334712e-03	-2.476183e+00
1.815000e-05	-5.619556e-03	-2.242112e+00
1.816000e-05	-3.090853e-03	-1.989426e+00
1.817000e-05	-2.738487e-03	-1.758930e+00
1.818000e-05	-4.994525e-03	-1.587425e+00
1.819000e-05	-6.948723e-03	-1.242582e+00
1.820000e-05	-4.716990e-03	-9.990302e-01
1.821000e-05	-3.007418e-03	-8.188500e-01
1.822000e-05	-4.202670e-03	-5.172170e-01
1.823000e-05	-3.720498e-03	-2.852169e-01
1.824000e-05	5.068830e-04	-6.166135e-02
1.825000e-05	9.196819e-03	1.269959e-01
1.826000e-05	-4.338811e-03	4.005752e-01
1.827000e-05	1.687414e-03	6.115988e-01
1.828000e-05	-3.578373e-03	8.295513e-01
1.829000e-05	2.032743e-03	1.063222e+00
1.830000e-05	-1.062449e-03	1.334885e+00
1.831000e-05	1.690396e-03	1.585464e+00
1.832000e-05	2.707266e-02	1.800053e+00
1.833000e-05	7.952195e-02	2.052202e+00
1.834000e-05	-2.882626e-02	2.347513e+00
1.835000e-05	-4.875594e-02	2.638075e+00
1.836000e-05	-4.336270e-02	2.850580e+00
1.837000e-05	-1.218345e-02	3.028526e+00
1.838000e-05	-6.178795e-02	3.186441e+00
1.839000e-05	6.838574e-02	3.314364e+00
1.840000e-05	1.846849e-02	3.639676e+00
1.841000e-05	-6.782112e-02	3.828520e+00
1.842000e-05	1.580637e-01	4.028649e+00
1.843000e-05	-8.939747e-02	4.333833e+00
1.844000e-05	2.935266e-03	4.494235e+00
1.845000e-05	1.713707e-04	4.757390e+00
1.846000e-05	-5.063069e-02	5.008116e+00
1.847000e-05	6.642737e-02	5.252181e+00
1.848000e-05	-2.402581e-02	5.544311e+00
1.849000e-05	8.551701e-03	5.713209e+00
1.850000e-05	1.803434e-02	5.974919e+00
1.851000e-05	-3.516186e-02	6.145940e+00
1.852000e-05	1.137284e-02	6.345864e+00
1.853000e-05	-1.995151e-02	6.596018e+00
1.854000e-05	2.800836e-02	6.786995e+00
1.855000e-05	-1.218409e-02	7.007997e+00
1.856000e-05	9.118249e-03	7.178947e+00
1.857000e-05	2.227352e-02	7.396571e+00
1.858000e-05	-4.992872e-02	7.638622e+00
1.859000e-05	2.728691e-02	7.868108e+00
1.860000e-05	-1.710845e-02	8.053677e+00
1.861000e-05	1.614520e-02	8.279728e+00
1.862000e-05	2.291766e-03	8.428626e+00
1.863000e-05	1.154294e-03	8.577970e+00
1.864000e-05	5.300204e-03	8.774916e+00
1.865000e-05	-1.506439e-02	8.922786e+00
1.866000e-05	1.040171e-02	9.103386e+00
1.867000e-05	-1.571782e-02	9.273264e+00
1.868000e-05	1.024204e-02	9.439605e+00
1.869000e-05	3.962457e-03	9.606419e+00
1.870000e-05	3.936940e-03	9.784041e+00
1.871000e-05	2.344233e-03	9.933817e+00
1.872000e-05	-6.775374e-03	1.009128e+01
1.873000e-05	3.116488e-03	1.024807e+01
1.874000e-05	-4.825447e-03	1.035542e+01
1.875000e-05	4.164924e-03	1.049178e+01
1.876000e-05	-2.265616e-03	1.067018e+01
1.877000e-05	4.801888e-03	1.083652e+01
1.878000e-05	3.562469e-03	1.091384e+01
1.879000e-05	-1.342882e-03	1.103865e+01
1.880000e-05	-1.282268e-03	1.117537e+01
1.881000e-05	-1.367997e-03	1.130023e+01
1.882000e-05	3.286144e-03	1.140855e+01
1.883000e-05	-1.103935e-03	1.155187e+01
1.884000e-05	1.854265e-03	1.169018e+01
1.885000e-05	1.022656e-03	1.174540e+01
1.886000e-05	2.489360e-03	1.193013e+01
1.887000e-05	-7.548893e-04	1.197491e+01
1.888000e-05	-1.097296e-03	1.205962e+01
1.889000e-05	2.383145e-03	1.213329e+01
1.890000e-05	5.182587e-04	1.221603e+01
1.891000e-05	1.895357e-03	1.227023e+01
1.892000e-05	-1.163642e-03	1.235387e+01
1.893000e-05	1.799346e-03	1.244961e+01
1.894000e-05	-8.918098e-04	1.250071e+01
1.895000e-05	3.665099e-05	1.254529e+01
1.896000e-05	-4.008565e-04	1.257652e+01
1.897000e-05	8.213628e-05	1.262861e+01
1.898000e-05	1.759293e-03	1.268971e+01
1.899000e-05	-1.450198e-04	1.270276e+01
1.900000e-05	7.064314e-04	1.277289e+01
1.901000e-05	-4.566619e-04	1.277647e+01
1.902000e-05	1.194724e-03	1.283653e+01
1.903000e-05	1.036743e-04	1.281853e+01
1.904000e-05	3.824283e-04	1.282860e+01
1.905000e-05	7.525521e-04	1.285905e+01
1.906000e-05	-3.646743e-04	1.285908e+01
1.907000e-05	-3.561749e-05	1.289113e+01
1.908000e-05	-2.103695e-03	1.284068e+01
1.909000e-05	-9.170851e-06	1.285009e+01
1.910000e-05	-3.512189e-04	1.283803e+01
1.911000e-05	1.067197e-03	1.280752e+01
1.912000e-05	4.078812e-05	1.278693e+01
1.913000e-05	-3.200437e-04	1.284740e+01
1.914000e-05	-8.746517e-04	1.275424e+01
1.915000e-05	2.173841e-04	1.274426e+01
1.916000e-05	-1.260499e-03	1.270213e+01
1.917000e-05	-7.207508e-04	1.266908e+01
1.918000e-05	6.410912e-04	1.258698e+01
1.919000e-05	2.749330e-04	1.253582e+01
1.920000e-05	-9.563886e-04	1.249374e+01
1.921000e-05	-1.692921e-03	1.244103e+01
1.922000e-05	-8.349600e-04	1.239587e+01
1.923000e-05	-3.002571e-04	1.231124e+01
1.924000e-05	-9.729449e-04	1.218710e+01
1.925000e-05	-1.113915e-03	1.212629e+01
1.926000e-05	-9.355661e-04	1.208956e+01
1.927000e-05	6.223656e-04	1.196637e+01
1.928000e-05	-2.322861e-03	1.188166e+01
1.929000e-05	-5.611540e-04	1.176587e+01
1.930000e-05	-2.336128e-03	1.168013e+01
1.931000e-05	4.089995e-04	1.154384e+01
1.932000e-05	-1.196926e-03	1.142742e+01
1.933000e-05	-1.242501e-03	1.132363e+01
1.934000e-05	-1.152792e-03	1.121543e+01
1.935000e-05	-5.975024e-04	1.107016e+01
1.936000e-05	-1.489855e-03	1.093585e+01
1.937000e-05	-1.720169e-03	1.085006e+01
1.938000e-05	-1.107807e-03	1.072119e+01
1.939000e-05	-5.978264e-05	1.053527e+01
1.940000e-05	-1.423435e-03	1.040890e+01
1.941000e-05	-1.581516e-03	1.026061e+01
1.942000e-05	-1.247023e-03	1.010477e+01
1.943000e-05	-1.955746e-03	9.965878e+00
1.944000e-05	-2.353395e-03	9.787027e+00
1.945000e-05	-1.705015e-03	9.629977e+00
1.946000e-05	-1.076687e-03	9.462583e+00
1.947000e-05	-1.843100e-03	9.335740e+00
1.948000e-05	-1.906436e-03	9.195900e+00
1.949000e-05	-2.159880e-03	8.997978e+00
1.950000e-05	-8.805774e-04	8.788956e+00
1.951000e-05	-2.401533e-03	8.650007e+00
1.952000e-05	-2.660437e-03	8.463185e+00
1.953000e-05	-2.146528e-03	8.322662e+00
1.954000e-05	-9.516375e-04	8.113591e+00
1.955000e-05	-3.337776e-03	7.873767e+00
1.956000e-05	-3.098863e-03	7.735168e+00
1.957000e-05	-2.619123e-03	7.503138e+00
1.958000e-05	-2.300693e-03	7.281617e+00
1.959000e-05	-2.345180e-03	7.073162e+00
1.960000e-05	-2.937392e-03	6.914141e+00
1.961000e-05	-3.316527e-03	6.682658e+00
1.962000e-05	-2.210167e-03	6.432587e+00
1.963000e-05	-3.063751e-03	6.260634e+00
1.964000e-05	-4.306370e-03	6.082613e+00
1.965000e-05	-3.971462e-03	5.870013e+00
1.966000e-05	-1.617198e-03	5.598510e+00
1.967000e-05	-2.673890e-03	5.429982e+00
1.968000e-05	-4.602034e-03	5.178321e+00
1.969000e-05	-4.357409e-03	4.842566e+00
1.970000e-05	-1.829220e-03	4.662032e+00
1.971000e-05	-3.621847e-03	4.439158e+00
1.972000e-05	-4.555884e-03	4.218380e+00
1.973000e-05	-4.903593e-03	3.979271e+00
1.974000e-05	-3.554138e-03	3.746822e+00
1.975000e-05	-3.926276e-03	3.576721e+00
1.976000e-05	-4.742571e-03	3.305593e+00
1.977000e-05	-4.597513e-03	3.042560e+00
1.978000e-05	-3.977283e-03	2.833583e+00
1.979000e-05	-4.442379e-03	2.650534e+00
1.980000e-05	-5.301389e-03	2.336891e+00
1.981000e-05	-4.852053e-03	2.126267e+00
1.982000e-05	-3.509845e-03	1.926767e+00
1.983000e-05	-4.315516e-03	1.662063e+00
1.984000e-05	-4.886510e-03	1.421432e+00
1.985000e-05	-5.012350e-03	1.198851e+00
1.986000e-05	-4.672352e-03	9.231655e-01
1.987000e-05	-4.747052e-03	6.825355e-01
1.988000e-05	-4.609112e-03	4.324577e-01
1.989000e-05	-3.999412e-03	1.988777e-01
1.990000e-05	-2.261748e-03	-6.320670e-02
1.991000e-05	6.190214e-03	-2.917330e-01
1.992000e-05	-5.436544e-03	-4.737765e-01
1.993000e-05	4.818170e-04	-7.274819e-01
1.994000e-05	-6.509428e-03	-9.353872e-01
1.995000e-05	-6.949407e-04	-1.168466e+00
1.996000e-05	-4.457596e-03	-1.449496e+00
1.997000e-05	7.663859e-03	-1.640726e+00
1.998000e-05	8.061757e-02	-1.808603e+00
1.999000e-05	1.543797e-02	-2.041680e+00
2.000000e-05	-6.257698e-02	-2.416594e+00
2.001000e-05	-3.977805e-02	-2.692811e+00
2.002000e-05	-4.637782e-02	-2.892362e+00
2.003000e-05	-6.546061e-02	-3.188467e+00
2.004000e-05	1.530495e-01	-3.281258e+00
2.005000e-05	-8.930238e-02	-3.472207e+00
2.006000e-05	-1.727556e-02	-3.712862e+00
2.007000e-05	1.711305e-01	-3.937368e+00
2.008000e-05	-1.598568e-01	-4.166568e+00
2.009000e-05	8.925430e-02	-4.377574e+00
2.010000e-05	-8.041199e-02	-4.536490e+00
2.011000e-05	-6.882141e-02	-4.850807e+00
2.012000e-05	1.520417e-01	-5.049657e+00
2.013000e-05	-1.017183e-01	-5.294307e+00
2.014000e-05	7.002488e-02	-5.617542e+00
2.015000e-05	-1.779119e-02	-5.766020e+00
2.016000e-05	-6.618920e-02	-6.028020e+00
2.017000e-05	9.782245e-02	-6.217670e+00
2.018000e-05	-1.349772e-01	-6.419677e+00
2.019000e-05	8.921101e-02	-6.620756e+00
2.020000e-05	-3.000369e-02	-6.809079e+00
2.021000e-05	2.062134e-02	-7.111840e+00
2.022000e-05	2.726871e-02	-7.262783e+00
2.023000e-05	-1.172023e-01	-7.531309e+00
2.024000e-05	1.091507e-01	-7.712733e+00
2.025000e-05	-8.728489e-02	-7.930940e+00
2.026000e-05	4.864948e-02	-8.124389e+00
2.027000e-05	-2.364361e-02	-8.271807e+00
2.028000e-05	1.195455e-03	-8.491235e+00
2.029000e-05	3.539441e-02	-8.659282e+00
2.030000e-05	-7.028547e-02	-8.921158e+00
2.031000e-05	3.737923e-02	-8.988568e+00
2.032000e-05	-4.686773e-02	-9.196497e+00
2.033000e-05	4.187194e-02	-9.365066e+00
2.034000e-05	-2.934957e-02	-9.494985e+00
2.035000e-05	2.895437e-03	-9.722761e+00
2.036000e-05	5.457470e-03	-9.828628e+00
2.037000e-05	-1.750288e-02	-9.987020e+00
2.038000e-05	3.574587e-03	-1.014447e+01
2.039000e-05	-2.954858e-02	-1.031244e+01
2.040000e-05	2.206769e-02	-1.048073e+01
2.041000e-05	-1.979458e-02	-1.057855e+01
2.042000e-05	9.450950e-03	-1.071391e+01
2.043000e-05	-2.121837e-02	-1.085708e+01
2.044000e-05	8.117480e-03	-1.098754e+01
2.045000e-05	-1.054203e-02	-1.107126e+01
2.046000e-05	-6.949045e-03	-1.125118e+01
2.047000e-05	-9.992872e-03	-1.130546e+01
2.048000e-05	-3.886388e-03	-1.147134e+01
2.049000e-05	7.353844e-04	-1.157708e+01
2.050000e-05	-1.383479e-02	-1.174096e+01
2.051000e-05	-2.050023e-03	-1.179910e+01
2.052000e-05	-9.145584e-03	-1.194389e+01
2.053000e-05	4.314606e-03	-1.206071e+01
2.054000e-05	-1.400236e-02	-1.212389e+01
2.055000e-05	-3.997450e-03	-1.221600e+01
2.056000e-05	-7.945175e-03	-1.230021e+01
2.057000e-05	-2.807457e-03	-1.236547e+01
2.058000e-05	-1.018763e-02	-1.240862e+01
2.059000e-05	-7.833410e-03	-1.253326e+01
2.060000e-05	-1.291848e-03	-1.255590e+01
2.061000e-05	-4.556749e-03	-1.259863e+01
2.062000e-05	-6.156342e-03	-1.268078e+01
2.063000e-05	-9.632196e-03	-1.270183e+01
2.064000e-05	-3.862417e-03	-1.277398e+01
2.065000e-05	-5.985991e-03	-1.279655e+01
2.066000e-05	-8.391250e-03	-1.285073e+01
2.067000e-05	-8.153394e-03	-1.288221e+01
2.068000e-05	-2.827688e-03	-1.292429e+01
2.069000e-05	-3.707640e-03	-1.290534e+01
2.070000e-05	-6.172543e-03	-1.292434e+01
2.071000e-05	-8.606199e-03	-1.293487e+01
2.072000e-05	-5.347681e-03	-1.296537e+01
2.073000e-05	-6.783354e-03	-1.295490e+01
2.074000e-05	-8.648342e-03	-1.296494e+01
2.075000e-05	-8.135766e-03	-1.292432e+01
2.076000e-05	-5.221991e-03	-1.292339e+01
2.077000e-05	-3.505139e-03	-1.292379e+01
2.078000e-05	-6.670011e-03	-1.291374e+01
2.079000e-05	-8.325962e-03	-1.287058e+01
2.080000e-05	-6.629353e-03	-1.286113e+01
2.081000e-05	-3.711459e-03	-1.277753e+01
2.082000e-05	-7.931897e-03	-1.280440e+01
2.083000e-05	-7.945873e-03	-1.270289e+01
2.084000e-05	-5.490761e-03	-1.267029e+01
2.085000e-05	-4.152037e-03	-1.263760e+01
2.086000e-05	-7.190757e-03	-1.254535e+01
2.087000e-05	-9.045805e-03	-1.249226e+01
2.088000e-05	-5.710604e-03	-1.242763e+01
2.089000e-05	-4.565925e-03	-1.237545e+01
2.090000e-05	-6.429205e-03	-1.227071e+01
2.091000e-05	-8.790666e-03	-1.219700e+01
2.092000e-05	-5.923118e-03	-1.213631e+01
2.093000e-05	-4.698324e-03	-1.200006e+01
2.094000e-05	-7.230069e-03	-1.190187e+01
2.095000e-05	-7.839187e-03	-1.181053e+01
2.096000e-05	-5.558268e-03	-1.171232e+01
2.097000e-05	-4.043758e-03	-1.162653e+01
2.098000e-05	-6.334015e-03	-1.143071e+01
2.099000e-05	-8.306224e-03	-1.132227e+01
2.100000e-05	-6.026780e-03	-1.118703e+01
2.101000e-05	-5.059636e-03	-1.108071e+01
2.102000e-05	-6.131450e-03	-1.098690e+01
2.103000e-05	-8.043193e-03	-1.086156e+01
2.104000e-05	-5.709536e-03	-1.072329e+01
2.105000e-05	-5.322329e-03	-1.060603e+01
2.106000e-05	-6.232638e-03	-1.047314e+01
2.107000e-05	-8.164656e-03	-1.033324e+01
2.108000e-05	-6.461879e-03	-1.013529e+01
2.109000e-05	-5.958504e-03	-1.001843e+01
2.110000e-05	-5.154485e-03	-9.841633e+00
2.111000e-05	-7.927730e-03	-9.723266e+00
2.112000e-05	-6.395643e-03	-9.525418e+00
2.113000e-05	-6.053273e-03	-9.344921e+00
2.114000e-05	-5.758135e-03	-9.209031e+00
2.115000e-05	-7.882505e-03	-9.040555e+00
2.116000e-05	-6.716889e-03	-8.861609e+00
2.117000e-05	-4.963033e-03	-8.694235e+00
2.118000e-05	-4.795368e-03	-8.514220e+00
2.119000e-05	-6.995788e-03	-8.303294e+00
2.120000e-05	-5.948864e-03	-8.165800e+00
2.121000e-05	-5.150839e-03	-8.006377e+00
2.122000e-05	-5.564499e-03	-7.724770e+00
2.123000e-05	-6.957681e-03	-7.496313e+00
2.124000e-05	-7.101636e-03	-7.315270e+00
2.125000e-05	-5.518011e-03	-7.115795e+00
2.126000e-05	-5.223132e-03	-6.922743e+00
2.127000e-05	-5.706422e-03	-6.673741e+00
2.128000e-05	-6.599322e-03	-6.524237e+00
2.129000e-05	-5.216559e-03	-6.365842e+00
2.130000e-05	-5.358833e-03	-6.073141e+00
2.131000e-05	-5.060267e-03	-5.872686e+00
2.132000e-05	-6.843829e-03	-5.672662e+00
2.133000e-05	-5.230835e-03	-5.443061e+00
2.134000e-05	-5.218357e-03	-5.178381e+00
2.135000e-05	-4.732374e-03	-4.925346e+00
2.136000e-05	-5.993794e-03	-4.652692e+00
2.137000e-05	-5.513747e-03	-4.451661e+00
2.138000e-05	-5.044155e-03	-4.264216e+00
2.139000e-05	-3.302107e-03	-4.033137e+00
2.140000e-05	-4.573217e-03	-3.843061e+00
2.141000e-05	-5.404187e-03	-3.609403e+00
2.142000e-05	-4.529697e-03	-3.349927e+00
2.143000e-05	-6.003625e-03	-3.167272e+00
2.144000e-05	-5.670530e-03	-2.845668e+00
2.145000e-05	-6.130422e-03	-2.663163e+00
2.146000e-05	-4.248066e-03	-2.401184e+00
2.147000e-05	-3.791327e-03	-2.210454e+00
2.148000e-05	-3.527921e-03	-1.967325e+00
2.149000e-05	-5.687277e-03	-1.726770e+00
2.150000e-05	-4.967512e-03	-1.475264e+00
2.151000e-05	-5.227229e-03	-1.189978e+00
2.152000e-05	-4.277365e-03	-9.173774e-01
2.153000e-05	-5.973255e-03	-7.559198e-01
2.154000e-05	-2.711185e-03	-4.741403e-01
2.155000e-05	-2.890914e-03	-2.230855e-01
2.156000e-05	1.190412e-03	-2.955889e-02
2.157000e-05	4.800737e-03	2.496474e-01
2.158000e-05	-3.178168e-03	4.517029e-01
2.159000e-05	2.791144e-03	6.337052e-01
2.160000e-05	-1.747367e-03	8.436293e-01
2.161000e-05	-3.115154e-04	1.146861e+00
2.162000e-05	-1.620179e-04	1.365971e+00
2.163000e-05	5.678613e-03	1.650546e+00
2.164000e-05	3.626615e-02	1.871654e+00
2.165000e-05	7.342282e-02	2.073783e+00
2.166000e-05	-5.074193e-02	2.368469e+00
2.167000e-05	-4.319146e-02	2.630280e+00
2.168000e-05	-3.733049e-02	2.882708e+00
2.169000e-05	-1.957288e-02	3.071126e+00
2.170000e-05	-5.521214e-02	3.198470e+00
2.171000e-05	9.768649e-02	3.376044e+00
2.172000e-05	-3.835100e-02	3.671657e+00
2.173000e-05	-7.550633e-03	3.830153e+00
2.174000e-05	1.237324e-01	4.089753e+00
2.175000e-05	-9.961509e-02	4.357940e+00
2.176000e-05	3.441802e-02	4.545889e+00
2.177000e-05	-3.454635e-02	4.807098e+00
2.178000e-05	-1.946815e-02	5.071675e+00
2.179000e-05	5.717790e-02	5.312858e+00
2.180000e-05	-2.759422e-02	5.556370e+00
2.181000e-05	2.009215e-02	5.733989e+00
2.182000e-05	4.463714e-03	5.987021e+00
2.183000e-05	-3.089114e-02	6.219018e+00
2.184000e-05	1.316039e-02	6.408494e+00
2.185000e-05	-1.848372e-02	6.617525e+00
2.186000e-05	2.999386e-02	6.799575e+00
2.187000e-05	-2.448801e-02	7.059148e+00
2.188000e-05	2.985691e-02	7.220555e+00
2.189000e-05	-1.081795e-04	7.459750e+00
2.190000e-05	-3.959137e-02	7.690762e+00
2.191000e-05	2.851967e-02	7.880754e+00
2.192000e-05	-1.913364e-02	8.132734e+00
2.193000e-05	2.336730e-02	8.291231e+00
2.194000e-05	-7.637708e-03	8.460130e+00
2.195000e-05	9.756286e-03	8.588101e+00
2.196000e-05	-1.572089e-03	8.837994e+00
2.197000e-05	-8.485513e-03	8.975941e+00
2.198000e-05	1.433956e-03	9.155866e+00
2.199000e-05	-1.343720e-02	9.333362e+00
2.200000e-05	1.462610e-02	9.459758e+00
2.201000e-05	4.333540e-03	9.628076e+00
2.202000e-05	4.409331e-03	9.796894e+00
2.203000e-05	-3.407720e-04	9.975365e+00
2.204000e-05	-3.159260e-03	1.012431e+01
2.205000e-05	2.968754e-04	1.021966e+01
2.206000e-05	-6.936343e-03	1.036897e+01
2.207000e-05	8.159686e-04	1.054482e+01
2.208000e-05	2.963431e-03	1.067923e+01
2.209000e-05	7.186258e-03	1.085715e+01
2.210000e-05	3.719267e-03	1.094487e+01
2.211000e-05	-5.047720e-04	1.108018e+01
2.212000e-05	-6.857681e-04	1.120802e+01
2.213000e-05	-2.284101e-03	1.132129e+01
2.214000e-05	-1.588889e-03	1.140598e+01
2.215000e-05	-9.667267e-04	1.154544e+01
2.216000e-05	2.454098e-03	1.169025e+01
2.217000e-05	3.468354e-03	1.177650e+01
2.218000e-05	3.872284e-03	1.191173e+01
2.219000e-05	-1.612071e-03	1.195689e+01
2.220000e-05	-1.222052e-03	1.207961e+01
2.221000e-05	1.271039e-04	1.214579e+01
2.222000e-05	1.436378e-03	1.221755e+01
2.223000e-05	9.262404e-05	1.226124e+01
2.224000e-05	7.874669e-06	1.238687e+01
2.225000e-05	2.104784e-03	1.248063e+01
2.226000e-05	6.690758e-04	1.251219e+01
2.227000e-05	-9.975050e-04	1.256491e+01
2.228000e-05	-8.416068e-04	1.257600e+01
2.229000e-05	1.050254e-03	1.265808e+01
2.230000e-05	2.039077e-03	1.268971e+01
2.231000e-05	-9.196120e-04	1.275386e+01
2.232000e-05	-6.808386e-04	1.276340e+01
2.233000e-05	-3.077091e-04	1.281647e+01
2.234000e-05	1.030094e-03	1.278598e+01
2.235000e-05	4.327283e-06	1.282758e+01
2.236000e-05	-4.744593e-04	1.281865e+01
2.237000e-05	2.063357e-03	1.284953e+01
2.238000e-05	-9.448764e-04	1.285011e+01
2.239000e-05	-2.438601e-03	1.285913e+01
2.240000e-05	-3.128424e-03	1.285958e+01
2.241000e-05	1.294643e-03	1.286009e+01
2.242000e-05	1.101821e-03	1.282802e+01
2.243000e-05	-9.875558e-04	1.284708e+01
2.244000e-05	-7.593606e-04	1.280650e+01
2.245000e-05	1.324738e-03	1.276645e+01
2.246000e-05	-3.493387e-04	1.275437e+01
2.247000e-05	-2.458817e-03	1.271277e+01
2.248000e-05	-1.976559e-03	1.265156e+01
2.249000e-05	2.354649e-04	1.265853e+01
2.250000e-05	4.917914e-04	1.259643e+01
2.251000e-05	-7.197623e-04	1.253534e+01
2.252000e-05	-1.507481e-03	1.249321e+01
2.253000e-05	-2.589805e-04	1.241958e+01
2.254000e-05	7.315351e-06	1.235442e+01
2.255000e-05	-9.535126e-04	1.231168e+01
2.256000e-05	-7.634067e-04	1.222698e+01
2.257000e-05	9.973228e-05	1.208329e+01
2.258000e-05	-1.501307e-03	1.205863e+01
2.259000e-05	-6.021308e-04	1.190549e+01
2.260000e-05	-2.268807e-03	1.189110e+01
2.261000e-05	1.117301e-03	1.180532e+01
2.262000e-05	-1.059169e-03	1.166663e+01
2.263000e-05	5.816895e-04	1.157377e+01
2.264000e-05	-1.865041e-03	1.141588e+01
2.265000e-05	-5.643765e-05	1.128059e+01
2.266000e-05	-2.204690e-03	1.112489e+01
2.267000e-05	-1.948801e-03	1.104060e+01
2.268000e-05	-2.358921e-03	1.094627e+01
2.269000e-05	-9.245833e-04	1.082000e+01
2.270000e-05	-6.848873e-04	1.068266e+01
2.271000e-05	2.264206e-04	1.051477e+01
2.272000e-05	-1.024181e-03	1.038700e+01
2.273000e-05	-8.249562e-04	1.023953e+01
2.274000e-05	-2.260773e-03	1.009312e+01
2.275000e-05	-1.728904e-03	9.972766e+00
2.276000e-05	-3.157705e-03	9.756374e+00
2.277000e-05	-1.554897e-03	9.608552e+00
2.278000e-05	-1.209839e-03	9.430485e+00
2.279000e-05	-1.524385e-03	9.283688e+00
2.280000e-05	-1.440520e-03	9.135343e+00
2.281000e-05	-1.702410e-03	8.946299e+00
2.282000e-05	-5.822013e-04	8.797380e+00
2.283000e-05	-3.155160e-03	8.589027e+00
2.284000e-05	-2.765123e-03	8.442011e+00
2.285000e-05	-3.189177e-03	8.301457e+00
2.286000e-05	-1.901576e-03	8.071060e+00
2.287000e-05	-2.489841e-03	7.841061e+00
2.288000e-05	-2.129803e-03	7.664692e+00
2.289000e-05	-2.295954e-03	7.453008e+00
2.290000e-05	-2.642840e-03	7.261134e+00
2.291000e-05	-3.251504e-03	7.059058e+00
2.292000e-05	-2.562251e-03	6.853510e+00
2.293000e-05	-3.379798e-03	6.631030e+00
2.294000e-05	-2.913532e-03	6.398480e+00
2.295000e-05	-2.795817e-03	6.220509e+00
2.296000e-05	-3.133248e-03	6.021957e+00
2.297000e-05	-3.739006e-03	5.820454e+00
2.298000e-05	-3.558712e-03	5.587427e+00
2.299000e-05	-3.666332e-03	5.388227e+00
