# Temperatura_=_55.77
# Concentracion g/m^3_=_22500.0
# C_Vs_to_Am_M_A/Vsm_=_59384043850.047264
# pendiente_HvsI_1/m_=_3716.3
# ordenada_HvsI_A/m_=_1297.0
# frecuencia_Hz_=_301176.0617840067

Tiempo_(s)	Campo_(V.s)	Magnetizacion_(V.s)	Campo_(kA/m)	Magnetizacion_(A/m)
0.000000e+00	-5.349410e-06	-2.072857e-08	-3.823575e+01	-1.229518e+03
1.000000e-08	-5.347735e-06	-2.071561e-08	-3.822378e+01	-1.229229e+03
2.000000e-08	-5.344133e-06	-2.070322e-08	-3.819804e+01	-1.228849e+03
3.000000e-08	-5.338837e-06	-2.069373e-08	-3.816018e+01	-1.228341e+03
4.000000e-08	-5.331980e-06	-2.068292e-08	-3.811117e+01	-1.227644e+03
5.000000e-08	-5.323520e-06	-2.066988e-08	-3.805070e+01	-1.226699e+03
6.000000e-08	-5.313021e-06	-2.065243e-08	-3.797566e+01	-1.225469e+03
7.000000e-08	-5.300434e-06	-2.063948e-08	-3.788569e+01	-1.223961e+03
8.000000e-08	-5.286033e-06	-2.061426e-08	-3.778276e+01	-1.222228e+03
9.000000e-08	-5.269286e-06	-2.050520e-08	-3.766306e+01	-1.220355e+03
1.000000e-07	-5.250144e-06	-2.046177e-08	-3.752623e+01	-1.218431e+03
1.100000e-07	-5.229112e-06	-2.048584e-08	-3.737590e+01	-1.216522e+03
1.200000e-07	-5.206399e-06	-2.045003e-08	-3.721356e+01	-1.214648e+03
1.300000e-07	-5.182300e-06	-2.049124e-08	-3.704131e+01	-1.212774e+03
1.400000e-07	-5.156980e-06	-2.043117e-08	-3.686033e+01	-1.210816e+03
1.500000e-07	-5.129793e-06	-2.021741e-08	-3.666601e+01	-1.208673e+03
1.600000e-07	-5.100652e-06	-2.033084e-08	-3.645772e+01	-1.206248e+03
1.700000e-07	-5.070115e-06	-2.027359e-08	-3.623945e+01	-1.203485e+03
1.800000e-07	-5.037870e-06	-2.005062e-08	-3.600897e+01	-1.200372e+03
1.900000e-07	-5.003527e-06	-2.014034e-08	-3.576350e+01	-1.196947e+03
2.000000e-07	-4.967481e-06	-2.002089e-08	-3.550585e+01	-1.193277e+03
2.100000e-07	-4.929847e-06	-1.997189e-08	-3.523686e+01	-1.189434e+03
2.200000e-07	-4.890406e-06	-2.000816e-08	-3.495495e+01	-1.185467e+03
2.300000e-07	-4.849254e-06	-1.980642e-08	-3.466081e+01	-1.181395e+03
2.400000e-07	-4.806100e-06	-1.973620e-08	-3.435236e+01	-1.177201e+03
2.500000e-07	-4.761024e-06	-1.973764e-08	-3.403017e+01	-1.172849e+03
2.600000e-07	-4.714311e-06	-1.964911e-08	-3.369629e+01	-1.168300e+03
2.700000e-07	-4.665882e-06	-1.959901e-08	-3.335013e+01	-1.163531e+03
2.800000e-07	-4.615561e-06	-1.947482e-08	-3.299045e+01	-1.158544e+03
2.900000e-07	-4.563122e-06	-1.940812e-08	-3.261563e+01	-1.153364e+03
3.000000e-07	-4.508812e-06	-1.937988e-08	-3.222745e+01	-1.148026e+03
3.100000e-07	-4.452976e-06	-1.925519e-08	-3.182835e+01	-1.142556e+03
3.200000e-07	-4.395639e-06	-1.911897e-08	-3.141852e+01	-1.136963e+03
3.300000e-07	-4.336539e-06	-1.901680e-08	-3.099610e+01	-1.131224e+03
3.400000e-07	-4.275807e-06	-1.899743e-08	-3.056201e+01	-1.125301e+03
3.500000e-07	-4.213737e-06	-1.886723e-08	-3.011835e+01	-1.119144e+03
3.600000e-07	-4.150235e-06	-1.871572e-08	-2.966446e+01	-1.112718e+03
3.700000e-07	-4.085305e-06	-1.862740e-08	-2.920036e+01	-1.106011e+03
3.800000e-07	-4.018698e-06	-1.851397e-08	-2.872428e+01	-1.099040e+03
3.900000e-07	-3.950386e-06	-1.840041e-08	-2.823601e+01	-1.091846e+03
4.000000e-07	-3.880751e-06	-1.824259e-08	-2.773828e+01	-1.084476e+03
4.100000e-07	-3.809889e-06	-1.812000e-08	-2.723179e+01	-1.076966e+03
4.200000e-07	-3.737773e-06	-1.803136e-08	-2.671633e+01	-1.069329e+03
4.300000e-07	-3.664250e-06	-1.790628e-08	-2.619080e+01	-1.061550e+03
4.400000e-07	-3.589156e-06	-1.774305e-08	-2.565406e+01	-1.053593e+03
4.500000e-07	-3.512567e-06	-1.757976e-08	-2.510663e+01	-1.045413e+03
4.600000e-07	-3.434576e-06	-1.746288e-08	-2.454917e+01	-1.036977e+03
4.700000e-07	-3.355205e-06	-1.732935e-08	-2.398185e+01	-1.028271e+03
4.800000e-07	-3.274467e-06	-1.716034e-08	-2.340477e+01	-1.019306e+03
4.900000e-07	-3.192416e-06	-1.699797e-08	-2.281830e+01	-1.010112e+03
5.000000e-07	-3.109247e-06	-1.685108e-08	-2.222383e+01	-1.000725e+03
5.100000e-07	-3.025087e-06	-1.671004e-08	-2.162229e+01	-9.911695e+02
5.200000e-07	-2.940117e-06	-1.653798e-08	-2.101495e+01	-9.814492e+02
5.300000e-07	-2.854341e-06	-1.635262e-08	-2.040185e+01	-9.715470e+02
5.400000e-07	-2.767611e-06	-1.618818e-08	-1.978194e+01	-9.614305e+02
5.500000e-07	-2.679936e-06	-1.602629e-08	-1.915526e+01	-9.510657e+02
5.600000e-07	-2.591332e-06	-1.584287e-08	-1.852196e+01	-9.404302e+02
5.700000e-07	-2.501774e-06	-1.564145e-08	-1.788183e+01	-9.295219e+02
5.800000e-07	-2.411218e-06	-1.546246e-08	-1.723456e+01	-9.183592e+02
5.900000e-07	-2.319605e-06	-1.529068e-08	-1.657974e+01	-9.069729e+02
6.000000e-07	-2.227136e-06	-1.509540e-08	-1.591881e+01	-8.953925e+02
6.100000e-07	-2.134060e-06	-1.488411e-08	-1.525353e+01	-8.836336e+02
6.200000e-07	-2.040264e-06	-1.467803e-08	-1.458311e+01	-8.716901e+02
6.300000e-07	-1.945717e-06	-1.448563e-08	-1.390732e+01	-8.595352e+02
6.400000e-07	-1.850540e-06	-1.427588e-08	-1.322703e+01	-8.471298e+02
6.500000e-07	-1.754737e-06	-1.405000e-08	-1.254226e+01	-8.344371e+02
6.600000e-07	-1.658306e-06	-1.382727e-08	-1.185301e+01	-8.214341e+02
6.700000e-07	-1.561215e-06	-1.361628e-08	-1.115903e+01	-8.081197e+02
6.800000e-07	-1.463457e-06	-1.339482e-08	-1.046029e+01	-7.945126e+02
6.900000e-07	-1.365072e-06	-1.315402e-08	-9.757066e+00	-7.806417e+02
7.000000e-07	-1.266097e-06	-1.291239e-08	-9.049630e+00	-7.665329e+02
7.100000e-07	-1.166616e-06	-1.267635e-08	-8.338573e+00	-7.521955e+02
7.200000e-07	-1.066664e-06	-1.243500e-08	-7.624147e+00	-7.376158e+02
7.300000e-07	-9.663776e-07	-1.217619e-08	-6.907336e+00	-7.227579e+02
7.400000e-07	-8.658331e-07	-1.191544e-08	-6.188679e+00	-7.075740e+02
7.500000e-07	-7.650112e-07	-1.166065e-08	-5.468038e+00	-6.920175e+02
7.600000e-07	-6.639519e-07	-1.140340e-08	-4.745701e+00	-6.760561e+02
7.700000e-07	-5.626963e-07	-1.112982e-08	-4.021961e+00	-6.596784e+02
7.800000e-07	-4.612545e-07	-1.084278e-08	-3.296890e+00	-6.428914e+02
7.900000e-07	-3.596364e-07	-1.055616e-08	-2.570558e+00	-6.257104e+02
8.000000e-07	-2.579065e-07	-1.026508e-08	-1.843427e+00	-6.081418e+02
8.100000e-07	-1.561046e-07	-9.957215e-09	-1.115782e+00	-5.901685e+02
8.200000e-07	-5.427668e-08	-9.637027e-09	-3.879511e-01	-5.717384e+02
8.300000e-07	4.757746e-08	-9.320047e-09	3.400674e-01	-5.527645e+02
8.400000e-07	1.494456e-07	-8.999962e-09	1.068186e+00	-5.331331e+02
8.500000e-07	2.513099e-07	-8.660835e-09	1.796277e+00	-5.127204e+02
8.600000e-07	3.530772e-07	-8.298114e-09	2.523675e+00	-4.914115e+02
8.700000e-07	4.547132e-07	-7.922638e-09	3.250135e+00	-4.691155e+02
8.800000e-07	5.561945e-07	-7.533961e-09	3.975488e+00	-4.457740e+02
8.900000e-07	6.574363e-07	-7.121034e-09	4.699130e+00	-4.213569e+02
9.000000e-07	7.584537e-07	-6.684538e-09	5.421168e+00	-3.958505e+02
9.100000e-07	8.593115e-07	-6.233399e-09	6.142065e+00	-3.692363e+02
9.200000e-07	9.599977e-07	-5.774058e-09	6.861735e+00	-3.414687e+02
9.300000e-07	1.060372e-06	-5.290724e-09	7.579175e+00	-3.124553e+02
9.400000e-07	1.160368e-06	-4.774019e-09	8.293913e+00	-2.820453e+02
9.500000e-07	1.259975e-06	-4.227932e-09	9.005873e+00	-2.500280e+02
9.600000e-07	1.359056e-06	-3.656216e-09	9.714070e+00	-2.161446e+02
9.700000e-07	1.457451e-06	-3.048687e-09	1.041736e+01	-1.801110e+02
9.800000e-07	1.555130e-06	-2.393379e-09	1.111553e+01	-1.416502e+02
9.900000e-07	1.652140e-06	-1.694514e-09	1.180893e+01	-1.005301e+02
1.000000e-06	1.748555e-06	-9.547100e-10	1.249807e+01	-5.660293e+01
1.010000e-06	1.844368e-06	-1.683766e-10	1.318291e+01	-9.840997e+00
1.020000e-06	1.939569e-06	6.716788e-10	1.386338e+01	3.963702e+01
1.030000e-06	2.034171e-06	1.557138e-09	1.453956e+01	9.155247e+01
1.040000e-06	2.128103e-06	2.471207e-09	1.521095e+01	1.454701e+02
1.050000e-06	2.221360e-06	3.404173e-09	1.587752e+01	2.008192e+02
1.060000e-06	2.314009e-06	4.351587e-09	1.653974e+01	2.569311e+02
1.070000e-06	2.405963e-06	5.304663e-09	1.719700e+01	3.130898e+02
1.080000e-06	2.496880e-06	6.242000e-09	1.784684e+01	3.685877e+02
1.090000e-06	2.586597e-06	7.152357e-09	1.848811e+01	4.227798e+02
1.100000e-06	2.675338e-06	8.031613e-09	1.912240e+01	4.751288e+02
1.110000e-06	2.763212e-06	8.877587e-09	1.975049e+01	5.252323e+02
1.120000e-06	2.850144e-06	9.678921e-09	2.037186e+01	5.728325e+02
1.130000e-06	2.936083e-06	1.043016e-08	2.098612e+01	6.178050e+02
1.140000e-06	3.021070e-06	1.113911e-08	2.159358e+01	6.601338e+02
1.150000e-06	3.105159e-06	1.181042e-08	2.219461e+01	6.998771e+02
1.160000e-06	3.188219e-06	1.244059e-08	2.278830e+01	7.371328e+02
1.170000e-06	3.270104e-06	1.302577e-08	2.337358e+01	7.720114e+02
1.180000e-06	3.350776e-06	1.357180e-08	2.395020e+01	8.046185e+02
1.190000e-06	3.430237e-06	1.408272e-08	2.451816e+01	8.350508e+02
1.200000e-06	3.508472e-06	1.455924e-08	2.507736e+01	8.634016e+02
1.210000e-06	3.585483e-06	1.499853e-08	2.562780e+01	8.897705e+02
1.220000e-06	3.661195e-06	1.540747e-08	2.616897e+01	9.142735e+02
1.230000e-06	3.735336e-06	1.579046e-08	2.669890e+01	9.370464e+02
1.240000e-06	3.807921e-06	1.615073e-08	2.721772e+01	9.582408e+02
1.250000e-06	3.879166e-06	1.648406e-08	2.772695e+01	9.780131e+02
1.260000e-06	3.949049e-06	1.679121e-08	2.822645e+01	9.965090e+02
1.270000e-06	4.017648e-06	1.707892e-08	2.871677e+01	1.013850e+03
1.280000e-06	4.084918e-06	1.735156e-08	2.919760e+01	1.030126e+03
1.290000e-06	4.150537e-06	1.760898e-08	2.966662e+01	1.045398e+03
1.300000e-06	4.214594e-06	1.784867e-08	3.012448e+01	1.059701e+03
1.310000e-06	4.277290e-06	1.807463e-08	3.057260e+01	1.073070e+03
1.320000e-06	4.338580e-06	1.828738e-08	3.101068e+01	1.085541e+03
1.330000e-06	4.398564e-06	1.848379e-08	3.143943e+01	1.097173e+03
1.340000e-06	4.456914e-06	1.866289e-08	3.185650e+01	1.108040e+03
1.350000e-06	4.513463e-06	1.883116e-08	3.226069e+01	1.118227e+03
1.360000e-06	4.568422e-06	1.899152e-08	3.265352e+01	1.127817e+03
1.370000e-06	4.621738e-06	1.914344e-08	3.303460e+01	1.136874e+03
1.380000e-06	4.673215e-06	1.928739e-08	3.340254e+01	1.145434e+03
1.390000e-06	4.722608e-06	1.942312e-08	3.375559e+01	1.153506e+03
1.400000e-06	4.770110e-06	1.955142e-08	3.409512e+01	1.161078e+03
1.410000e-06	4.816044e-06	1.967015e-08	3.442344e+01	1.168131e+03
1.420000e-06	4.860498e-06	1.977577e-08	3.474118e+01	1.174659e+03
1.430000e-06	4.903137e-06	1.987221e-08	3.504595e+01	1.180680e+03
1.440000e-06	4.943824e-06	1.996452e-08	3.533676e+01	1.186236e+03
1.450000e-06	4.982792e-06	2.005329e-08	3.561529e+01	1.191390e+03
1.460000e-06	5.020123e-06	2.013627e-08	3.588213e+01	1.196210e+03
1.470000e-06	5.055843e-06	2.021248e-08	3.613744e+01	1.200749e+03
1.480000e-06	5.089600e-06	2.028548e-08	3.637872e+01	1.205036e+03
1.490000e-06	5.121486e-06	2.035465e-08	3.660663e+01	1.209069e+03
1.500000e-06	5.151787e-06	2.041524e-08	3.682321e+01	1.212824e+03
1.510000e-06	5.180429e-06	2.046870e-08	3.702793e+01	1.216267e+03
1.520000e-06	5.207157e-06	2.052018e-08	3.721898e+01	1.219374e+03
1.530000e-06	5.231823e-06	2.056944e-08	3.739528e+01	1.222143e+03
1.540000e-06	5.254633e-06	2.061226e-08	3.755832e+01	1.224598e+03
1.550000e-06	5.275757e-06	2.064890e-08	3.770931e+01	1.226784e+03
1.560000e-06	5.295182e-06	2.068254e-08	3.784815e+01	1.228748e+03
1.570000e-06	5.312644e-06	2.071441e-08	3.797296e+01	1.230528e+03
1.580000e-06	5.328126e-06	2.074123e-08	3.808362e+01	1.232134e+03
1.590000e-06	5.341687e-06	2.076049e-08	3.818055e+01	1.233550e+03
1.600000e-06	5.353115e-06	2.077636e-08	3.826223e+01	1.234740e+03
1.610000e-06	5.362327e-06	2.079331e-08	3.832808e+01	1.235666e+03
1.620000e-06	5.369613e-06	2.080813e-08	3.838015e+01	1.236306e+03
1.630000e-06	5.375186e-06	2.081705e-08	3.841999e+01	1.236665e+03
1.640000e-06	5.379017e-06	2.082160e-08	3.844737e+01	1.236782e+03
1.650000e-06	5.380783e-06	2.081879e-08	3.846000e+01	1.236714e+03
1.660000e-06	5.380557e-06	2.081441e-08	3.845838e+01	1.236518e+03
1.670000e-06	5.378739e-06	2.081191e-08	3.844539e+01	1.236230e+03
1.680000e-06	5.375377e-06	2.079816e-08	3.842135e+01	1.235852e+03
1.690000e-06	5.370194e-06	2.078651e-08	3.838431e+01	1.235348e+03
1.700000e-06	5.363064e-06	2.077840e-08	3.833335e+01	1.234658e+03
1.710000e-06	5.354275e-06	2.076537e-08	3.827053e+01	1.233721e+03
1.720000e-06	5.343909e-06	2.074201e-08	3.819644e+01	1.232500e+03
1.730000e-06	5.331754e-06	2.069522e-08	3.810955e+01	1.231001e+03
1.740000e-06	5.317550e-06	2.072792e-08	3.800803e+01	1.229273e+03
1.750000e-06	5.301284e-06	2.074502e-08	3.789176e+01	1.227402e+03
1.760000e-06	5.282688e-06	2.066152e-08	3.775884e+01	1.225477e+03
1.770000e-06	5.261390e-06	2.060066e-08	3.760662e+01	1.223566e+03
1.780000e-06	5.237937e-06	2.047254e-08	3.743899e+01	1.221689e+03
1.790000e-06	5.213308e-06	2.051938e-08	3.726295e+01	1.219815e+03
1.800000e-06	5.187824e-06	2.070674e-08	3.708079e+01	1.217861e+03
1.810000e-06	5.160676e-06	2.039613e-08	3.688674e+01	1.215724e+03
1.820000e-06	5.131362e-06	2.035654e-08	3.667722e+01	1.213310e+03
1.830000e-06	5.100445e-06	2.059090e-08	3.645624e+01	1.210557e+03
1.840000e-06	5.067732e-06	2.034172e-08	3.622241e+01	1.207455e+03
1.850000e-06	5.033127e-06	2.035240e-08	3.597507e+01	1.204039e+03
1.860000e-06	4.997085e-06	2.033620e-08	3.571746e+01	1.200375e+03
1.870000e-06	4.959058e-06	2.007174e-08	3.544565e+01	1.196535e+03
1.880000e-06	4.919146e-06	2.018365e-08	3.516037e+01	1.192571e+03
1.890000e-06	4.877629e-06	2.009445e-08	3.486362e+01	1.188501e+03
1.900000e-06	4.834419e-06	1.993487e-08	3.455477e+01	1.184311e+03
1.910000e-06	4.789791e-06	1.998178e-08	3.423579e+01	1.179964e+03
1.920000e-06	4.743181e-06	1.977300e-08	3.390264e+01	1.175422e+03
1.930000e-06	4.694529e-06	1.977993e-08	3.355489e+01	1.170659e+03
1.940000e-06	4.644390e-06	1.965520e-08	3.319651e+01	1.165678e+03
1.950000e-06	4.592424e-06	1.943910e-08	3.282508e+01	1.160503e+03
1.960000e-06	4.538442e-06	1.949153e-08	3.243923e+01	1.155168e+03
1.970000e-06	4.482661e-06	1.936779e-08	3.204052e+01	1.149702e+03
1.980000e-06	4.425269e-06	1.932246e-08	3.163031e+01	1.144112e+03
1.990000e-06	4.366512e-06	1.914931e-08	3.121033e+01	1.138378e+03
2.000000e-06	4.306248e-06	1.901328e-08	3.077958e+01	1.132460e+03
2.010000e-06	4.244350e-06	1.903201e-08	3.033716e+01	1.126311e+03
2.020000e-06	4.180815e-06	1.883193e-08	2.988304e+01	1.119894e+03
2.030000e-06	4.115825e-06	1.875136e-08	2.941851e+01	1.113195e+03
2.040000e-06	4.049462e-06	1.860884e-08	2.894417e+01	1.106232e+03
2.050000e-06	3.981596e-06	1.850829e-08	2.845908e+01	1.099044e+03
2.060000e-06	3.912223e-06	1.844127e-08	2.796323e+01	1.091677e+03
2.070000e-06	3.841272e-06	1.822009e-08	2.745610e+01	1.084171e+03
2.080000e-06	3.769011e-06	1.813628e-08	2.693960e+01	1.076537e+03
2.090000e-06	3.695456e-06	1.799425e-08	2.641386e+01	1.068763e+03
2.100000e-06	3.620403e-06	1.788123e-08	2.587740e+01	1.060811e+03
2.110000e-06	3.543824e-06	1.772010e-08	2.533004e+01	1.052639e+03
2.120000e-06	3.465682e-06	1.754579e-08	2.477151e+01	1.044211e+03
2.130000e-06	3.386235e-06	1.746633e-08	2.420365e+01	1.035512e+03
2.140000e-06	3.305623e-06	1.730227e-08	2.362746e+01	1.026555e+03
2.150000e-06	3.223972e-06	1.715338e-08	2.304385e+01	1.017368e+03
2.160000e-06	3.141337e-06	1.694979e-08	2.245320e+01	1.007986e+03
2.170000e-06	3.057645e-06	1.680693e-08	2.185500e+01	9.984345e+02
2.180000e-06	2.972848e-06	1.667230e-08	2.124890e+01	9.887188e+02
2.190000e-06	2.886723e-06	1.647840e-08	2.063331e+01	9.788223e+02
2.200000e-06	2.799427e-06	1.630197e-08	2.000935e+01	9.687127e+02
2.210000e-06	2.711287e-06	1.612482e-08	1.937935e+01	9.583559e+02
2.220000e-06	2.622305e-06	1.598234e-08	1.874334e+01	9.477288e+02
2.230000e-06	2.532480e-06	1.577752e-08	1.810130e+01	9.368287e+02
2.240000e-06	2.441859e-06	1.556853e-08	1.745357e+01	9.256732e+02
2.250000e-06	2.350425e-06	1.538492e-08	1.680003e+01	9.142929e+02
2.260000e-06	2.258196e-06	1.520903e-08	1.614081e+01	9.027177e+02
2.270000e-06	2.165195e-06	1.501222e-08	1.547607e+01	8.909638e+02
2.280000e-06	2.071314e-06	1.478133e-08	1.480505e+01	8.790259e+02
2.290000e-06	1.976544e-06	1.457979e-08	1.412766e+01	8.668777e+02
2.300000e-06	1.880996e-06	1.438933e-08	1.344472e+01	8.544807e+02
2.310000e-06	1.784857e-06	1.418083e-08	1.275755e+01	8.417973e+02
2.320000e-06	1.688187e-06	1.394429e-08	1.206658e+01	8.288042e+02
2.330000e-06	1.590940e-06	1.371942e-08	1.137149e+01	8.154994e+02
2.340000e-06	1.493147e-06	1.350615e-08	1.067250e+01	8.019008e+02
2.350000e-06	1.394826e-06	1.327397e-08	9.969743e+00	7.880375e+02
2.360000e-06	1.296091e-06	1.301839e-08	9.264012e+00	7.739355e+02
2.370000e-06	1.197015e-06	1.276795e-08	8.555853e+00	7.596050e+02
2.380000e-06	1.097553e-06	1.253700e-08	7.844934e+00	7.450330e+02
2.390000e-06	9.977104e-07	1.229440e-08	7.131292e+00	7.301845e+02
2.400000e-06	8.974979e-07	1.202835e-08	6.415008e+00	7.150118e+02
2.410000e-06	7.969420e-07	1.175619e-08	5.696269e+00	6.994679e+02
2.420000e-06	6.961145e-07	1.149595e-08	4.975589e+00	6.835199e+02
2.430000e-06	5.950172e-07	1.122657e-08	4.252979e+00	6.671556e+02
2.440000e-06	4.937059e-07	1.093259e-08	3.528841e+00	6.503816e+02
2.450000e-06	3.922209e-07	1.062967e-08	2.803461e+00	6.332130e+02
2.460000e-06	2.905292e-07	1.034121e-08	2.076603e+00	6.156571e+02
2.470000e-06	1.886573e-07	1.005113e-08	1.348458e+00	5.976975e+02
2.480000e-06	8.670960e-08	9.735914e-09	6.197705e-01	5.792837e+02
2.490000e-06	-1.524261e-08	9.405119e-09	-1.089490e-01	5.603297e+02
2.500000e-06	-1.171889e-07	9.076411e-09	-8.376262e-01	5.407225e+02
2.510000e-06	-2.190922e-07	8.746232e-09	-1.565996e+00	5.203384e+02
2.520000e-06	-3.208068e-07	8.384069e-09	-2.293017e+00	4.990618e+02
2.530000e-06	-4.223159e-07	7.997593e-09	-3.018570e+00	4.768010e+02
2.540000e-06	-5.236930e-07	7.605276e-09	-3.743178e+00	4.534960e+02
2.550000e-06	-6.248557e-07	7.203711e-09	-4.466255e+00	4.291163e+02
2.560000e-06	-7.256803e-07	6.774732e-09	-5.186914e+00	4.036477e+02
2.570000e-06	-8.261700e-07	6.315175e-09	-5.905181e+00	3.770722e+02
2.580000e-06	-9.263594e-07	5.848092e-09	-6.621300e+00	3.493456e+02
2.590000e-06	-1.026217e-06	5.370890e-09	-7.335052e+00	3.203777e+02
2.600000e-06	-1.125693e-06	4.865267e-09	-8.046072e+00	2.900194e+02
2.610000e-06	-1.224713e-06	4.323953e-09	-8.753829e+00	2.580624e+02
2.620000e-06	-1.323302e-06	3.753728e-09	-9.458508e+00	2.242491e+02
2.630000e-06	-1.421501e-06	3.158111e-09	-1.016040e+01	1.882958e+02
2.640000e-06	-1.519240e-06	2.518070e-09	-1.085901e+01	1.499247e+02
2.650000e-06	-1.616466e-06	1.822761e-09	-1.155395e+01	1.089013e+02
2.660000e-06	-1.713166e-06	1.083330e-09	-1.224513e+01	6.507436e+01
2.670000e-06	-1.809316e-06	3.074679e-10	-1.293237e+01	1.841117e+01
2.680000e-06	-1.904971e-06	-5.123374e-10	-1.361608e+01	-3.097505e+01
2.690000e-06	-2.000076e-06	-1.382902e-09	-1.429586e+01	-8.281143e+01
2.700000e-06	-2.094384e-06	-2.288987e-09	-1.496994e+01	-1.366680e+02
2.710000e-06	-2.187749e-06	-3.213404e-09	-1.563728e+01	-1.919784e+02
2.720000e-06	-2.280206e-06	-4.149635e-09	-1.629814e+01	-2.480767e+02
2.730000e-06	-2.371813e-06	-5.096535e-09	-1.695291e+01	-3.042475e+02
2.740000e-06	-2.462553e-06	-6.037955e-09	-1.760149e+01	-3.597820e+02
2.750000e-06	-2.552424e-06	-6.950508e-09	-1.824385e+01	-4.140321e+02
2.760000e-06	-2.641364e-06	-7.827180e-09	-1.887957e+01	-4.664561e+02
2.770000e-06	-2.729412e-06	-8.673827e-09	-1.950890e+01	-5.166465e+02
2.780000e-06	-2.816664e-06	-9.485740e-09	-2.013255e+01	-5.643403e+02
2.790000e-06	-2.902925e-06	-1.024550e-08	-2.074912e+01	-6.094089e+02
2.800000e-06	-2.987942e-06	-1.095461e-08	-2.135679e+01	-6.518328e+02
2.810000e-06	-3.071761e-06	-1.162601e-08	-2.195590e+01	-6.916682e+02
2.820000e-06	-3.154555e-06	-1.226364e-08	-2.254768e+01	-7.290123e+02
2.830000e-06	-3.236341e-06	-1.285666e-08	-2.313226e+01	-7.639753e+02
2.840000e-06	-3.317040e-06	-1.340219e-08	-2.370907e+01	-7.966631e+02
2.850000e-06	-3.396712e-06	-1.391584e-08	-2.427853e+01	-8.271730e+02
2.860000e-06	-3.475242e-06	-1.440227e-08	-2.483984e+01	-8.555978e+02
2.870000e-06	-3.552171e-06	-1.485103e-08	-2.538970e+01	-8.820370e+02
2.880000e-06	-3.627466e-06	-1.525902e-08	-2.592789e+01	-9.066057e+02
2.890000e-06	-3.701379e-06	-1.564022e-08	-2.645619e+01	-9.294392e+02
2.900000e-06	-3.774004e-06	-1.600586e-08	-2.697529e+01	-9.506888e+02
2.910000e-06	-3.845447e-06	-1.634681e-08	-2.748594e+01	-9.705106e+02
2.920000e-06	-3.915518e-06	-1.665797e-08	-2.798678e+01	-9.890511e+02
2.930000e-06	-3.983926e-06	-1.694839e-08	-2.847574e+01	-1.006433e+03
2.940000e-06	-4.050903e-06	-1.722719e-08	-2.895447e+01	-1.022748e+03
2.950000e-06	-4.116588e-06	-1.749002e-08	-2.942397e+01	-1.038055e+03
2.960000e-06	-4.180830e-06	-1.772734e-08	-2.988314e+01	-1.052395e+03
2.970000e-06	-4.243692e-06	-1.794692e-08	-3.033246e+01	-1.065797e+03
2.980000e-06	-4.304935e-06	-1.815945e-08	-3.077020e+01	-1.078301e+03
2.990000e-06	-4.364450e-06	-1.836117e-08	-3.119559e+01	-1.089963e+03
3.000000e-06	-4.422508e-06	-1.854443e-08	-3.161058e+01	-1.100857e+03
3.010000e-06	-4.479110e-06	-1.871355e-08	-3.201514e+01	-1.111068e+03
3.020000e-06	-4.534160e-06	-1.887802e-08	-3.240863e+01	-1.120680e+03
3.030000e-06	-4.587299e-06	-1.903561e-08	-3.278844e+01	-1.129756e+03
3.040000e-06	-4.638523e-06	-1.917951e-08	-3.315458e+01	-1.138335e+03
3.050000e-06	-4.688065e-06	-1.931179e-08	-3.350868e+01	-1.146426e+03
3.060000e-06	-4.735586e-06	-1.944192e-08	-3.384835e+01	-1.154018e+03
3.070000e-06	-4.781215e-06	-1.956573e-08	-3.417449e+01	-1.161091e+03
3.080000e-06	-4.825303e-06	-1.967405e-08	-3.448962e+01	-1.167639e+03
3.090000e-06	-4.867843e-06	-1.977173e-08	-3.479368e+01	-1.173679e+03
3.100000e-06	-4.908894e-06	-1.986615e-08	-3.508709e+01	-1.179252e+03
3.110000e-06	-4.948437e-06	-1.996033e-08	-3.536973e+01	-1.184421e+03
3.120000e-06	-4.986169e-06	-2.004503e-08	-3.563943e+01	-1.189253e+03
3.130000e-06	-5.021939e-06	-2.011772e-08	-3.589510e+01	-1.193803e+03
3.140000e-06	-5.055930e-06	-2.018748e-08	-3.613806e+01	-1.198100e+03
3.150000e-06	-5.088222e-06	-2.025848e-08	-3.636887e+01	-1.202144e+03
3.160000e-06	-5.118709e-06	-2.032278e-08	-3.658678e+01	-1.205910e+03
3.170000e-06	-5.147184e-06	-2.037799e-08	-3.679031e+01	-1.209366e+03
3.180000e-06	-5.173866e-06	-2.042697e-08	-3.698103e+01	-1.212486e+03
3.190000e-06	-5.198878e-06	-2.047563e-08	-3.715980e+01	-1.215269e+03
3.200000e-06	-5.222058e-06	-2.052141e-08	-3.732548e+01	-1.217736e+03
3.210000e-06	-5.243205e-06	-2.055901e-08	-3.747664e+01	-1.219932e+03
3.220000e-06	-5.262460e-06	-2.059293e-08	-3.761427e+01	-1.221905e+03
3.230000e-06	-5.280086e-06	-2.062411e-08	-3.774025e+01	-1.223692e+03
3.240000e-06	-5.295907e-06	-2.065170e-08	-3.785333e+01	-1.225306e+03
3.250000e-06	-5.309520e-06	-2.067202e-08	-3.795063e+01	-1.226731e+03
3.260000e-06	-5.320940e-06	-2.068812e-08	-3.803226e+01	-1.227931e+03
3.270000e-06	-5.330509e-06	-2.070354e-08	-3.810065e+01	-1.228868e+03
3.280000e-06	-5.338285e-06	-2.071860e-08	-3.815623e+01	-1.229519e+03
3.290000e-06	-5.344054e-06	-2.072678e-08	-3.819747e+01	-1.229890e+03
3.300000e-06	-5.347837e-06	-2.072724e-08	-3.822451e+01	-1.230016e+03
3.310000e-06	-5.349869e-06	-2.072899e-08	-3.823903e+01	-1.229955e+03
3.320000e-06	-5.350095e-06	-2.073064e-08	-3.824065e+01	-1.229764e+03
