# Temperatura_=_61.76
# Concentracion g/m^3_=_22500.0
# C_Vs_to_Am_M_A/Vsm_=_59384043850.047264
# pendiente_HvsI_1/m_=_3716.3
# ordenada_HvsI_A/m_=_1297.0
# frecuencia_Hz_=_301175.1023908301

Tiempo_(s)	Campo_(V.s)	Magnetizacion_(V.s)	Campo_(kA/m)	Magnetizacion_(A/m)
0.000000e+00	-5.365433e-06	-2.093940e-08	-3.824049e+01	-1.242062e+03
1.000000e-08	-5.363810e-06	-2.093188e-08	-3.822893e+01	-1.241712e+03
2.000000e-08	-5.360241e-06	-2.091733e-08	-3.820349e+01	-1.241181e+03
3.000000e-08	-5.354921e-06	-2.090156e-08	-3.816557e+01	-1.240473e+03
4.000000e-08	-5.347994e-06	-2.088720e-08	-3.811620e+01	-1.239591e+03
5.000000e-08	-5.339419e-06	-2.087109e-08	-3.805509e+01	-1.238540e+03
6.000000e-08	-5.328956e-06	-2.085226e-08	-3.798052e+01	-1.237326e+03
7.000000e-08	-5.316444e-06	-2.083012e-08	-3.789134e+01	-1.235960e+03
8.000000e-08	-5.301981e-06	-2.079141e-08	-3.778826e+01	-1.234462e+03
9.000000e-08	-5.285240e-06	-2.073075e-08	-3.766894e+01	-1.232854e+03
1.000000e-07	-5.266139e-06	-2.070898e-08	-3.753281e+01	-1.231156e+03
1.100000e-07	-5.245064e-06	-2.070581e-08	-3.738260e+01	-1.229381e+03
1.200000e-07	-5.222289e-06	-2.067871e-08	-3.722028e+01	-1.227525e+03
1.300000e-07	-5.198142e-06	-2.066599e-08	-3.704818e+01	-1.225567e+03
1.400000e-07	-5.172736e-06	-2.057852e-08	-3.686710e+01	-1.223470e+03
1.500000e-07	-5.145508e-06	-2.050976e-08	-3.667305e+01	-1.221186e+03
1.600000e-07	-5.116344e-06	-2.053420e-08	-3.646519e+01	-1.218667e+03
1.700000e-07	-5.085664e-06	-2.041653e-08	-3.624653e+01	-1.215878e+03
1.800000e-07	-5.053267e-06	-2.031776e-08	-3.601562e+01	-1.212797e+03
1.900000e-07	-5.018848e-06	-2.032408e-08	-3.577032e+01	-1.209429e+03
2.000000e-07	-4.982746e-06	-2.024886e-08	-3.551301e+01	-1.205793e+03
2.100000e-07	-4.945012e-06	-2.020427e-08	-3.524407e+01	-1.201924e+03
2.200000e-07	-4.905475e-06	-2.012586e-08	-3.496228e+01	-1.197858e+03
2.300000e-07	-4.864244e-06	-2.000760e-08	-3.466842e+01	-1.193627e+03
2.400000e-07	-4.821057e-06	-1.997226e-08	-3.436062e+01	-1.189250e+03
2.500000e-07	-4.775987e-06	-1.990738e-08	-3.403940e+01	-1.184733e+03
2.600000e-07	-4.729225e-06	-1.984855e-08	-3.370611e+01	-1.180072e+03
2.700000e-07	-4.680741e-06	-1.976963e-08	-3.336056e+01	-1.175254e+03
2.800000e-07	-4.630277e-06	-1.966654e-08	-3.300090e+01	-1.170264e+03
2.900000e-07	-4.577681e-06	-1.961695e-08	-3.262603e+01	-1.165092e+03
3.000000e-07	-4.523251e-06	-1.951883e-08	-3.223810e+01	-1.159729e+03
3.100000e-07	-4.467277e-06	-1.939999e-08	-3.183916e+01	-1.154172e+03
3.200000e-07	-4.409721e-06	-1.931491e-08	-3.142895e+01	-1.148422e+03
3.300000e-07	-4.350404e-06	-1.923892e-08	-3.100618e+01	-1.142476e+03
3.400000e-07	-4.289498e-06	-1.914775e-08	-3.057209e+01	-1.136332e+03
3.500000e-07	-4.227215e-06	-1.902270e-08	-3.012819e+01	-1.129983e+03
3.600000e-07	-4.163511e-06	-1.890933e-08	-2.967416e+01	-1.123424e+03
3.700000e-07	-4.098251e-06	-1.879975e-08	-2.920904e+01	-1.116647e+03
3.800000e-07	-4.031296e-06	-1.868704e-08	-2.873184e+01	-1.109650e+03
3.900000e-07	-3.962829e-06	-1.856560e-08	-2.824386e+01	-1.102432e+03
4.000000e-07	-3.893068e-06	-1.842232e-08	-2.774666e+01	-1.094998e+03
4.100000e-07	-3.822033e-06	-1.831915e-08	-2.724038e+01	-1.087357e+03
4.200000e-07	-3.749751e-06	-1.820877e-08	-2.672521e+01	-1.079515e+03
4.300000e-07	-3.675986e-06	-1.806259e-08	-2.619947e+01	-1.071480e+03
4.400000e-07	-3.600539e-06	-1.789952e-08	-2.566175e+01	-1.063251e+03
4.500000e-07	-3.523645e-06	-1.774669e-08	-2.511371e+01	-1.054826e+03
4.600000e-07	-3.445413e-06	-1.761450e-08	-2.455614e+01	-1.046196e+03
4.700000e-07	-3.365779e-06	-1.746398e-08	-2.398857e+01	-1.037347e+03
4.800000e-07	-3.284771e-06	-1.730964e-08	-2.341121e+01	-1.028270e+03
4.900000e-07	-3.202561e-06	-1.715677e-08	-2.282528e+01	-1.018953e+03
5.000000e-07	-3.119308e-06	-1.700801e-08	-2.223192e+01	-1.009393e+03
5.100000e-07	-3.035076e-06	-1.683987e-08	-2.163159e+01	-9.995920e+02
5.200000e-07	-2.949982e-06	-1.665657e-08	-2.102510e+01	-9.895555e+02
5.300000e-07	-2.863940e-06	-1.648203e-08	-2.041186e+01	-9.792933e+02
5.400000e-07	-2.776927e-06	-1.631162e-08	-1.979171e+01	-9.688139e+02
5.500000e-07	-2.689036e-06	-1.613393e-08	-1.916529e+01	-9.581220e+02
5.600000e-07	-2.600290e-06	-1.594231e-08	-1.853278e+01	-9.472162e+02
5.700000e-07	-2.510551e-06	-1.575374e-08	-1.789319e+01	-9.360893e+02
5.800000e-07	-2.419629e-06	-1.557096e-08	-1.724517e+01	-9.247293e+02
5.900000e-07	-2.327709e-06	-1.538054e-08	-1.659004e+01	-9.131233e+02
6.000000e-07	-2.235111e-06	-1.517608e-08	-1.593008e+01	-9.012614e+02
6.100000e-07	-2.141807e-06	-1.497035e-08	-1.526508e+01	-8.891395e+02
6.200000e-07	-2.047724e-06	-1.476627e-08	-1.459453e+01	-8.767604e+02
6.300000e-07	-1.952892e-06	-1.455568e-08	-1.391864e+01	-8.641321e+02
6.400000e-07	-1.857348e-06	-1.433301e-08	-1.323768e+01	-8.512641e+02
6.500000e-07	-1.761186e-06	-1.410637e-08	-1.255232e+01	-8.381626e+02
6.600000e-07	-1.664435e-06	-1.388497e-08	-1.186276e+01	-8.248264e+02
6.700000e-07	-1.567080e-06	-1.366240e-08	-1.116889e+01	-8.112449e+02
6.800000e-07	-1.469068e-06	-1.343133e-08	-1.047033e+01	-7.973988e+02
6.900000e-07	-1.370379e-06	-1.319198e-08	-9.766963e+00	-7.832642e+02
7.000000e-07	-1.271063e-06	-1.295037e-08	-9.059112e+00	-7.688177e+02
7.100000e-07	-1.171252e-06	-1.270244e-08	-8.347742e+00	-7.540412e+02
7.200000e-07	-1.071064e-06	-1.244382e-08	-7.633685e+00	-7.389247e+02
7.300000e-07	-9.705383e-07	-1.217803e-08	-6.917217e+00	-7.234659e+02
7.400000e-07	-8.697220e-07	-1.191274e-08	-6.198680e+00	-7.076668e+02
7.500000e-07	-7.686708e-07	-1.164662e-08	-5.478468e+00	-6.915283e+02
7.600000e-07	-6.673432e-07	-1.137258e-08	-4.756286e+00	-6.750452e+02
7.700000e-07	-5.657940e-07	-1.109134e-08	-4.032525e+00	-6.582024e+02
7.800000e-07	-4.640955e-07	-1.080480e-08	-3.307700e+00	-6.409735e+02
7.900000e-07	-3.622343e-07	-1.051236e-08	-2.581715e+00	-6.233221e+02
8.000000e-07	-2.602842e-07	-1.020513e-08	-1.855097e+00	-6.052038e+02
8.100000e-07	-1.582272e-07	-9.884173e-09	-1.127716e+00	-5.865677e+02
8.200000e-07	-5.603264e-08	-9.557609e-09	-3.993557e-01	-5.673567e+02
8.300000e-07	4.620899e-08	-9.228265e-09	3.293406e-01	-5.475053e+02
8.400000e-07	1.484133e-07	-8.887203e-09	1.057770e+00	-5.269379e+02
8.500000e-07	2.505604e-07	-8.529063e-09	1.785793e+00	-5.055683e+02
8.600000e-07	3.525979e-07	-8.156966e-09	2.513034e+00	-4.833015e+02
8.700000e-07	4.545254e-07	-7.768287e-09	3.239492e+00	-4.600403e+02
8.800000e-07	5.563078e-07	-7.357746e-09	3.964915e+00	-4.356924e+02
8.900000e-07	6.578945e-07	-6.922721e-09	4.688943e+00	-4.101772e+02
9.000000e-07	7.592554e-07	-6.469149e-09	5.411362e+00	-3.834270e+02
9.100000e-07	8.603805e-07	-5.998055e-09	6.132101e+00	-3.553793e+02
9.200000e-07	9.612780e-07	-5.505980e-09	6.851217e+00	-3.259613e+02
9.300000e-07	1.061870e-06	-4.985909e-09	7.568156e+00	-2.950671e+02
9.400000e-07	1.162108e-06	-4.436236e-09	8.282572e+00	-2.625369e+02
9.500000e-07	1.261990e-06	-3.856263e-09	8.994454e+00	-2.281446e+02
9.600000e-07	1.361326e-06	-3.238483e-09	9.702436e+00	-1.916019e+02
9.700000e-07	1.460010e-06	-2.576587e-09	1.040578e+01	-1.525849e+02
9.800000e-07	1.558088e-06	-1.867268e-09	1.110480e+01	-1.107803e+02
9.900000e-07	1.655542e-06	-1.108602e-09	1.179937e+01	-6.594688e+01
1.000000e-06	1.752420e-06	-2.990268e-10	1.248984e+01	-1.797766e+01
1.010000e-06	1.848679e-06	5.613945e-10	1.317590e+01	3.304810e+01
1.020000e-06	1.944205e-06	1.468070e-09	1.385673e+01	8.683757e+01
1.030000e-06	2.039013e-06	2.415009e-09	1.453245e+01	1.428882e+02
1.040000e-06	2.133168e-06	3.390945e-09	1.520351e+01	2.005235e+02
1.050000e-06	2.226617e-06	4.380336e-09	1.586954e+01	2.589547e+02
1.060000e-06	2.319415e-06	5.368386e-09	1.653093e+01	3.173557e+02
1.070000e-06	2.411503e-06	6.339582e-09	1.718725e+01	3.749371e+02
1.080000e-06	2.502673e-06	7.283230e-09	1.783704e+01	4.310084e+02
1.090000e-06	2.592853e-06	8.190981e-09	1.847977e+01	4.850164e+02
1.100000e-06	2.682044e-06	9.056612e-09	1.911545e+01	5.365613e+02
1.110000e-06	2.770212e-06	9.876372e-09	1.974384e+01	5.853901e+02
1.120000e-06	2.857368e-06	1.064685e-08	2.036502e+01	6.313756e+02
1.130000e-06	2.943562e-06	1.136943e-08	2.097935e+01	6.744893e+02
1.140000e-06	3.028858e-06	1.204892e-08	2.158726e+01	7.147742e+02
1.150000e-06	3.113258e-06	1.268452e-08	2.218880e+01	7.523226e+02
1.160000e-06	3.196555e-06	1.327301e-08	2.278247e+01	7.872594e+02
1.170000e-06	3.278657e-06	1.381579e-08	2.336763e+01	8.197311e+02
1.180000e-06	3.359555e-06	1.431944e-08	2.394421e+01	8.498969e+02
1.190000e-06	3.439236e-06	1.478675e-08	2.451211e+01	8.779213e+02
1.200000e-06	3.517676e-06	1.522027e-08	2.507117e+01	9.039670e+02
1.210000e-06	3.594870e-06	1.562491e-08	2.562134e+01	9.281888e+02
1.220000e-06	3.670728e-06	1.600484e-08	2.616200e+01	9.507289e+02
1.230000e-06	3.745068e-06	1.635961e-08	2.669183e+01	9.717164e+02
1.240000e-06	3.817912e-06	1.668878e-08	2.721101e+01	9.912680e+02
1.250000e-06	3.889322e-06	1.699507e-08	2.771996e+01	1.009492e+03
1.260000e-06	3.959380e-06	1.727883e-08	2.821928e+01	1.026491e+03
1.270000e-06	4.028200e-06	1.754251e-08	2.870977e+01	1.042366e+03
1.280000e-06	4.095641e-06	1.778900e-08	2.919044e+01	1.057213e+03
1.290000e-06	4.161492e-06	1.802238e-08	2.965977e+01	1.071122e+03
1.300000e-06	4.225791e-06	1.824391e-08	3.011804e+01	1.084172e+03
1.310000e-06	4.288684e-06	1.845270e-08	3.056629e+01	1.096430e+03
1.320000e-06	4.350208e-06	1.864766e-08	3.100479e+01	1.107951e+03
1.330000e-06	4.410315e-06	1.882819e-08	3.143318e+01	1.118777e+03
1.340000e-06	4.468802e-06	1.899727e-08	3.185003e+01	1.128944e+03
1.350000e-06	4.525527e-06	1.915551e-08	3.225432e+01	1.138485e+03
1.360000e-06	4.580627e-06	1.930274e-08	3.264703e+01	1.147437e+03
1.370000e-06	4.634124e-06	1.944080e-08	3.302831e+01	1.155836e+03
1.380000e-06	4.685707e-06	1.957345e-08	3.339595e+01	1.163721e+03
1.390000e-06	4.735186e-06	1.970016e-08	3.374860e+01	1.171126e+03
1.400000e-06	4.782864e-06	1.981791e-08	3.408841e+01	1.178079e+03
1.410000e-06	4.828951e-06	1.992616e-08	3.441688e+01	1.184598e+03
1.420000e-06	4.873426e-06	2.002572e-08	3.473386e+01	1.190697e+03
1.430000e-06	4.916179e-06	2.011906e-08	3.503857e+01	1.196386e+03
1.440000e-06	4.957079e-06	2.020712e-08	3.533008e+01	1.201677e+03
1.450000e-06	4.996311e-06	2.029164e-08	3.560969e+01	1.206591e+03
1.460000e-06	5.033930e-06	2.037182e-08	3.587781e+01	1.211153e+03
1.470000e-06	5.069793e-06	2.044495e-08	3.613341e+01	1.215396e+03
1.480000e-06	5.103768e-06	2.051252e-08	3.637556e+01	1.219351e+03
1.490000e-06	5.135837e-06	2.057554e-08	3.660412e+01	1.223043e+03
1.500000e-06	5.166174e-06	2.063360e-08	3.682034e+01	1.226489e+03
1.510000e-06	5.194854e-06	2.068704e-08	3.702475e+01	1.229690e+03
1.520000e-06	5.221674e-06	2.073707e-08	3.721590e+01	1.232641e+03
1.530000e-06	5.246437e-06	2.078442e-08	3.739239e+01	1.235331e+03
1.540000e-06	5.269316e-06	2.082691e-08	3.755545e+01	1.237753e+03
1.550000e-06	5.290512e-06	2.086291e-08	3.770652e+01	1.239904e+03
1.560000e-06	5.309980e-06	2.089342e-08	3.784527e+01	1.241795e+03
1.570000e-06	5.327533e-06	2.092032e-08	3.797037e+01	1.243441e+03
1.580000e-06	5.343099e-06	2.094339e-08	3.808131e+01	1.244863e+03
1.590000e-06	5.356703e-06	2.096149e-08	3.817828e+01	1.246078e+03
1.600000e-06	5.368205e-06	2.097727e-08	3.826025e+01	1.247098e+03
1.610000e-06	5.377554e-06	2.099318e-08	3.832688e+01	1.247928e+03
1.620000e-06	5.384940e-06	2.100672e-08	3.837952e+01	1.248566e+03
1.630000e-06	5.390553e-06	2.101527e-08	3.841953e+01	1.249007e+03
1.640000e-06	5.394377e-06	2.101961e-08	3.844678e+01	1.249249e+03
1.650000e-06	5.396231e-06	2.101823e-08	3.846000e+01	1.249290e+03
1.660000e-06	5.396159e-06	2.101478e-08	3.845948e+01	1.249134e+03
1.670000e-06	5.394379e-06	2.100966e-08	3.844680e+01	1.248790e+03
1.680000e-06	5.391013e-06	2.099836e-08	3.842281e+01	1.248263e+03
1.690000e-06	5.385901e-06	2.098473e-08	3.838637e+01	1.247560e+03
1.700000e-06	5.378812e-06	2.097480e-08	3.833585e+01	1.246683e+03
1.710000e-06	5.369970e-06	2.096229e-08	3.827283e+01	1.245637e+03
1.720000e-06	5.359552e-06	2.094062e-08	3.819858e+01	1.244427e+03
1.730000e-06	5.347347e-06	2.091777e-08	3.811159e+01	1.243065e+03
1.740000e-06	5.333132e-06	2.094398e-08	3.801028e+01	1.241570e+03
1.750000e-06	5.316795e-06	2.091669e-08	3.789384e+01	1.239964e+03
1.760000e-06	5.298105e-06	2.085111e-08	3.776064e+01	1.238268e+03
1.770000e-06	5.276846e-06	2.080077e-08	3.760911e+01	1.236494e+03
1.780000e-06	5.253492e-06	2.071657e-08	3.744267e+01	1.234640e+03
1.790000e-06	5.228896e-06	2.079132e-08	3.726737e+01	1.232684e+03
1.800000e-06	5.203287e-06	2.082439e-08	3.708485e+01	1.230591e+03
1.810000e-06	5.176035e-06	2.065824e-08	3.689062e+01	1.228313e+03
1.820000e-06	5.146793e-06	2.067165e-08	3.668221e+01	1.225803e+03
1.830000e-06	5.115874e-06	2.068007e-08	3.646184e+01	1.223022e+03
1.840000e-06	5.083093e-06	2.056699e-08	3.622820e+01	1.219951e+03
1.850000e-06	5.048444e-06	2.055875e-08	3.598125e+01	1.216591e+03
1.860000e-06	5.012230e-06	2.046624e-08	3.572315e+01	1.212963e+03
1.870000e-06	4.974121e-06	2.041530e-08	3.545153e+01	1.209100e+03
1.880000e-06	4.934188e-06	2.041917e-08	3.516692e+01	1.205039e+03
1.890000e-06	4.892581e-06	2.025833e-08	3.487039e+01	1.200812e+03
1.900000e-06	4.849291e-06	2.017585e-08	3.456185e+01	1.196438e+03
1.910000e-06	4.804425e-06	2.010791e-08	3.424208e+01	1.191925e+03
1.920000e-06	4.757605e-06	2.002465e-08	3.390838e+01	1.187268e+03
1.930000e-06	4.708863e-06	1.999079e-08	3.356099e+01	1.182454e+03
1.940000e-06	4.658578e-06	1.980952e-08	3.320260e+01	1.177470e+03
1.950000e-06	4.606565e-06	1.974296e-08	3.283189e+01	1.172303e+03
1.960000e-06	4.552585e-06	1.970308e-08	3.244717e+01	1.166945e+03
1.970000e-06	4.496678e-06	1.956228e-08	3.204871e+01	1.161394e+03
1.980000e-06	4.439170e-06	1.948213e-08	3.163883e+01	1.155649e+03
1.990000e-06	4.380299e-06	1.934536e-08	3.121925e+01	1.149709e+03
2.000000e-06	4.319898e-06	1.927120e-08	3.078876e+01	1.143570e+03
2.010000e-06	4.257814e-06	1.916656e-08	3.034628e+01	1.137228e+03
2.020000e-06	4.194080e-06	1.902713e-08	2.989203e+01	1.130675e+03
2.030000e-06	4.128860e-06	1.894412e-08	2.942720e+01	1.123905e+03
2.040000e-06	4.062260e-06	1.880147e-08	2.895252e+01	1.116914e+03
2.050000e-06	3.994240e-06	1.870488e-08	2.846773e+01	1.109702e+03
2.060000e-06	3.924634e-06	1.855235e-08	2.797164e+01	1.102275e+03
2.070000e-06	3.853516e-06	1.840594e-08	2.746477e+01	1.094639e+03
2.080000e-06	3.781114e-06	1.830587e-08	2.694874e+01	1.086803e+03
2.090000e-06	3.707327e-06	1.816772e-08	2.642285e+01	1.078773e+03
2.100000e-06	3.632071e-06	1.804536e-08	2.588648e+01	1.070550e+03
2.110000e-06	3.555324e-06	1.786980e-08	2.533949e+01	1.062131e+03
2.120000e-06	3.476993e-06	1.773705e-08	2.478121e+01	1.053506e+03
2.130000e-06	3.397369e-06	1.760549e-08	2.421371e+01	1.044665e+03
2.140000e-06	3.316610e-06	1.744549e-08	2.363813e+01	1.035594e+03
2.150000e-06	3.234783e-06	1.728841e-08	2.305494e+01	1.026285e+03
2.160000e-06	3.151966e-06	1.711704e-08	2.246468e+01	1.016732e+03
2.170000e-06	3.068091e-06	1.697266e-08	2.186689e+01	1.006938e+03
2.180000e-06	2.983050e-06	1.679456e-08	2.126078e+01	9.969084e+02
2.190000e-06	2.896703e-06	1.661352e-08	2.064537e+01	9.866527e+02
2.200000e-06	2.809246e-06	1.643701e-08	2.002205e+01	9.761795e+02
2.210000e-06	2.720834e-06	1.626531e-08	1.939192e+01	9.654938e+02
2.220000e-06	2.631596e-06	1.609151e-08	1.875590e+01	9.545944e+02
2.230000e-06	2.541594e-06	1.589165e-08	1.811444e+01	9.434741e+02
2.240000e-06	2.450726e-06	1.570093e-08	1.746680e+01	9.321213e+02
2.250000e-06	2.359024e-06	1.551082e-08	1.681323e+01	9.205229e+02
2.260000e-06	2.266519e-06	1.531441e-08	1.615393e+01	9.086688e+02
2.270000e-06	2.173197e-06	1.509971e-08	1.548881e+01	8.965548e+02
2.280000e-06	2.078967e-06	1.488346e-08	1.481721e+01	8.841833e+02
2.290000e-06	1.983881e-06	1.467814e-08	1.413951e+01	8.715623e+02
2.300000e-06	1.888139e-06	1.446749e-08	1.345714e+01	8.587014e+02
2.310000e-06	1.791767e-06	1.424535e-08	1.277027e+01	8.456068e+02
2.320000e-06	1.694832e-06	1.401752e-08	1.207940e+01	8.322778e+02
2.330000e-06	1.597401e-06	1.379455e-08	1.138499e+01	8.187039e+02
2.340000e-06	1.499420e-06	1.356578e-08	1.068666e+01	8.048662e+02
2.350000e-06	1.400889e-06	1.332060e-08	9.984408e+00	7.907409e+02
2.360000e-06	1.301937e-06	1.306778e-08	9.279159e+00	7.763045e+02
2.370000e-06	1.202605e-06	1.282126e-08	8.571199e+00	7.615387e+02
2.380000e-06	1.102891e-06	1.257418e-08	7.860519e+00	7.464330e+02
2.390000e-06	1.002814e-06	1.231491e-08	7.147255e+00	7.309850e+02
2.400000e-06	9.023791e-07	1.204430e-08	6.431433e+00	7.151966e+02
2.410000e-06	8.015978e-07	1.177199e-08	5.713145e+00	6.990688e+02
2.420000e-06	7.004736e-07	1.149709e-08	4.992413e+00	6.825969e+02
2.430000e-06	5.990701e-07	1.120999e-08	4.269690e+00	6.657659e+02
2.440000e-06	4.973892e-07	1.091175e-08	3.544991e+00	6.485499e+02
2.450000e-06	3.954705e-07	1.061137e-08	2.818596e+00	6.309129e+02
2.460000e-06	2.933976e-07	1.031061e-08	2.091103e+00	6.128107e+02
2.470000e-06	1.912057e-07	9.999446e-09	1.362761e+00	5.941927e+02
2.480000e-06	8.890309e-08	9.672410e-09	6.336298e-01	5.750019e+02
2.490000e-06	-1.349133e-08	9.334574e-09	-9.615534e-02	5.551732e+02
2.500000e-06	-1.159280e-07	8.990906e-09	-8.262415e-01	5.346314e+02
2.510000e-06	-2.181677e-07	8.634299e-09	-1.554924e+00	5.132906e+02
2.520000e-06	-3.201248e-07	8.256880e-09	-2.281592e+00	4.910562e+02
2.530000e-06	-4.219096e-07	7.863547e-09	-3.007032e+00	4.678307e+02
2.540000e-06	-5.235683e-07	7.455857e-09	-3.731574e+00	4.435217e+02
2.550000e-06	-6.250393e-07	7.027843e-09	-4.454778e+00	4.180480e+02
2.560000e-06	-7.261660e-07	6.573797e-09	-5.175527e+00	3.913416e+02
2.570000e-06	-8.269477e-07	6.098377e-09	-5.893819e+00	3.633400e+02
2.580000e-06	-9.274032e-07	5.608100e-09	-6.609785e+00	3.339711e+02
2.590000e-06	-1.027565e-06	5.094161e-09	-7.323660e+00	3.031306e+02
2.600000e-06	-1.127380e-06	4.549235e-09	-8.035059e+00	2.706609e+02
2.610000e-06	-1.226739e-06	3.972531e-09	-8.743209e+00	2.363383e+02
2.620000e-06	-1.325699e-06	3.363176e-09	-9.448515e+00	1.998765e+02
2.630000e-06	-1.424208e-06	2.712424e-09	-1.015061e+01	1.609521e+02
2.640000e-06	-1.522204e-06	2.009933e-09	-1.084905e+01	1.192505e+02
2.650000e-06	-1.619715e-06	1.256065e-09	-1.154403e+01	7.452661e+01
2.660000e-06	-1.716732e-06	4.528785e-10	-1.223548e+01	2.666784e+01
2.670000e-06	-1.813190e-06	-3.980594e-10	-1.292296e+01	-2.425391e+01
2.680000e-06	-1.909102e-06	-1.294829e-09	-1.360655e+01	-7.795354e+01
2.690000e-06	-2.004450e-06	-2.232991e-09	-1.428611e+01	-1.339356e+02
2.700000e-06	-2.099058e-06	-3.201155e-09	-1.496040e+01	-1.915288e+02
2.710000e-06	-2.192745e-06	-4.183569e-09	-1.562812e+01	-2.499473e+02
2.720000e-06	-2.285504e-06	-5.165435e-09	-1.628923e+01	-3.083647e+02
2.730000e-06	-2.377427e-06	-6.136762e-09	-1.694439e+01	-3.659894e+02
2.740000e-06	-2.468471e-06	-7.084251e-09	-1.759328e+01	-4.221264e+02
2.750000e-06	-2.558615e-06	-7.994608e-09	-1.823575e+01	-4.762174e+02
2.760000e-06	-2.647808e-06	-8.862710e-09	-1.887144e+01	-5.278568e+02
2.770000e-06	-2.736105e-06	-9.689643e-09	-1.950076e+01	-5.767868e+02
2.780000e-06	-2.823570e-06	-1.047177e-08	-2.012414e+01	-6.228763e+02
2.790000e-06	-2.910001e-06	-1.120243e-08	-2.074015e+01	-6.660936e+02
2.800000e-06	-2.995248e-06	-1.188223e-08	-2.134772e+01	-7.064796e+02
2.810000e-06	-3.079398e-06	-1.251613e-08	-2.194747e+01	-7.441251e+02
2.820000e-06	-3.162477e-06	-1.310925e-08	-2.253960e+01	-7.791542e+02
2.830000e-06	-3.244458e-06	-1.366034e-08	-2.312389e+01	-8.117126e+02
2.840000e-06	-3.325391e-06	-1.416993e-08	-2.370071e+01	-8.419593e+02
2.850000e-06	-3.405308e-06	-1.464566e-08	-2.427030e+01	-8.700588e+02
2.860000e-06	-3.483972e-06	-1.509210e-08	-2.483095e+01	-8.961738e+02
2.870000e-06	-3.561076e-06	-1.550594e-08	-2.538049e+01	-9.204596e+02
2.880000e-06	-3.636635e-06	-1.588477e-08	-2.591901e+01	-9.430589e+02
2.890000e-06	-3.710807e-06	-1.623730e-08	-2.644765e+01	-9.641012e+02
2.900000e-06	-3.783675e-06	-1.657086e-08	-2.696699e+01	-9.837035e+02
2.910000e-06	-3.855305e-06	-1.688159e-08	-2.747752e+01	-1.001974e+03
2.920000e-06	-3.925553e-06	-1.716929e-08	-2.797819e+01	-1.019017e+03
2.930000e-06	-3.994224e-06	-1.743789e-08	-2.846762e+01	-1.034932e+03
2.940000e-06	-4.061405e-06	-1.769086e-08	-2.894643e+01	-1.049815e+03
2.950000e-06	-4.127206e-06	-1.792795e-08	-2.941541e+01	-1.063757e+03
2.960000e-06	-4.191644e-06	-1.814648e-08	-2.987467e+01	-1.076838e+03
2.970000e-06	-4.254679e-06	-1.835024e-08	-3.032393e+01	-1.089126e+03
2.980000e-06	-4.316154e-06	-1.854521e-08	-3.076208e+01	-1.100674e+03
2.990000e-06	-4.375985e-06	-1.873195e-08	-3.118850e+01	-1.111525e+03
3.000000e-06	-4.434287e-06	-1.890564e-08	-3.160403e+01	-1.121716e+03
3.010000e-06	-4.491105e-06	-1.906634e-08	-3.200899e+01	-1.131281e+03
3.020000e-06	-4.546314e-06	-1.922053e-08	-3.240247e+01	-1.140254e+03
3.030000e-06	-4.599684e-06	-1.936644e-08	-3.278285e+01	-1.148674e+03
3.040000e-06	-4.651169e-06	-1.949832e-08	-3.314979e+01	-1.156578e+03
3.050000e-06	-4.700826e-06	-1.962020e-08	-3.350371e+01	-1.164001e+03
3.060000e-06	-4.748545e-06	-1.974049e-08	-3.384381e+01	-1.170971e+03
3.070000e-06	-4.794365e-06	-1.985480e-08	-3.417038e+01	-1.177507e+03
3.080000e-06	-4.838597e-06	-1.995748e-08	-3.448563e+01	-1.183622e+03
3.090000e-06	-4.881368e-06	-2.005031e-08	-3.479047e+01	-1.189326e+03
3.100000e-06	-4.922604e-06	-2.013817e-08	-3.508436e+01	-1.194633e+03
3.110000e-06	-4.962293e-06	-2.022472e-08	-3.536724e+01	-1.199561e+03
3.120000e-06	-5.000221e-06	-2.030478e-08	-3.563756e+01	-1.204137e+03
3.130000e-06	-5.036196e-06	-2.037352e-08	-3.589396e+01	-1.208392e+03
3.140000e-06	-5.070393e-06	-2.043514e-08	-3.613769e+01	-1.212358e+03
3.150000e-06	-5.102888e-06	-2.049614e-08	-3.636928e+01	-1.216061e+03
3.160000e-06	-5.133500e-06	-2.055351e-08	-3.658746e+01	-1.219516e+03
3.170000e-06	-5.162128e-06	-2.060592e-08	-3.679150e+01	-1.222728e+03
3.180000e-06	-5.188958e-06	-2.065509e-08	-3.698272e+01	-1.225689e+03
3.190000e-06	-5.214032e-06	-2.070299e-08	-3.716143e+01	-1.228391e+03
3.200000e-06	-5.237243e-06	-2.074795e-08	-3.732686e+01	-1.230823e+03
3.210000e-06	-5.258496e-06	-2.078491e-08	-3.747834e+01	-1.232986e+03
3.220000e-06	-5.277848e-06	-2.081514e-08	-3.761626e+01	-1.234887e+03
3.230000e-06	-5.295459e-06	-2.084204e-08	-3.774178e+01	-1.236543e+03
3.240000e-06	-5.311282e-06	-2.086647e-08	-3.785455e+01	-1.237974e+03
3.250000e-06	-5.325020e-06	-2.088620e-08	-3.795247e+01	-1.239197e+03
3.260000e-06	-5.336523e-06	-2.090175e-08	-3.803445e+01	-1.240225e+03
3.270000e-06	-5.346079e-06	-2.091674e-08	-3.810256e+01	-1.241064e+03
3.280000e-06	-5.353909e-06	-2.092986e-08	-3.815836e+01	-1.241710e+03
3.290000e-06	-5.359800e-06	-2.093887e-08	-3.820035e+01	-1.242160e+03
3.300000e-06	-5.363658e-06	-2.094278e-08	-3.822784e+01	-1.242410e+03
3.310000e-06	-5.365743e-06	-2.094433e-08	-3.824271e+01	-1.242459e+03
3.320000e-06	-5.366063e-06	-2.094356e-08	-3.824498e+01	-1.242312e+03
