# Temperatura_=_27.41
# Concentracion g/m^3_=_22500.0
# C_Vs_to_Am_M_A/Vsm_=_59384043850.047264
# pendiente_HvsI_1/m_=_3716.3
# ordenada_HvsI_A/m_=_1297.0
# frecuencia_Hz_=_301173.9655176049

Tiempo_(s)	Campo_(V.s)	Magnetizacion_(V.s)	Campo_(kA/m)	Magnetizacion_(A/m)
0.000000e+00	-5.355238e-06	-2.052789e-08	-3.823315e+01	-1.218037e+03
1.000000e-08	-5.353643e-06	-2.051142e-08	-3.822176e+01	-1.217655e+03
2.000000e-08	-5.350031e-06	-2.049799e-08	-3.819598e+01	-1.217168e+03
3.000000e-08	-5.344697e-06	-2.048835e-08	-3.815790e+01	-1.216570e+03
4.000000e-08	-5.337791e-06	-2.047788e-08	-3.810859e+01	-1.215826e+03
5.000000e-08	-5.329283e-06	-2.046494e-08	-3.804784e+01	-1.214881e+03
6.000000e-08	-5.318829e-06	-2.044888e-08	-3.797321e+01	-1.213687e+03
7.000000e-08	-5.306256e-06	-2.043317e-08	-3.788345e+01	-1.212225e+03
8.000000e-08	-5.291736e-06	-2.040151e-08	-3.777979e+01	-1.210517e+03
9.000000e-08	-5.274869e-06	-2.030642e-08	-3.765937e+01	-1.208618e+03
1.000000e-07	-5.255646e-06	-2.025919e-08	-3.752213e+01	-1.206606e+03
1.100000e-07	-5.234564e-06	-2.026452e-08	-3.737161e+01	-1.204550e+03
1.200000e-07	-5.211817e-06	-2.023581e-08	-3.720921e+01	-1.202485e+03
1.300000e-07	-5.187681e-06	-2.025950e-08	-3.703689e+01	-1.200403e+03
1.400000e-07	-5.162280e-06	-2.020138e-08	-3.685555e+01	-1.198247e+03
1.500000e-07	-5.135049e-06	-2.004200e-08	-3.666113e+01	-1.195932e+03
1.600000e-07	-5.105906e-06	-2.010118e-08	-3.645307e+01	-1.193369e+03
1.700000e-07	-5.075305e-06	-2.002953e-08	-3.623460e+01	-1.190495e+03
1.800000e-07	-5.042935e-06	-1.985562e-08	-3.600350e+01	-1.187287e+03
1.900000e-07	-5.008432e-06	-1.989950e-08	-3.575716e+01	-1.183770e+03
2.000000e-07	-4.972294e-06	-1.979886e-08	-3.549916e+01	-1.180003e+03
2.100000e-07	-4.934616e-06	-1.975638e-08	-3.523017e+01	-1.176057e+03
2.200000e-07	-4.895108e-06	-1.976028e-08	-3.494810e+01	-1.171989e+03
2.300000e-07	-4.853860e-06	-1.958142e-08	-3.465362e+01	-1.167828e+03
2.400000e-07	-4.810673e-06	-1.950545e-08	-3.434529e+01	-1.163564e+03
2.500000e-07	-4.765613e-06	-1.949076e-08	-3.402359e+01	-1.159159e+03
2.600000e-07	-4.718879e-06	-1.940734e-08	-3.368993e+01	-1.154564e+03
2.700000e-07	-4.670355e-06	-1.934399e-08	-3.334350e+01	-1.149740e+03
2.800000e-07	-4.619856e-06	-1.923940e-08	-3.298297e+01	-1.144675e+03
2.900000e-07	-4.567234e-06	-1.917381e-08	-3.260728e+01	-1.139384e+03
3.000000e-07	-4.512855e-06	-1.911888e-08	-3.221905e+01	-1.133903e+03
3.100000e-07	-4.456993e-06	-1.898977e-08	-3.182023e+01	-1.128272e+03
3.200000e-07	-4.399554e-06	-1.885625e-08	-3.141015e+01	-1.122519e+03
3.300000e-07	-4.340340e-06	-1.876114e-08	-3.098740e+01	-1.116643e+03
3.400000e-07	-4.279478e-06	-1.872348e-08	-3.055287e+01	-1.110617e+03
3.500000e-07	-4.217270e-06	-1.859553e-08	-3.010875e+01	-1.104394e+03
3.600000e-07	-4.153742e-06	-1.845701e-08	-2.965520e+01	-1.097924e+03
3.700000e-07	-4.088726e-06	-1.837046e-08	-2.919102e+01	-1.091172e+03
3.800000e-07	-4.021967e-06	-1.825666e-08	-2.871441e+01	-1.084132e+03
3.900000e-07	-3.953562e-06	-1.813057e-08	-2.822603e+01	-1.076828e+03
4.000000e-07	-3.883863e-06	-1.797726e-08	-2.772842e+01	-1.069306e+03
4.100000e-07	-3.812934e-06	-1.785706e-08	-2.722204e+01	-1.061617e+03
4.200000e-07	-3.740708e-06	-1.775565e-08	-2.670638e+01	-1.053798e+03
4.300000e-07	-3.667084e-06	-1.761822e-08	-2.618075e+01	-1.045861e+03
4.400000e-07	-3.591855e-06	-1.745636e-08	-2.564367e+01	-1.037787e+03
4.500000e-07	-3.515091e-06	-1.730828e-08	-2.509562e+01	-1.029535e+03
4.600000e-07	-3.436975e-06	-1.719262e-08	-2.453792e+01	-1.021057e+03
4.700000e-07	-3.357472e-06	-1.704989e-08	-2.397032e+01	-1.012315e+03
4.800000e-07	-3.276550e-06	-1.687855e-08	-2.339258e+01	-1.003291e+03
4.900000e-07	-3.194383e-06	-1.671769e-08	-2.280596e+01	-9.939968e+02
5.000000e-07	-3.111173e-06	-1.656778e-08	-2.221189e+01	-9.844635e+02
5.100000e-07	-3.027040e-06	-1.641348e-08	-2.161123e+01	-9.747313e+02
5.200000e-07	-2.942111e-06	-1.623595e-08	-2.100489e+01	-9.648325e+02
5.300000e-07	-2.856320e-06	-1.606102e-08	-2.039239e+01	-9.547804e+02
5.400000e-07	-2.769538e-06	-1.590385e-08	-1.977282e+01	-9.445643e+02
5.500000e-07	-2.681747e-06	-1.573566e-08	-1.914604e+01	-9.341547e+02
5.600000e-07	-2.592997e-06	-1.554402e-08	-1.851242e+01	-9.235149e+02
5.700000e-07	-2.503294e-06	-1.534824e-08	-1.787200e+01	-9.126149e+02
5.800000e-07	-2.412525e-06	-1.517134e-08	-1.722397e+01	-9.014430e+02
5.900000e-07	-2.320778e-06	-1.498919e-08	-1.656895e+01	-8.900094e+02
6.000000e-07	-2.228312e-06	-1.478620e-08	-1.590879e+01	-8.783420e+02
6.100000e-07	-2.135162e-06	-1.458169e-08	-1.524376e+01	-8.664747e+02
6.200000e-07	-2.041241e-06	-1.438675e-08	-1.457323e+01	-8.544340e+02
6.300000e-07	-1.946601e-06	-1.419136e-08	-1.389755e+01	-8.422278e+02
6.400000e-07	-1.851296e-06	-1.397400e-08	-1.321713e+01	-8.298411e+02
6.500000e-07	-1.755307e-06	-1.375040e-08	-1.253183e+01	-8.172404e+02
6.600000e-07	-1.658668e-06	-1.353701e-08	-1.184188e+01	-8.043842e+02
6.700000e-07	-1.561442e-06	-1.332644e-08	-1.114775e+01	-7.912372e+02
6.800000e-07	-1.463600e-06	-1.310100e-08	-1.044922e+01	-7.777812e+02
6.900000e-07	-1.365076e-06	-1.286371e-08	-9.745811e+00	-7.640198e+02
7.000000e-07	-1.265899e-06	-1.263099e-08	-9.037748e+00	-7.499748e+02
7.100000e-07	-1.166204e-06	-1.239696e-08	-8.325990e+00	-7.356753e+02
7.200000e-07	-1.066163e-06	-1.215012e-08	-7.611755e+00	-7.211439e+02
7.300000e-07	-9.658324e-07	-1.189222e-08	-6.895457e+00	-7.063851e+02
7.400000e-07	-8.652417e-07	-1.164069e-08	-6.177301e+00	-6.913798e+02
7.500000e-07	-7.643920e-07	-1.139187e-08	-5.457295e+00	-6.760889e+02
7.600000e-07	-6.632600e-07	-1.113193e-08	-4.735274e+00	-6.604632e+02
7.700000e-07	-5.618959e-07	-1.086038e-08	-4.011595e+00	-6.444582e+02
7.800000e-07	-4.603436e-07	-1.058495e-08	-3.286574e+00	-6.280447e+02
7.900000e-07	-3.586183e-07	-1.030894e-08	-2.560317e+00	-6.112141e+02
8.000000e-07	-2.567851e-07	-1.002039e-08	-1.833290e+00	-5.939730e+02
8.100000e-07	-1.548643e-07	-9.716655e-09	-1.105637e+00	-5.763304e+02
8.200000e-07	-5.282061e-08	-9.409443e-09	-3.771071e-01	-5.582802e+02
8.300000e-07	4.923354e-08	-9.104931e-09	3.514976e-01	-5.397859e+02
8.400000e-07	1.511814e-07	-8.789101e-09	1.079343e+00	-5.207740e+02
8.500000e-07	2.530566e-07	-8.454109e-09	1.806671e+00	-5.011383e+02
8.600000e-07	3.548917e-07	-8.108029e-09	2.533711e+00	-4.807557e+02
8.700000e-07	4.566089e-07	-7.756982e-09	3.259910e+00	-4.595083e+02
8.800000e-07	5.581694e-07	-7.389011e-09	3.984991e+00	-4.373054e+02
8.900000e-07	6.595728e-07	-6.995334e-09	4.708950e+00	-4.140966e+02
9.000000e-07	7.607447e-07	-6.585124e-09	5.431255e+00	-3.898728e+02
9.100000e-07	8.616183e-07	-6.162010e-09	6.151432e+00	-3.646509e+02
9.200000e-07	9.622471e-07	-5.723094e-09	6.869860e+00	-3.384482e+02
9.300000e-07	1.062642e-06	-5.260152e-09	7.586619e+00	-3.112519e+02
9.400000e-07	1.162753e-06	-4.780753e-09	8.301354e+00	-2.829939e+02
9.500000e-07	1.262487e-06	-4.289115e-09	9.013389e+00	-2.535374e+02
9.600000e-07	1.361663e-06	-3.775262e-09	9.721449e+00	-2.226813e+02
9.700000e-07	1.460170e-06	-3.226418e-09	1.042473e+01	-1.901805e+02
9.800000e-07	1.557941e-06	-2.640956e-09	1.112276e+01	-1.557793e+02
9.900000e-07	1.655046e-06	-2.024074e-09	1.181602e+01	-1.192495e+02
1.000000e-06	1.751550e-06	-1.369702e-09	1.250501e+01	-8.042509e+01
1.010000e-06	1.847461e-06	-6.717348e-10	1.318975e+01	-3.922908e+01
1.020000e-06	1.942721e-06	6.679429e-11	1.386985e+01	4.312014e+00
1.030000e-06	2.037328e-06	8.398954e-10	1.454529e+01	5.006453e+01
1.040000e-06	2.131403e-06	1.644842e-09	1.521692e+01	9.779248e+01
1.050000e-06	2.224843e-06	2.480236e-09	1.588403e+01	1.471677e+02
1.060000e-06	2.317551e-06	3.337471e-09	1.654591e+01	1.977828e+02
1.070000e-06	2.409555e-06	4.204125e-09	1.720276e+01	2.491669e+02
1.080000e-06	2.500613e-06	5.074770e-09	1.785286e+01	3.008055e+02
1.090000e-06	2.590469e-06	5.943640e-09	1.849438e+01	3.521650e+02
1.100000e-06	2.679237e-06	6.799832e-09	1.912813e+01	4.027236e+02
1.110000e-06	2.767126e-06	7.631132e-09	1.975560e+01	4.520053e+02
1.120000e-06	2.854172e-06	8.426828e-09	2.037706e+01	4.996120e+02
1.130000e-06	2.940233e-06	9.190484e-09	2.099148e+01	5.452483e+02
1.140000e-06	3.025284e-06	9.924049e-09	2.159869e+01	5.887321e+02
1.150000e-06	3.109493e-06	1.062058e-08	2.219989e+01	6.299890e+02
1.160000e-06	3.192742e-06	1.127591e-08	2.279424e+01	6.690305e+02
1.170000e-06	3.274713e-06	1.189393e-08	2.337946e+01	7.059219e+02
1.180000e-06	3.355466e-06	1.248174e-08	2.395599e+01	7.407490e+02
1.190000e-06	3.435021e-06	1.303514e-08	2.452397e+01	7.735916e+02
1.200000e-06	3.513319e-06	1.355225e-08	2.508297e+01	8.045103e+02
1.210000e-06	3.590381e-06	1.403745e-08	2.563314e+01	8.335490e+02
1.220000e-06	3.666119e-06	1.449570e-08	2.617387e+01	8.607485e+02
1.230000e-06	3.740349e-06	1.492455e-08	2.670382e+01	8.861649e+02
1.240000e-06	3.813035e-06	1.532316e-08	2.722275e+01	9.098838e+02
1.250000e-06	3.884329e-06	1.569418e-08	2.773175e+01	9.320245e+02
1.260000e-06	3.954272e-06	1.604239e-08	2.823110e+01	9.527308e+02
1.270000e-06	4.022938e-06	1.636767e-08	2.872134e+01	9.721521e+02
1.280000e-06	4.090266e-06	1.667063e-08	2.920201e+01	9.904216e+02
1.290000e-06	4.155973e-06	1.695840e-08	2.967112e+01	1.007639e+03
1.300000e-06	4.220134e-06	1.723384e-08	3.012920e+01	1.023865e+03
1.310000e-06	4.282933e-06	1.749381e-08	3.057754e+01	1.039127e+03
1.320000e-06	4.344304e-06	1.773597e-08	3.101570e+01	1.053438e+03
1.330000e-06	4.404316e-06	1.796103e-08	3.144415e+01	1.066818e+03
1.340000e-06	4.462708e-06	1.817106e-08	3.186103e+01	1.079308e+03
1.350000e-06	4.519284e-06	1.836674e-08	3.226495e+01	1.090976e+03
1.360000e-06	4.574242e-06	1.854707e-08	3.265731e+01	1.101911e+03
1.370000e-06	4.627590e-06	1.871651e-08	3.303818e+01	1.112203e+03
1.380000e-06	4.679073e-06	1.887996e-08	3.340574e+01	1.121922e+03
1.390000e-06	4.728464e-06	1.903568e-08	3.375837e+01	1.131111e+03
1.400000e-06	4.775999e-06	1.918082e-08	3.409773e+01	1.139771e+03
1.410000e-06	4.821970e-06	1.931664e-08	3.442594e+01	1.147881e+03
1.420000e-06	4.866463e-06	1.944374e-08	3.474359e+01	1.155414e+03
1.430000e-06	4.909161e-06	1.956147e-08	3.504843e+01	1.162356e+03
1.440000e-06	4.949902e-06	1.966604e-08	3.533930e+01	1.168726e+03
1.450000e-06	4.988959e-06	1.976108e-08	3.561814e+01	1.174574e+03
1.460000e-06	5.026383e-06	1.985238e-08	3.588532e+01	1.179979e+03
1.470000e-06	5.062175e-06	1.993959e-08	3.614086e+01	1.185021e+03
1.480000e-06	5.096048e-06	2.002098e-08	3.638269e+01	1.189763e+03
1.490000e-06	5.127965e-06	2.009718e-08	3.661056e+01	1.194235e+03
1.500000e-06	5.158212e-06	2.016901e-08	3.682651e+01	1.198430e+03
1.510000e-06	5.186837e-06	2.023433e-08	3.703087e+01	1.202313e+03
1.520000e-06	5.213542e-06	2.029149e-08	3.722153e+01	1.205843e+03
1.530000e-06	5.238158e-06	2.034199e-08	3.739727e+01	1.208990e+03
1.540000e-06	5.260915e-06	2.038924e-08	3.755974e+01	1.211757e+03
1.550000e-06	5.281978e-06	2.043232e-08	3.771011e+01	1.214175e+03
1.560000e-06	5.301381e-06	2.047036e-08	3.784864e+01	1.216301e+03
1.570000e-06	5.318908e-06	2.050408e-08	3.797378e+01	1.218192e+03
1.580000e-06	5.334433e-06	2.053432e-08	3.808462e+01	1.219891e+03
1.590000e-06	5.347994e-06	2.055914e-08	3.818143e+01	1.221410e+03
1.600000e-06	5.359427e-06	2.057863e-08	3.826305e+01	1.222728e+03
1.610000e-06	5.368664e-06	2.059494e-08	3.832901e+01	1.223807e+03
1.620000e-06	5.376000e-06	2.061018e-08	3.838138e+01	1.224604e+03
1.630000e-06	5.381540e-06	2.062199e-08	3.842093e+01	1.225099e+03
1.640000e-06	5.385266e-06	2.062735e-08	3.844753e+01	1.225301e+03
1.650000e-06	5.387012e-06	2.062467e-08	3.846000e+01	1.225252e+03
1.660000e-06	5.386853e-06	2.062100e-08	3.845886e+01	1.225010e+03
1.670000e-06	5.385066e-06	2.061938e-08	3.844611e+01	1.224631e+03
1.680000e-06	5.381664e-06	2.060809e-08	3.842181e+01	1.224145e+03
1.690000e-06	5.376416e-06	2.059517e-08	3.838435e+01	1.223551e+03
1.700000e-06	5.369214e-06	2.058355e-08	3.833293e+01	1.222811e+03
1.710000e-06	5.360359e-06	2.056980e-08	3.826971e+01	1.221872e+03
1.720000e-06	5.349915e-06	2.054766e-08	3.819515e+01	1.220685e+03
1.730000e-06	5.337620e-06	2.050724e-08	3.810737e+01	1.219231e+03
1.740000e-06	5.323328e-06	2.052879e-08	3.800533e+01	1.217529e+03
1.750000e-06	5.307032e-06	2.053651e-08	3.788899e+01	1.215634e+03
1.760000e-06	5.288358e-06	2.047044e-08	3.775567e+01	1.213623e+03
1.770000e-06	5.266995e-06	2.040858e-08	3.760315e+01	1.211566e+03
1.780000e-06	5.243571e-06	2.028544e-08	3.743591e+01	1.209499e+03
1.790000e-06	5.218989e-06	2.031829e-08	3.726041e+01	1.207417e+03
1.800000e-06	5.193441e-06	2.044869e-08	3.707802e+01	1.205263e+03
1.810000e-06	5.166240e-06	2.021448e-08	3.688382e+01	1.202953e+03
1.820000e-06	5.136909e-06	2.017758e-08	3.667441e+01	1.200399e+03
1.830000e-06	5.105901e-06	2.031708e-08	3.645303e+01	1.197535e+03
1.840000e-06	5.073110e-06	2.013559e-08	3.621893e+01	1.194337e+03
1.850000e-06	5.038476e-06	2.013500e-08	3.597166e+01	1.190828e+03
1.860000e-06	5.002357e-06	2.006918e-08	3.571379e+01	1.187067e+03
1.870000e-06	4.964216e-06	1.986344e-08	3.544149e+01	1.183124e+03
1.880000e-06	4.924188e-06	1.995868e-08	3.515571e+01	1.179059e+03
1.890000e-06	4.882596e-06	1.987249e-08	3.485878e+01	1.174899e+03
1.900000e-06	4.839324e-06	1.972184e-08	3.454984e+01	1.170638e+03
1.910000e-06	4.794602e-06	1.972701e-08	3.423055e+01	1.166236e+03
1.920000e-06	4.747932e-06	1.956933e-08	3.389736e+01	1.161647e+03
1.930000e-06	4.699269e-06	1.954763e-08	3.354993e+01	1.156830e+03
1.940000e-06	4.649048e-06	1.940617e-08	3.319138e+01	1.151772e+03
1.950000e-06	4.596945e-06	1.923403e-08	3.281940e+01	1.146487e+03
1.960000e-06	4.542884e-06	1.926725e-08	3.243343e+01	1.141010e+03
1.970000e-06	4.487042e-06	1.915707e-08	3.203476e+01	1.135382e+03
1.980000e-06	4.429609e-06	1.907599e-08	3.162472e+01	1.129631e+03
1.990000e-06	4.370837e-06	1.890937e-08	3.120513e+01	1.123758e+03
2.000000e-06	4.310572e-06	1.880278e-08	3.077487e+01	1.117737e+03
2.010000e-06	4.248602e-06	1.878170e-08	3.033244e+01	1.111520e+03
2.020000e-06	4.184941e-06	1.858971e-08	2.987794e+01	1.105057e+03
2.030000e-06	4.119832e-06	1.850285e-08	2.941310e+01	1.098314e+03
2.040000e-06	4.053330e-06	1.838259e-08	2.893832e+01	1.091282e+03
2.050000e-06	3.985294e-06	1.827972e-08	2.845258e+01	1.083985e+03
2.060000e-06	3.915709e-06	1.816978e-08	2.795579e+01	1.076468e+03
2.070000e-06	3.844564e-06	1.796589e-08	2.744786e+01	1.068783e+03
2.080000e-06	3.772122e-06	1.788355e-08	2.693066e+01	1.060966e+03
2.090000e-06	3.698441e-06	1.775118e-08	2.640463e+01	1.053031e+03
2.100000e-06	3.623344e-06	1.761982e-08	2.586848e+01	1.044961e+03
2.110000e-06	3.546735e-06	1.745267e-08	2.532154e+01	1.036715e+03
2.120000e-06	3.468531e-06	1.729988e-08	2.476321e+01	1.028244e+03
2.130000e-06	3.389022e-06	1.720796e-08	2.419556e+01	1.019509e+03
2.140000e-06	3.308376e-06	1.703941e-08	2.361980e+01	1.010494e+03
2.150000e-06	3.226638e-06	1.687805e-08	2.303624e+01	1.001207e+03
2.160000e-06	3.143911e-06	1.669302e-08	2.244562e+01	9.916799e+02
2.170000e-06	3.060187e-06	1.655601e-08	2.184788e+01	9.819523e+02
2.180000e-06	2.975373e-06	1.639980e-08	2.124236e+01	9.720573e+02
2.190000e-06	2.889247e-06	1.619892e-08	2.062747e+01	9.620089e+02
2.200000e-06	2.801940e-06	1.602764e-08	2.000415e+01	9.517973e+02
2.210000e-06	2.713670e-06	1.586268e-08	1.937396e+01	9.413935e+02
2.220000e-06	2.624540e-06	1.570408e-08	1.873762e+01	9.307607e+02
2.230000e-06	2.534614e-06	1.549511e-08	1.809560e+01	9.198686e+02
2.240000e-06	2.443838e-06	1.529880e-08	1.744752e+01	9.087045e+02
2.250000e-06	2.352248e-06	1.512196e-08	1.679362e+01	8.972781e+02
2.260000e-06	2.259878e-06	1.493433e-08	1.613416e+01	8.856166e+02
2.270000e-06	2.166720e-06	1.472221e-08	1.546906e+01	8.737541e+02
2.280000e-06	2.072647e-06	1.450053e-08	1.479744e+01	8.617175e+02
2.290000e-06	1.977603e-06	1.430881e-08	1.411889e+01	8.495155e+02
2.300000e-06	1.881812e-06	1.411044e-08	1.343499e+01	8.371340e+02
2.310000e-06	1.785527e-06	1.389054e-08	1.274758e+01	8.245398e+02
2.320000e-06	1.688727e-06	1.366216e-08	1.205649e+01	8.116917e+02
2.330000e-06	1.591343e-06	1.345103e-08	1.136122e+01	7.985537e+02
2.340000e-06	1.493418e-06	1.323617e-08	1.066210e+01	7.851070e+02
2.350000e-06	1.394963e-06	1.299445e-08	9.959192e+00	7.713544e+02
2.360000e-06	1.296063e-06	1.274301e-08	9.253101e+00	7.573172e+02
2.370000e-06	1.196774e-06	1.250451e-08	8.544241e+00	7.430245e+02
2.380000e-06	1.097139e-06	1.227113e-08	7.832906e+00	7.284994e+02
2.390000e-06	9.972454e-07	1.201820e-08	7.119727e+00	7.137472e+02
2.400000e-06	8.970688e-07	1.175543e-08	6.404527e+00	6.987495e+02
2.410000e-06	7.965906e-07	1.150009e-08	5.687174e+00	6.834677e+02
2.420000e-06	6.957605e-07	1.124570e-08	4.967308e+00	6.678531e+02
2.430000e-06	5.945312e-07	1.097099e-08	4.244592e+00	6.518604e+02
2.440000e-06	4.930094e-07	1.068076e-08	3.519788e+00	6.354600e+02
2.450000e-06	3.913040e-07	1.039346e-08	2.793673e+00	6.186424e+02
2.460000e-06	2.894171e-07	1.011204e-08	2.066262e+00	6.014140e+02
2.470000e-06	1.873433e-07	9.816461e-09	1.337517e+00	5.837840e+02
2.480000e-06	8.510658e-08	9.502991e-09	6.076094e-01	5.657469e+02
2.490000e-06	-1.709050e-08	9.189386e-09	-1.220158e-01	5.472677e+02
2.500000e-06	-1.191907e-07	8.878157e-09	-8.509489e-01	5.282741e+02
2.510000e-06	-2.212636e-07	8.551494e-09	-1.579688e+00	5.086610e+02
2.520000e-06	-3.232142e-07	8.198174e-09	-2.307554e+00	4.883054e+02
2.530000e-06	-4.250103e-07	7.836284e-09	-3.034315e+00	4.670889e+02
2.540000e-06	-5.266052e-07	7.468405e-09	-3.759642e+00	4.449194e+02
2.550000e-06	-6.279018e-07	7.079828e-09	-4.482838e+00	4.217452e+02
2.560000e-06	-7.288052e-07	6.664664e-09	-5.203227e+00	3.975556e+02
2.570000e-06	-8.292915e-07	6.234772e-09	-5.920638e+00	3.723672e+02
2.580000e-06	-9.294491e-07	5.801280e-09	-6.635703e+00	3.461976e+02
2.590000e-06	-1.029308e-06	5.350510e-09	-7.348634e+00	3.190358e+02
2.600000e-06	-1.128852e-06	4.872635e-09	-8.059317e+00	2.908159e+02
2.610000e-06	-1.228084e-06	4.374227e-09	-8.767771e+00	2.614036e+02
2.620000e-06	-1.326924e-06	3.860611e-09	-9.473430e+00	2.305997e+02
2.630000e-06	-1.425266e-06	3.318998e-09	-1.017554e+01	1.981602e+02
2.640000e-06	-1.523058e-06	2.736164e-09	-1.087371e+01	1.638294e+02
2.650000e-06	-1.620329e-06	2.117944e-09	-1.156816e+01	1.273771e+02
2.660000e-06	-1.717102e-06	1.470783e-09	-1.225907e+01	8.863474e+01
2.670000e-06	-1.813391e-06	7.881389e-10	-1.294651e+01	4.752181e+01
2.680000e-06	-1.909146e-06	6.035743e-11	-1.363014e+01	4.061000e+00
2.690000e-06	-2.004335e-06	-7.087688e-10	-1.430973e+01	-4.161781e+01
2.700000e-06	-2.098820e-06	-1.507788e-09	-1.498430e+01	-8.928215e+01
2.710000e-06	-2.192333e-06	-2.333506e-09	-1.565193e+01	-1.386069e+02
2.720000e-06	-2.284776e-06	-3.183606e-09	-1.631191e+01	-1.891873e+02
2.730000e-06	-2.376354e-06	-4.048430e-09	-1.696573e+01	-2.405544e+02
2.740000e-06	-2.467190e-06	-4.914941e-09	-1.761424e+01	-2.921948e+02
2.750000e-06	-2.557115e-06	-5.775529e-09	-1.825625e+01	-3.435753e+02
2.760000e-06	-2.646103e-06	-6.626648e-09	-1.889157e+01	-3.941729e+02
2.770000e-06	-2.734234e-06	-7.461146e-09	-1.952077e+01	-4.435094e+02
2.780000e-06	-2.821548e-06	-8.266605e-09	-2.014414e+01	-4.911835e+02
2.790000e-06	-2.907855e-06	-9.034805e-09	-2.076032e+01	-5.368957e+02
2.800000e-06	-2.992884e-06	-9.768409e-09	-2.136738e+01	-5.804600e+02
2.810000e-06	-3.076749e-06	-1.046789e-08	-2.196612e+01	-6.217985e+02
2.820000e-06	-3.159623e-06	-1.112838e-08	-2.255779e+01	-6.609200e+02
2.830000e-06	-3.241423e-06	-1.174849e-08	-2.314179e+01	-6.978886e+02
2.840000e-06	-3.322155e-06	-1.233522e-08	-2.371817e+01	-7.327897e+02
2.850000e-06	-3.401865e-06	-1.289612e-08	-2.428725e+01	-7.657038e+02
2.860000e-06	-3.480379e-06	-1.342471e-08	-2.484780e+01	-7.966922e+02
2.870000e-06	-3.557371e-06	-1.391419e-08	-2.539747e+01	-8.257992e+02
2.880000e-06	-3.632793e-06	-1.436920e-08	-2.593594e+01	-8.530654e+02
2.890000e-06	-3.706793e-06	-1.479814e-08	-2.646426e+01	-8.785459e+02
2.900000e-06	-3.779507e-06	-1.520154e-08	-2.698339e+01	-9.023254e+02
2.910000e-06	-3.851008e-06	-1.557499e-08	-2.749386e+01	-9.245219e+02
2.920000e-06	-3.921051e-06	-1.592412e-08	-2.799392e+01	-9.452786e+02
2.930000e-06	-3.989491e-06	-1.625642e-08	-2.848254e+01	-9.647452e+02
2.940000e-06	-4.056490e-06	-1.656979e-08	-2.896088e+01	-9.830557e+02
2.950000e-06	-4.122163e-06	-1.686192e-08	-2.942974e+01	-1.000311e+03
2.960000e-06	-4.186494e-06	-1.713300e-08	-2.988903e+01	-1.016573e+03
2.970000e-06	-4.249463e-06	-1.738801e-08	-3.033859e+01	-1.031871e+03
2.980000e-06	-4.310746e-06	-1.762956e-08	-3.077611e+01	-1.046218e+03
2.990000e-06	-4.370341e-06	-1.785461e-08	-3.120158e+01	-1.059633e+03
3.000000e-06	-4.428523e-06	-1.806464e-08	-3.161696e+01	-1.072155e+03
3.010000e-06	-4.485161e-06	-1.826341e-08	-3.202133e+01	-1.083853e+03
3.020000e-06	-4.540220e-06	-1.845164e-08	-3.241442e+01	-1.094815e+03
3.030000e-06	-4.593433e-06	-1.862796e-08	-3.279432e+01	-1.105129e+03
3.040000e-06	-4.644672e-06	-1.879332e-08	-3.316014e+01	-1.114870e+03
3.050000e-06	-4.694065e-06	-1.894977e-08	-3.351277e+01	-1.124079e+03
3.060000e-06	-4.741409e-06	-1.909844e-08	-3.385079e+01	-1.132760e+03
3.070000e-06	-4.786950e-06	-1.923442e-08	-3.417592e+01	-1.140893e+03
3.080000e-06	-4.831043e-06	-1.935813e-08	-3.449072e+01	-1.148448e+03
3.090000e-06	-4.873695e-06	-1.947518e-08	-3.479523e+01	-1.155413e+03
3.100000e-06	-4.914804e-06	-1.958562e-08	-3.508872e+01	-1.161804e+03
3.110000e-06	-4.954352e-06	-1.968820e-08	-3.537107e+01	-1.167672e+03
3.120000e-06	-4.992092e-06	-1.978087e-08	-3.564051e+01	-1.173093e+03
3.130000e-06	-5.027807e-06	-1.986534e-08	-3.589549e+01	-1.178148e+03
3.140000e-06	-5.061744e-06	-1.994369e-08	-3.613778e+01	-1.182902e+03
3.150000e-06	-5.094010e-06	-2.001776e-08	-3.636814e+01	-1.187385e+03
3.160000e-06	-5.124524e-06	-2.008547e-08	-3.658599e+01	-1.191592e+03
3.170000e-06	-5.153081e-06	-2.014940e-08	-3.678987e+01	-1.195489e+03
3.180000e-06	-5.179781e-06	-2.020963e-08	-3.698049e+01	-1.199034e+03
3.190000e-06	-5.204741e-06	-2.026456e-08	-3.715869e+01	-1.202198e+03
3.200000e-06	-5.227891e-06	-2.031391e-08	-3.732397e+01	-1.204979e+03
3.210000e-06	-5.249041e-06	-2.035787e-08	-3.747497e+01	-1.207411e+03
3.220000e-06	-5.268264e-06	-2.039684e-08	-3.761220e+01	-1.209547e+03
3.230000e-06	-5.285801e-06	-2.042652e-08	-3.773741e+01	-1.211448e+03
3.240000e-06	-5.301555e-06	-2.044947e-08	-3.784988e+01	-1.213155e+03
3.250000e-06	-5.315218e-06	-2.046972e-08	-3.794743e+01	-1.214682e+03
3.260000e-06	-5.326656e-06	-2.048963e-08	-3.802909e+01	-1.216010e+03
3.270000e-06	-5.336163e-06	-2.050850e-08	-3.809696e+01	-1.217100e+03
3.280000e-06	-5.343935e-06	-2.052451e-08	-3.815246e+01	-1.217910e+03
3.290000e-06	-5.349702e-06	-2.053521e-08	-3.819363e+01	-1.218417e+03
3.300000e-06	-5.353456e-06	-2.054106e-08	-3.822043e+01	-1.218631e+03
3.310000e-06	-5.355495e-06	-2.054309e-08	-3.823499e+01	-1.218592e+03
3.320000e-06	-5.355809e-06	-2.053860e-08	-3.823723e+01	-1.218358e+03
