# Temperatura_=_61.68
# Concentracion g/m^3_=_22500.0
# C_Vs_to_Am_M_A/Vsm_=_59384043850.047264
# pendiente_HvsI_1/m_=_3716.3
# ordenada_HvsI_A/m_=_1297.0
# frecuencia_Hz_=_301173.71200853016

Tiempo_(s)	Campo_(V.s)	Magnetizacion_(V.s)	Campo_(kA/m)	Magnetizacion_(A/m)
0.000000e+00	-5.341396e-06	-2.065131e-08	-3.823536e+01	-1.224472e+03
1.000000e-08	-5.339625e-06	-2.064178e-08	-3.822268e+01	-1.224143e+03
2.000000e-08	-5.335935e-06	-2.063032e-08	-3.819626e+01	-1.223665e+03
3.000000e-08	-5.330547e-06	-2.061605e-08	-3.815770e+01	-1.223018e+03
4.000000e-08	-5.323535e-06	-2.059998e-08	-3.810750e+01	-1.222180e+03
5.000000e-08	-5.314879e-06	-2.058364e-08	-3.804554e+01	-1.221137e+03
6.000000e-08	-5.304321e-06	-2.056689e-08	-3.796996e+01	-1.219886e+03
7.000000e-08	-5.291692e-06	-2.054759e-08	-3.787956e+01	-1.218437e+03
8.000000e-08	-5.277074e-06	-2.050713e-08	-3.777492e+01	-1.216816e+03
9.000000e-08	-5.260159e-06	-2.043629e-08	-3.765383e+01	-1.215057e+03
1.000000e-07	-5.240943e-06	-2.041252e-08	-3.751629e+01	-1.213191e+03
1.100000e-07	-5.219824e-06	-2.041087e-08	-3.736511e+01	-1.211243e+03
1.200000e-07	-5.197030e-06	-2.038496e-08	-3.720194e+01	-1.209218e+03
1.300000e-07	-5.172904e-06	-2.038896e-08	-3.702924e+01	-1.207107e+03
1.400000e-07	-5.147448e-06	-2.029251e-08	-3.684702e+01	-1.204884e+03
1.500000e-07	-5.120124e-06	-2.019434e-08	-3.665142e+01	-1.202516e+03
1.600000e-07	-5.091037e-06	-2.024802e-08	-3.644321e+01	-1.199967e+03
1.700000e-07	-5.060465e-06	-2.013264e-08	-3.622437e+01	-1.197206e+03
1.800000e-07	-5.028033e-06	-2.002326e-08	-3.599221e+01	-1.194215e+03
1.900000e-07	-4.993548e-06	-2.005170e-08	-3.574535e+01	-1.190986e+03
2.000000e-07	-4.957406e-06	-1.995364e-08	-3.548664e+01	-1.187526e+03
2.100000e-07	-4.919667e-06	-1.992675e-08	-3.521649e+01	-1.183848e+03
2.200000e-07	-4.880193e-06	-1.988127e-08	-3.493392e+01	-1.179970e+03
2.300000e-07	-4.838991e-06	-1.972598e-08	-3.463898e+01	-1.175910e+03
2.400000e-07	-4.795859e-06	-1.968241e-08	-3.433023e+01	-1.171682e+03
2.500000e-07	-4.750885e-06	-1.964164e-08	-3.400829e+01	-1.167296e+03
2.600000e-07	-4.704135e-06	-1.956236e-08	-3.367365e+01	-1.162755e+03
2.700000e-07	-4.655617e-06	-1.949012e-08	-3.332634e+01	-1.158057e+03
2.800000e-07	-4.605152e-06	-1.939645e-08	-3.296509e+01	-1.153192e+03
2.900000e-07	-4.552555e-06	-1.933369e-08	-3.258859e+01	-1.148149e+03
3.000000e-07	-4.498193e-06	-1.925386e-08	-3.219945e+01	-1.142914e+03
3.100000e-07	-4.442337e-06	-1.914068e-08	-3.179961e+01	-1.137474e+03
3.200000e-07	-4.384945e-06	-1.902474e-08	-3.138879e+01	-1.131821e+03
3.300000e-07	-4.325817e-06	-1.894504e-08	-3.096553e+01	-1.125950e+03
3.400000e-07	-4.265123e-06	-1.888222e-08	-3.053106e+01	-1.119867e+03
3.500000e-07	-4.203062e-06	-1.874894e-08	-3.008681e+01	-1.113580e+03
3.600000e-07	-4.139581e-06	-1.862482e-08	-2.963240e+01	-1.107100e+03
3.700000e-07	-4.074674e-06	-1.852663e-08	-2.916777e+01	-1.100438e+03
3.800000e-07	-4.008054e-06	-1.841040e-08	-2.869088e+01	-1.093597e+03
3.900000e-07	-3.939767e-06	-1.828460e-08	-2.820206e+01	-1.086575e+03
4.000000e-07	-3.870196e-06	-1.814353e-08	-2.770405e+01	-1.079359e+03
4.100000e-07	-3.799366e-06	-1.803691e-08	-2.719703e+01	-1.071936e+03
4.200000e-07	-3.727209e-06	-1.793326e-08	-2.668051e+01	-1.064290e+03
4.300000e-07	-3.653659e-06	-1.779929e-08	-2.615402e+01	-1.056413e+03
4.400000e-07	-3.578537e-06	-1.764366e-08	-2.561627e+01	-1.048305e+03
4.500000e-07	-3.501872e-06	-1.749540e-08	-2.506748e+01	-1.039972e+03
4.600000e-07	-3.423828e-06	-1.736310e-08	-2.450881e+01	-1.031429e+03
4.700000e-07	-3.344451e-06	-1.721041e-08	-2.394061e+01	-1.022687e+03
4.800000e-07	-3.263752e-06	-1.705355e-08	-2.336294e+01	-1.013754e+03
4.900000e-07	-3.181837e-06	-1.690400e-08	-2.277657e+01	-1.004626e+03
5.000000e-07	-3.098823e-06	-1.676190e-08	-2.218233e+01	-9.952904e+02
5.100000e-07	-3.014804e-06	-1.660646e-08	-2.158090e+01	-9.857273e+02
5.200000e-07	-2.929943e-06	-1.643115e-08	-2.097343e+01	-9.759175e+02
5.300000e-07	-2.844214e-06	-1.625450e-08	-2.035976e+01	-9.658487e+02
5.400000e-07	-2.757524e-06	-1.608487e-08	-1.973920e+01	-9.555201e+02
5.500000e-07	-2.669840e-06	-1.590829e-08	-1.911154e+01	-9.449428e+02
5.600000e-07	-2.581228e-06	-1.571772e-08	-1.847722e+01	-9.341363e+02
5.700000e-07	-2.491725e-06	-1.553004e-08	-1.783653e+01	-9.231210e+02
5.800000e-07	-2.401147e-06	-1.535103e-08	-1.718815e+01	-9.119110e+02
5.900000e-07	-2.309509e-06	-1.516471e-08	-1.653217e+01	-9.005083e+02
6.000000e-07	-2.217142e-06	-1.496358e-08	-1.587098e+01	-8.889017e+02
6.100000e-07	-2.124177e-06	-1.476151e-08	-1.520552e+01	-8.770701e+02
6.200000e-07	-2.030497e-06	-1.456277e-08	-1.453492e+01	-8.649895e+02
6.300000e-07	-1.936034e-06	-1.435935e-08	-1.385872e+01	-8.526411e+02
6.400000e-07	-1.840870e-06	-1.413933e-08	-1.317752e+01	-8.400169e+02
6.500000e-07	-1.745081e-06	-1.391375e-08	-1.249183e+01	-8.271213e+02
6.600000e-07	-1.648695e-06	-1.369374e-08	-1.180187e+01	-8.139675e+02
6.700000e-07	-1.551759e-06	-1.347346e-08	-1.110797e+01	-8.005702e+02
6.800000e-07	-1.454225e-06	-1.324572e-08	-1.040979e+01	-7.869379e+02
6.900000e-07	-1.355988e-06	-1.301250e-08	-9.706578e+00	-7.730663e+02
7.000000e-07	-1.257068e-06	-1.277936e-08	-8.998478e+00	-7.589369e+02
7.100000e-07	-1.157586e-06	-1.253886e-08	-8.286359e+00	-7.445202e+02
7.200000e-07	-1.057659e-06	-1.228593e-08	-7.571052e+00	-7.297831e+02
7.300000e-07	-9.574145e-07	-1.202509e-08	-6.853468e+00	-7.146970e+02
7.400000e-07	-8.569298e-07	-1.176520e-08	-6.134167e+00	-6.992449e+02
7.500000e-07	-7.562077e-07	-1.150361e-08	-5.413167e+00	-6.834228e+02
7.600000e-07	-6.552913e-07	-1.123474e-08	-4.690776e+00	-6.672370e+02
7.700000e-07	-5.542070e-07	-1.096016e-08	-3.967184e+00	-6.506961e+02
7.800000e-07	-4.529255e-07	-1.068045e-08	-3.242180e+00	-6.338015e+02
7.900000e-07	-3.514334e-07	-1.039388e-08	-2.515669e+00	-6.165387e+02
8.000000e-07	-2.497792e-07	-1.009280e-08	-1.787996e+00	-5.988714e+02
8.100000e-07	-1.480790e-07	-9.780432e-09	-1.059995e+00	-5.807415e+02
8.200000e-07	-4.636427e-08	-9.464518e-09	-3.318897e-01	-5.620726e+02
8.300000e-07	5.535958e-08	-9.144637e-09	3.962809e-01	-5.427769e+02
8.400000e-07	1.570731e-07	-8.811758e-09	1.124377e+00	-5.227625e+02
8.500000e-07	2.587326e-07	-8.462106e-09	1.852088e+00	-5.019408e+02
8.600000e-07	3.602743e-07	-8.098517e-09	2.578955e+00	-4.802305e+02
8.700000e-07	4.616733e-07	-7.718901e-09	3.304800e+00	-4.575599e+02
8.800000e-07	5.629367e-07	-7.317887e-09	4.029674e+00	-4.338658e+02
8.900000e-07	6.640919e-07	-6.895672e-09	4.753775e+00	-4.090910e+02
9.000000e-07	7.650666e-07	-6.459161e-09	5.476582e+00	-3.831780e+02
9.100000e-07	8.657276e-07	-6.006134e-09	6.197145e+00	-3.560615e+02
9.200000e-07	9.661299e-07	-5.530165e-09	6.915855e+00	-3.276570e+02
9.300000e-07	1.066295e-06	-5.025944e-09	7.632866e+00	-2.978488e+02
9.400000e-07	1.166106e-06	-4.493560e-09	8.347344e+00	-2.664790e+02
9.500000e-07	1.265533e-06	-3.932555e-09	9.059073e+00	-2.333406e+02
9.600000e-07	1.364452e-06	-3.337892e-09	9.767166e+00	-1.981817e+02
9.700000e-07	1.462647e-06	-2.704802e-09	1.047008e+01	-1.607217e+02
9.800000e-07	1.560128e-06	-2.030315e-09	1.116788e+01	-1.206832e+02
9.900000e-07	1.657014e-06	-1.309585e-09	1.186142e+01	-7.783605e+01
1.000000e-06	1.753336e-06	-5.352903e-10	1.255092e+01	-3.204873e+01
1.010000e-06	1.849058e-06	2.919322e-10	1.323613e+01	1.666424e+01
1.020000e-06	1.944110e-06	1.163748e-09	1.391654e+01	6.810754e+01
1.030000e-06	2.038515e-06	2.074195e-09	1.459231e+01	1.218931e+02
1.040000e-06	2.132269e-06	3.015807e-09	1.526344e+01	1.774556e+02
1.050000e-06	2.225322e-06	3.973852e-09	1.592954e+01	2.340944e+02
1.060000e-06	2.317734e-06	4.932225e-09	1.659105e+01	2.910366e+02
1.070000e-06	2.409431e-06	5.881232e-09	1.724745e+01	3.475075e+02
1.080000e-06	2.500116e-06	6.812359e-09	1.789660e+01	4.027987e+02
1.090000e-06	2.589695e-06	7.716289e-09	1.853783e+01	4.563201e+02
1.100000e-06	2.678287e-06	8.580212e-09	1.917201e+01	5.076288e+02
1.110000e-06	2.765939e-06	9.398571e-09	1.979944e+01	5.564337e+02
1.120000e-06	2.852675e-06	1.017051e-08	2.042033e+01	6.025792e+02
1.130000e-06	2.938465e-06	1.089728e-08	2.103444e+01	6.460155e+02
1.140000e-06	3.023332e-06	1.158159e-08	2.164194e+01	6.867656e+02
1.150000e-06	3.107363e-06	1.222418e-08	2.224346e+01	7.248958e+02
1.160000e-06	3.190307e-06	1.282482e-08	2.283720e+01	7.604959e+02
1.170000e-06	3.271954e-06	1.338274e-08	2.342166e+01	7.936695e+02
1.180000e-06	3.352390e-06	1.389898e-08	2.399744e+01	8.245320e+02
1.190000e-06	3.431618e-06	1.437396e-08	2.456458e+01	8.532122e+02
1.200000e-06	3.509613e-06	1.481597e-08	2.512289e+01	8.798532e+02
1.210000e-06	3.586408e-06	1.523113e-08	2.567261e+01	9.046094e+02
1.220000e-06	3.661899e-06	1.562036e-08	2.621300e+01	9.276391e+02
1.230000e-06	3.735763e-06	1.598208e-08	2.674174e+01	9.490953e+02
1.240000e-06	3.808085e-06	1.631962e-08	2.725944e+01	9.691163e+02
1.250000e-06	3.879107e-06	1.663478e-08	2.776785e+01	9.878200e+02
1.260000e-06	3.948803e-06	1.692507e-08	2.826674e+01	1.005303e+03
1.270000e-06	4.017227e-06	1.719279e-08	2.875654e+01	1.021645e+03
1.280000e-06	4.084267e-06	1.744536e-08	2.923644e+01	1.036917e+03
1.290000e-06	4.149680e-06	1.768736e-08	2.970469e+01	1.051186e+03
1.300000e-06	4.213560e-06	1.791510e-08	3.016196e+01	1.064525e+03
1.310000e-06	4.276070e-06	1.812632e-08	3.060943e+01	1.077009e+03
1.320000e-06	4.337195e-06	1.832388e-08	3.104698e+01	1.088716e+03
1.330000e-06	4.396898e-06	1.850920e-08	3.147435e+01	1.099718e+03
1.340000e-06	4.454908e-06	1.868214e-08	3.188960e+01	1.110077e+03
1.350000e-06	4.511210e-06	1.884344e-08	3.229263e+01	1.119838e+03
1.360000e-06	4.565946e-06	1.899477e-08	3.268445e+01	1.129032e+03
1.370000e-06	4.619007e-06	1.914006e-08	3.306427e+01	1.137673e+03
1.380000e-06	4.670159e-06	1.927924e-08	3.343044e+01	1.145773e+03
1.390000e-06	4.719255e-06	1.940749e-08	3.378188e+01	1.153342e+03
1.400000e-06	4.766562e-06	1.952506e-08	3.412051e+01	1.160396e+03
1.410000e-06	4.812340e-06	1.963455e-08	3.444821e+01	1.166963e+03
1.420000e-06	4.856583e-06	1.973593e-08	3.476492e+01	1.173078e+03
1.430000e-06	4.898970e-06	1.982921e-08	3.506833e+01	1.178782e+03
1.440000e-06	4.939445e-06	1.991575e-08	3.535806e+01	1.184113e+03
1.450000e-06	4.978263e-06	1.999924e-08	3.563594e+01	1.189105e+03
1.460000e-06	5.015483e-06	2.008105e-08	3.590237e+01	1.193779e+03
1.470000e-06	5.051035e-06	2.015738e-08	3.615687e+01	1.198145e+03
1.480000e-06	5.084685e-06	2.022612e-08	3.639774e+01	1.202207e+03
1.490000e-06	5.116447e-06	2.028971e-08	3.662510e+01	1.205963e+03
1.500000e-06	5.146535e-06	2.034852e-08	3.684048e+01	1.209416e+03
1.510000e-06	5.174965e-06	2.040100e-08	3.704399e+01	1.212572e+03
1.520000e-06	5.201437e-06	2.044731e-08	3.723348e+01	1.215446e+03
1.530000e-06	5.225866e-06	2.048906e-08	3.740836e+01	1.218058e+03
1.540000e-06	5.248521e-06	2.052836e-08	3.757053e+01	1.220427e+03
1.550000e-06	5.269473e-06	2.056547e-08	3.772051e+01	1.222572e+03
1.560000e-06	5.288647e-06	2.059940e-08	3.785776e+01	1.224500e+03
1.570000e-06	5.305918e-06	2.062967e-08	3.798139e+01	1.226211e+03
1.580000e-06	5.321247e-06	2.065567e-08	3.809112e+01	1.227697e+03
1.590000e-06	5.334642e-06	2.067659e-08	3.818701e+01	1.228946e+03
1.600000e-06	5.345953e-06	2.069080e-08	3.826798e+01	1.229950e+03
1.610000e-06	5.355030e-06	2.070032e-08	3.833295e+01	1.230709e+03
1.620000e-06	5.362117e-06	2.070781e-08	3.838368e+01	1.231234e+03
1.630000e-06	5.367496e-06	2.071430e-08	3.842219e+01	1.231545e+03
1.640000e-06	5.371141e-06	2.071913e-08	3.844828e+01	1.231669e+03
1.650000e-06	5.372778e-06	2.071934e-08	3.846000e+01	1.231630e+03
1.660000e-06	5.372476e-06	2.071821e-08	3.845784e+01	1.231447e+03
1.670000e-06	5.370532e-06	2.071448e-08	3.844392e+01	1.231122e+03
1.680000e-06	5.366994e-06	2.070299e-08	3.841860e+01	1.230648e+03
1.690000e-06	5.361661e-06	2.068836e-08	3.838042e+01	1.230005e+03
1.700000e-06	5.354429e-06	2.067452e-08	3.832865e+01	1.229174e+03
1.710000e-06	5.345546e-06	2.065926e-08	3.826506e+01	1.228137e+03
1.720000e-06	5.335082e-06	2.063676e-08	3.819016e+01	1.226891e+03
1.730000e-06	5.322836e-06	2.061015e-08	3.810250e+01	1.225447e+03
1.740000e-06	5.308610e-06	2.063455e-08	3.800066e+01	1.223831e+03
1.750000e-06	5.292223e-06	2.061396e-08	3.788336e+01	1.222075e+03
1.760000e-06	5.273389e-06	2.054570e-08	3.774854e+01	1.220211e+03
1.770000e-06	5.252039e-06	2.048569e-08	3.759571e+01	1.218264e+03
1.780000e-06	5.228650e-06	2.038243e-08	3.742829e+01	1.216240e+03
1.790000e-06	5.204068e-06	2.045193e-08	3.725232e+01	1.214131e+03
1.800000e-06	5.178459e-06	2.049989e-08	3.706900e+01	1.211912e+03
1.810000e-06	5.151071e-06	2.029958e-08	3.687295e+01	1.209548e+03
1.820000e-06	5.121740e-06	2.032688e-08	3.666299e+01	1.207005e+03
1.830000e-06	5.090761e-06	2.036700e-08	3.644124e+01	1.204250e+03
1.840000e-06	5.057846e-06	2.022231e-08	3.620562e+01	1.201266e+03
1.850000e-06	5.023098e-06	2.022824e-08	3.595688e+01	1.198045e+03
1.860000e-06	4.986822e-06	2.012758e-08	3.569721e+01	1.194591e+03
1.870000e-06	4.948700e-06	2.003471e-08	3.542432e+01	1.190919e+03
1.880000e-06	4.908777e-06	2.008830e-08	3.513854e+01	1.187047e+03
1.890000e-06	4.867177e-06	1.995681e-08	3.484075e+01	1.182992e+03
1.900000e-06	4.823897e-06	1.985852e-08	3.453094e+01	1.178768e+03
1.910000e-06	4.779081e-06	1.981336e-08	3.421013e+01	1.174386e+03
1.920000e-06	4.732332e-06	1.970538e-08	3.387549e+01	1.169849e+03
1.930000e-06	4.683659e-06	1.967153e-08	3.352707e+01	1.165155e+03
1.940000e-06	4.633453e-06	1.951946e-08	3.316768e+01	1.160295e+03
1.950000e-06	4.581485e-06	1.943206e-08	3.279568e+01	1.155257e+03
1.960000e-06	4.527594e-06	1.941123e-08	3.240991e+01	1.150028e+03
1.970000e-06	4.471780e-06	1.929846e-08	3.201038e+01	1.144594e+03
1.980000e-06	4.414327e-06	1.921026e-08	3.159911e+01	1.138947e+03
1.990000e-06	4.355531e-06	1.905654e-08	3.117823e+01	1.133083e+03
2.000000e-06	4.295284e-06	1.898213e-08	3.074696e+01	1.127006e+03
2.010000e-06	4.233383e-06	1.890301e-08	3.030386e+01	1.120724e+03
2.020000e-06	4.169750e-06	1.874931e-08	2.984835e+01	1.114250e+03
2.030000e-06	4.104649e-06	1.866536e-08	2.938234e+01	1.107593e+03
2.040000e-06	4.038123e-06	1.854888e-08	2.890613e+01	1.100757e+03
2.050000e-06	3.970208e-06	1.846126e-08	2.841997e+01	1.093739e+03
2.060000e-06	3.900890e-06	1.832156e-08	2.792377e+01	1.086530e+03
2.070000e-06	3.829945e-06	1.815714e-08	2.741593e+01	1.079112e+03
2.080000e-06	3.757592e-06	1.805650e-08	2.689800e+01	1.071474e+03
2.090000e-06	3.683915e-06	1.792425e-08	2.637060e+01	1.063604e+03
2.100000e-06	3.608811e-06	1.779531e-08	2.583298e+01	1.055502e+03
2.110000e-06	3.532263e-06	1.763167e-08	2.528502e+01	1.047176e+03
2.120000e-06	3.454141e-06	1.749870e-08	2.472580e+01	1.038638e+03
2.130000e-06	3.374664e-06	1.737712e-08	2.415688e+01	1.029902e+03
2.140000e-06	3.294095e-06	1.721546e-08	2.358015e+01	1.020974e+03
2.150000e-06	3.212491e-06	1.705123e-08	2.299600e+01	1.011852e+03
2.160000e-06	3.129776e-06	1.687976e-08	2.240390e+01	1.002523e+03
2.170000e-06	3.046006e-06	1.673956e-08	2.180425e+01	9.929668e+02
2.180000e-06	2.961311e-06	1.657505e-08	2.119797e+01	9.831647e+02
2.190000e-06	2.875390e-06	1.639024e-08	2.058293e+01	9.731039e+02
2.200000e-06	2.788236e-06	1.621745e-08	1.995905e+01	9.627830e+02
2.210000e-06	2.700168e-06	1.605138e-08	1.932863e+01	9.522129e+02
2.220000e-06	2.611226e-06	1.587763e-08	1.869196e+01	9.414127e+02
2.230000e-06	2.521438e-06	1.567301e-08	1.804923e+01	9.304032e+02
2.240000e-06	2.430760e-06	1.548307e-08	1.740013e+01	9.191986e+02
2.250000e-06	2.339213e-06	1.530562e-08	1.674481e+01	9.078015e+02
2.260000e-06	2.247025e-06	1.511461e-08	1.608490e+01	8.962011e+02
2.270000e-06	2.154234e-06	1.490197e-08	1.542067e+01	8.843765e+02
2.280000e-06	2.060516e-06	1.468618e-08	1.474981e+01	8.723038e+02
2.290000e-06	1.965778e-06	1.448922e-08	1.407164e+01	8.599637e+02
2.300000e-06	1.870262e-06	1.428528e-08	1.338791e+01	8.473480e+02
2.310000e-06	1.774176e-06	1.406363e-08	1.270010e+01	8.344605e+02
2.320000e-06	1.677613e-06	1.383963e-08	1.200887e+01	8.213142e+02
2.330000e-06	1.580491e-06	1.362467e-08	1.131364e+01	8.079240e+02
2.340000e-06	1.482777e-06	1.339913e-08	1.061417e+01	7.942987e+02
2.350000e-06	1.384538e-06	1.315065e-08	9.910949e+00	7.804345e+02
2.360000e-06	1.285868e-06	1.289835e-08	9.204637e+00	7.663133e+02
2.370000e-06	1.186740e-06	1.265965e-08	8.495052e+00	7.519061e+02
2.380000e-06	1.087194e-06	1.242349e-08	7.782473e+00	7.371795e+02
2.390000e-06	9.873608e-07	1.217023e-08	7.067832e+00	7.221049e+02
2.400000e-06	8.872946e-07	1.190705e-08	6.351528e+00	7.066646e+02
2.410000e-06	7.870043e-07	1.164362e-08	5.633619e+00	6.908542e+02
2.420000e-06	6.864454e-07	1.137259e-08	4.913787e+00	6.746798e+02
2.430000e-06	5.856350e-07	1.108268e-08	4.192155e+00	6.581501e+02
2.440000e-06	4.846250e-07	1.078529e-08	3.469095e+00	6.412669e+02
2.450000e-06	3.833971e-07	1.049420e-08	2.744474e+00	6.240162e+02
2.460000e-06	2.819401e-07	1.020536e-08	2.018214e+00	6.063628e+02
2.470000e-06	1.803402e-07	9.902673e-09	1.290930e+00	5.882493e+02
2.480000e-06	7.868945e-08	9.584471e-09	5.632833e-01	5.695998e+02
2.490000e-06	-2.301494e-08	9.260803e-09	-1.647481e-01	5.503265e+02
2.500000e-06	-1.247133e-07	8.928029e-09	-8.927360e-01	5.303380e+02
2.510000e-06	-2.263130e-07	8.576604e-09	-1.620018e+00	5.095451e+02
2.520000e-06	-3.277154e-07	8.203385e-09	-2.345887e+00	4.878665e+02
2.530000e-06	-4.288683e-07	7.820322e-09	-3.069971e+00	4.652299e+02
2.540000e-06	-5.298732e-07	7.426851e-09	-3.792995e+00	4.415720e+02
2.550000e-06	-6.306714e-07	7.011541e-09	-4.514540e+00	4.168353e+02
2.560000e-06	-7.311821e-07	6.570893e-09	-5.234026e+00	3.909626e+02
2.570000e-06	-8.314132e-07	6.112511e-09	-5.951512e+00	3.638889e+02
2.580000e-06	-9.313937e-07	5.641869e-09	-6.667203e+00	3.355308e+02
2.590000e-06	-1.031096e-06	5.146351e-09	-7.380905e+00	3.057738e+02
2.600000e-06	-1.130432e-06	4.618536e-09	-8.091981e+00	2.744616e+02
2.610000e-06	-1.229354e-06	4.061781e-09	-8.800092e+00	2.413891e+02
2.620000e-06	-1.327828e-06	3.475871e-09	-9.505005e+00	2.063057e+02
2.630000e-06	-1.425904e-06	2.850877e-09	-1.020706e+01	1.689314e+02
2.640000e-06	-1.523543e-06	2.177345e-09	-1.090599e+01	1.289879e+02
2.650000e-06	-1.620641e-06	1.456664e-09	-1.160105e+01	8.624268e+01
2.660000e-06	-1.717172e-06	6.927766e-10	-1.229205e+01	4.055970e+01
2.670000e-06	-1.813186e-06	-1.172389e-10	-1.297935e+01	-8.052414e+00
2.680000e-06	-1.908736e-06	-9.771378e-10	-1.366332e+01	-5.940517e+01
2.690000e-06	-2.003684e-06	-1.879152e-09	-1.434299e+01	-1.131173e+02
2.700000e-06	-2.097756e-06	-2.809576e-09	-1.501638e+01	-1.686291e+02
2.710000e-06	-2.190827e-06	-3.758846e-09	-1.568261e+01	-2.252440e+02
2.720000e-06	-2.283031e-06	-4.716676e-09	-1.634264e+01	-2.821903e+02
2.730000e-06	-2.374445e-06	-5.670144e-09	-1.699701e+01	-3.386922e+02
2.740000e-06	-2.465013e-06	-6.602971e-09	-1.764532e+01	-3.940379e+02
2.750000e-06	-2.554696e-06	-7.504162e-09	-1.828730e+01	-4.476325e+02
2.760000e-06	-2.643470e-06	-8.370616e-09	-1.892278e+01	-4.990275e+02
2.770000e-06	-2.731405e-06	-9.198589e-09	-1.955224e+01	-5.479267e+02
2.780000e-06	-2.818518e-06	-9.982201e-09	-2.017582e+01	-5.941699e+02
2.790000e-06	-2.904551e-06	-1.071671e-08	-2.079167e+01	-6.377044e+02
2.800000e-06	-2.989315e-06	-1.140497e-08	-2.139844e+01	-6.785509e+02
2.810000e-06	-3.072952e-06	-1.205129e-08	-2.199714e+01	-7.167746e+02
2.820000e-06	-3.155562e-06	-1.265561e-08	-2.258848e+01	-7.524648e+02
2.830000e-06	-3.237149e-06	-1.321659e-08	-2.317251e+01	-7.857245e+02
2.840000e-06	-3.317707e-06	-1.373826e-08	-2.374917e+01	-8.166688e+02
2.850000e-06	-3.397201e-06	-1.422650e-08	-2.431821e+01	-8.454259e+02
2.860000e-06	-3.475384e-06	-1.468230e-08	-2.487787e+01	-8.721386e+02
2.870000e-06	-3.551979e-06	-1.510342e-08	-2.542616e+01	-8.969608e+02
2.880000e-06	-3.627102e-06	-1.549245e-08	-2.596391e+01	-9.200509e+02
2.890000e-06	-3.700885e-06	-1.585620e-08	-2.649208e+01	-9.415622e+02
2.900000e-06	-3.773385e-06	-1.619771e-08	-2.701105e+01	-9.616337e+02
2.910000e-06	-3.844661e-06	-1.651502e-08	-2.752127e+01	-9.803840e+02
2.920000e-06	-3.914474e-06	-1.681058e-08	-2.802101e+01	-9.979106e+02
2.930000e-06	-3.982695e-06	-1.708855e-08	-2.850936e+01	-1.014294e+03
2.940000e-06	-4.049507e-06	-1.735070e-08	-2.898762e+01	-1.029604e+03
2.950000e-06	-4.114940e-06	-1.759492e-08	-2.945600e+01	-1.043909e+03
2.960000e-06	-4.179018e-06	-1.781924e-08	-2.991470e+01	-1.057281e+03
2.970000e-06	-4.241670e-06	-1.802893e-08	-3.036318e+01	-1.069796e+03
2.980000e-06	-4.302640e-06	-1.822794e-08	-3.079962e+01	-1.081531e+03
2.990000e-06	-4.362029e-06	-1.841566e-08	-3.122475e+01	-1.092558e+03
3.000000e-06	-4.419980e-06	-1.859027e-08	-3.163957e+01	-1.102941e+03
3.010000e-06	-4.476440e-06	-1.875570e-08	-3.204373e+01	-1.112724e+03
3.020000e-06	-4.531316e-06	-1.891332e-08	-3.243656e+01	-1.121939e+03
3.030000e-06	-4.584248e-06	-1.905991e-08	-3.281546e+01	-1.130602e+03
3.040000e-06	-4.635263e-06	-1.919616e-08	-3.318064e+01	-1.138722e+03
3.050000e-06	-4.684499e-06	-1.932541e-08	-3.353309e+01	-1.146311e+03
3.060000e-06	-4.731734e-06	-1.944877e-08	-3.387121e+01	-1.153384e+03
3.070000e-06	-4.777187e-06	-1.956024e-08	-3.419658e+01	-1.159969e+03
3.080000e-06	-4.821163e-06	-1.966154e-08	-3.451137e+01	-1.166101e+03
3.090000e-06	-4.863615e-06	-1.975749e-08	-3.481525e+01	-1.171820e+03
3.100000e-06	-4.904547e-06	-1.984950e-08	-3.510826e+01	-1.177166e+03
3.110000e-06	-4.943927e-06	-1.993739e-08	-3.539015e+01	-1.182171e+03
3.120000e-06	-4.981442e-06	-2.001685e-08	-3.565870e+01	-1.186857e+03
3.130000e-06	-5.017030e-06	-2.008923e-08	-3.591344e+01	-1.191236e+03
3.140000e-06	-5.050901e-06	-2.015744e-08	-3.615591e+01	-1.195310e+03
3.150000e-06	-5.083069e-06	-2.022118e-08	-3.638617e+01	-1.199079e+03
3.160000e-06	-5.113357e-06	-2.027854e-08	-3.660298e+01	-1.202544e+03
3.170000e-06	-5.141722e-06	-2.033088e-08	-3.680602e+01	-1.205712e+03
3.180000e-06	-5.168302e-06	-2.037956e-08	-3.699629e+01	-1.208597e+03
3.190000e-06	-5.193115e-06	-2.042451e-08	-3.717391e+01	-1.211219e+03
3.200000e-06	-5.216086e-06	-2.046554e-08	-3.733835e+01	-1.213598e+03
3.210000e-06	-5.237062e-06	-2.050304e-08	-3.748850e+01	-1.215752e+03
3.220000e-06	-5.256172e-06	-2.053802e-08	-3.762530e+01	-1.217689e+03
3.230000e-06	-5.273572e-06	-2.056803e-08	-3.774985e+01	-1.219410e+03
3.240000e-06	-5.289100e-06	-2.059229e-08	-3.786101e+01	-1.220905e+03
3.250000e-06	-5.302446e-06	-2.061202e-08	-3.795654e+01	-1.222164e+03
3.260000e-06	-5.313693e-06	-2.062664e-08	-3.803705e+01	-1.223179e+03
3.270000e-06	-5.323151e-06	-2.063867e-08	-3.810476e+01	-1.223948e+03
3.280000e-06	-5.330796e-06	-2.064834e-08	-3.815948e+01	-1.224482e+03
3.290000e-06	-5.336414e-06	-2.065439e-08	-3.819970e+01	-1.224802e+03
3.300000e-06	-5.340049e-06	-2.065787e-08	-3.822572e+01	-1.224933e+03
3.310000e-06	-5.341949e-06	-2.065974e-08	-3.823932e+01	-1.224901e+03
3.320000e-06	-5.342129e-06	-2.065799e-08	-3.824061e+01	-1.224724e+03
