# Temperatura_=_51.44
# Concentracion g/m^3_=_22500.0
# C_Vs_to_Am_M_A/Vsm_=_59384043850.047264
# pendiente_HvsI_1/m_=_3716.3
# ordenada_HvsI_A/m_=_1297.0
# frecuencia_Hz_=_301176.353509576

Tiempo_(s)	Campo_(V.s)	Magnetizacion_(V.s)	Campo_(kA/m)	Magnetizacion_(A/m)
0.000000e+00	-5.369623e-06	-2.080926e-08	-3.823149e+01	-1.234385e+03
1.000000e-08	-5.367789e-06	-2.079689e-08	-3.821843e+01	-1.234033e+03
2.000000e-08	-5.364005e-06	-2.078612e-08	-3.819148e+01	-1.233530e+03
3.000000e-08	-5.358516e-06	-2.077371e-08	-3.815241e+01	-1.232868e+03
4.000000e-08	-5.351393e-06	-2.075825e-08	-3.810169e+01	-1.232034e+03
5.000000e-08	-5.342636e-06	-2.074248e-08	-3.803934e+01	-1.231016e+03
6.000000e-08	-5.331941e-06	-2.072797e-08	-3.796319e+01	-1.229812e+03
7.000000e-08	-5.319232e-06	-2.071489e-08	-3.787270e+01	-1.228430e+03
8.000000e-08	-5.304627e-06	-2.067478e-08	-3.776872e+01	-1.226888e+03
9.000000e-08	-5.287569e-06	-2.057234e-08	-3.764726e+01	-1.225210e+03
1.000000e-07	-5.268103e-06	-2.054749e-08	-3.750867e+01	-1.223415e+03
1.100000e-07	-5.246807e-06	-2.057491e-08	-3.735704e+01	-1.221514e+03
1.200000e-07	-5.223861e-06	-2.054975e-08	-3.719367e+01	-1.219504e+03
1.300000e-07	-5.199553e-06	-2.057645e-08	-3.702059e+01	-1.217366e+03
1.400000e-07	-5.173910e-06	-2.047595e-08	-3.683801e+01	-1.215074e+03
1.500000e-07	-5.146415e-06	-2.032512e-08	-3.664226e+01	-1.212598e+03
1.600000e-07	-5.117094e-06	-2.044026e-08	-3.643349e+01	-1.209911e+03
1.700000e-07	-5.086305e-06	-2.032330e-08	-3.621427e+01	-1.207000e+03
1.800000e-07	-5.053696e-06	-2.014125e-08	-3.598210e+01	-1.203861e+03
1.900000e-07	-5.018988e-06	-2.022122e-08	-3.573498e+01	-1.200503e+03
2.000000e-07	-4.982650e-06	-2.010870e-08	-3.547625e+01	-1.196943e+03
2.100000e-07	-4.944680e-06	-2.008689e-08	-3.520591e+01	-1.193197e+03
2.200000e-07	-4.904893e-06	-2.007924e-08	-3.492263e+01	-1.189280e+03
2.300000e-07	-4.863406e-06	-1.986935e-08	-3.462724e+01	-1.185199e+03
2.400000e-07	-4.819970e-06	-1.982210e-08	-3.431798e+01	-1.180958e+03
2.500000e-07	-4.774697e-06	-1.980618e-08	-3.399564e+01	-1.176551e+03
2.600000e-07	-4.727659e-06	-1.971690e-08	-3.366073e+01	-1.171975e+03
2.700000e-07	-4.678792e-06	-1.963511e-08	-3.331280e+01	-1.167221e+03
2.800000e-07	-4.627969e-06	-1.951973e-08	-3.295094e+01	-1.162288e+03
2.900000e-07	-4.575046e-06	-1.947748e-08	-3.257413e+01	-1.157172e+03
3.000000e-07	-4.520339e-06	-1.940479e-08	-3.218462e+01	-1.151871e+03
3.100000e-07	-4.464162e-06	-1.926955e-08	-3.178464e+01	-1.146385e+03
3.200000e-07	-4.406434e-06	-1.915378e-08	-3.137362e+01	-1.140709e+03
3.300000e-07	-4.346905e-06	-1.907426e-08	-3.094978e+01	-1.134836e+03
3.400000e-07	-4.285812e-06	-1.903579e-08	-3.051479e+01	-1.128761e+03
3.500000e-07	-4.223384e-06	-1.888780e-08	-3.007031e+01	-1.122477e+03
3.600000e-07	-4.159571e-06	-1.874946e-08	-2.961597e+01	-1.115979e+03
3.700000e-07	-4.094237e-06	-1.867098e-08	-2.915079e+01	-1.109266e+03
3.800000e-07	-4.027133e-06	-1.856314e-08	-2.867302e+01	-1.102343e+03
3.900000e-07	-3.958406e-06	-1.844079e-08	-2.818368e+01	-1.095216e+03
4.000000e-07	-3.888410e-06	-1.828334e-08	-2.768531e+01	-1.087894e+03
4.100000e-07	-3.817174e-06	-1.817968e-08	-2.717812e+01	-1.080385e+03
4.200000e-07	-3.744697e-06	-1.808423e-08	-2.666208e+01	-1.072693e+03
4.300000e-07	-3.670709e-06	-1.794016e-08	-2.613529e+01	-1.064819e+03
4.400000e-07	-3.595044e-06	-1.777426e-08	-2.559656e+01	-1.056755e+03
4.500000e-07	-3.517936e-06	-1.762794e-08	-2.504755e+01	-1.048491e+03
4.600000e-07	-3.439467e-06	-1.751778e-08	-2.448885e+01	-1.040014e+03
4.700000e-07	-3.359537e-06	-1.736677e-08	-2.391976e+01	-1.031312e+03
4.800000e-07	-3.278250e-06	-1.719693e-08	-2.334100e+01	-1.022374e+03
4.900000e-07	-3.195816e-06	-1.704399e-08	-2.275407e+01	-1.013200e+03
5.000000e-07	-3.112314e-06	-1.690341e-08	-2.215954e+01	-1.003789e+03
5.100000e-07	-3.027901e-06	-1.674635e-08	-2.155853e+01	-9.941511e+02
5.200000e-07	-2.942649e-06	-1.656144e-08	-2.095153e+01	-9.842936e+02
5.300000e-07	-2.856445e-06	-1.638774e-08	-2.033777e+01	-9.742241e+02
5.400000e-07	-2.769235e-06	-1.623137e-08	-1.971683e+01	-9.639458e+02
5.500000e-07	-2.681135e-06	-1.605894e-08	-1.908956e+01	-9.534565e+02
5.600000e-07	-2.592139e-06	-1.586156e-08	-1.845592e+01	-9.427491e+02
5.700000e-07	-2.502062e-06	-1.567084e-08	-1.781457e+01	-9.318141e+02
5.800000e-07	-2.410879e-06	-1.549966e-08	-1.716536e+01	-9.206424e+02
5.900000e-07	-2.318806e-06	-1.531619e-08	-1.650980e+01	-9.092287e+02
6.000000e-07	-2.226029e-06	-1.510930e-08	-1.584923e+01	-8.975723e+02
6.100000e-07	-2.132545e-06	-1.490510e-08	-1.518363e+01	-8.856771e+02
6.200000e-07	-2.038320e-06	-1.471091e-08	-1.451275e+01	-8.735490e+02
6.300000e-07	-1.943415e-06	-1.450959e-08	-1.383703e+01	-8.611926e+02
6.400000e-07	-1.847897e-06	-1.428386e-08	-1.315695e+01	-8.486083e+02
6.500000e-07	-1.751713e-06	-1.405825e-08	-1.247212e+01	-8.357906e+02
6.600000e-07	-1.654896e-06	-1.384683e-08	-1.178279e+01	-8.227287e+02
6.700000e-07	-1.557393e-06	-1.363166e-08	-1.108857e+01	-8.094088e+02
6.800000e-07	-1.459128e-06	-1.339838e-08	-1.038893e+01	-7.958171e+02
6.900000e-07	-1.360148e-06	-1.316149e-08	-9.684196e+00	-7.819436e+02
7.000000e-07	-1.260593e-06	-1.293346e-08	-8.975371e+00	-7.677824e+02
7.100000e-07	-1.160642e-06	-1.269540e-08	-8.263718e+00	-7.533314e+02
7.200000e-07	-1.060346e-06	-1.243896e-08	-7.549618e+00	-7.385890e+02
7.300000e-07	-9.597510e-07	-1.217518e-08	-6.833386e+00	-7.235511e+02
7.400000e-07	-8.588839e-07	-1.192147e-08	-6.115216e+00	-7.082075e+02
7.500000e-07	-7.577377e-07	-1.166664e-08	-5.395060e+00	-6.925418e+02
7.600000e-07	-6.562972e-07	-1.139659e-08	-4.672808e+00	-6.765323e+02
7.700000e-07	-5.546699e-07	-1.111926e-08	-3.949226e+00	-6.601550e+02
7.800000e-07	-4.528800e-07	-1.084394e-08	-3.224486e+00	-6.433868e+02
7.900000e-07	-3.508868e-07	-1.056441e-08	-2.498299e+00	-6.262061e+02
8.000000e-07	-2.487318e-07	-1.026328e-08	-1.770960e+00	-6.085910e+02
8.100000e-07	-1.465078e-07	-9.946620e-09	-1.043129e+00	-5.905140e+02
8.200000e-07	-4.423152e-08	-9.632031e-09	-3.149265e-01	-5.719349e+02
8.300000e-07	5.807201e-08	-9.318949e-09	4.134702e-01	-5.527956e+02
8.400000e-07	1.603673e-07	-8.988249e-09	1.141808e+00	-5.330172e+02
8.500000e-07	2.626137e-07	-8.638466e-09	1.869798e+00	-5.125041e+02
8.600000e-07	3.647393e-07	-8.281986e-09	2.596928e+00	-4.911525e+02
8.700000e-07	4.667358e-07	-7.915014e-09	3.323139e+00	-4.688628e+02
8.800000e-07	5.685941e-07	-7.522012e-09	4.048366e+00	-4.455520e+02
8.900000e-07	6.702604e-07	-7.103487e-09	4.772225e+00	-4.211602e+02
9.000000e-07	7.716609e-07	-6.673173e-09	5.494192e+00	-3.956492e+02
9.100000e-07	8.727629e-07	-6.229491e-09	6.214035e+00	-3.689913e+02
9.200000e-07	9.735773e-07	-5.762781e-09	6.931828e+00	-3.411490e+02
9.300000e-07	1.074095e-06	-5.267712e-09	7.647510e+00	-3.120527e+02
9.400000e-07	1.174265e-06	-4.752334e-09	8.360719e+00	-2.815799e+02
9.500000e-07	1.274086e-06	-4.215224e-09	9.071437e+00	-2.495449e+02
9.600000e-07	1.373506e-06	-3.643017e-09	9.779305e+00	-2.157028e+02
9.700000e-07	1.472359e-06	-3.031096e-09	1.048313e+01	-1.797697e+02
9.800000e-07	1.570472e-06	-2.382760e-09	1.118169e+01	-1.414581e+02
9.900000e-07	1.667843e-06	-1.696606e-09	1.187497e+01	-1.005211e+02
1.000000e-06	1.764572e-06	-9.579186e-10	1.256368e+01	-5.679890e+01
1.010000e-06	1.860707e-06	-1.630223e-10	1.324816e+01	-1.025873e+01
1.020000e-06	1.956191e-06	6.744950e-10	1.392800e+01	3.897793e+01
1.030000e-06	2.051015e-06	1.546838e-09	1.460314e+01	9.062615e+01
1.040000e-06	2.145218e-06	2.453820e-09	1.527386e+01	1.442474e+02
1.050000e-06	2.238732e-06	3.387510e-09	1.593968e+01	1.992768e+02
1.060000e-06	2.331514e-06	4.327608e-09	1.660028e+01	2.550647e+02
1.070000e-06	2.423587e-06	5.263852e-09	1.725583e+01	3.109251e+02
1.080000e-06	2.514771e-06	6.193724e-09	1.790506e+01	3.661859e+02
1.090000e-06	2.604893e-06	7.110512e-09	1.854672e+01	4.202353e+02
1.100000e-06	2.693915e-06	7.995022e-09	1.918056e+01	4.725570e+02
1.110000e-06	2.781904e-06	8.835703e-09	1.980704e+01	5.227529e+02
1.120000e-06	2.869001e-06	9.632979e-09	2.042716e+01	5.705510e+02
1.130000e-06	2.955186e-06	1.039251e-08	2.104080e+01	6.157983e+02
1.140000e-06	3.040422e-06	1.111215e-08	2.164767e+01	6.584433e+02
1.150000e-06	3.124729e-06	1.178473e-08	2.224794e+01	6.985104e+02
1.160000e-06	3.207990e-06	1.241474e-08	2.284075e+01	7.360739e+02
1.170000e-06	3.290054e-06	1.300801e-08	2.342505e+01	7.712341e+02
1.180000e-06	3.370926e-06	1.356338e-08	2.400085e+01	8.041005e+02
1.190000e-06	3.450577e-06	1.407571e-08	2.456796e+01	8.347832e+02
1.200000e-06	3.528956e-06	1.455072e-08	2.512602e+01	8.633922e+02
1.210000e-06	3.606104e-06	1.499533e-08	2.567530e+01	8.900403e+02
1.220000e-06	3.681975e-06	1.541281e-08	2.621550e+01	9.148479e+02
1.230000e-06	3.756338e-06	1.580000e-08	2.674496e+01	9.379448e+02
1.240000e-06	3.829118e-06	1.616228e-08	2.726316e+01	9.594679e+02
1.250000e-06	3.900475e-06	1.650172e-08	2.777121e+01	9.795545e+02
1.260000e-06	3.970447e-06	1.681715e-08	2.826941e+01	9.983337e+02
1.270000e-06	4.039144e-06	1.710829e-08	2.875853e+01	1.015918e+03
1.280000e-06	4.106491e-06	1.737965e-08	2.923804e+01	1.032401e+03
1.290000e-06	4.172158e-06	1.763818e-08	2.970559e+01	1.047852e+03
1.300000e-06	4.236251e-06	1.788269e-08	3.016192e+01	1.062331e+03
1.310000e-06	4.298974e-06	1.811099e-08	3.060851e+01	1.075889e+03
1.320000e-06	4.360371e-06	1.832389e-08	3.104565e+01	1.088580e+03
1.330000e-06	4.420411e-06	1.852427e-08	3.147313e+01	1.100462e+03
1.340000e-06	4.478789e-06	1.871297e-08	3.188879e+01	1.111601e+03
1.350000e-06	4.535370e-06	1.888822e-08	3.229164e+01	1.122063e+03
1.360000e-06	4.590319e-06	1.905021e-08	3.268287e+01	1.131907e+03
1.370000e-06	4.643619e-06	1.920393e-08	3.306237e+01	1.141175e+03
1.380000e-06	4.694989e-06	1.935170e-08	3.342812e+01	1.149894e+03
1.390000e-06	4.744327e-06	1.948850e-08	3.377940e+01	1.158074e+03
1.400000e-06	4.791890e-06	1.961327e-08	3.411805e+01	1.165718e+03
1.410000e-06	4.837817e-06	1.973036e-08	3.444505e+01	1.172830e+03
1.420000e-06	4.882255e-06	1.984088e-08	3.476144e+01	1.179422e+03
1.430000e-06	4.924952e-06	1.994432e-08	3.506544e+01	1.185523e+03
1.440000e-06	4.965670e-06	2.003864e-08	3.535536e+01	1.191175e+03
1.450000e-06	5.004738e-06	2.012704e-08	3.563352e+01	1.196427e+03
1.460000e-06	5.042176e-06	2.021152e-08	3.590008e+01	1.201325e+03
1.470000e-06	5.077867e-06	2.028965e-08	3.615420e+01	1.205908e+03
1.480000e-06	5.111656e-06	2.036015e-08	3.639477e+01	1.210193e+03
1.490000e-06	5.143568e-06	2.042592e-08	3.662198e+01	1.214185e+03
1.500000e-06	5.173762e-06	2.048850e-08	3.683697e+01	1.217877e+03
1.510000e-06	5.202303e-06	2.054676e-08	3.704018e+01	1.221260e+03
1.520000e-06	5.228970e-06	2.059856e-08	3.723005e+01	1.224331e+03
1.530000e-06	5.253541e-06	2.064462e-08	3.740499e+01	1.227097e+03
1.540000e-06	5.276288e-06	2.068675e-08	3.756694e+01	1.229579e+03
1.550000e-06	5.297413e-06	2.072498e-08	3.771735e+01	1.231802e+03
1.560000e-06	5.316748e-06	2.075825e-08	3.785502e+01	1.233791e+03
1.570000e-06	5.334121e-06	2.078716e-08	3.797871e+01	1.235564e+03
1.580000e-06	5.349582e-06	2.081361e-08	3.808879e+01	1.237126e+03
1.590000e-06	5.363081e-06	2.083580e-08	3.818491e+01	1.238469e+03
1.600000e-06	5.374450e-06	2.085253e-08	3.826586e+01	1.239582e+03
1.610000e-06	5.383691e-06	2.086646e-08	3.833165e+01	1.240453e+03
1.620000e-06	5.390972e-06	2.087896e-08	3.838349e+01	1.241079e+03
1.630000e-06	5.396425e-06	2.088725e-08	3.842231e+01	1.241468e+03
1.640000e-06	5.400083e-06	2.089005e-08	3.844836e+01	1.241639e+03
1.650000e-06	5.401718e-06	2.088562e-08	3.846000e+01	1.241617e+03
1.660000e-06	5.401383e-06	2.088302e-08	3.845762e+01	1.241424e+03
1.670000e-06	5.399379e-06	2.088392e-08	3.844335e+01	1.241077e+03
1.680000e-06	5.395807e-06	2.087461e-08	3.841791e+01	1.240578e+03
1.690000e-06	5.390367e-06	2.086021e-08	3.837918e+01	1.239920e+03
1.700000e-06	5.382988e-06	2.084659e-08	3.832664e+01	1.239090e+03
1.710000e-06	5.374022e-06	2.082945e-08	3.826281e+01	1.238078e+03
1.720000e-06	5.363424e-06	2.080087e-08	3.818735e+01	1.236879e+03
1.730000e-06	5.350959e-06	2.075969e-08	3.809860e+01	1.235502e+03
1.740000e-06	5.336505e-06	2.081281e-08	3.799569e+01	1.233964e+03
1.750000e-06	5.320003e-06	2.082343e-08	3.787819e+01	1.232288e+03
1.760000e-06	5.301107e-06	2.074633e-08	3.774366e+01	1.230496e+03
1.770000e-06	5.279518e-06	2.067916e-08	3.758994e+01	1.228597e+03
1.780000e-06	5.255916e-06	2.051988e-08	3.742189e+01	1.226589e+03
1.790000e-06	5.231254e-06	2.059884e-08	3.724630e+01	1.224455e+03
1.800000e-06	5.205546e-06	2.074336e-08	3.706327e+01	1.222168e+03
1.810000e-06	5.178009e-06	2.044241e-08	3.686720e+01	1.219697e+03
1.820000e-06	5.148397e-06	2.044101e-08	3.665637e+01	1.217017e+03
1.830000e-06	5.117222e-06	2.057061e-08	3.643440e+01	1.214112e+03
1.840000e-06	5.084227e-06	2.036029e-08	3.619948e+01	1.210980e+03
1.850000e-06	5.049392e-06	2.041040e-08	3.595145e+01	1.207628e+03
1.860000e-06	5.013001e-06	2.030256e-08	3.569236e+01	1.204073e+03
1.870000e-06	4.974640e-06	2.011819e-08	3.541922e+01	1.200332e+03
1.880000e-06	4.934503e-06	2.026955e-08	3.513345e+01	1.196419e+03
1.890000e-06	4.892678e-06	2.012235e-08	3.483566e+01	1.192343e+03
1.900000e-06	4.849145e-06	1.997233e-08	3.452571e+01	1.188106e+03
1.910000e-06	4.804076e-06	1.997346e-08	3.420482e+01	1.183704e+03
1.920000e-06	4.756976e-06	1.984192e-08	3.386946e+01	1.179132e+03
1.930000e-06	4.707994e-06	1.987754e-08	3.352071e+01	1.174383e+03
1.940000e-06	4.657527e-06	1.968201e-08	3.316139e+01	1.169455e+03
1.950000e-06	4.605213e-06	1.954375e-08	3.278892e+01	1.164344e+03
1.960000e-06	4.550896e-06	1.959740e-08	3.240219e+01	1.159048e+03
1.970000e-06	4.494731e-06	1.945545e-08	3.200229e+01	1.153567e+03
1.980000e-06	4.437022e-06	1.938002e-08	3.159141e+01	1.147896e+03
1.990000e-06	4.377955e-06	1.918606e-08	3.117085e+01	1.142030e+03
2.000000e-06	4.317282e-06	1.912786e-08	3.073886e+01	1.135960e+03
2.010000e-06	4.254912e-06	1.910565e-08	3.029479e+01	1.129682e+03
2.020000e-06	4.190970e-06	1.888571e-08	2.983953e+01	1.123190e+03
2.030000e-06	4.125626e-06	1.881300e-08	2.937428e+01	1.116484e+03
2.040000e-06	4.058886e-06	1.867723e-08	2.889909e+01	1.109566e+03
2.050000e-06	3.990642e-06	1.860181e-08	2.841320e+01	1.102445e+03
2.060000e-06	3.920751e-06	1.846473e-08	2.791558e+01	1.095128e+03
2.070000e-06	3.849322e-06	1.825961e-08	2.740701e+01	1.087624e+03
2.080000e-06	3.776650e-06	1.820879e-08	2.688959e+01	1.079937e+03
2.090000e-06	3.702610e-06	1.807387e-08	2.636242e+01	1.072068e+03
2.100000e-06	3.627159e-06	1.794774e-08	2.582522e+01	1.064010e+03
2.110000e-06	3.550171e-06	1.775102e-08	2.527706e+01	1.055752e+03
2.120000e-06	3.471587e-06	1.761316e-08	2.471755e+01	1.047281e+03
2.130000e-06	3.391784e-06	1.752690e-08	2.414936e+01	1.038585e+03
2.140000e-06	3.310848e-06	1.734882e-08	2.357309e+01	1.029655e+03
2.150000e-06	3.228837e-06	1.718997e-08	2.298918e+01	1.020487e+03
2.160000e-06	3.145842e-06	1.701014e-08	2.239826e+01	1.011084e+03
2.170000e-06	3.061780e-06	1.689326e-08	2.179974e+01	1.001452e+03
2.180000e-06	2.976502e-06	1.672226e-08	2.119257e+01	9.916005e+02
2.190000e-06	2.889947e-06	1.651318e-08	2.057630e+01	9.815370e+02
2.200000e-06	2.802352e-06	1.634494e-08	1.995263e+01	9.712646e+02
2.210000e-06	2.713853e-06	1.619231e-08	1.932251e+01	9.607815e+02
2.220000e-06	2.624491e-06	1.603356e-08	1.868627e+01	9.500805e+02
2.230000e-06	2.534325e-06	1.580661e-08	1.804428e+01	9.391522e+02
2.240000e-06	2.443347e-06	1.561423e-08	1.739653e+01	9.279876e+02
2.250000e-06	2.351567e-06	1.544590e-08	1.674306e+01	9.165811e+02
2.260000e-06	2.258980e-06	1.525958e-08	1.608384e+01	9.049318e+02
2.270000e-06	2.165443e-06	1.503614e-08	1.541786e+01	8.930435e+02
2.280000e-06	2.070951e-06	1.481520e-08	1.474508e+01	8.809221e+02
2.290000e-06	1.975727e-06	1.463551e-08	1.406709e+01	8.685723e+02
2.300000e-06	1.879833e-06	1.443363e-08	1.338433e+01	8.559947e+02
2.310000e-06	1.783314e-06	1.419925e-08	1.269712e+01	8.431840e+02
2.320000e-06	1.686249e-06	1.396449e-08	1.200602e+01	8.301296e+02
2.330000e-06	1.588656e-06	1.376206e-08	1.131116e+01	8.168175e+02
2.340000e-06	1.490500e-06	1.354534e-08	1.061230e+01	8.032343e+02
2.350000e-06	1.391782e-06	1.328957e-08	9.909432e+00	7.893694e+02
2.360000e-06	1.292675e-06	1.303383e-08	9.203789e+00	7.752171e+02
2.370000e-06	1.193300e-06	1.280530e-08	8.496246e+00	7.607749e+02
2.380000e-06	1.093606e-06	1.257597e-08	7.786429e+00	7.460415e+02
2.390000e-06	9.934887e-07	1.230942e-08	7.073597e+00	7.310127e+02
2.400000e-06	8.929070e-07	1.203601e-08	6.357459e+00	7.156787e+02
2.410000e-06	7.919128e-07	1.178139e-08	5.638385e+00	7.000234e+02
2.420000e-06	6.904811e-07	1.152487e-08	4.916196e+00	6.840250e+02
2.430000e-06	5.886378e-07	1.123532e-08	4.191076e+00	6.676598e+02
2.440000e-06	4.865937e-07	1.093273e-08	3.464526e+00	6.509044e+02
2.450000e-06	3.844301e-07	1.064882e-08	2.737126e+00	6.337373e+02
2.460000e-06	2.820904e-07	1.036915e-08	2.008471e+00	6.161367e+02
2.470000e-06	1.796121e-07	1.006083e-08	1.278831e+00	5.980752e+02
2.480000e-06	7.708072e-08	9.732873e-09	5.488114e-01	5.795134e+02
2.490000e-06	-2.545207e-08	9.413153e-09	-1.812176e-01	5.603938e+02
2.500000e-06	-1.279562e-07	9.094323e-09	-9.110425e-01	5.406384e+02
2.510000e-06	-2.304361e-07	8.749413e-09	-1.640695e+00	5.201517e+02
2.520000e-06	-3.328045e-07	8.374591e-09	-2.369554e+00	4.988303e+02
2.530000e-06	-4.349088e-07	7.999791e-09	-3.096532e+00	4.765742e+02
2.540000e-06	-5.368273e-07	7.621408e-09	-3.822187e+00	4.532995e+02
2.550000e-06	-6.384600e-07	7.211889e-09	-4.545808e+00	4.289455e+02
2.560000e-06	-7.396747e-07	6.767612e-09	-5.266452e+00	4.034735e+02
2.570000e-06	-8.405130e-07	6.313097e-09	-5.984417e+00	3.768555e+02
2.580000e-06	-9.409472e-07	5.858840e-09	-6.699504e+00	3.490550e+02
2.590000e-06	-1.041028e-06	5.375895e-09	-7.412076e+00	3.200037e+02
2.600000e-06	-1.140721e-06	4.855617e-09	-8.121884e+00	2.895814e+02
2.610000e-06	-1.240013e-06	4.315123e-09	-8.828838e+00	2.576046e+02
2.620000e-06	-1.338952e-06	3.758997e-09	-9.533284e+00	2.238303e+02
2.630000e-06	-1.437458e-06	3.164589e-09	-1.023464e+01	1.879754e+02
2.640000e-06	-1.535474e-06	2.514503e-09	-1.093251e+01	1.497518e+02
2.650000e-06	-1.632980e-06	1.823136e-09	-1.162675e+01	1.089105e+02
2.660000e-06	-1.729955e-06	1.099486e-09	-1.231720e+01	6.528763e+01
2.670000e-06	-1.826395e-06	3.287953e-10	-1.300386e+01	1.884546e+01
2.680000e-06	-1.922240e-06	-4.986902e-10	-1.368626e+01	-3.030036e+01
2.690000e-06	-2.017490e-06	-1.365629e-09	-1.436444e+01	-8.187066e+01
2.700000e-06	-2.112127e-06	-2.255495e-09	-1.503825e+01	-1.354320e+02
2.710000e-06	-2.205984e-06	-3.172263e-09	-1.570651e+01	-1.904235e+02
2.720000e-06	-2.298878e-06	-4.115058e-09	-1.636791e+01	-2.461976e+02
2.730000e-06	-2.390731e-06	-5.063649e-09	-1.702190e+01	-3.020686e+02
2.740000e-06	-2.481696e-06	-5.992990e-09	-1.766957e+01	-3.573634e+02
2.750000e-06	-2.571818e-06	-6.898199e-09	-1.831123e+01	-4.114671e+02
2.760000e-06	-2.661024e-06	-7.782901e-09	-1.894638e+01	-4.638596e+02
2.770000e-06	-2.749331e-06	-8.637444e-09	-1.957512e+01	-5.141384e+02
2.780000e-06	-2.836758e-06	-9.443949e-09	-2.019760e+01	-5.620270e+02
2.790000e-06	-2.923252e-06	-1.020177e-08	-2.081343e+01	-6.073684e+02
2.800000e-06	-3.008614e-06	-1.092356e-08	-2.142120e+01	-6.501077e+02
2.810000e-06	-3.092713e-06	-1.160759e-08	-2.201998e+01	-6.902673e+02
2.820000e-06	-3.175669e-06	-1.224383e-08	-2.261062e+01	-7.279202e+02
2.830000e-06	-3.257579e-06	-1.283297e-08	-2.319382e+01	-7.631659e+02
2.840000e-06	-3.338458e-06	-1.338846e-08	-2.376968e+01	-7.961137e+02
2.850000e-06	-3.418299e-06	-1.391513e-08	-2.433814e+01	-8.268741e+02
2.860000e-06	-3.496932e-06	-1.440248e-08	-2.489800e+01	-8.555567e+02
2.870000e-06	-3.574010e-06	-1.484885e-08	-2.544680e+01	-8.822744e+02
2.880000e-06	-3.649485e-06	-1.526492e-08	-2.598417e+01	-9.071471e+02
2.890000e-06	-3.723583e-06	-1.565853e-08	-2.651175e+01	-9.303043e+02
2.900000e-06	-3.796374e-06	-1.602782e-08	-2.703002e+01	-9.518826e+02
2.910000e-06	-3.867929e-06	-1.636708e-08	-2.753949e+01	-9.720197e+02
2.920000e-06	-3.938113e-06	-1.668462e-08	-2.803920e+01	-9.908451e+02
2.930000e-06	-4.006699e-06	-1.698800e-08	-2.852753e+01	-1.008472e+03
2.940000e-06	-4.073774e-06	-1.727154e-08	-2.900509e+01	-1.024994e+03
2.950000e-06	-4.139472e-06	-1.753108e-08	-2.947286e+01	-1.040483e+03
2.960000e-06	-4.203796e-06	-1.777209e-08	-2.993085e+01	-1.054997e+03
2.970000e-06	-4.266678e-06	-1.800209e-08	-3.037857e+01	-1.068589e+03
2.980000e-06	-4.327907e-06	-1.821877e-08	-3.081452e+01	-1.081311e+03
2.990000e-06	-4.387434e-06	-1.841831e-08	-3.123834e+01	-1.093222e+03
3.000000e-06	-4.445499e-06	-1.860524e-08	-3.165176e+01	-1.104388e+03
3.010000e-06	-4.502106e-06	-1.878516e-08	-3.205480e+01	-1.114875e+03
3.020000e-06	-4.557139e-06	-1.895669e-08	-3.244663e+01	-1.124741e+03
3.030000e-06	-4.610370e-06	-1.911337e-08	-3.282563e+01	-1.134031e+03
3.040000e-06	-4.661598e-06	-1.925800e-08	-3.319037e+01	-1.142771e+03
3.050000e-06	-4.710963e-06	-1.939772e-08	-3.354185e+01	-1.150972e+03
3.060000e-06	-4.758337e-06	-1.953209e-08	-3.387915e+01	-1.158637e+03
3.070000e-06	-4.803864e-06	-1.965252e-08	-3.420330e+01	-1.165769e+03
3.080000e-06	-4.847959e-06	-1.975923e-08	-3.451726e+01	-1.172380e+03
3.090000e-06	-4.890618e-06	-1.986133e-08	-3.482099e+01	-1.178500e+03
3.100000e-06	-4.931738e-06	-1.995927e-08	-3.511376e+01	-1.184168e+03
3.110000e-06	-4.971250e-06	-2.005107e-08	-3.539509e+01	-1.189435e+03
3.120000e-06	-5.008904e-06	-2.013486e-08	-3.566318e+01	-1.194347e+03
3.130000e-06	-5.044588e-06	-2.021315e-08	-3.591725e+01	-1.198942e+03
3.140000e-06	-5.078561e-06	-2.028648e-08	-3.615914e+01	-1.203239e+03
3.150000e-06	-5.110911e-06	-2.035296e-08	-3.638947e+01	-1.207243e+03
3.160000e-06	-5.141403e-06	-2.041076e-08	-3.660657e+01	-1.210948e+03
3.170000e-06	-5.169865e-06	-2.046639e-08	-3.680922e+01	-1.214344e+03
3.180000e-06	-5.196480e-06	-2.052035e-08	-3.699871e+01	-1.217427e+03
3.190000e-06	-5.221357e-06	-2.056802e-08	-3.717584e+01	-1.220205e+03
3.200000e-06	-5.244443e-06	-2.060986e-08	-3.734021e+01	-1.222698e+03
3.210000e-06	-5.265481e-06	-2.064931e-08	-3.749000e+01	-1.224932e+03
3.220000e-06	-5.284546e-06	-2.068792e-08	-3.762574e+01	-1.226931e+03
3.230000e-06	-5.301936e-06	-2.071845e-08	-3.774956e+01	-1.228712e+03
3.240000e-06	-5.317580e-06	-2.074083e-08	-3.786094e+01	-1.230283e+03
3.250000e-06	-5.331108e-06	-2.076012e-08	-3.795726e+01	-1.231636e+03
3.260000e-06	-5.342385e-06	-2.077899e-08	-3.803756e+01	-1.232759e+03
3.270000e-06	-5.351751e-06	-2.079618e-08	-3.810423e+01	-1.233640e+03
3.280000e-06	-5.359326e-06	-2.080744e-08	-3.815817e+01	-1.234277e+03
3.290000e-06	-5.364872e-06	-2.081317e-08	-3.819766e+01	-1.234675e+03
3.300000e-06	-5.368443e-06	-2.081776e-08	-3.822309e+01	-1.234855e+03
3.310000e-06	-5.370303e-06	-2.082139e-08	-3.823632e+01	-1.234840e+03
3.320000e-06	-5.370412e-06	-2.081889e-08	-3.823710e+01	-1.234655e+03
