# Temperatura_=_61.42
# Concentracion g/m^3_=_22500.0
# C_Vs_to_Am_M_A/Vsm_=_59384043850.047264
# pendiente_HvsI_1/m_=_3716.3
# ordenada_HvsI_A/m_=_1297.0
# frecuencia_Hz_=_301174.3046591032

Tiempo_(s)	Campo_(V.s)	Magnetizacion_(V.s)	Campo_(kA/m)	Magnetizacion_(A/m)
0.000000e+00	-5.361353e-06	-2.072781e-08	-3.823620e+01	-1.228709e+03
1.000000e-08	-5.359887e-06	-2.071677e-08	-3.822575e+01	-1.228439e+03
2.000000e-08	-5.356469e-06	-2.070248e-08	-3.820138e+01	-1.228042e+03
3.000000e-08	-5.351281e-06	-2.069046e-08	-3.816437e+01	-1.227491e+03
4.000000e-08	-5.344468e-06	-2.067791e-08	-3.811579e+01	-1.226747e+03
5.000000e-08	-5.336033e-06	-2.066282e-08	-3.805563e+01	-1.225778e+03
6.000000e-08	-5.325703e-06	-2.064403e-08	-3.798196e+01	-1.224566e+03
7.000000e-08	-5.313327e-06	-2.062688e-08	-3.789370e+01	-1.223123e+03
8.000000e-08	-5.299030e-06	-2.060046e-08	-3.779173e+01	-1.221490e+03
9.000000e-08	-5.282397e-06	-2.051894e-08	-3.767311e+01	-1.219722e+03
1.000000e-07	-5.263399e-06	-2.047113e-08	-3.753762e+01	-1.217874e+03
1.100000e-07	-5.242435e-06	-2.047469e-08	-3.738811e+01	-1.215984e+03
1.200000e-07	-5.219778e-06	-2.045023e-08	-3.722652e+01	-1.214059e+03
1.300000e-07	-5.195795e-06	-2.046444e-08	-3.705548e+01	-1.212070e+03
1.400000e-07	-5.170552e-06	-2.041600e-08	-3.687545e+01	-1.209964e+03
1.500000e-07	-5.143508e-06	-2.025835e-08	-3.668257e+01	-1.207676e+03
1.600000e-07	-5.114542e-06	-2.029365e-08	-3.647599e+01	-1.205147e+03
1.700000e-07	-5.084117e-06	-2.025458e-08	-3.625901e+01	-1.202341e+03
1.800000e-07	-5.051975e-06	-2.009276e-08	-3.602978e+01	-1.199251e+03
1.900000e-07	-5.017664e-06	-2.011015e-08	-3.578508e+01	-1.195895e+03
2.000000e-07	-4.981682e-06	-2.002948e-08	-3.552846e+01	-1.192308e+03
2.100000e-07	-4.944168e-06	-1.997797e-08	-3.526092e+01	-1.188526e+03
2.200000e-07	-4.904846e-06	-1.997377e-08	-3.498048e+01	-1.184579e+03
2.300000e-07	-4.863844e-06	-1.981685e-08	-3.468806e+01	-1.180479e+03
2.400000e-07	-4.820903e-06	-1.973244e-08	-3.438181e+01	-1.176225e+03
2.500000e-07	-4.776008e-06	-1.971669e-08	-3.406163e+01	-1.171807e+03
2.600000e-07	-4.729369e-06	-1.964474e-08	-3.372901e+01	-1.167216e+03
2.700000e-07	-4.680958e-06	-1.958016e-08	-3.338375e+01	-1.162446e+03
2.800000e-07	-4.630592e-06	-1.947487e-08	-3.302455e+01	-1.157502e+03
2.900000e-07	-4.578139e-06	-1.940041e-08	-3.265046e+01	-1.152393e+03
3.000000e-07	-4.523888e-06	-1.934943e-08	-3.226355e+01	-1.147126e+03
3.100000e-07	-4.468105e-06	-1.923572e-08	-3.186573e+01	-1.141702e+03
3.200000e-07	-4.410766e-06	-1.910872e-08	-3.145679e+01	-1.136111e+03
3.300000e-07	-4.351652e-06	-1.901598e-08	-3.103520e+01	-1.130333e+03
3.400000e-07	-4.290898e-06	-1.897508e-08	-3.060191e+01	-1.124344e+03
3.500000e-07	-4.228782e-06	-1.885218e-08	-3.015892e+01	-1.118126e+03
3.600000e-07	-4.165300e-06	-1.870702e-08	-2.970617e+01	-1.111668e+03
3.700000e-07	-4.100382e-06	-1.860870e-08	-2.924319e+01	-1.104974e+03
3.800000e-07	-4.033762e-06	-1.849768e-08	-2.876807e+01	-1.098058e+03
3.900000e-07	-3.965453e-06	-1.837698e-08	-2.828090e+01	-1.090940e+03
4.000000e-07	-3.895815e-06	-1.823327e-08	-2.778426e+01	-1.083635e+03
4.100000e-07	-3.824923e-06	-1.811535e-08	-2.727866e+01	-1.076154e+03
4.200000e-07	-3.752771e-06	-1.801540e-08	-2.676409e+01	-1.068491e+03
4.300000e-07	-3.679193e-06	-1.788286e-08	-2.623934e+01	-1.060637e+03
4.400000e-07	-3.603962e-06	-1.771894e-08	-2.570281e+01	-1.052576e+03
4.500000e-07	-3.527232e-06	-1.756079e-08	-2.515558e+01	-1.044293e+03
4.600000e-07	-3.449126e-06	-1.743641e-08	-2.459855e+01	-1.035782e+03
4.700000e-07	-3.369559e-06	-1.729742e-08	-2.403109e+01	-1.027044e+03
4.800000e-07	-3.288633e-06	-1.713238e-08	-2.345394e+01	-1.018087e+03
4.900000e-07	-3.206585e-06	-1.697509e-08	-2.286879e+01	-1.008917e+03
5.000000e-07	-3.123414e-06	-1.682948e-08	-2.227563e+01	-9.995377e+02
5.100000e-07	-3.039260e-06	-1.667901e-08	-2.167546e+01	-9.899481e+02
5.200000e-07	-2.954310e-06	-1.650227e-08	-2.106961e+01	-9.801403e+02
5.300000e-07	-2.868424e-06	-1.632016e-08	-2.045709e+01	-9.701047e+02
5.400000e-07	-2.781564e-06	-1.615368e-08	-1.983761e+01	-9.598342e+02
5.500000e-07	-2.693794e-06	-1.598421e-08	-1.921165e+01	-9.493281e+02
5.600000e-07	-2.605130e-06	-1.579575e-08	-1.857932e+01	-9.385923e+02
5.700000e-07	-2.515429e-06	-1.560101e-08	-1.793959e+01	-9.276371e+02
5.800000e-07	-2.424603e-06	-1.542395e-08	-1.729183e+01	-9.164730e+02
5.900000e-07	-2.332847e-06	-1.524523e-08	-1.663744e+01	-9.051050e+02
6.000000e-07	-2.240370e-06	-1.504486e-08	-1.597791e+01	-8.935298e+02
6.100000e-07	-2.147212e-06	-1.483712e-08	-1.531353e+01	-8.817353e+02
6.200000e-07	-2.053307e-06	-1.463716e-08	-1.464382e+01	-8.697043e+02
6.300000e-07	-1.958623e-06	-1.443948e-08	-1.396855e+01	-8.574195e+02
6.400000e-07	-1.863265e-06	-1.422204e-08	-1.328847e+01	-8.448686e+02
6.500000e-07	-1.767340e-06	-1.399517e-08	-1.260435e+01	-8.320477e+02
6.600000e-07	-1.670791e-06	-1.377657e-08	-1.191578e+01	-8.189604e+02
6.700000e-07	-1.573566e-06	-1.356269e-08	-1.122239e+01	-8.056147e+02
6.800000e-07	-1.475685e-06	-1.333646e-08	-1.052432e+01	-7.920171e+02
6.900000e-07	-1.377146e-06	-1.309772e-08	-9.821555e+00	-7.781673e+02
7.000000e-07	-1.277925e-06	-1.286099e-08	-9.113931e+00	-7.640556e+02
7.100000e-07	-1.178161e-06	-1.262428e-08	-8.402435e+00	-7.496629e+02
7.200000e-07	-1.078053e-06	-1.237593e-08	-7.688480e+00	-7.349645e+02
7.300000e-07	-9.776861e-07	-1.211468e-08	-6.972682e+00	-7.199350e+02
7.400000e-07	-8.770376e-07	-1.185500e-08	-6.254875e+00	-7.045534e+02
7.500000e-07	-7.760758e-07	-1.159632e-08	-5.534833e+00	-6.888059e+02
7.600000e-07	-6.748479e-07	-1.132778e-08	-4.812894e+00	-6.726857e+02
7.700000e-07	-5.734093e-07	-1.104791e-08	-4.089452e+00	-6.561900e+02
7.800000e-07	-4.717659e-07	-1.076393e-08	-3.364549e+00	-6.393144e+02
7.900000e-07	-3.699893e-07	-1.047980e-08	-2.638697e+00	-6.220468e+02
8.000000e-07	-2.681255e-07	-1.018501e-08	-1.912223e+00	-6.043630e+02
8.100000e-07	-1.661311e-07	-9.874318e-09	-1.184817e+00	-5.862223e+02
8.200000e-07	-6.401022e-08	-9.555519e-09	-4.565094e-01	-5.675672e+02
8.300000e-07	3.813693e-08	-9.235430e-09	2.719857e-01	-5.483237e+02
8.400000e-07	1.402623e-07	-8.904499e-09	1.000326e+00	-5.284051e+02
8.500000e-07	2.423472e-07	-8.555237e-09	1.728377e+00	-5.077167e+02
8.600000e-07	3.443264e-07	-8.192175e-09	2.455674e+00	-4.861624e+02
8.700000e-07	4.461685e-07	-7.818229e-09	3.181993e+00	-4.636510e+02
8.800000e-07	5.478440e-07	-7.425458e-09	3.907125e+00	-4.401030e+02
8.900000e-07	6.493475e-07	-7.006859e-09	4.631030e+00	-4.154529e+02
9.000000e-07	7.506510e-07	-6.568274e-09	5.353508e+00	-3.896474e+02
9.100000e-07	8.516959e-07	-6.113304e-09	6.074142e+00	-3.626366e+02
9.200000e-07	9.524504e-07	-5.640084e-09	6.792705e+00	-3.343592e+02
9.300000e-07	1.052929e-06	-5.139222e-09	7.509301e+00	-3.047237e+02
9.400000e-07	1.153122e-06	-4.610588e-09	8.223859e+00	-2.735898e+02
9.500000e-07	1.252975e-06	-4.057655e-09	8.935995e+00	-2.407578e+02
9.600000e-07	1.352423e-06	-3.473613e-09	9.645241e+00	-2.059704e+02
9.700000e-07	1.451281e-06	-2.848453e-09	1.035028e+01	-1.689308e+02
9.800000e-07	1.549333e-06	-2.177500e-09	1.104956e+01	-1.293395e+02
9.900000e-07	1.646628e-06	-1.462073e-09	1.174345e+01	-8.694317e+01
1.000000e-06	1.743342e-06	-6.977018e-10	1.243320e+01	-4.158878e+01
1.010000e-06	1.839505e-06	1.217515e-10	1.311902e+01	6.727696e+00
1.020000e-06	1.935009e-06	9.905337e-10	1.380014e+01	5.782863e+01
1.030000e-06	2.029833e-06	1.895491e-09	1.447640e+01	1.113456e+02
1.040000e-06	2.123985e-06	2.828047e-09	1.514788e+01	1.667368e+02
1.050000e-06	2.217400e-06	3.782205e-09	1.581410e+01	2.233280e+02
1.060000e-06	2.310149e-06	4.746511e-09	1.647557e+01	2.803710e+02
1.070000e-06	2.402290e-06	5.705164e-09	1.713270e+01	3.371077e+02
1.080000e-06	2.493616e-06	6.644298e-09	1.778402e+01	3.928307e+02
1.090000e-06	2.583825e-06	7.557557e-09	1.842738e+01	4.469304e+02
1.100000e-06	2.672868e-06	8.434931e-09	1.906241e+01	4.989256e+02
1.110000e-06	2.760927e-06	9.267468e-09	1.969043e+01	5.484737e+02
1.120000e-06	2.848073e-06	1.005048e-08	2.031195e+01	5.953648e+02
1.130000e-06	2.934290e-06	1.078783e-08	2.092683e+01	6.395047e+02
1.140000e-06	3.019551e-06	1.148428e-08	2.153489e+01	6.808905e+02
1.150000e-06	3.103930e-06	1.213714e-08	2.213667e+01	7.195852e+02
1.160000e-06	3.187374e-06	1.274477e-08	2.273178e+01	7.556949e+02
1.170000e-06	3.269602e-06	1.331119e-08	2.331821e+01	7.893500e+02
1.180000e-06	3.350543e-06	1.383908e-08	2.389547e+01	8.206914e+02
1.190000e-06	3.430266e-06	1.432658e-08	2.446404e+01	8.498625e+02
1.200000e-06	3.508770e-06	1.477869e-08	2.502391e+01	8.770046e+02
1.210000e-06	3.586037e-06	1.519969e-08	2.557498e+01	9.022557e+02
1.220000e-06	3.662054e-06	1.559310e-08	2.611711e+01	9.257512e+02
1.230000e-06	3.736553e-06	1.596007e-08	2.664843e+01	9.476237e+02
1.240000e-06	3.809411e-06	1.630371e-08	2.716803e+01	9.680034e+02
1.250000e-06	3.880894e-06	1.662448e-08	2.767784e+01	9.870156e+02
1.260000e-06	3.951058e-06	1.692240e-08	2.817824e+01	1.004778e+03
1.270000e-06	4.019909e-06	1.719916e-08	2.866927e+01	1.021395e+03
1.280000e-06	4.087501e-06	1.745806e-08	2.915132e+01	1.036957e+03
1.290000e-06	4.153514e-06	1.770239e-08	2.962212e+01	1.051540e+03
1.300000e-06	4.217886e-06	1.793177e-08	3.008120e+01	1.065203e+03
1.310000e-06	4.280833e-06	1.814642e-08	3.053014e+01	1.077999e+03
1.320000e-06	4.342380e-06	1.834763e-08	3.096908e+01	1.089976e+03
1.330000e-06	4.402648e-06	1.853623e-08	3.139890e+01	1.101184e+03
1.340000e-06	4.461450e-06	1.871247e-08	3.181826e+01	1.111679e+03
1.350000e-06	4.518392e-06	1.887714e-08	3.222436e+01	1.121520e+03
1.360000e-06	4.573590e-06	1.903032e-08	3.261802e+01	1.130763e+03
1.370000e-06	4.627157e-06	1.917436e-08	3.300005e+01	1.139458e+03
1.380000e-06	4.678896e-06	1.931132e-08	3.336905e+01	1.147643e+03
1.390000e-06	4.728585e-06	1.943949e-08	3.372342e+01	1.155340e+03
1.400000e-06	4.776388e-06	1.955884e-08	3.406434e+01	1.162558e+03
1.410000e-06	4.822608e-06	1.967047e-08	3.439397e+01	1.169301e+03
1.420000e-06	4.867261e-06	1.977502e-08	3.471243e+01	1.175575e+03
1.430000e-06	4.910143e-06	1.987151e-08	3.501826e+01	1.181398e+03
1.440000e-06	4.951096e-06	1.996000e-08	3.531033e+01	1.186799e+03
1.450000e-06	4.990335e-06	2.004362e-08	3.559017e+01	1.191819e+03
1.460000e-06	5.027941e-06	2.012431e-08	3.585837e+01	1.196504e+03
1.470000e-06	5.063920e-06	2.019886e-08	3.611497e+01	1.200892e+03
1.480000e-06	5.097976e-06	2.026754e-08	3.635785e+01	1.205010e+03
1.490000e-06	5.130107e-06	2.033225e-08	3.658700e+01	1.208867e+03
1.500000e-06	5.160641e-06	2.039337e-08	3.680477e+01	1.212456e+03
1.510000e-06	5.189516e-06	2.045039e-08	3.701070e+01	1.215765e+03
1.520000e-06	5.216502e-06	2.050205e-08	3.720315e+01	1.218783e+03
1.530000e-06	5.241378e-06	2.054671e-08	3.738057e+01	1.221508e+03
1.540000e-06	5.264342e-06	2.058599e-08	3.754434e+01	1.223953e+03
1.550000e-06	5.285605e-06	2.062332e-08	3.769599e+01	1.226142e+03
1.560000e-06	5.305185e-06	2.065706e-08	3.783563e+01	1.228099e+03
1.570000e-06	5.322883e-06	2.068721e-08	3.796184e+01	1.229845e+03
1.580000e-06	5.338560e-06	2.071423e-08	3.807365e+01	1.231386e+03
1.590000e-06	5.352291e-06	2.073675e-08	3.817158e+01	1.232717e+03
1.600000e-06	5.364004e-06	2.075282e-08	3.825511e+01	1.233820e+03
1.610000e-06	5.373512e-06	2.076510e-08	3.832292e+01	1.234680e+03
1.620000e-06	5.381016e-06	2.077589e-08	3.837644e+01	1.235293e+03
1.630000e-06	5.386777e-06	2.078339e-08	3.841752e+01	1.235669e+03
1.640000e-06	5.390766e-06	2.078851e-08	3.844597e+01	1.235835e+03
1.650000e-06	5.392733e-06	2.078865e-08	3.846000e+01	1.235830e+03
1.660000e-06	5.392694e-06	2.078668e-08	3.845972e+01	1.235685e+03
1.670000e-06	5.391000e-06	2.078588e-08	3.844765e+01	1.235418e+03
1.680000e-06	5.387790e-06	2.077639e-08	3.842475e+01	1.235024e+03
1.690000e-06	5.382844e-06	2.076355e-08	3.838948e+01	1.234478e+03
1.700000e-06	5.375941e-06	2.075157e-08	3.834025e+01	1.233741e+03
1.710000e-06	5.367297e-06	2.073776e-08	3.827860e+01	1.232779e+03
1.720000e-06	5.357049e-06	2.071765e-08	3.820551e+01	1.231574e+03
1.730000e-06	5.344972e-06	2.068192e-08	3.811938e+01	1.230139e+03
1.740000e-06	5.330885e-06	2.069613e-08	3.801891e+01	1.228510e+03
1.750000e-06	5.314802e-06	2.070841e-08	3.790421e+01	1.226745e+03
1.760000e-06	5.296362e-06	2.064945e-08	3.777270e+01	1.224898e+03
1.770000e-06	5.275263e-06	2.058783e-08	3.762223e+01	1.223008e+03
1.780000e-06	5.252029e-06	2.048275e-08	3.745652e+01	1.221083e+03
1.790000e-06	5.227527e-06	2.048950e-08	3.728178e+01	1.219096e+03
1.800000e-06	5.202147e-06	2.061224e-08	3.710078e+01	1.216994e+03
1.810000e-06	5.175169e-06	2.043077e-08	3.690837e+01	1.214712e+03
1.820000e-06	5.146052e-06	2.036042e-08	3.670072e+01	1.212192e+03
1.830000e-06	5.115302e-06	2.048698e-08	3.648141e+01	1.209395e+03
1.840000e-06	5.082693e-06	2.034176e-08	3.624886e+01	1.206314e+03
1.850000e-06	5.048124e-06	2.031067e-08	3.600231e+01	1.202965e+03
1.860000e-06	5.012085e-06	2.027095e-08	3.574529e+01	1.199384e+03
1.870000e-06	4.974092e-06	2.008631e-08	3.547433e+01	1.195608e+03
1.880000e-06	4.934224e-06	2.013857e-08	3.519000e+01	1.191665e+03
1.890000e-06	4.892812e-06	2.007719e-08	3.489466e+01	1.187570e+03
1.900000e-06	4.849673e-06	1.992980e-08	3.458700e+01	1.183320e+03
1.910000e-06	4.804992e-06	1.991146e-08	3.426834e+01	1.178907e+03
1.920000e-06	4.758403e-06	1.977064e-08	3.393607e+01	1.174321e+03
1.930000e-06	4.709811e-06	1.974052e-08	3.358952e+01	1.169556e+03
1.940000e-06	4.659655e-06	1.962914e-08	3.323182e+01	1.164617e+03
1.950000e-06	4.607699e-06	1.945663e-08	3.286128e+01	1.159513e+03
1.960000e-06	4.553759e-06	1.946141e-08	3.247659e+01	1.154250e+03
1.970000e-06	4.497997e-06	1.936985e-08	3.207891e+01	1.148831e+03
1.980000e-06	4.440655e-06	1.928265e-08	3.166996e+01	1.143245e+03
1.990000e-06	4.381975e-06	1.912760e-08	3.125146e+01	1.137472e+03
2.000000e-06	4.321742e-06	1.901407e-08	3.082189e+01	1.131491e+03
2.010000e-06	4.259805e-06	1.899305e-08	3.038017e+01	1.125280e+03
2.020000e-06	4.196235e-06	1.883071e-08	2.992680e+01	1.118829e+03
2.030000e-06	4.131235e-06	1.872736e-08	2.946323e+01	1.112142e+03
2.040000e-06	4.064886e-06	1.860892e-08	2.899004e+01	1.105233e+03
2.050000e-06	3.996999e-06	1.850482e-08	2.850588e+01	1.098120e+03
2.060000e-06	3.927557e-06	1.840125e-08	2.801063e+01	1.090821e+03
2.070000e-06	3.856580e-06	1.821065e-08	2.750444e+01	1.083345e+03
2.080000e-06	3.784224e-06	1.811232e-08	2.698841e+01	1.075688e+03
2.090000e-06	3.710541e-06	1.799343e-08	2.646291e+01	1.067840e+03
2.100000e-06	3.635440e-06	1.786734e-08	2.592731e+01	1.059785e+03
2.110000e-06	3.558869e-06	1.770438e-08	2.538121e+01	1.051509e+03
2.120000e-06	3.480684e-06	1.754723e-08	2.482362e+01	1.043005e+03
2.130000e-06	3.401177e-06	1.744826e-08	2.425658e+01	1.034274e+03
2.140000e-06	3.320559e-06	1.728973e-08	2.368163e+01	1.025323e+03
2.150000e-06	3.238889e-06	1.712194e-08	2.309917e+01	1.016159e+03
2.160000e-06	3.156215e-06	1.694091e-08	2.250956e+01	1.006787e+03
2.170000e-06	3.072502e-06	1.680416e-08	2.191253e+01	9.972036e+02
2.180000e-06	2.987630e-06	1.665748e-08	2.130724e+01	9.874026e+02
2.190000e-06	2.901438e-06	1.646378e-08	2.069254e+01	9.773740e+02
2.200000e-06	2.814176e-06	1.628524e-08	2.007020e+01	9.671109e+02
2.210000e-06	2.725959e-06	1.611856e-08	1.944105e+01	9.566120e+02
2.220000e-06	2.636860e-06	1.595784e-08	1.880561e+01	9.458830e+02
2.230000e-06	2.546977e-06	1.575141e-08	1.816458e+01	9.349344e+02
2.240000e-06	2.456260e-06	1.554873e-08	1.751760e+01	9.237764e+02
2.250000e-06	2.364711e-06	1.537406e-08	1.686469e+01	9.124146e+02
2.260000e-06	2.272320e-06	1.519650e-08	1.620578e+01	9.008458e+02
2.270000e-06	2.179114e-06	1.499002e-08	1.554105e+01	8.890582e+02
2.280000e-06	2.084991e-06	1.476575e-08	1.486978e+01	8.770348e+02
2.290000e-06	1.989972e-06	1.456756e-08	1.419212e+01	8.647582e+02
2.300000e-06	1.894266e-06	1.437076e-08	1.350957e+01	8.522157e+02
2.310000e-06	1.797989e-06	1.414759e-08	1.282293e+01	8.394033e+02
2.320000e-06	1.701172e-06	1.391236e-08	1.213246e+01	8.263242e+02
2.330000e-06	1.603782e-06	1.369702e-08	1.143788e+01	8.129865e+02
2.340000e-06	1.505853e-06	1.348565e-08	1.073947e+01	7.993966e+02
2.350000e-06	1.407386e-06	1.324659e-08	1.003723e+01	7.855548e+02
2.360000e-06	1.308497e-06	1.299042e-08	9.331962e+00	7.714516e+02
2.370000e-06	1.209283e-06	1.274859e-08	8.624389e+00	7.570682e+02
2.380000e-06	1.109678e-06	1.251495e-08	7.914023e+00	7.423800e+02
2.390000e-06	1.009748e-06	1.225981e-08	7.201343e+00	7.273616e+02
2.400000e-06	9.094736e-07	1.198748e-08	6.486202e+00	7.119916e+02
2.410000e-06	8.088095e-07	1.172224e-08	5.768284e+00	6.962562e+02
2.420000e-06	7.077992e-07	1.146407e-08	5.047897e+00	6.801483e+02
2.430000e-06	6.064391e-07	1.118660e-08	4.325015e+00	6.636649e+02
2.440000e-06	5.048075e-07	1.088749e-08	3.600196e+00	6.468018e+02
2.450000e-06	4.030018e-07	1.059058e-08	2.874137e+00	6.295474e+02
2.460000e-06	3.010088e-07	1.030352e-08	2.146741e+00	6.118779e+02
2.470000e-06	1.987846e-07	1.000185e-08	1.417696e+00	5.937533e+02
2.480000e-06	9.646252e-08	9.676663e-09	6.879533e-01	5.751165e+02
2.490000e-06	-5.858664e-09	9.346751e-09	-4.178294e-02	5.558943e+02
2.500000e-06	-1.082282e-07	9.019769e-09	-7.718643e-01	5.360003e+02
2.510000e-06	-2.105591e-07	8.678810e-09	-1.501670e+00	5.153399e+02
2.520000e-06	-3.126670e-07	8.307622e-09	-2.229885e+00	4.938169e+02
2.530000e-06	-4.144765e-07	7.922798e-09	-2.955972e+00	4.713401e+02
2.540000e-06	-5.161478e-07	7.533713e-09	-3.681073e+00	4.478292e+02
2.550000e-06	-6.176320e-07	7.123354e-09	-4.404840e+00	4.232183e+02
2.560000e-06	-7.187270e-07	6.681587e-09	-5.125832e+00	3.974537e+02
2.570000e-06	-8.194057e-07	6.219129e-09	-5.843855e+00	3.704857e+02
2.580000e-06	-9.197242e-07	5.751725e-09	-6.559308e+00	3.422537e+02
2.590000e-06	-1.019756e-06	5.264895e-09	-7.272718e+00	3.126676e+02
2.600000e-06	-1.119451e-06	4.740662e-09	-7.983725e+00	2.815891e+02
2.610000e-06	-1.218777e-06	4.185661e-09	-8.692097e+00	2.488208e+02
2.620000e-06	-1.317671e-06	3.606001e-09	-9.397394e+00	2.141070e+02
2.630000e-06	-1.416102e-06	2.991883e-09	-1.009938e+01	1.771520e+02
2.640000e-06	-1.514144e-06	2.324949e-09	-1.079860e+01	1.376554e+02
2.650000e-06	-1.611685e-06	1.606217e-09	-1.149425e+01	9.536152e+01
2.660000e-06	-1.708608e-06	8.484691e-10	-1.218549e+01	5.011269e+01
2.670000e-06	-1.804994e-06	4.767383e-11	-1.287289e+01	1.898932e+00
2.680000e-06	-1.900885e-06	-8.057794e-10	-1.355677e+01	-4.910894e+01
2.690000e-06	-1.996227e-06	-1.706051e-09	-1.423673e+01	-1.025492e+02
2.700000e-06	-2.090870e-06	-2.634225e-09	-1.491171e+01	-1.578855e+02
2.710000e-06	-2.184638e-06	-3.579696e-09	-1.558045e+01	-2.144477e+02
2.720000e-06	-2.277494e-06	-4.538552e-09	-1.624268e+01	-2.714889e+02
2.730000e-06	-2.369441e-06	-5.499423e-09	-1.689843e+01	-3.282504e+02
2.740000e-06	-2.460502e-06	-6.441321e-09	-1.754786e+01	-3.840218e+02
2.750000e-06	-2.550705e-06	-7.350174e-09	-1.819117e+01	-4.381898e+02
2.760000e-06	-2.639979e-06	-8.225928e-09	-1.882786e+01	-4.902681e+02
2.770000e-06	-2.728288e-06	-9.067860e-09	-1.945766e+01	-5.399091e+02
2.780000e-06	-2.815733e-06	-9.863646e-09	-2.008130e+01	-5.868985e+02
2.790000e-06	-2.902247e-06	-1.060601e-08	-2.069830e+01	-6.311383e+02
2.800000e-06	-2.987561e-06	-1.130461e-08	-2.130675e+01	-6.726228e+02
2.810000e-06	-3.071667e-06	-1.196408e-08	-2.190658e+01	-7.114132e+02
2.820000e-06	-3.154703e-06	-1.257919e-08	-2.249878e+01	-7.476143e+02
2.830000e-06	-3.236730e-06	-1.314634e-08	-2.308377e+01	-7.813558e+02
2.840000e-06	-3.317676e-06	-1.367268e-08	-2.366107e+01	-8.127785e+02
2.850000e-06	-3.397547e-06	-1.416881e-08	-2.423070e+01	-8.420258e+02
2.860000e-06	-3.476244e-06	-1.463221e-08	-2.479195e+01	-8.692391e+02
2.870000e-06	-3.553438e-06	-1.505924e-08	-2.534248e+01	-8.945566e+02
2.880000e-06	-3.629073e-06	-1.545527e-08	-2.588190e+01	-9.181136e+02
2.890000e-06	-3.703297e-06	-1.582917e-08	-2.641125e+01	-9.400430e+02
2.900000e-06	-3.776180e-06	-1.618037e-08	-2.693104e+01	-9.604749e+02
2.910000e-06	-3.847822e-06	-1.650101e-08	-2.744197e+01	-9.795350e+02
2.920000e-06	-3.918144e-06	-1.679622e-08	-2.794350e+01	-9.973409e+02
2.930000e-06	-3.986872e-06	-1.707646e-08	-2.843366e+01	-1.013998e+03
2.940000e-06	-4.054128e-06	-1.734262e-08	-2.891331e+01	-1.029598e+03
2.950000e-06	-4.120040e-06	-1.759099e-08	-2.938338e+01	-1.044216e+03
2.960000e-06	-4.184508e-06	-1.782117e-08	-2.984316e+01	-1.057913e+03
2.970000e-06	-4.247583e-06	-1.803826e-08	-3.029300e+01	-1.070740e+03
2.980000e-06	-4.309093e-06	-1.824451e-08	-3.073168e+01	-1.082746e+03
2.990000e-06	-4.368914e-06	-1.843562e-08	-3.115831e+01	-1.093982e+03
3.000000e-06	-4.427242e-06	-1.861071e-08	-3.157430e+01	-1.104503e+03
3.010000e-06	-4.484104e-06	-1.877553e-08	-3.197983e+01	-1.114367e+03
3.020000e-06	-4.539432e-06	-1.893400e-08	-3.237441e+01	-1.123631e+03
3.030000e-06	-4.592917e-06	-1.908274e-08	-3.275586e+01	-1.132347e+03
3.040000e-06	-4.644416e-06	-1.922054e-08	-3.312314e+01	-1.140551e+03
3.050000e-06	-4.694091e-06	-1.935176e-08	-3.347741e+01	-1.148266e+03
3.060000e-06	-4.741817e-06	-1.948064e-08	-3.381779e+01	-1.155502e+03
3.070000e-06	-4.787662e-06	-1.959844e-08	-3.414475e+01	-1.162263e+03
3.080000e-06	-4.831923e-06	-1.970172e-08	-3.446041e+01	-1.168555e+03
3.090000e-06	-4.874704e-06	-1.979849e-08	-3.476551e+01	-1.174394e+03
3.100000e-06	-4.915978e-06	-1.989015e-08	-3.505987e+01	-1.179811e+03
3.110000e-06	-4.955686e-06	-1.997789e-08	-3.534306e+01	-1.184845e+03
3.120000e-06	-4.993586e-06	-2.005923e-08	-3.561336e+01	-1.189543e+03
3.130000e-06	-5.029545e-06	-2.013413e-08	-3.586981e+01	-1.193942e+03
3.140000e-06	-5.063728e-06	-2.020611e-08	-3.611360e+01	-1.198070e+03
3.150000e-06	-5.096246e-06	-2.027221e-08	-3.634551e+01	-1.201937e+03
3.160000e-06	-5.127012e-06	-2.032835e-08	-3.656493e+01	-1.205538e+03
3.170000e-06	-5.155767e-06	-2.037960e-08	-3.677000e+01	-1.208858e+03
3.180000e-06	-5.182690e-06	-2.042844e-08	-3.696201e+01	-1.211887e+03
3.190000e-06	-5.207926e-06	-2.047630e-08	-3.714199e+01	-1.214624e+03
3.200000e-06	-5.231375e-06	-2.052127e-08	-3.730923e+01	-1.217080e+03
3.210000e-06	-5.252821e-06	-2.056176e-08	-3.746218e+01	-1.219279e+03
3.220000e-06	-5.272317e-06	-2.059971e-08	-3.760122e+01	-1.221245e+03
3.230000e-06	-5.290154e-06	-2.063036e-08	-3.772843e+01	-1.222999e+03
3.240000e-06	-5.306144e-06	-2.065238e-08	-3.784247e+01	-1.224549e+03
3.250000e-06	-5.319934e-06	-2.066769e-08	-3.794081e+01	-1.225889e+03
3.260000e-06	-5.331528e-06	-2.068144e-08	-3.802350e+01	-1.227002e+03
3.270000e-06	-5.341223e-06	-2.069686e-08	-3.809264e+01	-1.227872e+03
3.280000e-06	-5.349150e-06	-2.071159e-08	-3.814918e+01	-1.228494e+03
3.290000e-06	-5.355145e-06	-2.072059e-08	-3.819193e+01	-1.228879e+03
3.300000e-06	-5.359169e-06	-2.072527e-08	-3.822063e+01	-1.229054e+03
3.310000e-06	-5.361418e-06	-2.072957e-08	-3.823667e+01	-1.229055e+03
3.320000e-06	-5.361861e-06	-2.073027e-08	-3.823983e+01	-1.228916e+03
