# Temperatura_=_38.46
# Concentracion g/m^3_=_22500.0
# C_Vs_to_Am_M_A/Vsm_=_59384043850.047264
# pendiente_HvsI_1/m_=_3716.3
# ordenada_HvsI_A/m_=_1297.0
# frecuencia_Hz_=_301174.6331612726

Tiempo_(s)	Campo_(V.s)	Magnetizacion_(V.s)	Campo_(kA/m)	Magnetizacion_(A/m)
0.000000e+00	-5.360072e-06	-2.074125e-08	-3.823129e+01	-1.229748e+03
1.000000e-08	-5.358301e-06	-2.072502e-08	-3.821866e+01	-1.229346e+03
2.000000e-08	-5.354588e-06	-2.071108e-08	-3.819218e+01	-1.228784e+03
3.000000e-08	-5.349157e-06	-2.069937e-08	-3.815343e+01	-1.228071e+03
4.000000e-08	-5.342049e-06	-2.068613e-08	-3.810274e+01	-1.227202e+03
5.000000e-08	-5.333358e-06	-2.067024e-08	-3.804074e+01	-1.226165e+03
6.000000e-08	-5.322777e-06	-2.065254e-08	-3.796528e+01	-1.224951e+03
7.000000e-08	-5.310169e-06	-2.063770e-08	-3.787535e+01	-1.223557e+03
8.000000e-08	-5.295610e-06	-2.060414e-08	-3.777151e+01	-1.221996e+03
9.000000e-08	-5.278574e-06	-2.050946e-08	-3.765000e+01	-1.220293e+03
1.000000e-07	-5.259172e-06	-2.047492e-08	-3.751161e+01	-1.218478e+03
1.100000e-07	-5.237924e-06	-2.048731e-08	-3.736006e+01	-1.216575e+03
1.200000e-07	-5.215028e-06	-2.045614e-08	-3.719675e+01	-1.214593e+03
1.300000e-07	-5.190805e-06	-2.047819e-08	-3.702397e+01	-1.212517e+03
1.400000e-07	-5.165278e-06	-2.040207e-08	-3.684190e+01	-1.210310e+03
1.500000e-07	-5.137879e-06	-2.024686e-08	-3.664647e+01	-1.207920e+03
1.600000e-07	-5.108625e-06	-2.032308e-08	-3.643782e+01	-1.205297e+03
1.700000e-07	-5.077966e-06	-2.022929e-08	-3.621914e+01	-1.202401e+03
1.800000e-07	-5.045495e-06	-2.005728e-08	-3.598753e+01	-1.199221e+03
1.900000e-07	-5.010876e-06	-2.011610e-08	-3.574061e+01	-1.195769e+03
2.000000e-07	-4.974651e-06	-2.001174e-08	-3.548223e+01	-1.192084e+03
2.100000e-07	-4.936851e-06	-1.997520e-08	-3.521262e+01	-1.188213e+03
2.200000e-07	-4.897302e-06	-1.996566e-08	-3.493053e+01	-1.184200e+03
2.300000e-07	-4.856045e-06	-1.978393e-08	-3.463626e+01	-1.180071e+03
2.400000e-07	-4.812745e-06	-1.972387e-08	-3.432742e+01	-1.175829e+03
2.500000e-07	-4.767554e-06	-1.970079e-08	-3.400509e+01	-1.171457e+03
2.600000e-07	-4.720689e-06	-1.962928e-08	-3.367082e+01	-1.166923e+03
2.700000e-07	-4.672017e-06	-1.956096e-08	-3.332366e+01	-1.162195e+03
2.800000e-07	-4.621352e-06	-1.943907e-08	-3.296229e+01	-1.157250e+03
2.900000e-07	-4.568597e-06	-1.939675e-08	-3.258601e+01	-1.152084e+03
3.000000e-07	-4.514044e-06	-1.933878e-08	-3.219690e+01	-1.146708e+03
3.100000e-07	-4.457976e-06	-1.919107e-08	-3.179699e+01	-1.141143e+03
3.200000e-07	-4.400359e-06	-1.906971e-08	-3.138603e+01	-1.135412e+03
3.300000e-07	-4.340991e-06	-1.898548e-08	-3.096258e+01	-1.129526e+03
3.400000e-07	-4.280048e-06	-1.893803e-08	-3.052790e+01	-1.123483e+03
3.500000e-07	-4.217751e-06	-1.880538e-08	-3.008357e+01	-1.117265e+03
3.600000e-07	-4.154055e-06	-1.867018e-08	-2.962924e+01	-1.110845e+03
3.700000e-07	-4.088910e-06	-1.858361e-08	-2.916459e+01	-1.104198e+03
3.800000e-07	-4.022064e-06	-1.847569e-08	-2.868780e+01	-1.097304e+03
3.900000e-07	-3.953596e-06	-1.835212e-08	-2.819944e+01	-1.090162e+03
4.000000e-07	-3.883847e-06	-1.819455e-08	-2.770196e+01	-1.082782e+03
4.100000e-07	-3.812850e-06	-1.808568e-08	-2.719556e+01	-1.075189e+03
4.200000e-07	-3.740526e-06	-1.798802e-08	-2.667970e+01	-1.067408e+03
4.300000e-07	-3.666611e-06	-1.784286e-08	-2.615250e+01	-1.059457e+03
4.400000e-07	-3.591055e-06	-1.767580e-08	-2.561359e+01	-1.051345e+03
4.500000e-07	-3.514140e-06	-1.752821e-08	-2.506498e+01	-1.043063e+03
4.600000e-07	-3.435873e-06	-1.741685e-08	-2.450673e+01	-1.034594e+03
4.700000e-07	-3.356111e-06	-1.727321e-08	-2.393782e+01	-1.025912e+03
4.800000e-07	-3.275006e-06	-1.710436e-08	-2.335933e+01	-1.016994e+03
4.900000e-07	-3.192745e-06	-1.695072e-08	-2.277260e+01	-1.007827e+03
5.000000e-07	-3.109439e-06	-1.680639e-08	-2.217841e+01	-9.984057e+02
5.100000e-07	-3.025211e-06	-1.664429e-08	-2.157764e+01	-9.887389e+02
5.200000e-07	-2.940122e-06	-1.646031e-08	-2.097073e+01	-9.788405e+02
5.300000e-07	-2.854134e-06	-1.628826e-08	-2.035742e+01	-9.687264e+02
5.400000e-07	-2.767156e-06	-1.613304e-08	-1.973704e+01	-9.584090e+02
5.500000e-07	-2.679276e-06	-1.596162e-08	-1.911022e+01	-9.478940e+02
5.600000e-07	-2.590492e-06	-1.576501e-08	-1.847696e+01	-9.371795e+02
5.700000e-07	-2.500607e-06	-1.557117e-08	-1.783585e+01	-9.262577e+02
5.800000e-07	-2.409596e-06	-1.539867e-08	-1.718670e+01	-9.151181e+02
5.900000e-07	-2.317691e-06	-1.521507e-08	-1.653118e+01	-9.037512e+02
6.000000e-07	-2.225114e-06	-1.500781e-08	-1.587086e+01	-8.921509e+02
6.100000e-07	-2.131864e-06	-1.480508e-08	-1.520575e+01	-8.803152e+02
6.200000e-07	-2.037829e-06	-1.461353e-08	-1.453504e+01	-8.682458e+02
6.300000e-07	-1.943065e-06	-1.441491e-08	-1.385912e+01	-8.559453e+02
6.400000e-07	-1.847692e-06	-1.418994e-08	-1.317886e+01	-8.434153e+02
6.500000e-07	-1.751706e-06	-1.396519e-08	-1.249423e+01	-8.306538e+02
6.600000e-07	-1.655061e-06	-1.375521e-08	-1.180490e+01	-8.176544e+02
6.700000e-07	-1.557684e-06	-1.354232e-08	-1.111035e+01	-8.044071e+02
6.800000e-07	-1.459676e-06	-1.331107e-08	-1.041129e+01	-7.908997e+02
6.900000e-07	-1.361048e-06	-1.307322e-08	-9.707821e+00	-7.771198e+02
7.000000e-07	-1.261757e-06	-1.284283e-08	-8.999614e+00	-7.630575e+02
7.100000e-07	-1.161956e-06	-1.260628e-08	-8.287775e+00	-7.487055e+02
7.200000e-07	-1.061794e-06	-1.235335e-08	-7.573362e+00	-7.340597e+02
7.300000e-07	-9.613399e-07	-1.209330e-08	-6.856860e+00	-7.191177e+02
7.400000e-07	-8.605943e-07	-1.184307e-08	-6.138281e+00	-7.038763e+02
7.500000e-07	-7.596004e-07	-1.158984e-08	-5.417932e+00	-6.883296e+02
7.600000e-07	-6.583631e-07	-1.132070e-08	-4.695846e+00	-6.724676e+02
7.700000e-07	-5.569255e-07	-1.104408e-08	-3.972331e+00	-6.562746e+02
7.800000e-07	-4.552817e-07	-1.076948e-08	-3.247345e+00	-6.397294e+02
7.900000e-07	-3.534462e-07	-1.049310e-08	-2.520993e+00	-6.228058e+02
8.000000e-07	-2.515225e-07	-1.019985e-08	-1.794011e+00	-6.054717e+02
8.100000e-07	-1.495461e-07	-9.892969e-09	-1.066654e+00	-5.876886e+02
8.200000e-07	-4.750688e-08	-9.585998e-09	-3.388479e-01	-5.694098e+02
8.300000e-07	5.457538e-08	-9.277738e-09	3.892648e-01	-5.505785e+02
8.400000e-07	1.566217e-07	-8.951384e-09	1.117121e+00	-5.311271e+02
8.500000e-07	2.586549e-07	-8.605761e-09	1.844884e+00	-5.109779e+02
8.600000e-07	3.606071e-07	-8.253716e-09	2.572069e+00	-4.900472e+02
8.700000e-07	4.624338e-07	-7.894911e-09	3.298359e+00	-4.682520e+02
8.800000e-07	5.640742e-07	-7.514701e-09	4.023320e+00	-4.455168e+02
8.900000e-07	6.655063e-07	-7.108566e-09	4.746795e+00	-4.217804e+02
9.000000e-07	7.667483e-07	-6.690044e-09	5.468914e+00	-3.969977e+02
9.100000e-07	8.677343e-07	-6.259833e-09	6.189208e+00	-3.711351e+02
9.200000e-07	9.684473e-07	-5.809287e-09	6.907554e+00	-3.441595e+02
9.300000e-07	1.068878e-06	-5.330877e-09	7.623890e+00	-3.160209e+02
9.400000e-07	1.168963e-06	-4.832664e-09	8.337755e+00	-2.866340e+02
9.500000e-07	1.268651e-06	-4.317890e-09	9.048791e+00	-2.558634e+02
9.600000e-07	1.367893e-06	-3.774988e-09	9.756643e+00	-2.235177e+02
9.700000e-07	1.466521e-06	-3.195321e-09	1.046012e+01	-1.893579e+02
9.800000e-07	1.564420e-06	-2.580537e-09	1.115839e+01	-1.531202e+02
9.900000e-07	1.661625e-06	-1.932847e-09	1.185172e+01	-1.145520e+02
1.000000e-06	1.758205e-06	-1.240791e-09	1.254059e+01	-7.345499e+01
1.010000e-06	1.854147e-06	-4.987082e-10	1.322490e+01	-2.972832e+01
1.020000e-06	1.949453e-06	2.882085e-10	1.390469e+01	1.659755e+01
1.030000e-06	2.044150e-06	1.111484e-09	1.458012e+01	6.534199e+01
1.040000e-06	2.138186e-06	1.967427e-09	1.525084e+01	1.161746e+02
1.050000e-06	2.231529e-06	2.853769e-09	1.591662e+01	1.686347e+02
1.060000e-06	2.324197e-06	3.757951e-09	1.657758e+01	2.221656e+02
1.070000e-06	2.416163e-06	4.667251e-09	1.723354e+01	2.761588e+02
1.080000e-06	2.507216e-06	5.574568e-09	1.788299e+01	3.299995e+02
1.090000e-06	2.597145e-06	6.474667e-09	1.852442e+01	3.831079e+02
1.100000e-06	2.685992e-06	7.352025e-09	1.915813e+01	4.349717e+02
1.110000e-06	2.773936e-06	8.194645e-09	1.978540e+01	4.851670e+02
1.120000e-06	2.861000e-06	8.999347e-09	2.040639e+01	5.333683e+02
1.130000e-06	2.947051e-06	9.770677e-09	2.102016e+01	5.793488e+02
1.140000e-06	3.032140e-06	1.050715e-08	2.162707e+01	6.229732e+02
1.150000e-06	3.116351e-06	1.119977e-08	2.222771e+01	6.641848e+02
1.160000e-06	3.199587e-06	1.184875e-08	2.282140e+01	7.029908e+02
1.170000e-06	3.281619e-06	1.246017e-08	2.340650e+01	7.394457e+02
1.180000e-06	3.362432e-06	1.303816e-08	2.398291e+01	7.736358e+02
1.190000e-06	3.442038e-06	1.357664e-08	2.455071e+01	8.056650e+02
1.200000e-06	3.520369e-06	1.407652e-08	2.510941e+01	8.356445e+02
1.210000e-06	3.597415e-06	1.454449e-08	2.565895e+01	8.636863e+02
1.220000e-06	3.673132e-06	1.498564e-08	2.619901e+01	8.898995e+02
1.230000e-06	3.747379e-06	1.539632e-08	2.672858e+01	9.143915e+02
1.240000e-06	3.820060e-06	1.577930e-08	2.724699e+01	9.372690e+02
1.250000e-06	3.891302e-06	1.613781e-08	2.775513e+01	9.586399e+02
1.260000e-06	3.961216e-06	1.647317e-08	2.825380e+01	9.786131e+02
1.270000e-06	4.029858e-06	1.678494e-08	2.874339e+01	9.972963e+02
1.280000e-06	4.097110e-06	1.707546e-08	2.922307e+01	1.014792e+03
1.290000e-06	4.162759e-06	1.735039e-08	2.969133e+01	1.031193e+03
1.300000e-06	4.226886e-06	1.760992e-08	3.014872e+01	1.046579e+03
1.310000e-06	4.289620e-06	1.785296e-08	3.059618e+01	1.061017e+03
1.320000e-06	4.351001e-06	1.807961e-08	3.103398e+01	1.074561e+03
1.330000e-06	4.411007e-06	1.829285e-08	3.146198e+01	1.087261e+03
1.340000e-06	4.469372e-06	1.849518e-08	3.187827e+01	1.099163e+03
1.350000e-06	4.525930e-06	1.868563e-08	3.228168e+01	1.110315e+03
1.360000e-06	4.580861e-06	1.885993e-08	3.267349e+01	1.120769e+03
1.370000e-06	4.634150e-06	1.902179e-08	3.305357e+01	1.130574e+03
1.380000e-06	4.685511e-06	1.917676e-08	3.341991e+01	1.139779e+03
1.390000e-06	4.734835e-06	1.932196e-08	3.377172e+01	1.148418e+03
1.400000e-06	4.782327e-06	1.945425e-08	3.411046e+01	1.156521e+03
1.410000e-06	4.828221e-06	1.957739e-08	3.443780e+01	1.164101e+03
1.420000e-06	4.872623e-06	1.969542e-08	3.475451e+01	1.171169e+03
1.430000e-06	4.915278e-06	1.980819e-08	3.505875e+01	1.177735e+03
1.440000e-06	4.955990e-06	1.991022e-08	3.534913e+01	1.183818e+03
1.450000e-06	4.995001e-06	2.000385e-08	3.562738e+01	1.189446e+03
1.460000e-06	5.032413e-06	2.009380e-08	3.589422e+01	1.194654e+03
1.470000e-06	5.068143e-06	2.017666e-08	3.614907e+01	1.199485e+03
1.480000e-06	5.101882e-06	2.024869e-08	3.638972e+01	1.203976e+03
1.490000e-06	5.133707e-06	2.031464e-08	3.661671e+01	1.208156e+03
1.500000e-06	5.163913e-06	2.038048e-08	3.683216e+01	1.212038e+03
1.510000e-06	5.192471e-06	2.044468e-08	3.703586e+01	1.215625e+03
1.520000e-06	5.219105e-06	2.050249e-08	3.722583e+01	1.218908e+03
1.530000e-06	5.243685e-06	2.055302e-08	3.740114e+01	1.221880e+03
1.540000e-06	5.266487e-06	2.059902e-08	3.756378e+01	1.224538e+03
1.550000e-06	5.287611e-06	2.063983e-08	3.771445e+01	1.226892e+03
1.560000e-06	5.306996e-06	2.067225e-08	3.785272e+01	1.228960e+03
1.570000e-06	5.324481e-06	2.069809e-08	3.797743e+01	1.230767e+03
1.580000e-06	5.339929e-06	2.072303e-08	3.808762e+01	1.232336e+03
1.590000e-06	5.353389e-06	2.074748e-08	3.818362e+01	1.233683e+03
1.600000e-06	5.364745e-06	2.076842e-08	3.826462e+01	1.234811e+03
1.610000e-06	5.373925e-06	2.078501e-08	3.833010e+01	1.235717e+03
1.620000e-06	5.381171e-06	2.079811e-08	3.838178e+01	1.236390e+03
1.630000e-06	5.386656e-06	2.080659e-08	3.842090e+01	1.236826e+03
1.640000e-06	5.390388e-06	2.080975e-08	3.844752e+01	1.237026e+03
1.650000e-06	5.392138e-06	2.080478e-08	3.846000e+01	1.237005e+03
1.660000e-06	5.391912e-06	2.079953e-08	3.845839e+01	1.236783e+03
1.670000e-06	5.389983e-06	2.079845e-08	3.844463e+01	1.236385e+03
1.680000e-06	5.386420e-06	2.078842e-08	3.841922e+01	1.235828e+03
1.690000e-06	5.381052e-06	2.077503e-08	3.838093e+01	1.235118e+03
1.700000e-06	5.373818e-06	2.076216e-08	3.832933e+01	1.234253e+03
1.710000e-06	5.364940e-06	2.074646e-08	3.826601e+01	1.233221e+03
1.720000e-06	5.354421e-06	2.072208e-08	3.819098e+01	1.232011e+03
1.730000e-06	5.342043e-06	2.068459e-08	3.810270e+01	1.230622e+03
1.740000e-06	5.327654e-06	2.071817e-08	3.800006e+01	1.229065e+03
1.750000e-06	5.311209e-06	2.072149e-08	3.788277e+01	1.227365e+03
1.760000e-06	5.292398e-06	2.065383e-08	3.774859e+01	1.225551e+03
1.770000e-06	5.270917e-06	2.059454e-08	3.759538e+01	1.223650e+03
1.780000e-06	5.247336e-06	2.046981e-08	3.742719e+01	1.221669e+03
1.790000e-06	5.222606e-06	2.053239e-08	3.725080e+01	1.219594e+03
1.800000e-06	5.196944e-06	2.065317e-08	3.706776e+01	1.217391e+03
1.810000e-06	5.169581e-06	2.038626e-08	3.687259e+01	1.215007e+03
1.820000e-06	5.140131e-06	2.037662e-08	3.666254e+01	1.212391e+03
1.830000e-06	5.109085e-06	2.051223e-08	3.644109e+01	1.209504e+03
1.840000e-06	5.076195e-06	2.032478e-08	3.620651e+01	1.206332e+03
1.850000e-06	5.041402e-06	2.034665e-08	3.595834e+01	1.202888e+03
1.860000e-06	5.005089e-06	2.025826e-08	3.569933e+01	1.199208e+03
1.870000e-06	4.966819e-06	2.006580e-08	3.542637e+01	1.195341e+03
1.880000e-06	4.926721e-06	2.016613e-08	3.514037e+01	1.191331e+03
1.890000e-06	4.884986e-06	2.005252e-08	3.484269e+01	1.187204e+03
1.900000e-06	4.841604e-06	1.992229e-08	3.453326e+01	1.182965e+03
1.910000e-06	4.796779e-06	1.991569e-08	3.421354e+01	1.178596e+03
1.920000e-06	4.749937e-06	1.977409e-08	3.387943e+01	1.174067e+03
1.930000e-06	4.701108e-06	1.978566e-08	3.353116e+01	1.169344e+03
1.940000e-06	4.650733e-06	1.959575e-08	3.317186e+01	1.164405e+03
1.950000e-06	4.598514e-06	1.943637e-08	3.279939e+01	1.159245e+03
1.960000e-06	4.544362e-06	1.949408e-08	3.241315e+01	1.153875e+03
1.970000e-06	4.488397e-06	1.936680e-08	3.201397e+01	1.148314e+03
1.980000e-06	4.430852e-06	1.929039e-08	3.160353e+01	1.142587e+03
1.990000e-06	4.371941e-06	1.912003e-08	3.118334e+01	1.136705e+03
2.000000e-06	4.311422e-06	1.903157e-08	3.075168e+01	1.130666e+03
2.010000e-06	4.249207e-06	1.900901e-08	3.030792e+01	1.124453e+03
2.020000e-06	4.185393e-06	1.880941e-08	2.985277e+01	1.118039e+03
2.030000e-06	4.120086e-06	1.872519e-08	2.938695e+01	1.111399e+03
2.040000e-06	4.053422e-06	1.859582e-08	2.891146e+01	1.104512e+03
2.050000e-06	3.985338e-06	1.851091e-08	2.842585e+01	1.097377e+03
2.060000e-06	3.915631e-06	1.839151e-08	2.792866e+01	1.090004e+03
2.070000e-06	3.844346e-06	1.818837e-08	2.742021e+01	1.082416e+03
2.080000e-06	3.771807e-06	1.812148e-08	2.690282e+01	1.074639e+03
2.090000e-06	3.697980e-06	1.799120e-08	2.637624e+01	1.066693e+03
2.100000e-06	3.622752e-06	1.786263e-08	2.583967e+01	1.058584e+03
2.110000e-06	3.546053e-06	1.767521e-08	2.529260e+01	1.050307e+03
2.120000e-06	3.467735e-06	1.752880e-08	2.473399e+01	1.041843e+03
2.130000e-06	3.388059e-06	1.744499e-08	2.416570e+01	1.033167e+03
2.140000e-06	3.307241e-06	1.727079e-08	2.358925e+01	1.024257e+03
2.150000e-06	3.225389e-06	1.710787e-08	2.300543e+01	1.015096e+03
2.160000e-06	3.142586e-06	1.692913e-08	2.241483e+01	1.005683e+03
2.170000e-06	3.058751e-06	1.680678e-08	2.181687e+01	9.960228e+02
2.180000e-06	2.973718e-06	1.664158e-08	2.121036e+01	9.861306e+02
2.190000e-06	2.887382e-06	1.643222e-08	2.059456e+01	9.760222e+02
2.200000e-06	2.799965e-06	1.626062e-08	1.997105e+01	9.657102e+02
2.210000e-06	2.711632e-06	1.610241e-08	1.934100e+01	9.552005e+02
2.220000e-06	2.622418e-06	1.594362e-08	1.870468e+01	9.444915e+02
2.230000e-06	2.532380e-06	1.572218e-08	1.806248e+01	9.335755e+02
2.240000e-06	2.441559e-06	1.552965e-08	1.741468e+01	9.224421e+02
2.250000e-06	2.349935e-06	1.536427e-08	1.676116e+01	9.110817e+02
2.260000e-06	2.257476e-06	1.518032e-08	1.610169e+01	8.994880e+02
2.270000e-06	2.164155e-06	1.495894e-08	1.543607e+01	8.876590e+02
2.280000e-06	2.069851e-06	1.473533e-08	1.476343e+01	8.755961e+02
2.290000e-06	1.974699e-06	1.455240e-08	1.408475e+01	8.633021e+02
2.300000e-06	1.878917e-06	1.435255e-08	1.340157e+01	8.507786e+02
2.310000e-06	1.782546e-06	1.412096e-08	1.271420e+01	8.380236e+02
2.320000e-06	1.685615e-06	1.388622e-08	1.202283e+01	8.250311e+02
2.330000e-06	1.588121e-06	1.368328e-08	1.132744e+01	8.117912e+02
2.340000e-06	1.490049e-06	1.347218e-08	1.062794e+01	7.982914e+02
2.350000e-06	1.391527e-06	1.322345e-08	9.925213e+00	7.845198e+02
2.360000e-06	1.292635e-06	1.297049e-08	9.219859e+00	7.704659e+02
2.370000e-06	1.193363e-06	1.273931e-08	8.511789e+00	7.561226e+02
2.380000e-06	1.093728e-06	1.250961e-08	7.801131e+00	7.414856e+02
2.390000e-06	9.937558e-07	1.224507e-08	7.088070e+00	7.265524e+02
2.400000e-06	8.934887e-07	1.197006e-08	6.372904e+00	7.113200e+02
2.410000e-06	7.928563e-07	1.171516e-08	5.655132e+00	6.957827e+02
2.420000e-06	6.918007e-07	1.146401e-08	4.934343e+00	6.799304e+02
2.430000e-06	5.903194e-07	1.118457e-08	4.210516e+00	6.637477e+02
2.440000e-06	4.885443e-07	1.088975e-08	3.484594e+00	6.472139e+02
2.450000e-06	3.865853e-07	1.060731e-08	2.757361e+00	6.303025e+02
2.460000e-06	2.844521e-07	1.032890e-08	2.028885e+00	6.129819e+02
2.470000e-06	1.822161e-07	1.002362e-08	1.299676e+00	5.952138e+02
2.480000e-06	7.995744e-08	9.698180e-09	5.703050e-01	5.769519e+02
2.490000e-06	-2.233219e-08	9.382124e-09	-1.592867e-01	5.581397e+02
2.500000e-06	-1.246495e-07	9.068985e-09	-8.890761e-01	5.387099e+02
2.510000e-06	-2.269266e-07	8.733373e-09	-1.618578e+00	5.185853e+02
2.520000e-06	-3.290424e-07	8.368209e-09	-2.346930e+00	4.976823e+02
2.530000e-06	-4.309512e-07	8.000332e-09	-3.073806e+00	4.759176e+02
2.540000e-06	-5.326789e-07	7.627957e-09	-3.799389e+00	4.532153e+02
2.550000e-06	-6.340937e-07	7.226110e-09	-4.522741e+00	4.295138e+02
2.560000e-06	-7.350969e-07	6.792835e-09	-5.243157e+00	4.047673e+02
2.570000e-06	-8.356926e-07	6.352574e-09	-5.960667e+00	3.789421e+02
2.580000e-06	-9.358825e-07	5.914049e-09	-6.675282e+00	3.520051e+02
2.590000e-06	-1.035776e-06	5.448243e-09	-7.387786e+00	3.239075e+02
2.600000e-06	-1.135377e-06	4.947818e-09	-8.098195e+00	2.945655e+02
2.610000e-06	-1.234568e-06	4.428941e-09	-8.805689e+00	2.638455e+02
2.620000e-06	-1.333384e-06	3.896227e-09	-9.510504e+00	2.315582e+02
2.630000e-06	-1.431793e-06	3.327492e-09	-1.021242e+01	1.974659e+02
2.640000e-06	-1.529693e-06	2.708247e-09	-1.091070e+01	1.613052e+02
2.650000e-06	-1.627005e-06	2.054399e-09	-1.160479e+01	1.228223e+02
2.660000e-06	-1.723752e-06	1.373515e-09	-1.229485e+01	8.181633e+01
2.670000e-06	-1.820067e-06	6.500907e-10	-1.298182e+01	3.818216e+01
2.680000e-06	-1.915920e-06	-1.280302e-10	-1.366551e+01	-8.054831e+00
2.690000e-06	-2.011171e-06	-9.482249e-10	-1.434489e+01	-5.671949e+01
2.700000e-06	-2.105674e-06	-1.794563e-09	-1.501894e+01	-1.074866e+02
2.710000e-06	-2.199262e-06	-2.671251e-09	-1.568647e+01	-1.598994e+02
2.720000e-06	-2.291835e-06	-3.576898e-09	-1.634676e+01	-2.134041e+02
2.730000e-06	-2.383489e-06	-4.492498e-09	-1.700049e+01	-2.673932e+02
2.740000e-06	-2.474299e-06	-5.395724e-09	-1.764820e+01	-3.212514e+02
2.750000e-06	-2.564234e-06	-6.283439e-09	-1.828967e+01	-3.743971e+02
2.760000e-06	-2.653260e-06	-7.159008e-09	-1.892466e+01	-4.263149e+02
2.770000e-06	-2.741390e-06	-8.010857e-09	-1.955326e+01	-4.765777e+02
2.780000e-06	-2.828715e-06	-8.823603e-09	-2.017612e+01	-5.248565e+02
2.790000e-06	-2.915089e-06	-9.596427e-09	-2.079218e+01	-5.709209e+02
2.800000e-06	-3.000249e-06	-1.033797e-08	-2.139960e+01	-6.146326e+02
2.810000e-06	-3.084209e-06	-1.104140e-08	-2.199845e+01	-6.559323e+02
2.820000e-06	-3.167084e-06	-1.169666e-08	-2.258957e+01	-6.948253e+02
2.830000e-06	-3.248857e-06	-1.230771e-08	-2.317282e+01	-7.313646e+02
2.840000e-06	-3.329570e-06	-1.288711e-08	-2.374851e+01	-7.656356e+02
2.850000e-06	-3.409271e-06	-1.343604e-08	-2.431699e+01	-7.977418e+02
2.860000e-06	-3.487779e-06	-1.394485e-08	-2.487696e+01	-8.277944e+02
2.870000e-06	-3.564779e-06	-1.441538e-08	-2.542617e+01	-8.559052e+02
2.880000e-06	-3.640165e-06	-1.485814e-08	-2.596387e+01	-8.821837e+02
2.890000e-06	-3.714158e-06	-1.527579e-08	-2.649163e+01	-9.067370e+02
2.900000e-06	-3.786903e-06	-1.566396e-08	-2.701049e+01	-9.296721e+02
2.910000e-06	-3.858385e-06	-1.602288e-08	-2.752035e+01	-9.510967e+02
2.920000e-06	-3.928465e-06	-1.636239e-08	-2.802020e+01	-9.711197e+02
2.930000e-06	-3.996947e-06	-1.668556e-08	-2.850865e+01	-9.898489e+02
2.940000e-06	-4.063962e-06	-1.698582e-08	-2.898665e+01	-1.007387e+03
2.950000e-06	-4.129659e-06	-1.726151e-08	-2.945524e+01	-1.023827e+03
2.960000e-06	-4.193993e-06	-1.751953e-08	-2.991410e+01	-1.039250e+03
2.970000e-06	-4.256868e-06	-1.776430e-08	-3.036257e+01	-1.053723e+03
2.980000e-06	-4.318007e-06	-1.799274e-08	-3.079865e+01	-1.067300e+03
2.990000e-06	-4.377477e-06	-1.820469e-08	-3.122282e+01	-1.080031e+03
3.000000e-06	-4.435566e-06	-1.840528e-08	-3.163715e+01	-1.091962e+03
3.010000e-06	-4.492191e-06	-1.859854e-08	-3.204103e+01	-1.103142e+03
3.020000e-06	-4.547221e-06	-1.877954e-08	-3.243355e+01	-1.113622e+03
3.030000e-06	-4.600327e-06	-1.894403e-08	-3.281232e+01	-1.123451e+03
3.040000e-06	-4.651433e-06	-1.909802e-08	-3.317684e+01	-1.132678e+03
3.050000e-06	-4.700773e-06	-1.924598e-08	-3.352877e+01	-1.141339e+03
3.060000e-06	-4.748149e-06	-1.938608e-08	-3.386668e+01	-1.149462e+03
3.070000e-06	-4.793714e-06	-1.951263e-08	-3.419168e+01	-1.157062e+03
3.080000e-06	-4.837804e-06	-1.962932e-08	-3.450616e+01	-1.164150e+03
3.090000e-06	-4.880405e-06	-1.974455e-08	-3.481002e+01	-1.170736e+03
3.100000e-06	-4.921444e-06	-1.985322e-08	-3.510273e+01	-1.176838e+03
3.110000e-06	-4.960864e-06	-1.995026e-08	-3.538390e+01	-1.182483e+03
3.120000e-06	-4.998489e-06	-2.003708e-08	-3.565226e+01	-1.187707e+03
3.130000e-06	-5.034207e-06	-2.011764e-08	-3.590702e+01	-1.192552e+03
3.140000e-06	-5.068176e-06	-2.019274e-08	-3.614931e+01	-1.197057e+03
3.150000e-06	-5.100472e-06	-2.026162e-08	-3.637966e+01	-1.201249e+03
3.160000e-06	-5.130954e-06	-2.032455e-08	-3.659708e+01	-1.205144e+03
3.170000e-06	-5.159446e-06	-2.038643e-08	-3.680030e+01	-1.208743e+03
3.180000e-06	-5.186066e-06	-2.044445e-08	-3.699017e+01	-1.212039e+03
3.190000e-06	-5.210918e-06	-2.049500e-08	-3.716743e+01	-1.215024e+03
3.200000e-06	-5.234016e-06	-2.053947e-08	-3.733218e+01	-1.217695e+03
3.210000e-06	-5.255140e-06	-2.058046e-08	-3.748285e+01	-1.220061e+03
3.220000e-06	-5.274303e-06	-2.061969e-08	-3.761953e+01	-1.222140e+03
3.230000e-06	-5.291772e-06	-2.064969e-08	-3.774413e+01	-1.223958e+03
3.240000e-06	-5.307435e-06	-2.067104e-08	-3.785585e+01	-1.225537e+03
3.250000e-06	-5.320845e-06	-2.069083e-08	-3.795150e+01	-1.226893e+03
3.260000e-06	-5.332076e-06	-2.071031e-08	-3.803160e+01	-1.228031e+03
3.270000e-06	-5.341557e-06	-2.072642e-08	-3.809923e+01	-1.228947e+03
3.280000e-06	-5.349268e-06	-2.073849e-08	-3.815423e+01	-1.229630e+03
3.290000e-06	-5.354951e-06	-2.074711e-08	-3.819476e+01	-1.230076e+03
3.300000e-06	-5.358635e-06	-2.075308e-08	-3.822104e+01	-1.230287e+03
3.310000e-06	-5.360602e-06	-2.075638e-08	-3.823507e+01	-1.230275e+03
3.320000e-06	-5.360803e-06	-2.075226e-08	-3.823650e+01	-1.230062e+03
