# Temperatura_=_49.76
# Concentracion g/m^3_=_22000.0
# C_Vs_to_Am_M_A/Vsm_=_59384043850.047264
# pendiente_HvsI_1/m_=_3716.3
# ordenada_HvsI_A/m_=_1297.0
# frecuencia_Hz_=_301152.0442236861

Tiempo_(s)	Campo_(V.s)	Magnetizacion_(V.s)	Campo_(kA/m)	Magnetizacion_(A/m)
0.000000e+00	-5.323014e-06	-1.770625e-08	-3.825306e+01	-1.051367e+03
1.000000e-08	-5.321233e-06	-1.770895e-08	-3.824026e+01	-1.051541e+03
2.000000e-08	-5.317507e-06	-1.770930e-08	-3.821349e+01	-1.051564e+03
3.000000e-08	-5.312026e-06	-1.770627e-08	-3.817410e+01	-1.051409e+03
4.000000e-08	-5.304927e-06	-1.769653e-08	-3.812308e+01	-1.051023e+03
5.000000e-08	-5.296206e-06	-1.767979e-08	-3.806041e+01	-1.050350e+03
6.000000e-08	-5.285563e-06	-1.766325e-08	-3.798393e+01	-1.049357e+03
7.000000e-08	-5.272905e-06	-1.764924e-08	-3.789296e+01	-1.048045e+03
8.000000e-08	-5.258202e-06	-1.762300e-08	-3.778730e+01	-1.046453e+03
9.000000e-08	-5.241094e-06	-1.756919e-08	-3.766436e+01	-1.044647e+03
1.000000e-07	-5.221669e-06	-1.752686e-08	-3.752476e+01	-1.042696e+03
1.100000e-07	-5.200353e-06	-1.751735e-08	-3.737157e+01	-1.040655e+03
1.200000e-07	-5.177466e-06	-1.751239e-08	-3.720710e+01	-1.038550e+03
1.300000e-07	-5.153391e-06	-1.750093e-08	-3.703409e+01	-1.036372e+03
1.400000e-07	-5.127986e-06	-1.742420e-08	-3.685152e+01	-1.034089e+03
1.500000e-07	-5.100663e-06	-1.734544e-08	-3.665517e+01	-1.031660e+03
1.600000e-07	-5.071589e-06	-1.735638e-08	-3.644623e+01	-1.029053e+03
1.700000e-07	-5.041042e-06	-1.731015e-08	-3.622671e+01	-1.026256e+03
1.800000e-07	-5.008614e-06	-1.721356e-08	-3.599367e+01	-1.023280e+03
1.900000e-07	-4.974161e-06	-1.716852e-08	-3.574608e+01	-1.020152e+03
2.000000e-07	-4.938043e-06	-1.712204e-08	-3.548653e+01	-1.016899e+03
2.100000e-07	-4.900271e-06	-1.709728e-08	-3.521508e+01	-1.013540e+03
2.200000e-07	-4.860845e-06	-1.704725e-08	-3.493175e+01	-1.010073e+03
2.300000e-07	-4.819728e-06	-1.692976e-08	-3.463627e+01	-1.006478e+03
2.400000e-07	-4.776585e-06	-1.685934e-08	-3.432623e+01	-1.002726e+03
2.500000e-07	-4.731589e-06	-1.682169e-08	-3.400287e+01	-9.987878e+02
2.600000e-07	-4.684923e-06	-1.675210e-08	-3.366751e+01	-9.946483e+02
2.700000e-07	-4.636478e-06	-1.664755e-08	-3.331937e+01	-9.903112e+02
2.800000e-07	-4.586047e-06	-1.655995e-08	-3.295696e+01	-9.857973e+02
2.900000e-07	-4.533526e-06	-1.651963e-08	-3.257952e+01	-9.811362e+02
3.000000e-07	-4.479226e-06	-1.643648e-08	-3.218930e+01	-9.763551e+02
3.100000e-07	-4.423438e-06	-1.631669e-08	-3.178839e+01	-9.714687e+02
3.200000e-07	-4.366167e-06	-1.623848e-08	-3.137682e+01	-9.664751e+02
3.300000e-07	-4.307164e-06	-1.618816e-08	-3.095280e+01	-9.613586e+02
3.400000e-07	-4.246518e-06	-1.611308e-08	-3.051698e+01	-9.560975e+02
3.500000e-07	-4.184499e-06	-1.599335e-08	-3.007129e+01	-9.506745e+02
3.600000e-07	-4.121114e-06	-1.588416e-08	-2.961578e+01	-9.450839e+02
3.700000e-07	-4.056277e-06	-1.580705e-08	-2.914984e+01	-9.393343e+02
3.800000e-07	-3.989782e-06	-1.571539e-08	-2.867198e+01	-9.334439e+02
3.900000e-07	-3.921658e-06	-1.560731e-08	-2.818242e+01	-9.274321e+02
4.000000e-07	-3.852210e-06	-1.550545e-08	-2.768334e+01	-9.213101e+02
4.100000e-07	-3.781547e-06	-1.541947e-08	-2.717553e+01	-9.150743e+02
4.200000e-07	-3.709661e-06	-1.531581e-08	-2.665893e+01	-9.087063e+02
4.300000e-07	-3.636400e-06	-1.518582e-08	-2.613246e+01	-9.021788e+02
4.400000e-07	-3.561485e-06	-1.506450e-08	-2.559409e+01	-8.954656e+02
4.500000e-07	-3.484986e-06	-1.495981e-08	-2.504434e+01	-8.885515e+02
4.600000e-07	-3.407158e-06	-1.485126e-08	-2.448504e+01	-8.814389e+02
4.700000e-07	-3.328067e-06	-1.472287e-08	-2.391666e+01	-8.741468e+02
4.800000e-07	-3.247612e-06	-1.460038e-08	-2.333849e+01	-8.667049e+02
4.900000e-07	-3.165851e-06	-1.448489e-08	-2.275092e+01	-8.591423e+02
5.000000e-07	-3.082978e-06	-1.435176e-08	-2.215537e+01	-8.514769e+02
5.100000e-07	-2.999180e-06	-1.420260e-08	-2.155317e+01	-8.437081e+02
5.200000e-07	-2.914593e-06	-1.406443e-08	-2.094530e+01	-8.358167e+02
5.300000e-07	-2.829080e-06	-1.394471e-08	-2.033077e+01	-8.277713e+02
5.400000e-07	-2.742577e-06	-1.381571e-08	-1.970913e+01	-8.195382e+02
5.500000e-07	-2.655212e-06	-1.366727e-08	-1.908129e+01	-8.110931e+02
5.600000e-07	-2.566998e-06	-1.351826e-08	-1.844735e+01	-8.024285e+02
5.700000e-07	-2.477884e-06	-1.337445e-08	-1.780695e+01	-7.935544e+02
5.800000e-07	-2.387679e-06	-1.321927e-08	-1.715871e+01	-7.844938e+02
5.900000e-07	-2.296386e-06	-1.305035e-08	-1.650264e+01	-7.752721e+02
6.000000e-07	-2.204318e-06	-1.288992e-08	-1.584101e+01	-7.659069e+02
6.100000e-07	-2.111629e-06	-1.274555e-08	-1.517492e+01	-7.564002e+02
6.200000e-07	-2.018198e-06	-1.259139e-08	-1.450348e+01	-7.467363e+02
6.300000e-07	-1.924026e-06	-1.241701e-08	-1.382673e+01	-7.368866e+02
6.400000e-07	-1.829253e-06	-1.224047e-08	-1.314566e+01	-7.268186e+02
6.500000e-07	-1.733904e-06	-1.206992e-08	-1.246044e+01	-7.165066e+02
6.600000e-07	-1.637939e-06	-1.189031e-08	-1.177081e+01	-7.059396e+02
6.700000e-07	-1.541331e-06	-1.169958e-08	-1.107655e+01	-6.951241e+02
6.800000e-07	-1.444110e-06	-1.151523e-08	-1.037789e+01	-6.840800e+02
6.900000e-07	-1.346208e-06	-1.134026e-08	-9.674330e+00	-6.728316e+02
7.000000e-07	-1.247579e-06	-1.115492e-08	-8.965546e+00	-6.613970e+02
7.100000e-07	-1.148390e-06	-1.095099e-08	-8.252738e+00	-6.497784e+02
7.200000e-07	-1.048839e-06	-1.074559e-08	-7.537331e+00	-6.379588e+02
7.300000e-07	-9.489713e-07	-1.054354e-08	-6.819643e+00	-6.259041e+02
7.400000e-07	-8.488445e-07	-1.033474e-08	-6.100097e+00	-6.135720e+02
7.500000e-07	-7.485322e-07	-1.011676e-08	-5.379217e+00	-6.009239e+02
7.600000e-07	-6.479930e-07	-9.898046e-09	-4.656707e+00	-5.879346e+02
7.700000e-07	-5.472478e-07	-9.683000e-09	-3.932716e+00	-5.745989e+02
7.800000e-07	-4.463465e-07	-9.457652e-09	-3.207604e+00	-5.609296e+02
7.900000e-07	-3.452972e-07	-9.216489e-09	-2.481428e+00	-5.469495e+02
8.000000e-07	-2.441077e-07	-8.972506e-09	-1.754244e+00	-5.326779e+02
8.100000e-07	-1.428234e-07	-8.730256e-09	-1.026379e+00	-5.181175e+02
8.200000e-07	-4.145477e-08	-8.481607e-09	-2.979086e-01	-5.032456e+02
8.300000e-07	5.996624e-08	-8.220819e-09	4.309386e-01	-4.880116e+02
8.400000e-07	1.613291e-07	-7.955910e-09	1.159368e+00	-4.723455e+02
8.500000e-07	2.626535e-07	-7.690323e-09	1.887521e+00	-4.561712e+02
8.600000e-07	3.639210e-07	-7.412623e-09	2.615265e+00	-4.394240e+02
8.700000e-07	4.650292e-07	-7.115554e-09	3.341864e+00	-4.220657e+02
8.800000e-07	5.659843e-07	-6.807610e-09	4.067363e+00	-4.040921e+02
8.900000e-07	6.667346e-07	-6.495554e-09	4.791391e+00	-3.855316e+02
9.000000e-07	7.672300e-07	-6.175949e-09	5.513586e+00	-3.664340e+02
9.100000e-07	8.675253e-07	-5.843873e-09	6.234344e+00	-3.468540e+02
9.200000e-07	9.676245e-07	-5.506023e-09	6.953692e+00	-3.268331e+02
9.300000e-07	1.067492e-06	-5.168053e-09	7.671379e+00	-3.063874e+02
9.400000e-07	1.167035e-06	-4.820840e-09	8.386727e+00	-2.855027e+02
9.500000e-07	1.266097e-06	-4.457797e-09	9.098623e+00	-2.641401e+02
9.600000e-07	1.364531e-06	-4.085842e-09	9.806002e+00	-2.422476e+02
9.700000e-07	1.462224e-06	-3.710155e-09	1.050806e+01	-2.197751e+02
9.800000e-07	1.559187e-06	-3.322660e-09	1.120487e+01	-1.966859e+02
9.900000e-07	1.655570e-06	-2.917977e-09	1.189751e+01	-1.729625e+02
1.000000e-06	1.751437e-06	-2.503277e-09	1.258645e+01	-1.486024e+02
1.010000e-06	1.846736e-06	-2.086605e-09	1.327130e+01	-1.236096e+02
1.020000e-06	1.941403e-06	-1.662038e-09	1.395161e+01	-9.798215e+01
1.030000e-06	2.035424e-06	-1.220158e-09	1.462727e+01	-7.170456e+01
1.040000e-06	2.128758e-06	-7.625545e-10	1.529801e+01	-4.474639e+01
1.050000e-06	2.221399e-06	-2.960032e-10	1.596376e+01	-1.706984e+01
1.060000e-06	2.313437e-06	1.812644e-10	1.662517e+01	1.135625e+01
1.070000e-06	2.404769e-06	6.756375e-10	1.728152e+01	4.054066e+01
1.080000e-06	2.494984e-06	1.182778e-09	1.792984e+01	7.045786e+01
1.090000e-06	2.583928e-06	1.695610e-09	1.856902e+01	1.010444e+02
1.100000e-06	2.671953e-06	2.217668e-09	1.920160e+01	1.322054e+02
1.110000e-06	2.759193e-06	2.754798e-09	1.982854e+01	1.638281e+02
1.120000e-06	2.845511e-06	3.298373e-09	2.044885e+01	1.957990e+02
1.130000e-06	2.930891e-06	3.839531e-09	2.106242e+01	2.280171e+02
1.140000e-06	3.015386e-06	4.383321e-09	2.166963e+01	2.603995e+02
1.150000e-06	3.098992e-06	4.934762e-09	2.227045e+01	2.928770e+02
1.160000e-06	3.181448e-06	5.488324e-09	2.286301e+01	3.253826e+02
1.170000e-06	3.262632e-06	6.034557e-09	2.344643e+01	3.578366e+02
1.180000e-06	3.342664e-06	6.575324e-09	2.402157e+01	3.901367e+02
1.190000e-06	3.421548e-06	7.115330e-09	2.458846e+01	4.221558e+02
1.200000e-06	3.499210e-06	7.650882e-09	2.514656e+01	4.537510e+02
1.210000e-06	3.575663e-06	8.173501e-09	2.569598e+01	4.847790e+02
1.220000e-06	3.650777e-06	8.683029e-09	2.623577e+01	5.151158e+02
1.230000e-06	3.724253e-06	9.182952e-09	2.676380e+01	5.446704e+02
1.240000e-06	3.796235e-06	9.670350e-09	2.728109e+01	5.733901e+02
1.250000e-06	3.866926e-06	1.013827e-08	2.778910e+01	6.012543e+02
1.260000e-06	3.936298e-06	1.058866e-08	2.828763e+01	6.282600e+02
1.270000e-06	4.004417e-06	1.102836e-08	2.877715e+01	6.544038e+02
1.280000e-06	4.071099e-06	1.145581e-08	2.925636e+01	6.796689e+02
1.290000e-06	4.136119e-06	1.186699e-08	2.972362e+01	7.040200e+02
1.300000e-06	4.199628e-06	1.226067e-08	3.018002e+01	7.274092e+02
1.310000e-06	4.261769e-06	1.263970e-08	3.062658e+01	7.497903e+02
1.320000e-06	4.322596e-06	1.300326e-08	3.106370e+01	7.711343e+02
1.330000e-06	4.382076e-06	1.334465e-08	3.149115e+01	7.914411e+02
1.340000e-06	4.439840e-06	1.366432e-08	3.190626e+01	8.107410e+02
1.350000e-06	4.495862e-06	1.397206e-08	3.230885e+01	8.290865e+02
1.360000e-06	4.550355e-06	1.426763e-08	3.270046e+01	8.465359e+02
1.370000e-06	4.603185e-06	1.454661e-08	3.308012e+01	8.631361e+02
1.380000e-06	4.654080e-06	1.481012e-08	3.344586e+01	8.789104e+02
1.390000e-06	4.702934e-06	1.506124e-08	3.379694e+01	8.938578e+02
1.400000e-06	4.750025e-06	1.530177e-08	3.413536e+01	9.079611e+02
1.410000e-06	4.795554e-06	1.552773e-08	3.446255e+01	9.212044e+02
1.420000e-06	4.839538e-06	1.573630e-08	3.477863e+01	9.335887e+02
1.430000e-06	4.881698e-06	1.593004e-08	3.508161e+01	9.451434e+02
1.440000e-06	4.921963e-06	1.611161e-08	3.537096e+01	9.559245e+02
1.450000e-06	4.960600e-06	1.628041e-08	3.564863e+01	9.660039e+02
1.460000e-06	4.997649e-06	1.643636e-08	3.591487e+01	9.754504e+02
1.470000e-06	5.033010e-06	1.658389e-08	3.616899e+01	9.843127e+02
1.480000e-06	5.066422e-06	1.672362e-08	3.640910e+01	9.926082e+02
1.490000e-06	5.097973e-06	1.685249e-08	3.663584e+01	1.000326e+03
1.500000e-06	5.127879e-06	1.697086e-08	3.685075e+01	1.007439e+03
1.510000e-06	5.156141e-06	1.707990e-08	3.705385e+01	1.013925e+03
1.520000e-06	5.182445e-06	1.717928e-08	3.724289e+01	1.019786e+03
1.530000e-06	5.206634e-06	1.726661e-08	3.741671e+01	1.025057e+03
1.540000e-06	5.229065e-06	1.734322e-08	3.757791e+01	1.029801e+03
1.550000e-06	5.249888e-06	1.741440e-08	3.772755e+01	1.034099e+03
1.560000e-06	5.268961e-06	1.748193e-08	3.786462e+01	1.038026e+03
1.570000e-06	5.286091e-06	1.754406e-08	3.798772e+01	1.041626e+03
1.580000e-06	5.301232e-06	1.759964e-08	3.809653e+01	1.044909e+03
1.590000e-06	5.314433e-06	1.764968e-08	3.819139e+01	1.047845e+03
1.600000e-06	5.325538e-06	1.769374e-08	3.827120e+01	1.050388e+03
1.610000e-06	5.334483e-06	1.772867e-08	3.833548e+01	1.052495e+03
1.620000e-06	5.341529e-06	1.775451e-08	3.838611e+01	1.054149e+03
1.630000e-06	5.346842e-06	1.777379e-08	3.842430e+01	1.055371e+03
1.640000e-06	5.350332e-06	1.778717e-08	3.844938e+01	1.056221e+03
1.650000e-06	5.351810e-06	1.779548e-08	3.846000e+01	1.056778e+03
1.660000e-06	5.351427e-06	1.780200e-08	3.845725e+01	1.057121e+03
1.670000e-06	5.349421e-06	1.780763e-08	3.844283e+01	1.057301e+03
1.680000e-06	5.345821e-06	1.780914e-08	3.841696e+01	1.057332e+03
1.690000e-06	5.340395e-06	1.780492e-08	3.837797e+01	1.057185e+03
1.700000e-06	5.333042e-06	1.779588e-08	3.832512e+01	1.056810e+03
1.710000e-06	5.324088e-06	1.778267e-08	3.826078e+01	1.056149e+03
1.720000e-06	5.313571e-06	1.776245e-08	3.818520e+01	1.055169e+03
1.730000e-06	5.301274e-06	1.773171e-08	3.809683e+01	1.053869e+03
1.740000e-06	5.287030e-06	1.773227e-08	3.799447e+01	1.052288e+03
1.750000e-06	5.270652e-06	1.773635e-08	3.787677e+01	1.050490e+03
1.760000e-06	5.251897e-06	1.769986e-08	3.774199e+01	1.048544e+03
1.770000e-06	5.230671e-06	1.762771e-08	3.758945e+01	1.046507e+03
1.780000e-06	5.207364e-06	1.751070e-08	3.742196e+01	1.044406e+03
1.790000e-06	5.182829e-06	1.748759e-08	3.724564e+01	1.042232e+03
1.800000e-06	5.157250e-06	1.753564e-08	3.706182e+01	1.039955e+03
1.810000e-06	5.129952e-06	1.747358e-08	3.686565e+01	1.037533e+03
1.820000e-06	5.100780e-06	1.741323e-08	3.665601e+01	1.034934e+03
1.830000e-06	5.069922e-06	1.739049e-08	3.643425e+01	1.032145e+03
1.840000e-06	5.037179e-06	1.733856e-08	3.619895e+01	1.029177e+03
1.850000e-06	5.002643e-06	1.728901e-08	3.595076e+01	1.026055e+03
1.860000e-06	4.966476e-06	1.717366e-08	3.569085e+01	1.022808e+03
1.870000e-06	4.928356e-06	1.709356e-08	3.541691e+01	1.019454e+03
1.880000e-06	4.888442e-06	1.713960e-08	3.513007e+01	1.015992e+03
1.890000e-06	4.846865e-06	1.710286e-08	3.483129e+01	1.012404e+03
1.900000e-06	4.803655e-06	1.697203e-08	3.452076e+01	1.008659e+03
1.910000e-06	4.758944e-06	1.688411e-08	3.419946e+01	1.004729e+03
1.920000e-06	4.712317e-06	1.686431e-08	3.386437e+01	1.000599e+03
1.930000e-06	4.663868e-06	1.683511e-08	3.351620e+01	9.962697e+02
1.940000e-06	4.613831e-06	1.668427e-08	3.315662e+01	9.917630e+02
1.950000e-06	4.562022e-06	1.659696e-08	3.278430e+01	9.871081e+02
1.960000e-06	4.508324e-06	1.660919e-08	3.239841e+01	9.823324e+02
1.970000e-06	4.452727e-06	1.651085e-08	3.199887e+01	9.774510e+02
1.980000e-06	4.395525e-06	1.636591e-08	3.158780e+01	9.724629e+02
1.990000e-06	4.336958e-06	1.626403e-08	3.116691e+01	9.673526e+02
2.000000e-06	4.276939e-06	1.622029e-08	3.073560e+01	9.620984e+02
2.010000e-06	4.215262e-06	1.614561e-08	3.029236e+01	9.566827e+02
2.020000e-06	4.151899e-06	1.599616e-08	2.983701e+01	9.510995e+02
2.030000e-06	4.087031e-06	1.591140e-08	2.937085e+01	9.453566e+02
2.040000e-06	4.020717e-06	1.585283e-08	2.889429e+01	9.394723e+02
2.050000e-06	3.953078e-06	1.574699e-08	2.840822e+01	9.334661e+02
2.060000e-06	3.884004e-06	1.559605e-08	2.791182e+01	9.273494e+02
2.070000e-06	3.813252e-06	1.547117e-08	2.740338e+01	9.211193e+02
2.080000e-06	3.741075e-06	1.541691e-08	2.688469e+01	9.147578e+02
2.090000e-06	3.667622e-06	1.531634e-08	2.635683e+01	9.082379e+02
2.100000e-06	3.592883e-06	1.517356e-08	2.581973e+01	9.015331e+02
2.110000e-06	3.516725e-06	1.504702e-08	2.527243e+01	8.946277e+02
2.120000e-06	3.438958e-06	1.494737e-08	2.471357e+01	8.875233e+02
2.130000e-06	3.359767e-06	1.482570e-08	2.414447e+01	8.802385e+02
2.140000e-06	3.279413e-06	1.466148e-08	2.356702e+01	8.728028e+02
2.150000e-06	3.198022e-06	1.454584e-08	2.298211e+01	8.652456e+02
2.160000e-06	3.115578e-06	1.445634e-08	2.238965e+01	8.575851e+02
2.170000e-06	3.032153e-06	1.433037e-08	2.179012e+01	8.498216e+02
2.180000e-06	2.947784e-06	1.416405e-08	2.118382e+01	8.419366e+02
2.190000e-06	2.862179e-06	1.401039e-08	2.056863e+01	8.338986e+02
2.200000e-06	2.775290e-06	1.389450e-08	1.994421e+01	8.256741e+02
2.210000e-06	2.687409e-06	1.375599e-08	1.931267e+01	8.172383e+02
2.220000e-06	2.598668e-06	1.359472e-08	1.867495e+01	8.085828e+02
2.230000e-06	2.509068e-06	1.344658e-08	1.803105e+01	7.997173e+02
2.240000e-06	2.418700e-06	1.332116e-08	1.738163e+01	7.906643e+02
2.250000e-06	2.327599e-06	1.317180e-08	1.672695e+01	7.814494e+02
2.260000e-06	2.235745e-06	1.298255e-08	1.606686e+01	7.720906e+02
2.270000e-06	2.143044e-06	1.281046e-08	1.540067e+01	7.625905e+02
2.280000e-06	2.049340e-06	1.266795e-08	1.472728e+01	7.529341e+02
2.290000e-06	1.954767e-06	1.251543e-08	1.404765e+01	7.430930e+02
2.300000e-06	1.859511e-06	1.233069e-08	1.336310e+01	7.330347e+02
2.310000e-06	1.763687e-06	1.215254e-08	1.267448e+01	7.227331e+02
2.320000e-06	1.667376e-06	1.199544e-08	1.198235e+01	7.121766e+02
2.330000e-06	1.570509e-06	1.181721e-08	1.128623e+01	7.013711e+02
2.340000e-06	1.473106e-06	1.160685e-08	1.058626e+01	6.903361e+02
2.350000e-06	1.375228e-06	1.140618e-08	9.882872e+00	6.790961e+02
2.360000e-06	1.276862e-06	1.123339e-08	9.175982e+00	6.676693e+02
2.370000e-06	1.178069e-06	1.105106e-08	8.466020e+00	6.560590e+02
2.380000e-06	1.078913e-06	1.084043e-08	7.753450e+00	6.442484e+02
2.390000e-06	9.794842e-07	1.063139e-08	7.038920e+00	6.322042e+02
2.400000e-06	8.798994e-07	1.043511e-08	6.323268e+00	6.198842e+02
2.410000e-06	7.800698e-07	1.022193e-08	5.605858e+00	6.072493e+02
2.420000e-06	6.799249e-07	9.986084e-09	4.886181e+00	5.942738e+02
2.430000e-06	5.795729e-07	9.757599e-09	4.165016e+00	5.809518e+02
2.440000e-06	4.790322e-07	9.546548e-09	3.442494e+00	5.672954e+02
2.450000e-06	3.782430e-07	9.321514e-09	2.718188e+00	5.533274e+02
2.460000e-06	2.772136e-07	9.068512e-09	1.992155e+00	5.390674e+02
2.470000e-06	1.760388e-07	8.813117e-09	1.265077e+00	5.245190e+02
2.480000e-06	7.482553e-08	8.568577e-09	5.377227e-01	5.096603e+02
2.490000e-06	-2.644660e-08	8.315802e-09	-1.900546e-01	4.944418e+02
2.500000e-06	-1.277615e-07	8.041135e-09	-9.181391e-01	4.787939e+02
2.510000e-06	-2.289623e-07	7.765825e-09	-1.645404e+00	4.626404e+02
2.520000e-06	-3.299208e-07	7.499965e-09	-2.370928e+00	4.459159e+02
2.530000e-06	-4.306815e-07	7.218354e-09	-3.095030e+00	4.285811e+02
2.540000e-06	-5.312441e-07	6.906054e-09	-3.817708e+00	4.106306e+02
2.550000e-06	-6.315535e-07	6.582494e-09	-4.538567e+00	3.920916e+02
2.560000e-06	-7.315957e-07	6.265407e-09	-5.257506e+00	3.730137e+02
2.570000e-06	-8.314023e-07	5.941706e-09	-5.974751e+00	3.534514e+02
2.580000e-06	-9.309815e-07	5.600754e-09	-6.690362e+00	3.334472e+02
2.590000e-06	-1.030254e-06	5.254228e-09	-7.403768e+00	3.130182e+02
2.600000e-06	-1.129244e-06	4.910691e-09	-8.115145e+00	2.921512e+02
2.610000e-06	-1.227945e-06	4.556166e-09	-8.824445e+00	2.708079e+02
2.620000e-06	-1.326178e-06	4.179489e-09	-9.530388e+00	2.489367e+02
2.630000e-06	-1.423917e-06	3.794561e-09	-1.023277e+01	2.264869e+02
2.640000e-06	-1.521198e-06	3.410982e-09	-1.093187e+01	2.034216e+02
2.650000e-06	-1.617931e-06	3.017894e-09	-1.162702e+01	1.797224e+02
2.660000e-06	-1.714104e-06	2.604602e-09	-1.231816e+01	1.553864e+02
2.670000e-06	-1.809814e-06	2.179799e-09	-1.300596e+01	1.304175e+02
2.680000e-06	-1.905107e-06	1.754794e-09	-1.369077e+01	1.048143e+02
2.690000e-06	-1.999800e-06	1.319385e-09	-1.437127e+01	7.856182e+01
2.700000e-06	-2.093494e-06	8.596728e-10	-1.504459e+01	5.163000e+01
2.710000e-06	-2.186034e-06	3.852484e-10	-1.570961e+01	2.398114e+01
2.720000e-06	-2.277760e-06	-8.995552e-11	-1.636879e+01	-4.416452e+00
2.730000e-06	-2.368810e-06	-5.733042e-10	-1.702311e+01	-3.357259e+01
2.740000e-06	-2.458993e-06	-1.076023e-09	-1.767119e+01	-6.346308e+01
2.750000e-06	-2.548271e-06	-1.593051e-09	-1.831278e+01	-9.402584e+01
2.760000e-06	-2.636659e-06	-2.112441e-09	-1.894796e+01	-1.251668e+02
2.770000e-06	-2.724281e-06	-2.636816e-09	-1.957765e+01	-1.567736e+02
2.780000e-06	-2.811123e-06	-3.175296e-09	-2.020172e+01	-1.887324e+02
2.790000e-06	-2.896744e-06	-3.721447e-09	-2.081703e+01	-2.209418e+02
2.800000e-06	-2.981061e-06	-4.264018e-09	-2.142296e+01	-2.533182e+02
2.810000e-06	-3.064422e-06	-4.807230e-09	-2.202202e+01	-2.857921e+02
2.820000e-06	-3.146848e-06	-5.356379e-09	-2.261436e+01	-3.182965e+02
2.830000e-06	-3.228199e-06	-5.903858e-09	-2.319898e+01	-3.507525e+02
2.840000e-06	-3.308491e-06	-6.443153e-09	-2.377599e+01	-3.830587e+02
2.850000e-06	-3.387666e-06	-6.978099e-09	-2.434497e+01	-4.150890e+02
2.860000e-06	-3.465386e-06	-7.511769e-09	-2.490349e+01	-4.467004e+02
2.870000e-06	-3.541542e-06	-8.036943e-09	-2.545077e+01	-4.777496e+02
2.880000e-06	-3.616318e-06	-8.546291e-09	-2.598814e+01	-5.081114e+02
2.890000e-06	-3.689799e-06	-9.041656e-09	-2.651620e+01	-5.376937e+02
2.900000e-06	-3.762074e-06	-9.527081e-09	-2.703559e+01	-5.664423e+02
2.910000e-06	-3.833091e-06	-9.999107e-09	-2.754595e+01	-5.943358e+02
2.920000e-06	-3.902526e-06	-1.045294e-08	-2.804493e+01	-6.213707e+02
2.930000e-06	-3.970382e-06	-1.089102e-08	-2.853257e+01	-6.475440e+02
2.940000e-06	-4.036958e-06	-1.131722e-08	-2.901101e+01	-6.728396e+02
2.950000e-06	-4.102188e-06	-1.172799e-08	-2.947978e+01	-6.972227e+02
2.960000e-06	-4.166058e-06	-1.211996e-08	-2.993877e+01	-7.206458e+02
2.970000e-06	-4.228488e-06	-1.249597e-08	-3.038741e+01	-7.430621e+02
2.980000e-06	-4.289169e-06	-1.285707e-08	-3.082348e+01	-7.644420e+02
2.990000e-06	-4.348254e-06	-1.320155e-08	-3.124809e+01	-7.847840e+02
3.000000e-06	-4.405932e-06	-1.352779e-08	-3.166258e+01	-8.041176e+02
3.010000e-06	-4.462164e-06	-1.383792e-08	-3.206669e+01	-8.224948e+02
3.020000e-06	-4.516735e-06	-1.413432e-08	-3.245885e+01	-8.399739e+02
3.030000e-06	-4.569350e-06	-1.441500e-08	-3.283696e+01	-8.566024e+02
3.040000e-06	-4.620086e-06	-1.467791e-08	-3.320158e+01	-8.724048e+02
3.050000e-06	-4.669032e-06	-1.492810e-08	-3.355332e+01	-8.873805e+02
3.060000e-06	-4.716023e-06	-1.516993e-08	-3.389101e+01	-9.015129e+02
3.070000e-06	-4.761241e-06	-1.539714e-08	-3.421597e+01	-9.147856e+02
3.080000e-06	-4.805038e-06	-1.560432e-08	-3.453071e+01	-9.271989e+02
3.090000e-06	-4.847396e-06	-1.579708e-08	-3.483510e+01	-9.387809e+02
3.100000e-06	-4.888212e-06	-1.597983e-08	-3.512842e+01	-9.495871e+02
3.110000e-06	-4.927397e-06	-1.615113e-08	-3.541002e+01	-9.596888e+02
3.120000e-06	-4.964691e-06	-1.631050e-08	-3.567803e+01	-9.691556e+02
3.130000e-06	-5.000075e-06	-1.646058e-08	-3.593231e+01	-9.780368e+02
3.140000e-06	-5.033783e-06	-1.660333e-08	-3.617454e+01	-9.863512e+02
3.150000e-06	-5.065818e-06	-1.673702e-08	-3.640476e+01	-9.940885e+02
3.160000e-06	-5.095924e-06	-1.685833e-08	-3.662111e+01	-1.001222e+03
3.170000e-06	-5.124091e-06	-1.696760e-08	-3.682353e+01	-1.007730e+03
3.180000e-06	-5.150585e-06	-1.706707e-08	-3.701393e+01	-1.013611e+03
3.190000e-06	-5.175349e-06	-1.715699e-08	-3.719189e+01	-1.018900e+03
3.200000e-06	-5.198241e-06	-1.723616e-08	-3.735640e+01	-1.023661e+03
3.210000e-06	-5.219161e-06	-1.730729e-08	-3.750674e+01	-1.027972e+03
3.220000e-06	-5.238241e-06	-1.737470e-08	-3.764385e+01	-1.031910e+03
3.230000e-06	-5.255609e-06	-1.743730e-08	-3.776867e+01	-1.035520e+03
3.240000e-06	-5.271065e-06	-1.749244e-08	-3.787974e+01	-1.038813e+03
3.250000e-06	-5.284338e-06	-1.753997e-08	-3.797512e+01	-1.041761e+03
3.260000e-06	-5.295533e-06	-1.758192e-08	-3.805557e+01	-1.044317e+03
3.270000e-06	-5.304891e-06	-1.761759e-08	-3.812282e+01	-1.046439e+03
3.280000e-06	-5.312424e-06	-1.764538e-08	-3.817696e+01	-1.048107e+03
3.290000e-06	-5.317974e-06	-1.766608e-08	-3.821684e+01	-1.049342e+03
3.300000e-06	-5.321598e-06	-1.768285e-08	-3.824288e+01	-1.050203e+03
3.310000e-06	-5.323516e-06	-1.769603e-08	-3.825667e+01	-1.050768e+03
3.320000e-06	-5.323720e-06	-1.770297e-08	-3.825813e+01	-1.051116e+03
