# Temperatura_=_31.94
# Concentracion g/m^3_=_22000.0
# C_Vs_to_Am_M_A/Vsm_=_59384043850.047264
# pendiente_HvsI_1/m_=_3716.3
# ordenada_HvsI_A/m_=_1297.0
# frecuencia_Hz_=_301155.6411918062

Tiempo_(s)	Campo_(V.s)	Magnetizacion_(V.s)	Campo_(kA/m)	Magnetizacion_(A/m)
0.000000e+00	-5.349184e-06	-1.703319e-08	-3.824466e+01	-1.014031e+03
1.000000e-08	-5.347199e-06	-1.703870e-08	-3.823048e+01	-1.014140e+03
2.000000e-08	-5.343377e-06	-1.703776e-08	-3.820314e+01	-1.013980e+03
3.000000e-08	-5.337896e-06	-1.703197e-08	-3.816396e+01	-1.013602e+03
4.000000e-08	-5.330769e-06	-1.702342e-08	-3.811300e+01	-1.013047e+03
5.000000e-08	-5.321904e-06	-1.701093e-08	-3.804962e+01	-1.012343e+03
6.000000e-08	-5.311068e-06	-1.699992e-08	-3.797215e+01	-1.011487e+03
7.000000e-08	-5.298246e-06	-1.699046e-08	-3.788048e+01	-1.010453e+03
8.000000e-08	-5.283301e-06	-1.697066e-08	-3.777363e+01	-1.009196e+03
9.000000e-08	-5.265983e-06	-1.695710e-08	-3.764981e+01	-1.007671e+03
1.000000e-07	-5.246456e-06	-1.692766e-08	-3.751020e+01	-1.005851e+03
1.100000e-07	-5.225083e-06	-1.687877e-08	-3.735739e+01	-1.003740e+03
1.200000e-07	-5.202135e-06	-1.685369e-08	-3.719332e+01	-1.001378e+03
1.300000e-07	-5.177940e-06	-1.679791e-08	-3.702033e+01	-9.988272e+02
1.400000e-07	-5.152337e-06	-1.671973e-08	-3.683728e+01	-9.961634e+02
1.500000e-07	-5.124843e-06	-1.674886e-08	-3.664071e+01	-9.934486e+02
1.600000e-07	-5.095624e-06	-1.670924e-08	-3.643181e+01	-9.907168e+02
1.700000e-07	-5.064869e-06	-1.663199e-08	-3.621192e+01	-9.879655e+02
1.800000e-07	-5.032215e-06	-1.662593e-08	-3.597846e+01	-9.851600e+02
1.900000e-07	-4.997559e-06	-1.651523e-08	-3.573068e+01	-9.822472e+02
2.000000e-07	-4.961274e-06	-1.647899e-08	-3.547125e+01	-9.791745e+02
2.100000e-07	-4.923356e-06	-1.649480e-08	-3.520015e+01	-9.759070e+02
2.200000e-07	-4.883691e-06	-1.637949e-08	-3.491657e+01	-9.724361e+02
2.300000e-07	-4.842230e-06	-1.630219e-08	-3.462013e+01	-9.687790e+02
2.400000e-07	-4.798789e-06	-1.626602e-08	-3.430954e+01	-9.649673e+02
2.500000e-07	-4.753510e-06	-1.618516e-08	-3.398582e+01	-9.610329e+02
2.600000e-07	-4.706516e-06	-1.612219e-08	-3.364983e+01	-9.569936e+02
2.700000e-07	-4.657701e-06	-1.601166e-08	-3.330082e+01	-9.528469e+02
2.800000e-07	-4.606817e-06	-1.594351e-08	-3.293702e+01	-9.485715e+02
2.900000e-07	-4.553907e-06	-1.590926e-08	-3.255873e+01	-9.441379e+02
3.000000e-07	-4.499328e-06	-1.580221e-08	-3.216851e+01	-9.395209e+02
3.100000e-07	-4.443299e-06	-1.569763e-08	-3.176792e+01	-9.347107e+02
3.200000e-07	-4.385636e-06	-1.563289e-08	-3.135566e+01	-9.297179e+02
3.300000e-07	-4.326160e-06	-1.559530e-08	-3.093043e+01	-9.245693e+02
3.400000e-07	-4.265171e-06	-1.549928e-08	-3.049438e+01	-9.192981e+02
3.500000e-07	-4.202835e-06	-1.538414e-08	-3.004870e+01	-9.139312e+02
3.600000e-07	-4.139126e-06	-1.529637e-08	-2.959320e+01	-9.084794e+02
3.700000e-07	-4.073922e-06	-1.520518e-08	-2.912702e+01	-9.029339e+02
3.800000e-07	-4.007002e-06	-1.511447e-08	-2.864856e+01	-8.972708e+02
3.900000e-07	-3.938524e-06	-1.500400e-08	-2.815897e+01	-8.914605e+02
4.000000e-07	-3.868776e-06	-1.490685e-08	-2.766030e+01	-8.854790e+02
4.100000e-07	-3.797763e-06	-1.483481e-08	-2.715259e+01	-8.793162e+02
4.200000e-07	-3.725460e-06	-1.473170e-08	-2.663564e+01	-8.729780e+02
4.300000e-07	-3.651685e-06	-1.460713e-08	-2.610819e+01	-8.664817e+02
4.400000e-07	-3.576249e-06	-1.448971e-08	-2.556884e+01	-8.598474e+02
4.500000e-07	-3.499313e-06	-1.438423e-08	-2.501878e+01	-8.530884e+02
4.600000e-07	-3.421071e-06	-1.426518e-08	-2.445938e+01	-8.462054e+02
4.700000e-07	-3.341479e-06	-1.413667e-08	-2.389032e+01	-8.391863e+02
4.800000e-07	-3.260556e-06	-1.402861e-08	-2.331176e+01	-8.320117e+02
4.900000e-07	-3.178429e-06	-1.392083e-08	-2.272458e+01	-8.246633e+02
5.000000e-07	-3.095206e-06	-1.379949e-08	-2.212956e+01	-8.171316e+02
5.100000e-07	-3.011067e-06	-1.365542e-08	-2.152800e+01	-8.094196e+02
5.200000e-07	-2.926062e-06	-1.351473e-08	-2.092025e+01	-8.015413e+02
5.300000e-07	-2.840109e-06	-1.338999e-08	-2.030572e+01	-7.935150e+02
5.400000e-07	-2.753234e-06	-1.325693e-08	-1.968459e+01	-7.853550e+02
5.500000e-07	-2.665472e-06	-1.311125e-08	-1.905713e+01	-7.770647e+02
5.600000e-07	-2.576776e-06	-1.296605e-08	-1.842298e+01	-7.686346e+02
5.700000e-07	-2.487047e-06	-1.283077e-08	-1.778146e+01	-7.600455e+02
5.800000e-07	-2.396253e-06	-1.268184e-08	-1.713231e+01	-7.512753e+02
5.900000e-07	-2.304525e-06	-1.252067e-08	-1.647649e+01	-7.423071e+02
6.000000e-07	-2.212041e-06	-1.236600e-08	-1.581526e+01	-7.331350e+02
6.100000e-07	-2.118838e-06	-1.222009e-08	-1.514890e+01	-7.237644e+02
6.200000e-07	-2.024872e-06	-1.206495e-08	-1.447707e+01	-7.142081e+02
6.300000e-07	-1.930232e-06	-1.188998e-08	-1.380044e+01	-7.044789e+02
6.400000e-07	-1.834993e-06	-1.171682e-08	-1.311951e+01	-6.945829e+02
6.500000e-07	-1.739116e-06	-1.154995e-08	-1.243403e+01	-6.845152e+02
6.600000e-07	-1.642606e-06	-1.137636e-08	-1.174402e+01	-6.742607e+02
6.700000e-07	-1.545421e-06	-1.119410e-08	-1.104919e+01	-6.637996e+02
6.800000e-07	-1.447502e-06	-1.101988e-08	-1.034910e+01	-6.531138e+02
6.900000e-07	-1.348923e-06	-1.085028e-08	-9.644294e+00	-6.421935e+02
7.000000e-07	-1.249791e-06	-1.066590e-08	-8.935536e+00	-6.310387e+02
7.100000e-07	-1.150196e-06	-1.046505e-08	-8.223474e+00	-6.196567e+02
7.200000e-07	-1.050228e-06	-1.026211e-08	-7.508737e+00	-6.080558e+02
7.300000e-07	-9.499767e-07	-1.006245e-08	-6.791978e+00	-5.962379e+02
7.400000e-07	-8.494908e-07	-9.857454e-09	-6.073541e+00	-5.841939e+02
7.500000e-07	-7.486784e-07	-9.648031e-09	-5.352770e+00	-5.719035e+02
7.600000e-07	-6.475642e-07	-9.439209e-09	-4.629842e+00	-5.593395e+02
7.700000e-07	-5.462782e-07	-9.231513e-09	-3.905685e+00	-5.464755e+02
7.800000e-07	-4.448137e-07	-9.012739e-09	-3.180252e+00	-5.332930e+02
7.900000e-07	-3.431897e-07	-8.779275e-09	-2.453678e+00	-5.197847e+02
8.000000e-07	-2.414264e-07	-8.541268e-09	-1.726109e+00	-5.059524e+02
8.100000e-07	-1.395689e-07	-8.303370e-09	-9.978652e-01	-4.918000e+02
8.200000e-07	-3.767011e-08	-8.059700e-09	-2.693272e-01	-4.773241e+02
8.300000e-07	6.427110e-08	-7.806167e-09	4.595143e-01	-4.625058e+02
8.400000e-07	1.661560e-07	-7.549547e-09	1.187953e+00	-4.473080e+02
8.500000e-07	2.679615e-07	-7.291428e-09	1.915825e+00	-4.316798e+02
8.600000e-07	3.697035e-07	-7.024392e-09	2.643242e+00	-4.155667e+02
8.700000e-07	4.713190e-07	-6.740718e-09	3.369755e+00	-3.989236e+02
8.800000e-07	5.727681e-07	-6.446387e-09	4.095077e+00	-3.817260e+02
8.900000e-07	6.740597e-07	-6.146435e-09	4.819275e+00	-3.639765e+02
9.000000e-07	7.751309e-07	-5.838015e-09	5.541896e+00	-3.457015e+02
9.100000e-07	8.759270e-07	-5.519386e-09	6.262550e+00	-3.269426e+02
9.200000e-07	9.764298e-07	-5.194698e-09	6.981108e+00	-3.077420e+02
9.300000e-07	1.076621e-06	-4.870347e-09	7.697436e+00	-2.881299e+02
9.400000e-07	1.176443e-06	-4.539455e-09	8.411128e+00	-2.681152e+02
9.500000e-07	1.275828e-06	-4.195207e-09	9.121692e+00	-2.476836e+02
9.600000e-07	1.374717e-06	-3.839732e-09	9.828711e+00	-2.268035e+02
9.700000e-07	1.473011e-06	-3.478340e-09	1.053148e+01	-2.054349e+02
9.800000e-07	1.570722e-06	-3.107952e-09	1.123008e+01	-1.835404e+02
9.900000e-07	1.667847e-06	-2.724612e-09	1.192448e+01	-1.610927e+02
1.000000e-06	1.764254e-06	-2.333316e-09	1.261376e+01	-1.380764e+02
1.010000e-06	1.860020e-06	-1.938818e-09	1.329845e+01	-1.144862e+02
1.020000e-06	1.955153e-06	-1.537201e-09	1.397861e+01	-9.032021e+01
1.030000e-06	2.049593e-06	-1.120599e-09	1.465382e+01	-6.557419e+01
1.040000e-06	2.143343e-06	-6.883791e-10	1.532410e+01	-4.023831e+01
1.050000e-06	2.236392e-06	-2.495722e-10	1.598937e+01	-1.429803e+01
1.060000e-06	2.328756e-06	1.937253e-10	1.664974e+01	1.226079e+01
1.070000e-06	2.420344e-06	6.493405e-10	1.730455e+01	3.944445e+01
1.080000e-06	2.511025e-06	1.119638e-09	1.795289e+01	6.724417e+01
1.090000e-06	2.600688e-06	1.600508e-09	1.859395e+01	9.563150e+01
1.100000e-06	2.689357e-06	2.089912e-09	1.922790e+01	1.245575e+02
1.110000e-06	2.776980e-06	2.589533e-09	1.985437e+01	1.539556e+02
1.120000e-06	2.863623e-06	3.095672e-09	2.047384e+01	1.837470e+02
1.130000e-06	2.949420e-06	3.601315e-09	2.108725e+01	2.138461e+02
1.140000e-06	3.034308e-06	4.108148e-09	2.169417e+01	2.441651e+02
1.150000e-06	3.118187e-06	4.621293e-09	2.229387e+01	2.746158e+02
1.160000e-06	3.200994e-06	5.140110e-09	2.288591e+01	3.051103e+02
1.170000e-06	3.282654e-06	5.657288e-09	2.346975e+01	3.355593e+02
1.180000e-06	3.363044e-06	6.167739e-09	2.404451e+01	3.658715e+02
1.190000e-06	3.442229e-06	6.675580e-09	2.461065e+01	3.959532e+02
1.200000e-06	3.520270e-06	7.179779e-09	2.516862e+01	4.257099e+02
1.210000e-06	3.597055e-06	7.674446e-09	2.571760e+01	4.550483e+02
1.220000e-06	3.672460e-06	8.158877e-09	2.625671e+01	4.838797e+02
1.230000e-06	3.746355e-06	8.635260e-09	2.678503e+01	5.121226e+02
1.240000e-06	3.818735e-06	9.101936e-09	2.730253e+01	5.397053e+02
1.250000e-06	3.889713e-06	9.556207e-09	2.781000e+01	5.665671e+02
1.260000e-06	3.959388e-06	9.998191e-09	2.830815e+01	5.926591e+02
1.270000e-06	4.027761e-06	1.042721e-08	2.879698e+01	6.179440e+02
1.280000e-06	4.094669e-06	1.084045e-08	2.927535e+01	6.423951e+02
1.290000e-06	4.160005e-06	1.123815e-08	2.974248e+01	6.659947e+02
1.300000e-06	4.223839e-06	1.162036e-08	3.019887e+01	6.887318e+02
1.310000e-06	4.286244e-06	1.198814e-08	3.064504e+01	7.105991e+02
1.320000e-06	4.347264e-06	1.234293e-08	3.108131e+01	7.315903e+02
1.330000e-06	4.406885e-06	1.268207e-08	3.150758e+01	7.516989e+02
1.340000e-06	4.464905e-06	1.300657e-08	3.192240e+01	7.709177e+02
1.350000e-06	4.521198e-06	1.331810e-08	3.232487e+01	7.892407e+02
1.360000e-06	4.575882e-06	1.361410e-08	3.271585e+01	8.066665e+02
1.370000e-06	4.628924e-06	1.389266e-08	3.309507e+01	8.232018e+02
1.380000e-06	4.680034e-06	1.415499e-08	3.346049e+01	8.388635e+02
1.390000e-06	4.729156e-06	1.440404e-08	3.381170e+01	8.536784e+02
1.400000e-06	4.776477e-06	1.464153e-08	3.415002e+01	8.676807e+02
1.410000e-06	4.822172e-06	1.486695e-08	3.447673e+01	8.809063e+02
1.420000e-06	4.866289e-06	1.507899e-08	3.479215e+01	8.933870e+02
1.430000e-06	4.908617e-06	1.527772e-08	3.509477e+01	9.051466e+02
1.440000e-06	4.949051e-06	1.546499e-08	3.538386e+01	9.161991e+02
1.450000e-06	4.987757e-06	1.563915e-08	3.566060e+01	9.265515e+02
1.460000e-06	5.024845e-06	1.579974e-08	3.592576e+01	9.362090e+02
1.470000e-06	5.060194e-06	1.594973e-08	3.617849e+01	9.451814e+02
1.480000e-06	5.093614e-06	1.609049e-08	3.641744e+01	9.534875e+02
1.490000e-06	5.125208e-06	1.622069e-08	3.664332e+01	9.611569e+02
1.500000e-06	5.155177e-06	1.633947e-08	3.685758e+01	9.682272e+02
1.510000e-06	5.183499e-06	1.644913e-08	3.706008e+01	9.747384e+02
1.520000e-06	5.209887e-06	1.655058e-08	3.724874e+01	9.807261e+02
1.530000e-06	5.234226e-06	1.664240e-08	3.742276e+01	9.862175e+02
1.540000e-06	5.256745e-06	1.672492e-08	3.758376e+01	9.912299e+02
1.550000e-06	5.277604e-06	1.680208e-08	3.773289e+01	9.957738e+02
1.560000e-06	5.296697e-06	1.687364e-08	3.786941e+01	9.998585e+02
1.570000e-06	5.313796e-06	1.693668e-08	3.799166e+01	1.003497e+03
1.580000e-06	5.328912e-06	1.699150e-08	3.809973e+01	1.006712e+03
1.590000e-06	5.342094e-06	1.703988e-08	3.819397e+01	1.009528e+03
1.600000e-06	5.353168e-06	1.708336e-08	3.827315e+01	1.011975e+03
1.610000e-06	5.362098e-06	1.711896e-08	3.833700e+01	1.014076e+03
1.620000e-06	5.369121e-06	1.714536e-08	3.838721e+01	1.015843e+03
1.630000e-06	5.374378e-06	1.716864e-08	3.842480e+01	1.017280e+03
1.640000e-06	5.377823e-06	1.718910e-08	3.844942e+01	1.018380e+03
1.650000e-06	5.379302e-06	1.720363e-08	3.846000e+01	1.019141e+03
1.660000e-06	5.378874e-06	1.721144e-08	3.845694e+01	1.019570e+03
1.670000e-06	5.376773e-06	1.721211e-08	3.844191e+01	1.019690e+03
1.680000e-06	5.373105e-06	1.720979e-08	3.841569e+01	1.019541e+03
1.690000e-06	5.367619e-06	1.720073e-08	3.837647e+01	1.019170e+03
1.700000e-06	5.360274e-06	1.718812e-08	3.832395e+01	1.018623e+03
1.710000e-06	5.351310e-06	1.717447e-08	3.825986e+01	1.017925e+03
1.720000e-06	5.340689e-06	1.715160e-08	3.818393e+01	1.017077e+03
1.730000e-06	5.328250e-06	1.712849e-08	3.809500e+01	1.016051e+03
1.740000e-06	5.313819e-06	1.710786e-08	3.799182e+01	1.014804e+03
1.750000e-06	5.297213e-06	1.707477e-08	3.787309e+01	1.013291e+03
1.760000e-06	5.278216e-06	1.706697e-08	3.773727e+01	1.011483e+03
1.770000e-06	5.256752e-06	1.702237e-08	3.758381e+01	1.009384e+03
1.780000e-06	5.233318e-06	1.695189e-08	3.741627e+01	1.007031e+03
1.790000e-06	5.208659e-06	1.693569e-08	3.723997e+01	1.004487e+03
1.800000e-06	5.182816e-06	1.685226e-08	3.705520e+01	1.001828e+03
1.810000e-06	5.155254e-06	1.684255e-08	3.685814e+01	9.991157e+02
1.820000e-06	5.125878e-06	1.680401e-08	3.664811e+01	9.963858e+02
1.830000e-06	5.094735e-06	1.665688e-08	3.642545e+01	9.936371e+02
1.840000e-06	5.061635e-06	1.671574e-08	3.618880e+01	9.908359e+02
1.850000e-06	5.026796e-06	1.666886e-08	3.593971e+01	9.879294e+02
1.860000e-06	4.990248e-06	1.647655e-08	3.567841e+01	9.848646e+02
1.870000e-06	4.951797e-06	1.651703e-08	3.540350e+01	9.816058e+02
1.880000e-06	4.911632e-06	1.650432e-08	3.511633e+01	9.781436e+02
1.890000e-06	4.869768e-06	1.640271e-08	3.481702e+01	9.744940e+02
1.900000e-06	4.826303e-06	1.632631e-08	3.450626e+01	9.706888e+02
1.910000e-06	4.781251e-06	1.620139e-08	3.418416e+01	9.667598e+02
1.920000e-06	4.734259e-06	1.624934e-08	3.384818e+01	9.627257e+02
1.930000e-06	4.685462e-06	1.619698e-08	3.349930e+01	9.585845e+02
1.940000e-06	4.635084e-06	1.603065e-08	3.313912e+01	9.543157e+02
1.950000e-06	4.582959e-06	1.602339e-08	3.276644e+01	9.498898e+02
1.960000e-06	4.528864e-06	1.596251e-08	3.237968e+01	9.452810e+02
1.970000e-06	4.472865e-06	1.586862e-08	3.197931e+01	9.404792e+02
1.980000e-06	4.415323e-06	1.571536e-08	3.156791e+01	9.354939e+02
1.990000e-06	4.356375e-06	1.561514e-08	3.114645e+01	9.303518e+02
2.000000e-06	4.295871e-06	1.560998e-08	3.071387e+01	9.250860e+02
2.010000e-06	4.233696e-06	1.547822e-08	3.026934e+01	9.197237e+02
2.020000e-06	4.169946e-06	1.537983e-08	2.981355e+01	9.142764e+02
2.030000e-06	4.104753e-06	1.529427e-08	2.934745e+01	9.087361e+02
2.040000e-06	4.038107e-06	1.522471e-08	2.887096e+01	9.030792e+02
2.050000e-06	3.970087e-06	1.513388e-08	2.838464e+01	8.972761e+02
2.060000e-06	3.900551e-06	1.494588e-08	2.788748e+01	8.913024e+02
2.070000e-06	3.829390e-06	1.486224e-08	2.737871e+01	8.851476e+02
2.080000e-06	3.756855e-06	1.478499e-08	2.686011e+01	8.788168e+02
2.090000e-06	3.683043e-06	1.468757e-08	2.633238e+01	8.723273e+02
2.100000e-06	3.607919e-06	1.456195e-08	2.579527e+01	8.656991e+02
2.110000e-06	3.531281e-06	1.443725e-08	2.524734e+01	8.589460e+02
2.120000e-06	3.453039e-06	1.435541e-08	2.468794e+01	8.520690e+02
2.130000e-06	3.373458e-06	1.420502e-08	2.411896e+01	8.450566e+02
2.140000e-06	3.292740e-06	1.406307e-08	2.354186e+01	8.378894e+02
2.150000e-06	3.210955e-06	1.393927e-08	2.295713e+01	8.305489e+02
2.160000e-06	3.128132e-06	1.384743e-08	2.236498e+01	8.230252e+02
2.170000e-06	3.044361e-06	1.372742e-08	2.176604e+01	8.153209e+02
2.180000e-06	2.959545e-06	1.356025e-08	2.115964e+01	8.074498e+02
2.190000e-06	2.873446e-06	1.342733e-08	2.054406e+01	7.994300e+02
2.200000e-06	2.786136e-06	1.330105e-08	1.991983e+01	7.912761e+02
2.210000e-06	2.697832e-06	1.316354e-08	1.928849e+01	7.829920e+02
2.220000e-06	2.608663e-06	1.299685e-08	1.865096e+01	7.745687e+02
2.230000e-06	2.518655e-06	1.285864e-08	1.800744e+01	7.659871e+02
2.240000e-06	2.427862e-06	1.273732e-08	1.735830e+01	7.572252e+02
2.250000e-06	2.336322e-06	1.258313e-08	1.670383e+01	7.482658e+02
2.260000e-06	2.244006e-06	1.240730e-08	1.604380e+01	7.391024e+02
2.270000e-06	2.150781e-06	1.224289e-08	1.537728e+01	7.297402e+02
2.280000e-06	2.056591e-06	1.210619e-08	1.470386e+01	7.201917e+02
2.290000e-06	1.961608e-06	1.194559e-08	1.402476e+01	7.104700e+02
2.300000e-06	1.865967e-06	1.176164e-08	1.334097e+01	7.005814e+02
2.310000e-06	1.769722e-06	1.159109e-08	1.265285e+01	6.905215e+02
2.320000e-06	1.672880e-06	1.143585e-08	1.196046e+01	6.802756e+02
2.330000e-06	1.575485e-06	1.125840e-08	1.126413e+01	6.698236e+02
2.340000e-06	1.477596e-06	1.105669e-08	1.056426e+01	6.591476e+02
2.350000e-06	1.379236e-06	1.087104e-08	9.861022e+00	6.482371e+02
2.360000e-06	1.280489e-06	1.070315e-08	9.155017e+00	6.370921e+02
2.370000e-06	1.181328e-06	1.051923e-08	8.446051e+00	6.257195e+02
2.380000e-06	1.081767e-06	1.031058e-08	7.734231e+00	6.141278e+02
2.390000e-06	9.819321e-07	1.010748e-08	7.020447e+00	6.023193e+02
2.400000e-06	8.818050e-07	9.912911e-09	6.304576e+00	5.902851e+02
2.410000e-06	7.812736e-07	9.702460e-09	5.585814e+00	5.780054e+02
2.420000e-06	6.803599e-07	9.476583e-09	4.864318e+00	5.654532e+02
2.430000e-06	5.792108e-07	9.262025e-09	4.141140e+00	5.526018e+02
2.440000e-06	4.778616e-07	9.058706e-09	3.416532e+00	5.394323e+02
2.450000e-06	3.763220e-07	8.838823e-09	2.690561e+00	5.259371e+02
2.460000e-06	2.746338e-07	8.593801e-09	1.963529e+00	5.121178e+02
2.470000e-06	1.728053e-07	8.347735e-09	1.235494e+00	4.979783e+02
2.480000e-06	7.091434e-08	8.110604e-09	5.070110e-01	4.835157e+02
2.490000e-06	-3.092930e-08	7.862123e-09	-2.211329e-01	4.687116e+02
2.500000e-06	-1.327329e-07	7.596285e-09	-9.489902e-01	4.535296e+02
2.510000e-06	-2.344816e-07	7.330911e-09	-1.676456e+00	4.379193e+02
2.520000e-06	-3.360730e-07	7.075037e-09	-2.402796e+00	4.218259e+02
2.530000e-06	-4.375004e-07	6.805916e-09	-3.127964e+00	4.052037e+02
2.540000e-06	-5.387976e-07	6.510243e-09	-3.852201e+00	3.880276e+02
2.550000e-06	-6.398635e-07	6.203097e-09	-4.574785e+00	3.702989e+02
2.560000e-06	-7.406639e-07	5.897680e-09	-5.295470e+00	3.520435e+02
2.570000e-06	-8.411792e-07	5.585930e-09	-6.014117e+00	3.333025e+02
2.580000e-06	-9.413664e-07	5.257560e-09	-6.730417e+00	3.141186e+02
2.590000e-06	-1.041182e-06	4.924588e-09	-7.444062e+00	2.945224e+02
2.600000e-06	-1.140630e-06	4.596312e-09	-8.155081e+00	2.745236e+02
2.610000e-06	-1.239703e-06	4.260073e-09	-8.863416e+00	2.541089e+02
2.620000e-06	-1.338318e-06	3.904207e-09	-9.568473e+00	2.332469e+02
2.630000e-06	-1.436482e-06	3.538457e-09	-1.027031e+01	2.118979e+02
2.640000e-06	-1.534223e-06	3.172700e-09	-1.096912e+01	1.900243e+02
2.650000e-06	-1.631456e-06	2.798980e-09	-1.166430e+01	1.675981e+02
2.660000e-06	-1.728122e-06	2.409916e-09	-1.235542e+01	1.446038e+02
2.670000e-06	-1.824240e-06	2.012939e-09	-1.304263e+01	1.210356e+02
2.680000e-06	-1.919786e-06	1.613333e-09	-1.372575e+01	9.689165e+01
2.690000e-06	-2.014691e-06	1.203650e-09	-1.440429e+01	7.216796e+01
2.700000e-06	-2.108764e-06	7.733574e-10	-1.507687e+01	4.685486e+01
2.710000e-06	-2.201953e-06	3.288082e-10	-1.574314e+01	2.093791e+01
2.720000e-06	-2.294307e-06	-1.160749e-10	-1.640344e+01	-5.597162e+00
2.730000e-06	-2.385824e-06	-5.663856e-10	-1.705775e+01	-3.275707e+01
2.740000e-06	-2.476466e-06	-1.033363e-09	-1.770581e+01	-6.053368e+01
2.750000e-06	-2.566207e-06	-1.513962e-09	-1.834742e+01	-8.889926e+01
2.760000e-06	-2.655069e-06	-1.996595e-09	-1.898275e+01	-1.178056e+02
2.770000e-06	-2.743030e-06	-2.482808e-09	-1.961164e+01	-1.471867e+02
2.780000e-06	-2.830017e-06	-2.982191e-09	-2.023356e+01	-1.769640e+02
2.790000e-06	-2.915944e-06	-3.492118e-09	-2.084791e+01	-2.070522e+02
2.800000e-06	-3.000774e-06	-4.000891e-09	-2.145441e+01	-2.373633e+02
2.810000e-06	-3.084513e-06	-4.507643e-09	-2.205312e+01	-2.678094e+02
2.820000e-06	-3.167204e-06	-5.020477e-09	-2.264432e+01	-2.983023e+02
2.830000e-06	-3.248853e-06	-5.536827e-09	-2.322808e+01	-3.287530e+02
2.840000e-06	-3.329409e-06	-6.045915e-09	-2.380403e+01	-3.590702e+02
2.850000e-06	-3.408804e-06	-6.545330e-09	-2.437167e+01	-3.891603e+02
2.860000e-06	-3.486889e-06	-7.042352e-09	-2.492995e+01	-4.189288e+02
2.870000e-06	-3.563514e-06	-7.537725e-09	-2.547779e+01	-4.482822e+02
2.880000e-06	-3.638685e-06	-8.022444e-09	-2.601523e+01	-4.771317e+02
2.890000e-06	-3.712460e-06	-8.494174e-09	-2.654270e+01	-5.053954e+02
2.900000e-06	-3.784955e-06	-8.958461e-09	-2.706101e+01	-5.330013e+02
2.910000e-06	-3.856143e-06	-9.414106e-09	-2.756998e+01	-5.598883e+02
2.920000e-06	-3.925851e-06	-9.853461e-09	-2.806837e+01	-5.860071e+02
2.930000e-06	-3.994080e-06	-1.027516e-08	-2.855618e+01	-6.113198e+02
2.940000e-06	-4.060899e-06	-1.068444e-08	-2.903391e+01	-6.357995e+02
2.950000e-06	-4.126383e-06	-1.108210e-08	-2.950210e+01	-6.594283e+02
2.960000e-06	-4.190516e-06	-1.146577e-08	-2.996062e+01	-6.821949e+02
2.970000e-06	-4.253132e-06	-1.183366e-08	-3.040830e+01	-7.040918e+02
2.980000e-06	-4.314068e-06	-1.218695e-08	-3.084397e+01	-7.251130e+02
2.990000e-06	-4.373379e-06	-1.252741e-08	-3.126802e+01	-7.452518e+02
3.000000e-06	-4.431221e-06	-1.285181e-08	-3.168157e+01	-7.645009e+02
3.010000e-06	-4.487580e-06	-1.315832e-08	-3.208452e+01	-7.828545e+02
3.020000e-06	-4.542258e-06	-1.345116e-08	-3.247545e+01	-8.003108e+02
3.030000e-06	-4.595054e-06	-1.373162e-08	-3.285292e+01	-8.168763e+02
3.040000e-06	-4.645919e-06	-1.399538e-08	-3.321658e+01	-8.325672e+02
3.050000e-06	-4.694943e-06	-1.424225e-08	-3.356709e+01	-8.474104e+02
3.060000e-06	-4.742113e-06	-1.447777e-08	-3.390433e+01	-8.614396e+02
3.070000e-06	-4.787529e-06	-1.470245e-08	-3.422904e+01	-8.746908e+02
3.080000e-06	-4.831424e-06	-1.491372e-08	-3.454287e+01	-8.871962e+02
3.090000e-06	-4.873803e-06	-1.510896e-08	-3.484587e+01	-8.989797e+02
3.100000e-06	-4.914695e-06	-1.529289e-08	-3.513823e+01	-9.100559e+02
3.110000e-06	-4.953965e-06	-1.546907e-08	-3.541900e+01	-9.204317e+02
3.120000e-06	-4.991392e-06	-1.563501e-08	-3.568658e+01	-9.301125e+02
3.130000e-06	-5.026982e-06	-1.578661e-08	-3.594104e+01	-9.391075e+02
3.140000e-06	-5.060815e-06	-1.592456e-08	-3.618294e+01	-9.474355e+02
3.150000e-06	-5.092890e-06	-1.605278e-08	-3.641226e+01	-9.551256e+02
3.160000e-06	-5.123076e-06	-1.617043e-08	-3.662808e+01	-9.622152e+02
3.170000e-06	-5.151400e-06	-1.627907e-08	-3.683058e+01	-9.687441e+02
3.180000e-06	-5.177968e-06	-1.638053e-08	-3.702053e+01	-9.747485e+02
3.190000e-06	-5.202712e-06	-1.647504e-08	-3.719744e+01	-9.802558e+02
3.200000e-06	-5.225510e-06	-1.656079e-08	-3.736044e+01	-9.852836e+02
3.210000e-06	-5.246363e-06	-1.663692e-08	-3.750953e+01	-9.898426e+02
3.220000e-06	-5.265424e-06	-1.670409e-08	-3.764581e+01	-9.939421e+02
3.230000e-06	-5.282703e-06	-1.676296e-08	-3.776935e+01	-9.975952e+02
3.240000e-06	-5.298046e-06	-1.681510e-08	-3.787905e+01	-1.000823e+03
3.250000e-06	-5.311269e-06	-1.686219e-08	-3.797358e+01	-1.003651e+03
3.260000e-06	-5.322388e-06	-1.690244e-08	-3.805309e+01	-1.006109e+03
3.270000e-06	-5.331628e-06	-1.693821e-08	-3.811915e+01	-1.008221e+03
3.280000e-06	-5.339079e-06	-1.696897e-08	-3.817242e+01	-1.009999e+03
3.290000e-06	-5.344578e-06	-1.699451e-08	-3.821173e+01	-1.011445e+03
3.300000e-06	-5.348144e-06	-1.701356e-08	-3.823723e+01	-1.012556e+03
3.310000e-06	-5.349985e-06	-1.702423e-08	-3.825039e+01	-1.013328e+03
3.320000e-06	-5.350072e-06	-1.702977e-08	-3.825101e+01	-1.013767e+03
