# Temperatura_=_44.14
# Concentracion g/m^3_=_22000.0
# C_Vs_to_Am_M_A/Vsm_=_59384043850.047264
# pendiente_HvsI_1/m_=_3716.3
# ordenada_HvsI_A/m_=_1297.0
# frecuencia_Hz_=_301153.08389281953

Tiempo_(s)	Campo_(V.s)	Magnetizacion_(V.s)	Campo_(kA/m)	Magnetizacion_(A/m)
0.000000e+00	-5.335739e-06	-1.756424e-08	-3.825423e+01	-1.043244e+03
1.000000e-08	-5.333801e-06	-1.756419e-08	-3.824033e+01	-1.043376e+03
2.000000e-08	-5.329935e-06	-1.756206e-08	-3.821262e+01	-1.043280e+03
3.000000e-08	-5.324439e-06	-1.755840e-08	-3.817321e+01	-1.042954e+03
4.000000e-08	-5.317338e-06	-1.754997e-08	-3.812230e+01	-1.042387e+03
5.000000e-08	-5.308539e-06	-1.753290e-08	-3.805922e+01	-1.041566e+03
6.000000e-08	-5.297759e-06	-1.751391e-08	-3.798193e+01	-1.040482e+03
7.000000e-08	-5.284937e-06	-1.749959e-08	-3.789000e+01	-1.039142e+03
8.000000e-08	-5.270104e-06	-1.747098e-08	-3.778366e+01	-1.037565e+03
9.000000e-08	-5.252884e-06	-1.740821e-08	-3.766020e+01	-1.035782e+03
1.000000e-07	-5.233365e-06	-1.736797e-08	-3.752027e+01	-1.033830e+03
1.100000e-07	-5.211980e-06	-1.736318e-08	-3.736694e+01	-1.031746e+03
1.200000e-07	-5.189035e-06	-1.735863e-08	-3.720244e+01	-1.029554e+03
1.300000e-07	-5.164891e-06	-1.735684e-08	-3.702935e+01	-1.027266e+03
1.400000e-07	-5.139363e-06	-1.726655e-08	-3.684632e+01	-1.024880e+03
1.500000e-07	-5.111908e-06	-1.717296e-08	-3.664948e+01	-1.022383e+03
1.600000e-07	-5.082738e-06	-1.720205e-08	-3.644036e+01	-1.019757e+03
1.700000e-07	-5.052121e-06	-1.713774e-08	-3.622085e+01	-1.016985e+03
1.800000e-07	-5.019565e-06	-1.703756e-08	-3.598744e+01	-1.014057e+03
1.900000e-07	-4.984955e-06	-1.701864e-08	-3.573931e+01	-1.010969e+03
2.000000e-07	-4.948747e-06	-1.696142e-08	-3.547972e+01	-1.007722e+03
2.100000e-07	-4.910866e-06	-1.694840e-08	-3.520813e+01	-1.004323e+03
2.200000e-07	-4.871218e-06	-1.689208e-08	-3.492387e+01	-1.000777e+03
2.300000e-07	-4.829825e-06	-1.673841e-08	-3.462711e+01	-9.970857e+02
2.400000e-07	-4.786455e-06	-1.668233e-08	-3.431617e+01	-9.932495e+02
2.500000e-07	-4.741267e-06	-1.665113e-08	-3.399220e+01	-9.892653e+02
2.600000e-07	-4.694381e-06	-1.657835e-08	-3.365605e+01	-9.851299e+02
2.700000e-07	-4.645759e-06	-1.649402e-08	-3.330746e+01	-9.808417e+02
2.800000e-07	-4.595206e-06	-1.640469e-08	-3.294502e+01	-9.764012e+02
2.900000e-07	-4.542555e-06	-1.635955e-08	-3.256755e+01	-9.718115e+02
3.000000e-07	-4.488144e-06	-1.627337e-08	-3.217745e+01	-9.670763e+02
3.100000e-07	-4.432263e-06	-1.614289e-08	-3.177682e+01	-9.621988e+02
3.200000e-07	-4.374866e-06	-1.605995e-08	-3.136531e+01	-9.571807e+02
3.300000e-07	-4.315736e-06	-1.601918e-08	-3.094138e+01	-9.520228e+02
3.400000e-07	-4.254990e-06	-1.595661e-08	-3.050587e+01	-9.467255e+02
3.500000e-07	-4.192827e-06	-1.583300e-08	-3.006019e+01	-9.412902e+02
3.600000e-07	-4.129242e-06	-1.572508e-08	-2.960432e+01	-9.357200e+02
3.700000e-07	-4.064162e-06	-1.564534e-08	-2.913774e+01	-9.300188e+02
3.800000e-07	-3.997393e-06	-1.554083e-08	-2.865904e+01	-9.241897e+02
3.900000e-07	-3.929018e-06	-1.542882e-08	-2.816884e+01	-9.182324e+02
4.000000e-07	-3.859351e-06	-1.532473e-08	-2.766936e+01	-9.121421e+02
4.100000e-07	-3.788453e-06	-1.524862e-08	-2.716107e+01	-9.059088e+02
4.200000e-07	-3.716346e-06	-1.515507e-08	-2.664409e+01	-8.995196e+02
4.300000e-07	-3.642883e-06	-1.502873e-08	-2.611741e+01	-8.929621e+02
4.400000e-07	-3.567734e-06	-1.490762e-08	-2.557863e+01	-8.862286e+02
4.500000e-07	-3.490993e-06	-1.479340e-08	-2.502844e+01	-8.793192e+02
4.600000e-07	-3.412916e-06	-1.467717e-08	-2.446867e+01	-8.722420e+02
4.700000e-07	-3.333500e-06	-1.454734e-08	-2.389931e+01	-8.650109e+02
4.800000e-07	-3.252756e-06	-1.442990e-08	-2.332042e+01	-8.576406e+02
4.900000e-07	-3.170825e-06	-1.432323e-08	-2.273302e+01	-8.501413e+02
5.000000e-07	-3.087789e-06	-1.419915e-08	-2.213770e+01	-8.425143e+02
5.100000e-07	-3.003786e-06	-1.405538e-08	-2.153545e+01	-8.347504e+02
5.200000e-07	-2.918927e-06	-1.391379e-08	-2.092705e+01	-8.268324e+02
5.300000e-07	-2.833169e-06	-1.378554e-08	-2.031222e+01	-8.187400e+02
5.400000e-07	-2.746480e-06	-1.364871e-08	-1.969071e+01	-8.104565e+02
5.500000e-07	-2.658936e-06	-1.349887e-08	-1.906307e+01	-8.019738e+02
5.600000e-07	-2.570540e-06	-1.335503e-08	-1.842932e+01	-7.932943e+02
5.700000e-07	-2.481139e-06	-1.321495e-08	-1.778836e+01	-7.844293e+02
5.800000e-07	-2.390643e-06	-1.306123e-08	-1.713956e+01	-7.753931e+02
5.900000e-07	-2.299170e-06	-1.289418e-08	-1.648375e+01	-7.661971e+02
6.000000e-07	-2.206922e-06	-1.273506e-08	-1.582238e+01	-7.568439e+02
6.100000e-07	-2.113967e-06	-1.258844e-08	-1.515595e+01	-7.473250e+02
6.200000e-07	-2.020298e-06	-1.243314e-08	-1.448439e+01	-7.376233e+02
6.300000e-07	-1.925912e-06	-1.226132e-08	-1.380770e+01	-7.277179e+02
6.400000e-07	-1.830864e-06	-1.208692e-08	-1.312626e+01	-7.175916e+02
6.500000e-07	-1.735210e-06	-1.191616e-08	-1.244047e+01	-7.072362e+02
6.600000e-07	-1.638951e-06	-1.173504e-08	-1.175035e+01	-6.966545e+02
6.700000e-07	-1.542052e-06	-1.154328e-08	-1.105564e+01	-6.858582e+02
6.800000e-07	-1.444493e-06	-1.135941e-08	-1.035620e+01	-6.748615e+02
6.900000e-07	-1.346292e-06	-1.118564e-08	-9.652154e+00	-6.636737e+02
7.000000e-07	-1.247497e-06	-1.100349e-08	-8.943844e+00	-6.522926e+02
7.100000e-07	-1.148216e-06	-1.080397e-08	-8.232061e+00	-6.407028e+02
7.200000e-07	-1.048547e-06	-1.059946e-08	-7.517491e+00	-6.288775e+02
7.300000e-07	-9.485584e-07	-1.039391e-08	-6.800627e+00	-6.167857e+02
7.400000e-07	-8.482587e-07	-1.018156e-08	-6.081534e+00	-6.044002e+02
7.500000e-07	-7.476442e-07	-9.962823e-09	-5.360185e+00	-5.917051e+02
7.600000e-07	-6.467663e-07	-9.745260e-09	-4.636948e+00	-5.786984e+02
7.700000e-07	-5.457167e-07	-9.530476e-09	-3.912480e+00	-5.653896e+02
7.800000e-07	-4.445337e-07	-9.307102e-09	-3.187055e+00	-5.517930e+02
7.900000e-07	-3.432178e-07	-9.070728e-09	-2.460677e+00	-5.379175e+02
8.000000e-07	-2.417648e-07	-8.829518e-09	-1.733317e+00	-5.237582e+02
8.100000e-07	-1.401852e-07	-8.587012e-09	-1.005049e+00	-5.092915e+02
8.200000e-07	-3.854856e-08	-8.335549e-09	-2.763713e-01	-4.944754e+02
8.300000e-07	6.312164e-08	-8.072189e-09	4.525464e-01	-4.792561e+02
8.400000e-07	1.647668e-07	-7.807959e-09	1.181284e+00	-4.635779e+02
8.500000e-07	2.663241e-07	-7.544681e-09	1.909393e+00	-4.473933e+02
8.600000e-07	3.677802e-07	-7.269177e-09	2.636776e+00	-4.306710e+02
8.700000e-07	4.691174e-07	-6.975313e-09	3.363306e+00	-4.133996e+02
8.800000e-07	5.702979e-07	-6.670432e-09	4.088713e+00	-3.955852e+02
8.900000e-07	6.713036e-07	-6.360233e-09	4.812867e+00	-3.772460e+02
9.000000e-07	7.720988e-07	-6.042174e-09	5.535511e+00	-3.584043e+02
9.100000e-07	8.726188e-07	-5.713237e-09	6.256182e+00	-3.390795e+02
9.200000e-07	9.728517e-07	-5.380212e-09	6.974796e+00	-3.192831e+02
9.300000e-07	1.072768e-06	-5.047455e-09	7.691136e+00	-2.990179e+02
9.400000e-07	1.172344e-06	-4.705719e-09	8.405043e+00	-2.782784e+02
9.500000e-07	1.271522e-06	-4.348052e-09	9.116092e+00	-2.570542e+02
9.600000e-07	1.370203e-06	-3.978865e-09	9.823578e+00	-2.353314e+02
9.700000e-07	1.468259e-06	-3.603789e-09	1.052658e+01	-2.130941e+02
9.800000e-07	1.565638e-06	-3.218554e-09	1.122474e+01	-1.903238e+02
9.900000e-07	1.662366e-06	-2.820813e-09	1.191822e+01	-1.669978e+02
1.000000e-06	1.758385e-06	-2.415450e-09	1.260663e+01	-1.430881e+02
1.010000e-06	1.853787e-06	-2.006133e-09	1.329061e+01	-1.185625e+02
1.020000e-06	1.948638e-06	-1.587878e-09	1.397063e+01	-9.338726e+01
1.030000e-06	2.042831e-06	-1.154719e-09	1.464594e+01	-6.753141e+01
1.040000e-06	2.136340e-06	-7.060580e-10	1.531635e+01	-4.097256e+01
1.050000e-06	2.229220e-06	-2.450805e-10	1.598225e+01	-1.370166e+01
1.060000e-06	2.321439e-06	2.269547e-10	1.664340e+01	1.427410e+01
1.070000e-06	2.412867e-06	7.120621e-10	1.729889e+01	4.293079e+01
1.080000e-06	2.503289e-06	1.207010e-09	1.794716e+01	7.222959e+01
1.090000e-06	2.592602e-06	1.708083e-09	1.858749e+01	1.021200e+02
1.100000e-06	2.680900e-06	2.217725e-09	1.922053e+01	1.325432e+02
1.110000e-06	2.768299e-06	2.740745e-09	1.984713e+01	1.634340e+02
1.120000e-06	2.854791e-06	3.272303e-09	2.046724e+01	1.947214e+02
1.130000e-06	2.940322e-06	3.804723e-09	2.108044e+01	2.263278e+02
1.140000e-06	3.024933e-06	4.341073e-09	2.168706e+01	2.581673e+02
1.150000e-06	3.108647e-06	4.884622e-09	2.228724e+01	2.901440e+02
1.160000e-06	3.191287e-06	5.429653e-09	2.287972e+01	3.221530e+02
1.170000e-06	3.272684e-06	5.966971e-09	2.346329e+01	3.540817e+02
1.180000e-06	3.352852e-06	6.497538e-09	2.403805e+01	3.858140e+02
1.190000e-06	3.431761e-06	7.026436e-09	2.460378e+01	4.172349e+02
1.200000e-06	3.509466e-06	7.551109e-09	2.516089e+01	4.482351e+02
1.210000e-06	3.586015e-06	8.064499e-09	2.570969e+01	4.787148e+02
1.220000e-06	3.661196e-06	8.568096e-09	2.624870e+01	5.085856e+02
1.230000e-06	3.734782e-06	9.063598e-09	2.677627e+01	5.377714e+02
1.240000e-06	3.806899e-06	9.546634e-09	2.729331e+01	5.662076e+02
1.250000e-06	3.877719e-06	1.001106e-08	2.780105e+01	5.938401e+02
1.260000e-06	3.947220e-06	1.045819e-08	2.829933e+01	6.206242e+02
1.270000e-06	4.015444e-06	1.089399e-08	2.878846e+01	6.465245e+02
1.280000e-06	4.082246e-06	1.131603e-08	2.926740e+01	6.715140e+02
1.290000e-06	4.147417e-06	1.172072e-08	2.973463e+01	6.955746e+02
1.300000e-06	4.211093e-06	1.210988e-08	3.019115e+01	7.186962e+02
1.310000e-06	4.273384e-06	1.248692e-08	3.063774e+01	7.408756e+02
1.320000e-06	4.334290e-06	1.284817e-08	3.107440e+01	7.621149e+02
1.330000e-06	4.393889e-06	1.318887e-08	3.150169e+01	7.824194e+02
1.340000e-06	4.451861e-06	1.351119e-08	3.191732e+01	8.017956e+02
1.350000e-06	4.508034e-06	1.382120e-08	3.232005e+01	8.202503e+02
1.360000e-06	4.562628e-06	1.411736e-08	3.271146e+01	8.377908e+02
1.370000e-06	4.615548e-06	1.439663e-08	3.309087e+01	8.544262e+02
1.380000e-06	4.666489e-06	1.466088e-08	3.345608e+01	8.701691e+02
1.390000e-06	4.715398e-06	1.491269e-08	3.380674e+01	8.850377e+02
1.400000e-06	4.762554e-06	1.515110e-08	3.414481e+01	8.990566e+02
1.410000e-06	4.808165e-06	1.537443e-08	3.447182e+01	9.122565e+02
1.420000e-06	4.852217e-06	1.558268e-08	3.478765e+01	9.246721e+02
1.430000e-06	4.894375e-06	1.577721e-08	3.508989e+01	9.363385e+02
1.440000e-06	4.934643e-06	1.596027e-08	3.537859e+01	9.472882e+02
1.450000e-06	4.973296e-06	1.613274e-08	3.565572e+01	9.575473e+02
1.460000e-06	5.010340e-06	1.629454e-08	3.592130e+01	9.671349e+02
1.470000e-06	5.045658e-06	1.644648e-08	3.617451e+01	9.760636e+02
1.480000e-06	5.079031e-06	1.658656e-08	3.641378e+01	9.843427e+02
1.490000e-06	5.110614e-06	1.671176e-08	3.664021e+01	9.919826e+02
1.500000e-06	5.140590e-06	1.682576e-08	3.685512e+01	9.989993e+02
1.510000e-06	5.168911e-06	1.693210e-08	3.705817e+01	1.005418e+03
1.520000e-06	5.195295e-06	1.703118e-08	3.724732e+01	1.011273e+03
1.530000e-06	5.219580e-06	1.712138e-08	3.742143e+01	1.016606e+03
1.540000e-06	5.241994e-06	1.720365e-08	3.758213e+01	1.021460e+03
1.550000e-06	5.262714e-06	1.727966e-08	3.773068e+01	1.025875e+03
1.560000e-06	5.281701e-06	1.734866e-08	3.786681e+01	1.029883e+03
1.570000e-06	5.298767e-06	1.740856e-08	3.798916e+01	1.033498e+03
1.580000e-06	5.313913e-06	1.746049e-08	3.809775e+01	1.036728e+03
1.590000e-06	5.327148e-06	1.750805e-08	3.819264e+01	1.039566e+03
1.600000e-06	5.338272e-06	1.755133e-08	3.827239e+01	1.042007e+03
1.610000e-06	5.347207e-06	1.758675e-08	3.833645e+01	1.044049e+03
1.620000e-06	5.354235e-06	1.761289e-08	3.838683e+01	1.045700e+03
1.630000e-06	5.359529e-06	1.763407e-08	3.842479e+01	1.046982e+03
1.640000e-06	5.362980e-06	1.765123e-08	3.844953e+01	1.047927e+03
1.650000e-06	5.364440e-06	1.766253e-08	3.846000e+01	1.048571e+03
1.660000e-06	5.364033e-06	1.766936e-08	3.845708e+01	1.048951e+03
1.670000e-06	5.361932e-06	1.767283e-08	3.844201e+01	1.049092e+03
1.680000e-06	5.358260e-06	1.767079e-08	3.841569e+01	1.049006e+03
1.690000e-06	5.352867e-06	1.766295e-08	3.837703e+01	1.048690e+03
1.700000e-06	5.345548e-06	1.765016e-08	3.832456e+01	1.048133e+03
1.710000e-06	5.336559e-06	1.763518e-08	3.826011e+01	1.047322e+03
1.720000e-06	5.325929e-06	1.761540e-08	3.818390e+01	1.046250e+03
1.730000e-06	5.313473e-06	1.758495e-08	3.809459e+01	1.044920e+03
1.740000e-06	5.299094e-06	1.759552e-08	3.799151e+01	1.043352e+03
1.750000e-06	5.282655e-06	1.759705e-08	3.787365e+01	1.041577e+03
1.760000e-06	5.263885e-06	1.754889e-08	3.773907e+01	1.039633e+03
1.770000e-06	5.242569e-06	1.747361e-08	3.758625e+01	1.037554e+03
1.780000e-06	5.219202e-06	1.734541e-08	3.741872e+01	1.035367e+03
1.790000e-06	5.194670e-06	1.734470e-08	3.724284e+01	1.033083e+03
1.800000e-06	5.169028e-06	1.740635e-08	3.705901e+01	1.030702e+03
1.810000e-06	5.141630e-06	1.730388e-08	3.686257e+01	1.028211e+03
1.820000e-06	5.112321e-06	1.726635e-08	3.665245e+01	1.025592e+03
1.830000e-06	5.081259e-06	1.725327e-08	3.642975e+01	1.022827e+03
1.840000e-06	5.048270e-06	1.716695e-08	3.619324e+01	1.019906e+03
1.850000e-06	5.013555e-06	1.714418e-08	3.594435e+01	1.016825e+03
1.860000e-06	4.977256e-06	1.700766e-08	3.568411e+01	1.013585e+03
1.870000e-06	4.939025e-06	1.692636e-08	3.541002e+01	1.010193e+03
1.880000e-06	4.899044e-06	1.702519e-08	3.512337e+01	1.006653e+03
1.890000e-06	4.857389e-06	1.694697e-08	3.482473e+01	1.002969e+03
1.900000e-06	4.814061e-06	1.681306e-08	3.451409e+01	9.991390e+02
1.910000e-06	4.769194e-06	1.674210e-08	3.419242e+01	9.951615e+02
1.920000e-06	4.722403e-06	1.667908e-08	3.385695e+01	9.910330e+02
1.930000e-06	4.673757e-06	1.667375e-08	3.350819e+01	9.867516e+02
1.940000e-06	4.623524e-06	1.652622e-08	3.314805e+01	9.823180e+02
1.950000e-06	4.571574e-06	1.643887e-08	3.277559e+01	9.777350e+02
1.960000e-06	4.517713e-06	1.647453e-08	3.238945e+01	9.730063e+02
1.970000e-06	4.461906e-06	1.635942e-08	3.198934e+01	9.681352e+02
1.980000e-06	4.404553e-06	1.621823e-08	3.157815e+01	9.631236e+02
1.990000e-06	4.345810e-06	1.609539e-08	3.115699e+01	9.579721e+02
2.000000e-06	4.285557e-06	1.605141e-08	3.072501e+01	9.526812e+02
2.010000e-06	4.223634e-06	1.599223e-08	3.028106e+01	9.472522e+02
2.020000e-06	4.159999e-06	1.583509e-08	2.982484e+01	9.416882e+02
2.030000e-06	4.094947e-06	1.577139e-08	2.935845e+01	9.359931e+02
2.040000e-06	4.028502e-06	1.570504e-08	2.888208e+01	9.301699e+02
2.050000e-06	3.960670e-06	1.560558e-08	2.839576e+01	9.242187e+02
2.060000e-06	3.891406e-06	1.545670e-08	2.789917e+01	9.181347e+02
2.070000e-06	3.820517e-06	1.531261e-08	2.739094e+01	9.119081e+02
2.080000e-06	3.748197e-06	1.526552e-08	2.687245e+01	9.055261e+02
2.090000e-06	3.674536e-06	1.515871e-08	2.634434e+01	8.989762e+02
2.100000e-06	3.599577e-06	1.502701e-08	2.580693e+01	8.922505e+02
2.110000e-06	3.523210e-06	1.490500e-08	2.525942e+01	8.853487e+02
2.120000e-06	3.445195e-06	1.480071e-08	2.470010e+01	8.782787e+02
2.130000e-06	3.365787e-06	1.468603e-08	2.413079e+01	8.710542e+02
2.140000e-06	3.285244e-06	1.451607e-08	2.355334e+01	8.636901e+02
2.150000e-06	3.203662e-06	1.439335e-08	2.296844e+01	8.561968e+02
2.160000e-06	3.121037e-06	1.429576e-08	2.237606e+01	8.485758e+02
2.170000e-06	3.037437e-06	1.417858e-08	2.177671e+01	8.408185e+02
2.180000e-06	2.952838e-06	1.402327e-08	2.117017e+01	8.329077e+02
2.190000e-06	2.867043e-06	1.386857e-08	2.055507e+01	8.248233e+02
2.200000e-06	2.780057e-06	1.374852e-08	1.993144e+01	8.165483e+02
2.210000e-06	2.691995e-06	1.360684e-08	1.930008e+01	8.080741e+02
2.220000e-06	2.603048e-06	1.344493e-08	1.866238e+01	7.994030e+02
2.230000e-06	2.513291e-06	1.329430e-08	1.801887e+01	7.905457e+02
2.240000e-06	2.422756e-06	1.316858e-08	1.736979e+01	7.815168e+02
2.250000e-06	2.331484e-06	1.302332e-08	1.671542e+01	7.723279e+02
2.260000e-06	2.239393e-06	1.284060e-08	1.605518e+01	7.629817e+02
2.270000e-06	2.146394e-06	1.266234e-08	1.538843e+01	7.534705e+02
2.280000e-06	2.052467e-06	1.251218e-08	1.471503e+01	7.437771e+02
2.290000e-06	1.957788e-06	1.235718e-08	1.403623e+01	7.338807e+02
2.300000e-06	1.862436e-06	1.217352e-08	1.335261e+01	7.237639e+02
2.310000e-06	1.766413e-06	1.199498e-08	1.266418e+01	7.134181e+02
2.320000e-06	1.669824e-06	1.183459e-08	1.197169e+01	7.028457e+02
2.330000e-06	1.572695e-06	1.166101e-08	1.127533e+01	6.920583e+02
2.340000e-06	1.475073e-06	1.145349e-08	1.057544e+01	6.810700e+02
2.350000e-06	1.377018e-06	1.125101e-08	9.872438e+00	6.698903e+02
2.360000e-06	1.278494e-06	1.107256e-08	9.166078e+00	6.585178e+02
2.370000e-06	1.179544e-06	1.088932e-08	8.456661e+00	6.469373e+02
2.380000e-06	1.080283e-06	1.068300e-08	7.745018e+00	6.351223e+02
2.390000e-06	9.807026e-07	1.047402e-08	7.031082e+00	6.230420e+02
2.400000e-06	8.807520e-07	1.027687e-08	6.314493e+00	6.106688e+02
2.410000e-06	7.804774e-07	1.006320e-08	5.595581e+00	5.979863e+02
2.420000e-06	6.799469e-07	9.828574e-09	4.874834e+00	5.849919e+02
2.430000e-06	5.791896e-07	9.598080e-09	4.152461e+00	5.716951e+02
2.440000e-06	4.782182e-07	9.383498e-09	3.428554e+00	5.581100e+02
2.450000e-06	3.770323e-07	9.160821e-09	2.703108e+00	5.442459e+02
2.460000e-06	2.756237e-07	8.913506e-09	1.976066e+00	5.300985e+02
2.470000e-06	1.740493e-07	8.663500e-09	1.247835e+00	5.156447e+02
2.480000e-06	7.246826e-08	8.419728e-09	5.195564e-01	5.008434e+02
2.490000e-06	-2.910613e-08	8.164541e-09	-2.086745e-01	4.856410e+02
2.500000e-06	-1.306623e-07	7.888511e-09	-9.367746e-01	4.699815e+02
2.510000e-06	-2.321210e-07	7.612032e-09	-1.664176e+00	4.538170e+02
2.520000e-06	-3.334597e-07	7.344431e-09	-2.390718e+00	4.371157e+02
2.530000e-06	-4.346593e-07	7.063581e-09	-3.116261e+00	4.198653e+02
2.540000e-06	-5.357051e-07	6.757407e-09	-3.840703e+00	4.020714e+02
2.550000e-06	-6.365064e-07	6.441756e-09	-4.563391e+00	3.837520e+02
2.560000e-06	-7.369930e-07	6.128545e-09	-5.283822e+00	3.649293e+02
2.570000e-06	-8.371825e-07	5.804364e-09	-6.002125e+00	3.456229e+02
2.580000e-06	-9.370577e-07	5.461978e-09	-6.718173e+00	3.258447e+02
2.590000e-06	-1.036535e-06	5.116829e-09	-7.431371e+00	3.055977e+02
2.600000e-06	-1.135658e-06	4.776878e-09	-8.142023e+00	2.848767e+02
2.610000e-06	-1.234449e-06	4.426432e-09	-8.850301e+00	2.636714e+02
2.620000e-06	-1.332865e-06	4.054387e-09	-9.555887e+00	2.419681e+02
2.630000e-06	-1.430820e-06	3.674769e-09	-1.025817e+01	2.197510e+02
2.640000e-06	-1.528260e-06	3.295506e-09	-1.095676e+01	1.970015e+02
2.650000e-06	-1.625205e-06	2.905863e-09	-1.165180e+01	1.736971e+02
2.660000e-06	-1.721646e-06	2.498530e-09	-1.234323e+01	1.498103e+02
2.670000e-06	-1.817568e-06	2.082506e-09	-1.303093e+01	1.253087e+02
2.680000e-06	-1.912932e-06	1.666034e-09	-1.371464e+01	1.001586e+02
2.690000e-06	-2.007628e-06	1.238530e-09	-1.439356e+01	7.432897e+01
2.700000e-06	-2.101505e-06	7.878431e-10	-1.506660e+01	4.779690e+01
2.710000e-06	-2.194411e-06	3.217965e-10	-1.573268e+01	2.055282e+01
2.720000e-06	-2.286358e-06	-1.469746e-10	-1.639190e+01	-7.396657e+00
2.730000e-06	-2.377524e-06	-6.236456e-10	-1.704550e+01	-3.602819e+01
2.740000e-06	-2.467904e-06	-1.117735e-09	-1.769348e+01	-6.530345e+01
2.750000e-06	-2.557403e-06	-1.624283e-09	-1.833513e+01	-9.517232e+01
2.760000e-06	-2.646017e-06	-2.131433e-09	-1.897044e+01	-1.255761e+02
2.770000e-06	-2.733788e-06	-2.643758e-09	-1.959971e+01	-1.564500e+02
2.780000e-06	-2.820685e-06	-3.169711e-09	-2.022271e+01	-1.877231e+02
2.790000e-06	-2.906490e-06	-3.703988e-09	-2.083789e+01	-2.193182e+02
2.800000e-06	-2.991040e-06	-4.236468e-09	-2.144406e+01	-2.511494e+02
2.810000e-06	-3.074475e-06	-4.768852e-09	-2.204224e+01	-2.831216e+02
2.820000e-06	-3.156938e-06	-5.308437e-09	-2.263346e+01	-3.151299e+02
2.830000e-06	-3.238380e-06	-5.848909e-09	-2.321735e+01	-3.470621e+02
2.840000e-06	-3.318726e-06	-6.380148e-09	-2.379339e+01	-3.788020e+02
2.850000e-06	-3.397929e-06	-6.903487e-09	-2.436122e+01	-4.102345e+02
2.860000e-06	-3.475819e-06	-7.423419e-09	-2.491965e+01	-4.412501e+02
2.870000e-06	-3.552226e-06	-7.937081e-09	-2.546745e+01	-4.717485e+02
2.880000e-06	-3.627191e-06	-8.438221e-09	-2.600490e+01	-5.016410e+02
2.890000e-06	-3.700831e-06	-8.927052e-09	-2.653286e+01	-5.308510e+02
2.900000e-06	-3.773220e-06	-9.407130e-09	-2.705185e+01	-5.593136e+02
2.910000e-06	-3.844339e-06	-9.876888e-09	-2.756173e+01	-5.869742e+02
2.920000e-06	-3.913987e-06	-1.032865e-08	-2.806107e+01	-6.137879e+02
2.930000e-06	-3.982093e-06	-1.076130e-08	-2.854935e+01	-6.397188e+02
2.940000e-06	-4.048806e-06	-1.118059e-08	-2.902765e+01	-6.647398e+02
2.950000e-06	-4.114161e-06	-1.158639e-08	-2.949621e+01	-6.888324e+02
2.960000e-06	-4.178161e-06	-1.197584e-08	-2.995505e+01	-7.119862e+02
2.970000e-06	-4.240704e-06	-1.235005e-08	-3.040345e+01	-7.341978e+02
2.980000e-06	-4.301560e-06	-1.271023e-08	-3.083975e+01	-7.554692e+02
2.990000e-06	-4.360806e-06	-1.305387e-08	-3.126451e+01	-7.758055e+02
3.000000e-06	-4.418606e-06	-1.338037e-08	-3.167890e+01	-7.952133e+02
3.010000e-06	-4.474961e-06	-1.369052e-08	-3.208294e+01	-8.136994e+02
3.020000e-06	-4.529619e-06	-1.398690e-08	-3.247481e+01	-8.312710e+02
3.030000e-06	-4.582264e-06	-1.426940e-08	-3.285224e+01	-8.479371e+02
3.040000e-06	-4.633050e-06	-1.453527e-08	-3.321635e+01	-8.637102e+02
3.050000e-06	-4.682067e-06	-1.478504e-08	-3.356777e+01	-8.786082e+02
3.060000e-06	-4.729116e-06	-1.502334e-08	-3.390508e+01	-8.926555e+02
3.070000e-06	-4.774414e-06	-1.524893e-08	-3.422984e+01	-9.058827e+02
3.080000e-06	-4.818234e-06	-1.545855e-08	-3.454401e+01	-9.183242e+02
3.090000e-06	-4.860545e-06	-1.565325e-08	-3.484736e+01	-9.300154e+02
3.100000e-06	-4.901385e-06	-1.583682e-08	-3.514016e+01	-9.409888e+02
3.110000e-06	-4.940635e-06	-1.601200e-08	-3.542156e+01	-9.512708e+02
3.120000e-06	-4.977942e-06	-1.617739e-08	-3.568903e+01	-9.608807e+02
3.130000e-06	-5.013354e-06	-1.633015e-08	-3.594291e+01	-9.698313e+02
3.140000e-06	-5.047091e-06	-1.647042e-08	-3.618478e+01	-9.781320e+02
3.150000e-06	-5.079156e-06	-1.660044e-08	-3.641467e+01	-9.857931e+02
3.160000e-06	-5.109317e-06	-1.671790e-08	-3.663091e+01	-9.928303e+02
3.170000e-06	-5.137517e-06	-1.682417e-08	-3.683309e+01	-9.992684e+02
3.180000e-06	-5.163973e-06	-1.692277e-08	-3.702277e+01	-1.005141e+03
3.190000e-06	-5.188696e-06	-1.701478e-08	-3.720001e+01	-1.010491e+03
3.200000e-06	-5.211570e-06	-1.709894e-08	-3.736401e+01	-1.015360e+03
3.210000e-06	-5.232410e-06	-1.717455e-08	-3.751341e+01	-1.019789e+03
3.220000e-06	-5.251374e-06	-1.724333e-08	-3.764938e+01	-1.023809e+03
3.230000e-06	-5.268670e-06	-1.730518e-08	-3.777338e+01	-1.027437e+03
3.240000e-06	-5.284152e-06	-1.735791e-08	-3.788438e+01	-1.030679e+03
3.250000e-06	-5.297480e-06	-1.740210e-08	-3.797993e+01	-1.033530e+03
3.260000e-06	-5.308673e-06	-1.743950e-08	-3.806018e+01	-1.035984e+03
3.270000e-06	-5.318008e-06	-1.747371e-08	-3.812711e+01	-1.038039e+03
3.280000e-06	-5.325537e-06	-1.750423e-08	-3.818109e+01	-1.039702e+03
3.290000e-06	-5.331094e-06	-1.752746e-08	-3.822092e+01	-1.040995e+03
3.300000e-06	-5.334688e-06	-1.754499e-08	-3.824669e+01	-1.041950e+03
3.310000e-06	-5.336533e-06	-1.755767e-08	-3.825992e+01	-1.042603e+03
3.320000e-06	-5.336601e-06	-1.756343e-08	-3.826041e+01	-1.042990e+03
