# Temperatura_=_22.45
# Concentracion g/m^3_=_22000.0
# C_Vs_to_Am_M_A/Vsm_=_59384043850.047264
# pendiente_HvsI_1/m_=_3716.3
# ordenada_HvsI_A/m_=_1297.0
# frecuencia_Hz_=_301155.9864845702

Tiempo_(s)	Campo_(V.s)	Magnetizacion_(V.s)	Campo_(kA/m)	Magnetizacion_(A/m)
0.000000e+00	-5.327015e-06	-1.665628e-08	-3.825682e+01	-9.894703e+02
1.000000e-08	-5.325690e-06	-1.665902e-08	-3.824731e+01	-9.896533e+02
2.000000e-08	-5.322472e-06	-1.665820e-08	-3.822420e+01	-9.896014e+02
3.000000e-08	-5.317554e-06	-1.665235e-08	-3.818888e+01	-9.893349e+02
4.000000e-08	-5.311072e-06	-1.664074e-08	-3.814233e+01	-9.888566e+02
5.000000e-08	-5.302949e-06	-1.662511e-08	-3.808399e+01	-9.881535e+02
6.000000e-08	-5.292870e-06	-1.660813e-08	-3.801161e+01	-9.872039e+02
7.000000e-08	-5.280759e-06	-1.659755e-08	-3.792463e+01	-9.859885e+02
8.000000e-08	-5.266703e-06	-1.659006e-08	-3.782368e+01	-9.845005e+02
9.000000e-08	-5.250273e-06	-1.653673e-08	-3.770569e+01	-9.827519e+02
1.000000e-07	-5.231454e-06	-1.646488e-08	-3.757054e+01	-9.807746e+02
1.100000e-07	-5.210683e-06	-1.644989e-08	-3.742137e+01	-9.786144e+02
1.200000e-07	-5.188203e-06	-1.644148e-08	-3.725992e+01	-9.763203e+02
1.300000e-07	-5.164410e-06	-1.643209e-08	-3.708905e+01	-9.739325e+02
1.400000e-07	-5.139475e-06	-1.640531e-08	-3.690998e+01	-9.714728e+02
1.500000e-07	-5.112739e-06	-1.626627e-08	-3.671797e+01	-9.689401e+02
1.600000e-07	-5.084051e-06	-1.624706e-08	-3.651194e+01	-9.663131e+02
1.700000e-07	-5.053966e-06	-1.629906e-08	-3.629588e+01	-9.635578e+02
1.800000e-07	-5.022206e-06	-1.615884e-08	-3.606779e+01	-9.606395e+02
1.900000e-07	-4.988287e-06	-1.608379e-08	-3.582419e+01	-9.575333e+02
2.000000e-07	-4.952627e-06	-1.606543e-08	-3.556810e+01	-9.542308e+02
2.100000e-07	-4.915408e-06	-1.600425e-08	-3.530080e+01	-9.507413e+02
2.200000e-07	-4.876450e-06	-1.599609e-08	-3.502102e+01	-9.470870e+02
2.300000e-07	-4.835828e-06	-1.588285e-08	-3.472929e+01	-9.432941e+02
2.400000e-07	-4.793218e-06	-1.575436e-08	-3.442328e+01	-9.393832e+02
2.500000e-07	-4.748668e-06	-1.574345e-08	-3.410333e+01	-9.353627e+02
2.600000e-07	-4.702444e-06	-1.567696e-08	-3.377136e+01	-9.312261e+02
2.700000e-07	-4.654514e-06	-1.558697e-08	-3.342715e+01	-9.269561e+02
2.800000e-07	-4.604704e-06	-1.549654e-08	-3.306943e+01	-9.225308e+02
2.900000e-07	-4.552788e-06	-1.542490e-08	-3.269659e+01	-9.179327e+02
3.000000e-07	-4.499017e-06	-1.537966e-08	-3.231042e+01	-9.131551e+02
3.100000e-07	-4.443707e-06	-1.526665e-08	-3.191321e+01	-9.082045e+02
3.200000e-07	-4.386891e-06	-1.515238e-08	-3.150517e+01	-9.030983e+02
3.300000e-07	-4.328360e-06	-1.508531e-08	-3.108482e+01	-8.978588e+02
3.400000e-07	-4.268175e-06	-1.504256e-08	-3.065260e+01	-8.925051e+02
3.500000e-07	-4.206592e-06	-1.494231e-08	-3.021032e+01	-8.870473e+02
3.600000e-07	-4.143594e-06	-1.480534e-08	-2.975790e+01	-8.814834e+02
3.700000e-07	-4.079181e-06	-1.472502e-08	-2.929530e+01	-8.758014e+02
3.800000e-07	-4.013103e-06	-1.463721e-08	-2.882075e+01	-8.699839e+02
3.900000e-07	-3.945311e-06	-1.452609e-08	-2.833389e+01	-8.640153e+02
4.000000e-07	-3.876164e-06	-1.442005e-08	-2.783730e+01	-8.578872e+02
4.100000e-07	-3.805797e-06	-1.432039e-08	-2.733195e+01	-8.516010e+02
4.200000e-07	-3.734228e-06	-1.423726e-08	-2.681797e+01	-8.451662e+02
4.300000e-07	-3.661380e-06	-1.412582e-08	-2.629480e+01	-8.385956e+02
4.400000e-07	-3.586959e-06	-1.400106e-08	-2.576033e+01	-8.318991e+02
4.500000e-07	-3.510879e-06	-1.388458e-08	-2.521395e+01	-8.250793e+02
4.600000e-07	-3.433397e-06	-1.377115e-08	-2.465750e+01	-8.181295e+02
4.700000e-07	-3.354655e-06	-1.365008e-08	-2.409200e+01	-8.110356e+02
4.800000e-07	-3.274599e-06	-1.351977e-08	-2.351706e+01	-8.037816e+02
4.900000e-07	-3.193191e-06	-1.340835e-08	-2.293242e+01	-7.963555e+02
5.000000e-07	-3.110563e-06	-1.329165e-08	-2.233901e+01	-7.887536e+02
5.100000e-07	-3.026969e-06	-1.315906e-08	-2.173867e+01	-7.809821e+02
5.200000e-07	-2.942571e-06	-1.301583e-08	-2.113256e+01	-7.730541e+02
5.300000e-07	-2.857308e-06	-1.287837e-08	-2.052022e+01	-7.649842e+02
5.400000e-07	-2.771099e-06	-1.274852e-08	-1.990110e+01	-7.567821e+02
5.500000e-07	-2.683952e-06	-1.260441e-08	-1.927524e+01	-7.484473e+02
5.600000e-07	-2.595929e-06	-1.245641e-08	-1.864309e+01	-7.399688e+02
5.700000e-07	-2.507101e-06	-1.231611e-08	-1.800515e+01	-7.313273e+02
5.800000e-07	-2.417192e-06	-1.217687e-08	-1.735946e+01	-7.225016e+02
5.900000e-07	-2.326081e-06	-1.201970e-08	-1.670513e+01	-7.134753e+02
6.000000e-07	-2.234170e-06	-1.185437e-08	-1.604506e+01	-7.042421e+02
6.100000e-07	-2.141611e-06	-1.170099e-08	-1.538033e+01	-6.948072e+02
6.200000e-07	-2.048308e-06	-1.155041e-08	-1.471026e+01	-6.851842e+02
6.300000e-07	-1.954282e-06	-1.138513e-08	-1.403500e+01	-6.753895e+02
6.400000e-07	-1.859636e-06	-1.120945e-08	-1.335528e+01	-6.654351e+02
6.500000e-07	-1.764370e-06	-1.104065e-08	-1.267111e+01	-6.553232e+02
6.600000e-07	-1.668499e-06	-1.087101e-08	-1.198260e+01	-6.450447e+02
6.700000e-07	-1.572103e-06	-1.068817e-08	-1.129031e+01	-6.345816e+02
6.800000e-07	-1.475102e-06	-1.050067e-08	-1.059368e+01	-6.239127e+02
6.900000e-07	-1.377391e-06	-1.032416e-08	-9.891958e+00	-6.130195e+02
7.000000e-07	-1.278917e-06	-1.015054e-08	-9.184753e+00	-6.018919e+02
7.100000e-07	-1.179747e-06	-9.960981e-09	-8.472548e+00	-5.905287e+02
7.200000e-07	-1.080170e-06	-9.759880e-09	-7.757413e+00	-5.789356e+02
7.300000e-07	-9.803377e-07	-9.559942e-09	-7.040455e+00	-5.671199e+02
7.400000e-07	-8.802256e-07	-9.359264e-09	-6.321483e+00	-5.550847e+02
7.500000e-07	-7.798610e-07	-9.149215e-09	-5.600699e+00	-5.428252e+02
7.600000e-07	-6.792953e-07	-8.932057e-09	-4.878469e+00	-5.303283e+02
7.700000e-07	-5.785262e-07	-8.719926e-09	-4.154780e+00	-5.175752e+02
7.800000e-07	-4.775713e-07	-8.509842e-09	-3.429756e+00	-5.045470e+02
7.900000e-07	-3.764754e-07	-8.287711e-09	-2.703719e+00	-4.912291e+02
8.000000e-07	-2.752428e-07	-8.054585e-09	-1.976701e+00	-4.776131e+02
8.100000e-07	-1.738504e-07	-7.820214e-09	-1.248535e+00	-4.636954e+02
8.200000e-07	-7.236654e-08	-7.584471e-09	-5.197121e-01	-4.494717e+02
8.300000e-07	2.911353e-08	-7.335232e-09	2.090835e-01	-4.349307e+02
8.400000e-07	1.305415e-07	-7.075956e-09	9.375053e-01	-4.200484e+02
8.500000e-07	2.319133e-07	-6.819889e-09	1.665523e+00	-4.047877e+02
8.600000e-07	3.331994e-07	-6.565529e-09	2.392926e+00	-3.891022e+02
8.700000e-07	4.343642e-07	-6.298501e-09	3.119457e+00	-3.729459e+02
8.800000e-07	5.353677e-07	-6.014080e-09	3.844830e+00	-3.562839e+02
8.900000e-07	6.361891e-07	-5.720332e-09	4.568896e+00	-3.391016e+02
9.000000e-07	7.368665e-07	-5.421860e-09	5.291926e+00	-3.214097e+02
9.100000e-07	8.373341e-07	-5.114172e-09	6.013451e+00	-3.032411e+02
9.200000e-07	9.375758e-07	-4.795815e-09	6.733353e+00	-2.846420e+02
9.300000e-07	1.037575e-06	-4.476689e-09	7.451513e+00	-2.656586e+02
9.400000e-07	1.137241e-06	-4.159958e-09	8.167282e+00	-2.463245e+02
9.500000e-07	1.236478e-06	-3.835101e-09	8.879969e+00	-2.266513e+02
9.600000e-07	1.335194e-06	-3.495459e-09	9.588913e+00	-2.066267e+02
9.700000e-07	1.433248e-06	-3.146706e-09	1.029310e+01	-1.862190e+02
9.800000e-07	1.530586e-06	-2.795340e-09	1.099215e+01	-1.653873e+02
9.900000e-07	1.627327e-06	-2.436233e-09	1.168691e+01	-1.440923e+02
1.000000e-06	1.723495e-06	-2.065125e-09	1.237756e+01	-1.223057e+02
1.010000e-06	1.819085e-06	-1.687484e-09	1.306405e+01	-1.000141e+02
1.020000e-06	1.914039e-06	-1.308845e-09	1.374599e+01	-7.721652e+01
1.030000e-06	2.008300e-06	-9.241370e-10	1.442294e+01	-5.391872e+01
1.040000e-06	2.101892e-06	-5.225624e-10	1.509508e+01	-3.012560e+01
1.050000e-06	2.194812e-06	-1.079133e-10	1.576240e+01	-5.836017e+00
1.060000e-06	2.287103e-06	3.095964e-10	1.642520e+01	1.895791e+01
1.070000e-06	2.378740e-06	7.336516e-10	1.708331e+01	4.426634e+01
1.080000e-06	2.469433e-06	1.170442e-09	1.773464e+01	7.009376e+01
1.090000e-06	2.558969e-06	1.615422e-09	1.837765e+01	9.643044e+01
1.100000e-06	2.647490e-06	2.065383e-09	1.901338e+01	1.232465e+02
1.110000e-06	2.735095e-06	2.524600e-09	1.964253e+01	1.504906e+02
1.120000e-06	2.821754e-06	2.992909e-09	2.026489e+01	1.780944e+02
1.130000e-06	2.907440e-06	3.462888e-09	2.088026e+01	2.059804e+02
1.140000e-06	2.992198e-06	3.932575e-09	2.148895e+01	2.340704e+02
1.150000e-06	3.076138e-06	4.406528e-09	2.209179e+01	2.622924e+02
1.160000e-06	3.159096e-06	4.886942e-09	2.268756e+01	2.905830e+02
1.170000e-06	3.240818e-06	5.367567e-09	2.327446e+01	3.188846e+02
1.180000e-06	3.321252e-06	5.842202e-09	2.385211e+01	3.471397e+02
1.190000e-06	3.400475e-06	6.313519e-09	2.442106e+01	3.752851e+02
1.200000e-06	3.478535e-06	6.784926e-09	2.498167e+01	4.032469e+02
1.210000e-06	3.555404e-06	7.250742e-09	2.553371e+01	4.309413e+02
1.220000e-06	3.631024e-06	7.707474e-09	2.607679e+01	4.582788e+02
1.230000e-06	3.705100e-06	8.159176e-09	2.660878e+01	4.851719e+02
1.240000e-06	3.777555e-06	8.608590e-09	2.712913e+01	5.115429e+02
1.250000e-06	3.848624e-06	9.048665e-09	2.763952e+01	5.373301e+02
1.260000e-06	3.918380e-06	9.473704e-09	2.814048e+01	5.624887e+02
1.270000e-06	3.986882e-06	9.883904e-09	2.863244e+01	5.869883e+02
1.280000e-06	4.054074e-06	1.028227e-08	2.911499e+01	6.108064e+02
1.290000e-06	4.119688e-06	1.067131e-08	2.958621e+01	6.339221e+02
1.300000e-06	4.183730e-06	1.104868e-08	3.004614e+01	6.563109e+02
1.310000e-06	4.246347e-06	1.141303e-08	3.049583e+01	6.779438e+02
1.320000e-06	4.307596e-06	1.176591e-08	3.093570e+01	6.987895e+02
1.330000e-06	4.367590e-06	1.210590e-08	3.136656e+01	7.188202e+02
1.340000e-06	4.426058e-06	1.242913e-08	3.178645e+01	7.380168e+02
1.350000e-06	4.482726e-06	1.273678e-08	3.219343e+01	7.563730e+02
1.360000e-06	4.537729e-06	1.303174e-08	3.258844e+01	7.738953e+02
1.370000e-06	4.591107e-06	1.331383e-08	3.297178e+01	7.906002e+02
1.380000e-06	4.642652e-06	1.358295e-08	3.334196e+01	8.065086e+02
1.390000e-06	4.692153e-06	1.383850e-08	3.369746e+01	8.216402e+02
1.400000e-06	4.739731e-06	1.408176e-08	3.403915e+01	8.360095e+02
1.410000e-06	4.785692e-06	1.431369e-08	3.436922e+01	8.496253e+02
1.420000e-06	4.830204e-06	1.453196e-08	3.468890e+01	8.624932e+02
1.430000e-06	4.873038e-06	1.473625e-08	3.499652e+01	8.746196e+02
1.440000e-06	4.913909e-06	1.492780e-08	3.529004e+01	8.860159e+02
1.450000e-06	4.952987e-06	1.510869e-08	3.557068e+01	8.967011e+02
1.460000e-06	4.990473e-06	1.527806e-08	3.583989e+01	9.067003e+02
1.470000e-06	5.026377e-06	1.543580e-08	3.609775e+01	9.160426e+02
1.480000e-06	5.060362e-06	1.558173e-08	3.634181e+01	9.247553e+02
1.490000e-06	5.092386e-06	1.571642e-08	3.657179e+01	9.328609e+02
1.500000e-06	5.122771e-06	1.584232e-08	3.679001e+01	9.403753e+02
1.510000e-06	5.151545e-06	1.595960e-08	3.699666e+01	9.473091e+02
1.520000e-06	5.178494e-06	1.606632e-08	3.719020e+01	9.536719e+02
1.530000e-06	5.203352e-06	1.616203e-08	3.736872e+01	9.594771e+02
1.540000e-06	5.226270e-06	1.624906e-08	3.753331e+01	9.647455e+02
1.550000e-06	5.247526e-06	1.633113e-08	3.768596e+01	9.695064e+02
1.560000e-06	5.267101e-06	1.640633e-08	3.782654e+01	9.737946e+02
1.570000e-06	5.284754e-06	1.647257e-08	3.795332e+01	9.776450e+02
1.580000e-06	5.300429e-06	1.653268e-08	3.806589e+01	9.810865e+02
1.590000e-06	5.314233e-06	1.658670e-08	3.816503e+01	9.841375e+02
1.600000e-06	5.326004e-06	1.663290e-08	3.824956e+01	9.868044e+02
1.610000e-06	5.335547e-06	1.666944e-08	3.831810e+01	9.890852e+02
1.620000e-06	5.343085e-06	1.669872e-08	3.837224e+01	9.909757e+02
1.630000e-06	5.348866e-06	1.672454e-08	3.841375e+01	9.924773e+02
1.640000e-06	5.352954e-06	1.674604e-08	3.844311e+01	9.936031e+02
1.650000e-06	5.355122e-06	1.675933e-08	3.845868e+01	9.943797e+02
1.660000e-06	5.355306e-06	1.676614e-08	3.846000e+01	9.948445e+02
1.670000e-06	5.353766e-06	1.677284e-08	3.844894e+01	9.950383e+02
1.680000e-06	5.350640e-06	1.677507e-08	3.842649e+01	9.949961e+02
1.690000e-06	5.345811e-06	1.676820e-08	3.839181e+01	9.947389e+02
1.700000e-06	5.339072e-06	1.675474e-08	3.834341e+01	9.942701e+02
1.710000e-06	5.330631e-06	1.673980e-08	3.828280e+01	9.935771e+02
1.720000e-06	5.320636e-06	1.672322e-08	3.821101e+01	9.926385e+02
1.730000e-06	5.308923e-06	1.668322e-08	3.812689e+01	9.914346e+02
1.740000e-06	5.295290e-06	1.666246e-08	3.802899e+01	9.899580e+02
1.750000e-06	5.279595e-06	1.670137e-08	3.791627e+01	9.882200e+02
1.760000e-06	5.261605e-06	1.667635e-08	3.778707e+01	9.862520e+02
1.770000e-06	5.241118e-06	1.660904e-08	3.763994e+01	9.840992e+02
1.780000e-06	5.218355e-06	1.650008e-08	3.747647e+01	9.818109e+02
1.790000e-06	5.194082e-06	1.638540e-08	3.730214e+01	9.794277e+02
1.800000e-06	5.168816e-06	1.648853e-08	3.712069e+01	9.769722e+02
1.810000e-06	5.142062e-06	1.646547e-08	3.692855e+01	9.744442e+02
1.820000e-06	5.113409e-06	1.629152e-08	3.672278e+01	9.718228e+02
1.830000e-06	5.083065e-06	1.634913e-08	3.650486e+01	9.690745e+02
1.840000e-06	5.050841e-06	1.631538e-08	3.627343e+01	9.661643e+02
1.850000e-06	5.016715e-06	1.621033e-08	3.602836e+01	9.630669e+02
1.860000e-06	4.981018e-06	1.617871e-08	3.577199e+01	9.597731e+02
1.870000e-06	4.943456e-06	1.601392e-08	3.550223e+01	9.562917e+02
1.880000e-06	4.904045e-06	1.602692e-08	3.521920e+01	9.526447e+02
1.890000e-06	4.862949e-06	1.608701e-08	3.492406e+01	9.488581e+02
1.900000e-06	4.820126e-06	1.590853e-08	3.461652e+01	9.449529e+02
1.910000e-06	4.775832e-06	1.583075e-08	3.429841e+01	9.409381e+02
1.920000e-06	4.729765e-06	1.577025e-08	3.396757e+01	9.368077e+02
1.930000e-06	4.681723e-06	1.573576e-08	3.362256e+01	9.325446e+02
1.940000e-06	4.632094e-06	1.569072e-08	3.326614e+01	9.281269e+02
1.950000e-06	4.580858e-06	1.550374e-08	3.289817e+01	9.235370e+02
1.960000e-06	4.527777e-06	1.550381e-08	3.251697e+01	9.187676e+02
1.970000e-06	4.472683e-06	1.547354e-08	3.212130e+01	9.138247e+02
1.980000e-06	4.415796e-06	1.531383e-08	3.171275e+01	9.087255e+02
1.990000e-06	4.357506e-06	1.519219e-08	3.129414e+01	9.034921e+02
2.000000e-06	4.297823e-06	1.509625e-08	3.086551e+01	8.981440e+02
2.010000e-06	4.236561e-06	1.509038e-08	3.042555e+01	8.926916e+02
2.020000e-06	4.173611e-06	1.495148e-08	2.997347e+01	8.871335e+02
2.030000e-06	4.109159e-06	1.482054e-08	2.951059e+01	8.814577e+02
2.040000e-06	4.043308e-06	1.478308e-08	2.903768e+01	8.756471e+02
2.050000e-06	3.976061e-06	1.467711e-08	2.855473e+01	8.696859e+02
2.060000e-06	3.907448e-06	1.456915e-08	2.806197e+01	8.635653e+02
2.070000e-06	3.837228e-06	1.439590e-08	2.755768e+01	8.572865e+02
2.080000e-06	3.765479e-06	1.431117e-08	2.704240e+01	8.508585e+02
2.090000e-06	3.692375e-06	1.424559e-08	2.651739e+01	8.442943e+02
2.100000e-06	3.617967e-06	1.410689e-08	2.598301e+01	8.376040e+02
2.110000e-06	3.542267e-06	1.399314e-08	2.543937e+01	8.307904e+02
2.120000e-06	3.464919e-06	1.387008e-08	2.488388e+01	8.238472e+02
2.130000e-06	3.386021e-06	1.378090e-08	2.431726e+01	8.167605e+02
2.140000e-06	3.305979e-06	1.362606e-08	2.374243e+01	8.095143e+02
2.150000e-06	3.224913e-06	1.347298e-08	2.316024e+01	8.020962e+02
2.160000e-06	3.142741e-06	1.336920e-08	2.257011e+01	7.945023e+02
2.170000e-06	3.059493e-06	1.325741e-08	2.197224e+01	7.867384e+02
2.180000e-06	2.975308e-06	1.312883e-08	2.136766e+01	7.788176e+02
2.190000e-06	2.889987e-06	1.296072e-08	2.075491e+01	7.707543e+02
2.200000e-06	2.803381e-06	1.283588e-08	2.013294e+01	7.625586e+02
2.210000e-06	2.715740e-06	1.270889e-08	1.950353e+01	7.542305e+02
2.220000e-06	2.627272e-06	1.255355e-08	1.886818e+01	7.457592e+02
2.230000e-06	2.537946e-06	1.239159e-08	1.822667e+01	7.371257e+02
2.240000e-06	2.447772e-06	1.224899e-08	1.757907e+01	7.283086e+02
2.250000e-06	2.356826e-06	1.212318e-08	1.692593e+01	7.192915e+02
2.260000e-06	2.265187e-06	1.195750e-08	1.626781e+01	7.100674e+02
2.270000e-06	2.172824e-06	1.178176e-08	1.560449e+01	7.006413e+02
2.280000e-06	2.079502e-06	1.162278e-08	1.493428e+01	6.910265e+02
2.290000e-06	1.985196e-06	1.147633e-08	1.425701e+01	6.812395e+02
2.300000e-06	1.890116e-06	1.130405e-08	1.357417e+01	6.712924e+02
2.310000e-06	1.794449e-06	1.111388e-08	1.288712e+01	6.611879e+02
2.320000e-06	1.698267e-06	1.094770e-08	1.219638e+01	6.509174e+02
2.330000e-06	1.601500e-06	1.078982e-08	1.150143e+01	6.404631e+02
2.340000e-06	1.504148e-06	1.060644e-08	1.080229e+01	6.298036e+02
2.350000e-06	1.406332e-06	1.040417e-08	1.009980e+01	6.189206e+02
2.360000e-06	1.308051e-06	1.021977e-08	9.393984e+00	6.078031e+02
2.370000e-06	1.209267e-06	1.004439e-08	8.684548e+00	5.964501e+02
2.380000e-06	1.110117e-06	9.847477e-09	7.972483e+00	5.848668e+02
2.390000e-06	1.010713e-06	9.634583e-09	7.258596e+00	5.730607e+02
2.400000e-06	9.110802e-07	9.432290e-09	6.543071e+00	5.610351e+02
2.410000e-06	8.111936e-07	9.234479e-09	5.825719e+00	5.487857e+02
2.420000e-06	7.110546e-07	9.019686e-09	5.106554e+00	5.362993e+02
2.430000e-06	6.107292e-07	8.793745e-09	4.386051e+00	5.235575e+02
2.440000e-06	5.102278e-07	8.578142e-09	3.664284e+00	5.105412e+02
2.450000e-06	4.095038e-07	8.369060e-09	2.940918e+00	4.972355e+02
2.460000e-06	3.085042e-07	8.141559e-09	2.215573e+00	4.836320e+02
2.470000e-06	2.072917e-07	7.895763e-09	1.488699e+00	4.697269e+02
2.480000e-06	1.060603e-07	7.651015e-09	7.616894e-01	4.555161e+02
2.490000e-06	4.835935e-09	7.410730e-09	3.473005e-02	4.409885e+02
2.500000e-06	-9.646370e-08	7.157910e-09	-6.927698e-01	4.261208e+02
2.510000e-06	-1.977012e-07	6.892479e-09	-1.419823e+00	4.108761e+02
2.520000e-06	-2.987432e-07	6.631434e-09	-2.145473e+00	3.952084e+02
2.530000e-06	-3.996299e-07	6.373815e-09	-2.870007e+00	3.790714e+02
2.540000e-06	-5.003847e-07	6.099895e-09	-3.593594e+00	3.624296e+02
2.550000e-06	-6.009534e-07	5.801252e-09	-4.315845e+00	3.452676e+02
2.560000e-06	-7.012629e-07	5.495454e-09	-5.036233e+00	3.275952e+02
2.570000e-06	-8.013246e-07	5.192220e-09	-5.754843e+00	3.094447e+02
2.580000e-06	-9.011716e-07	4.881020e-09	-6.471910e+00	2.908618e+02
2.590000e-06	-1.000729e-06	4.555868e-09	-7.186900e+00	2.718933e+02
2.600000e-06	-1.099943e-06	4.228232e-09	-7.899421e+00	2.525731e+02
2.610000e-06	-1.198828e-06	3.905784e-09	-8.609580e+00	2.329139e+02
2.620000e-06	-1.297302e-06	3.574608e-09	-9.316788e+00	2.129041e+02
2.630000e-06	-1.395259e-06	3.226844e-09	-1.002028e+01	1.925126e+02
2.640000e-06	-1.492750e-06	2.871118e-09	-1.072042e+01	1.716984e+02
2.650000e-06	-1.589745e-06	2.514320e-09	-1.141701e+01	1.504223e+02
2.660000e-06	-1.686209e-06	2.149975e-09	-1.210978e+01	1.286555e+02
2.670000e-06	-1.782212e-06	1.770581e-09	-1.279925e+01	1.063837e+02
2.680000e-06	-1.877724e-06	1.384081e-09	-1.348518e+01	8.360588e+01
2.690000e-06	-1.972638e-06	9.977748e-10	-1.416682e+01	6.032761e+01
2.700000e-06	-2.066685e-06	6.039430e-10	-1.484224e+01	3.655394e+01
2.710000e-06	-2.159647e-06	1.928807e-10	-1.550986e+01	1.228396e+01
2.720000e-06	-2.251695e-06	-2.288134e-10	-1.617092e+01	-1.249000e+01
2.730000e-06	-2.343010e-06	-6.528549e-10	-1.682671e+01	-3.777814e+01
2.740000e-06	-2.433562e-06	-1.083574e-09	-1.747702e+01	-6.358531e+01
2.750000e-06	-2.523235e-06	-1.528739e-09	-1.812102e+01	-8.990242e+01
2.760000e-06	-2.611940e-06	-1.983508e-09	-1.875807e+01	-1.167003e+02
2.770000e-06	-2.699838e-06	-2.437314e-09	-1.938932e+01	-1.439285e+02
2.780000e-06	-2.787013e-06	-2.894562e-09	-2.001539e+01	-1.715190e+02
2.790000e-06	-2.873107e-06	-3.364205e-09	-2.063368e+01	-1.993945e+02
2.800000e-06	-2.957908e-06	-3.840454e-09	-2.124270e+01	-2.274767e+02
2.810000e-06	-3.041622e-06	-4.314797e-09	-2.184390e+01	-2.556934e+02
2.820000e-06	-3.124348e-06	-4.788482e-09	-2.243802e+01	-2.839808e+02
2.830000e-06	-3.206023e-06	-5.265911e-09	-2.302458e+01	-3.122811e+02
2.840000e-06	-3.286637e-06	-5.743815e-09	-2.360352e+01	-3.405372e+02
2.850000e-06	-3.366203e-06	-6.214792e-09	-2.417494e+01	-3.686859e+02
2.860000e-06	-3.444456e-06	-6.680491e-09	-2.473692e+01	-3.966539e+02
2.870000e-06	-3.521147e-06	-7.146722e-09	-2.528769e+01	-4.243576e+02
2.880000e-06	-3.596381e-06	-7.610799e-09	-2.582799e+01	-4.517076e+02
2.890000e-06	-3.670268e-06	-8.063874e-09	-2.635863e+01	-4.786162e+02
2.900000e-06	-3.742902e-06	-8.503845e-09	-2.688026e+01	-5.050053e+02
2.910000e-06	-3.814311e-06	-8.936240e-09	-2.739309e+01	-5.308124e+02
2.920000e-06	-3.884220e-06	-9.361125e-09	-2.789516e+01	-5.559923e+02
2.930000e-06	-3.952539e-06	-9.773604e-09	-2.838580e+01	-5.805140e+02
2.940000e-06	-4.019513e-06	-1.017319e-08	-2.886678e+01	-6.043550e+02
2.950000e-06	-4.085185e-06	-1.056156e-08	-2.933842e+01	-6.274944e+02
2.960000e-06	-4.149517e-06	-1.094090e-08	-2.980043e+01	-6.499079e+02
2.970000e-06	-4.212470e-06	-1.130730e-08	-3.025254e+01	-6.715666e+02
2.980000e-06	-4.273741e-06	-1.165716e-08	-3.069256e+01	-6.924392e+02
2.990000e-06	-4.333366e-06	-1.199358e-08	-3.112077e+01	-7.124976e+02
3.000000e-06	-4.391591e-06	-1.231954e-08	-3.153893e+01	-7.317224e+02
3.010000e-06	-4.448334e-06	-1.263134e-08	-3.194644e+01	-7.501068e+02
3.020000e-06	-4.503463e-06	-1.292523e-08	-3.234235e+01	-7.676568e+02
3.030000e-06	-4.556709e-06	-1.320470e-08	-3.272474e+01	-7.843888e+02
3.040000e-06	-4.608050e-06	-1.347248e-08	-3.309346e+01	-8.003236e+02
3.050000e-06	-4.657594e-06	-1.372752e-08	-3.344927e+01	-8.154808e+02
3.060000e-06	-4.705186e-06	-1.396846e-08	-3.379105e+01	-8.298754e+02
3.070000e-06	-4.750950e-06	-1.419639e-08	-3.411972e+01	-8.435162e+02
3.080000e-06	-4.795162e-06	-1.441466e-08	-3.443724e+01	-8.564090e+02
3.090000e-06	-4.837932e-06	-1.462158e-08	-3.474439e+01	-8.685599e+02
3.100000e-06	-4.879233e-06	-1.481223e-08	-3.504101e+01	-8.799803e+02
3.110000e-06	-4.919004e-06	-1.498978e-08	-3.532663e+01	-8.906886e+02
3.120000e-06	-4.956976e-06	-1.515969e-08	-3.559933e+01	-9.007101e+02
3.130000e-06	-4.992981e-06	-1.532132e-08	-3.585790e+01	-9.100736e+02
3.140000e-06	-5.027245e-06	-1.546839e-08	-3.610398e+01	-9.188066e+02
3.150000e-06	-5.059854e-06	-1.560321e-08	-3.633816e+01	-9.269318e+02
3.160000e-06	-5.090628e-06	-1.573144e-08	-3.655917e+01	-9.344653e+02
3.170000e-06	-5.119384e-06	-1.585149e-08	-3.676569e+01	-9.414179e+02
3.180000e-06	-5.146348e-06	-1.595957e-08	-3.695934e+01	-9.477991e+02
3.190000e-06	-5.171644e-06	-1.605505e-08	-3.714100e+01	-9.536221e+02
3.200000e-06	-5.195119e-06	-1.614278e-08	-3.730959e+01	-9.589075e+02
3.210000e-06	-5.216558e-06	-1.622366e-08	-3.746356e+01	-9.636842e+02
3.220000e-06	-5.236113e-06	-1.629639e-08	-3.760400e+01	-9.679868e+02
3.230000e-06	-5.254034e-06	-1.636110e-08	-3.773270e+01	-9.718505e+02
3.240000e-06	-5.270140e-06	-1.641835e-08	-3.784837e+01	-9.753045e+02
3.250000e-06	-5.284062e-06	-1.646931e-08	-3.794835e+01	-9.783675e+02
3.260000e-06	-5.295797e-06	-1.651406e-08	-3.803263e+01	-9.810464e+02
3.270000e-06	-5.305716e-06	-1.654993e-08	-3.810386e+01	-9.833393e+02
3.280000e-06	-5.313887e-06	-1.657865e-08	-3.816254e+01	-9.852420e+02
3.290000e-06	-5.320074e-06	-1.660350e-08	-3.820698e+01	-9.867556e+02
3.300000e-06	-5.324263e-06	-1.662462e-08	-3.823706e+01	-9.878926e+02
3.310000e-06	-5.326684e-06	-1.664080e-08	-3.825445e+01	-9.886793e+02
3.320000e-06	-5.327335e-06	-1.665023e-08	-3.825912e+01	-9.891528e+02
