# Temperatura_=_21.8
# Concentracion g/m^3_=_22000.0
# C_Vs_to_Am_M_A/Vsm_=_59384043850.047264
# pendiente_HvsI_1/m_=_3716.3
# ordenada_HvsI_A/m_=_1297.0
# frecuencia_Hz_=_301155.1376538242

Tiempo_(s)	Campo_(V.s)	Magnetizacion_(V.s)	Campo_(kA/m)	Magnetizacion_(A/m)
0.000000e+00	-5.328835e-06	-1.629569e-08	-3.824829e+01	-9.699028e+02
1.000000e-08	-5.326887e-06	-1.629703e-08	-3.823431e+01	-9.699940e+02
2.000000e-08	-5.323047e-06	-1.629577e-08	-3.820675e+01	-9.698185e+02
3.000000e-08	-5.317579e-06	-1.629066e-08	-3.816750e+01	-9.694111e+02
4.000000e-08	-5.310515e-06	-1.628161e-08	-3.811680e+01	-9.687978e+02
5.000000e-08	-5.301770e-06	-1.626737e-08	-3.805403e+01	-9.679905e+02
6.000000e-08	-5.291000e-06	-1.625383e-08	-3.797673e+01	-9.669851e+02
7.000000e-08	-5.278222e-06	-1.624952e-08	-3.788501e+01	-9.657653e+02
8.000000e-08	-5.263499e-06	-1.623424e-08	-3.777933e+01	-9.643106e+02
9.000000e-08	-5.246322e-06	-1.618530e-08	-3.765605e+01	-9.626056e+02
1.000000e-07	-5.226773e-06	-1.613801e-08	-3.751573e+01	-9.606488e+02
1.100000e-07	-5.205357e-06	-1.610494e-08	-3.736202e+01	-9.584560e+02
1.200000e-07	-5.182356e-06	-1.608225e-08	-3.719692e+01	-9.560589e+02
1.300000e-07	-5.158212e-06	-1.606918e-08	-3.702363e+01	-9.534976e+02
1.400000e-07	-5.132742e-06	-1.598417e-08	-3.684081e+01	-9.508112e+02
1.500000e-07	-5.105308e-06	-1.592944e-08	-3.664390e+01	-9.480278e+02
1.600000e-07	-5.076153e-06	-1.595553e-08	-3.643464e+01	-9.451586e+02
1.700000e-07	-5.045555e-06	-1.588575e-08	-3.621502e+01	-9.421973e+02
1.800000e-07	-5.013033e-06	-1.579557e-08	-3.598159e+01	-9.391247e+02
1.900000e-07	-4.978408e-06	-1.572660e-08	-3.573306e+01	-9.359172e+02
2.000000e-07	-4.942185e-06	-1.566861e-08	-3.547307e+01	-9.325555e+02
2.100000e-07	-4.904383e-06	-1.569595e-08	-3.520174e+01	-9.290306e+02
2.200000e-07	-4.864890e-06	-1.563112e-08	-3.491827e+01	-9.253455e+02
2.300000e-07	-4.823640e-06	-1.548647e-08	-3.462220e+01	-9.215120e+02
2.400000e-07	-4.780390e-06	-1.543490e-08	-3.431177e+01	-9.175438e+02
2.500000e-07	-4.735305e-06	-1.538632e-08	-3.398816e+01	-9.134502e+02
2.600000e-07	-4.688491e-06	-1.531796e-08	-3.365215e+01	-9.092305e+02
2.700000e-07	-4.639971e-06	-1.520817e-08	-3.330389e+01	-9.048741e+02
2.800000e-07	-4.589483e-06	-1.510909e-08	-3.294151e+01	-9.003641e+02
2.900000e-07	-4.536857e-06	-1.509490e-08	-3.256379e+01	-8.956841e+02
3.000000e-07	-4.482478e-06	-1.501893e-08	-3.217347e+01	-8.908251e+02
3.100000e-07	-4.426670e-06	-1.487781e-08	-3.177291e+01	-8.857901e+02
3.200000e-07	-4.369288e-06	-1.478259e-08	-3.136104e+01	-8.805940e+02
3.300000e-07	-4.310100e-06	-1.474657e-08	-3.093621e+01	-8.752593e+02
3.400000e-07	-4.249311e-06	-1.468192e-08	-3.049989e+01	-8.698092e+02
3.500000e-07	-4.187156e-06	-1.454220e-08	-3.005376e+01	-8.642594e+02
3.600000e-07	-4.123691e-06	-1.442894e-08	-2.959824e+01	-8.586136e+02
3.700000e-07	-4.058765e-06	-1.435694e-08	-2.913223e+01	-8.528619e+02
3.800000e-07	-3.992065e-06	-1.426484e-08	-2.865348e+01	-8.469852e+02
3.900000e-07	-3.923771e-06	-1.414724e-08	-2.816330e+01	-8.409610e+02
4.000000e-07	-3.854229e-06	-1.403181e-08	-2.766415e+01	-8.347715e+02
4.100000e-07	-3.783415e-06	-1.396114e-08	-2.715587e+01	-8.284084e+02
4.200000e-07	-3.711402e-06	-1.387165e-08	-2.663899e+01	-8.218749e+02
4.300000e-07	-3.638049e-06	-1.373519e-08	-2.611249e+01	-8.151828e+02
4.400000e-07	-3.563014e-06	-1.360261e-08	-2.557392e+01	-8.083476e+02
4.500000e-07	-3.486436e-06	-1.349456e-08	-2.502427e+01	-8.013820e+02
4.600000e-07	-3.408559e-06	-1.338539e-08	-2.446530e+01	-7.942918e+02
4.700000e-07	-3.329355e-06	-1.325034e-08	-2.389681e+01	-7.870744e+02
4.800000e-07	-3.248834e-06	-1.312885e-08	-2.331886e+01	-7.797209e+02
4.900000e-07	-3.167025e-06	-1.302261e-08	-2.273166e+01	-7.722207e+02
5.000000e-07	-3.084061e-06	-1.290328e-08	-2.213618e+01	-7.645658e+02
5.100000e-07	-3.000171e-06	-1.275711e-08	-2.153406e+01	-7.567539e+02
5.200000e-07	-2.915434e-06	-1.260908e-08	-2.092585e+01	-7.487886e+02
5.300000e-07	-2.829780e-06	-1.248344e-08	-2.031105e+01	-7.406765e+02
5.400000e-07	-2.743191e-06	-1.235537e-08	-1.968955e+01	-7.324231e+02
5.500000e-07	-2.655762e-06	-1.220628e-08	-1.906202e+01	-7.240286e+02
5.600000e-07	-2.567486e-06	-1.205482e-08	-1.842841e+01	-7.154859e+02
5.700000e-07	-2.478239e-06	-1.191834e-08	-1.778783e+01	-7.067817e+02
5.800000e-07	-2.387854e-06	-1.177430e-08	-1.713908e+01	-6.978999e+02
5.900000e-07	-2.296436e-06	-1.160955e-08	-1.648292e+01	-6.888265e+02
6.000000e-07	-2.204232e-06	-1.144587e-08	-1.582111e+01	-6.795542e+02
6.100000e-07	-2.111339e-06	-1.129914e-08	-1.515437e+01	-6.700840e+02
6.200000e-07	-2.017724e-06	-1.114940e-08	-1.448243e+01	-6.604241e+02
6.300000e-07	-1.923362e-06	-1.097729e-08	-1.380514e+01	-6.505864e+02
6.400000e-07	-1.828369e-06	-1.079952e-08	-1.312332e+01	-6.405813e+02
6.500000e-07	-1.732833e-06	-1.063165e-08	-1.243759e+01	-6.304134e+02
6.600000e-07	-1.636725e-06	-1.046040e-08	-1.174777e+01	-6.200793e+02
6.700000e-07	-1.539945e-06	-1.027488e-08	-1.105313e+01	-6.095687e+02
6.800000e-07	-1.442487e-06	-1.009125e-08	-1.035361e+01	-5.988673e+02
6.900000e-07	-1.344449e-06	-9.920220e-09	-9.649930e+00	-5.879611e+02
7.000000e-07	-1.245829e-06	-9.744591e-09	-8.942076e+00	-5.768397e+02
7.100000e-07	-1.146653e-06	-9.548645e-09	-8.230226e+00	-5.654986e+02
7.200000e-07	-1.047053e-06	-9.345127e-09	-7.515334e+00	-5.539370e+02
7.300000e-07	-9.470936e-07	-9.146509e-09	-6.797867e+00	-5.421562e+02
7.400000e-07	-8.468067e-07	-8.946446e-09	-6.078047e+00	-5.301548e+02
7.500000e-07	-7.462373e-07	-8.735535e-09	-5.356199e+00	-5.179272e+02
7.600000e-07	-6.454392e-07	-8.522014e-09	-4.632710e+00	-5.054625e+02
7.700000e-07	-5.444851e-07	-8.317044e-09	-3.908101e+00	-4.927461e+02
7.800000e-07	-4.433932e-07	-8.108054e-09	-3.182503e+00	-4.797626e+02
7.900000e-07	-3.421400e-07	-7.881521e-09	-2.455747e+00	-4.664981e+02
8.000000e-07	-2.407876e-07	-7.643908e-09	-1.728279e+00	-4.529414e+02
8.100000e-07	-1.393694e-07	-7.409313e-09	-1.000339e+00	-4.390828e+02
8.200000e-07	-3.785374e-08	-7.173104e-09	-2.716993e-01	-4.249108e+02
8.300000e-07	6.367550e-08	-6.925560e-09	4.570378e-01	-4.104083e+02
8.400000e-07	1.651446e-07	-6.672252e-09	1.185343e+00	-3.955508e+02
8.500000e-07	2.665502e-07	-6.421564e-09	1.913193e+00	-3.803065e+02
8.600000e-07	3.678858e-07	-6.166405e-09	2.640540e+00	-3.646406e+02
8.700000e-07	4.690847e-07	-5.893316e-09	3.366906e+00	-3.485216e+02
8.800000e-07	5.701432e-07	-5.605097e-09	4.092265e+00	-3.319295e+02
8.900000e-07	6.710907e-07	-5.312904e-09	4.816826e+00	-3.148608e+02
9.000000e-07	7.718272e-07	-5.018647e-09	5.539873e+00	-2.973308e+02
9.100000e-07	8.722720e-07	-4.714470e-09	6.260827e+00	-2.793706e+02
9.200000e-07	9.724379e-07	-4.402552e-09	6.979778e+00	-2.610187e+02
9.300000e-07	1.072335e-06	-4.092050e-09	7.696802e+00	-2.423119e+02
9.400000e-07	1.171870e-06	-3.780836e-09	8.411226e+00	-2.232752e+02
9.500000e-07	1.270926e-06	-3.457591e-09	9.122206e+00	-2.039156e+02
9.600000e-07	1.369378e-06	-3.119370e-09	9.828856e+00	-1.842208e+02
9.700000e-07	1.467187e-06	-2.776979e-09	1.053090e+01	-1.641636e+02
9.800000e-07	1.564381e-06	-2.433195e-09	1.122851e+01	-1.437091e+02
9.900000e-07	1.660984e-06	-2.080160e-09	1.192189e+01	-1.228238e+02
1.000000e-06	1.757016e-06	-1.716446e-09	1.261118e+01	-1.014828e+02
1.010000e-06	1.852425e-06	-1.349278e-09	1.329598e+01	-7.967308e+01
1.020000e-06	1.947185e-06	-9.811444e-10	1.397613e+01	-5.739284e+01
1.030000e-06	2.041283e-06	-6.050158e-10	1.465153e+01	-3.464700e+01
1.040000e-06	2.134707e-06	-2.138532e-10	1.532209e+01	-1.144173e+01
1.050000e-06	2.227475e-06	1.875237e-10	1.598794e+01	1.221992e+01
1.060000e-06	2.319591e-06	5.939611e-10	1.664912e+01	3.633927e+01
1.070000e-06	2.410881e-06	1.010424e-09	1.730436e+01	6.091951e+01
1.080000e-06	2.501138e-06	1.437296e-09	1.795219e+01	8.596020e+01
1.090000e-06	2.590391e-06	1.867781e-09	1.859282e+01	1.114506e+02
1.100000e-06	2.678710e-06	2.300637e-09	1.922673e+01	1.373646e+02
1.110000e-06	2.766069e-06	2.742075e-09	1.985376e+01	1.636581e+02
1.120000e-06	2.852455e-06	3.191556e-09	2.047381e+01	1.902715e+02
1.130000e-06	2.937915e-06	3.643538e-09	2.108720e+01	2.171344e+02
1.140000e-06	3.022491e-06	4.097498e-09	2.169426e+01	2.441730e+02
1.150000e-06	3.106142e-06	4.557643e-09	2.229467e+01	2.713159e+02
1.160000e-06	3.188678e-06	5.022556e-09	2.288709e+01	2.984982e+02
1.170000e-06	3.270001e-06	5.483771e-09	2.347079e+01	3.256613e+02
1.180000e-06	3.350087e-06	5.937343e-09	2.404561e+01	3.527506e+02
1.190000e-06	3.428921e-06	6.387886e-09	2.461145e+01	3.797102e+02
1.200000e-06	3.506603e-06	6.838454e-09	2.516902e+01	4.064787e+02
1.210000e-06	3.583090e-06	7.285090e-09	2.571801e+01	4.329875e+02
1.220000e-06	3.658148e-06	7.725672e-09	2.625676e+01	4.591617e+02
1.230000e-06	3.731653e-06	8.162163e-09	2.678434e+01	4.849245e+02
1.240000e-06	3.803739e-06	8.594617e-09	2.730175e+01	5.102032e+02
1.250000e-06	3.874498e-06	9.016006e-09	2.780963e+01	5.349349e+02
1.260000e-06	3.943946e-06	9.422567e-09	2.830810e+01	5.590703e+02
1.270000e-06	4.012132e-06	9.816688e-09	2.879751e+01	5.825739e+02
1.280000e-06	4.078847e-06	1.020051e-08	2.927636e+01	6.054211e+02
1.290000e-06	4.143922e-06	1.057441e-08	2.974345e+01	6.275930e+02
1.300000e-06	4.207475e-06	1.093686e-08	3.019961e+01	6.490712e+02
1.310000e-06	4.269626e-06	1.128797e-08	3.064570e+01	6.698342e+02
1.320000e-06	4.330482e-06	1.162766e-08	3.108250e+01	6.898568e+02
1.330000e-06	4.389949e-06	1.195295e-08	3.150934e+01	7.091127e+02
1.340000e-06	4.447742e-06	1.226358e-08	3.192415e+01	7.275794e+02
1.350000e-06	4.503892e-06	1.256104e-08	3.232718e+01	7.452432e+02
1.360000e-06	4.558448e-06	1.284532e-08	3.271876e+01	7.621031e+02
1.370000e-06	4.611287e-06	1.311690e-08	3.309801e+01	7.781711e+02
1.380000e-06	4.662184e-06	1.337545e-08	3.346333e+01	7.934696e+02
1.390000e-06	4.711032e-06	1.362162e-08	3.381395e+01	8.080260e+02
1.400000e-06	4.758074e-06	1.385755e-08	3.415159e+01	8.218662e+02
1.410000e-06	4.803508e-06	1.408239e-08	3.447770e+01	8.350097e+02
1.420000e-06	4.847424e-06	1.429255e-08	3.479291e+01	8.474672e+02
1.430000e-06	4.889581e-06	1.448965e-08	3.509550e+01	8.592415e+02
1.440000e-06	4.929852e-06	1.467750e-08	3.538455e+01	8.703314e+02
1.450000e-06	4.968427e-06	1.485515e-08	3.566143e+01	8.807369e+02
1.460000e-06	5.005379e-06	1.502016e-08	3.592665e+01	8.904643e+02
1.470000e-06	5.040590e-06	1.517232e-08	3.617938e+01	8.995280e+02
1.480000e-06	5.073868e-06	1.531257e-08	3.641824e+01	9.079510e+02
1.490000e-06	5.105340e-06	1.544267e-08	3.664413e+01	9.157612e+02
1.500000e-06	5.135192e-06	1.556469e-08	3.685840e+01	9.229873e+02
1.510000e-06	5.163430e-06	1.567780e-08	3.706108e+01	9.296552e+02
1.520000e-06	5.189742e-06	1.578192e-08	3.724994e+01	9.357855e+02
1.530000e-06	5.213957e-06	1.587856e-08	3.742374e+01	9.413942e+02
1.540000e-06	5.236330e-06	1.596673e-08	3.758433e+01	9.464955e+02
1.550000e-06	5.257058e-06	1.604538e-08	3.773311e+01	9.511050e+02
1.560000e-06	5.276049e-06	1.611604e-08	3.786941e+01	9.552428e+02
1.570000e-06	5.293055e-06	1.617996e-08	3.799148e+01	9.589338e+02
1.580000e-06	5.308091e-06	1.623724e-08	3.809940e+01	9.622056e+02
1.590000e-06	5.321230e-06	1.628849e-08	3.819370e+01	9.650848e+02
1.600000e-06	5.332301e-06	1.633376e-08	3.827317e+01	9.675926e+02
1.610000e-06	5.341209e-06	1.637150e-08	3.833710e+01	9.697418e+02
1.620000e-06	5.348173e-06	1.640055e-08	3.838709e+01	9.715366e+02
1.630000e-06	5.353438e-06	1.642448e-08	3.842488e+01	9.729766e+02
1.640000e-06	5.356922e-06	1.644381e-08	3.844989e+01	9.740617e+02
1.650000e-06	5.358331e-06	1.645633e-08	3.846000e+01	9.747985e+02
1.660000e-06	5.357841e-06	1.646351e-08	3.845649e+01	9.752043e+02
1.670000e-06	5.355736e-06	1.646536e-08	3.844138e+01	9.753070e+02
1.680000e-06	5.352033e-06	1.646166e-08	3.841480e+01	9.751418e+02
1.690000e-06	5.346556e-06	1.645331e-08	3.837549e+01	9.747435e+02
1.700000e-06	5.339189e-06	1.644105e-08	3.832261e+01	9.741386e+02
1.710000e-06	5.330185e-06	1.642638e-08	3.825798e+01	9.733396e+02
1.720000e-06	5.319606e-06	1.640049e-08	3.818205e+01	9.723429e+02
1.730000e-06	5.307214e-06	1.635463e-08	3.809310e+01	9.711325e+02
1.740000e-06	5.292803e-06	1.634432e-08	3.798967e+01	9.696878e+02
1.750000e-06	5.276277e-06	1.634058e-08	3.787105e+01	9.679933e+02
1.760000e-06	5.257431e-06	1.632100e-08	3.773578e+01	9.660467e+02
1.770000e-06	5.236067e-06	1.627570e-08	3.758244e+01	9.638632e+02
1.780000e-06	5.212692e-06	1.616294e-08	3.741466e+01	9.614741e+02
1.790000e-06	5.188127e-06	1.614506e-08	3.723834e+01	9.589193e+02
1.800000e-06	5.162404e-06	1.615729e-08	3.705372e+01	9.562382e+02
1.810000e-06	5.134958e-06	1.604488e-08	3.685672e+01	9.534593e+02
1.820000e-06	5.105753e-06	1.598220e-08	3.664709e+01	9.505946e+02
1.830000e-06	5.074830e-06	1.596211e-08	3.642514e+01	9.476382e+02
1.840000e-06	5.041868e-06	1.595072e-08	3.618856e+01	9.445713e+02
1.850000e-06	5.007166e-06	1.591753e-08	3.593948e+01	9.413705e+02
1.860000e-06	4.970887e-06	1.572693e-08	3.567908e+01	9.380159e+02
1.870000e-06	4.932651e-06	1.564573e-08	3.540464e+01	9.344982e+02
1.880000e-06	4.892660e-06	1.572144e-08	3.511760e+01	9.308200e+02
1.890000e-06	4.850988e-06	1.565574e-08	3.481849e+01	9.269928e+02
1.900000e-06	4.807697e-06	1.552496e-08	3.450777e+01	9.230307e+02
1.910000e-06	4.762906e-06	1.542756e-08	3.418627e+01	9.189428e+02
1.920000e-06	4.716145e-06	1.542144e-08	3.385064e+01	9.147291e+02
1.930000e-06	4.667516e-06	1.541260e-08	3.350161e+01	9.103792e+02
1.940000e-06	4.617328e-06	1.521353e-08	3.314137e+01	9.058764e+02
1.950000e-06	4.565465e-06	1.512940e-08	3.276912e+01	9.012041e+02
1.960000e-06	4.511669e-06	1.516314e-08	3.238299e+01	8.963529e+02
1.970000e-06	4.455915e-06	1.506985e-08	3.198281e+01	8.913253e+02
1.980000e-06	4.398560e-06	1.490757e-08	3.157114e+01	8.861360e+02
1.990000e-06	4.339808e-06	1.476450e-08	3.114944e+01	8.808072e+02
2.000000e-06	4.279607e-06	1.475489e-08	3.071735e+01	8.753622e+02
2.010000e-06	4.217712e-06	1.468652e-08	3.027309e+01	8.698172e+02
2.020000e-06	4.154146e-06	1.451956e-08	2.981684e+01	8.641763e+02
2.030000e-06	4.089221e-06	1.444152e-08	2.935083e+01	8.584301e+02
2.040000e-06	4.022862e-06	1.438642e-08	2.887453e+01	8.525595e+02
2.050000e-06	3.955076e-06	1.430309e-08	2.838799e+01	8.465423e+02
2.060000e-06	3.885848e-06	1.411968e-08	2.789110e+01	8.403603e+02
2.070000e-06	3.815035e-06	1.397559e-08	2.738283e+01	8.340048e+02
2.080000e-06	3.742817e-06	1.393554e-08	2.686448e+01	8.274786e+02
2.090000e-06	3.669259e-06	1.383715e-08	2.633651e+01	8.207933e+02
2.100000e-06	3.594408e-06	1.369872e-08	2.579925e+01	8.139643e+02
2.110000e-06	3.518140e-06	1.356171e-08	2.525183e+01	8.070046e+02
2.120000e-06	3.440284e-06	1.347657e-08	2.469301e+01	7.999202e+02
2.130000e-06	3.361049e-06	1.335725e-08	2.412429e+01	7.927088e+02
2.140000e-06	3.280635e-06	1.318103e-08	2.354712e+01	7.853617e+02
2.150000e-06	3.199142e-06	1.305087e-08	2.296219e+01	7.778683e+02
2.160000e-06	3.116616e-06	1.295950e-08	2.236985e+01	7.702204e+02
2.170000e-06	3.033148e-06	1.285716e-08	2.177075e+01	7.624154e+02
2.180000e-06	2.948596e-06	1.268912e-08	2.116387e+01	7.544569e+02
2.190000e-06	2.862801e-06	1.253135e-08	2.054806e+01	7.463513e+02
2.200000e-06	2.775843e-06	1.241613e-08	1.992391e+01	7.381042e+02
2.210000e-06	2.687865e-06	1.228172e-08	1.929244e+01	7.297162e+02
2.220000e-06	2.599022e-06	1.211404e-08	1.865476e+01	7.211804e+02
2.230000e-06	2.509315e-06	1.195596e-08	1.801088e+01	7.124836e+02
2.240000e-06	2.418843e-06	1.183912e-08	1.736151e+01	7.036097e+02
2.250000e-06	2.327669e-06	1.170103e-08	1.670710e+01	6.945448e+02
2.260000e-06	2.235723e-06	1.152028e-08	1.604714e+01	6.852810e+02
2.270000e-06	2.142919e-06	1.134365e-08	1.538103e+01	6.758191e+02
2.280000e-06	2.049215e-06	1.120126e-08	1.470846e+01	6.661671e+02
2.290000e-06	1.954714e-06	1.105098e-08	1.403017e+01	6.563369e+02
2.300000e-06	1.859452e-06	1.085965e-08	1.334642e+01	6.463390e+02
2.310000e-06	1.763476e-06	1.067428e-08	1.265754e+01	6.361783e+02
2.320000e-06	1.666975e-06	1.052050e-08	1.196489e+01	6.258517e+02
2.330000e-06	1.569996e-06	1.035859e-08	1.126882e+01	6.153490e+02
2.340000e-06	1.472490e-06	1.015894e-08	1.056895e+01	6.046561e+02
2.350000e-06	1.374496e-06	9.960833e-09	9.865596e+00	5.937587e+02
2.360000e-06	1.276048e-06	9.791066e-09	9.158974e+00	5.826465e+02
2.370000e-06	1.177193e-06	9.615155e-09	8.449427e+00	5.713146e+02
2.380000e-06	1.077988e-06	9.406373e-09	7.737375e+00	5.597623e+02
2.390000e-06	9.784735e-07	9.193348e-09	7.023100e+00	5.479906e+02
2.400000e-06	8.786551e-07	9.001619e-09	6.306642e+00	5.359985e+02
2.410000e-06	7.784933e-07	8.804580e-09	5.587720e+00	5.237805e+02
2.420000e-06	6.780306e-07	8.582274e-09	4.866638e+00	5.113259e+02
2.430000e-06	5.773384e-07	8.358887e-09	4.143909e+00	4.986202e+02
2.440000e-06	4.764383e-07	8.155059e-09	3.419688e+00	4.856478e+02
2.450000e-06	3.753489e-07	7.946328e-09	2.694108e+00	4.723949e+02
2.460000e-06	2.740926e-07	7.709713e-09	1.967329e+00	4.588502e+02
2.470000e-06	1.726971e-07	7.463199e-09	1.239552e+00	4.450039e+02
2.480000e-06	7.127220e-08	7.228511e-09	5.115639e-01	4.308447e+02
2.490000e-06	-3.010346e-08	6.991443e-09	-2.160709e-01	4.163558e+02
2.500000e-06	-1.314560e-07	6.732768e-09	-9.435394e-01	4.015128e+02
2.510000e-06	-2.327749e-07	6.468013e-09	-1.670767e+00	3.862843e+02
2.520000e-06	-3.339515e-07	6.214323e-09	-2.396973e+00	3.706354e+02
2.530000e-06	-4.349480e-07	5.957076e-09	-3.121887e+00	3.545344e+02
2.540000e-06	-5.357916e-07	5.675684e-09	-3.845703e+00	3.379607e+02
2.550000e-06	-6.364326e-07	5.376672e-09	-4.568064e+00	3.209102e+02
2.560000e-06	-7.368210e-07	5.079902e-09	-5.288613e+00	3.033977e+02
2.570000e-06	-8.369280e-07	4.784004e-09	-6.007142e+00	2.854535e+02
2.580000e-06	-9.367158e-07	4.474292e-09	-6.723379e+00	2.671163e+02
2.590000e-06	-1.036155e-06	4.152532e-09	-7.437113e+00	2.484231e+02
2.600000e-06	-1.135262e-06	3.835131e-09	-8.148468e+00	2.293993e+02
2.610000e-06	-1.234012e-06	3.519434e-09	-8.857258e+00	2.100526e+02
2.620000e-06	-1.332312e-06	3.187976e-09	-9.562816e+00	1.903716e+02
2.630000e-06	-1.430122e-06	2.842131e-09	-1.026486e+01	1.703293e+02
2.640000e-06	-1.527466e-06	2.495963e-09	-1.096356e+01	1.498909e+02
2.650000e-06	-1.624339e-06	2.150790e-09	-1.165887e+01	1.290229e+02
2.660000e-06	-1.720708e-06	1.792744e-09	-1.235057e+01	1.076998e+02
2.670000e-06	-1.816556e-06	1.419844e-09	-1.303853e+01	8.590830e+01
2.680000e-06	-1.911809e-06	1.043368e-09	-1.372222e+01	6.364618e+01
2.690000e-06	-2.006313e-06	6.664416e-10	-1.440053e+01	4.091822e+01
2.700000e-06	-2.099958e-06	2.777826e-10	-1.507268e+01	1.773064e+01
2.710000e-06	-2.192728e-06	-1.262565e-10	-1.573855e+01	-5.913341e+00
2.720000e-06	-2.284678e-06	-5.327594e-10	-1.639852e+01	-3.001492e+01
2.730000e-06	-2.375838e-06	-9.396257e-10	-1.705284e+01	-5.457731e+01
2.740000e-06	-2.466110e-06	-1.357264e-09	-1.770077e+01	-7.960029e+01
2.750000e-06	-2.555436e-06	-1.789886e-09	-1.834192e+01	-1.050736e+02
2.760000e-06	-2.643928e-06	-2.227944e-09	-1.897708e+01	-1.309717e+02
2.770000e-06	-2.731667e-06	-2.664410e-09	-1.960684e+01	-1.572513e+02
2.780000e-06	-2.818475e-06	-3.106903e-09	-2.022991e+01	-1.838530e+02
2.790000e-06	-2.904090e-06	-3.560742e-09	-2.084442e+01	-2.107070e+02
2.800000e-06	-2.988565e-06	-4.018717e-09	-2.145075e+01	-2.377392e+02
2.810000e-06	-3.072031e-06	-4.473104e-09	-2.204984e+01	-2.648782e+02
2.820000e-06	-3.154427e-06	-4.928031e-09	-2.264124e+01	-2.920587e+02
2.830000e-06	-3.235713e-06	-5.386291e-09	-2.322468e+01	-3.192221e+02
2.840000e-06	-3.315981e-06	-5.842334e-09	-2.380081e+01	-3.463136e+02
2.850000e-06	-3.395101e-06	-6.291851e-09	-2.436871e+01	-3.732774e+02
2.860000e-06	-3.472804e-06	-6.737906e-09	-2.492643e+01	-4.000525e+02
2.870000e-06	-3.549074e-06	-7.185144e-09	-2.547386e+01	-4.265705e+02
2.880000e-06	-3.623998e-06	-7.629149e-09	-2.601164e+01	-4.527566e+02
2.890000e-06	-3.697613e-06	-8.062253e-09	-2.654002e+01	-4.785340e+02
2.900000e-06	-3.769946e-06	-8.484657e-09	-2.705919e+01	-5.038298e+02
2.910000e-06	-3.840895e-06	-8.899907e-09	-2.756844e+01	-5.285806e+02
2.920000e-06	-3.910276e-06	-9.305743e-09	-2.806643e+01	-5.527367e+02
2.930000e-06	-3.978207e-06	-9.699020e-09	-2.855401e+01	-5.762620e+02
2.940000e-06	-4.044816e-06	-1.007971e-08	-2.903210e+01	-5.991316e+02
2.950000e-06	-4.110027e-06	-1.045066e-08	-2.950016e+01	-6.213265e+02
2.960000e-06	-4.173887e-06	-1.081390e-08	-2.995853e+01	-6.428285e+02
2.970000e-06	-4.236268e-06	-1.116498e-08	-3.040627e+01	-6.636161e+02
2.980000e-06	-4.296969e-06	-1.150155e-08	-3.084196e+01	-6.836642e+02
2.990000e-06	-4.356125e-06	-1.182766e-08	-3.126656e+01	-7.029466e+02
3.000000e-06	-4.413858e-06	-1.214262e-08	-3.168094e+01	-7.214404e+02
3.010000e-06	-4.470080e-06	-1.244027e-08	-3.208449e+01	-7.391316e+02
3.020000e-06	-4.524539e-06	-1.272043e-08	-3.247537e+01	-7.560187e+02
3.030000e-06	-4.577121e-06	-1.298757e-08	-3.285278e+01	-7.721133e+02
3.040000e-06	-4.627867e-06	-1.324393e-08	-3.321702e+01	-7.874374e+02
3.050000e-06	-4.676675e-06	-1.348950e-08	-3.356734e+01	-8.020185e+02
3.060000e-06	-4.723627e-06	-1.372393e-08	-3.390434e+01	-8.158825e+02
3.070000e-06	-4.768963e-06	-1.394573e-08	-3.422975e+01	-8.290493e+02
3.080000e-06	-4.812760e-06	-1.415513e-08	-3.454410e+01	-8.415298e+02
3.090000e-06	-4.855039e-06	-1.435337e-08	-3.484757e+01	-8.533272e+02
3.100000e-06	-4.895812e-06	-1.453907e-08	-3.514022e+01	-8.644401e+02
3.110000e-06	-4.934966e-06	-1.471190e-08	-3.542125e+01	-8.748687e+02
3.120000e-06	-4.972222e-06	-1.487563e-08	-3.568866e+01	-8.846187e+02
3.130000e-06	-5.007575e-06	-1.503011e-08	-3.594242e+01	-8.937044e+02
3.140000e-06	-5.041239e-06	-1.517317e-08	-3.618404e+01	-9.021485e+02
3.150000e-06	-5.073209e-06	-1.530610e-08	-3.641351e+01	-9.099786e+02
3.160000e-06	-5.103293e-06	-1.542811e-08	-3.662944e+01	-9.172238e+02
3.170000e-06	-5.131458e-06	-1.553999e-08	-3.683160e+01	-9.239099e+02
3.180000e-06	-5.157843e-06	-1.564161e-08	-3.702098e+01	-9.300577e+02
3.190000e-06	-5.182458e-06	-1.573535e-08	-3.719765e+01	-9.356835e+02
3.200000e-06	-5.205249e-06	-1.582162e-08	-3.736124e+01	-9.408012e+02
3.210000e-06	-5.226072e-06	-1.589902e-08	-3.751070e+01	-9.454267e+02
3.220000e-06	-5.245019e-06	-1.596813e-08	-3.764669e+01	-9.495795e+02
3.230000e-06	-5.262275e-06	-1.602735e-08	-3.777055e+01	-9.532846e+02
3.240000e-06	-5.277660e-06	-1.607927e-08	-3.788098e+01	-9.565695e+02
3.250000e-06	-5.290862e-06	-1.612656e-08	-3.797573e+01	-9.594610e+02
3.260000e-06	-5.301971e-06	-1.616755e-08	-3.805547e+01	-9.619805e+02
3.270000e-06	-5.311261e-06	-1.620215e-08	-3.812215e+01	-9.641409e+02
3.280000e-06	-5.318733e-06	-1.623234e-08	-3.817578e+01	-9.659470e+02
3.290000e-06	-5.324214e-06	-1.625814e-08	-3.821512e+01	-9.673983e+02
3.300000e-06	-5.327782e-06	-1.627762e-08	-3.824073e+01	-9.684947e+02
3.310000e-06	-5.329606e-06	-1.629006e-08	-3.825383e+01	-9.692423e+02
3.320000e-06	-5.329675e-06	-1.629504e-08	-3.825432e+01	-9.696581e+02
