# Temperatura_=_68.6
# Concentracion g/m^3_=_22000.0
# C_Vs_to_Am_M_A/Vsm_=_59384043850.047264
# pendiente_HvsI_1/m_=_3716.3
# ordenada_HvsI_A/m_=_1297.0
# frecuencia_Hz_=_301149.11643893516

Tiempo_(s)	Campo_(V.s)	Magnetizacion_(V.s)	Campo_(kA/m)	Magnetizacion_(A/m)
0.000000e+00	-5.342739e-06	-1.872860e-08	-3.825456e+01	-1.111765e+03
1.000000e-08	-5.340738e-06	-1.872742e-08	-3.824023e+01	-1.111884e+03
2.000000e-08	-5.336803e-06	-1.872623e-08	-3.821205e+01	-1.111793e+03
3.000000e-08	-5.331205e-06	-1.872443e-08	-3.817197e+01	-1.111476e+03
4.000000e-08	-5.324056e-06	-1.871577e-08	-3.812078e+01	-1.110911e+03
5.000000e-08	-5.315205e-06	-1.869692e-08	-3.805740e+01	-1.110074e+03
6.000000e-08	-5.304338e-06	-1.867660e-08	-3.797960e+01	-1.108957e+03
7.000000e-08	-5.291438e-06	-1.865708e-08	-3.788723e+01	-1.107568e+03
8.000000e-08	-5.276504e-06	-1.862533e-08	-3.778031e+01	-1.105934e+03
9.000000e-08	-5.259191e-06	-1.857030e-08	-3.765634e+01	-1.104095e+03
1.000000e-07	-5.239576e-06	-1.853074e-08	-3.751589e+01	-1.102093e+03
1.100000e-07	-5.218077e-06	-1.852502e-08	-3.736196e+01	-1.099963e+03
1.200000e-07	-5.195032e-06	-1.852183e-08	-3.719696e+01	-1.097727e+03
1.300000e-07	-5.170788e-06	-1.850273e-08	-3.702337e+01	-1.095390e+03
1.400000e-07	-5.145186e-06	-1.842382e-08	-3.684005e+01	-1.092945e+03
1.500000e-07	-5.117629e-06	-1.834138e-08	-3.664274e+01	-1.090374e+03
1.600000e-07	-5.088274e-06	-1.833911e-08	-3.643256e+01	-1.087660e+03
1.700000e-07	-5.057459e-06	-1.828741e-08	-3.621192e+01	-1.084790e+03
1.800000e-07	-5.024817e-06	-1.819977e-08	-3.597820e+01	-1.081757e+03
1.900000e-07	-4.990150e-06	-1.816179e-08	-3.572998e+01	-1.078564e+03
2.000000e-07	-4.953760e-06	-1.811264e-08	-3.546943e+01	-1.075216e+03
2.100000e-07	-4.915668e-06	-1.809076e-08	-3.519668e+01	-1.071720e+03
2.200000e-07	-4.875869e-06	-1.802651e-08	-3.491171e+01	-1.068079e+03
2.300000e-07	-4.834353e-06	-1.789150e-08	-3.461446e+01	-1.064291e+03
2.400000e-07	-4.790864e-06	-1.782458e-08	-3.430307e+01	-1.060352e+03
2.500000e-07	-4.745530e-06	-1.778335e-08	-3.397847e+01	-1.056255e+03
2.600000e-07	-4.698504e-06	-1.770557e-08	-3.364177e+01	-1.051993e+03
2.700000e-07	-4.649728e-06	-1.761827e-08	-3.329252e+01	-1.047562e+03
2.800000e-07	-4.598974e-06	-1.753770e-08	-3.292912e+01	-1.042965e+03
2.900000e-07	-4.546190e-06	-1.748103e-08	-3.255118e+01	-1.038205e+03
3.000000e-07	-4.491657e-06	-1.738818e-08	-3.216072e+01	-1.033289e+03
3.100000e-07	-4.435600e-06	-1.726046e-08	-3.175935e+01	-1.028224e+03
3.200000e-07	-4.377952e-06	-1.717463e-08	-3.134658e+01	-1.023016e+03
3.300000e-07	-4.318584e-06	-1.712691e-08	-3.092150e+01	-1.017667e+03
3.400000e-07	-4.257637e-06	-1.705823e-08	-3.048511e+01	-1.012181e+03
3.500000e-07	-4.195264e-06	-1.693766e-08	-3.003851e+01	-1.006556e+03
3.600000e-07	-4.131524e-06	-1.682735e-08	-2.958213e+01	-1.000794e+03
3.700000e-07	-4.066311e-06	-1.673928e-08	-2.911520e+01	-9.948924e+02
3.800000e-07	-3.999381e-06	-1.662955e-08	-2.863597e+01	-9.888507e+02
3.900000e-07	-3.930845e-06	-1.651400e-08	-2.814525e+01	-9.826655e+02
4.000000e-07	-3.861029e-06	-1.641217e-08	-2.764536e+01	-9.763319e+02
4.100000e-07	-3.790020e-06	-1.632912e-08	-2.713693e+01	-9.698429e+02
4.200000e-07	-3.717836e-06	-1.622866e-08	-2.662008e+01	-9.631909e+02
4.300000e-07	-3.644273e-06	-1.609935e-08	-2.609336e+01	-9.563692e+02
4.400000e-07	-3.569051e-06	-1.597414e-08	-2.555477e+01	-9.493743e+02
4.500000e-07	-3.492272e-06	-1.585693e-08	-2.500502e+01	-9.422070e+02
4.600000e-07	-3.414155e-06	-1.573509e-08	-2.444570e+01	-9.348730e+02
4.700000e-07	-3.334687e-06	-1.560298e-08	-2.387670e+01	-9.273813e+02
4.800000e-07	-3.253878e-06	-1.548135e-08	-2.329810e+01	-9.197419e+02
4.900000e-07	-3.171818e-06	-1.536555e-08	-2.271053e+01	-9.119620e+02
5.000000e-07	-3.088558e-06	-1.523315e-08	-2.211439e+01	-9.040434e+02
5.100000e-07	-3.004414e-06	-1.508494e-08	-2.151191e+01	-8.959806e+02
5.200000e-07	-2.919468e-06	-1.493911e-08	-2.090369e+01	-8.877613e+02
5.300000e-07	-2.833563e-06	-1.480593e-08	-2.028860e+01	-8.793690e+02
5.400000e-07	-2.746790e-06	-1.466790e-08	-1.966730e+01	-8.707863e+02
5.500000e-07	-2.659147e-06	-1.451660e-08	-1.903976e+01	-8.619999e+02
5.600000e-07	-2.570618e-06	-1.436459e-08	-1.840589e+01	-8.530032e+02
5.700000e-07	-2.481066e-06	-1.421330e-08	-1.776468e+01	-8.437976e+02
5.800000e-07	-2.390318e-06	-1.405029e-08	-1.711492e+01	-8.343911e+02
5.900000e-07	-2.298611e-06	-1.387676e-08	-1.645829e+01	-8.247946e+02
6.000000e-07	-2.206229e-06	-1.371108e-08	-1.579682e+01	-8.150176e+02
6.100000e-07	-2.113127e-06	-1.355832e-08	-1.513021e+01	-8.050635e+02
6.200000e-07	-2.019276e-06	-1.339743e-08	-1.445822e+01	-7.949276e+02
6.300000e-07	-1.924785e-06	-1.321897e-08	-1.378166e+01	-7.845972e+02
6.400000e-07	-1.829636e-06	-1.303546e-08	-1.310038e+01	-7.740543e+02
6.500000e-07	-1.733871e-06	-1.285282e-08	-1.241469e+01	-7.632802e+02
6.600000e-07	-1.637580e-06	-1.265984e-08	-1.172524e+01	-7.522597e+02
6.700000e-07	-1.540711e-06	-1.246056e-08	-1.103165e+01	-7.409840e+02
6.800000e-07	-1.443122e-06	-1.227155e-08	-1.033290e+01	-7.294514e+02
6.900000e-07	-1.344754e-06	-1.209028e-08	-9.628577e+00	-7.176646e+02
7.000000e-07	-1.245701e-06	-1.189675e-08	-8.919344e+00	-7.056267e+02
7.100000e-07	-1.146157e-06	-1.168359e-08	-8.206602e+00	-6.933364e+02
7.200000e-07	-1.046273e-06	-1.146607e-08	-7.491420e+00	-6.807854e+02
7.300000e-07	-9.460871e-07	-1.124882e-08	-6.774079e+00	-6.679581e+02
7.400000e-07	-8.456423e-07	-1.102384e-08	-6.054884e+00	-6.548345e+02
7.500000e-07	-7.449013e-07	-1.079287e-08	-5.333569e+00	-6.413950e+02
7.600000e-07	-6.439172e-07	-1.056566e-08	-4.610513e+00	-6.276254e+02
7.700000e-07	-5.427591e-07	-1.034005e-08	-3.886210e+00	-6.135197e+02
7.800000e-07	-4.414231e-07	-1.010108e-08	-3.160634e+00	-5.990792e+02
7.900000e-07	-3.399564e-07	-9.846071e-09	-2.434123e+00	-5.843076e+02
8.000000e-07	-2.383651e-07	-9.587850e-09	-1.706718e+00	-5.692032e+02
8.100000e-07	-1.366722e-07	-9.329497e-09	-9.785869e-01	-5.537514e+02
8.200000e-07	-3.489844e-08	-9.061108e-09	-2.498763e-01	-5.379194e+02
8.300000e-07	6.690147e-08	-8.781536e-09	4.790213e-01	-5.216562e+02
8.400000e-07	1.686427e-07	-8.501497e-09	1.207499e+00	-5.048988e+02
8.500000e-07	2.703117e-07	-8.219494e-09	1.935459e+00	-4.875826e+02
8.600000e-07	3.718984e-07	-7.921926e-09	2.662830e+00	-4.696542e+02
8.700000e-07	4.733732e-07	-7.605444e-09	3.389400e+00	-4.510821e+02
8.800000e-07	5.747181e-07	-7.278580e-09	4.115040e+00	-4.318623e+02
8.900000e-07	6.758605e-07	-6.943928e-09	4.839230e+00	-4.120159e+02
9.000000e-07	7.767434e-07	-6.597449e-09	5.561561e+00	-3.915805e+02
9.100000e-07	8.773880e-07	-6.239639e-09	6.282187e+00	-3.705969e+02
9.200000e-07	9.778044e-07	-5.878756e-09	7.001179e+00	-3.490951e+02
9.300000e-07	1.077921e-06	-5.516668e-09	7.718022e+00	-3.270840e+02
9.400000e-07	1.177656e-06	-5.142265e-09	8.432139e+00	-3.045473e+02
9.500000e-07	1.276950e-06	-4.751920e-09	9.143091e+00	-2.814466e+02
9.600000e-07	1.375679e-06	-4.351758e-09	9.849999e+00	-2.577299e+02
9.700000e-07	1.473815e-06	-3.943032e-09	1.055267e+01	-2.333425e+02
9.800000e-07	1.571325e-06	-3.517166e-09	1.125085e+01	-2.082367e+02
9.900000e-07	1.668101e-06	-3.073160e-09	1.194377e+01	-1.823766e+02
1.000000e-06	1.764190e-06	-2.620385e-09	1.263178e+01	-1.557388e+02
1.010000e-06	1.859699e-06	-2.163328e-09	1.331564e+01	-1.283081e+02
1.020000e-06	1.954651e-06	-1.695635e-09	1.399550e+01	-1.000722e+02
1.030000e-06	2.048941e-06	-1.209526e-09	1.467062e+01	-7.101817e+01
1.040000e-06	2.142501e-06	-7.060000e-10	1.534052e+01	-4.113279e+01
1.050000e-06	2.235441e-06	-1.894126e-10	1.600598e+01	-1.040758e+01
1.060000e-06	2.327772e-06	3.424741e-10	1.666708e+01	2.115310e+01
1.070000e-06	2.419343e-06	8.928945e-10	1.732274e+01	5.352348e+01
1.080000e-06	2.509921e-06	1.454867e-09	1.797129e+01	8.665069e+01
1.090000e-06	2.599341e-06	2.022100e-09	1.861154e+01	1.204541e+02
1.100000e-06	2.687699e-06	2.599058e-09	1.924420e+01	1.548299e+02
1.110000e-06	2.775172e-06	3.189961e-09	1.987051e+01	1.896605e+02
1.120000e-06	2.861745e-06	3.785210e-09	2.049038e+01	2.248235e+02
1.130000e-06	2.947372e-06	4.376649e-09	2.110348e+01	2.602003e+02
1.140000e-06	3.032074e-06	4.972238e-09	2.170996e+01	2.956789e+02
1.150000e-06	3.115874e-06	5.577022e-09	2.230997e+01	3.311524e+02
1.160000e-06	3.198609e-06	6.181761e-09	2.290236e+01	3.665138e+02
1.170000e-06	3.280040e-06	6.774776e-09	2.348542e+01	4.016507e+02
1.180000e-06	3.360261e-06	7.357779e-09	2.405981e+01	4.364413e+02
1.190000e-06	3.439361e-06	7.935955e-09	2.462617e+01	4.707559e+02
1.200000e-06	3.517240e-06	8.504407e-09	2.518380e+01	5.044626e+02
1.210000e-06	3.593849e-06	9.057519e-09	2.573232e+01	5.374358e+02
1.220000e-06	3.669128e-06	9.599793e-09	2.627133e+01	5.695664e+02
1.230000e-06	3.742872e-06	1.013148e-08	2.679935e+01	6.007678e+02
1.240000e-06	3.815089e-06	1.064649e-08	2.731642e+01	6.309782e+02
1.250000e-06	3.885950e-06	1.113820e-08	2.782380e+01	6.601582e+02
1.260000e-06	3.955490e-06	1.160739e-08	2.832171e+01	6.882834e+02
1.270000e-06	4.023741e-06	1.206066e-08	2.881039e+01	7.153383e+02
1.280000e-06	4.090565e-06	1.249537e-08	2.928886e+01	7.413104e+02
1.290000e-06	4.155735e-06	1.291061e-08	2.975549e+01	7.661880e+02
1.300000e-06	4.219393e-06	1.330927e-08	3.021128e+01	7.899630e+02
1.310000e-06	4.281728e-06	1.369479e-08	3.065761e+01	8.126342e+02
1.320000e-06	4.342727e-06	1.406371e-08	3.109436e+01	8.342117e+02
1.330000e-06	4.402375e-06	1.440932e-08	3.152145e+01	8.547182e+02
1.340000e-06	4.460338e-06	1.473374e-08	3.193647e+01	8.741876e+02
1.350000e-06	4.516487e-06	1.504341e-08	3.233850e+01	8.926591e+02
1.360000e-06	4.571060e-06	1.533739e-08	3.272925e+01	9.101715e+02
1.370000e-06	4.623953e-06	1.561209e-08	3.310797e+01	9.267570e+02
1.380000e-06	4.674872e-06	1.587119e-08	3.347256e+01	9.424398e+02
1.390000e-06	4.723755e-06	1.612005e-08	3.382256e+01	9.572371e+02
1.400000e-06	4.770895e-06	1.635821e-08	3.416009e+01	9.711646e+02
1.410000e-06	4.816484e-06	1.658183e-08	3.448651e+01	9.842422e+02
1.420000e-06	4.860513e-06	1.678915e-08	3.480177e+01	9.964985e+02
1.430000e-06	4.902749e-06	1.698244e-08	3.510418e+01	1.007971e+03
1.440000e-06	4.943109e-06	1.716289e-08	3.539316e+01	1.018705e+03
1.450000e-06	4.981760e-06	1.732910e-08	3.566991e+01	1.028743e+03
1.460000e-06	5.018763e-06	1.748284e-08	3.593485e+01	1.038123e+03
1.470000e-06	5.054045e-06	1.762796e-08	3.618748e+01	1.046869e+03
1.480000e-06	5.087412e-06	1.776359e-08	3.642639e+01	1.054996e+03
1.490000e-06	5.118948e-06	1.788799e-08	3.665218e+01	1.062510e+03
1.500000e-06	5.148825e-06	1.800429e-08	3.686611e+01	1.069417e+03
1.510000e-06	5.177039e-06	1.811382e-08	3.706813e+01	1.075733e+03
1.520000e-06	5.203306e-06	1.821302e-08	3.725620e+01	1.081483e+03
1.530000e-06	5.227510e-06	1.829888e-08	3.742950e+01	1.086708e+03
1.540000e-06	5.249885e-06	1.837432e-08	3.758971e+01	1.091454e+03
1.550000e-06	5.270597e-06	1.844536e-08	3.773801e+01	1.095766e+03
1.560000e-06	5.289543e-06	1.851149e-08	3.787366e+01	1.099677e+03
1.570000e-06	5.306490e-06	1.857121e-08	3.799500e+01	1.103206e+03
1.580000e-06	5.321487e-06	1.862638e-08	3.810238e+01	1.106352e+03
1.590000e-06	5.334607e-06	1.867616e-08	3.819633e+01	1.109105e+03
1.600000e-06	5.345634e-06	1.871794e-08	3.827528e+01	1.111452e+03
1.610000e-06	5.354487e-06	1.874940e-08	3.833867e+01	1.113390e+03
1.620000e-06	5.361446e-06	1.877154e-08	3.838850e+01	1.114930e+03
1.630000e-06	5.366681e-06	1.878806e-08	3.842598e+01	1.116103e+03
1.640000e-06	5.370073e-06	1.880186e-08	3.845027e+01	1.116953e+03
1.650000e-06	5.371432e-06	1.881249e-08	3.846000e+01	1.117528e+03
1.660000e-06	5.370953e-06	1.881926e-08	3.845657e+01	1.117868e+03
1.670000e-06	5.368871e-06	1.882340e-08	3.844166e+01	1.117995e+03
1.680000e-06	5.365165e-06	1.882236e-08	3.841512e+01	1.117913e+03
1.690000e-06	5.359651e-06	1.881495e-08	3.837564e+01	1.117606e+03
1.700000e-06	5.352234e-06	1.880356e-08	3.832254e+01	1.117051e+03
1.710000e-06	5.343139e-06	1.878827e-08	3.825742e+01	1.116226e+03
1.720000e-06	5.332431e-06	1.876648e-08	3.818074e+01	1.115120e+03
1.730000e-06	5.319925e-06	1.873849e-08	3.809120e+01	1.113742e+03
1.740000e-06	5.305484e-06	1.873927e-08	3.798780e+01	1.112118e+03
1.750000e-06	5.288960e-06	1.873898e-08	3.786949e+01	1.110286e+03
1.760000e-06	5.269968e-06	1.869600e-08	3.773351e+01	1.108291e+03
1.770000e-06	5.248421e-06	1.862201e-08	3.757922e+01	1.106166e+03
1.780000e-06	5.224949e-06	1.851219e-08	3.741116e+01	1.103935e+03
1.790000e-06	5.200289e-06	1.847759e-08	3.723460e+01	1.101603e+03
1.800000e-06	5.174490e-06	1.852219e-08	3.704988e+01	1.099163e+03
1.810000e-06	5.146939e-06	1.847031e-08	3.685260e+01	1.096598e+03
1.820000e-06	5.117431e-06	1.840807e-08	3.664133e+01	1.093891e+03
1.830000e-06	5.086215e-06	1.838216e-08	3.641782e+01	1.091028e+03
1.840000e-06	5.053182e-06	1.832509e-08	3.618130e+01	1.088002e+03
1.850000e-06	5.018410e-06	1.827203e-08	3.593232e+01	1.084816e+03
1.860000e-06	4.981963e-06	1.814994e-08	3.567136e+01	1.081475e+03
1.870000e-06	4.943560e-06	1.807611e-08	3.539639e+01	1.077985e+03
1.880000e-06	4.903431e-06	1.813586e-08	3.510907e+01	1.074350e+03
1.890000e-06	4.861671e-06	1.808508e-08	3.481006e+01	1.070569e+03
1.900000e-06	4.818270e-06	1.795494e-08	3.449930e+01	1.066637e+03
1.910000e-06	4.773254e-06	1.787701e-08	3.417698e+01	1.062547e+03
1.920000e-06	4.726262e-06	1.782308e-08	3.384051e+01	1.058292e+03
1.930000e-06	4.677442e-06	1.778838e-08	3.349096e+01	1.053869e+03
1.940000e-06	4.627081e-06	1.766412e-08	3.313037e+01	1.049279e+03
1.950000e-06	4.574975e-06	1.757943e-08	3.275728e+01	1.044526e+03
1.960000e-06	4.520886e-06	1.758736e-08	3.237000e+01	1.039616e+03
1.970000e-06	4.464918e-06	1.748450e-08	3.196927e+01	1.034558e+03
1.980000e-06	4.407436e-06	1.733739e-08	3.155769e+01	1.029356e+03
1.990000e-06	4.348522e-06	1.721817e-08	3.113586e+01	1.024014e+03
2.000000e-06	4.288069e-06	1.716137e-08	3.070301e+01	1.018533e+03
2.010000e-06	4.225966e-06	1.709354e-08	3.025835e+01	1.012915e+03
2.020000e-06	4.162269e-06	1.694850e-08	2.980227e+01	1.007159e+03
2.030000e-06	4.097164e-06	1.687329e-08	2.933611e+01	1.001264e+03
2.040000e-06	4.030656e-06	1.680941e-08	2.885991e+01	9.952284e+02
2.050000e-06	3.962782e-06	1.669571e-08	2.837392e+01	9.890497e+02
2.060000e-06	3.893369e-06	1.654460e-08	2.787691e+01	9.827227e+02
2.070000e-06	3.822327e-06	1.640616e-08	2.736825e+01	9.762407e+02
2.080000e-06	3.749881e-06	1.634322e-08	2.684953e+01	9.695959e+02
2.090000e-06	3.676091e-06	1.623414e-08	2.632118e+01	9.627816e+02
2.100000e-06	3.601022e-06	1.609771e-08	2.578368e+01	9.557942e+02
2.110000e-06	3.524470e-06	1.597992e-08	2.523556e+01	9.486343e+02
2.120000e-06	3.446242e-06	1.586752e-08	2.467544e+01	9.413074e+02
2.130000e-06	3.366722e-06	1.574073e-08	2.410607e+01	9.338225e+02
2.140000e-06	3.286115e-06	1.557304e-08	2.352891e+01	9.261894e+02
2.150000e-06	3.204393e-06	1.544706e-08	2.294378e+01	9.184158e+02
2.160000e-06	3.121650e-06	1.534574e-08	2.235133e+01	9.105034e+02
2.170000e-06	3.037984e-06	1.521763e-08	2.175228e+01	9.024472e+02
2.180000e-06	2.953234e-06	1.505941e-08	2.114545e+01	8.942351e+02
2.190000e-06	2.867151e-06	1.490238e-08	2.052909e+01	8.858505e+02
2.200000e-06	2.779922e-06	1.477532e-08	1.990453e+01	8.772762e+02
2.210000e-06	2.691788e-06	1.462806e-08	1.927347e+01	8.684985e+02
2.220000e-06	2.602793e-06	1.446079e-08	1.863626e+01	8.595106e+02
2.230000e-06	2.512927e-06	1.430886e-08	1.799281e+01	8.503136e+02
2.240000e-06	2.422273e-06	1.417339e-08	1.734372e+01	8.409154e+02
2.250000e-06	2.330949e-06	1.401807e-08	1.668983e+01	8.313268e+02
2.260000e-06	2.238882e-06	1.382937e-08	1.603062e+01	8.215574e+02
2.270000e-06	2.145883e-06	1.364969e-08	1.536474e+01	8.116109e+02
2.280000e-06	2.051808e-06	1.349399e-08	1.469115e+01	8.014830e+02
2.290000e-06	1.956867e-06	1.332949e-08	1.401137e+01	7.911611e+02
2.300000e-06	1.861355e-06	1.314264e-08	1.332749e+01	7.806274e+02
2.310000e-06	1.765285e-06	1.296071e-08	1.263962e+01	7.698632e+02
2.320000e-06	1.668588e-06	1.279080e-08	1.194726e+01	7.588529e+02
2.330000e-06	1.571281e-06	1.260251e-08	1.125053e+01	7.475876e+02
2.340000e-06	1.473458e-06	1.238616e-08	1.055011e+01	7.360654e+02
2.350000e-06	1.375212e-06	1.217827e-08	9.846654e+00	7.242890e+02
2.360000e-06	1.276523e-06	1.199016e-08	9.140033e+00	7.122613e+02
2.370000e-06	1.177421e-06	1.179442e-08	8.430456e+00	6.999814e+02
2.380000e-06	1.078065e-06	1.157630e-08	7.719057e+00	6.874412e+02
2.390000e-06	9.784839e-07	1.135589e-08	7.006044e+00	6.746254e+02
2.400000e-06	8.785970e-07	1.114166e-08	6.290843e+00	6.615140e+02
2.410000e-06	7.783157e-07	1.091086e-08	5.572819e+00	6.480873e+02
2.420000e-06	6.776485e-07	1.066496e-08	4.852032e+00	6.343310e+02
2.430000e-06	5.767306e-07	1.042606e-08	4.129450e+00	6.202386e+02
2.440000e-06	4.756151e-07	1.019873e-08	3.405452e+00	6.058113e+02
2.450000e-06	3.742442e-07	9.958094e-09	2.679626e+00	5.910527e+02
2.460000e-06	2.725926e-07	9.693239e-09	1.951791e+00	5.759617e+02
2.470000e-06	1.708071e-07	9.426161e-09	1.222996e+00	5.605240e+02
2.480000e-06	6.899151e-08	9.162994e-09	4.939862e-01	5.447076e+02
2.490000e-06	-3.283959e-08	8.887442e-09	-2.351348e-01	5.284622e+02
2.500000e-06	-1.346561e-07	8.595691e-09	-9.641511e-01	5.117248e+02
2.510000e-06	-2.363910e-07	8.305712e-09	-1.692584e+00	4.944308e+02
2.520000e-06	-3.379450e-07	8.019486e-09	-2.419721e+00	4.765263e+02
2.530000e-06	-4.392816e-07	7.712881e-09	-3.145301e+00	4.579788e+02
2.540000e-06	-5.404192e-07	7.379697e-09	-3.869456e+00	4.387831e+02
2.550000e-06	-6.413170e-07	7.037303e-09	-4.591894e+00	4.189598e+02
2.560000e-06	-7.419443e-07	6.695414e-09	-5.312396e+00	3.985459e+02
2.570000e-06	-8.422595e-07	6.342740e-09	-6.030663e+00	3.775826e+02
2.580000e-06	-9.422038e-07	5.975127e-09	-6.746275e+00	3.561003e+02
2.590000e-06	-1.041783e-06	5.605569e-09	-7.459275e+00	3.341088e+02
2.600000e-06	-1.140970e-06	5.235631e-09	-8.169459e+00	3.115927e+02
2.610000e-06	-1.239794e-06	4.851505e-09	-8.877053e+00	2.885142e+02
2.620000e-06	-1.338269e-06	4.444703e-09	-9.582142e+00	2.648217e+02
2.630000e-06	-1.436284e-06	4.027415e-09	-1.028394e+01	2.404605e+02
2.640000e-06	-1.533776e-06	3.608569e-09	-1.098199e+01	2.153823e+02
2.650000e-06	-1.630766e-06	3.177239e-09	-1.167645e+01	1.895509e+02
2.660000e-06	-1.727248e-06	2.724878e-09	-1.236727e+01	1.629425e+02
2.670000e-06	-1.823225e-06	2.259800e-09	-1.305448e+01	1.355416e+02
2.680000e-06	-1.918644e-06	1.790276e-09	-1.373769e+01	1.073359e+02
2.690000e-06	-2.013397e-06	1.307863e-09	-1.441613e+01	7.831264e+01
2.700000e-06	-2.107349e-06	8.011073e-10	-1.508883e+01	4.845843e+01
2.710000e-06	-2.200399e-06	2.780543e-10	-1.575508e+01	1.776452e+01
2.720000e-06	-2.292528e-06	-2.505494e-10	-1.641473e+01	-1.376533e+01
2.730000e-06	-2.383792e-06	-7.912191e-10	-1.706819e+01	-4.610626e+01
2.740000e-06	-2.474258e-06	-1.349744e-09	-1.771594e+01	-7.920640e+01
2.750000e-06	-2.563856e-06	-1.920655e-09	-1.835747e+01	-1.129860e+02
2.760000e-06	-2.652496e-06	-2.493866e-09	-1.899214e+01	-1.473421e+02
2.770000e-06	-2.740297e-06	-3.072430e-09	-1.962080e+01	-1.821573e+02
2.780000e-06	-2.827308e-06	-3.664157e-09	-2.024381e+01	-2.173092e+02
2.790000e-06	-2.913303e-06	-4.262174e-09	-2.085954e+01	-2.526791e+02
2.800000e-06	-2.998058e-06	-4.856078e-09	-2.146640e+01	-2.881546e+02
2.810000e-06	-3.081616e-06	-5.448683e-09	-2.206468e+01	-3.236288e+02
2.820000e-06	-3.164160e-06	-6.044864e-09	-2.265571e+01	-3.589948e+02
2.830000e-06	-3.245711e-06	-6.638129e-09	-2.323962e+01	-3.941405e+02
2.840000e-06	-3.326186e-06	-7.219436e-09	-2.381583e+01	-4.289444e+02
2.850000e-06	-3.405532e-06	-7.791171e-09	-2.438395e+01	-4.632771e+02
2.860000e-06	-3.483616e-06	-8.358159e-09	-2.494304e+01	-4.970063e+02
2.870000e-06	-3.560268e-06	-8.914033e-09	-2.549188e+01	-5.300065e+02
2.880000e-06	-3.635372e-06	-9.452525e-09	-2.602963e+01	-5.621675e+02
2.890000e-06	-3.708985e-06	-9.975025e-09	-2.655671e+01	-5.934020e+02
2.900000e-06	-3.781317e-06	-1.048500e-08	-2.707461e+01	-6.236474e+02
2.910000e-06	-3.852469e-06	-1.097933e-08	-2.758407e+01	-6.528633e+02
2.920000e-06	-3.922171e-06	-1.145353e-08	-2.808314e+01	-6.810253e+02
2.930000e-06	-3.990245e-06	-1.190856e-08	-2.857056e+01	-7.081174e+02
2.940000e-06	-4.056909e-06	-1.234635e-08	-2.904788e+01	-7.341270e+02
2.950000e-06	-4.122234e-06	-1.276575e-08	-2.951562e+01	-7.590427e+02
2.960000e-06	-4.186206e-06	-1.316591e-08	-2.997366e+01	-7.828558e+02
2.970000e-06	-4.248745e-06	-1.354975e-08	-3.042144e+01	-8.055651e+02
2.980000e-06	-4.309578e-06	-1.391723e-08	-3.085702e+01	-8.271800e+02
2.990000e-06	-4.368780e-06	-1.426544e-08	-3.128091e+01	-8.477230e+02
3.000000e-06	-4.426560e-06	-1.459414e-08	-3.169462e+01	-8.672274e+02
3.010000e-06	-4.482854e-06	-1.490624e-08	-3.209769e+01	-8.857327e+02
3.020000e-06	-4.537466e-06	-1.520372e-08	-3.248871e+01	-9.032774e+02
3.030000e-06	-4.590179e-06	-1.548444e-08	-3.286614e+01	-9.198943e+02
3.040000e-06	-4.641056e-06	-1.574737e-08	-3.323043e+01	-9.356077e+02
3.050000e-06	-4.690097e-06	-1.599636e-08	-3.358157e+01	-9.504351e+02
3.060000e-06	-4.737177e-06	-1.623490e-08	-3.391867e+01	-9.643921e+02
3.070000e-06	-4.782519e-06	-1.645982e-08	-3.424332e+01	-9.774983e+02
3.080000e-06	-4.826345e-06	-1.666601e-08	-3.455712e+01	-9.897820e+02
3.090000e-06	-4.868670e-06	-1.685720e-08	-3.486017e+01	-1.001281e+03
3.100000e-06	-4.909494e-06	-1.703853e-08	-3.515248e+01	-1.012039e+03
3.110000e-06	-4.948680e-06	-1.720993e-08	-3.543305e+01	-1.022100e+03
3.120000e-06	-4.985978e-06	-1.737027e-08	-3.570011e+01	-1.031501e+03
3.130000e-06	-5.021369e-06	-1.751935e-08	-3.595351e+01	-1.040268e+03
3.140000e-06	-5.055045e-06	-1.765822e-08	-3.619463e+01	-1.048416e+03
3.150000e-06	-5.087054e-06	-1.778739e-08	-3.642382e+01	-1.055950e+03
3.160000e-06	-5.117186e-06	-1.790433e-08	-3.663957e+01	-1.062878e+03
3.170000e-06	-5.145382e-06	-1.800994e-08	-3.684146e+01	-1.069213e+03
3.180000e-06	-5.171798e-06	-1.810705e-08	-3.703060e+01	-1.074982e+03
3.190000e-06	-5.196436e-06	-1.819575e-08	-3.720701e+01	-1.080223e+03
3.200000e-06	-5.219231e-06	-1.827492e-08	-3.737022e+01	-1.084984e+03
3.210000e-06	-5.240046e-06	-1.834804e-08	-3.751926e+01	-1.089310e+03
3.220000e-06	-5.259039e-06	-1.841679e-08	-3.765525e+01	-1.093234e+03
3.230000e-06	-5.276379e-06	-1.847798e-08	-3.777941e+01	-1.096775e+03
3.240000e-06	-5.291830e-06	-1.852952e-08	-3.789004e+01	-1.099934e+03
3.250000e-06	-5.305068e-06	-1.857427e-08	-3.798483e+01	-1.102700e+03
3.260000e-06	-5.316146e-06	-1.861406e-08	-3.806415e+01	-1.105060e+03
3.270000e-06	-5.325406e-06	-1.864590e-08	-3.813045e+01	-1.107011e+03
3.280000e-06	-5.332878e-06	-1.866965e-08	-3.818395e+01	-1.108563e+03
3.290000e-06	-5.338345e-06	-1.869017e-08	-3.822309e+01	-1.109748e+03
3.300000e-06	-5.341849e-06	-1.870936e-08	-3.824818e+01	-1.110607e+03
3.310000e-06	-5.343613e-06	-1.872276e-08	-3.826081e+01	-1.111190e+03
3.320000e-06	-5.343649e-06	-1.872824e-08	-3.826107e+01	-1.111536e+03
