# Temperatura_=_37.01
# Concentracion g/m^3_=_22000.0
# C_Vs_to_Am_M_A/Vsm_=_59384043850.047264
# pendiente_HvsI_1/m_=_3716.3
# ordenada_HvsI_A/m_=_1297.0
# frecuencia_Hz_=_301154.02835159417

Tiempo_(s)	Campo_(V.s)	Magnetizacion_(V.s)	Campo_(kA/m)	Magnetizacion_(A/m)
0.000000e+00	-5.332209e-06	-1.725882e-08	-3.825304e+01	-1.025203e+03
1.000000e-08	-5.330311e-06	-1.726356e-08	-3.823942e+01	-1.025351e+03
2.000000e-08	-5.326521e-06	-1.726582e-08	-3.821223e+01	-1.025264e+03
3.000000e-08	-5.321073e-06	-1.726211e-08	-3.817314e+01	-1.024948e+03
4.000000e-08	-5.314016e-06	-1.725055e-08	-3.812252e+01	-1.024399e+03
5.000000e-08	-5.305264e-06	-1.723162e-08	-3.805973e+01	-1.023609e+03
6.000000e-08	-5.294537e-06	-1.721197e-08	-3.798277e+01	-1.022573e+03
7.000000e-08	-5.281798e-06	-1.719237e-08	-3.789139e+01	-1.021292e+03
8.000000e-08	-5.267040e-06	-1.716106e-08	-3.778551e+01	-1.019780e+03
9.000000e-08	-5.249905e-06	-1.712328e-08	-3.766259e+01	-1.018061e+03
1.000000e-07	-5.230453e-06	-1.709512e-08	-3.752304e+01	-1.016166e+03
1.100000e-07	-5.209123e-06	-1.707505e-08	-3.737002e+01	-1.014125e+03
1.200000e-07	-5.186211e-06	-1.706029e-08	-3.720565e+01	-1.011965e+03
1.300000e-07	-5.162072e-06	-1.703510e-08	-3.703248e+01	-1.009700e+03
1.400000e-07	-5.136604e-06	-1.695786e-08	-3.684977e+01	-1.007334e+03
1.500000e-07	-5.109225e-06	-1.691154e-08	-3.665336e+01	-1.004860e+03
1.600000e-07	-5.080090e-06	-1.689701e-08	-3.644434e+01	-1.002266e+03
1.700000e-07	-5.049452e-06	-1.683126e-08	-3.622455e+01	-9.995355e+02
1.800000e-07	-5.016938e-06	-1.677786e-08	-3.599129e+01	-9.966576e+02
1.900000e-07	-4.982456e-06	-1.672953e-08	-3.574392e+01	-9.936244e+02
2.000000e-07	-4.946313e-06	-1.667813e-08	-3.548464e+01	-9.904334e+02
2.100000e-07	-4.908468e-06	-1.664645e-08	-3.521313e+01	-9.870859e+02
2.200000e-07	-4.868922e-06	-1.657282e-08	-3.492943e+01	-9.835850e+02
2.300000e-07	-4.827663e-06	-1.647992e-08	-3.463345e+01	-9.799340e+02
2.400000e-07	-4.784422e-06	-1.641722e-08	-3.432324e+01	-9.761346e+02
2.500000e-07	-4.739306e-06	-1.635680e-08	-3.399957e+01	-9.721874e+02
2.600000e-07	-4.692479e-06	-1.629834e-08	-3.366364e+01	-9.680917e+02
2.700000e-07	-4.643908e-06	-1.620391e-08	-3.331519e+01	-9.638465e+02
2.800000e-07	-4.593386e-06	-1.612284e-08	-3.295275e+01	-9.594506e+02
2.900000e-07	-4.540784e-06	-1.607641e-08	-3.257539e+01	-9.549025e+02
3.000000e-07	-4.486400e-06	-1.598169e-08	-3.218524e+01	-9.502010e+02
3.100000e-07	-4.430553e-06	-1.587548e-08	-3.178460e+01	-9.453452e+02
3.200000e-07	-4.373155e-06	-1.580757e-08	-3.137282e+01	-9.403354e+02
3.300000e-07	-4.313985e-06	-1.574875e-08	-3.094834e+01	-9.351737e+02
3.400000e-07	-4.253229e-06	-1.565768e-08	-3.051248e+01	-9.298648e+02
3.500000e-07	-4.191063e-06	-1.555201e-08	-3.006650e+01	-9.244162e+02
3.600000e-07	-4.127500e-06	-1.545441e-08	-2.961050e+01	-9.188366e+02
3.700000e-07	-4.062514e-06	-1.536032e-08	-2.914430e+01	-9.131333e+02
3.800000e-07	-3.995870e-06	-1.526535e-08	-2.866619e+01	-9.073101e+02
3.900000e-07	-3.927618e-06	-1.516184e-08	-2.817656e+01	-9.013644e+02
4.000000e-07	-3.858049e-06	-1.506033e-08	-2.767747e+01	-8.952870e+02
4.100000e-07	-3.787265e-06	-1.497222e-08	-2.716967e+01	-8.890634e+02
4.200000e-07	-3.715272e-06	-1.486842e-08	-2.665320e+01	-8.826774e+02
4.300000e-07	-3.641891e-06	-1.474723e-08	-2.612677e+01	-8.761160e+02
4.400000e-07	-3.566869e-06	-1.462796e-08	-2.558856e+01	-8.693736e+02
4.500000e-07	-3.490277e-06	-1.451500e-08	-2.503910e+01	-8.624537e+02
4.600000e-07	-3.412290e-06	-1.439678e-08	-2.447962e+01	-8.553688e+02
4.700000e-07	-3.332965e-06	-1.427116e-08	-2.391055e+01	-8.481358e+02
4.800000e-07	-3.252332e-06	-1.415542e-08	-2.333209e+01	-8.407706e+02
4.900000e-07	-3.170453e-06	-1.404189e-08	-2.274469e+01	-8.332824e+02
5.000000e-07	-3.087475e-06	-1.391655e-08	-2.214941e+01	-8.256703e+02
5.100000e-07	-3.003575e-06	-1.377444e-08	-2.154751e+01	-8.179232e+02
5.200000e-07	-2.918821e-06	-1.363420e-08	-2.093949e+01	-8.100231e+02
5.300000e-07	-2.833152e-06	-1.350232e-08	-2.032491e+01	-8.019508e+02
5.400000e-07	-2.746545e-06	-1.336585e-08	-1.970359e+01	-7.936928e+02
5.500000e-07	-2.659045e-06	-1.322242e-08	-1.907587e+01	-7.852448e+02
5.600000e-07	-2.570683e-06	-1.307826e-08	-1.844197e+01	-7.766129e+02
5.700000e-07	-2.481370e-06	-1.293664e-08	-1.780124e+01	-7.678101e+02
5.800000e-07	-2.390945e-06	-1.278355e-08	-1.715253e+01	-7.588503e+02
5.900000e-07	-2.299503e-06	-1.261884e-08	-1.649654e+01	-7.497420e+02
6.000000e-07	-2.207284e-06	-1.245898e-08	-1.583496e+01	-7.404830e+02
6.100000e-07	-2.114350e-06	-1.230927e-08	-1.516825e+01	-7.310600e+02
6.200000e-07	-2.020702e-06	-1.215410e-08	-1.449643e+01	-7.214519e+02
6.300000e-07	-1.926347e-06	-1.198469e-08	-1.381953e+01	-7.116356e+02
6.400000e-07	-1.831325e-06	-1.181408e-08	-1.313785e+01	-7.015937e+02
6.500000e-07	-1.735746e-06	-1.164330e-08	-1.245217e+01	-6.913198e+02
6.600000e-07	-1.639602e-06	-1.146195e-08	-1.176243e+01	-6.808200e+02
6.700000e-07	-1.542850e-06	-1.127228e-08	-1.106834e+01	-6.701099e+02
6.800000e-07	-1.445506e-06	-1.109012e-08	-1.037000e+01	-6.592079e+02
6.900000e-07	-1.347455e-06	-1.091475e-08	-9.666582e+00	-6.481271e+02
7.000000e-07	-1.248700e-06	-1.073140e-08	-8.958118e+00	-6.368693e+02
7.100000e-07	-1.149443e-06	-1.053465e-08	-8.246052e+00	-6.254217e+02
7.200000e-07	-1.049799e-06	-1.033523e-08	-7.531210e+00	-6.137594e+02
7.300000e-07	-9.498015e-07	-1.013567e-08	-6.813834e+00	-6.018515e+02
7.400000e-07	-8.494951e-07	-9.929018e-09	-6.094241e+00	-5.896692e+02
7.500000e-07	-7.489288e-07	-9.714914e-09	-5.372782e+00	-5.771926e+02
7.600000e-07	-6.481408e-07	-9.499894e-09	-4.649734e+00	-5.644148e+02
7.700000e-07	-5.471504e-07	-9.286915e-09	-3.925233e+00	-5.513403e+02
7.800000e-07	-4.460171e-07	-9.065178e-09	-3.199707e+00	-5.379797e+02
7.900000e-07	-3.447927e-07	-8.832030e-09	-2.473528e+00	-5.243412e+02
8.000000e-07	-2.434456e-07	-8.594543e-09	-1.746468e+00	-5.104224e+02
8.100000e-07	-1.420054e-07	-8.357081e-09	-1.018740e+00	-4.962052e+02
8.200000e-07	-4.048096e-08	-8.112209e-09	-2.904086e-01	-4.816547e+02
8.300000e-07	6.107781e-08	-7.855475e-09	4.381696e-01	-4.667235e+02
8.400000e-07	1.626074e-07	-7.596384e-09	1.166538e+00	-4.513596e+02
8.500000e-07	2.640547e-07	-7.334847e-09	1.894317e+00	-4.355154e+02
8.600000e-07	3.653629e-07	-7.061764e-09	2.621098e+00	-4.191555e+02
8.700000e-07	4.665598e-07	-6.773998e-09	3.347079e+00	-4.022620e+02
8.800000e-07	5.676270e-07	-6.479205e-09	4.072131e+00	-3.848343e+02
8.900000e-07	6.685484e-07	-6.178634e-09	4.796137e+00	-3.668858e+02
9.000000e-07	7.692793e-07	-5.866847e-09	5.518776e+00	-3.484379e+02
9.100000e-07	8.697865e-07	-5.543773e-09	6.239811e+00	-3.295133e+02
9.200000e-07	9.700665e-07	-5.217400e-09	6.959215e+00	-3.101297e+02
9.300000e-07	1.070031e-06	-4.890830e-09	7.676358e+00	-2.902966e+02
9.400000e-07	1.169592e-06	-4.554371e-09	8.390599e+00	-2.700144e+02
9.500000e-07	1.268718e-06	-4.203391e-09	9.101730e+00	-2.492752e+02
9.600000e-07	1.367296e-06	-3.843803e-09	9.808923e+00	-2.280649e+02
9.700000e-07	1.465246e-06	-3.479825e-09	1.051161e+01	-2.063659e+02
9.800000e-07	1.562596e-06	-3.105132e-09	1.120999e+01	-1.841585e+02
9.900000e-07	1.659326e-06	-2.717424e-09	1.190393e+01	-1.614221e+02
1.000000e-06	1.755381e-06	-2.323095e-09	1.259303e+01	-1.381352e+02
1.010000e-06	1.850773e-06	-1.925073e-09	1.327737e+01	-1.142758e+02
1.020000e-06	1.945573e-06	-1.518566e-09	1.395745e+01	-8.982175e+01
1.030000e-06	2.039745e-06	-1.098367e-09	1.463304e+01	-6.475218e+01
1.040000e-06	2.133222e-06	-6.648638e-10	1.530364e+01	-3.904945e+01
1.050000e-06	2.226053e-06	-2.217440e-10	1.596961e+01	-1.270202e+01
1.060000e-06	2.318257e-06	2.326348e-10	1.663107e+01	1.429276e+01
1.070000e-06	2.409696e-06	7.004946e-10	1.728705e+01	4.192609e+01
1.080000e-06	2.500156e-06	1.176824e-09	1.793601e+01	7.017613e+01
1.090000e-06	2.589479e-06	1.658601e-09	1.857681e+01	9.900729e+01
1.100000e-06	2.677710e-06	2.151449e-09	1.920977e+01	1.283707e+02
1.110000e-06	2.765057e-06	2.658092e-09	1.983640e+01	1.582055e+02
1.120000e-06	2.851553e-06	3.171590e-09	2.045692e+01	1.884404e+02
1.130000e-06	2.937092e-06	3.684738e-09	2.107057e+01	2.189960e+02
1.140000e-06	3.021699e-06	4.200901e-09	2.167754e+01	2.497861e+02
1.150000e-06	3.105374e-06	4.725080e-09	2.227782e+01	2.807192e+02
1.160000e-06	3.187978e-06	5.252319e-09	2.287042e+01	3.116998e+02
1.170000e-06	3.269335e-06	5.773714e-09	2.345407e+01	3.426289e+02
1.180000e-06	3.349452e-06	6.288891e-09	2.402882e+01	3.734056e+02
1.190000e-06	3.428391e-06	6.802643e-09	2.459512e+01	4.039282e+02
1.200000e-06	3.506173e-06	7.313075e-09	2.515313e+01	4.340964e+02
1.210000e-06	3.582787e-06	7.813613e-09	2.570276e+01	4.638142e+02
1.220000e-06	3.658020e-06	8.303283e-09	2.624248e+01	4.929921e+02
1.230000e-06	3.731647e-06	8.785211e-09	2.677068e+01	5.215504e+02
1.240000e-06	3.803761e-06	9.257489e-09	2.728802e+01	5.494211e+02
1.250000e-06	3.874567e-06	9.715584e-09	2.779597e+01	5.765481e+02
1.260000e-06	3.944066e-06	1.015855e-08	2.829456e+01	6.028876e+02
1.270000e-06	4.012282e-06	1.058764e-08	2.878393e+01	6.284059e+02
1.280000e-06	4.079089e-06	1.100227e-08	2.926320e+01	6.530775e+02
1.290000e-06	4.144251e-06	1.140163e-08	2.973068e+01	6.768824e+02
1.300000e-06	4.207893e-06	1.178723e-08	3.018724e+01	6.998048e+02
1.310000e-06	4.270169e-06	1.216133e-08	3.063401e+01	7.218316e+02
1.320000e-06	4.331100e-06	1.252110e-08	3.107112e+01	7.429527e+02
1.330000e-06	4.390674e-06	1.286113e-08	3.149851e+01	7.631619e+02
1.340000e-06	4.448537e-06	1.318357e-08	3.191361e+01	7.824573e+02
1.350000e-06	4.504634e-06	1.349312e-08	3.231605e+01	8.008427e+02
1.360000e-06	4.559191e-06	1.378790e-08	3.270744e+01	8.183273e+02
1.370000e-06	4.612073e-06	1.406577e-08	3.308681e+01	8.349255e+02
1.380000e-06	4.663025e-06	1.432884e-08	3.345234e+01	8.506558e+02
1.390000e-06	4.711942e-06	1.458031e-08	3.380327e+01	8.655396e+02
1.400000e-06	4.759068e-06	1.482071e-08	3.414135e+01	8.796004e+02
1.410000e-06	4.804653e-06	1.504784e-08	3.446837e+01	8.928629e+02
1.420000e-06	4.848727e-06	1.525853e-08	3.478456e+01	9.053523e+02
1.430000e-06	4.890971e-06	1.545393e-08	3.508761e+01	9.170938e+02
1.440000e-06	4.931307e-06	1.563830e-08	3.537698e+01	9.281119e+02
1.450000e-06	4.969999e-06	1.581135e-08	3.565456e+01	9.384292e+02
1.460000e-06	5.007075e-06	1.597187e-08	3.592054e+01	9.480664e+02
1.470000e-06	5.042447e-06	1.612274e-08	3.617429e+01	9.570411e+02
1.480000e-06	5.075897e-06	1.626533e-08	3.641426e+01	9.653693e+02
1.490000e-06	5.107480e-06	1.639524e-08	3.664084e+01	9.730664e+02
1.500000e-06	5.137402e-06	1.651151e-08	3.685550e+01	9.801499e+02
1.510000e-06	5.165647e-06	1.661685e-08	3.705812e+01	9.866414e+02
1.520000e-06	5.191959e-06	1.671434e-08	3.724689e+01	9.925689e+02
1.530000e-06	5.216250e-06	1.680419e-08	3.742115e+01	9.979658e+02
1.540000e-06	5.238707e-06	1.688589e-08	3.758226e+01	1.002870e+03
1.550000e-06	5.259450e-06	1.696320e-08	3.773106e+01	1.007317e+03
1.560000e-06	5.278413e-06	1.703525e-08	3.786710e+01	1.011342e+03
1.570000e-06	5.295415e-06	1.709863e-08	3.798908e+01	1.014967e+03
1.580000e-06	5.310488e-06	1.715229e-08	3.809721e+01	1.018207e+03
1.590000e-06	5.323693e-06	1.719857e-08	3.819194e+01	1.021065e+03
1.600000e-06	5.334824e-06	1.723983e-08	3.827179e+01	1.023541e+03
1.610000e-06	5.343801e-06	1.727392e-08	3.833619e+01	1.025632e+03
1.620000e-06	5.350837e-06	1.730022e-08	3.838667e+01	1.027344e+03
1.630000e-06	5.356109e-06	1.732263e-08	3.842449e+01	1.028690e+03
1.640000e-06	5.359583e-06	1.734289e-08	3.844942e+01	1.029694e+03
1.650000e-06	5.361059e-06	1.735805e-08	3.846000e+01	1.030386e+03
1.660000e-06	5.360682e-06	1.736608e-08	3.845730e+01	1.030797e+03
1.670000e-06	5.358724e-06	1.736808e-08	3.844325e+01	1.030955e+03
1.680000e-06	5.355150e-06	1.736568e-08	3.841761e+01	1.030878e+03
1.690000e-06	5.349789e-06	1.735749e-08	3.837915e+01	1.030572e+03
1.700000e-06	5.342525e-06	1.734587e-08	3.832704e+01	1.030033e+03
1.710000e-06	5.333562e-06	1.733209e-08	3.826274e+01	1.029253e+03
1.720000e-06	5.323024e-06	1.731417e-08	3.818714e+01	1.028227e+03
1.730000e-06	5.310702e-06	1.729695e-08	3.809875e+01	1.026956e+03
1.740000e-06	5.296410e-06	1.729269e-08	3.799622e+01	1.025454e+03
1.750000e-06	5.279986e-06	1.727118e-08	3.787839e+01	1.023743e+03
1.760000e-06	5.261149e-06	1.723442e-08	3.774325e+01	1.021855e+03
1.770000e-06	5.239791e-06	1.717215e-08	3.759003e+01	1.019821e+03
1.780000e-06	5.216418e-06	1.708649e-08	3.742236e+01	1.017666e+03
1.790000e-06	5.191823e-06	1.707344e-08	3.724591e+01	1.015407e+03
1.800000e-06	5.166145e-06	1.705675e-08	3.706170e+01	1.013046e+03
1.810000e-06	5.138786e-06	1.701480e-08	3.686543e+01	1.010578e+03
1.820000e-06	5.109551e-06	1.699305e-08	3.665570e+01	1.007989e+03
1.830000e-06	5.078598e-06	1.692149e-08	3.643364e+01	1.005266e+03
1.840000e-06	5.045763e-06	1.688031e-08	3.619808e+01	1.002395e+03
1.850000e-06	5.011185e-06	1.683414e-08	3.595002e+01	9.993690e+02
1.860000e-06	4.974913e-06	1.671755e-08	3.568981e+01	9.961851e+02
1.870000e-06	4.936628e-06	1.668888e-08	3.541515e+01	9.928447e+02
1.880000e-06	4.896600e-06	1.669136e-08	3.512799e+01	9.893508e+02
1.890000e-06	4.854964e-06	1.662741e-08	3.482930e+01	9.857066e+02
1.900000e-06	4.811676e-06	1.653924e-08	3.451875e+01	9.819141e+02
1.910000e-06	4.766820e-06	1.643771e-08	3.419696e+01	9.779737e+02
1.920000e-06	4.720085e-06	1.641553e-08	3.386168e+01	9.738849e+02
1.930000e-06	4.671530e-06	1.636934e-08	3.351335e+01	9.696466e+02
1.940000e-06	4.621348e-06	1.623678e-08	3.315335e+01	9.652576e+02
1.950000e-06	4.569399e-06	1.619115e-08	3.278067e+01	9.607165e+02
1.960000e-06	4.515544e-06	1.615631e-08	3.239432e+01	9.560221e+02
1.970000e-06	4.459776e-06	1.604577e-08	3.199424e+01	9.511734e+02
1.980000e-06	4.402457e-06	1.591688e-08	3.158303e+01	9.461706e+02
1.990000e-06	4.343740e-06	1.582788e-08	3.116180e+01	9.410158e+02
2.000000e-06	4.283507e-06	1.577673e-08	3.072969e+01	9.357136e+02
2.010000e-06	4.221667e-06	1.567629e-08	3.028606e+01	9.302714e+02
2.020000e-06	4.158159e-06	1.556672e-08	2.983045e+01	9.246978e+02
2.030000e-06	4.093194e-06	1.548475e-08	2.936439e+01	9.190004e+02
2.040000e-06	4.026808e-06	1.540487e-08	2.888815e+01	9.131831e+02
2.050000e-06	3.959052e-06	1.529952e-08	2.840206e+01	9.072435e+02
2.060000e-06	3.889887e-06	1.515449e-08	2.790588e+01	9.011726e+02
2.070000e-06	3.819075e-06	1.504995e-08	2.739788e+01	8.949560e+02
2.080000e-06	3.746801e-06	1.496980e-08	2.687938e+01	8.885776e+02
2.090000e-06	3.673166e-06	1.486441e-08	2.635113e+01	8.820242e+02
2.100000e-06	3.598179e-06	1.473847e-08	2.581318e+01	8.752897e+02
2.110000e-06	3.521803e-06	1.461880e-08	2.526526e+01	8.683776e+02
2.120000e-06	3.443889e-06	1.451814e-08	2.470631e+01	8.612999e+02
2.130000e-06	3.364621e-06	1.438402e-08	2.413765e+01	8.540734e+02
2.140000e-06	3.284214e-06	1.423340e-08	2.356081e+01	8.467142e+02
2.150000e-06	3.202711e-06	1.411097e-08	2.297611e+01	8.392319e+02
2.160000e-06	3.120131e-06	1.401045e-08	2.238369e+01	8.316260e+02
2.170000e-06	3.036561e-06	1.388403e-08	2.178415e+01	8.238856e+02
2.180000e-06	2.951944e-06	1.372771e-08	2.117712e+01	8.159927e+02
2.190000e-06	2.866116e-06	1.359148e-08	2.056139e+01	8.079285e+02
2.200000e-06	2.779106e-06	1.346840e-08	1.993719e+01	7.996787e+02
2.210000e-06	2.691087e-06	1.332378e-08	1.930574e+01	7.912391e+02
2.220000e-06	2.602207e-06	1.315997e-08	1.866812e+01	7.826151e+02
2.230000e-06	2.512458e-06	1.301309e-08	1.802427e+01	7.738197e+02
2.240000e-06	2.421927e-06	1.288352e-08	1.737480e+01	7.648669e+02
2.250000e-06	2.330725e-06	1.273151e-08	1.672052e+01	7.557653e+02
2.260000e-06	2.238812e-06	1.255743e-08	1.606114e+01	7.465134e+02
2.270000e-06	2.146016e-06	1.239648e-08	1.539543e+01	7.370983e+02
2.280000e-06	2.052204e-06	1.225199e-08	1.472242e+01	7.274987e+02
2.290000e-06	1.957550e-06	1.208937e-08	1.404337e+01	7.176917e+02
2.300000e-06	1.862213e-06	1.190354e-08	1.335944e+01	7.076596e+02
2.310000e-06	1.766290e-06	1.172890e-08	1.267129e+01	6.973955e+02
2.320000e-06	1.669859e-06	1.156737e-08	1.197950e+01	6.869051e+02
2.330000e-06	1.572892e-06	1.138901e-08	1.128386e+01	6.762038e+02
2.340000e-06	1.475333e-06	1.118875e-08	1.058397e+01	6.653098e+02
2.350000e-06	1.377222e-06	1.099850e-08	9.880128e+00	6.542369e+02
2.360000e-06	1.278713e-06	1.082510e-08	9.173434e+00	6.429871e+02
2.370000e-06	1.179872e-06	1.063666e-08	8.464353e+00	6.315482e+02
2.380000e-06	1.080649e-06	1.042834e-08	7.752527e+00	6.198956e+02
2.390000e-06	9.811094e-07	1.022424e-08	7.038436e+00	6.079986e+02
2.400000e-06	8.813066e-07	1.002776e-08	6.322455e+00	5.958281e+02
2.410000e-06	7.812231e-07	9.814445e-09	5.604461e+00	5.833637e+02
2.420000e-06	6.808718e-07	9.584237e-09	4.884545e+00	5.705982e+02
2.430000e-06	5.802432e-07	9.364809e-09	4.162639e+00	5.575357e+02
2.440000e-06	4.793606e-07	9.157499e-09	3.438912e+00	5.441867e+02
2.450000e-06	3.782752e-07	8.935597e-09	2.713730e+00	5.305596e+02
2.460000e-06	2.769976e-07	8.691168e-09	1.987169e+00	5.166526e+02
2.470000e-06	1.756180e-07	8.444907e-09	1.259876e+00	5.024481e+02
2.480000e-06	7.423857e-08	8.203757e-09	5.325842e-01	4.879118e+02
2.490000e-06	-2.716468e-08	7.951364e-09	-1.948782e-01	4.729967e+02
2.500000e-06	-1.285867e-07	7.682501e-09	-9.224756e-01	4.576507e+02
2.510000e-06	-2.299690e-07	7.414993e-09	-1.649787e+00	4.418258e+02
2.520000e-06	-3.312168e-07	7.155253e-09	-2.376135e+00	4.254863e+02
2.530000e-06	-4.322812e-07	6.880652e-09	-3.101167e+00	4.086136e+02
2.540000e-06	-5.331669e-07	6.579254e-09	-3.824916e+00	3.912063e+02
2.550000e-06	-6.338504e-07	6.267675e-09	-4.547215e+00	3.732776e+02
2.560000e-06	-7.342803e-07	5.958217e-09	-5.267695e+00	3.548487e+02
2.570000e-06	-8.344486e-07	5.641493e-09	-5.986298e+00	3.359423e+02
2.580000e-06	-9.342866e-07	5.309917e-09	-6.702531e+00	3.165764e+02
2.590000e-06	-1.033715e-06	4.974626e-09	-7.415826e+00	2.967609e+02
2.600000e-06	-1.132793e-06	4.642841e-09	-8.126610e+00	2.764964e+02
2.610000e-06	-1.231523e-06	4.300191e-09	-8.834896e+00	2.557753e+02
2.620000e-06	-1.329865e-06	3.937817e-09	-9.540394e+00	2.345837e+02
2.630000e-06	-1.427777e-06	3.567176e-09	-1.024281e+01	2.129040e+02
2.640000e-06	-1.525198e-06	3.196399e-09	-1.094170e+01	1.907166e+02
2.650000e-06	-1.622103e-06	2.816659e-09	-1.163689e+01	1.680010e+02
2.660000e-06	-1.718497e-06	2.420919e-09	-1.232843e+01	1.447357e+02
2.670000e-06	-1.814413e-06	2.018297e-09	-1.301652e+01	1.208987e+02
2.680000e-06	-1.909789e-06	1.612818e-09	-1.370074e+01	9.646781e+01
2.690000e-06	-2.004501e-06	1.195347e-09	-1.438020e+01	7.142211e+01
2.700000e-06	-2.098362e-06	7.573494e-10	-1.505356e+01	4.574379e+01
2.710000e-06	-2.191282e-06	3.069299e-10	-1.572016e+01	1.942104e+01
2.720000e-06	-2.283284e-06	-1.453021e-10	-1.638018e+01	-7.549144e+00
2.730000e-06	-2.374370e-06	-6.059254e-10	-1.703363e+01	-3.515842e+01
2.740000e-06	-2.464618e-06	-1.082223e-09	-1.768106e+01	-6.338541e+01
2.750000e-06	-2.554029e-06	-1.569769e-09	-1.832250e+01	-9.219503e+01
2.760000e-06	-2.642611e-06	-2.059557e-09	-1.895798e+01	-1.215389e+02
2.770000e-06	-2.730429e-06	-2.555503e-09	-1.958798e+01	-1.513564e+02
2.780000e-06	-2.817312e-06	-3.064893e-09	-2.021127e+01	-1.815768e+02
2.790000e-06	-2.903008e-06	-3.582490e-09	-2.082605e+01	-2.121209e+02
2.800000e-06	-2.987497e-06	-4.099178e-09	-2.143218e+01	-2.429026e+02
2.810000e-06	-3.070928e-06	-4.615350e-09	-2.203070e+01	-2.738307e+02
2.820000e-06	-3.153399e-06	-5.136141e-09	-2.262235e+01	-3.048097e+02
2.830000e-06	-3.234802e-06	-5.658503e-09	-2.320633e+01	-3.357408e+02
2.840000e-06	-3.315123e-06	-6.174823e-09	-2.378255e+01	-3.665232e+02
2.850000e-06	-3.394376e-06	-6.684915e-09	-2.435110e+01	-3.970550e+02
2.860000e-06	-3.472305e-06	-7.192785e-09	-2.491017e+01	-4.272361e+02
2.870000e-06	-3.548700e-06	-7.695762e-09	-2.545822e+01	-4.569699e+02
2.880000e-06	-3.623609e-06	-8.187729e-09	-2.599561e+01	-4.861670e+02
2.890000e-06	-3.697145e-06	-8.666355e-09	-2.652316e+01	-5.147472e+02
2.900000e-06	-3.769448e-06	-9.134613e-09	-2.704186e+01	-5.426418e+02
2.910000e-06	-3.840561e-06	-9.593064e-09	-2.755202e+01	-5.697947e+02
2.920000e-06	-3.910190e-06	-1.003687e-08	-2.805153e+01	-5.961614e+02
2.930000e-06	-3.978225e-06	-1.046503e-08	-2.853961e+01	-6.217080e+02
2.940000e-06	-4.044885e-06	-1.088006e-08	-2.901783e+01	-6.464086e+02
2.950000e-06	-4.110199e-06	-1.128138e-08	-2.948639e+01	-6.702432e+02
2.960000e-06	-4.174175e-06	-1.166784e-08	-2.994535e+01	-6.931958e+02
2.970000e-06	-4.236713e-06	-1.203898e-08	-3.039399e+01	-7.152533e+02
2.980000e-06	-4.297532e-06	-1.239459e-08	-3.083031e+01	-7.364053e+02
2.990000e-06	-4.356733e-06	-1.273608e-08	-3.125501e+01	-7.566455e+02
3.000000e-06	-4.414507e-06	-1.306283e-08	-3.166948e+01	-7.759720e+02
3.010000e-06	-4.470846e-06	-1.337340e-08	-3.207366e+01	-7.943882e+02
3.020000e-06	-4.525497e-06	-1.366870e-08	-3.246572e+01	-8.119033e+02
3.030000e-06	-4.578170e-06	-1.394800e-08	-3.284359e+01	-8.285313e+02
3.040000e-06	-4.628970e-06	-1.421114e-08	-3.320803e+01	-8.442906e+02
3.050000e-06	-4.677984e-06	-1.446057e-08	-3.355966e+01	-8.592027e+02
3.060000e-06	-4.725086e-06	-1.470037e-08	-3.389756e+01	-8.732909e+02
3.070000e-06	-4.770437e-06	-1.492762e-08	-3.422291e+01	-8.865800e+02
3.080000e-06	-4.814263e-06	-1.513884e-08	-3.453731e+01	-8.990950e+02
3.090000e-06	-4.856589e-06	-1.533510e-08	-3.484096e+01	-9.108613e+02
3.100000e-06	-4.897455e-06	-1.551976e-08	-3.513413e+01	-9.219032e+02
3.110000e-06	-4.936696e-06	-1.569356e-08	-3.541564e+01	-9.322436e+02
3.120000e-06	-4.974010e-06	-1.585587e-08	-3.568333e+01	-9.419032e+02
3.130000e-06	-5.009442e-06	-1.600855e-08	-3.593752e+01	-9.508998e+02
3.140000e-06	-5.043177e-06	-1.615179e-08	-3.617953e+01	-9.592493e+02
3.150000e-06	-5.075221e-06	-1.628514e-08	-3.640942e+01	-9.669671e+02
3.160000e-06	-5.105373e-06	-1.640554e-08	-3.662572e+01	-9.740706e+02
3.170000e-06	-5.133635e-06	-1.651494e-08	-3.682847e+01	-9.805813e+02
3.180000e-06	-5.160143e-06	-1.661633e-08	-3.701864e+01	-9.865268e+02
3.190000e-06	-5.184912e-06	-1.670852e-08	-3.719633e+01	-9.919404e+02
3.200000e-06	-5.207830e-06	-1.679025e-08	-3.736075e+01	-9.968596e+02
3.210000e-06	-5.228693e-06	-1.686391e-08	-3.751042e+01	-1.001322e+03
3.220000e-06	-5.247709e-06	-1.693297e-08	-3.764684e+01	-1.005359e+03
3.230000e-06	-5.265071e-06	-1.699472e-08	-3.777139e+01	-1.008997e+03
3.240000e-06	-5.280563e-06	-1.704639e-08	-3.788253e+01	-1.012249e+03
3.250000e-06	-5.293868e-06	-1.709290e-08	-3.797798e+01	-1.015119e+03
3.260000e-06	-5.305032e-06	-1.713549e-08	-3.805807e+01	-1.017607e+03
3.270000e-06	-5.314336e-06	-1.717097e-08	-3.812482e+01	-1.019710e+03
3.280000e-06	-5.321872e-06	-1.719870e-08	-3.817888e+01	-1.021434e+03
3.290000e-06	-5.327432e-06	-1.722161e-08	-3.821876e+01	-1.022792e+03
3.300000e-06	-5.331020e-06	-1.724033e-08	-3.824451e+01	-1.023805e+03
3.310000e-06	-5.332889e-06	-1.725121e-08	-3.825791e+01	-1.024506e+03
3.320000e-06	-5.333018e-06	-1.725565e-08	-3.825884e+01	-1.024925e+03
