# Temperatura_=_35.1
# Concentracion g/m^3_=_22500.0
# C_Vs_to_Am_M_A/Vsm_=_59384043850.047264
# pendiente_HvsI_1/m_=_3716.3
# ordenada_HvsI_A/m_=_1297.0
# frecuencia_Hz_=_301760.11235091

Tiempo_(s)	Campo_(V.s)	Magnetizacion_(V.s)	Campo_(kA/m)	Magnetizacion_(A/m)
0.000000e+00	-8.017520e-06	-2.656475e-08	-5.682607e+01	-1.577315e+03
1.000000e-08	-8.015474e-06	-2.655385e-08	-5.681157e+01	-1.577119e+03
2.000000e-08	-8.010687e-06	-2.654765e-08	-5.677764e+01	-1.576641e+03
3.000000e-08	-8.003324e-06	-2.654058e-08	-5.672546e+01	-1.575878e+03
4.000000e-08	-7.993219e-06	-2.652691e-08	-5.665384e+01	-1.574890e+03
5.000000e-08	-7.980311e-06	-2.651101e-08	-5.656234e+01	-1.573763e+03
6.000000e-08	-7.964466e-06	-2.649828e-08	-5.645004e+01	-1.572572e+03
7.000000e-08	-7.945863e-06	-2.649364e-08	-5.631819e+01	-1.571349e+03
8.000000e-08	-7.924918e-06	-2.648005e-08	-5.616973e+01	-1.570064e+03
9.000000e-08	-7.901271e-06	-2.637665e-08	-5.600213e+01	-1.568642e+03
1.000000e-07	-7.874370e-06	-2.631966e-08	-5.581146e+01	-1.567000e+03
1.100000e-07	-7.844312e-06	-2.635337e-08	-5.559842e+01	-1.565079e+03
1.200000e-07	-7.811490e-06	-2.635345e-08	-5.536579e+01	-1.562877e+03
1.300000e-07	-7.776010e-06	-2.629706e-08	-5.511432e+01	-1.560449e+03
1.400000e-07	-7.738068e-06	-2.624178e-08	-5.484540e+01	-1.557878e+03
1.500000e-07	-7.697979e-06	-2.627368e-08	-5.456126e+01	-1.555244e+03
1.600000e-07	-7.655508e-06	-2.618192e-08	-5.426023e+01	-1.552583e+03
1.700000e-07	-7.610208e-06	-2.610777e-08	-5.393915e+01	-1.549869e+03
1.800000e-07	-7.562204e-06	-2.606272e-08	-5.359892e+01	-1.547030e+03
1.900000e-07	-7.511324e-06	-2.592980e-08	-5.323829e+01	-1.543969e+03
2.000000e-07	-7.457340e-06	-2.596306e-08	-5.285567e+01	-1.540613e+03
2.100000e-07	-7.400558e-06	-2.592025e-08	-5.245321e+01	-1.536939e+03
2.200000e-07	-7.341095e-06	-2.581816e-08	-5.203175e+01	-1.532982e+03
2.300000e-07	-7.279067e-06	-2.576519e-08	-5.159212e+01	-1.528820e+03
2.400000e-07	-7.214424e-06	-2.569531e-08	-5.113394e+01	-1.524533e+03
2.500000e-07	-7.147022e-06	-2.566574e-08	-5.065621e+01	-1.520166e+03
2.600000e-07	-7.077019e-06	-2.551720e-08	-5.016005e+01	-1.515709e+03
2.700000e-07	-7.004425e-06	-2.541016e-08	-4.964553e+01	-1.511098e+03
2.800000e-07	-6.929060e-06	-2.537390e-08	-4.911136e+01	-1.506239e+03
2.900000e-07	-6.850883e-06	-2.531970e-08	-4.855726e+01	-1.501051e+03
3.000000e-07	-6.770005e-06	-2.520634e-08	-4.798401e+01	-1.495496e+03
3.100000e-07	-6.686730e-06	-2.505819e-08	-4.739378e+01	-1.489596e+03
3.200000e-07	-6.601285e-06	-2.501525e-08	-4.678817e+01	-1.483421e+03
3.300000e-07	-6.513586e-06	-2.491446e-08	-4.616659e+01	-1.477053e+03
3.400000e-07	-6.423543e-06	-2.478326e-08	-4.552838e+01	-1.470549e+03
3.500000e-07	-6.331196e-06	-2.465118e-08	-4.487385e+01	-1.463917e+03
3.600000e-07	-6.236563e-06	-2.453757e-08	-4.420312e+01	-1.457105e+03
3.700000e-07	-6.139574e-06	-2.444490e-08	-4.351568e+01	-1.450028e+03
3.800000e-07	-6.040288e-06	-2.430231e-08	-4.281197e+01	-1.442600e+03
3.900000e-07	-5.938930e-06	-2.415874e-08	-4.209358e+01	-1.434771e+03
4.000000e-07	-5.835510e-06	-2.402107e-08	-4.136056e+01	-1.426548e+03
4.100000e-07	-5.729889e-06	-2.392148e-08	-4.061195e+01	-1.417984e+03
4.200000e-07	-5.622126e-06	-2.377236e-08	-3.984815e+01	-1.409154e+03
4.300000e-07	-5.512424e-06	-2.359110e-08	-3.907061e+01	-1.400113e+03
4.400000e-07	-5.400807e-06	-2.342643e-08	-3.827950e+01	-1.390872e+03
4.500000e-07	-5.287086e-06	-2.328147e-08	-3.747348e+01	-1.381387e+03
4.600000e-07	-5.171209e-06	-2.312033e-08	-3.665217e+01	-1.371582e+03
4.700000e-07	-5.053298e-06	-2.292630e-08	-3.581645e+01	-1.361375e+03
4.800000e-07	-4.933570e-06	-2.275332e-08	-3.496785e+01	-1.350725e+03
4.900000e-07	-4.812064e-06	-2.259028e-08	-3.410665e+01	-1.339641e+03
5.000000e-07	-4.688736e-06	-2.241175e-08	-3.323253e+01	-1.328180e+03
5.100000e-07	-4.563676e-06	-2.219019e-08	-3.234613e+01	-1.316419e+03
5.200000e-07	-4.437066e-06	-2.197553e-08	-3.144876e+01	-1.304411e+03
5.300000e-07	-4.308924e-06	-2.177890e-08	-3.054052e+01	-1.292158e+03
5.400000e-07	-4.179152e-06	-2.157550e-08	-2.962073e+01	-1.279604e+03
5.500000e-07	-4.047840e-06	-2.134421e-08	-2.869003e+01	-1.266654e+03
5.600000e-07	-3.915088e-06	-2.110980e-08	-2.774912e+01	-1.253215e+03
5.700000e-07	-3.780890e-06	-2.089138e-08	-2.679796e+01	-1.239240e+03
5.800000e-07	-3.645353e-06	-2.065985e-08	-2.583730e+01	-1.224749e+03
5.900000e-07	-3.508498e-06	-2.040270e-08	-2.486731e+01	-1.209819e+03
6.000000e-07	-3.370245e-06	-2.013501e-08	-2.388741e+01	-1.194554e+03
6.100000e-07	-3.230669e-06	-1.988535e-08	-2.289814e+01	-1.179025e+03
6.200000e-07	-3.089775e-06	-1.962869e-08	-2.189951e+01	-1.163240e+03
6.300000e-07	-2.947586e-06	-1.934751e-08	-2.089172e+01	-1.147123e+03
6.400000e-07	-2.804232e-06	-1.905285e-08	-1.987566e+01	-1.130546e+03
6.500000e-07	-2.659874e-06	-1.876640e-08	-1.885249e+01	-1.113376e+03
6.600000e-07	-2.514560e-06	-1.847720e-08	-1.782254e+01	-1.095539e+03
6.700000e-07	-2.368265e-06	-1.816503e-08	-1.678564e+01	-1.077047e+03
6.800000e-07	-2.221078e-06	-1.784112e-08	-1.574242e+01	-1.058002e+03
6.900000e-07	-2.073168e-06	-1.752154e-08	-1.469407e+01	-1.038543e+03
7.000000e-07	-1.924665e-06	-1.720334e-08	-1.364152e+01	-1.018779e+03
7.100000e-07	-1.775565e-06	-1.686123e-08	-1.258474e+01	-9.987305e+02
7.200000e-07	-1.625896e-06	-1.650222e-08	-1.152392e+01	-9.782977e+02
7.300000e-07	-1.475634e-06	-1.614251e-08	-1.045891e+01	-9.572925e+02
7.400000e-07	-1.324807e-06	-1.578124e-08	-9.389887e+00	-9.355061e+02
7.500000e-07	-1.173503e-06	-1.539997e-08	-8.317480e+00	-9.127945e+02
7.600000e-07	-1.021732e-06	-1.499724e-08	-7.241765e+00	-8.891387e+02
7.700000e-07	-8.696183e-07	-1.459212e-08	-6.163626e+00	-8.646493e+02
7.800000e-07	-7.172339e-07	-1.418370e-08	-5.083566e+00	-8.395055e+02
7.900000e-07	-5.645969e-07	-1.375673e-08	-4.001715e+00	-8.138488e+02
8.000000e-07	-4.117680e-07	-1.330431e-08	-2.918503e+00	-7.876742e+02
8.100000e-07	-2.587749e-07	-1.284219e-08	-1.834129e+00	-7.607682e+02
8.200000e-07	-1.056635e-07	-1.236838e-08	-7.489150e-01	-7.327264e+02
8.300000e-07	4.752254e-08	-1.186277e-08	3.368273e-01	-7.030518e+02
8.400000e-07	2.006744e-07	-1.131922e-08	1.422328e+00	-6.712943e+02
8.500000e-07	3.537223e-07	-1.074844e-08	2.507090e+00	-6.371696e+02
8.600000e-07	5.066226e-07	-1.014972e-08	3.590808e+00	-6.005906e+02
8.700000e-07	6.593226e-07	-9.505437e-09	4.673106e+00	-5.615746e+02
8.800000e-07	8.118105e-07	-8.801892e-09	5.753900e+00	-5.200372e+02
8.900000e-07	9.640315e-07	-8.036750e-09	6.832802e+00	-4.755380e+02
9.000000e-07	1.115940e-06	-7.203895e-09	7.909489e+00	-4.270794e+02
9.100000e-07	1.267460e-06	-6.275018e-09	8.983424e+00	-3.730609e+02
9.200000e-07	1.418497e-06	-5.220186e-09	1.005394e+01	-3.114553e+02
9.300000e-07	1.568989e-06	-4.015348e-09	1.112058e+01	-2.402032e+02
9.400000e-07	1.718958e-06	-2.639506e-09	1.218352e+01	-1.577462e+02
9.500000e-07	1.868307e-06	-1.067374e-09	1.324207e+01	-6.356097e+01
9.600000e-07	2.016944e-06	7.071887e-10	1.429557e+01	4.146586e+01
9.700000e-07	2.164944e-06	2.647116e-09	1.534455e+01	1.549459e+02
9.800000e-07	2.312217e-06	4.675328e-09	1.638839e+01	2.732335e+02
9.900000e-07	2.458619e-06	6.698166e-09	1.742604e+01	3.919629e+02
1.000000e-06	2.604141e-06	8.636631e-09	1.845747e+01	5.067506e+02
1.010000e-06	2.748786e-06	1.042538e-08	1.948267e+01	6.138878e+02
1.020000e-06	2.892432e-06	1.202972e-08	2.050080e+01	7.108524e+02
1.030000e-06	3.034938e-06	1.344583e-08	2.151085e+01	7.965286e+02
1.040000e-06	3.176203e-06	1.469342e-08	2.251209e+01	8.711066e+02
1.050000e-06	3.316228e-06	1.579072e-08	2.350456e+01	9.357266e+02
1.060000e-06	3.455001e-06	1.675066e-08	2.448814e+01	9.919970e+02
1.070000e-06	3.592441e-06	1.759093e-08	2.546228e+01	1.041532e+03
1.080000e-06	3.728553e-06	1.833440e-08	2.642700e+01	1.085630e+03
1.090000e-06	3.863318e-06	1.899670e-08	2.738218e+01	1.125151e+03
1.100000e-06	3.996713e-06	1.958062e-08	2.832765e+01	1.160574e+03
1.110000e-06	4.128695e-06	2.009488e-08	2.926310e+01	1.192175e+03
1.120000e-06	4.259151e-06	2.055670e-08	3.018774e+01	1.220219e+03
1.130000e-06	4.388084e-06	2.098029e-08	3.110158e+01	1.245086e+03
1.140000e-06	4.515488e-06	2.136519e-08	3.200459e+01	1.267302e+03
1.150000e-06	4.641313e-06	2.171265e-08	3.289640e+01	1.287460e+03
1.160000e-06	4.765532e-06	2.203028e-08	3.377684e+01	1.306103e+03
1.170000e-06	4.888002e-06	2.232642e-08	3.464487e+01	1.323614e+03
1.180000e-06	5.008694e-06	2.259991e-08	3.550031e+01	1.340161e+03
1.190000e-06	5.127610e-06	2.285103e-08	3.634315e+01	1.355733e+03
1.200000e-06	5.244586e-06	2.308580e-08	3.717225e+01	1.370232e+03
1.210000e-06	5.359474e-06	2.330989e-08	3.798655e+01	1.383578e+03
1.220000e-06	5.472300e-06	2.352097e-08	3.878622e+01	1.395798e+03
1.230000e-06	5.583161e-06	2.371598e-08	3.957198e+01	1.407047e+03
1.240000e-06	5.692095e-06	2.389834e-08	4.034407e+01	1.417569e+03
1.250000e-06	5.799029e-06	2.407283e-08	4.110199e+01	1.427611e+03
1.260000e-06	5.903802e-06	2.423868e-08	4.184460e+01	1.437346e+03
1.270000e-06	6.006420e-06	2.439381e-08	4.257192e+01	1.446821e+03
1.280000e-06	6.106886e-06	2.453968e-08	4.328400e+01	1.455962e+03
1.290000e-06	6.205084e-06	2.467913e-08	4.398001e+01	1.464635e+03
1.300000e-06	6.301045e-06	2.481154e-08	4.466015e+01	1.472715e+03
1.310000e-06	6.394851e-06	2.493565e-08	4.532502e+01	1.480159e+03
1.320000e-06	6.486428e-06	2.505489e-08	4.597409e+01	1.487029e+03
1.330000e-06	6.575674e-06	2.516821e-08	4.660665e+01	1.493468e+03
1.340000e-06	6.662622e-06	2.527457e-08	4.722292e+01	1.499647e+03
1.350000e-06	6.747350e-06	2.537457e-08	4.782344e+01	1.505688e+03
1.360000e-06	6.829692e-06	2.547090e-08	4.840706e+01	1.511628e+03
1.370000e-06	6.909491e-06	2.556371e-08	4.897266e+01	1.517406e+03
1.380000e-06	6.986758e-06	2.565299e-08	4.952031e+01	1.522905e+03
1.390000e-06	7.061402e-06	2.573862e-08	5.004936e+01	1.528010e+03
1.400000e-06	7.133434e-06	2.581980e-08	5.055991e+01	1.532664e+03
1.410000e-06	7.202953e-06	2.589491e-08	5.105264e+01	1.536901e+03
1.420000e-06	7.269881e-06	2.596267e-08	5.152700e+01	1.540830e+03
1.430000e-06	7.334193e-06	2.602609e-08	5.198283e+01	1.544591e+03
1.440000e-06	7.396038e-06	2.608931e-08	5.242117e+01	1.548295e+03
1.450000e-06	7.455289e-06	2.615233e-08	5.284113e+01	1.551978e+03
1.460000e-06	7.511858e-06	2.621193e-08	5.324208e+01	1.555589e+03
1.470000e-06	7.565606e-06	2.626770e-08	5.362303e+01	1.559012e+03
1.480000e-06	7.616188e-06	2.631953e-08	5.398154e+01	1.562123e+03
1.490000e-06	7.663831e-06	2.636616e-08	5.431922e+01	1.564840e+03
1.500000e-06	7.708807e-06	2.640432e-08	5.463800e+01	1.567164e+03
1.510000e-06	7.750953e-06	2.643625e-08	5.493672e+01	1.569176e+03
1.520000e-06	7.790275e-06	2.646735e-08	5.521543e+01	1.571003e+03
1.530000e-06	7.826957e-06	2.649887e-08	5.547541e+01	1.572766e+03
1.540000e-06	7.860883e-06	2.652877e-08	5.571587e+01	1.574528e+03
1.550000e-06	7.892033e-06	2.655448e-08	5.593666e+01	1.576275e+03
1.560000e-06	7.920529e-06	2.657824e-08	5.613863e+01	1.577919e+03
1.570000e-06	7.946177e-06	2.660030e-08	5.632041e+01	1.579348e+03
1.580000e-06	7.968939e-06	2.661756e-08	5.648175e+01	1.580469e+03
1.590000e-06	7.989080e-06	2.662883e-08	5.662450e+01	1.581252e+03
1.600000e-06	8.006423e-06	2.663668e-08	5.674742e+01	1.581741e+03
1.610000e-06	8.020704e-06	2.664336e-08	5.684864e+01	1.582035e+03
1.620000e-06	8.031864e-06	2.664738e-08	5.692774e+01	1.582242e+03
1.630000e-06	8.040013e-06	2.664905e-08	5.698550e+01	1.582436e+03
1.640000e-06	8.045382e-06	2.664998e-08	5.702355e+01	1.582626e+03
1.650000e-06	8.047914e-06	2.664870e-08	5.704150e+01	1.582755e+03
1.660000e-06	8.047638e-06	2.664683e-08	5.703955e+01	1.582728e+03
1.670000e-06	8.044764e-06	2.664423e-08	5.701918e+01	1.582455e+03
1.680000e-06	8.039172e-06	2.663340e-08	5.697954e+01	1.581893e+03
1.690000e-06	8.030884e-06	2.661941e-08	5.692080e+01	1.581058e+03
1.700000e-06	8.019940e-06	2.660410e-08	5.684323e+01	1.580020e+03
1.710000e-06	8.006132e-06	2.658073e-08	5.674536e+01	1.578869e+03
1.720000e-06	7.989727e-06	2.654282e-08	5.662909e+01	1.577669e+03
1.730000e-06	7.971066e-06	2.649751e-08	5.649682e+01	1.576433e+03
1.740000e-06	7.949898e-06	2.656098e-08	5.634679e+01	1.575118e+03
1.750000e-06	7.925595e-06	2.656936e-08	5.617454e+01	1.573641e+03
1.760000e-06	7.897640e-06	2.647170e-08	5.597640e+01	1.571923e+03
1.770000e-06	7.866190e-06	2.641149e-08	5.575349e+01	1.569919e+03
1.780000e-06	7.832054e-06	2.639178e-08	5.551154e+01	1.567645e+03
1.790000e-06	7.795465e-06	2.630744e-08	5.525221e+01	1.565167e+03
1.800000e-06	7.756537e-06	2.624867e-08	5.497629e+01	1.562571e+03
1.810000e-06	7.715659e-06	2.631301e-08	5.468657e+01	1.559928e+03
1.820000e-06	7.672386e-06	2.614088e-08	5.437986e+01	1.557257e+03
1.830000e-06	7.626380e-06	2.618565e-08	5.405378e+01	1.554517e+03
1.840000e-06	7.577665e-06	2.618615e-08	5.370850e+01	1.551623e+03
1.850000e-06	7.525832e-06	2.602406e-08	5.334112e+01	1.548484e+03
1.860000e-06	7.471056e-06	2.604471e-08	5.295288e+01	1.545036e+03
1.870000e-06	7.413610e-06	2.587533e-08	5.254572e+01	1.541276e+03
1.880000e-06	7.353496e-06	2.589236e-08	5.211965e+01	1.537252e+03
1.890000e-06	7.290756e-06	2.580475e-08	5.167496e+01	1.533047e+03
1.900000e-06	7.225303e-06	2.569553e-08	5.121105e+01	1.528734e+03
1.910000e-06	7.157135e-06	2.572052e-08	5.072789e+01	1.524345e+03
1.920000e-06	7.086148e-06	2.557289e-08	5.022476e+01	1.519853e+03
1.930000e-06	7.012530e-06	2.552625e-08	4.970297e+01	1.515181e+03
1.940000e-06	6.936267e-06	2.537677e-08	4.916244e+01	1.510234e+03
1.950000e-06	6.857285e-06	2.531504e-08	4.860263e+01	1.504943e+03
1.960000e-06	6.775862e-06	2.524317e-08	4.802553e+01	1.499284e+03
1.970000e-06	6.692015e-06	2.510469e-08	4.743124e+01	1.493298e+03
1.980000e-06	6.605719e-06	2.506874e-08	4.681960e+01	1.487059e+03
1.990000e-06	6.517046e-06	2.491083e-08	4.619111e+01	1.480648e+03
2.000000e-06	6.426154e-06	2.483600e-08	4.554689e+01	1.474110e+03
2.010000e-06	6.332977e-06	2.468930e-08	4.488648e+01	1.467434e+03
2.020000e-06	6.237472e-06	2.457358e-08	4.420956e+01	1.460555e+03
2.030000e-06	6.139783e-06	2.445829e-08	4.351717e+01	1.453385e+03
2.040000e-06	6.039859e-06	2.432346e-08	4.280894e+01	1.445845e+03
2.050000e-06	5.937689e-06	2.421341e-08	4.208478e+01	1.437901e+03
2.060000e-06	5.833341e-06	2.404138e-08	4.134519e+01	1.429574e+03
2.070000e-06	5.727047e-06	2.392295e-08	4.059180e+01	1.420926e+03
2.080000e-06	5.618811e-06	2.375899e-08	3.982466e+01	1.412032e+03
2.090000e-06	5.508453e-06	2.362547e-08	3.904247e+01	1.402935e+03
2.100000e-06	5.395989e-06	2.345235e-08	3.824536e+01	1.393631e+03
2.110000e-06	5.281465e-06	2.328987e-08	3.743363e+01	1.384063e+03
2.120000e-06	5.164873e-06	2.311733e-08	3.660726e+01	1.374150e+03
2.130000e-06	5.046146e-06	2.293653e-08	3.576576e+01	1.363819e+03
2.140000e-06	4.925554e-06	2.275360e-08	3.491103e+01	1.353041e+03
2.150000e-06	4.803257e-06	2.256909e-08	3.404422e+01	1.341842e+03
2.160000e-06	4.679228e-06	2.240145e-08	3.316514e+01	1.330288e+03
2.170000e-06	4.553525e-06	2.220027e-08	3.227419e+01	1.318452e+03
2.180000e-06	4.426181e-06	2.199611e-08	3.137161e+01	1.306377e+03
2.190000e-06	4.297295e-06	2.177054e-08	3.045810e+01	1.294046e+03
2.200000e-06	4.166924e-06	2.156067e-08	2.953407e+01	1.281389e+03
2.210000e-06	4.035090e-06	2.132687e-08	2.859966e+01	1.268307e+03
2.220000e-06	3.901784e-06	2.109750e-08	2.765482e+01	1.254718e+03
2.230000e-06	3.767021e-06	2.086181e-08	2.669966e+01	1.240590e+03
2.240000e-06	3.630863e-06	2.063165e-08	2.573460e+01	1.225964e+03
2.250000e-06	3.493400e-06	2.038506e-08	2.476030e+01	1.210928e+03
2.260000e-06	3.354648e-06	2.011745e-08	2.377686e+01	1.195582e+03
2.270000e-06	3.214653e-06	1.985074e-08	2.278462e+01	1.179983e+03
2.280000e-06	3.073454e-06	1.957989e-08	2.178383e+01	1.164114e+03
2.290000e-06	2.931034e-06	1.930841e-08	2.077440e+01	1.147880e+03
2.300000e-06	2.787454e-06	1.901613e-08	1.975674e+01	1.131145e+03
2.310000e-06	2.642927e-06	1.872329e-08	1.873237e+01	1.113789e+03
2.320000e-06	2.497523e-06	1.842125e-08	1.770179e+01	1.095759e+03
2.330000e-06	2.351211e-06	1.811429e-08	1.666477e+01	1.077096e+03
2.340000e-06	2.204075e-06	1.779099e-08	1.562191e+01	1.057918e+03
2.350000e-06	2.056177e-06	1.746250e-08	1.457364e+01	1.038364e+03
2.360000e-06	1.907604e-06	1.713267e-08	1.352059e+01	1.018522e+03
2.370000e-06	1.758370e-06	1.679307e-08	1.246287e+01	9.983783e+02
2.380000e-06	1.608514e-06	1.643881e-08	1.140073e+01	9.778036e+02
2.390000e-06	1.458063e-06	1.607076e-08	1.033437e+01	9.565952e+02
2.400000e-06	1.307040e-06	1.569649e-08	9.263958e+00	9.345544e+02
2.410000e-06	1.155563e-06	1.531229e-08	8.190325e+00	9.115687e+02
2.420000e-06	1.003710e-06	1.491268e-08	7.114030e+00	8.876588e+02
2.430000e-06	8.515012e-07	1.450329e-08	6.035217e+00	8.629636e+02
2.440000e-06	6.989812e-07	1.408814e-08	4.954195e+00	8.376633e+02
2.450000e-06	5.462321e-07	1.366025e-08	3.871549e+00	8.118677e+02
2.460000e-06	3.933120e-07	1.321036e-08	2.787692e+00	7.855152e+02
2.470000e-06	2.402789e-07	1.273516e-08	1.703034e+00	7.583324e+02
2.480000e-06	8.715499e-08	1.224615e-08	6.177317e-01	7.298755e+02
2.490000e-06	-6.600173e-08	1.173557e-08	-4.678029e-01	6.996461e+02
2.500000e-06	-2.191204e-07	1.119585e-08	-1.553068e+00	6.672322e+02
2.510000e-06	-3.721720e-07	1.062147e-08	-2.637857e+00	6.324077e+02
2.520000e-06	-5.250636e-07	1.001314e-08	-3.721513e+00	5.951304e+02
2.530000e-06	-6.777611e-07	9.360577e-09	-4.803792e+00	5.554134e+02
2.540000e-06	-8.302136e-07	8.648986e-09	-5.884336e+00	5.130963e+02
2.550000e-06	-9.823317e-07	7.871076e-09	-6.962509e+00	4.675948e+02
2.560000e-06	-1.134105e-06	7.016458e-09	-8.038239e+00	4.177349e+02
2.570000e-06	-1.285445e-06	6.070080e-09	-9.110896e+00	3.617659e+02
2.580000e-06	-1.436288e-06	4.999419e-09	-1.018003e+01	2.976030e+02
2.590000e-06	-1.586586e-06	3.772159e-09	-1.124531e+01	2.232724e+02
2.600000e-06	-1.736300e-06	2.363090e-09	-1.230644e+01	1.374612e+02
2.610000e-06	-1.885415e-06	7.581677e-10	-1.336333e+01	4.002105e+01
2.620000e-06	-2.033807e-06	-1.039461e-09	-1.441509e+01	-6.772716e+01
2.630000e-06	-2.181452e-06	-2.991132e-09	-1.546156e+01	-1.829964e+02
2.640000e-06	-2.328363e-06	-5.017795e-09	-1.650282e+01	-3.018704e+02
2.650000e-06	-2.474450e-06	-7.025264e-09	-1.753825e+01	-4.199034e+02
2.660000e-06	-2.619671e-06	-8.930400e-09	-1.856754e+01	-5.328393e+02
2.670000e-06	-2.763943e-06	-1.067578e-08	-1.959010e+01	-6.372671e+02
2.680000e-06	-2.907133e-06	-1.223794e-08	-2.060499e+01	-7.310588e+02
2.690000e-06	-3.049225e-06	-1.361679e-08	-2.161211e+01	-8.134949e+02
2.700000e-06	-3.190108e-06	-1.482828e-08	-2.261065e+01	-8.850815e+02
2.710000e-06	-3.329734e-06	-1.589327e-08	-2.360028e+01	-9.471438e+02
2.720000e-06	-3.468149e-06	-1.682904e-08	-2.458133e+01	-1.001335e+03
2.730000e-06	-3.605299e-06	-1.765175e-08	-2.555341e+01	-1.049202e+03
2.740000e-06	-3.741110e-06	-1.837432e-08	-2.651600e+01	-1.091924e+03
2.750000e-06	-3.875485e-06	-1.901340e-08	-2.746842e+01	-1.130237e+03
2.760000e-06	-4.008427e-06	-1.958014e-08	-2.841068e+01	-1.164544e+03
2.770000e-06	-4.139893e-06	-2.008328e-08	-2.934247e+01	-1.195099e+03
2.780000e-06	-4.269892e-06	-2.053419e-08	-3.026387e+01	-1.222189e+03
2.790000e-06	-4.398477e-06	-2.094463e-08	-3.117525e+01	-1.246241e+03
2.800000e-06	-4.525563e-06	-2.132056e-08	-3.207600e+01	-1.267807e+03
2.810000e-06	-4.650988e-06	-2.166326e-08	-3.296498e+01	-1.287483e+03
2.820000e-06	-4.774734e-06	-2.197832e-08	-3.384206e+01	-1.305773e+03
2.830000e-06	-4.896816e-06	-2.226970e-08	-3.470735e+01	-1.323000e+03
2.840000e-06	-5.017101e-06	-2.253918e-08	-3.555989e+01	-1.339275e+03
2.850000e-06	-5.135423e-06	-2.278661e-08	-3.639853e+01	-1.354553e+03
2.860000e-06	-5.251713e-06	-2.301663e-08	-3.722277e+01	-1.368726e+03
2.870000e-06	-5.365915e-06	-2.323441e-08	-3.803220e+01	-1.381742e+03
2.880000e-06	-5.477930e-06	-2.344043e-08	-3.882613e+01	-1.393664e+03
2.890000e-06	-5.587828e-06	-2.363376e-08	-3.960506e+01	-1.404679e+03
2.900000e-06	-5.695777e-06	-2.381360e-08	-4.037017e+01	-1.415040e+03
2.910000e-06	-5.801858e-06	-2.398302e-08	-4.112205e+01	-1.424982e+03
2.920000e-06	-5.905926e-06	-2.414580e-08	-4.185965e+01	-1.434644e+03
2.930000e-06	-6.007768e-06	-2.430124e-08	-4.258148e+01	-1.444035e+03
2.940000e-06	-6.107381e-06	-2.444894e-08	-4.328751e+01	-1.453057e+03
2.950000e-06	-6.204865e-06	-2.458966e-08	-4.397846e+01	-1.461571e+03
2.960000e-06	-6.300231e-06	-2.472437e-08	-4.465438e+01	-1.469469e+03
2.970000e-06	-6.393341e-06	-2.485125e-08	-4.531432e+01	-1.476738e+03
2.980000e-06	-6.484148e-06	-2.496806e-08	-4.595794e+01	-1.483468e+03
2.990000e-06	-6.572774e-06	-2.507854e-08	-4.658609e+01	-1.489817e+03
3.000000e-06	-6.659058e-06	-2.518704e-08	-4.719765e+01	-1.495946e+03
3.010000e-06	-6.742875e-06	-2.529178e-08	-4.779173e+01	-1.501959e+03
3.020000e-06	-6.824384e-06	-2.538842e-08	-4.836944e+01	-1.507863e+03
3.030000e-06	-6.903483e-06	-2.548027e-08	-4.893007e+01	-1.513574e+03
3.040000e-06	-6.979860e-06	-2.556789e-08	-4.947142e+01	-1.518971e+03
3.050000e-06	-7.053505e-06	-2.564825e-08	-4.999339e+01	-1.523949e+03
3.060000e-06	-7.124579e-06	-2.572124e-08	-5.049714e+01	-1.528477e+03
3.070000e-06	-7.193095e-06	-2.579198e-08	-5.098276e+01	-1.532612e+03
3.080000e-06	-7.259085e-06	-2.586292e-08	-5.145049e+01	-1.536479e+03
3.090000e-06	-7.322569e-06	-2.593200e-08	-5.190045e+01	-1.540215e+03
3.100000e-06	-7.383404e-06	-2.599554e-08	-5.233163e+01	-1.543913e+03
3.110000e-06	-7.441535e-06	-2.605546e-08	-5.274364e+01	-1.547585e+03
3.120000e-06	-7.496963e-06	-2.611328e-08	-5.313650e+01	-1.551155e+03
3.130000e-06	-7.549587e-06	-2.616501e-08	-5.350949e+01	-1.554501e+03
3.140000e-06	-7.599164e-06	-2.620901e-08	-5.386088e+01	-1.557505e+03
3.150000e-06	-7.645659e-06	-2.624928e-08	-5.419042e+01	-1.560106e+03
3.160000e-06	-7.689551e-06	-2.629009e-08	-5.450152e+01	-1.562330e+03
3.170000e-06	-7.730995e-06	-2.633001e-08	-5.479526e+01	-1.564275e+03
3.180000e-06	-7.769722e-06	-2.636674e-08	-5.506975e+01	-1.566073e+03
3.190000e-06	-7.805753e-06	-2.639962e-08	-5.532513e+01	-1.567832e+03
3.200000e-06	-7.839147e-06	-2.643009e-08	-5.556181e+01	-1.569595e+03
3.210000e-06	-7.869681e-06	-2.645782e-08	-5.577823e+01	-1.571324e+03
3.220000e-06	-7.897300e-06	-2.648102e-08	-5.597398e+01	-1.572919e+03
3.230000e-06	-7.922181e-06	-2.649997e-08	-5.615033e+01	-1.574267e+03
3.240000e-06	-7.944230e-06	-2.651708e-08	-5.630662e+01	-1.575291e+03
3.250000e-06	-7.963418e-06	-2.653275e-08	-5.644262e+01	-1.575982e+03
3.260000e-06	-7.979879e-06	-2.654401e-08	-5.655929e+01	-1.576404e+03
3.270000e-06	-7.993329e-06	-2.655212e-08	-5.665461e+01	-1.576663e+03
3.280000e-06	-8.003648e-06	-2.656035e-08	-5.672776e+01	-1.576861e+03
3.290000e-06	-8.011096e-06	-2.656607e-08	-5.678054e+01	-1.577056e+03
3.300000e-06	-8.015729e-06	-2.656804e-08	-5.681338e+01	-1.577237e+03
3.310000e-06	-8.017574e-06	-2.656769e-08	-5.682646e+01	-1.577332e+03
