# Temperatura_=_48.98
# Concentracion g/m^3_=_22500.0
# C_Vs_to_Am_M_A/Vsm_=_59384043850.047264
# pendiente_HvsI_1/m_=_3716.3
# ordenada_HvsI_A/m_=_1297.0
# frecuencia_Hz_=_301756.5453333629

Tiempo_(s)	Campo_(V.s)	Magnetizacion_(V.s)	Campo_(kA/m)	Magnetizacion_(A/m)
0.000000e+00	-7.966992e-06	-2.603751e-08	-5.682610e+01	-1.546262e+03
1.000000e-08	-7.964814e-06	-2.602281e-08	-5.681056e+01	-1.545926e+03
2.000000e-08	-7.959894e-06	-2.601318e-08	-5.677547e+01	-1.545329e+03
3.000000e-08	-7.952493e-06	-2.600557e-08	-5.672268e+01	-1.544528e+03
4.000000e-08	-7.942380e-06	-2.599454e-08	-5.665054e+01	-1.543610e+03
5.000000e-08	-7.929419e-06	-2.598067e-08	-5.655810e+01	-1.542651e+03
6.000000e-08	-7.913521e-06	-2.597010e-08	-5.644471e+01	-1.541674e+03
7.000000e-08	-7.894869e-06	-2.597147e-08	-5.631166e+01	-1.540642e+03
8.000000e-08	-7.873866e-06	-2.596373e-08	-5.616185e+01	-1.539467e+03
9.000000e-08	-7.850211e-06	-2.584451e-08	-5.599313e+01	-1.538057e+03
1.000000e-07	-7.823279e-06	-2.578188e-08	-5.580103e+01	-1.536349e+03
1.100000e-07	-7.793134e-06	-2.582613e-08	-5.558602e+01	-1.534348e+03
1.200000e-07	-7.760276e-06	-2.583051e-08	-5.535166e+01	-1.532119e+03
1.300000e-07	-7.724802e-06	-2.576946e-08	-5.509863e+01	-1.529763e+03
1.400000e-07	-7.686893e-06	-2.571277e-08	-5.482824e+01	-1.527372e+03
1.500000e-07	-7.646898e-06	-2.576107e-08	-5.454297e+01	-1.524982e+03
1.600000e-07	-7.604599e-06	-2.565090e-08	-5.424126e+01	-1.522560e+03
1.700000e-07	-7.559542e-06	-2.558669e-08	-5.391988e+01	-1.520015e+03
1.800000e-07	-7.511804e-06	-2.555271e-08	-5.357938e+01	-1.517236e+03
1.900000e-07	-7.461185e-06	-2.540163e-08	-5.321833e+01	-1.514139e+03
2.000000e-07	-7.407426e-06	-2.546041e-08	-5.283489e+01	-1.510708e+03
2.100000e-07	-7.350965e-06	-2.540992e-08	-5.243217e+01	-1.507000e+03
2.200000e-07	-7.291848e-06	-2.529996e-08	-5.201050e+01	-1.503116e+03
2.300000e-07	-7.230107e-06	-2.525323e-08	-5.157013e+01	-1.499160e+03
2.400000e-07	-7.165742e-06	-2.518970e-08	-5.111103e+01	-1.495189e+03
2.500000e-07	-7.098557e-06	-2.517422e-08	-5.063182e+01	-1.491180e+03
2.600000e-07	-7.028779e-06	-2.501166e-08	-5.013411e+01	-1.487043e+03
2.700000e-07	-6.956425e-06	-2.491516e-08	-4.961804e+01	-1.482649e+03
2.800000e-07	-6.881363e-06	-2.489461e-08	-4.908264e+01	-1.477892e+03
2.900000e-07	-6.803606e-06	-2.483820e-08	-4.852802e+01	-1.472725e+03
3.000000e-07	-6.723186e-06	-2.471740e-08	-4.795441e+01	-1.467184e+03
3.100000e-07	-6.640267e-06	-2.457460e-08	-4.736297e+01	-1.461370e+03
3.200000e-07	-6.555112e-06	-2.455327e-08	-4.675559e+01	-1.455401e+03
3.300000e-07	-6.467795e-06	-2.444401e-08	-4.613278e+01	-1.449359e+03
3.400000e-07	-6.378207e-06	-2.430626e-08	-4.549378e+01	-1.443253e+03
3.500000e-07	-6.286298e-06	-2.418002e-08	-4.483823e+01	-1.437009e+03
3.600000e-07	-6.192173e-06	-2.407762e-08	-4.416686e+01	-1.430504e+03
3.700000e-07	-6.095820e-06	-2.399562e-08	-4.347960e+01	-1.423614e+03
3.800000e-07	-5.997146e-06	-2.385024e-08	-4.277580e+01	-1.416270e+03
3.900000e-07	-5.896267e-06	-2.371089e-08	-4.205625e+01	-1.408483e+03
4.000000e-07	-5.793332e-06	-2.358010e-08	-4.132205e+01	-1.400339e+03
4.100000e-07	-5.688353e-06	-2.348380e-08	-4.057327e+01	-1.391957e+03
4.200000e-07	-5.581203e-06	-2.332240e-08	-3.980900e+01	-1.383432e+03
4.300000e-07	-5.472018e-06	-2.314263e-08	-3.903022e+01	-1.374793e+03
4.400000e-07	-5.360977e-06	-2.299721e-08	-3.823820e+01	-1.365980e+03
4.500000e-07	-5.247918e-06	-2.286574e-08	-3.743178e+01	-1.356876e+03
4.600000e-07	-5.132745e-06	-2.270709e-08	-3.661029e+01	-1.347350e+03
4.700000e-07	-5.015526e-06	-2.251402e-08	-3.577420e+01	-1.337321e+03
4.800000e-07	-4.896429e-06	-2.234972e-08	-3.492472e+01	-1.326789e+03
4.900000e-07	-4.775537e-06	-2.218769e-08	-3.406243e+01	-1.315837e+03
5.000000e-07	-4.652906e-06	-2.200525e-08	-3.318775e+01	-1.304593e+03
5.100000e-07	-4.528577e-06	-2.178307e-08	-3.230095e+01	-1.293164e+03
5.200000e-07	-4.402654e-06	-2.158230e-08	-3.140277e+01	-1.281588e+03
5.300000e-07	-4.275205e-06	-2.140007e-08	-3.049372e+01	-1.269809e+03
5.400000e-07	-4.146155e-06	-2.120153e-08	-2.957324e+01	-1.257691e+03
5.500000e-07	-4.015688e-06	-2.097168e-08	-2.864266e+01	-1.245080e+03
5.600000e-07	-3.883765e-06	-2.074394e-08	-2.770170e+01	-1.231868e+03
5.700000e-07	-3.750335e-06	-2.053309e-08	-2.674998e+01	-1.218040e+03
5.800000e-07	-3.615530e-06	-2.029939e-08	-2.578846e+01	-1.203683e+03
5.900000e-07	-3.479436e-06	-2.004088e-08	-2.481774e+01	-1.188948e+03
6.000000e-07	-3.342125e-06	-1.978083e-08	-2.383835e+01	-1.173975e+03
6.100000e-07	-3.203557e-06	-1.954072e-08	-2.284998e+01	-1.158831e+03
6.200000e-07	-3.063696e-06	-1.928569e-08	-2.185240e+01	-1.143465e+03
6.300000e-07	-2.922512e-06	-1.900487e-08	-2.084538e+01	-1.127724e+03
6.400000e-07	-2.780082e-06	-1.871754e-08	-1.982946e+01	-1.111414e+03
6.500000e-07	-2.636643e-06	-1.844045e-08	-1.880636e+01	-1.094382e+03
6.600000e-07	-2.492285e-06	-1.815366e-08	-1.777670e+01	-1.076585e+03
6.700000e-07	-2.346931e-06	-1.784099e-08	-1.673993e+01	-1.058109e+03
6.800000e-07	-2.200631e-06	-1.752165e-08	-1.569643e+01	-1.039134e+03
6.900000e-07	-2.053527e-06	-1.720701e-08	-1.464717e+01	-1.019849e+03
7.000000e-07	-1.905763e-06	-1.688822e-08	-1.359322e+01	-1.000358e+03
7.100000e-07	-1.757400e-06	-1.654330e-08	-1.253499e+01	-9.806180e+02
7.200000e-07	-1.608469e-06	-1.618758e-08	-1.147271e+01	-9.604419e+02
7.300000e-07	-1.458999e-06	-1.583480e-08	-1.040659e+01	-9.395649e+02
7.400000e-07	-1.309053e-06	-1.547550e-08	-9.337072e+00	-9.177524e+02
7.500000e-07	-1.158699e-06	-1.509379e-08	-8.264646e+00	-8.948997e+02
7.600000e-07	-1.007931e-06	-1.469407e-08	-7.189262e+00	-8.710762e+02
7.700000e-07	-8.567652e-07	-1.429353e-08	-6.111042e+00	-8.464875e+02
7.800000e-07	-7.052674e-07	-1.388438e-08	-5.030455e+00	-8.213642e+02
7.900000e-07	-5.535409e-07	-1.345085e-08	-3.948237e+00	-7.958212e+02
8.000000e-07	-4.015986e-07	-1.299439e-08	-2.864479e+00	-7.697475e+02
8.100000e-07	-2.494692e-07	-1.253034e-08	-1.779387e+00	-7.427816e+02
8.200000e-07	-9.722550e-08	-1.205010e-08	-6.934795e-01	-7.143906e+02
8.300000e-07	5.503227e-08	-1.153520e-08	3.925282e-01	-6.840264e+02
8.400000e-07	2.072503e-07	-1.098341e-08	1.478252e+00	-6.512904e+02
8.500000e-07	3.594412e-07	-1.040439e-08	2.563784e+00	-6.160255e+02
8.600000e-07	5.114881e-07	-9.789373e-09	3.648287e+00	-5.782700e+02
8.700000e-07	6.633897e-07	-9.116841e-09	4.731754e+00	-5.380623e+02
8.800000e-07	8.150800e-07	-8.377522e-09	5.813714e+00	-4.951510e+02
8.900000e-07	9.664020e-07	-7.570722e-09	6.893048e+00	-4.487167e+02
9.000000e-07	1.117313e-06	-6.683112e-09	7.969451e+00	-3.972343e+02
9.100000e-07	1.267813e-06	-5.677406e-09	9.042920e+00	-3.385738e+02
9.200000e-07	1.417894e-06	-4.520553e-09	1.011340e+01	-2.703702e+02
9.300000e-07	1.567506e-06	-3.187081e-09	1.118054e+01	-1.905984e+02
9.400000e-07	1.716586e-06	-1.652622e-09	1.224388e+01	-9.820910e+01
9.500000e-07	1.865008e-06	1.022512e-10	1.330253e+01	6.358052e+00
9.600000e-07	2.012761e-06	2.058447e-09	1.435640e+01	1.209528e+02
9.700000e-07	2.159821e-06	4.139586e-09	1.540534e+01	2.418761e+02
9.800000e-07	2.306095e-06	6.239342e-09	1.644867e+01	3.644112e+02
9.900000e-07	2.451558e-06	8.255451e-09	1.748620e+01	4.836001e+02
1.000000e-06	2.596135e-06	1.011679e-08	1.851743e+01	5.950688e+02
1.010000e-06	2.739756e-06	1.177712e-08	1.954184e+01	6.956938e+02
1.020000e-06	2.882382e-06	1.322794e-08	2.055914e+01	7.839496e+02
1.030000e-06	3.023826e-06	1.448810e-08	2.156802e+01	8.598780e+02
1.040000e-06	3.163992e-06	1.558532e-08	2.256778e+01	9.247254e+02
1.050000e-06	3.302968e-06	1.654068e-08	2.355905e+01	9.803880e+02
1.060000e-06	3.440740e-06	1.737048e-08	2.454174e+01	1.028840e+03
1.070000e-06	3.577251e-06	1.809549e-08	2.551543e+01	1.071700e+03
1.080000e-06	3.712426e-06	1.873573e-08	2.647959e+01	1.110037e+03
1.090000e-06	3.846266e-06	1.930303e-08	2.743423e+01	1.144400e+03
1.100000e-06	3.978753e-06	1.979767e-08	2.837922e+01	1.175026e+03
1.110000e-06	4.109746e-06	2.023466e-08	2.931355e+01	1.202085e+03
1.120000e-06	4.239279e-06	2.063358e-08	3.023747e+01	1.225881e+03
1.130000e-06	4.367337e-06	2.100054e-08	3.115087e+01	1.246917e+03
1.140000e-06	4.493912e-06	2.133302e-08	3.205369e+01	1.265834e+03
1.150000e-06	4.618981e-06	2.163488e-08	3.294576e+01	1.283269e+03
1.160000e-06	4.742373e-06	2.191401e-08	3.382588e+01	1.299703e+03
1.170000e-06	4.864071e-06	2.217523e-08	3.469392e+01	1.315370e+03
1.180000e-06	4.983985e-06	2.241581e-08	3.554923e+01	1.330265e+03
1.190000e-06	5.101973e-06	2.263778e-08	3.639080e+01	1.344235e+03
1.200000e-06	5.217932e-06	2.284909e-08	3.721790e+01	1.357123e+03
1.210000e-06	5.331897e-06	2.305355e-08	3.803077e+01	1.368876e+03
1.220000e-06	5.443926e-06	2.324373e-08	3.882984e+01	1.379609e+03
1.230000e-06	5.554067e-06	2.341736e-08	3.961544e+01	1.389569e+03
1.240000e-06	5.662290e-06	2.358208e-08	4.038736e+01	1.399052e+03
1.250000e-06	5.768414e-06	2.374136e-08	4.114432e+01	1.408291e+03
1.260000e-06	5.872393e-06	2.389136e-08	4.188597e+01	1.417378e+03
1.270000e-06	5.974310e-06	2.403043e-08	4.261291e+01	1.426251e+03
1.280000e-06	6.074061e-06	2.416427e-08	4.332440e+01	1.434743e+03
1.290000e-06	6.171485e-06	2.429547e-08	4.401930e+01	1.442675e+03
1.300000e-06	6.266716e-06	2.441935e-08	4.469855e+01	1.449942e+03
1.310000e-06	6.359806e-06	2.453263e-08	4.536254e+01	1.456570e+03
1.320000e-06	6.450673e-06	2.464096e-08	4.601066e+01	1.462702e+03
1.330000e-06	6.539233e-06	2.474533e-08	4.664233e+01	1.468542e+03
1.340000e-06	6.625544e-06	2.484377e-08	4.725796e+01	1.474269e+03
1.350000e-06	6.709614e-06	2.493540e-08	4.785761e+01	1.479970e+03
1.360000e-06	6.791283e-06	2.502430e-08	4.844012e+01	1.485610e+03
1.370000e-06	6.870426e-06	2.511241e-08	4.900463e+01	1.491063e+03
1.380000e-06	6.946942e-06	2.519728e-08	4.955040e+01	1.496173e+03
1.390000e-06	7.020847e-06	2.527728e-08	5.007753e+01	1.500833e+03
1.400000e-06	7.092239e-06	2.535272e-08	5.058676e+01	1.505030e+03
1.410000e-06	7.161141e-06	2.542392e-08	5.107821e+01	1.508855e+03
1.420000e-06	7.227424e-06	2.548886e-08	5.155098e+01	1.512461e+03
1.430000e-06	7.291142e-06	2.554746e-08	5.200547e+01	1.515997e+03
1.440000e-06	7.352423e-06	2.560445e-08	5.244256e+01	1.519544e+03
1.450000e-06	7.411133e-06	2.566215e-08	5.286133e+01	1.523085e+03
1.460000e-06	7.467185e-06	2.571745e-08	5.326112e+01	1.526517e+03
1.470000e-06	7.520315e-06	2.576831e-08	5.364009e+01	1.529698e+03
1.480000e-06	7.570305e-06	2.581556e-08	5.399665e+01	1.532514e+03
1.490000e-06	7.617483e-06	2.586006e-08	5.433316e+01	1.534926e+03
1.500000e-06	7.662032e-06	2.589885e-08	5.465091e+01	1.536990e+03
1.510000e-06	7.703785e-06	2.593171e-08	5.494872e+01	1.538825e+03
1.520000e-06	7.742791e-06	2.596090e-08	5.522694e+01	1.540567e+03
1.530000e-06	7.779138e-06	2.598914e-08	5.548619e+01	1.542310e+03
1.540000e-06	7.812701e-06	2.601687e-08	5.572558e+01	1.544066e+03
1.550000e-06	7.843565e-06	2.604126e-08	5.594573e+01	1.545769e+03
1.560000e-06	7.871804e-06	2.606378e-08	5.614715e+01	1.547306e+03
1.570000e-06	7.897145e-06	2.608550e-08	5.632790e+01	1.548571e+03
1.580000e-06	7.919657e-06	2.610393e-08	5.648847e+01	1.549511e+03
1.590000e-06	7.939564e-06	2.611618e-08	5.663046e+01	1.550149e+03
1.600000e-06	7.956662e-06	2.612237e-08	5.675242e+01	1.550567e+03
1.610000e-06	7.970765e-06	2.612642e-08	5.685301e+01	1.550874e+03
1.620000e-06	7.981714e-06	2.613007e-08	5.693110e+01	1.551151e+03
1.630000e-06	7.989616e-06	2.613203e-08	5.698746e+01	1.551420e+03
1.640000e-06	7.994815e-06	2.613188e-08	5.702455e+01	1.551635e+03
1.650000e-06	7.997192e-06	2.612929e-08	5.704150e+01	1.551712e+03
1.660000e-06	7.996729e-06	2.612916e-08	5.703820e+01	1.551566e+03
1.670000e-06	7.993710e-06	2.612853e-08	5.701666e+01	1.551152e+03
1.680000e-06	7.987993e-06	2.611706e-08	5.697589e+01	1.550488e+03
1.690000e-06	7.979586e-06	2.610167e-08	5.691593e+01	1.549644e+03
1.700000e-06	7.968508e-06	2.608614e-08	5.683691e+01	1.548708e+03
1.710000e-06	7.954596e-06	2.606321e-08	5.673768e+01	1.547743e+03
1.720000e-06	7.938148e-06	2.602267e-08	5.662036e+01	1.546757e+03
1.730000e-06	7.919462e-06	2.597039e-08	5.648708e+01	1.545693e+03
1.740000e-06	7.898234e-06	2.605347e-08	5.633566e+01	1.544460e+03
1.750000e-06	7.873877e-06	2.607143e-08	5.616194e+01	1.542967e+03
1.760000e-06	7.845918e-06	2.596569e-08	5.596251e+01	1.541172e+03
1.770000e-06	7.814541e-06	2.590483e-08	5.573871e+01	1.539096e+03
1.780000e-06	7.780543e-06	2.588835e-08	5.549621e+01	1.536820e+03
1.790000e-06	7.744051e-06	2.579371e-08	5.523592e+01	1.534446e+03
1.800000e-06	7.705267e-06	2.574428e-08	5.495929e+01	1.532054e+03
1.810000e-06	7.664570e-06	2.583421e-08	5.466902e+01	1.529661e+03
1.820000e-06	7.621432e-06	2.562516e-08	5.436132e+01	1.527215e+03
1.830000e-06	7.575536e-06	2.569951e-08	5.403396e+01	1.524613e+03
1.840000e-06	7.526951e-06	2.569415e-08	5.368742e+01	1.521748e+03
1.850000e-06	7.475287e-06	2.551069e-08	5.331892e+01	1.518554e+03
1.860000e-06	7.420684e-06	2.555929e-08	5.292945e+01	1.515035e+03
1.870000e-06	7.363430e-06	2.536802e-08	5.252108e+01	1.511264e+03
1.880000e-06	7.303562e-06	2.541567e-08	5.209406e+01	1.507350e+03
1.890000e-06	7.241128e-06	2.531792e-08	5.164873e+01	1.503387e+03
1.900000e-06	7.176017e-06	2.520331e-08	5.118431e+01	1.499410e+03
1.910000e-06	7.108239e-06	2.524781e-08	5.070087e+01	1.495376e+03
1.920000e-06	7.037616e-06	2.507533e-08	5.019714e+01	1.491178e+03
1.930000e-06	6.964289e-06	2.504612e-08	4.967412e+01	1.486689e+03
1.940000e-06	6.888282e-06	2.490064e-08	4.913199e+01	1.481816e+03
1.950000e-06	6.809564e-06	2.485220e-08	4.857052e+01	1.476534e+03
1.960000e-06	6.728519e-06	2.477552e-08	4.799245e+01	1.470903e+03
1.970000e-06	6.645107e-06	2.462595e-08	4.739750e+01	1.465032e+03
1.980000e-06	6.559227e-06	2.460682e-08	4.678494e+01	1.459036e+03
1.990000e-06	6.470964e-06	2.443598e-08	4.615539e+01	1.452978e+03
2.000000e-06	6.380486e-06	2.437708e-08	4.551004e+01	1.446843e+03
2.010000e-06	6.287831e-06	2.423198e-08	4.484916e+01	1.440538e+03
2.020000e-06	6.192873e-06	2.412983e-08	4.417185e+01	1.433934e+03
2.030000e-06	6.095688e-06	2.401994e-08	4.347866e+01	1.426917e+03
2.040000e-06	5.996297e-06	2.388251e-08	4.276974e+01	1.419441e+03
2.050000e-06	5.894717e-06	2.377629e-08	4.204520e+01	1.411541e+03
2.060000e-06	5.790965e-06	2.360317e-08	4.130517e+01	1.403316e+03
2.070000e-06	5.685222e-06	2.349796e-08	4.055094e+01	1.394885e+03
2.080000e-06	5.577550e-06	2.333257e-08	3.978294e+01	1.386328e+03
2.090000e-06	5.467796e-06	2.320383e-08	3.900010e+01	1.377648e+03
2.100000e-06	5.355927e-06	2.303361e-08	3.820218e+01	1.368765e+03
2.110000e-06	5.241948e-06	2.288160e-08	3.738920e+01	1.359552e+03
2.120000e-06	5.126004e-06	2.271284e-08	3.656220e+01	1.349887e+03
2.130000e-06	5.008069e-06	2.253429e-08	3.572101e+01	1.339710e+03
2.140000e-06	4.888227e-06	2.235596e-08	3.486621e+01	1.329046e+03
2.150000e-06	4.766645e-06	2.217790e-08	3.399901e+01	1.317997e+03
2.160000e-06	4.643306e-06	2.201106e-08	3.311927e+01	1.306690e+03
2.170000e-06	4.518352e-06	2.180935e-08	3.222801e+01	1.295219e+03
2.180000e-06	4.391807e-06	2.160992e-08	3.132540e+01	1.283595e+03
2.190000e-06	4.263625e-06	2.139286e-08	3.041112e+01	1.271734e+03
2.200000e-06	4.133950e-06	2.119149e-08	2.948619e+01	1.259490e+03
2.210000e-06	4.002803e-06	2.096243e-08	2.855076e+01	1.246715e+03
2.220000e-06	3.870289e-06	2.073915e-08	2.760558e+01	1.233323e+03
2.230000e-06	3.736459e-06	2.050830e-08	2.665101e+01	1.219330e+03
2.240000e-06	3.601123e-06	2.028031e-08	2.568570e+01	1.204849e+03
2.250000e-06	3.464408e-06	2.003326e-08	2.471056e+01	1.190033e+03
2.260000e-06	3.326488e-06	1.977233e-08	2.372681e+01	1.175009e+03
2.270000e-06	3.187349e-06	1.951300e-08	2.273438e+01	1.159811e+03
2.280000e-06	3.047030e-06	1.924780e-08	2.173352e+01	1.144356e+03
2.290000e-06	2.905550e-06	1.897743e-08	2.072439e+01	1.128472e+03
2.300000e-06	2.762887e-06	1.868976e-08	1.970682e+01	1.111967e+03
2.310000e-06	2.619176e-06	1.840178e-08	1.868178e+01	1.094715e+03
2.320000e-06	2.474615e-06	1.810371e-08	1.765066e+01	1.076709e+03
2.330000e-06	2.329212e-06	1.779702e-08	1.661355e+01	1.058069e+03
2.340000e-06	2.182923e-06	1.747714e-08	1.557012e+01	1.038988e+03
2.350000e-06	2.035812e-06	1.715309e-08	1.452082e+01	1.019639e+03
2.360000e-06	1.888012e-06	1.682342e-08	1.346661e+01	1.000087e+03
2.370000e-06	1.739556e-06	1.648153e-08	1.240772e+01	9.802465e+02
2.380000e-06	1.590556e-06	1.612611e-08	1.134495e+01	9.598975e+02
2.390000e-06	1.441128e-06	1.576283e-08	1.027912e+01	9.387726e+02
2.400000e-06	1.291298e-06	1.539080e-08	9.210429e+00	9.166657e+02
2.410000e-06	1.140993e-06	1.500794e-08	8.138348e+00	8.935207e+02
2.420000e-06	9.901154e-07	1.460766e-08	7.062187e+00	8.694534e+02
2.430000e-06	8.388019e-07	1.419971e-08	5.982915e+00	8.446904e+02
2.440000e-06	6.871815e-07	1.378108e-08	4.901454e+00	8.194434e+02
2.450000e-06	5.352610e-07	1.334712e-08	3.817851e+00	7.937710e+02
2.460000e-06	3.831763e-07	1.289082e-08	2.733079e+00	7.674886e+02
2.470000e-06	2.310305e-07	1.241167e-08	1.647869e+00	7.401734e+02
2.480000e-06	7.880793e-08	1.191781e-08	5.621126e-01	7.112703e+02
2.490000e-06	-7.345001e-08	1.139639e-08	-5.238963e-01	6.802588e+02
2.500000e-06	-2.256889e-07	1.084513e-08	-1.609770e+00	6.468050e+02
2.510000e-06	-3.778364e-07	1.025920e-08	-2.694991e+00	6.108194e+02
2.520000e-06	-5.298631e-07	9.635900e-09	-3.779350e+00	5.723657e+02
2.530000e-06	-6.817064e-07	8.957284e-09	-4.862401e+00	5.314310e+02
2.540000e-06	-8.332338e-07	8.207982e-09	-5.943199e+00	4.876263e+02
2.550000e-06	-9.843834e-07	7.384356e-09	-7.021303e+00	4.399356e+02
2.560000e-06	-1.135124e-06	6.471973e-09	-8.096491e+00	3.866386e+02
2.570000e-06	-1.285372e-06	5.443796e-09	-9.168161e+00	3.254894e+02
2.580000e-06	-1.435067e-06	4.263676e-09	-1.023589e+01	2.541557e+02
2.590000e-06	-1.584213e-06	2.900754e-09	-1.129970e+01	1.708280e+02
2.600000e-06	-1.732849e-06	1.333201e-09	-1.235988e+01	7.484027e+01
2.610000e-06	-1.880964e-06	-4.511689e-10	-1.341633e+01	-3.288600e+01
2.620000e-06	-2.028444e-06	-2.425557e-09	-1.446826e+01	-1.497240e+02
2.630000e-06	-2.175230e-06	-4.509590e-09	-1.551524e+01	-2.716160e+02
2.640000e-06	-2.321245e-06	-6.592869e-09	-1.655673e+01	-3.936908e+02
2.650000e-06	-2.466410e-06	-8.576683e-09	-1.759214e+01	-5.110763e+02
2.660000e-06	-2.610746e-06	-1.039429e-08	-1.862165e+01	-6.196994e+02
2.670000e-06	-2.754118e-06	-1.201039e-08	-1.964428e+01	-7.168741e+02
2.680000e-06	-2.896356e-06	-1.342112e-08	-2.065882e+01	-8.015423e+02
2.690000e-06	-3.037422e-06	-1.464440e-08	-2.166500e+01	-8.741383e+02
2.700000e-06	-3.177354e-06	-1.571038e-08	-2.266309e+01	-9.361550e+02
2.710000e-06	-3.316103e-06	-1.663994e-08	-2.365274e+01	-9.895656e+02
2.720000e-06	-3.453584e-06	-1.744773e-08	-2.463335e+01	-1.036277e+03
2.730000e-06	-3.589845e-06	-1.815207e-08	-2.560526e+01	-1.077762e+03
2.740000e-06	-3.724667e-06	-1.877197e-08	-2.656690e+01	-1.114926e+03
2.750000e-06	-3.857983e-06	-1.932088e-08	-2.751780e+01	-1.148206e+03
2.760000e-06	-3.990008e-06	-1.980507e-08	-2.845950e+01	-1.177792e+03
2.770000e-06	-4.120676e-06	-2.023575e-08	-2.939151e+01	-1.203880e+03
2.780000e-06	-4.249882e-06	-2.062545e-08	-3.031310e+01	-1.226829e+03
2.790000e-06	-4.377610e-06	-2.098284e-08	-3.122414e+01	-1.247191e+03
2.800000e-06	-4.503745e-06	-2.130904e-08	-3.212383e+01	-1.265625e+03
2.810000e-06	-4.628278e-06	-2.160638e-08	-3.301208e+01	-1.282735e+03
2.820000e-06	-4.751222e-06	-2.188101e-08	-3.388900e+01	-1.298938e+03
2.830000e-06	-4.872456e-06	-2.213669e-08	-3.475373e+01	-1.314394e+03
2.840000e-06	-4.991844e-06	-2.237311e-08	-3.560529e+01	-1.329043e+03
2.850000e-06	-5.109255e-06	-2.259153e-08	-3.644274e+01	-1.342718e+03
2.860000e-06	-5.224644e-06	-2.279753e-08	-3.726577e+01	-1.355281e+03
2.870000e-06	-5.337913e-06	-2.299309e-08	-3.807369e+01	-1.366724e+03
2.880000e-06	-5.449017e-06	-2.317709e-08	-3.886616e+01	-1.377207e+03
2.890000e-06	-5.558046e-06	-2.334976e-08	-3.964383e+01	-1.387002e+03
2.900000e-06	-5.665152e-06	-2.351478e-08	-4.040778e+01	-1.396397e+03
2.910000e-06	-5.770397e-06	-2.367353e-08	-4.115846e+01	-1.405591e+03
2.920000e-06	-5.873614e-06	-2.382347e-08	-4.189467e+01	-1.414629e+03
2.930000e-06	-5.974646e-06	-2.396205e-08	-4.261531e+01	-1.423414e+03
2.940000e-06	-6.073486e-06	-2.409416e-08	-4.332030e+01	-1.431763e+03
2.950000e-06	-6.170281e-06	-2.422449e-08	-4.401071e+01	-1.439511e+03
2.960000e-06	-6.264980e-06	-2.434895e-08	-4.468617e+01	-1.446587e+03
2.970000e-06	-6.357379e-06	-2.446291e-08	-4.534522e+01	-1.453055e+03
2.980000e-06	-6.447530e-06	-2.457021e-08	-4.598824e+01	-1.459083e+03
2.990000e-06	-6.535505e-06	-2.467542e-08	-4.661574e+01	-1.464875e+03
3.000000e-06	-6.621152e-06	-2.477634e-08	-4.722663e+01	-1.470592e+03
3.010000e-06	-6.704362e-06	-2.486722e-08	-4.782015e+01	-1.476285e+03
3.020000e-06	-6.785289e-06	-2.495181e-08	-4.839737e+01	-1.481888e+03
3.030000e-06	-6.863789e-06	-2.503699e-08	-4.895729e+01	-1.487258e+03
3.040000e-06	-6.939530e-06	-2.511865e-08	-4.949753e+01	-1.492247e+03
3.050000e-06	-7.012585e-06	-2.519450e-08	-5.001861e+01	-1.496772e+03
3.060000e-06	-7.083107e-06	-2.526496e-08	-5.052162e+01	-1.500850e+03
3.070000e-06	-7.151076e-06	-2.533447e-08	-5.100642e+01	-1.504596e+03
3.080000e-06	-7.216573e-06	-2.540122e-08	-5.147359e+01	-1.508170e+03
3.090000e-06	-7.279586e-06	-2.546173e-08	-5.192304e+01	-1.511705e+03
3.100000e-06	-7.339922e-06	-2.551476e-08	-5.235340e+01	-1.515257e+03
3.110000e-06	-7.397579e-06	-2.556839e-08	-5.276465e+01	-1.518781e+03
3.120000e-06	-7.452573e-06	-2.562416e-08	-5.315691e+01	-1.522155e+03
3.130000e-06	-7.504690e-06	-2.567328e-08	-5.352864e+01	-1.525242e+03
3.140000e-06	-7.553727e-06	-2.571582e-08	-5.387841e+01	-1.527943e+03
3.150000e-06	-7.599808e-06	-2.575790e-08	-5.420709e+01	-1.530247e+03
3.160000e-06	-7.643353e-06	-2.580010e-08	-5.451768e+01	-1.532231e+03
3.170000e-06	-7.684480e-06	-2.583570e-08	-5.481102e+01	-1.534027e+03
3.180000e-06	-7.722956e-06	-2.586426e-08	-5.508546e+01	-1.535764e+03
3.190000e-06	-7.758648e-06	-2.588981e-08	-5.534004e+01	-1.537513e+03
3.200000e-06	-7.791593e-06	-2.591703e-08	-5.557503e+01	-1.539264e+03
3.210000e-06	-7.821705e-06	-2.594214e-08	-5.578981e+01	-1.540933e+03
3.220000e-06	-7.848955e-06	-2.596328e-08	-5.598417e+01	-1.542402e+03
3.230000e-06	-7.873564e-06	-2.598292e-08	-5.615971e+01	-1.543577e+03
3.240000e-06	-7.895364e-06	-2.600212e-08	-5.631520e+01	-1.544426e+03
3.250000e-06	-7.914256e-06	-2.601753e-08	-5.644994e+01	-1.544990e+03
3.260000e-06	-7.930448e-06	-2.602597e-08	-5.656544e+01	-1.545367e+03
3.270000e-06	-7.943657e-06	-2.603045e-08	-5.665965e+01	-1.545660e+03
3.280000e-06	-7.953794e-06	-2.603610e-08	-5.673196e+01	-1.545935e+03
3.290000e-06	-7.961083e-06	-2.604055e-08	-5.678395e+01	-1.546196e+03
3.300000e-06	-7.965480e-06	-2.604214e-08	-5.681531e+01	-1.546382e+03
3.310000e-06	-7.967141e-06	-2.604251e-08	-5.682716e+01	-1.546404e+03
