# Temperatura_=_42.64
# Concentracion g/m^3_=_22500.0
# C_Vs_to_Am_M_A/Vsm_=_59384043850.047264
# pendiente_HvsI_1/m_=_3716.3
# ordenada_HvsI_A/m_=_1297.0
# frecuencia_Hz_=_301762.5603429816

Tiempo_(s)	Campo_(V.s)	Magnetizacion_(V.s)	Campo_(kA/m)	Magnetizacion_(A/m)
0.000000e+00	-8.034572e-06	-2.618653e-08	-5.680699e+01	-1.555384e+03
1.000000e-08	-8.030194e-06	-2.617854e-08	-5.677604e+01	-1.554980e+03
2.000000e-08	-8.023214e-06	-2.617024e-08	-5.672669e+01	-1.554293e+03
3.000000e-08	-8.013535e-06	-2.615942e-08	-5.665826e+01	-1.553382e+03
4.000000e-08	-8.000979e-06	-2.614803e-08	-5.656948e+01	-1.552339e+03
5.000000e-08	-7.985469e-06	-2.613603e-08	-5.645982e+01	-1.551247e+03
6.000000e-08	-7.967201e-06	-2.612391e-08	-5.633066e+01	-1.550144e+03
7.000000e-08	-7.946618e-06	-2.610895e-08	-5.618513e+01	-1.549002e+03
8.000000e-08	-7.923434e-06	-2.603966e-08	-5.602121e+01	-1.547744e+03
9.000000e-08	-7.896985e-06	-2.599094e-08	-5.583421e+01	-1.546274e+03
1.000000e-07	-7.867248e-06	-2.599771e-08	-5.562396e+01	-1.544525e+03
1.100000e-07	-7.834691e-06	-2.599005e-08	-5.539377e+01	-1.542480e+03
1.200000e-07	-7.799487e-06	-2.595076e-08	-5.514487e+01	-1.540184e+03
1.300000e-07	-7.761763e-06	-2.590208e-08	-5.487814e+01	-1.537720e+03
1.400000e-07	-7.721888e-06	-2.590252e-08	-5.459622e+01	-1.535170e+03
1.500000e-07	-7.679715e-06	-2.583902e-08	-5.429804e+01	-1.532580e+03
1.600000e-07	-7.634793e-06	-2.577143e-08	-5.398043e+01	-1.529939e+03
1.700000e-07	-7.587143e-06	-2.572454e-08	-5.364353e+01	-1.527186e+03
1.800000e-07	-7.536650e-06	-2.562059e-08	-5.328653e+01	-1.524240e+03
1.900000e-07	-7.483028e-06	-2.561766e-08	-5.290740e+01	-1.521034e+03
2.000000e-07	-7.426587e-06	-2.558444e-08	-5.250835e+01	-1.517543e+03
2.100000e-07	-7.367455e-06	-2.549548e-08	-5.209026e+01	-1.513796e+03
2.200000e-07	-7.305692e-06	-2.544141e-08	-5.165358e+01	-1.509853e+03
2.300000e-07	-7.241336e-06	-2.537519e-08	-5.119856e+01	-1.505780e+03
2.400000e-07	-7.174188e-06	-2.533369e-08	-5.072380e+01	-1.501608e+03
2.500000e-07	-7.104395e-06	-2.521347e-08	-5.023034e+01	-1.497321e+03
2.600000e-07	-7.031995e-06	-2.511309e-08	-4.971845e+01	-1.492855e+03
2.700000e-07	-6.956844e-06	-2.506591e-08	-4.918711e+01	-1.488130e+03
2.800000e-07	-6.878968e-06	-2.500332e-08	-4.863650e+01	-1.483080e+03
2.900000e-07	-6.798427e-06	-2.490583e-08	-4.806705e+01	-1.477687e+03
3.000000e-07	-6.715379e-06	-2.478020e-08	-4.747988e+01	-1.471986e+03
3.100000e-07	-6.630096e-06	-2.471817e-08	-4.687690e+01	-1.466047e+03
3.200000e-07	-6.542583e-06	-2.462172e-08	-4.625815e+01	-1.459945e+03
3.300000e-07	-6.452710e-06	-2.450065e-08	-4.562272e+01	-1.453720e+03
3.400000e-07	-6.360521e-06	-2.437485e-08	-4.497092e+01	-1.447358e+03
3.500000e-07	-6.266082e-06	-2.426074e-08	-4.430320e+01	-1.440794e+03
3.600000e-07	-6.169281e-06	-2.416688e-08	-4.361879e+01	-1.433937e+03
3.700000e-07	-6.070133e-06	-2.403895e-08	-4.291778e+01	-1.426709e+03
3.800000e-07	-5.968863e-06	-2.390373e-08	-4.220177e+01	-1.419078e+03
3.900000e-07	-5.865477e-06	-2.377048e-08	-4.147080e+01	-1.411069e+03
4.000000e-07	-5.759883e-06	-2.365897e-08	-4.072422e+01	-1.402751e+03
4.100000e-07	-5.652190e-06	-2.351307e-08	-3.996279e+01	-1.394200e+03
4.200000e-07	-5.542552e-06	-2.334393e-08	-3.918762e+01	-1.385465e+03
4.300000e-07	-5.430974e-06	-2.318656e-08	-3.839872e+01	-1.376536e+03
4.400000e-07	-5.317242e-06	-2.304228e-08	-3.759460e+01	-1.367349e+03
4.500000e-07	-5.201277e-06	-2.288610e-08	-3.677469e+01	-1.357811e+03
4.600000e-07	-5.083370e-06	-2.270437e-08	-3.594105e+01	-1.347842e+03
4.700000e-07	-4.963682e-06	-2.253243e-08	-3.509482e+01	-1.337407e+03
4.800000e-07	-4.842109e-06	-2.236440e-08	-3.423526e+01	-1.326541e+03
4.900000e-07	-4.718721e-06	-2.218499e-08	-3.336287e+01	-1.315322e+03
5.000000e-07	-4.593662e-06	-2.197810e-08	-3.247866e+01	-1.303843e+03
5.100000e-07	-4.467026e-06	-2.177503e-08	-3.158330e+01	-1.292158e+03
5.200000e-07	-4.338816e-06	-2.158018e-08	-3.067682e+01	-1.280259e+03
5.300000e-07	-4.208975e-06	-2.137723e-08	-2.975880e+01	-1.268066e+03
5.400000e-07	-4.077591e-06	-2.115334e-08	-2.882987e+01	-1.255459e+03
5.500000e-07	-3.944744e-06	-2.092570e-08	-2.789060e+01	-1.242334e+03
5.600000e-07	-3.810487e-06	-2.070776e-08	-2.694136e+01	-1.228640e+03
5.700000e-07	-3.674883e-06	-2.048004e-08	-2.598260e+01	-1.214409e+03
5.800000e-07	-3.537953e-06	-2.023392e-08	-2.501446e+01	-1.199740e+03
5.900000e-07	-3.399677e-06	-1.997723e-08	-2.403680e+01	-1.184755e+03
6.000000e-07	-3.260048e-06	-1.972726e-08	-2.304958e+01	-1.169535e+03
6.100000e-07	-3.119057e-06	-1.946890e-08	-2.205273e+01	-1.154082e+03
6.200000e-07	-2.976660e-06	-1.919142e-08	-2.104594e+01	-1.138306e+03
6.300000e-07	-2.833034e-06	-1.890450e-08	-2.003046e+01	-1.122057e+03
6.400000e-07	-2.688415e-06	-1.862560e-08	-1.900795e+01	-1.105188e+03
6.500000e-07	-2.542870e-06	-1.834315e-08	-1.797890e+01	-1.087618e+03
6.600000e-07	-2.396465e-06	-1.803926e-08	-1.694378e+01	-1.069373e+03
6.700000e-07	-2.249224e-06	-1.772104e-08	-1.590273e+01	-1.050571e+03
6.800000e-07	-2.101191e-06	-1.740242e-08	-1.485609e+01	-1.031374e+03
6.900000e-07	-1.952474e-06	-1.708163e-08	-1.380461e+01	-1.011903e+03
7.000000e-07	-1.803039e-06	-1.674138e-08	-1.274806e+01	-9.921722e+02
7.100000e-07	-1.652977e-06	-1.638943e-08	-1.168708e+01	-9.720673e+02
7.200000e-07	-1.502479e-06	-1.603669e-08	-1.062301e+01	-9.513748e+02
7.300000e-07	-1.351531e-06	-1.568022e-08	-9.555759e+00	-9.298655e+02
7.400000e-07	-1.200037e-06	-1.530480e-08	-8.484643e+00	-9.073882e+02
7.500000e-07	-1.047974e-06	-1.490916e-08	-7.409514e+00	-8.839347e+02
7.600000e-07	-8.954864e-07	-1.450734e-08	-6.331375e+00	-8.596402e+02
7.700000e-07	-7.426630e-07	-1.409935e-08	-5.250865e+00	-8.347122e+02
7.800000e-07	-5.895568e-07	-1.367337e-08	-4.168355e+00	-8.093109e+02
7.900000e-07	-4.362363e-07	-1.322642e-08	-3.084330e+00	-7.834313e+02
8.000000e-07	-2.827850e-07	-1.276970e-08	-1.999380e+00	-7.568391e+02
8.100000e-07	-1.292319e-07	-1.229923e-08	-9.137107e-01	-7.290970e+02
8.200000e-07	2.438106e-08	-1.179902e-08	1.723819e-01	-6.996753e+02
8.300000e-07	1.779414e-07	-1.126220e-08	1.258102e+00	-6.681070e+02
8.400000e-07	3.314748e-07	-1.069619e-08	2.343633e+00	-6.341116e+02
8.500000e-07	4.849260e-07	-1.009706e-08	3.428582e+00	-5.976221e+02
8.600000e-07	6.381781e-07	-9.449049e-09	4.512123e+00	-5.586734e+02
8.700000e-07	7.912050e-07	-8.742416e-09	5.594072e+00	-5.171736e+02
8.800000e-07	9.439761e-07	-7.975148e-09	6.674213e+00	-4.726294e+02
8.900000e-07	1.096371e-06	-7.135524e-09	7.751693e+00	-4.239395e+02
9.000000e-07	1.248296e-06	-6.194013e-09	8.825849e+00	-3.693652e+02
9.100000e-07	1.399713e-06	-5.121324e-09	9.896420e+00	-3.067417e+02
9.200000e-07	1.550567e-06	-3.890539e-09	1.096300e+01	-2.339216e+02
9.300000e-07	1.700858e-06	-2.476536e-09	1.202561e+01	-1.493538e+02
9.400000e-07	1.850585e-06	-8.550724e-10	1.308423e+01	-5.264426e+01
9.500000e-07	1.999639e-06	9.724789e-10	1.413809e+01	5.507136e+01
9.600000e-07	2.147976e-06	2.960329e-09	1.518688e+01	1.710732e+02
9.700000e-07	2.295687e-06	5.022992e-09	1.623124e+01	2.913646e+02
9.800000e-07	2.442608e-06	7.062409e-09	1.727002e+01	4.112831e+02
9.900000e-07	2.588612e-06	8.995331e-09	1.830231e+01	5.262666e+02
1.000000e-06	2.733738e-06	1.075898e-08	1.932840e+01	6.325822e+02
1.010000e-06	2.877828e-06	1.232732e-08	2.034717e+01	7.278370e+02
1.020000e-06	3.020800e-06	1.370391e-08	2.135802e+01	8.111597e+02
1.030000e-06	3.162573e-06	1.490848e-08	2.236040e+01	8.830379e+02
1.040000e-06	3.303127e-06	1.595902e-08	2.335417e+01	9.448945e+02
1.050000e-06	3.442509e-06	1.687303e-08	2.433964e+01	9.985493e+02
1.060000e-06	3.580620e-06	1.767132e-08	2.531613e+01	1.045729e+03
1.070000e-06	3.717332e-06	1.837510e-08	2.628273e+01	1.087749e+03
1.080000e-06	3.852612e-06	1.900040e-08	2.723920e+01	1.125418e+03
1.090000e-06	3.986517e-06	1.954983e-08	2.818595e+01	1.159137e+03
1.100000e-06	4.119025e-06	2.003564e-08	2.912282e+01	1.189119e+03
1.110000e-06	4.250089e-06	2.047568e-08	3.004949e+01	1.215598e+03
1.120000e-06	4.379586e-06	2.087701e-08	3.096507e+01	1.238970e+03
1.130000e-06	4.507430e-06	2.123806e-08	3.186897e+01	1.259796e+03
1.140000e-06	4.633733e-06	2.156224e-08	3.276197e+01	1.278715e+03
1.150000e-06	4.758509e-06	2.186185e-08	3.364418e+01	1.296292e+03
1.160000e-06	4.881592e-06	2.214178e-08	3.451441e+01	1.312904e+03
1.170000e-06	5.002945e-06	2.239903e-08	3.537242e+01	1.328685e+03
1.180000e-06	5.122489e-06	2.263662e-08	3.621763e+01	1.343577e+03
1.190000e-06	5.240070e-06	2.286268e-08	3.704897e+01	1.357435e+03
1.200000e-06	5.355649e-06	2.308040e-08	3.786615e+01	1.370153e+03
1.210000e-06	5.469119e-06	2.328171e-08	3.866842e+01	1.381759e+03
1.220000e-06	5.580535e-06	2.346358e-08	3.945617e+01	1.392426e+03
1.230000e-06	5.690034e-06	2.363706e-08	4.023036e+01	1.402424e+03
1.240000e-06	5.797553e-06	2.380682e-08	4.099055e+01	1.412019e+03
1.250000e-06	5.902958e-06	2.396564e-08	4.173580e+01	1.421384e+03
1.260000e-06	6.006218e-06	2.411027e-08	4.246588e+01	1.430548e+03
1.270000e-06	6.107348e-06	2.424831e-08	4.318090e+01	1.439404e+03
1.280000e-06	6.206249e-06	2.438559e-08	4.388017e+01	1.447784e+03
1.290000e-06	6.302814e-06	2.451510e-08	4.456291e+01	1.455544e+03
1.300000e-06	6.397114e-06	2.463236e-08	4.522964e+01	1.462638e+03
1.310000e-06	6.489200e-06	2.474447e-08	4.588072e+01	1.469148e+03
1.320000e-06	6.578987e-06	2.485521e-08	4.651554e+01	1.475245e+03
1.330000e-06	6.666462e-06	2.495866e-08	4.713402e+01	1.481127e+03
1.340000e-06	6.751693e-06	2.505341e-08	4.773662e+01	1.486934e+03
1.350000e-06	6.834619e-06	2.514501e-08	4.832294e+01	1.492700e+03
1.360000e-06	6.915056e-06	2.523593e-08	4.889165e+01	1.498347e+03
1.370000e-06	6.992907e-06	2.532416e-08	4.944209e+01	1.503729e+03
1.380000e-06	7.068085e-06	2.540606e-08	4.997362e+01	1.508707e+03
1.390000e-06	7.140583e-06	2.548449e-08	5.048621e+01	1.513211e+03
1.400000e-06	7.210598e-06	2.555954e-08	5.098123e+01	1.517273e+03
1.410000e-06	7.278090e-06	2.562798e-08	5.145842e+01	1.521016e+03
1.420000e-06	7.342924e-06	2.568747e-08	5.191682e+01	1.524598e+03
1.430000e-06	7.405261e-06	2.574354e-08	5.235757e+01	1.528147e+03
1.440000e-06	7.465058e-06	2.580355e-08	5.278035e+01	1.531706e+03
1.450000e-06	7.522140e-06	2.586376e-08	5.318393e+01	1.535221e+03
1.460000e-06	7.576485e-06	2.591615e-08	5.356817e+01	1.538564e+03
1.470000e-06	7.627738e-06	2.596205e-08	5.393055e+01	1.541598e+03
1.480000e-06	7.675873e-06	2.600813e-08	5.427087e+01	1.544231e+03
1.490000e-06	7.721311e-06	2.605106e-08	5.459213e+01	1.546462e+03
1.500000e-06	7.763987e-06	2.608596e-08	5.489387e+01	1.548381e+03
1.510000e-06	7.803783e-06	2.611374e-08	5.517524e+01	1.550125e+03
1.520000e-06	7.840943e-06	2.614199e-08	5.543797e+01	1.551825e+03
1.530000e-06	7.875447e-06	2.617136e-08	5.568192e+01	1.553550e+03
1.540000e-06	7.907157e-06	2.619638e-08	5.590613e+01	1.555279e+03
1.550000e-06	7.936136e-06	2.621791e-08	5.611102e+01	1.556917e+03
1.560000e-06	7.962250e-06	2.623989e-08	5.629565e+01	1.558337e+03
1.570000e-06	7.985498e-06	2.626146e-08	5.646002e+01	1.559434e+03
1.580000e-06	8.006051e-06	2.627596e-08	5.660534e+01	1.560178e+03
1.590000e-06	8.023795e-06	2.628224e-08	5.673080e+01	1.560616e+03
1.600000e-06	8.038571e-06	2.628600e-08	5.683527e+01	1.560858e+03
1.610000e-06	8.050234e-06	2.629010e-08	5.691773e+01	1.561027e+03
1.620000e-06	8.058824e-06	2.629139e-08	5.697846e+01	1.561206e+03
1.630000e-06	8.064623e-06	2.628905e-08	5.701946e+01	1.561407e+03
1.640000e-06	8.067603e-06	2.628883e-08	5.704053e+01	1.561572e+03
1.650000e-06	8.067740e-06	2.629203e-08	5.704150e+01	1.561597e+03
1.660000e-06	8.065221e-06	2.629272e-08	5.702369e+01	1.561386e+03
1.670000e-06	8.059983e-06	2.628237e-08	5.698665e+01	1.560888e+03
1.680000e-06	8.052049e-06	2.626834e-08	5.693056e+01	1.560119e+03
1.690000e-06	8.041439e-06	2.625521e-08	5.685555e+01	1.559154e+03
1.700000e-06	8.027965e-06	2.623655e-08	5.676028e+01	1.558087e+03
1.710000e-06	8.011817e-06	2.620701e-08	5.664611e+01	1.556990e+03
1.720000e-06	7.993408e-06	2.616991e-08	5.651595e+01	1.555880e+03
1.730000e-06	7.972573e-06	2.619937e-08	5.636864e+01	1.554710e+03
1.740000e-06	7.948666e-06	2.620433e-08	5.619961e+01	1.553393e+03
1.750000e-06	7.921181e-06	2.613919e-08	5.600528e+01	1.551838e+03
1.760000e-06	7.890169e-06	2.608581e-08	5.578602e+01	1.549991e+03
1.770000e-06	7.856383e-06	2.605642e-08	5.554714e+01	1.547857e+03
1.780000e-06	7.820110e-06	2.600147e-08	5.529068e+01	1.545497e+03
1.790000e-06	7.781390e-06	2.594345e-08	5.501692e+01	1.542997e+03
1.800000e-06	7.740666e-06	2.596889e-08	5.472898e+01	1.540431e+03
1.810000e-06	7.697649e-06	2.585264e-08	5.442484e+01	1.537827e+03
1.820000e-06	7.651894e-06	2.584774e-08	5.410134e+01	1.535157e+03
1.830000e-06	7.603451e-06	2.584634e-08	5.375883e+01	1.532351e+03
1.840000e-06	7.551964e-06	2.571461e-08	5.339480e+01	1.529326e+03
1.850000e-06	7.497437e-06	2.571232e-08	5.300928e+01	1.526028e+03
1.860000e-06	7.440209e-06	2.559501e-08	5.260466e+01	1.522448e+03
1.870000e-06	7.380292e-06	2.556875e-08	5.218102e+01	1.518630e+03
1.880000e-06	7.317724e-06	2.550778e-08	5.173865e+01	1.514638e+03
1.890000e-06	7.252493e-06	2.540560e-08	5.127744e+01	1.510531e+03
1.900000e-06	7.184591e-06	2.540060e-08	5.079735e+01	1.506326e+03
1.910000e-06	7.113818e-06	2.528370e-08	5.029697e+01	1.501989e+03
1.920000e-06	7.040329e-06	2.522103e-08	4.977737e+01	1.497448e+03
1.930000e-06	6.964275e-06	2.510275e-08	4.923965e+01	1.492623e+03
1.940000e-06	6.885505e-06	2.502045e-08	4.868272e+01	1.487462e+03
1.950000e-06	6.804268e-06	2.495566e-08	4.810835e+01	1.481963e+03
1.960000e-06	6.720575e-06	2.482928e-08	4.751661e+01	1.476176e+03
1.970000e-06	6.634393e-06	2.477365e-08	4.690728e+01	1.470176e+03
1.980000e-06	6.545853e-06	2.464326e-08	4.628127e+01	1.464032e+03
1.990000e-06	6.455096e-06	2.455529e-08	4.563959e+01	1.457766e+03
2.000000e-06	6.362067e-06	2.442655e-08	4.498185e+01	1.451348e+03
2.010000e-06	6.266635e-06	2.430437e-08	4.430711e+01	1.444699e+03
2.020000e-06	6.169027e-06	2.419644e-08	4.361699e+01	1.437729e+03
2.030000e-06	6.069167e-06	2.406496e-08	4.291095e+01	1.430371e+03
2.040000e-06	5.967025e-06	2.395345e-08	4.218878e+01	1.422612e+03
2.050000e-06	5.862754e-06	2.379936e-08	4.145155e+01	1.414495e+03
2.060000e-06	5.756519e-06	2.367955e-08	4.070043e+01	1.406093e+03
2.070000e-06	5.648316e-06	2.352689e-08	3.993540e+01	1.397480e+03
2.080000e-06	5.537949e-06	2.338331e-08	3.915507e+01	1.388686e+03
2.090000e-06	5.425482e-06	2.321752e-08	3.835989e+01	1.379682e+03
2.100000e-06	5.310957e-06	2.305624e-08	3.755017e+01	1.370392e+03
2.110000e-06	5.194341e-06	2.289401e-08	3.672565e+01	1.360722e+03
2.120000e-06	5.075639e-06	2.272033e-08	3.588639e+01	1.350602e+03
2.130000e-06	4.955064e-06	2.254413e-08	3.503388e+01	1.340022e+03
2.140000e-06	4.832784e-06	2.236297e-08	3.416933e+01	1.329031e+03
2.150000e-06	4.708773e-06	2.219116e-08	3.329253e+01	1.317718e+03
2.160000e-06	4.583046e-06	2.199349e-08	3.240360e+01	1.306169e+03
2.170000e-06	4.455689e-06	2.178911e-08	3.150315e+01	1.294420e+03
2.180000e-06	4.326766e-06	2.157221e-08	3.059162e+01	1.282437e+03
2.190000e-06	4.196359e-06	2.136765e-08	2.966960e+01	1.270123e+03
2.200000e-06	4.064439e-06	2.114841e-08	2.873689e+01	1.257359e+03
2.210000e-06	3.930981e-06	2.092272e-08	2.779329e+01	1.244051e+03
2.220000e-06	3.796124e-06	2.068880e-08	2.683981e+01	1.230177e+03
2.230000e-06	3.659903e-06	2.045583e-08	2.587669e+01	1.215791e+03
2.240000e-06	3.522326e-06	2.021298e-08	2.490397e+01	1.201008e+03
2.250000e-06	3.383352e-06	1.995358e-08	2.392138e+01	1.185940e+03
2.260000e-06	3.243018e-06	1.969209e-08	2.292917e+01	1.170649e+03
2.270000e-06	3.101476e-06	1.942825e-08	2.192843e+01	1.155105e+03
2.280000e-06	2.958811e-06	1.916119e-08	2.091974e+01	1.139194e+03
2.290000e-06	2.815032e-06	1.887507e-08	1.990317e+01	1.122759e+03
2.300000e-06	2.670263e-06	1.858243e-08	1.887961e+01	1.105668e+03
2.310000e-06	2.524687e-06	1.828527e-08	1.785034e+01	1.087872e+03
2.320000e-06	2.378292e-06	1.798315e-08	1.681529e+01	1.069431e+03
2.330000e-06	2.230963e-06	1.766791e-08	1.577362e+01	1.050484e+03
2.340000e-06	2.082705e-06	1.734363e-08	1.472539e+01	1.031189e+03
2.350000e-06	1.933690e-06	1.701572e-08	1.367181e+01	1.011638e+03
2.360000e-06	1.784009e-06	1.667885e-08	1.261351e+01	9.918048e+02
2.370000e-06	1.633749e-06	1.632793e-08	1.155113e+01	9.715363e+02
2.380000e-06	1.483044e-06	1.596617e-08	1.048559e+01	9.506035e+02
2.390000e-06	1.331877e-06	1.559761e-08	9.416799e+00	9.287927e+02
2.400000e-06	1.180209e-06	1.522115e-08	8.344454e+00	9.059941e+02
2.410000e-06	1.028089e-06	1.482803e-08	7.268917e+00	8.822492e+02
2.420000e-06	8.755821e-07	1.441966e-08	6.190645e+00	8.577274e+02
2.430000e-06	7.227574e-07	1.400137e-08	5.110126e+00	8.326348e+02
2.440000e-06	5.697202e-07	1.357195e-08	4.028104e+00	8.070900e+02
2.450000e-06	4.165471e-07	1.312525e-08	2.945121e+00	7.810173e+02
2.460000e-06	2.632732e-07	1.265686e-08	1.861426e+00	7.541098e+02
2.470000e-06	1.099114e-07	1.217402e-08	7.771089e-01	7.258849e+02
2.480000e-06	-4.350662e-08	1.167097e-08	-3.076057e-01	6.958163e+02
2.490000e-06	-1.969019e-07	1.113629e-08	-1.392159e+00	6.634867e+02
2.500000e-06	-3.502177e-07	1.056283e-08	-2.476151e+00	6.286877e+02
2.510000e-06	-5.034393e-07	9.950268e-09	-3.559477e+00	5.914038e+02
2.520000e-06	-6.565093e-07	9.292925e-09	-4.641730e+00	5.516583e+02
2.530000e-06	-8.093470e-07	8.578261e-09	-5.722342e+00	5.092592e+02
2.540000e-06	-9.618680e-07	7.796972e-09	-6.800714e+00	4.635339e+02
2.550000e-06	-1.113958e-06	6.936732e-09	-7.876040e+00	4.131685e+02
2.560000e-06	-1.265560e-06	5.977997e-09	-8.947916e+00	3.562522e+02
2.570000e-06	-1.416687e-06	4.887862e-09	-1.001643e+01	2.905682e+02
2.580000e-06	-1.567366e-06	3.630229e-09	-1.108178e+01	2.140950e+02
2.590000e-06	-1.717537e-06	2.180401e-09	-1.214354e+01	1.255982e+02
2.600000e-06	-1.867109e-06	5.253036e-10	-1.320106e+01	2.514798e+01
2.610000e-06	-2.016031e-06	-1.325841e-09	-1.425398e+01	-8.559930e+01
2.620000e-06	-2.164244e-06	-3.325235e-09	-1.530190e+01	-2.034631e+02
2.630000e-06	-2.311686e-06	-5.385352e-09	-1.634436e+01	-3.241550e+02
2.640000e-06	-2.458238e-06	-7.405406e-09	-1.738053e+01	-4.429590e+02
2.650000e-06	-2.603839e-06	-9.300257e-09	-1.840997e+01	-5.555074e+02
2.660000e-06	-2.748522e-06	-1.101743e-08	-1.943293e+01	-6.584567e+02
2.670000e-06	-2.892207e-06	-1.254149e-08	-2.044883e+01	-7.499004e+02
2.680000e-06	-3.034824e-06	-1.387848e-08	-2.145717e+01	-8.294369e+02
2.690000e-06	-3.176336e-06	-1.504507e-08	-2.245771e+01	-8.979094e+02
2.700000e-06	-3.316651e-06	-1.606198e-08	-2.344978e+01	-9.569278e+02
2.710000e-06	-3.455653e-06	-1.695263e-08	-2.443257e+01	-1.008329e+03
2.720000e-06	-3.593297e-06	-1.773461e-08	-2.540576e+01	-1.053733e+03
2.730000e-06	-3.729592e-06	-1.841927e-08	-2.636941e+01	-1.094290e+03
2.740000e-06	-3.864533e-06	-1.902233e-08	-2.732349e+01	-1.130659e+03
2.750000e-06	-3.998087e-06	-1.955781e-08	-2.826775e+01	-1.163158e+03
2.760000e-06	-4.130168e-06	-2.003496e-08	-2.920161e+01	-1.191983e+03
2.770000e-06	-4.260727e-06	-2.046139e-08	-3.012470e+01	-1.217412e+03
2.780000e-06	-4.389768e-06	-2.084712e-08	-3.103707e+01	-1.239899e+03
2.790000e-06	-4.517318e-06	-2.120013e-08	-3.193888e+01	-1.260044e+03
2.800000e-06	-4.643318e-06	-2.152436e-08	-3.282974e+01	-1.278478e+03
2.810000e-06	-4.767651e-06	-2.182210e-08	-3.370881e+01	-1.295716e+03
2.820000e-06	-4.890214e-06	-2.209518e-08	-3.457538e+01	-1.312058e+03
2.830000e-06	-5.011002e-06	-2.234738e-08	-3.542939e+01	-1.327567e+03
2.840000e-06	-5.129983e-06	-2.258271e-08	-3.627062e+01	-1.342144e+03
2.850000e-06	-5.247004e-06	-2.280382e-08	-3.709800e+01	-1.355642e+03
2.860000e-06	-5.361899e-06	-2.301172e-08	-3.791034e+01	-1.367994e+03
2.870000e-06	-5.474577e-06	-2.320770e-08	-3.870701e+01	-1.379273e+03
2.880000e-06	-5.585068e-06	-2.339257e-08	-3.948822e+01	-1.389695e+03
2.890000e-06	-5.693541e-06	-2.356685e-08	-4.025516e+01	-1.399537e+03
2.900000e-06	-5.800107e-06	-2.373116e-08	-4.100861e+01	-1.409047e+03
2.910000e-06	-5.904724e-06	-2.388612e-08	-4.174829e+01	-1.418352e+03
2.920000e-06	-6.007212e-06	-2.403263e-08	-4.247291e+01	-1.427434e+03
2.930000e-06	-6.107410e-06	-2.417338e-08	-4.318134e+01	-1.436157e+03
2.940000e-06	-6.205416e-06	-2.430860e-08	-4.387427e+01	-1.444351e+03
2.950000e-06	-6.301320e-06	-2.443812e-08	-4.455234e+01	-1.451896e+03
2.960000e-06	-6.395008e-06	-2.456106e-08	-4.521475e+01	-1.458789e+03
2.970000e-06	-6.486376e-06	-2.467624e-08	-4.586075e+01	-1.465145e+03
2.980000e-06	-6.575483e-06	-2.478380e-08	-4.649077e+01	-1.471154e+03
2.990000e-06	-6.662308e-06	-2.488558e-08	-4.710465e+01	-1.477002e+03
3.000000e-06	-6.746713e-06	-2.498257e-08	-4.770142e+01	-1.482799e+03
3.010000e-06	-6.828724e-06	-2.507380e-08	-4.828126e+01	-1.488540e+03
3.020000e-06	-6.908323e-06	-2.516218e-08	-4.884405e+01	-1.494120e+03
3.030000e-06	-6.985236e-06	-2.524701e-08	-4.938785e+01	-1.499386e+03
3.040000e-06	-7.059412e-06	-2.532731e-08	-4.991230e+01	-1.504216e+03
3.050000e-06	-7.131057e-06	-2.540285e-08	-5.041885e+01	-1.508569e+03
3.060000e-06	-7.200182e-06	-2.547349e-08	-5.090759e+01	-1.512513e+03
3.070000e-06	-7.266746e-06	-2.553866e-08	-5.137822e+01	-1.516188e+03
3.080000e-06	-7.330773e-06	-2.560133e-08	-5.183090e+01	-1.519749e+03
3.090000e-06	-7.392185e-06	-2.566089e-08	-5.226511e+01	-1.523303e+03
3.100000e-06	-7.450872e-06	-2.571751e-08	-5.268004e+01	-1.526859e+03
3.110000e-06	-7.506882e-06	-2.577295e-08	-5.307606e+01	-1.530335e+03
3.120000e-06	-7.560098e-06	-2.582454e-08	-5.345231e+01	-1.533593e+03
3.130000e-06	-7.610317e-06	-2.587109e-08	-5.380737e+01	-1.536505e+03
3.140000e-06	-7.657472e-06	-2.591304e-08	-5.414078e+01	-1.539005e+03
3.150000e-06	-7.701839e-06	-2.595314e-08	-5.445446e+01	-1.541124e+03
3.160000e-06	-7.743756e-06	-2.598970e-08	-5.475083e+01	-1.542971e+03
3.170000e-06	-7.783105e-06	-2.602119e-08	-5.502904e+01	-1.544689e+03
3.180000e-06	-7.819698e-06	-2.604896e-08	-5.528776e+01	-1.546395e+03
3.190000e-06	-7.853569e-06	-2.607710e-08	-5.552724e+01	-1.548128e+03
3.200000e-06	-7.884658e-06	-2.610519e-08	-5.574705e+01	-1.549842e+03
3.210000e-06	-7.912814e-06	-2.613026e-08	-5.594613e+01	-1.551425e+03
3.220000e-06	-7.938181e-06	-2.615092e-08	-5.612548e+01	-1.552750e+03
3.230000e-06	-7.960797e-06	-2.616663e-08	-5.628538e+01	-1.553734e+03
3.240000e-06	-7.980552e-06	-2.617961e-08	-5.642505e+01	-1.554371e+03
3.250000e-06	-7.997500e-06	-2.618837e-08	-5.654488e+01	-1.554734e+03
3.260000e-06	-8.011437e-06	-2.619349e-08	-5.664342e+01	-1.554941e+03
3.270000e-06	-8.022256e-06	-2.619938e-08	-5.671992e+01	-1.555107e+03
3.280000e-06	-8.030193e-06	-2.620558e-08	-5.677603e+01	-1.555296e+03
3.290000e-06	-8.035283e-06	-2.620946e-08	-5.681202e+01	-1.555496e+03
3.300000e-06	-8.037552e-06	-2.621048e-08	-5.682806e+01	-1.555629e+03
3.310000e-06	-8.037046e-06	-2.620215e-08	-5.682448e+01	-1.555588e+03
