# Temperatura_=_36.85
# Concentracion g/m^3_=_22500.0
# C_Vs_to_Am_M_A/Vsm_=_59384043850.047264
# pendiente_HvsI_1/m_=_3716.3
# ordenada_HvsI_A/m_=_1297.0
# frecuencia_Hz_=_301760.9303271106

Tiempo_(s)	Campo_(V.s)	Magnetizacion_(V.s)	Campo_(kA/m)	Magnetizacion_(A/m)
0.000000e+00	-8.033317e-06	-2.656634e-08	-5.680828e+01	-1.577196e+03
1.000000e-08	-8.028795e-06	-2.655775e-08	-5.677630e+01	-1.576703e+03
2.000000e-08	-8.021724e-06	-2.654938e-08	-5.672630e+01	-1.575931e+03
3.000000e-08	-8.011953e-06	-2.653501e-08	-5.665720e+01	-1.574941e+03
4.000000e-08	-7.999262e-06	-2.651844e-08	-5.656746e+01	-1.573829e+03
5.000000e-08	-7.983633e-06	-2.650561e-08	-5.645694e+01	-1.572673e+03
6.000000e-08	-7.965265e-06	-2.649800e-08	-5.632704e+01	-1.571503e+03
7.000000e-08	-7.944507e-06	-2.648206e-08	-5.618025e+01	-1.570281e+03
8.000000e-08	-7.921114e-06	-2.640549e-08	-5.601482e+01	-1.568923e+03
9.000000e-08	-7.894490e-06	-2.635662e-08	-5.582655e+01	-1.567330e+03
1.000000e-07	-7.864645e-06	-2.636685e-08	-5.561550e+01	-1.565438e+03
1.100000e-07	-7.832032e-06	-2.635601e-08	-5.538488e+01	-1.563242e+03
1.200000e-07	-7.796732e-06	-2.630517e-08	-5.513524e+01	-1.560804e+03
1.300000e-07	-7.758917e-06	-2.625291e-08	-5.486783e+01	-1.558224e+03
1.400000e-07	-7.718943e-06	-2.625942e-08	-5.458515e+01	-1.555595e+03
1.500000e-07	-7.676641e-06	-2.618901e-08	-5.428601e+01	-1.552964e+03
1.600000e-07	-7.631543e-06	-2.612415e-08	-5.396710e+01	-1.550307e+03
1.700000e-07	-7.583696e-06	-2.607775e-08	-5.362874e+01	-1.547541e+03
1.800000e-07	-7.532984e-06	-2.597258e-08	-5.327013e+01	-1.544556e+03
1.900000e-07	-7.479152e-06	-2.597029e-08	-5.288946e+01	-1.541262e+03
2.000000e-07	-7.422551e-06	-2.591950e-08	-5.248919e+01	-1.537627e+03
2.100000e-07	-7.363301e-06	-2.582591e-08	-5.207020e+01	-1.533686e+03
2.200000e-07	-7.301402e-06	-2.576683e-08	-5.163248e+01	-1.529528e+03
2.300000e-07	-7.236879e-06	-2.570344e-08	-5.117620e+01	-1.525249e+03
2.400000e-07	-7.169626e-06	-2.566676e-08	-5.070061e+01	-1.520912e+03
2.500000e-07	-7.099741e-06	-2.554446e-08	-5.020641e+01	-1.516516e+03
2.600000e-07	-7.027187e-06	-2.544629e-08	-4.969335e+01	-1.511994e+03
2.700000e-07	-6.951829e-06	-2.539502e-08	-4.916045e+01	-1.507243e+03
2.800000e-07	-6.873754e-06	-2.532520e-08	-4.860833e+01	-1.502166e+03
2.900000e-07	-6.793026e-06	-2.521596e-08	-4.803746e+01	-1.496710e+03
3.000000e-07	-6.709838e-06	-2.508865e-08	-4.744918e+01	-1.490893e+03
3.100000e-07	-6.624435e-06	-2.503120e-08	-4.684525e+01	-1.484786e+03
3.200000e-07	-6.536768e-06	-2.493571e-08	-4.622531e+01	-1.478486e+03
3.300000e-07	-6.446742e-06	-2.481340e-08	-4.558868e+01	-1.472064e+03
3.400000e-07	-6.354365e-06	-2.468532e-08	-4.493543e+01	-1.465534e+03
3.500000e-07	-6.259741e-06	-2.457040e-08	-4.426629e+01	-1.458844e+03
3.600000e-07	-6.162833e-06	-2.447038e-08	-4.358099e+01	-1.451896e+03
3.700000e-07	-6.063652e-06	-2.433386e-08	-4.287963e+01	-1.444585e+03
3.800000e-07	-5.962329e-06	-2.419325e-08	-4.216311e+01	-1.436847e+03
3.900000e-07	-5.858823e-06	-2.405896e-08	-4.143116e+01	-1.428679e+03
4.000000e-07	-5.753124e-06	-2.394856e-08	-4.068370e+01	-1.420143e+03
4.100000e-07	-5.645350e-06	-2.380127e-08	-3.992157e+01	-1.411328e+03
4.200000e-07	-5.535628e-06	-2.362945e-08	-3.914566e+01	-1.402316e+03
4.300000e-07	-5.423950e-06	-2.346848e-08	-3.835592e+01	-1.393135e+03
4.400000e-07	-5.310186e-06	-2.331970e-08	-3.755143e+01	-1.383750e+03
4.500000e-07	-5.194215e-06	-2.315805e-08	-3.673133e+01	-1.374071e+03
4.600000e-07	-5.076208e-06	-2.297165e-08	-3.589683e+01	-1.363998e+03
4.700000e-07	-4.956386e-06	-2.279825e-08	-3.504950e+01	-1.353459e+03
4.800000e-07	-4.834806e-06	-2.262962e-08	-3.418974e+01	-1.342443e+03
4.900000e-07	-4.711443e-06	-2.244609e-08	-3.331736e+01	-1.331001e+03
5.000000e-07	-4.586257e-06	-2.223273e-08	-3.243210e+01	-1.319219e+03
5.100000e-07	-4.459508e-06	-2.202432e-08	-3.153579e+01	-1.307178e+03
5.200000e-07	-4.331180e-06	-2.182620e-08	-3.062830e+01	-1.294909e+03
5.300000e-07	-4.201213e-06	-2.161998e-08	-2.970923e+01	-1.282377e+03
5.400000e-07	-4.069816e-06	-2.139013e-08	-2.878005e+01	-1.269494e+03
5.500000e-07	-3.936920e-06	-2.115614e-08	-2.784026e+01	-1.256152e+03
5.600000e-07	-3.802583e-06	-2.093284e-08	-2.689029e+01	-1.242277e+03
5.700000e-07	-3.666852e-06	-2.069869e-08	-2.593045e+01	-1.227854e+03
5.800000e-07	-3.529702e-06	-2.044467e-08	-2.496059e+01	-1.212939e+03
5.900000e-07	-3.391293e-06	-2.018232e-08	-2.398181e+01	-1.197627e+03
6.000000e-07	-3.251680e-06	-1.993007e-08	-2.299453e+01	-1.182005e+03
6.100000e-07	-3.110668e-06	-1.967000e-08	-2.199735e+01	-1.166108e+03
6.200000e-07	-2.968224e-06	-1.938749e-08	-2.099005e+01	-1.149895e+03
6.300000e-07	-2.824621e-06	-1.909253e-08	-1.997455e+01	-1.133259e+03
6.400000e-07	-2.680020e-06	-1.880310e-08	-1.895199e+01	-1.116079e+03
6.500000e-07	-2.534537e-06	-1.851097e-08	-1.792319e+01	-1.098267e+03
6.600000e-07	-2.388146e-06	-1.820130e-08	-1.688798e+01	-1.079814e+03
6.700000e-07	-2.240802e-06	-1.787981e-08	-1.584602e+01	-1.060795e+03
6.800000e-07	-2.092696e-06	-1.755838e-08	-1.479868e+01	-1.041331e+03
6.900000e-07	-1.943886e-06	-1.723553e-08	-1.374635e+01	-1.021530e+03
7.000000e-07	-1.794388e-06	-1.689340e-08	-1.268916e+01	-1.001424e+03
7.100000e-07	-1.644341e-06	-1.653484e-08	-1.162810e+01	-9.809380e+02
7.200000e-07	-1.493802e-06	-1.617228e-08	-1.056354e+01	-9.599054e+02
7.300000e-07	-1.342783e-06	-1.580704e-08	-9.495606e+00	-9.381288e+02
7.400000e-07	-1.191196e-06	-1.542736e-08	-8.423640e+00	-9.154608e+02
7.500000e-07	-1.039008e-06	-1.503024e-08	-7.347431e+00	-8.918654e+02
7.600000e-07	-8.863415e-07	-1.462642e-08	-6.267838e+00	-8.674304e+02
7.700000e-07	-7.333686e-07	-1.421544e-08	-5.186078e+00	-8.423162e+02
7.800000e-07	-5.801874e-07	-1.378708e-08	-4.102844e+00	-8.166579e+02
7.900000e-07	-4.268693e-07	-1.333680e-08	-3.018642e+00	-7.904592e+02
8.000000e-07	-2.734929e-07	-1.287431e-08	-1.934028e+00	-7.635264e+02
8.100000e-07	-1.200452e-07	-1.239685e-08	-8.489095e-01	-7.354781e+02
8.200000e-07	3.349127e-08	-1.189091e-08	2.368364e-01	-7.058324e+02
8.300000e-07	1.870275e-07	-1.135146e-08	1.322581e+00	-6.741412e+02
8.400000e-07	3.404662e-07	-1.078305e-08	2.407635e+00	-6.401071e+02
8.500000e-07	4.938249e-07	-1.018291e-08	3.492124e+00	-6.036209e+02
8.600000e-07	6.470894e-07	-9.536199e-09	4.575947e+00	-5.646776e+02
8.700000e-07	8.001609e-07	-8.833004e-09	5.658405e+00	-5.231789e+02
8.800000e-07	9.529333e-07	-8.068374e-09	6.738748e+00	-4.786833e+02
8.900000e-07	1.105363e-06	-7.231727e-09	7.816670e+00	-4.302021e+02
9.000000e-07	1.257373e-06	-6.297468e-09	8.891621e+00	-3.761457e+02
9.100000e-07	1.408851e-06	-5.238670e-09	9.962809e+00	-3.144889e+02
9.200000e-07	1.559749e-06	-4.030422e-09	1.102990e+01	-2.431582e+02
9.300000e-07	1.710116e-06	-2.647437e-09	1.209323e+01	-1.605641e+02
9.400000e-07	1.859865e-06	-1.065881e-09	1.315219e+01	-6.614229e+01
9.500000e-07	2.008876e-06	7.177803e-10	1.420593e+01	3.925624e+01
9.600000e-07	2.157195e-06	2.667791e-09	1.525478e+01	1.532583e+02
9.700000e-07	2.304772e-06	4.708194e-09	1.629839e+01	2.722011e+02
9.800000e-07	2.451505e-06	6.743515e-09	1.733602e+01	3.916678e+02
9.900000e-07	2.597358e-06	8.689780e-09	1.836743e+01	5.071983e+02
1.000000e-06	2.742355e-06	1.048222e-08	1.939280e+01	6.149996e+02
1.010000e-06	2.886374e-06	1.208993e-08	2.041123e+01	7.124793e+02
1.020000e-06	3.029284e-06	1.351030e-08	2.142184e+01	7.984824e+02
1.030000e-06	3.171000e-06	1.475855e-08	2.242400e+01	8.731989e+02
1.040000e-06	3.311405e-06	1.585224e-08	2.341688e+01	9.378053e+02
1.050000e-06	3.450577e-06	1.680756e-08	2.440104e+01	9.939680e+02
1.060000e-06	3.588522e-06	1.764357e-08	2.537653e+01	1.043362e+03
1.070000e-06	3.725107e-06	1.838137e-08	2.634241e+01	1.087334e+03
1.080000e-06	3.860309e-06	1.903723e-08	2.729850e+01	1.126763e+03
1.090000e-06	3.994136e-06	1.961630e-08	2.824487e+01	1.162126e+03
1.100000e-06	4.126469e-06	2.012868e-08	2.918067e+01	1.193677e+03
1.110000e-06	4.257346e-06	2.059062e-08	3.010618e+01	1.221655e+03
1.120000e-06	4.386849e-06	2.101107e-08	3.102197e+01	1.246423e+03
1.130000e-06	4.514755e-06	2.139163e-08	3.192647e+01	1.268504e+03
1.140000e-06	4.641007e-06	2.173681e-08	3.281927e+01	1.288507e+03
1.150000e-06	4.765601e-06	2.205278e-08	3.370035e+01	1.306998e+03
1.160000e-06	4.888459e-06	2.234539e-08	3.456915e+01	1.324381e+03
1.170000e-06	5.009626e-06	2.261436e-08	3.542599e+01	1.340839e+03
1.180000e-06	5.128967e-06	2.286202e-08	3.626992e+01	1.356361e+03
1.190000e-06	5.246295e-06	2.309593e-08	3.709962e+01	1.370834e+03
1.200000e-06	5.361603e-06	2.332046e-08	3.791503e+01	1.384161e+03
1.210000e-06	5.474935e-06	2.353062e-08	3.871646e+01	1.396355e+03
1.220000e-06	5.586288e-06	2.372335e-08	3.950391e+01	1.407564e+03
1.230000e-06	5.695636e-06	2.390584e-08	4.027717e+01	1.418037e+03
1.240000e-06	5.802942e-06	2.408138e-08	4.103600e+01	1.428034e+03
1.250000e-06	5.908144e-06	2.424510e-08	4.177994e+01	1.437744e+03
1.260000e-06	6.011218e-06	2.439528e-08	4.250883e+01	1.447221e+03
1.270000e-06	6.112104e-06	2.453868e-08	4.322226e+01	1.456392e+03
1.280000e-06	6.210772e-06	2.468080e-08	4.392000e+01	1.465110e+03
1.290000e-06	6.307198e-06	2.481701e-08	4.460188e+01	1.473236e+03
1.300000e-06	6.401393e-06	2.494266e-08	4.526799e+01	1.480712e+03
1.310000e-06	6.493360e-06	2.506196e-08	4.591834e+01	1.487591e+03
1.320000e-06	6.582954e-06	2.517632e-08	4.655192e+01	1.494020e+03
1.330000e-06	6.670247e-06	2.528259e-08	4.716921e+01	1.500178e+03
1.340000e-06	6.755349e-06	2.537981e-08	4.777102e+01	1.506203e+03
1.350000e-06	6.838105e-06	2.547356e-08	4.835624e+01	1.512143e+03
1.360000e-06	6.918349e-06	2.556741e-08	4.892369e+01	1.517943e+03
1.370000e-06	6.996019e-06	2.565983e-08	4.947294e+01	1.523482e+03
1.380000e-06	7.071043e-06	2.574677e-08	5.000348e+01	1.528634e+03
1.390000e-06	7.143437e-06	2.582777e-08	5.051541e+01	1.533331e+03
1.400000e-06	7.213289e-06	2.590399e-08	5.100938e+01	1.537596e+03
1.410000e-06	7.280597e-06	2.597344e-08	5.148536e+01	1.541536e+03
1.420000e-06	7.345316e-06	2.603638e-08	5.194302e+01	1.545296e+03
1.430000e-06	7.407543e-06	2.609759e-08	5.238307e+01	1.548995e+03
1.440000e-06	7.467252e-06	2.615923e-08	5.280530e+01	1.552680e+03
1.450000e-06	7.524234e-06	2.621854e-08	5.320826e+01	1.556306e+03
1.460000e-06	7.578334e-06	2.627326e-08	5.359082e+01	1.559757e+03
1.470000e-06	7.629367e-06	2.632399e-08	5.395171e+01	1.562902e+03
1.480000e-06	7.677347e-06	2.637199e-08	5.429100e+01	1.565652e+03
1.490000e-06	7.722605e-06	2.641317e-08	5.461105e+01	1.568000e+03
1.500000e-06	7.765160e-06	2.644717e-08	5.491198e+01	1.570023e+03
1.510000e-06	7.804875e-06	2.647881e-08	5.519283e+01	1.571849e+03
1.520000e-06	7.841892e-06	2.651018e-08	5.545460e+01	1.573605e+03
1.530000e-06	7.876174e-06	2.654016e-08	5.569703e+01	1.575363e+03
1.540000e-06	7.907681e-06	2.656613e-08	5.591983e+01	1.577110e+03
1.550000e-06	7.936493e-06	2.658977e-08	5.612358e+01	1.578765e+03
1.560000e-06	7.962427e-06	2.661342e-08	5.630697e+01	1.580211e+03
1.570000e-06	7.985494e-06	2.663355e-08	5.647009e+01	1.581351e+03
1.580000e-06	8.005878e-06	2.664676e-08	5.661424e+01	1.582151e+03
1.590000e-06	8.023466e-06	2.665355e-08	5.673862e+01	1.582650e+03
1.600000e-06	8.038082e-06	2.665798e-08	5.684198e+01	1.582947e+03
1.610000e-06	8.049534e-06	2.666120e-08	5.692296e+01	1.583151e+03
1.620000e-06	8.057901e-06	2.666279e-08	5.698213e+01	1.583338e+03
1.630000e-06	8.063504e-06	2.666306e-08	5.702175e+01	1.583516e+03
1.640000e-06	8.066297e-06	2.666210e-08	5.704150e+01	1.583628e+03
1.650000e-06	8.066262e-06	2.666209e-08	5.704125e+01	1.583580e+03
1.660000e-06	8.063599e-06	2.665977e-08	5.702242e+01	1.583282e+03
1.670000e-06	8.058224e-06	2.664821e-08	5.698441e+01	1.582695e+03
1.680000e-06	8.050147e-06	2.663309e-08	5.692729e+01	1.581843e+03
1.690000e-06	8.039383e-06	2.661659e-08	5.685118e+01	1.580802e+03
1.700000e-06	8.025725e-06	2.659470e-08	5.675459e+01	1.579668e+03
1.710000e-06	8.009435e-06	2.656312e-08	5.663939e+01	1.578506e+03
1.720000e-06	7.990938e-06	2.652689e-08	5.650859e+01	1.577325e+03
1.730000e-06	7.969991e-06	2.656114e-08	5.636047e+01	1.576070e+03
1.740000e-06	7.945965e-06	2.656188e-08	5.619056e+01	1.574645e+03
1.750000e-06	7.918347e-06	2.649086e-08	5.599526e+01	1.572959e+03
1.760000e-06	7.887247e-06	2.643500e-08	5.577533e+01	1.570965e+03
1.770000e-06	7.853372e-06	2.640504e-08	5.553578e+01	1.568681e+03
1.780000e-06	7.816937e-06	2.633829e-08	5.527813e+01	1.566184e+03
1.790000e-06	7.778100e-06	2.628075e-08	5.500349e+01	1.563579e+03
1.800000e-06	7.737297e-06	2.630537e-08	5.471494e+01	1.560947e+03
1.810000e-06	7.694184e-06	2.618225e-08	5.441007e+01	1.558312e+03
1.820000e-06	7.648316e-06	2.618994e-08	5.408571e+01	1.555630e+03
1.830000e-06	7.599720e-06	2.617994e-08	5.374206e+01	1.552805e+03
1.840000e-06	7.548013e-06	2.605699e-08	5.337641e+01	1.549727e+03
1.850000e-06	7.493287e-06	2.604789e-08	5.298941e+01	1.546322e+03
1.860000e-06	7.435899e-06	2.592466e-08	5.258358e+01	1.542580e+03
1.870000e-06	7.375826e-06	2.590744e-08	5.215877e+01	1.538558e+03
1.880000e-06	7.313160e-06	2.582349e-08	5.171563e+01	1.534350e+03
1.890000e-06	7.247806e-06	2.572069e-08	5.125347e+01	1.530047e+03
1.900000e-06	7.179750e-06	2.571165e-08	5.077221e+01	1.525693e+03
1.910000e-06	7.108889e-06	2.559223e-08	5.027111e+01	1.521265e+03
1.920000e-06	7.035304e-06	2.553473e-08	4.975075e+01	1.516681e+03
1.930000e-06	6.959079e-06	2.541725e-08	4.921171e+01	1.511833e+03
1.940000e-06	6.880130e-06	2.534289e-08	4.865342e+01	1.506635e+03
1.950000e-06	6.798759e-06	2.526303e-08	4.807800e+01	1.501057e+03
1.960000e-06	6.714988e-06	2.513227e-08	4.748560e+01	1.495136e+03
1.970000e-06	6.628761e-06	2.506861e-08	4.687584e+01	1.488956e+03
1.980000e-06	6.540140e-06	2.493449e-08	4.624915e+01	1.482610e+03
1.990000e-06	6.449217e-06	2.485378e-08	4.560618e+01	1.476154e+03
2.000000e-06	6.356036e-06	2.472601e-08	4.494725e+01	1.469580e+03
2.010000e-06	6.260529e-06	2.460915e-08	4.427186e+01	1.462818e+03
2.020000e-06	6.162777e-06	2.449373e-08	4.358060e+01	1.455762e+03
2.030000e-06	6.062763e-06	2.436103e-08	4.287334e+01	1.448317e+03
2.040000e-06	5.960580e-06	2.423943e-08	4.215075e+01	1.440437e+03
2.050000e-06	5.856280e-06	2.407798e-08	4.141317e+01	1.432140e+03
2.060000e-06	5.749920e-06	2.395366e-08	4.066104e+01	1.423503e+03
2.070000e-06	5.641545e-06	2.380298e-08	3.989466e+01	1.414617e+03
2.080000e-06	5.531079e-06	2.366235e-08	3.911349e+01	1.405550e+03
2.090000e-06	5.418518e-06	2.349395e-08	3.831750e+01	1.396309e+03
2.100000e-06	5.303817e-06	2.333161e-08	3.750639e+01	1.386839e+03
2.110000e-06	5.187079e-06	2.316253e-08	3.668086e+01	1.377043e+03
2.120000e-06	5.068285e-06	2.298272e-08	3.584080e+01	1.366824e+03
2.130000e-06	4.947580e-06	2.279860e-08	3.498723e+01	1.356129e+03
2.140000e-06	4.825141e-06	2.261632e-08	3.412139e+01	1.344967e+03
2.150000e-06	4.700963e-06	2.244393e-08	3.324326e+01	1.333404e+03
2.160000e-06	4.575130e-06	2.224778e-08	3.235342e+01	1.321531e+03
2.170000e-06	4.447664e-06	2.204060e-08	3.145203e+01	1.309415e+03
2.180000e-06	4.318675e-06	2.181744e-08	3.053988e+01	1.297067e+03
2.190000e-06	4.188177e-06	2.160455e-08	2.961704e+01	1.284433e+03
2.200000e-06	4.056121e-06	2.137869e-08	2.868320e+01	1.271412e+03
2.210000e-06	3.922628e-06	2.114932e-08	2.773919e+01	1.257904e+03
2.220000e-06	3.787688e-06	2.091511e-08	2.678495e+01	1.243849e+03
2.230000e-06	3.651295e-06	2.068241e-08	2.582044e+01	1.229258e+03
2.240000e-06	3.513570e-06	2.043568e-08	2.484651e+01	1.214204e+03
2.250000e-06	3.374510e-06	2.017008e-08	2.386313e+01	1.198783e+03
2.260000e-06	3.234192e-06	1.989978e-08	2.287086e+01	1.183072e+03
2.270000e-06	3.092697e-06	1.962876e-08	2.187026e+01	1.167080e+03
2.280000e-06	2.950074e-06	1.935330e-08	2.086170e+01	1.150743e+03
2.290000e-06	2.806357e-06	1.906159e-08	1.984539e+01	1.133944e+03
2.300000e-06	2.661635e-06	1.876467e-08	1.882198e+01	1.116566e+03
2.310000e-06	2.516056e-06	1.846531e-08	1.779250e+01	1.098544e+03
2.320000e-06	2.369518e-06	1.815880e-08	1.675624e+01	1.079896e+03
2.330000e-06	2.222009e-06	1.783794e-08	1.571312e+01	1.060718e+03
2.340000e-06	2.073741e-06	1.751000e-08	1.466463e+01	1.041136e+03
2.350000e-06	1.924759e-06	1.717950e-08	1.361110e+01	1.021237e+03
2.360000e-06	1.775120e-06	1.683944e-08	1.255291e+01	1.001021e+03
2.370000e-06	1.625003e-06	1.648177e-08	1.149135e+01	9.803798e+02
2.380000e-06	1.474424e-06	1.611235e-08	1.042652e+01	9.591277e+02
2.390000e-06	1.323336e-06	1.573643e-08	9.358083e+00	9.370751e+02
2.400000e-06	1.171709e-06	1.535358e-08	8.285836e+00	9.141055e+02
2.410000e-06	1.019560e-06	1.495600e-08	7.209903e+00	8.902245e+02
2.420000e-06	8.669879e-07	1.454751e-08	6.130978e+00	8.655515e+02
2.430000e-06	7.141425e-07	1.413007e-08	5.050119e+00	8.402509e+02
2.440000e-06	5.611138e-07	1.369977e-08	3.967964e+00	8.144262e+02
2.450000e-06	4.079230e-07	1.324848e-08	2.884662e+00	7.880215e+02
2.460000e-06	2.545796e-07	1.277260e-08	1.800281e+00	7.607778e+02
2.470000e-06	1.011296e-07	1.228115e-08	7.151466e-01	7.322687e+02
2.480000e-06	-5.234042e-08	1.177126e-08	-3.701297e-01	7.020079e+02
2.490000e-06	-2.057721e-07	1.123364e-08	-1.455135e+00	6.695855e+02
2.500000e-06	-3.591187e-07	1.066058e-08	-2.539538e+00	6.347662e+02
2.510000e-06	-5.123349e-07	1.005007e-08	-3.623020e+00	5.974893e+02
2.520000e-06	-6.653704e-07	9.394547e-09	-4.705223e+00	5.577456e+02
2.530000e-06	-8.181658e-07	8.683166e-09	-5.785728e+00	5.153538e+02
2.540000e-06	-9.706957e-07	7.906138e-09	-6.864356e+00	4.697135e+02
2.550000e-06	-1.122821e-06	7.051250e-09	-7.940126e+00	4.196390e+02
2.560000e-06	-1.274376e-06	6.100119e-09	-9.011856e+00	3.633713e+02
2.570000e-06	-1.425375e-06	5.024775e-09	-1.007966e+01	2.988183e+02
2.580000e-06	-1.575883e-06	3.791926e-09	-1.114399e+01	2.240003e+02
2.590000e-06	-1.725926e-06	2.374987e-09	-1.220503e+01	1.376025e+02
2.600000e-06	-1.875394e-06	7.595294e-10	-1.326201e+01	3.948447e+01
2.610000e-06	-2.024134e-06	-1.049052e-09	-1.431383e+01	-6.900923e+01
2.620000e-06	-2.172175e-06	-3.011030e-09	-1.536072e+01	-1.850493e+02
2.630000e-06	-2.319540e-06	-5.049760e-09	-1.640282e+01	-3.046605e+02
2.640000e-06	-2.466080e-06	-7.069418e-09	-1.743909e+01	-4.233308e+02
2.650000e-06	-2.611716e-06	-8.982856e-09	-1.846897e+01	-5.367423e+02
2.660000e-06	-2.756395e-06	-1.073344e-08	-1.949208e+01	-6.414424e+02
2.670000e-06	-2.899976e-06	-1.229990e-08	-2.050742e+01	-7.352909e+02
2.680000e-06	-3.042463e-06	-1.368094e-08	-2.151503e+01	-8.175900e+02
2.690000e-06	-3.183845e-06	-1.488995e-08	-2.251483e+01	-8.888956e+02
2.700000e-06	-3.324075e-06	-1.594816e-08	-2.350648e+01	-9.505982e+02
2.710000e-06	-3.463063e-06	-1.687835e-08	-2.448934e+01	-1.004415e+03
2.720000e-06	-3.600717e-06	-1.769798e-08	-2.546277e+01	-1.051942e+03
2.730000e-06	-3.736959e-06	-1.841704e-08	-2.642622e+01	-1.094380e+03
2.740000e-06	-3.871703e-06	-1.905132e-08	-2.737908e+01	-1.132467e+03
2.750000e-06	-4.005076e-06	-1.961674e-08	-2.832223e+01	-1.166583e+03
2.760000e-06	-4.137123e-06	-2.012147e-08	-2.925602e+01	-1.196956e+03
2.770000e-06	-4.267651e-06	-2.057177e-08	-3.017906e+01	-1.223856e+03
2.780000e-06	-4.396671e-06	-2.097692e-08	-3.109143e+01	-1.247698e+03
2.790000e-06	-4.524135e-06	-2.134662e-08	-3.199280e+01	-1.269045e+03
2.800000e-06	-4.649916e-06	-2.168624e-08	-3.288228e+01	-1.288507e+03
2.810000e-06	-4.774112e-06	-2.199882e-08	-3.376054e+01	-1.306609e+03
2.820000e-06	-4.896612e-06	-2.228749e-08	-3.462680e+01	-1.323687e+03
2.830000e-06	-5.017284e-06	-2.255574e-08	-3.548015e+01	-1.339853e+03
2.840000e-06	-5.136079e-06	-2.280627e-08	-3.632022e+01	-1.355053e+03
2.850000e-06	-5.252920e-06	-2.303904e-08	-3.714647e+01	-1.369165e+03
2.860000e-06	-5.367668e-06	-2.325438e-08	-3.795791e+01	-1.382122e+03
2.870000e-06	-5.480201e-06	-2.345618e-08	-3.875371e+01	-1.393978e+03
2.880000e-06	-5.590626e-06	-2.364825e-08	-3.953459e+01	-1.404922e+03
2.890000e-06	-5.699029e-06	-2.383015e-08	-4.030116e+01	-1.415216e+03
2.900000e-06	-5.805448e-06	-2.399908e-08	-4.105371e+01	-1.425108e+03
2.910000e-06	-5.909847e-06	-2.415970e-08	-4.179198e+01	-1.434744e+03
2.920000e-06	-6.012100e-06	-2.431619e-08	-4.251507e+01	-1.444137e+03
2.930000e-06	-6.112146e-06	-2.446680e-08	-4.322256e+01	-1.453181e+03
2.940000e-06	-6.210051e-06	-2.460860e-08	-4.391490e+01	-1.461722e+03
2.950000e-06	-6.305777e-06	-2.474118e-08	-4.459183e+01	-1.469642e+03
2.960000e-06	-6.399260e-06	-2.486771e-08	-4.525290e+01	-1.476916e+03
2.970000e-06	-6.490513e-06	-2.498681e-08	-4.589821e+01	-1.483633e+03
2.980000e-06	-6.579543e-06	-2.509718e-08	-4.652779e+01	-1.489957e+03
2.990000e-06	-6.666250e-06	-2.520198e-08	-4.714095e+01	-1.496061e+03
3.000000e-06	-6.750513e-06	-2.530381e-08	-4.773682e+01	-1.502060e+03
3.010000e-06	-6.832357e-06	-2.540204e-08	-4.831559e+01	-1.507967e+03
3.020000e-06	-6.911779e-06	-2.549603e-08	-4.887722e+01	-1.513699e+03
3.030000e-06	-6.988584e-06	-2.558452e-08	-4.942036e+01	-1.519126e+03
3.040000e-06	-7.062669e-06	-2.566658e-08	-4.994426e+01	-1.524136e+03
3.050000e-06	-7.134152e-06	-2.574260e-08	-5.044976e+01	-1.528689e+03
3.060000e-06	-7.203034e-06	-2.581458e-08	-5.093686e+01	-1.532836e+03
3.070000e-06	-7.269380e-06	-2.588309e-08	-5.140603e+01	-1.536703e+03
3.080000e-06	-7.333273e-06	-2.594960e-08	-5.185786e+01	-1.540434e+03
3.090000e-06	-7.394571e-06	-2.601297e-08	-5.229133e+01	-1.544129e+03
3.100000e-06	-7.453180e-06	-2.607424e-08	-5.270579e+01	-1.547806e+03
3.110000e-06	-7.509076e-06	-2.613364e-08	-5.310107e+01	-1.551391e+03
3.120000e-06	-7.562125e-06	-2.618759e-08	-5.347620e+01	-1.554758e+03
3.130000e-06	-7.612196e-06	-2.623538e-08	-5.383028e+01	-1.557783e+03
3.140000e-06	-7.659237e-06	-2.627883e-08	-5.416294e+01	-1.560402e+03
3.150000e-06	-7.703523e-06	-2.632022e-08	-5.447611e+01	-1.562635e+03
3.160000e-06	-7.745318e-06	-2.635815e-08	-5.477167e+01	-1.564580e+03
3.170000e-06	-7.784473e-06	-2.639102e-08	-5.504856e+01	-1.566373e+03
3.180000e-06	-7.820872e-06	-2.642042e-08	-5.530595e+01	-1.568127e+03
3.190000e-06	-7.854588e-06	-2.644870e-08	-5.554438e+01	-1.569887e+03
3.200000e-06	-7.885491e-06	-2.647675e-08	-5.576291e+01	-1.571618e+03
3.210000e-06	-7.913465e-06	-2.650352e-08	-5.596073e+01	-1.573220e+03
3.220000e-06	-7.938642e-06	-2.652692e-08	-5.613878e+01	-1.574577e+03
3.230000e-06	-7.960987e-06	-2.654502e-08	-5.629679e+01	-1.575608e+03
3.240000e-06	-7.980484e-06	-2.655797e-08	-5.643466e+01	-1.576305e+03
3.250000e-06	-7.997252e-06	-2.656667e-08	-5.655324e+01	-1.576728e+03
3.260000e-06	-8.011063e-06	-2.657320e-08	-5.665091e+01	-1.576985e+03
3.270000e-06	-8.021761e-06	-2.658039e-08	-5.672656e+01	-1.577179e+03
3.280000e-06	-8.029548e-06	-2.658657e-08	-5.678162e+01	-1.577366e+03
3.290000e-06	-8.034475e-06	-2.659127e-08	-5.681647e+01	-1.577534e+03
3.300000e-06	-8.036577e-06	-2.659290e-08	-5.683133e+01	-1.577606e+03
3.310000e-06	-8.035923e-06	-2.658350e-08	-5.682670e+01	-1.577487e+03
