# Temperatura_=_33.3
# Concentracion g/m^3_=_22500.0
# C_Vs_to_Am_M_A/Vsm_=_59384043850.047264
# pendiente_HvsI_1/m_=_3716.3
# ordenada_HvsI_A/m_=_1297.0
# frecuencia_Hz_=_301759.8816505989

Tiempo_(s)	Campo_(V.s)	Magnetizacion_(V.s)	Campo_(kA/m)	Magnetizacion_(A/m)
0.000000e+00	-8.016224e-06	-2.657708e-08	-5.681167e+01	-1.577555e+03
1.000000e-08	-8.011862e-06	-2.656837e-08	-5.678076e+01	-1.577119e+03
2.000000e-08	-8.004872e-06	-2.655940e-08	-5.673122e+01	-1.576397e+03
3.000000e-08	-7.995178e-06	-2.654966e-08	-5.666252e+01	-1.575433e+03
4.000000e-08	-7.982646e-06	-2.653697e-08	-5.657370e+01	-1.574310e+03
5.000000e-08	-7.967180e-06	-2.651989e-08	-5.646410e+01	-1.573113e+03
6.000000e-08	-7.948936e-06	-2.650087e-08	-5.633480e+01	-1.571886e+03
7.000000e-08	-7.928268e-06	-2.647243e-08	-5.618832e+01	-1.570616e+03
8.000000e-08	-7.904981e-06	-2.643768e-08	-5.602329e+01	-1.569236e+03
9.000000e-08	-7.878514e-06	-2.639978e-08	-5.583571e+01	-1.567657e+03
1.000000e-07	-7.848866e-06	-2.636824e-08	-5.562560e+01	-1.565805e+03
1.100000e-07	-7.816370e-06	-2.634764e-08	-5.539529e+01	-1.563659e+03
1.200000e-07	-7.781186e-06	-2.632095e-08	-5.514594e+01	-1.561256e+03
1.300000e-07	-7.743568e-06	-2.628604e-08	-5.487934e+01	-1.558678e+03
1.400000e-07	-7.703773e-06	-2.623689e-08	-5.459731e+01	-1.556015e+03
1.500000e-07	-7.661583e-06	-2.618152e-08	-5.429830e+01	-1.553323e+03
1.600000e-07	-7.616619e-06	-2.614131e-08	-5.397964e+01	-1.550600e+03
1.700000e-07	-7.568936e-06	-2.606938e-08	-5.364170e+01	-1.547786e+03
1.800000e-07	-7.518443e-06	-2.600665e-08	-5.328386e+01	-1.544788e+03
1.900000e-07	-7.464888e-06	-2.596173e-08	-5.290431e+01	-1.541518e+03
2.000000e-07	-7.408518e-06	-2.590197e-08	-5.250481e+01	-1.537930e+03
2.100000e-07	-7.349500e-06	-2.585730e-08	-5.208654e+01	-1.534040e+03
2.200000e-07	-7.287832e-06	-2.578520e-08	-5.164950e+01	-1.529911e+03
2.300000e-07	-7.223512e-06	-2.571071e-08	-5.119366e+01	-1.525625e+03
2.400000e-07	-7.156432e-06	-2.563701e-08	-5.071825e+01	-1.521244e+03
2.500000e-07	-7.086721e-06	-2.555693e-08	-5.022420e+01	-1.516776e+03
2.600000e-07	-7.014436e-06	-2.546584e-08	-4.971191e+01	-1.512170e+03
2.700000e-07	-6.939432e-06	-2.537770e-08	-4.918036e+01	-1.507339e+03
2.800000e-07	-6.861680e-06	-2.530576e-08	-4.862932e+01	-1.502193e+03
2.900000e-07	-6.781169e-06	-2.521706e-08	-4.805873e+01	-1.496679e+03
3.000000e-07	-6.698151e-06	-2.512295e-08	-4.747038e+01	-1.490804e+03
3.100000e-07	-6.612978e-06	-2.501997e-08	-4.686675e+01	-1.484630e+03
3.200000e-07	-6.525633e-06	-2.491002e-08	-4.624772e+01	-1.478242e+03
3.300000e-07	-6.435913e-06	-2.480002e-08	-4.561187e+01	-1.471714e+03
3.400000e-07	-6.343803e-06	-2.468477e-08	-4.495908e+01	-1.465071e+03
3.500000e-07	-6.249426e-06	-2.456090e-08	-4.429022e+01	-1.458276e+03
3.600000e-07	-6.152763e-06	-2.444079e-08	-4.360517e+01	-1.451244e+03
3.700000e-07	-6.053802e-06	-2.432639e-08	-4.290382e+01	-1.443878e+03
3.800000e-07	-5.952703e-06	-2.419744e-08	-4.218732e+01	-1.436110e+03
3.900000e-07	-5.849523e-06	-2.405629e-08	-4.145608e+01	-1.427927e+03
4.000000e-07	-5.744166e-06	-2.391690e-08	-4.070940e+01	-1.419375e+03
4.100000e-07	-5.636702e-06	-2.377806e-08	-3.994779e+01	-1.410534e+03
4.200000e-07	-5.527256e-06	-2.362342e-08	-3.917214e+01	-1.401478e+03
4.300000e-07	-5.415839e-06	-2.345471e-08	-3.838252e+01	-1.392240e+03
4.400000e-07	-5.302366e-06	-2.329271e-08	-3.757833e+01	-1.382791e+03
4.500000e-07	-5.186780e-06	-2.313737e-08	-3.675916e+01	-1.373052e+03
4.600000e-07	-5.069145e-06	-2.296846e-08	-3.592547e+01	-1.362926e+03
4.700000e-07	-4.949698e-06	-2.278554e-08	-3.507894e+01	-1.352339e+03
4.800000e-07	-4.828479e-06	-2.260386e-08	-3.421985e+01	-1.341273e+03
4.900000e-07	-4.705406e-06	-2.241989e-08	-3.334762e+01	-1.329774e+03
5.000000e-07	-4.580572e-06	-2.222052e-08	-3.246291e+01	-1.317926e+03
5.100000e-07	-4.454119e-06	-2.200565e-08	-3.156673e+01	-1.305817e+03
5.200000e-07	-4.326121e-06	-2.179106e-08	-3.065959e+01	-1.293491e+03
5.300000e-07	-4.196525e-06	-2.158341e-08	-2.974114e+01	-1.280927e+03
5.400000e-07	-4.065366e-06	-2.137232e-08	-2.881160e+01	-1.268045e+03
5.500000e-07	-3.932737e-06	-2.114561e-08	-2.787165e+01	-1.254739e+03
5.600000e-07	-3.798738e-06	-2.091253e-08	-2.692198e+01	-1.240919e+03
5.700000e-07	-3.663463e-06	-2.067888e-08	-2.596328e+01	-1.226556e+03
5.800000e-07	-3.526813e-06	-2.043511e-08	-2.499483e+01	-1.211686e+03
5.900000e-07	-3.388758e-06	-2.017279e-08	-2.401642e+01	-1.196395e+03
6.000000e-07	-3.249427e-06	-1.990200e-08	-2.302897e+01	-1.180775e+03
6.100000e-07	-3.108811e-06	-1.963589e-08	-2.203242e+01	-1.164878e+03
6.200000e-07	-2.966824e-06	-1.936731e-08	-2.102614e+01	-1.148684e+03
6.300000e-07	-2.823559e-06	-1.908632e-08	-2.001081e+01	-1.132105e+03
6.400000e-07	-2.679215e-06	-1.879359e-08	-1.898783e+01	-1.115021e+03
6.500000e-07	-2.533835e-06	-1.849879e-08	-1.795751e+01	-1.097334e+03
6.600000e-07	-2.387513e-06	-1.819810e-08	-1.692052e+01	-1.079010e+03
6.700000e-07	-2.240448e-06	-1.788047e-08	-1.587825e+01	-1.060097e+03
6.800000e-07	-2.092687e-06	-1.754888e-08	-1.483106e+01	-1.040700e+03
6.900000e-07	-1.944238e-06	-1.721793e-08	-1.377899e+01	-1.020928e+03
7.000000e-07	-1.795162e-06	-1.688648e-08	-1.272247e+01	-1.000833e+03
7.100000e-07	-1.645500e-06	-1.654109e-08	-1.166180e+01	-9.803729e+02
7.200000e-07	-1.495347e-06	-1.617793e-08	-1.059766e+01	-9.594103e+02
7.300000e-07	-1.344713e-06	-1.580814e-08	-9.530098e+00	-9.377630e+02
7.400000e-07	-1.193565e-06	-1.543332e-08	-8.458902e+00	-9.152751e+02
7.500000e-07	-1.041961e-06	-1.504191e-08	-7.384469e+00	-8.918814e+02
7.600000e-07	-8.899110e-07	-1.463336e-08	-6.306876e+00	-8.676315e+02
7.700000e-07	-7.374125e-07	-1.421739e-08	-5.226106e+00	-8.426569e+02
7.800000e-07	-5.845566e-07	-1.379532e-08	-4.142803e+00	-8.170875e+02
7.900000e-07	-4.315346e-07	-1.335665e-08	-3.058323e+00	-7.909521e+02
8.000000e-07	-2.784511e-07	-1.289589e-08	-1.973407e+00	-7.641054e+02
8.100000e-07	-1.252552e-07	-1.241566e-08	-8.876946e-01	-7.362193e+02
8.200000e-07	2.798199e-08	-1.191596e-08	1.983108e-01	-7.068490e+02
8.300000e-07	1.811738e-07	-1.138770e-08	1.283995e+00	-6.755506e+02
8.400000e-07	3.343366e-07	-1.082243e-08	2.369472e+00	-6.419969e+02
8.500000e-07	4.873702e-07	-1.022032e-08	3.454035e+00	-6.060303e+02
8.600000e-07	6.402030e-07	-9.582320e-09	4.537174e+00	-5.676088e+02
8.700000e-07	7.928075e-07	-8.897440e-09	5.618695e+00	-5.266402e+02
8.800000e-07	9.451059e-07	-8.148738e-09	6.698047e+00	-4.827532e+02
8.900000e-07	1.097009e-06	-7.323091e-09	7.774595e+00	-4.350920e+02
9.000000e-07	1.248436e-06	-6.410602e-09	8.847772e+00	-3.822333e+02
9.100000e-07	1.399359e-06	-5.386270e-09	9.917375e+00	-3.223013e+02
9.200000e-07	1.549789e-06	-4.214515e-09	1.098349e+01	-2.532964e+02
9.300000e-07	1.699733e-06	-2.869840e-09	1.204615e+01	-1.735815e+02
9.400000e-07	1.849097e-06	-1.337882e-09	1.310471e+01	-8.240557e+01
9.500000e-07	1.997822e-06	3.824715e-10	1.415873e+01	1.968622e+01
9.600000e-07	2.145917e-06	2.273305e-09	1.520830e+01	1.306886e+02
9.700000e-07	2.293336e-06	4.274490e-09	1.625307e+01	2.472915e+02
9.800000e-07	2.439961e-06	6.291463e-09	1.729221e+01	3.653380e+02
9.900000e-07	2.585652e-06	8.233305e-09	1.832474e+01	4.804798e+02
1.000000e-06	2.730393e-06	1.003812e-08	1.935053e+01	5.888706e+02
1.010000e-06	2.874148e-06	1.167543e-08	2.036934e+01	6.877227e+02
1.020000e-06	3.016802e-06	1.313044e-08	2.138034e+01	7.756010e+02
1.030000e-06	3.158265e-06	1.440720e-08	2.238290e+01	8.524019e+02
1.040000e-06	3.298496e-06	1.552732e-08	2.337673e+01	9.190585e+02
1.050000e-06	3.437464e-06	1.651441e-08	2.436160e+01	9.770848e+02
1.060000e-06	3.575130e-06	1.738178e-08	2.533726e+01	1.028102e+03
1.070000e-06	3.711455e-06	1.814294e-08	2.630341e+01	1.073480e+03
1.080000e-06	3.846419e-06	1.881899e-08	2.725990e+01	1.114161e+03
1.090000e-06	3.980024e-06	1.942364e-08	2.820677e+01	1.150684e+03
1.100000e-06	4.112225e-06	1.996071e-08	2.914370e+01	1.183337e+03
1.110000e-06	4.242936e-06	2.043693e-08	3.007006e+01	1.212353e+03
1.120000e-06	4.372051e-06	2.086550e-08	3.098510e+01	1.238069e+03
1.130000e-06	4.499573e-06	2.125812e-08	3.188886e+01	1.260974e+03
1.140000e-06	4.625585e-06	2.161743e-08	3.278192e+01	1.281659e+03
1.150000e-06	4.750103e-06	2.194324e-08	3.366439e+01	1.300703e+03
1.160000e-06	4.872960e-06	2.224207e-08	3.453509e+01	1.318543e+03
1.170000e-06	4.993972e-06	2.252174e-08	3.539271e+01	1.335411e+03
1.180000e-06	5.113098e-06	2.278305e-08	3.623697e+01	1.351337e+03
1.190000e-06	5.230310e-06	2.302452e-08	3.706766e+01	1.366227e+03
1.200000e-06	5.345474e-06	2.325045e-08	3.788384e+01	1.379979e+03
1.210000e-06	5.458538e-06	2.346460e-08	3.868513e+01	1.392580e+03
1.220000e-06	5.569625e-06	2.366568e-08	3.947242e+01	1.404149e+03
1.230000e-06	5.678843e-06	2.385301e-08	4.024645e+01	1.414914e+03
1.240000e-06	5.786063e-06	2.402908e-08	4.100633e+01	1.425139e+03
1.250000e-06	5.891096e-06	2.419643e-08	4.175071e+01	1.435027e+03
1.260000e-06	5.994015e-06	2.435549e-08	4.248010e+01	1.444667e+03
1.270000e-06	6.094847e-06	2.450570e-08	4.319471e+01	1.454013e+03
1.280000e-06	6.193413e-06	2.464780e-08	4.389326e+01	1.462931e+03
1.290000e-06	6.289684e-06	2.478246e-08	4.457553e+01	1.471275e+03
1.300000e-06	6.383767e-06	2.491092e-08	4.524231e+01	1.478966e+03
1.310000e-06	6.475629e-06	2.503437e-08	4.589335e+01	1.486029e+03
1.320000e-06	6.565150e-06	2.514912e-08	4.652779e+01	1.492594e+03
1.330000e-06	6.652367e-06	2.525652e-08	4.714590e+01	1.498836e+03
1.340000e-06	6.737359e-06	2.536040e-08	4.774825e+01	1.504913e+03
1.350000e-06	6.819994e-06	2.545936e-08	4.833389e+01	1.510899e+03
1.360000e-06	6.900122e-06	2.555238e-08	4.890176e+01	1.516767e+03
1.370000e-06	6.977722e-06	2.564149e-08	4.945172e+01	1.522410e+03
1.380000e-06	7.052716e-06	2.572984e-08	4.998321e+01	1.527696e+03
1.390000e-06	7.125071e-06	2.581464e-08	5.049600e+01	1.532536e+03
1.400000e-06	7.194919e-06	2.589108e-08	5.099102e+01	1.536923e+03
1.410000e-06	7.262190e-06	2.596007e-08	5.146777e+01	1.540938e+03
1.420000e-06	7.326825e-06	2.602551e-08	5.192584e+01	1.544717e+03
1.430000e-06	7.388959e-06	2.608969e-08	5.236619e+01	1.548393e+03
1.440000e-06	7.448609e-06	2.614996e-08	5.278894e+01	1.552041e+03
1.450000e-06	7.505617e-06	2.620582e-08	5.319296e+01	1.555649e+03
1.460000e-06	7.559717e-06	2.626095e-08	5.357637e+01	1.559128e+03
1.470000e-06	7.610689e-06	2.631574e-08	5.393761e+01	1.562357e+03
1.480000e-06	7.658652e-06	2.636461e-08	5.427753e+01	1.565234e+03
1.490000e-06	7.703928e-06	2.640349e-08	5.459841e+01	1.567727e+03
1.500000e-06	7.746520e-06	2.643806e-08	5.490026e+01	1.569881e+03
1.510000e-06	7.786276e-06	2.647262e-08	5.518201e+01	1.571802e+03
1.520000e-06	7.823300e-06	2.650642e-08	5.544441e+01	1.573609e+03
1.530000e-06	7.857616e-06	2.653643e-08	5.568761e+01	1.575384e+03
1.540000e-06	7.889147e-06	2.656361e-08	5.591107e+01	1.577136e+03
1.550000e-06	7.917983e-06	2.659087e-08	5.611543e+01	1.578806e+03
1.560000e-06	7.943975e-06	2.661468e-08	5.629964e+01	1.580289e+03
1.570000e-06	7.967117e-06	2.663030e-08	5.646365e+01	1.581488e+03
1.580000e-06	7.987609e-06	2.664084e-08	5.660888e+01	1.582357e+03
1.590000e-06	8.005321e-06	2.665058e-08	5.673440e+01	1.582917e+03
1.600000e-06	8.020050e-06	2.665989e-08	5.683879e+01	1.583250e+03
1.610000e-06	8.031632e-06	2.666539e-08	5.692087e+01	1.583462e+03
1.620000e-06	8.040122e-06	2.666766e-08	5.698104e+01	1.583637e+03
1.630000e-06	8.045786e-06	2.667021e-08	5.702118e+01	1.583801e+03
1.640000e-06	8.048630e-06	2.667208e-08	5.704134e+01	1.583915e+03
1.650000e-06	8.048653e-06	2.666966e-08	5.704150e+01	1.583893e+03
1.660000e-06	8.046104e-06	2.665933e-08	5.702343e+01	1.583644e+03
1.670000e-06	8.040982e-06	2.664776e-08	5.698714e+01	1.583114e+03
1.680000e-06	8.033133e-06	2.663815e-08	5.693151e+01	1.582306e+03
1.690000e-06	8.022513e-06	2.662411e-08	5.685625e+01	1.581280e+03
1.700000e-06	8.009022e-06	2.660452e-08	5.676063e+01	1.580124e+03
1.710000e-06	7.992900e-06	2.658170e-08	5.664638e+01	1.578914e+03
1.720000e-06	7.974531e-06	2.656492e-08	5.651619e+01	1.577677e+03
1.730000e-06	7.953702e-06	2.654596e-08	5.636857e+01	1.576380e+03
1.740000e-06	7.929814e-06	2.652560e-08	5.619928e+01	1.574945e+03
1.750000e-06	7.902383e-06	2.649694e-08	5.600488e+01	1.573283e+03
1.760000e-06	7.871428e-06	2.645381e-08	5.578549e+01	1.571335e+03
1.770000e-06	7.837620e-06	2.640810e-08	5.554589e+01	1.569099e+03
1.780000e-06	7.801344e-06	2.636006e-08	5.528880e+01	1.566628e+03
1.790000e-06	7.762642e-06	2.633083e-08	5.501452e+01	1.564013e+03
1.800000e-06	7.721902e-06	2.627353e-08	5.472579e+01	1.561336e+03
1.810000e-06	7.678955e-06	2.623065e-08	5.442142e+01	1.558637e+03
1.820000e-06	7.633367e-06	2.619810e-08	5.409833e+01	1.555893e+03
1.830000e-06	7.585016e-06	2.614513e-08	5.375566e+01	1.553030e+03
1.840000e-06	7.533556e-06	2.611131e-08	5.339096e+01	1.549951e+03
1.850000e-06	7.479062e-06	2.603406e-08	5.300476e+01	1.546580e+03
1.860000e-06	7.421912e-06	2.595992e-08	5.259973e+01	1.542889e+03
1.870000e-06	7.362145e-06	2.589464e-08	5.217616e+01	1.538913e+03
1.880000e-06	7.299721e-06	2.582837e-08	5.173376e+01	1.534724e+03
1.890000e-06	7.234610e-06	2.576795e-08	5.127231e+01	1.530403e+03
1.900000e-06	7.166858e-06	2.569304e-08	5.079215e+01	1.525994e+03
1.910000e-06	7.096300e-06	2.563209e-08	5.029209e+01	1.521489e+03
1.920000e-06	7.022965e-06	2.553910e-08	4.977236e+01	1.516820e+03
1.930000e-06	6.947008e-06	2.543738e-08	4.923405e+01	1.511895e+03
1.940000e-06	6.868370e-06	2.534108e-08	4.867674e+01	1.506633e+03
1.950000e-06	6.787275e-06	2.524250e-08	4.810200e+01	1.500999e+03
1.960000e-06	6.703758e-06	2.516382e-08	4.751011e+01	1.495018e+03
1.970000e-06	6.617699e-06	2.506735e-08	4.690021e+01	1.488765e+03
1.980000e-06	6.529209e-06	2.496161e-08	4.627307e+01	1.482325e+03
1.990000e-06	6.438487e-06	2.484339e-08	4.563011e+01	1.475760e+03
2.000000e-06	6.345579e-06	2.472929e-08	4.497167e+01	1.469074e+03
2.010000e-06	6.250379e-06	2.460638e-08	4.429698e+01	1.462212e+03
2.020000e-06	6.152937e-06	2.447593e-08	4.360640e+01	1.455081e+03
2.030000e-06	6.053296e-06	2.435481e-08	4.290023e+01	1.447590e+03
2.040000e-06	5.951406e-06	2.423159e-08	4.217813e+01	1.439686e+03
2.050000e-06	5.847363e-06	2.409598e-08	4.144077e+01	1.431377e+03
2.060000e-06	5.741339e-06	2.394324e-08	4.068937e+01	1.422722e+03
2.070000e-06	5.633345e-06	2.379759e-08	3.992400e+01	1.413804e+03
2.080000e-06	5.523211e-06	2.364952e-08	3.914348e+01	1.404688e+03
2.090000e-06	5.410992e-06	2.349119e-08	3.834817e+01	1.395387e+03
2.100000e-06	5.296726e-06	2.331826e-08	3.753836e+01	1.385854e+03
2.110000e-06	5.180392e-06	2.314646e-08	3.671389e+01	1.376000e+03
2.120000e-06	5.061997e-06	2.297113e-08	3.587481e+01	1.365731e+03
2.130000e-06	4.941708e-06	2.278961e-08	3.502231e+01	1.354987e+03
2.140000e-06	4.819694e-06	2.260539e-08	3.415759e+01	1.343774e+03
2.150000e-06	4.695890e-06	2.242261e-08	3.328018e+01	1.332151e+03
2.160000e-06	4.570409e-06	2.223277e-08	3.239088e+01	1.320211e+03
2.170000e-06	4.443272e-06	2.202618e-08	3.148985e+01	1.308029e+03
2.180000e-06	4.314546e-06	2.180344e-08	3.057756e+01	1.295631e+03
2.190000e-06	4.184360e-06	2.157890e-08	2.965493e+01	1.282975e+03
2.200000e-06	4.052644e-06	2.135760e-08	2.872144e+01	1.269967e+03
2.210000e-06	3.919487e-06	2.113056e-08	2.777774e+01	1.256503e+03
2.220000e-06	3.784941e-06	2.089707e-08	2.682421e+01	1.242508e+03
2.230000e-06	3.648988e-06	2.065806e-08	2.586069e+01	1.227973e+03
2.240000e-06	3.511719e-06	2.041536e-08	2.488786e+01	1.212956e+03
2.250000e-06	3.373126e-06	2.015566e-08	2.390563e+01	1.197549e+03
2.260000e-06	3.233200e-06	1.988511e-08	2.291397e+01	1.181837e+03
2.270000e-06	3.092048e-06	1.960815e-08	2.191361e+01	1.165850e+03
2.280000e-06	2.949733e-06	1.933250e-08	2.090501e+01	1.149543e+03
2.290000e-06	2.806265e-06	1.904940e-08	1.988824e+01	1.132814e+03
2.300000e-06	2.661802e-06	1.875427e-08	1.886442e+01	1.115544e+03
2.310000e-06	2.516513e-06	1.845120e-08	1.783475e+01	1.097651e+03
2.320000e-06	2.370424e-06	1.814369e-08	1.679940e+01	1.079128e+03
2.330000e-06	2.223448e-06	1.782756e-08	1.575777e+01	1.060045e+03
2.340000e-06	2.075565e-06	1.749947e-08	1.470971e+01	1.040516e+03
2.350000e-06	1.926953e-06	1.716595e-08	1.365648e+01	1.020638e+03
2.360000e-06	1.777754e-06	1.682582e-08	1.259909e+01	1.000435e+03
2.370000e-06	1.627946e-06	1.647466e-08	1.153740e+01	9.798303e+02
2.380000e-06	1.477533e-06	1.610873e-08	1.047140e+01	9.586669e+02
2.390000e-06	1.326570e-06	1.573512e-08	9.401515e+00	9.367622e+02
2.400000e-06	1.175110e-06	1.535178e-08	8.328106e+00	9.139837e+02
2.410000e-06	1.023195e-06	1.495746e-08	7.251472e+00	8.903033e+02
2.420000e-06	8.709242e-07	1.455085e-08	6.172315e+00	8.658033e+02
2.430000e-06	7.183947e-07	1.413314e-08	5.091325e+00	8.406253e+02
2.440000e-06	5.656722e-07	1.370434e-08	4.008968e+00	8.148773e+02
2.450000e-06	4.127908e-07	1.325868e-08	2.925484e+00	7.885375e+02
2.460000e-06	2.597965e-07	1.279096e-08	1.841201e+00	7.613991e+02
2.470000e-06	1.066953e-07	1.230262e-08	7.561585e-01	7.330861e+02
2.480000e-06	-4.645697e-08	1.179323e-08	-3.292446e-01	7.031400e+02
2.490000e-06	-1.995316e-07	1.125783e-08	-1.414098e+00	6.711434e+02
2.500000e-06	-3.524956e-07	1.069147e-08	-2.498167e+00	6.368227e+02
2.510000e-06	-5.053222e-07	1.008884e-08	-3.581262e+00	6.000689e+02
2.520000e-06	-6.579833e-07	9.443247e-09	-4.663185e+00	5.608464e+02
2.530000e-06	-8.104554e-07	8.745119e-09	-5.743768e+00	5.189991e+02
2.540000e-06	-9.626561e-07	7.983868e-09	-6.822428e+00	4.740186e+02
2.550000e-06	-1.114481e-06	7.145288e-09	-7.898425e+00	4.248672e+02
2.560000e-06	-1.265887e-06	6.213837e-09	-8.971449e+00	3.699530e+02
2.570000e-06	-1.416790e-06	5.166040e-09	-1.004092e+01	3.073152e+02
2.580000e-06	-1.567136e-06	3.971509e-09	-1.110643e+01	2.350130e+02
2.590000e-06	-1.716922e-06	2.602273e-09	-1.216798e+01	1.516394e+02
2.600000e-06	-1.866104e-06	1.042363e-09	-1.322524e+01	5.682469e+01
2.610000e-06	-2.014610e-06	-7.067312e-10	-1.427771e+01	-4.841971e+01
2.620000e-06	-2.162393e-06	-2.614137e-09	-1.532507e+01	-1.616365e+02
2.630000e-06	-2.309434e-06	-4.613995e-09	-1.636716e+01	-2.791812e+02
2.640000e-06	-2.455645e-06	-6.616533e-09	-1.740337e+01	-3.967584e+02
2.650000e-06	-2.600940e-06	-8.532333e-09	-1.843309e+01	-5.101090e+02
2.660000e-06	-2.745335e-06	-1.030023e-08	-1.945643e+01	-6.156767e+02
2.670000e-06	-2.888788e-06	-1.189421e-08	-2.047309e+01	-7.110917e+02
2.680000e-06	-3.031152e-06	-1.330908e-08	-2.148204e+01	-7.953638e+02
2.690000e-06	-3.172282e-06	-1.455186e-08	-2.248224e+01	-8.687653e+02
2.700000e-06	-3.312120e-06	-1.564094e-08	-2.347328e+01	-9.324696e+02
2.710000e-06	-3.450655e-06	-1.659922e-08	-2.445509e+01	-9.880736e+02
2.720000e-06	-3.587858e-06	-1.744460e-08	-2.542746e+01	-1.037149e+03
2.730000e-06	-3.723756e-06	-1.818882e-08	-2.639058e+01	-1.080936e+03
2.740000e-06	-3.858338e-06	-1.884562e-08	-2.734438e+01	-1.120239e+03
2.750000e-06	-3.991535e-06	-1.942998e-08	-2.828835e+01	-1.155494e+03
2.760000e-06	-4.123275e-06	-1.995230e-08	-2.922201e+01	-1.186951e+03
2.770000e-06	-4.253538e-06	-2.041933e-08	-3.014519e+01	-1.214863e+03
2.780000e-06	-4.382346e-06	-2.083923e-08	-3.105806e+01	-1.239617e+03
2.790000e-06	-4.509655e-06	-2.122093e-08	-3.196032e+01	-1.261742e+03
2.800000e-06	-4.635294e-06	-2.157136e-08	-3.285073e+01	-1.281842e+03
2.810000e-06	-4.759222e-06	-2.189367e-08	-3.372902e+01	-1.300461e+03
2.820000e-06	-4.881482e-06	-2.219076e-08	-3.459548e+01	-1.317976e+03
2.830000e-06	-5.002017e-06	-2.246566e-08	-3.544973e+01	-1.334547e+03
2.840000e-06	-5.120709e-06	-2.272230e-08	-3.629091e+01	-1.350153e+03
2.850000e-06	-5.237343e-06	-2.296232e-08	-3.711751e+01	-1.364687e+03
2.860000e-06	-5.351811e-06	-2.318353e-08	-3.792875e+01	-1.378065e+03
2.870000e-06	-5.464112e-06	-2.338972e-08	-3.872463e+01	-1.390316e+03
2.880000e-06	-5.574266e-06	-2.358566e-08	-3.950530e+01	-1.401599e+03
2.890000e-06	-5.682414e-06	-2.377225e-08	-4.027176e+01	-1.412164e+03
2.900000e-06	-5.788682e-06	-2.394857e-08	-4.102489e+01	-1.422264e+03
2.910000e-06	-5.893011e-06	-2.411598e-08	-4.176428e+01	-1.432071e+03
2.920000e-06	-5.995154e-06	-2.427627e-08	-4.248818e+01	-1.441628e+03
2.930000e-06	-6.095013e-06	-2.442883e-08	-4.319589e+01	-1.450853e+03
2.940000e-06	-6.192775e-06	-2.457168e-08	-4.388873e+01	-1.459602e+03
2.950000e-06	-6.288451e-06	-2.470570e-08	-4.456680e+01	-1.467741e+03
2.960000e-06	-6.381851e-06	-2.483337e-08	-4.522873e+01	-1.475223e+03
2.970000e-06	-6.473009e-06	-2.495412e-08	-4.587478e+01	-1.482109e+03
2.980000e-06	-6.561985e-06	-2.506894e-08	-4.650536e+01	-1.488551e+03
2.990000e-06	-6.648608e-06	-2.518030e-08	-4.711926e+01	-1.494727e+03
3.000000e-06	-6.732798e-06	-2.528632e-08	-4.771593e+01	-1.500772e+03
3.010000e-06	-6.814634e-06	-2.538330e-08	-4.829590e+01	-1.506729e+03
3.020000e-06	-6.894070e-06	-2.547466e-08	-4.885887e+01	-1.512540e+03
3.030000e-06	-6.970870e-06	-2.556228e-08	-4.940316e+01	-1.518083e+03
3.040000e-06	-7.044941e-06	-2.564621e-08	-4.992811e+01	-1.523233e+03
3.050000e-06	-7.116434e-06	-2.572625e-08	-5.043479e+01	-1.527924e+03
3.060000e-06	-7.185403e-06	-2.580155e-08	-5.092357e+01	-1.532180e+03
3.070000e-06	-7.251790e-06	-2.587285e-08	-5.139406e+01	-1.536104e+03
3.080000e-06	-7.315602e-06	-2.594043e-08	-5.184631e+01	-1.539838e+03
3.090000e-06	-7.376762e-06	-2.600289e-08	-5.227975e+01	-1.543502e+03
3.100000e-06	-7.435271e-06	-2.606138e-08	-5.269441e+01	-1.547143e+03
3.110000e-06	-7.491170e-06	-2.611832e-08	-5.309057e+01	-1.550723e+03
3.120000e-06	-7.544241e-06	-2.617398e-08	-5.346669e+01	-1.554136e+03
3.130000e-06	-7.594241e-06	-2.622643e-08	-5.382104e+01	-1.557261e+03
3.140000e-06	-7.641199e-06	-2.627347e-08	-5.415384e+01	-1.560016e+03
3.150000e-06	-7.685437e-06	-2.631621e-08	-5.446736e+01	-1.562392e+03
3.160000e-06	-7.727212e-06	-2.635490e-08	-5.476342e+01	-1.564459e+03
3.170000e-06	-7.766435e-06	-2.639014e-08	-5.504140e+01	-1.566332e+03
3.180000e-06	-7.802902e-06	-2.642270e-08	-5.529985e+01	-1.568124e+03
3.190000e-06	-7.836617e-06	-2.645295e-08	-5.553878e+01	-1.569895e+03
3.200000e-06	-7.867600e-06	-2.648143e-08	-5.575836e+01	-1.571631e+03
3.210000e-06	-7.895674e-06	-2.650764e-08	-5.595733e+01	-1.573253e+03
3.220000e-06	-7.920890e-06	-2.652989e-08	-5.613603e+01	-1.574655e+03
3.230000e-06	-7.943315e-06	-2.654691e-08	-5.629496e+01	-1.575751e+03
3.240000e-06	-7.962863e-06	-2.656091e-08	-5.643350e+01	-1.576516e+03
3.250000e-06	-7.979670e-06	-2.657198e-08	-5.655261e+01	-1.576993e+03
3.260000e-06	-7.993581e-06	-2.658084e-08	-5.665120e+01	-1.577277e+03
3.270000e-06	-8.004362e-06	-2.658881e-08	-5.672761e+01	-1.577471e+03
3.280000e-06	-8.012172e-06	-2.659448e-08	-5.678296e+01	-1.577644e+03
3.290000e-06	-8.017134e-06	-2.659683e-08	-5.681813e+01	-1.577800e+03
3.300000e-06	-8.019307e-06	-2.659305e-08	-5.683352e+01	-1.577881e+03
3.310000e-06	-8.018725e-06	-2.658549e-08	-5.682940e+01	-1.577796e+03
