# Temperatura_=_28.72
# Concentracion g/m^3_=_20000.0
# C_Vs_to_Am_M_A/Vsm_=_59384043850.047264
# pendiente_HvsI_1/m_=_3716.3
# ordenada_HvsI_A/m_=_1297.0
# frecuencia_Hz_=_301643.3806017476

Tiempo_(s)	Campo_(V.s)	Magnetizacion_(V.s)	Campo_(kA/m)	Magnetizacion_(A/m)
0.000000e+00	-8.090102e-06	-2.370905e-08	-5.685829e+01	-1.408467e+03
1.000000e-08	-8.086152e-06	-2.370619e-08	-5.683052e+01	-1.408090e+03
2.000000e-08	-8.079602e-06	-2.370199e-08	-5.678449e+01	-1.407520e+03
3.000000e-08	-8.070315e-06	-2.369714e-08	-5.671922e+01	-1.406887e+03
4.000000e-08	-8.058127e-06	-2.369072e-08	-5.663356e+01	-1.406317e+03
5.000000e-08	-8.043011e-06	-2.368394e-08	-5.652732e+01	-1.405881e+03
6.000000e-08	-8.025128e-06	-2.367749e-08	-5.640164e+01	-1.405561e+03
7.000000e-08	-8.004833e-06	-2.366883e-08	-5.625900e+01	-1.405261e+03
8.000000e-08	-7.981932e-06	-2.366275e-08	-5.609805e+01	-1.404846e+03
9.000000e-08	-7.955811e-06	-2.365565e-08	-5.591447e+01	-1.404203e+03
1.000000e-07	-7.926430e-06	-2.363775e-08	-5.570798e+01	-1.403286e+03
1.100000e-07	-7.894162e-06	-2.362097e-08	-5.548119e+01	-1.402138e+03
1.200000e-07	-7.859152e-06	-2.360481e-08	-5.523514e+01	-1.400874e+03
1.300000e-07	-7.821622e-06	-2.359182e-08	-5.497137e+01	-1.399631e+03
1.400000e-07	-7.781936e-06	-2.357337e-08	-5.469245e+01	-1.398513e+03
1.500000e-07	-7.739888e-06	-2.354764e-08	-5.439693e+01	-1.397550e+03
1.600000e-07	-7.695014e-06	-2.355125e-08	-5.408155e+01	-1.396685e+03
1.700000e-07	-7.647397e-06	-2.351674e-08	-5.374690e+01	-1.395800e+03
1.800000e-07	-7.596909e-06	-2.349342e-08	-5.339206e+01	-1.394766e+03
1.900000e-07	-7.543338e-06	-2.346610e-08	-5.301556e+01	-1.393487e+03
2.000000e-07	-7.486967e-06	-2.342584e-08	-5.261938e+01	-1.391939e+03
2.100000e-07	-7.427899e-06	-2.342771e-08	-5.220424e+01	-1.390174e+03
2.200000e-07	-7.366199e-06	-2.339492e-08	-5.177060e+01	-1.388286e+03
2.300000e-07	-7.301832e-06	-2.337202e-08	-5.131822e+01	-1.386374e+03
2.400000e-07	-7.234670e-06	-2.333353e-08	-5.084619e+01	-1.384498e+03
2.500000e-07	-7.164863e-06	-2.330075e-08	-5.035558e+01	-1.382657e+03
2.600000e-07	-7.092392e-06	-2.326462e-08	-4.984625e+01	-1.380795e+03
2.700000e-07	-7.017152e-06	-2.321113e-08	-4.931745e+01	-1.378832e+03
2.800000e-07	-6.939142e-06	-2.317864e-08	-4.876919e+01	-1.376698e+03
2.900000e-07	-6.858411e-06	-2.315434e-08	-4.820180e+01	-1.374366e+03
3.000000e-07	-6.775280e-06	-2.313422e-08	-4.761754e+01	-1.371858e+03
3.100000e-07	-6.689960e-06	-2.308057e-08	-4.701790e+01	-1.369233e+03
3.200000e-07	-6.602334e-06	-2.303234e-08	-4.640206e+01	-1.366552e+03
3.300000e-07	-6.512283e-06	-2.299205e-08	-4.576917e+01	-1.363855e+03
3.400000e-07	-6.419874e-06	-2.293610e-08	-4.511970e+01	-1.361138e+03
3.500000e-07	-6.325212e-06	-2.287533e-08	-4.445441e+01	-1.358359e+03
3.600000e-07	-6.228204e-06	-2.282170e-08	-4.377263e+01	-1.355459e+03
3.700000e-07	-6.128826e-06	-2.278565e-08	-4.307419e+01	-1.352392e+03
3.800000e-07	-6.027298e-06	-2.274173e-08	-4.236063e+01	-1.349144e+03
3.900000e-07	-5.923693e-06	-2.268401e-08	-4.163248e+01	-1.345740e+03
4.000000e-07	-5.817849e-06	-2.262242e-08	-4.088859e+01	-1.342229e+03
4.100000e-07	-5.709894e-06	-2.256905e-08	-4.012987e+01	-1.338656e+03
4.200000e-07	-5.600057e-06	-2.250985e-08	-3.935792e+01	-1.335041e+03
4.300000e-07	-5.488260e-06	-2.243520e-08	-3.857220e+01	-1.331362e+03
4.400000e-07	-5.374195e-06	-2.236346e-08	-3.777053e+01	-1.327570e+03
4.500000e-07	-5.257837e-06	-2.230550e-08	-3.695276e+01	-1.323606e+03
4.600000e-07	-5.139524e-06	-2.224708e-08	-3.612124e+01	-1.319435e+03
4.700000e-07	-5.019424e-06	-2.217101e-08	-3.527716e+01	-1.315060e+03
4.800000e-07	-4.897446e-06	-2.209081e-08	-3.441988e+01	-1.310527e+03
4.900000e-07	-4.773613e-06	-2.202025e-08	-3.354957e+01	-1.305896e+03
5.000000e-07	-4.648086e-06	-2.195064e-08	-3.266735e+01	-1.301220e+03
5.100000e-07	-4.520980e-06	-2.186458e-08	-3.177403e+01	-1.296510e+03
5.200000e-07	-4.392361e-06	-2.177392e-08	-3.087008e+01	-1.291728e+03
5.300000e-07	-4.261994e-06	-2.169231e-08	-2.995385e+01	-1.286799e+03
5.400000e-07	-4.129937e-06	-2.161378e-08	-2.902574e+01	-1.281643e+03
5.500000e-07	-3.996473e-06	-2.151794e-08	-2.808773e+01	-1.276206e+03
5.600000e-07	-3.861687e-06	-2.141640e-08	-2.714044e+01	-1.270490e+03
5.700000e-07	-3.725542e-06	-2.132674e-08	-2.618359e+01	-1.264546e+03
5.800000e-07	-3.587913e-06	-2.123839e-08	-2.521632e+01	-1.258452e+03
5.900000e-07	-3.448772e-06	-2.113516e-08	-2.423841e+01	-1.252274e+03
6.000000e-07	-3.308260e-06	-2.101927e-08	-2.325088e+01	-1.246026e+03
6.100000e-07	-3.166439e-06	-2.091079e-08	-2.225414e+01	-1.239662e+03
6.200000e-07	-3.023209e-06	-2.080382e-08	-2.124751e+01	-1.233086e+03
6.300000e-07	-2.878698e-06	-2.068353e-08	-2.023186e+01	-1.226193e+03
6.400000e-07	-2.733223e-06	-2.055197e-08	-1.920945e+01	-1.218917e+03
6.500000e-07	-2.586905e-06	-2.042879e-08	-1.818110e+01	-1.211261e+03
6.600000e-07	-2.439746e-06	-2.031038e-08	-1.714685e+01	-1.203303e+03
6.700000e-07	-2.291856e-06	-2.018172e-08	-1.610746e+01	-1.195160e+03
6.800000e-07	-2.143290e-06	-2.003903e-08	-1.506332e+01	-1.186933e+03
6.900000e-07	-1.993990e-06	-1.989682e-08	-1.401402e+01	-1.178660e+03
7.000000e-07	-1.843926e-06	-1.975852e-08	-1.295935e+01	-1.170281e+03
7.100000e-07	-1.693291e-06	-1.960790e-08	-1.190067e+01	-1.161659e+03
7.200000e-07	-1.542131e-06	-1.944628e-08	-1.083830e+01	-1.152625e+03
7.300000e-07	-1.390370e-06	-1.928579e-08	-9.771699e+00	-1.143050e+03
7.400000e-07	-1.238068e-06	-1.912935e-08	-8.701299e+00	-1.132899e+03
7.500000e-07	-1.085249e-06	-1.895978e-08	-7.627273e+00	-1.122251e+03
7.600000e-07	-9.319548e-07	-1.877447e-08	-6.549899e+00	-1.111261e+03
7.700000e-07	-7.782929e-07	-1.858632e-08	-5.469943e+00	-1.100091e+03
7.800000e-07	-6.243515e-07	-1.840292e-08	-4.388023e+00	-1.088827e+03
7.900000e-07	-4.701767e-07	-1.821189e-08	-3.304463e+00	-1.077420e+03
8.000000e-07	-3.158030e-07	-1.800282e-08	-2.219504e+00	-1.065684e+03
8.100000e-07	-1.613094e-07	-1.778554e-08	-1.133703e+00	-1.053349e+03
8.200000e-07	-6.705576e-09	-1.756751e-08	-4.712766e-02	-1.040156e+03
8.300000e-07	1.478812e-07	-1.733990e-08	1.039329e+00	-1.025948e+03
8.400000e-07	3.023503e-07	-1.708672e-08	2.124957e+00	-1.010719e+03
8.500000e-07	4.567238e-07	-1.681658e-08	3.209914e+00	-9.945955e+02
8.600000e-07	6.108735e-07	-1.654123e-08	4.293298e+00	-9.777505e+02
8.700000e-07	7.647447e-07	-1.625187e-08	5.374725e+00	-9.602854e+02
8.800000e-07	9.183378e-07	-1.593378e-08	6.454197e+00	-9.421255e+02
8.900000e-07	1.071594e-06	-1.559412e-08	7.531303e+00	-9.229773e+02
9.000000e-07	1.224414e-06	-1.524354e-08	8.605341e+00	-9.023695e+02
9.100000e-07	1.376795e-06	-1.486723e-08	9.676290e+00	-8.797570e+02
9.200000e-07	1.528636e-06	-1.444655e-08	1.074345e+01	-8.546396e+02
9.300000e-07	1.679796e-06	-1.397768e-08	1.180582e+01	-8.266270e+02
9.400000e-07	1.830334e-06	-1.346196e-08	1.286383e+01	-7.953967e+02
9.500000e-07	1.980299e-06	-1.288257e-08	1.391780e+01	-7.605357e+02
9.600000e-07	2.129571e-06	-1.221092e-08	1.496690e+01	-7.213073e+02
9.700000e-07	2.278077e-06	-1.142738e-08	1.601062e+01	-6.764345e+02
9.800000e-07	2.425873e-06	-1.051664e-08	1.704935e+01	-6.240113e+02
9.900000e-07	2.572937e-06	-9.447656e-09	1.808294e+01	-5.616282e+02
1.000000e-06	2.719088e-06	-8.173309e-09	1.911010e+01	-4.867418e+02
1.010000e-06	2.864173e-06	-6.658808e-09	2.012978e+01	-3.972345e+02
1.020000e-06	3.008173e-06	-4.886100e-09	2.114183e+01	-2.920372e+02
1.030000e-06	3.151093e-06	-2.848235e-09	2.214629e+01	-1.716454e+02
1.040000e-06	3.292874e-06	-5.699755e-10	2.314275e+01	-3.836772e+01
1.050000e-06	3.433429e-06	1.871672e-09	2.413059e+01	1.037919e+02
1.060000e-06	3.572588e-06	4.369110e-09	2.510861e+01	2.496192e+02
1.070000e-06	3.710272e-06	6.816885e-09	2.607627e+01	3.934425e+02
1.080000e-06	3.846539e-06	9.120844e-09	2.703398e+01	5.299763e+02
1.090000e-06	3.981396e-06	1.121105e-08	2.798177e+01	6.550573e+02
1.100000e-06	4.114907e-06	1.304886e-08	2.892010e+01	7.661051e+02
1.110000e-06	4.247041e-06	1.463455e-08	2.984876e+01	8.622254e+02
1.120000e-06	4.377569e-06	1.599288e-08	3.076612e+01	9.439718e+02
1.130000e-06	4.506428e-06	1.715411e-08	3.167176e+01	1.012873e+03
1.140000e-06	4.633718e-06	1.813855e-08	3.256637e+01	1.070882e+03
1.150000e-06	4.759502e-06	1.896466e-08	3.345040e+01	1.119897e+03
1.160000e-06	4.883740e-06	1.965805e-08	3.432356e+01	1.161469e+03
1.170000e-06	5.006169e-06	2.024169e-08	3.518400e+01	1.196715e+03
1.180000e-06	5.126672e-06	2.072588e-08	3.603091e+01	1.226413e+03
1.190000e-06	5.245385e-06	2.112136e-08	3.686524e+01	1.251171e+03
1.200000e-06	5.362188e-06	2.145167e-08	3.768615e+01	1.271598e+03
1.210000e-06	5.476818e-06	2.173518e-08	3.849179e+01	1.288384e+03
1.220000e-06	5.589277e-06	2.197917e-08	3.928216e+01	1.302288e+03
1.230000e-06	5.699719e-06	2.218362e-08	4.005837e+01	1.314043e+03
1.240000e-06	5.808254e-06	2.235645e-08	4.082116e+01	1.324245e+03
1.250000e-06	5.914768e-06	2.250744e-08	4.156976e+01	1.333277e+03
1.260000e-06	6.019109e-06	2.263584e-08	4.230308e+01	1.341309e+03
1.270000e-06	6.121295e-06	2.274036e-08	4.302126e+01	1.348362e+03
1.280000e-06	6.221257e-06	2.282833e-08	4.372380e+01	1.354417e+03
1.290000e-06	6.318837e-06	2.291044e-08	4.440960e+01	1.359515e+03
1.300000e-06	6.414088e-06	2.298932e-08	4.507904e+01	1.363805e+03
1.310000e-06	6.507155e-06	2.305960e-08	4.573313e+01	1.367534e+03
1.320000e-06	6.597909e-06	2.312199e-08	4.637096e+01	1.370971e+03
1.330000e-06	6.686312e-06	2.318236e-08	4.699227e+01	1.374327e+03
1.340000e-06	6.772488e-06	2.324008e-08	4.759792e+01	1.377688e+03
1.350000e-06	6.856375e-06	2.329036e-08	4.818749e+01	1.381004e+03
1.360000e-06	6.937810e-06	2.333311e-08	4.875982e+01	1.384130e+03
1.370000e-06	7.016685e-06	2.337572e-08	4.931417e+01	1.386911e+03
1.380000e-06	7.092940e-06	2.341825e-08	4.985010e+01	1.389253e+03
1.390000e-06	7.166537e-06	2.345329e-08	5.036735e+01	1.391180e+03
1.400000e-06	7.237612e-06	2.348225e-08	5.086687e+01	1.392821e+03
1.410000e-06	7.306224e-06	2.351278e-08	5.134909e+01	1.394358e+03
1.420000e-06	7.372181e-06	2.354470e-08	5.181264e+01	1.395954e+03
1.430000e-06	7.435423e-06	2.357200e-08	5.225711e+01	1.397681e+03
1.440000e-06	7.496175e-06	2.359566e-08	5.268409e+01	1.399500e+03
1.450000e-06	7.554335e-06	2.361997e-08	5.309285e+01	1.401285e+03
1.460000e-06	7.609705e-06	2.364523e-08	5.348199e+01	1.402879e+03
1.470000e-06	7.662060e-06	2.366628e-08	5.384995e+01	1.404172e+03
1.480000e-06	7.711192e-06	2.368153e-08	5.419526e+01	1.405146e+03
1.490000e-06	7.757414e-06	2.369512e-08	5.452011e+01	1.405886e+03
1.500000e-06	7.800957e-06	2.371032e-08	5.482614e+01	1.406540e+03
1.510000e-06	7.841721e-06	2.372561e-08	5.511263e+01	1.407256e+03
1.520000e-06	7.879706e-06	2.373806e-08	5.537959e+01	1.408117e+03
1.530000e-06	7.914967e-06	2.374914e-08	5.562741e+01	1.409104e+03
1.540000e-06	7.947490e-06	2.376173e-08	5.585599e+01	1.410111e+03
1.550000e-06	7.977330e-06	2.377307e-08	5.606571e+01	1.410986e+03
1.560000e-06	8.004360e-06	2.377905e-08	5.625568e+01	1.411604e+03
1.570000e-06	8.028415e-06	2.378337e-08	5.642474e+01	1.411917e+03
1.580000e-06	8.049678e-06	2.378920e-08	5.657418e+01	1.411974e+03
1.590000e-06	8.068158e-06	2.379432e-08	5.670406e+01	1.411906e+03
1.600000e-06	8.083645e-06	2.379514e-08	5.681291e+01	1.411861e+03
1.610000e-06	8.096077e-06	2.379301e-08	5.690028e+01	1.411948e+03
1.620000e-06	8.105451e-06	2.379201e-08	5.696616e+01	1.412189e+03
1.630000e-06	8.111872e-06	2.379320e-08	5.701129e+01	1.412512e+03
1.640000e-06	8.115450e-06	2.379308e-08	5.703643e+01	1.412784e+03
1.650000e-06	8.116171e-06	2.379152e-08	5.704150e+01	1.412870e+03
1.660000e-06	8.114194e-06	2.378950e-08	5.702761e+01	1.412691e+03
1.670000e-06	8.109597e-06	2.378715e-08	5.699529e+01	1.412255e+03
1.680000e-06	8.102294e-06	2.377889e-08	5.694397e+01	1.411655e+03
1.690000e-06	8.092321e-06	2.376574e-08	5.687388e+01	1.411027e+03
1.700000e-06	8.079469e-06	2.375386e-08	5.678355e+01	1.410487e+03
1.710000e-06	8.063843e-06	2.374447e-08	5.667373e+01	1.410084e+03
1.720000e-06	8.045872e-06	2.373398e-08	5.654743e+01	1.409780e+03
1.730000e-06	8.025533e-06	2.372299e-08	5.640449e+01	1.409463e+03
1.740000e-06	8.002180e-06	2.370819e-08	5.624036e+01	1.409000e+03
1.750000e-06	7.975218e-06	2.370664e-08	5.605086e+01	1.408288e+03
1.760000e-06	7.944660e-06	2.369583e-08	5.583610e+01	1.407305e+03
1.770000e-06	7.911163e-06	2.367369e-08	5.560068e+01	1.406116e+03
1.780000e-06	7.875206e-06	2.365064e-08	5.534797e+01	1.404844e+03
1.790000e-06	7.836854e-06	2.364391e-08	5.507843e+01	1.403624e+03
1.800000e-06	7.796414e-06	2.360018e-08	5.479421e+01	1.402545e+03
1.810000e-06	7.753705e-06	2.358266e-08	5.449404e+01	1.401614e+03
1.820000e-06	7.708284e-06	2.357901e-08	5.417482e+01	1.400756e+03
1.830000e-06	7.660124e-06	2.354149e-08	5.383635e+01	1.399845e+03
1.840000e-06	7.608893e-06	2.357210e-08	5.347628e+01	1.398755e+03
1.850000e-06	7.554576e-06	2.353230e-08	5.309454e+01	1.397408e+03
1.860000e-06	7.497607e-06	2.350562e-08	5.269415e+01	1.395798e+03
1.870000e-06	7.438023e-06	2.347043e-08	5.227539e+01	1.393992e+03
1.880000e-06	7.375769e-06	2.341167e-08	5.183786e+01	1.392089e+03
1.890000e-06	7.310742e-06	2.340108e-08	5.138084e+01	1.390182e+03
1.900000e-06	7.242985e-06	2.334492e-08	5.090464e+01	1.388317e+03
1.910000e-06	7.172409e-06	2.333604e-08	5.040862e+01	1.386477e+03
1.920000e-06	7.099117e-06	2.331791e-08	4.989351e+01	1.384597e+03
1.930000e-06	7.023209e-06	2.328273e-08	4.936002e+01	1.382596e+03
1.940000e-06	6.944530e-06	2.323512e-08	4.880705e+01	1.380412e+03
1.950000e-06	6.863305e-06	2.316518e-08	4.823620e+01	1.378032e+03
1.960000e-06	6.779623e-06	2.314322e-08	4.764807e+01	1.375488e+03
1.970000e-06	6.693410e-06	2.309086e-08	4.704215e+01	1.372843e+03
1.980000e-06	6.604765e-06	2.305487e-08	4.641915e+01	1.370155e+03
1.990000e-06	6.513919e-06	2.301382e-08	4.578066e+01	1.367455e+03
2.000000e-06	6.420824e-06	2.297189e-08	4.512638e+01	1.364727e+03
2.010000e-06	6.325327e-06	2.292697e-08	4.445521e+01	1.361922e+03
2.020000e-06	6.227656e-06	2.285459e-08	4.376877e+01	1.358983e+03
2.030000e-06	6.127808e-06	2.280532e-08	4.306703e+01	1.355870e+03
2.040000e-06	6.025613e-06	2.274806e-08	4.234879e+01	1.352579e+03
2.050000e-06	5.921208e-06	2.270687e-08	4.161501e+01	1.349143e+03
2.060000e-06	5.814801e-06	2.264063e-08	4.086718e+01	1.345612e+03
2.070000e-06	5.706359e-06	2.257904e-08	4.010503e+01	1.342028e+03
2.080000e-06	5.595790e-06	2.251585e-08	3.932793e+01	1.338400e+03
2.090000e-06	5.483156e-06	2.245059e-08	3.853633e+01	1.334698e+03
2.100000e-06	5.368475e-06	2.238116e-08	3.773034e+01	1.330867e+03
2.110000e-06	5.251695e-06	2.230616e-08	3.690959e+01	1.326853e+03
2.120000e-06	5.132784e-06	2.224427e-08	3.607387e+01	1.322628e+03
2.130000e-06	5.011938e-06	2.217295e-08	3.522455e+01	1.318208e+03
2.140000e-06	4.889345e-06	2.209668e-08	3.436295e+01	1.313643e+03
2.150000e-06	4.765059e-06	2.200984e-08	3.348945e+01	1.308997e+03
2.160000e-06	4.639018e-06	2.193474e-08	3.260362e+01	1.304313e+03
2.170000e-06	4.511278e-06	2.185497e-08	3.170585e+01	1.299590e+03
2.180000e-06	4.381975e-06	2.177179e-08	3.079708e+01	1.294779e+03
2.190000e-06	4.251146e-06	2.168084e-08	2.987761e+01	1.289799e+03
2.200000e-06	4.118811e-06	2.159756e-08	2.894754e+01	1.284575e+03
2.210000e-06	3.984870e-06	2.150734e-08	2.800618e+01	1.279066e+03
2.220000e-06	3.849463e-06	2.140583e-08	2.705452e+01	1.273286e+03
2.230000e-06	3.712728e-06	2.129787e-08	2.609353e+01	1.267296e+03
2.240000e-06	3.574653e-06	2.119255e-08	2.512313e+01	1.261176e+03
2.250000e-06	3.435251e-06	2.109382e-08	2.414339e+01	1.254981e+03
2.260000e-06	3.294515e-06	2.098717e-08	2.315428e+01	1.248711e+03
2.270000e-06	3.152420e-06	2.087755e-08	2.215562e+01	1.242303e+03
2.280000e-06	3.009130e-06	2.076475e-08	2.114856e+01	1.235656e+03
2.290000e-06	2.864821e-06	2.065055e-08	2.013433e+01	1.228671e+03
2.300000e-06	2.719501e-06	2.051965e-08	1.911301e+01	1.221296e+03
2.310000e-06	2.573267e-06	2.038159e-08	1.808526e+01	1.213555e+03
2.320000e-06	2.426190e-06	2.024644e-08	1.705158e+01	1.205538e+03
2.330000e-06	2.278344e-06	2.011866e-08	1.601250e+01	1.197365e+03
2.340000e-06	2.129714e-06	1.998452e-08	1.496791e+01	1.189127e+03
2.350000e-06	1.980203e-06	1.984252e-08	1.391712e+01	1.180835e+03
2.360000e-06	1.829840e-06	1.969672e-08	1.286035e+01	1.172411e+03
2.370000e-06	1.678775e-06	1.954693e-08	1.179865e+01	1.163701e+03
2.380000e-06	1.527208e-06	1.938667e-08	1.073341e+01	1.154540e+03
2.390000e-06	1.375217e-06	1.921455e-08	9.665202e+00	1.144819e+03
2.400000e-06	1.222733e-06	1.904030e-08	8.593529e+00	1.134532e+03
2.410000e-06	1.069769e-06	1.886599e-08	7.518476e+00	1.123782e+03
2.420000e-06	9.164134e-07	1.868785e-08	6.440672e+00	1.112733e+03
2.430000e-06	7.627340e-07	1.849959e-08	5.360593e+00	1.101536e+03
2.440000e-06	6.088705e-07	1.830623e-08	4.279221e+00	1.090245e+03
2.450000e-06	4.548642e-07	1.810815e-08	3.196845e+00	1.078777e+03
2.460000e-06	3.006826e-07	1.790236e-08	2.113236e+00	1.066918e+03
2.470000e-06	1.463729e-07	1.768158e-08	1.028728e+00	1.054389e+03
2.480000e-06	-7.969514e-09	1.744976e-08	-5.601077e-02	1.040952e+03
2.490000e-06	-1.622909e-07	1.721166e-08	-1.140601e+00	1.026482e+03
2.500000e-06	-3.165214e-07	1.696274e-08	-2.224553e+00	1.011014e+03
2.510000e-06	-4.706030e-07	1.669457e-08	-3.307459e+00	9.946934e+02
2.520000e-06	-6.245240e-07	1.640986e-08	-4.389235e+00	9.776888e+02
2.530000e-06	-7.782651e-07	1.611214e-08	-5.469748e+00	9.600649e+02
2.540000e-06	-9.317630e-07	1.579719e-08	-6.548551e+00	9.416931e+02
2.550000e-06	-1.084891e-06	1.546027e-08	-7.624756e+00	9.222287e+02
2.560000e-06	-1.237642e-06	1.509665e-08	-8.698305e+00	9.011703e+02
2.570000e-06	-1.389959e-06	1.470719e-08	-9.768815e+00	8.779741e+02
2.580000e-06	-1.541760e-06	1.428441e-08	-1.083569e+01	8.521647e+02
2.590000e-06	-1.693009e-06	1.381373e-08	-1.189869e+01	8.233773e+02
2.600000e-06	-1.843608e-06	1.328237e-08	-1.295712e+01	7.912859e+02
2.610000e-06	-1.993460e-06	1.268489e-08	-1.401029e+01	7.554196e+02
2.620000e-06	-2.142544e-06	1.200781e-08	-1.505808e+01	7.149237e+02
2.630000e-06	-2.290891e-06	1.122149e-08	-1.610068e+01	6.683651e+02
2.640000e-06	-2.438392e-06	1.029574e-08	-1.713734e+01	6.136907e+02
2.650000e-06	-2.585018e-06	9.202400e-09	-1.816784e+01	5.484137e+02
2.660000e-06	-2.730828e-06	7.908475e-09	-1.919261e+01	4.700395e+02
2.670000e-06	-2.875715e-06	6.373335e-09	-2.021090e+01	3.766555e+02
2.680000e-06	-3.019602e-06	4.569567e-09	-2.122215e+01	2.675434e+02
2.690000e-06	-3.162379e-06	2.504086e-09	-2.222561e+01	1.436420e+02
2.700000e-06	-3.303805e-06	2.283931e-10	-2.321957e+01	7.709707e+00
2.710000e-06	-3.443820e-06	-2.166609e-09	-2.420361e+01	-1.358884e+02
2.720000e-06	-3.582516e-06	-4.599087e-09	-2.517839e+01	-2.817461e+02
2.730000e-06	-3.719946e-06	-6.997250e-09	-2.614426e+01	-4.242102e+02
2.740000e-06	-3.856092e-06	-9.260906e-09	-2.710111e+01	-5.582151e+02
2.750000e-06	-3.990794e-06	-1.130875e-08	-2.804782e+01	-6.799633e+02
2.760000e-06	-4.123979e-06	-1.311328e-08	-2.898386e+01	-7.873007e+02
2.770000e-06	-4.255651e-06	-1.467409e-08	-2.990926e+01	-8.797288e+02
2.780000e-06	-4.385886e-06	-1.600795e-08	-3.082458e+01	-9.580953e+02
2.790000e-06	-4.514711e-06	-1.714300e-08	-3.172997e+01	-1.024086e+03
2.800000e-06	-4.641939e-06	-1.810521e-08	-3.262415e+01	-1.079679e+03
2.810000e-06	-4.767371e-06	-1.891539e-08	-3.350570e+01	-1.126705e+03
2.820000e-06	-4.891043e-06	-1.959088e-08	-3.437489e+01	-1.166607e+03
2.830000e-06	-5.013079e-06	-2.015355e-08	-3.523257e+01	-1.200404e+03
2.840000e-06	-5.133343e-06	-2.062529e-08	-3.607780e+01	-1.228813e+03
2.850000e-06	-5.251552e-06	-2.102023e-08	-3.690859e+01	-1.252429e+03
2.860000e-06	-5.367601e-06	-2.135087e-08	-3.772420e+01	-1.271878e+03
2.870000e-06	-5.481530e-06	-2.162956e-08	-3.852490e+01	-1.287872e+03
2.880000e-06	-5.593236e-06	-2.186839e-08	-3.930999e+01	-1.301175e+03
2.890000e-06	-5.702799e-06	-2.207261e-08	-4.008001e+01	-1.312493e+03
2.900000e-06	-5.810451e-06	-2.224527e-08	-4.083660e+01	-1.322376e+03
2.910000e-06	-5.916229e-06	-2.239030e-08	-4.158003e+01	-1.331151e+03
2.920000e-06	-6.019960e-06	-2.251544e-08	-4.230906e+01	-1.338940e+03
2.930000e-06	-6.121357e-06	-2.262392e-08	-4.302169e+01	-1.345745e+03
2.940000e-06	-6.220491e-06	-2.271754e-08	-4.371842e+01	-1.351553e+03
2.950000e-06	-6.317605e-06	-2.280099e-08	-4.440095e+01	-1.356431e+03
2.960000e-06	-6.412545e-06	-2.287894e-08	-4.506819e+01	-1.360556e+03
2.970000e-06	-6.505107e-06	-2.295199e-08	-4.571874e+01	-1.364188e+03
2.980000e-06	-6.595377e-06	-2.301582e-08	-4.635316e+01	-1.367590e+03
2.990000e-06	-6.683447e-06	-2.307059e-08	-4.697213e+01	-1.370945e+03
3.000000e-06	-6.769025e-06	-2.312132e-08	-4.757358e+01	-1.374305e+03
3.010000e-06	-6.852055e-06	-2.317112e-08	-4.815713e+01	-1.377589e+03
3.020000e-06	-6.932787e-06	-2.321705e-08	-4.872452e+01	-1.380643e+03
3.030000e-06	-7.010967e-06	-2.325838e-08	-4.927398e+01	-1.383319e+03
3.040000e-06	-7.086401e-06	-2.329682e-08	-4.980414e+01	-1.385552e+03
3.050000e-06	-7.159227e-06	-2.333401e-08	-5.031597e+01	-1.387392e+03
3.060000e-06	-7.229433e-06	-2.336780e-08	-5.080939e+01	-1.388990e+03
3.070000e-06	-7.297012e-06	-2.339551e-08	-5.128434e+01	-1.390530e+03
3.080000e-06	-7.362135e-06	-2.342226e-08	-5.174204e+01	-1.392156e+03
3.090000e-06	-7.424712e-06	-2.345210e-08	-5.218183e+01	-1.393915e+03
3.100000e-06	-7.484567e-06	-2.348224e-08	-5.260251e+01	-1.395740e+03
3.110000e-06	-7.541707e-06	-2.350741e-08	-5.300409e+01	-1.397492e+03
3.120000e-06	-7.596027e-06	-2.352856e-08	-5.338586e+01	-1.399018e+03
3.130000e-06	-7.647398e-06	-2.354974e-08	-5.374690e+01	-1.400229e+03
3.140000e-06	-7.695695e-06	-2.356959e-08	-5.408634e+01	-1.401134e+03
3.150000e-06	-7.741138e-06	-2.358558e-08	-5.440572e+01	-1.401838e+03
3.160000e-06	-7.784099e-06	-2.360019e-08	-5.470765e+01	-1.402497e+03
3.170000e-06	-7.824514e-06	-2.361687e-08	-5.499169e+01	-1.403245e+03
3.180000e-06	-7.862151e-06	-2.363533e-08	-5.525621e+01	-1.404143e+03
3.190000e-06	-7.897010e-06	-2.365014e-08	-5.550121e+01	-1.405149e+03
3.200000e-06	-7.929124e-06	-2.366116e-08	-5.572691e+01	-1.406138e+03
3.210000e-06	-7.958321e-06	-2.367169e-08	-5.593211e+01	-1.406959e+03
3.220000e-06	-7.984688e-06	-2.368211e-08	-5.611742e+01	-1.407502e+03
3.230000e-06	-8.008287e-06	-2.368959e-08	-5.628328e+01	-1.407743e+03
3.240000e-06	-8.028999e-06	-2.369306e-08	-5.642884e+01	-1.407755e+03
3.250000e-06	-8.046911e-06	-2.369666e-08	-5.655473e+01	-1.407680e+03
3.260000e-06	-8.061879e-06	-2.370145e-08	-5.665993e+01	-1.407661e+03
3.270000e-06	-8.073694e-06	-2.370553e-08	-5.674297e+01	-1.407789e+03
3.280000e-06	-8.082539e-06	-2.370768e-08	-5.680513e+01	-1.408061e+03
3.290000e-06	-8.088530e-06	-2.370958e-08	-5.684723e+01	-1.408386e+03
3.300000e-06	-8.091666e-06	-2.371153e-08	-5.686928e+01	-1.408623e+03
3.310000e-06	-8.091971e-06	-2.371093e-08	-5.687142e+01	-1.408647e+03
