# Temperatura_=_72.71
# Concentracion g/m^3_=_20000.0
# C_Vs_to_Am_M_A/Vsm_=_59384043850.047264
# pendiente_HvsI_1/m_=_3716.3
# ordenada_HvsI_A/m_=_1297.0
# frecuencia_Hz_=_301643.69900203735

Tiempo_(s)	Campo_(V.s)	Magnetizacion_(V.s)	Campo_(kA/m)	Magnetizacion_(A/m)
0.000000e+00	-8.085687e-06	-2.285412e-08	-5.685586e+01	-1.357887e+03
1.000000e-08	-8.081973e-06	-2.285298e-08	-5.682975e+01	-1.357670e+03
2.000000e-08	-8.075617e-06	-2.285011e-08	-5.678505e+01	-1.357403e+03
3.000000e-08	-8.066569e-06	-2.284637e-08	-5.672143e+01	-1.357091e+03
4.000000e-08	-8.054687e-06	-2.284309e-08	-5.663788e+01	-1.356732e+03
5.000000e-08	-8.039796e-06	-2.283728e-08	-5.653317e+01	-1.356316e+03
6.000000e-08	-8.022069e-06	-2.283156e-08	-5.640852e+01	-1.355833e+03
7.000000e-08	-8.001956e-06	-2.283017e-08	-5.626709e+01	-1.355270e+03
8.000000e-08	-7.979191e-06	-2.280838e-08	-5.610702e+01	-1.354624e+03
9.000000e-08	-7.953149e-06	-2.276962e-08	-5.592390e+01	-1.353897e+03
1.000000e-07	-7.923867e-06	-2.276819e-08	-5.571800e+01	-1.353100e+03
1.100000e-07	-7.891793e-06	-2.278634e-08	-5.549247e+01	-1.352245e+03
1.200000e-07	-7.856984e-06	-2.278121e-08	-5.524770e+01	-1.351340e+03
1.300000e-07	-7.819653e-06	-2.275675e-08	-5.498520e+01	-1.350390e+03
1.400000e-07	-7.780213e-06	-2.274937e-08	-5.470787e+01	-1.349394e+03
1.500000e-07	-7.738371e-06	-2.273793e-08	-5.441365e+01	-1.348344e+03
1.600000e-07	-7.693695e-06	-2.269857e-08	-5.409951e+01	-1.347233e+03
1.700000e-07	-7.646326e-06	-2.269039e-08	-5.376642e+01	-1.346053e+03
1.800000e-07	-7.596112e-06	-2.264483e-08	-5.341333e+01	-1.344799e+03
1.900000e-07	-7.542735e-06	-2.262937e-08	-5.303800e+01	-1.343467e+03
2.000000e-07	-7.486551e-06	-2.264584e-08	-5.264293e+01	-1.342056e+03
2.100000e-07	-7.427676e-06	-2.260058e-08	-5.222894e+01	-1.340561e+03
2.200000e-07	-7.366143e-06	-2.257275e-08	-5.179627e+01	-1.338978e+03
2.300000e-07	-7.302025e-06	-2.253952e-08	-5.134541e+01	-1.337305e+03
2.400000e-07	-7.235078e-06	-2.252592e-08	-5.087466e+01	-1.335539e+03
2.500000e-07	-7.165442e-06	-2.248826e-08	-5.038500e+01	-1.333686e+03
2.600000e-07	-7.093182e-06	-2.243588e-08	-4.987690e+01	-1.331753e+03
2.700000e-07	-7.018132e-06	-2.242067e-08	-4.934917e+01	-1.329748e+03
2.800000e-07	-6.940270e-06	-2.239418e-08	-4.880167e+01	-1.327675e+03
2.900000e-07	-6.859660e-06	-2.236069e-08	-4.823485e+01	-1.325532e+03
3.000000e-07	-6.776639e-06	-2.230496e-08	-4.765107e+01	-1.323311e+03
3.100000e-07	-6.691466e-06	-2.227046e-08	-4.705217e+01	-1.320999e+03
3.200000e-07	-6.603985e-06	-2.224337e-08	-4.643703e+01	-1.318580e+03
3.300000e-07	-6.514163e-06	-2.219710e-08	-4.580543e+01	-1.316050e+03
3.400000e-07	-6.422046e-06	-2.214976e-08	-4.515769e+01	-1.313409e+03
3.500000e-07	-6.327607e-06	-2.209854e-08	-4.449363e+01	-1.310670e+03
3.600000e-07	-6.230776e-06	-2.206213e-08	-4.381274e+01	-1.307848e+03
3.700000e-07	-6.131552e-06	-2.201414e-08	-4.311504e+01	-1.304957e+03
3.800000e-07	-6.030211e-06	-2.195349e-08	-4.240244e+01	-1.301999e+03
3.900000e-07	-5.926790e-06	-2.189950e-08	-4.167521e+01	-1.298964e+03
4.000000e-07	-5.821200e-06	-2.185966e-08	-4.093274e+01	-1.295829e+03
4.100000e-07	-5.713477e-06	-2.181643e-08	-4.017527e+01	-1.292571e+03
4.200000e-07	-5.603745e-06	-2.174836e-08	-3.940367e+01	-1.289170e+03
4.300000e-07	-5.492031e-06	-2.168157e-08	-3.861814e+01	-1.285622e+03
4.400000e-07	-5.378148e-06	-2.162608e-08	-3.781735e+01	-1.281937e+03
4.500000e-07	-5.262013e-06	-2.156795e-08	-3.700073e+01	-1.278138e+03
4.600000e-07	-5.143883e-06	-2.149617e-08	-3.617007e+01	-1.274246e+03
4.700000e-07	-5.023922e-06	-2.142867e-08	-3.532655e+01	-1.270274e+03
4.800000e-07	-4.902132e-06	-2.137127e-08	-3.447016e+01	-1.266216e+03
4.900000e-07	-4.778545e-06	-2.130959e-08	-3.360114e+01	-1.262050e+03
5.000000e-07	-4.653207e-06	-2.123215e-08	-3.271981e+01	-1.257742e+03
5.100000e-07	-4.526311e-06	-2.114610e-08	-3.182752e+01	-1.253260e+03
5.200000e-07	-4.397810e-06	-2.106804e-08	-3.092394e+01	-1.248587e+03
5.300000e-07	-4.267612e-06	-2.099297e-08	-3.000843e+01	-1.243727e+03
5.400000e-07	-4.135782e-06	-2.091084e-08	-2.908145e+01	-1.238700e+03
5.500000e-07	-4.002560e-06	-2.082098e-08	-2.814467e+01	-1.233533e+03
5.600000e-07	-3.868001e-06	-2.073779e-08	-2.719850e+01	-1.228246e+03
5.700000e-07	-3.731945e-06	-2.065542e-08	-2.624180e+01	-1.222836e+03
5.800000e-07	-3.594443e-06	-2.055912e-08	-2.527493e+01	-1.217278e+03
5.900000e-07	-3.455573e-06	-2.045346e-08	-2.429844e+01	-1.211528e+03
6.000000e-07	-3.315287e-06	-2.035276e-08	-2.331199e+01	-1.205541e+03
6.100000e-07	-3.173600e-06	-2.025693e-08	-2.231570e+01	-1.199287e+03
6.200000e-07	-3.030648e-06	-2.014931e-08	-2.131051e+01	-1.192761e+03
6.300000e-07	-2.886560e-06	-2.003193e-08	-2.029733e+01	-1.185986e+03
6.400000e-07	-2.741419e-06	-1.991785e-08	-1.927674e+01	-1.178999e+03
6.500000e-07	-2.595276e-06	-1.980473e-08	-1.824912e+01	-1.171830e+03
6.600000e-07	-2.448228e-06	-1.968163e-08	-1.721513e+01	-1.164490e+03
6.700000e-07	-2.300425e-06	-1.955096e-08	-1.617582e+01	-1.156956e+03
6.800000e-07	-2.151909e-06	-1.942210e-08	-1.513151e+01	-1.149175e+03
6.900000e-07	-2.002646e-06	-1.929316e-08	-1.408194e+01	-1.141087e+03
7.000000e-07	-1.852744e-06	-1.915377e-08	-1.302788e+01	-1.132642e+03
7.100000e-07	-1.702217e-06	-1.900073e-08	-1.196943e+01	-1.123823e+03
7.200000e-07	-1.551035e-06	-1.884521e-08	-1.090636e+01	-1.114644e+03
7.300000e-07	-1.399263e-06	-1.869487e-08	-9.839153e+00	-1.105144e+03
7.400000e-07	-1.247031e-06	-1.853669e-08	-8.768706e+00	-1.095361e+03
7.500000e-07	-1.094382e-06	-1.836495e-08	-7.695330e+00	-1.085304e+03
7.600000e-07	-9.412675e-07	-1.818992e-08	-6.618680e+00	-1.074939e+03
7.700000e-07	-7.877646e-07	-1.801425e-08	-5.539298e+00	-1.064191e+03
7.800000e-07	-6.338900e-07	-1.782865e-08	-4.457304e+00	-1.052964e+03
7.900000e-07	-4.797628e-07	-1.762684e-08	-3.373532e+00	-1.041172e+03
8.000000e-07	-3.255037e-07	-1.741780e-08	-2.288834e+00	-1.028763e+03
8.100000e-07	-1.711640e-07	-1.720612e-08	-1.203569e+00	-1.015726e+03
8.200000e-07	-1.673826e-08	-1.698487e-08	-1.176979e-01	-1.002072e+03
8.300000e-07	1.376926e-07	-1.674699e-08	9.682087e-01	-9.877944e+02
8.400000e-07	2.920134e-07	-1.649155e-08	2.053341e+00	-9.728242e+02
8.500000e-07	4.462617e-07	-1.622266e-08	3.137964e+00	-9.570087e+02
8.600000e-07	6.003912e-07	-1.593538e-08	4.221752e+00	-9.401182e+02
8.700000e-07	7.542959e-07	-1.562050e-08	5.303958e+00	-9.218905e+02
8.800000e-07	9.078419e-07	-1.528136e-08	6.383643e+00	-9.020917e+02
8.900000e-07	1.060991e-06	-1.492619e-08	7.460534e+00	-8.805618e+02
9.000000e-07	1.213770e-06	-1.454945e-08	8.534829e+00	-8.572052e+02
9.100000e-07	1.366159e-06	-1.413315e-08	9.606376e+00	-8.319007e+02
9.200000e-07	1.518045e-06	-1.366255e-08	1.067439e+01	-8.043315e+02
9.300000e-07	1.669366e-06	-1.313014e-08	1.173842e+01	-7.737700e+02
9.400000e-07	1.820074e-06	-1.251952e-08	1.279816e+01	-7.388843e+02
9.500000e-07	1.970030e-06	-1.180213e-08	1.385259e+01	-6.976485e+02
9.600000e-07	2.119259e-06	-1.094454e-08	1.490192e+01	-6.474271e+02
9.700000e-07	2.267842e-06	-9.910298e-09	1.594671e+01	-5.852674e+02
9.800000e-07	2.415652e-06	-8.644066e-09	1.698606e+01	-5.083791e+02
9.900000e-07	2.562608e-06	-7.076293e-09	1.801941e+01	-4.147192e+02
1.000000e-06	2.708657e-06	-5.146471e-09	1.904638e+01	-3.035593e+02
1.010000e-06	2.853729e-06	-2.867272e-09	2.006648e+01	-1.758939e+02
1.020000e-06	2.997770e-06	-3.866710e-10	2.107932e+01	-3.457634e+01
1.030000e-06	3.140717e-06	2.132962e-09	2.208448e+01	1.158779e+02
1.040000e-06	3.282466e-06	4.644902e-09	2.308121e+01	2.698008e+02
1.050000e-06	3.422931e-06	7.169734e-09	2.406892e+01	4.211014e+02
1.060000e-06	3.562063e-06	9.661662e-09	2.504725e+01	5.640687e+02
1.070000e-06	3.699832e-06	1.194616e-08	2.601599e+01	6.940846e+02
1.080000e-06	3.836185e-06	1.388054e-08	2.697478e+01	8.081092e+02
1.090000e-06	3.971066e-06	1.546277e-08	2.792321e+01	9.048592e+02
1.100000e-06	4.104493e-06	1.674597e-08	2.886143e+01	9.846757e+02
1.110000e-06	4.236558e-06	1.778975e-08	2.979007e+01	1.049146e+03
1.120000e-06	4.367185e-06	1.864329e-08	3.070859e+01	1.100595e+03
1.130000e-06	4.496202e-06	1.933910e-08	3.161580e+01	1.141569e+03
1.140000e-06	4.623581e-06	1.990026e-08	3.251148e+01	1.174427e+03
1.150000e-06	4.749359e-06	2.035000e-08	3.339591e+01	1.201088e+03
1.160000e-06	4.873573e-06	2.071287e-08	3.426934e+01	1.222961e+03
1.170000e-06	4.996077e-06	2.100797e-08	3.513075e+01	1.241006e+03
1.180000e-06	5.116724e-06	2.124570e-08	3.597910e+01	1.255873e+03
1.190000e-06	5.235428e-06	2.143710e-08	3.681379e+01	1.268050e+03
1.200000e-06	5.352163e-06	2.159749e-08	3.763463e+01	1.277976e+03
1.210000e-06	5.466818e-06	2.173570e-08	3.844085e+01	1.286087e+03
1.220000e-06	5.579283e-06	2.185179e-08	3.923166e+01	1.292808e+03
1.230000e-06	5.689742e-06	2.194777e-08	4.000837e+01	1.298523e+03
1.240000e-06	5.798329e-06	2.203160e-08	4.077193e+01	1.303532e+03
1.250000e-06	5.904930e-06	2.210759e-08	4.152150e+01	1.308029e+03
1.260000e-06	6.009293e-06	2.217334e-08	4.225535e+01	1.312121e+03
1.270000e-06	6.111453e-06	2.222857e-08	4.297371e+01	1.315848e+03
1.280000e-06	6.211489e-06	2.228048e-08	4.367713e+01	1.319228e+03
1.290000e-06	6.309189e-06	2.233239e-08	4.436412e+01	1.322289e+03
1.300000e-06	6.404558e-06	2.238151e-08	4.503472e+01	1.325077e+03
1.310000e-06	6.497820e-06	2.242397e-08	4.569051e+01	1.327656e+03
1.320000e-06	6.588909e-06	2.246379e-08	4.633102e+01	1.330086e+03
1.330000e-06	6.677547e-06	2.250417e-08	4.695429e+01	1.332412e+03
1.340000e-06	6.763804e-06	2.254095e-08	4.756082e+01	1.334650e+03
1.350000e-06	6.847841e-06	2.257278e-08	4.815174e+01	1.336790e+03
1.360000e-06	6.929436e-06	2.260314e-08	4.872549e+01	1.338810e+03
1.370000e-06	7.008482e-06	2.263482e-08	4.928132e+01	1.340692e+03
1.380000e-06	7.084867e-06	2.266483e-08	4.981843e+01	1.342435e+03
1.390000e-06	7.158544e-06	2.269075e-08	5.033650e+01	1.344055e+03
1.400000e-06	7.229755e-06	2.271427e-08	5.083723e+01	1.345580e+03
1.410000e-06	7.298445e-06	2.273954e-08	5.132024e+01	1.347040e+03
1.420000e-06	7.364430e-06	2.276394e-08	5.178422e+01	1.348453e+03
1.430000e-06	7.427762e-06	2.278275e-08	5.222955e+01	1.349822e+03
1.440000e-06	7.488642e-06	2.280054e-08	5.265764e+01	1.351133e+03
1.450000e-06	7.546945e-06	2.282039e-08	5.306761e+01	1.352369e+03
1.460000e-06	7.602428e-06	2.284000e-08	5.345775e+01	1.353513e+03
1.470000e-06	7.654910e-06	2.285665e-08	5.382678e+01	1.354563e+03
1.480000e-06	7.704242e-06	2.286988e-08	5.417367e+01	1.355529e+03
1.490000e-06	7.750643e-06	2.288274e-08	5.449995e+01	1.356426e+03
1.500000e-06	7.794362e-06	2.289544e-08	5.480736e+01	1.357272e+03
1.510000e-06	7.835318e-06	2.290637e-08	5.509535e+01	1.358072e+03
1.520000e-06	7.873501e-06	2.291638e-08	5.536384e+01	1.358824e+03
1.530000e-06	7.908978e-06	2.292674e-08	5.561330e+01	1.359512e+03
1.540000e-06	7.941628e-06	2.293675e-08	5.584289e+01	1.360120e+03
1.550000e-06	7.971536e-06	2.294355e-08	5.605319e+01	1.360634e+03
1.560000e-06	7.998664e-06	2.294818e-08	5.624394e+01	1.361052e+03
1.570000e-06	8.022833e-06	2.295309e-08	5.641390e+01	1.361386e+03
1.580000e-06	8.044226e-06	2.295714e-08	5.656432e+01	1.361651e+03
1.590000e-06	8.062898e-06	2.295868e-08	5.669562e+01	1.361864e+03
1.600000e-06	8.078679e-06	2.295770e-08	5.680658e+01	1.362039e+03
1.610000e-06	8.091352e-06	2.295686e-08	5.689570e+01	1.362174e+03
1.620000e-06	8.100839e-06	2.295647e-08	5.696241e+01	1.362263e+03
1.630000e-06	8.107392e-06	2.295480e-08	5.700848e+01	1.362294e+03
1.640000e-06	8.111167e-06	2.295221e-08	5.703503e+01	1.362258e+03
1.650000e-06	8.112087e-06	2.294991e-08	5.704150e+01	1.362151e+03
1.660000e-06	8.110291e-06	2.294937e-08	5.702887e+01	1.361978e+03
1.670000e-06	8.105835e-06	2.294569e-08	5.699753e+01	1.361747e+03
1.680000e-06	8.098624e-06	2.293588e-08	5.694683e+01	1.361468e+03
1.690000e-06	8.088760e-06	2.292348e-08	5.687747e+01	1.361144e+03
1.700000e-06	8.076085e-06	2.291322e-08	5.678834e+01	1.360771e+03
1.710000e-06	8.060663e-06	2.290248e-08	5.667990e+01	1.360339e+03
1.720000e-06	8.042848e-06	2.288367e-08	5.655463e+01	1.359836e+03
1.730000e-06	8.022705e-06	2.287834e-08	5.641299e+01	1.359252e+03
1.740000e-06	7.999687e-06	2.291047e-08	5.625114e+01	1.358585e+03
1.750000e-06	7.973043e-06	2.289658e-08	5.606379e+01	1.357839e+03
1.760000e-06	7.942687e-06	2.284840e-08	5.585034e+01	1.357026e+03
1.770000e-06	7.909334e-06	2.281995e-08	5.561581e+01	1.356157e+03
1.780000e-06	7.873573e-06	2.279925e-08	5.536435e+01	1.355240e+03
1.790000e-06	7.835386e-06	2.276297e-08	5.509583e+01	1.354279e+03
1.800000e-06	7.795126e-06	2.277483e-08	5.481273e+01	1.353269e+03
1.810000e-06	7.752646e-06	2.275740e-08	5.451403e+01	1.352204e+03
1.820000e-06	7.707401e-06	2.270824e-08	5.419588e+01	1.351076e+03
1.830000e-06	7.659450e-06	2.275013e-08	5.385871e+01	1.349877e+03
1.840000e-06	7.608450e-06	2.269270e-08	5.350009e+01	1.348604e+03
1.850000e-06	7.554334e-06	2.266889e-08	5.311957e+01	1.347252e+03
1.860000e-06	7.497477e-06	2.263859e-08	5.271976e+01	1.345820e+03
1.870000e-06	7.437992e-06	2.259276e-08	5.230149e+01	1.344303e+03
1.880000e-06	7.375972e-06	2.261381e-08	5.186538e+01	1.342697e+03
1.890000e-06	7.311182e-06	2.253062e-08	5.140980e+01	1.340999e+03
1.900000e-06	7.243683e-06	2.252730e-08	5.093517e+01	1.339211e+03
1.910000e-06	7.173418e-06	2.250192e-08	5.044109e+01	1.337337e+03
1.920000e-06	7.100352e-06	2.245482e-08	4.992732e+01	1.335385e+03
1.930000e-06	7.024669e-06	2.244185e-08	4.939513e+01	1.333361e+03
1.940000e-06	6.946181e-06	2.237048e-08	4.884324e+01	1.331271e+03
1.950000e-06	6.865138e-06	2.235945e-08	4.827337e+01	1.329109e+03
1.960000e-06	6.781640e-06	2.230469e-08	4.768624e+01	1.326866e+03
1.970000e-06	6.695644e-06	2.227112e-08	4.708154e+01	1.324528e+03
1.980000e-06	6.607198e-06	2.222749e-08	4.645962e+01	1.322081e+03
1.990000e-06	6.516437e-06	2.217195e-08	4.582142e+01	1.319522e+03
2.000000e-06	6.423506e-06	2.215479e-08	4.516796e+01	1.316855e+03
2.010000e-06	6.328219e-06	2.208978e-08	4.449793e+01	1.314093e+03
2.020000e-06	6.230722e-06	2.205264e-08	4.381236e+01	1.311253e+03
2.030000e-06	6.130952e-06	2.199548e-08	4.311082e+01	1.308345e+03
2.040000e-06	6.028890e-06	2.195323e-08	4.239315e+01	1.305368e+03
2.050000e-06	5.924688e-06	2.189162e-08	4.166044e+01	1.302310e+03
2.060000e-06	5.818446e-06	2.182600e-08	4.091337e+01	1.299146e+03
2.070000e-06	5.710222e-06	2.177496e-08	4.015238e+01	1.295853e+03
2.080000e-06	5.599847e-06	2.172008e-08	3.937626e+01	1.292415e+03
2.090000e-06	5.487406e-06	2.166882e-08	3.858561e+01	1.288830e+03
2.100000e-06	5.372852e-06	2.160174e-08	3.778011e+01	1.285114e+03
2.110000e-06	5.256199e-06	2.154011e-08	3.695984e+01	1.281289e+03
2.120000e-06	5.137481e-06	2.146528e-08	3.612506e+01	1.277376e+03
2.130000e-06	5.016792e-06	2.139529e-08	3.527641e+01	1.273383e+03
2.140000e-06	4.894365e-06	2.131175e-08	3.441555e+01	1.269301e+03
2.150000e-06	4.770183e-06	2.124493e-08	3.354234e+01	1.265102e+03
2.160000e-06	4.644235e-06	2.117947e-08	3.265672e+01	1.260752e+03
2.170000e-06	4.516614e-06	2.111144e-08	3.175933e+01	1.256223e+03
2.180000e-06	4.387433e-06	2.102884e-08	3.085097e+01	1.251502e+03
2.190000e-06	4.256724e-06	2.094107e-08	2.993187e+01	1.246597e+03
2.200000e-06	4.124503e-06	2.085725e-08	2.900213e+01	1.241532e+03
2.210000e-06	3.990804e-06	2.076105e-08	2.806201e+01	1.236333e+03
2.220000e-06	3.855674e-06	2.066756e-08	2.711182e+01	1.231016e+03
2.230000e-06	3.719100e-06	2.057182e-08	2.615148e+01	1.225572e+03
2.240000e-06	3.581158e-06	2.048273e-08	2.518151e+01	1.219969e+03
2.250000e-06	3.441876e-06	2.038530e-08	2.420213e+01	1.214163e+03
2.260000e-06	3.301236e-06	2.028226e-08	2.321319e+01	1.208111e+03
2.270000e-06	3.159288e-06	2.017330e-08	2.221506e+01	1.201788e+03
2.280000e-06	3.016171e-06	2.006324e-08	2.120871e+01	1.195197e+03
2.290000e-06	2.871982e-06	1.994765e-08	2.019482e+01	1.188364e+03
2.300000e-06	2.726821e-06	1.982469e-08	1.917410e+01	1.181329e+03
2.310000e-06	2.580752e-06	1.969952e-08	1.814699e+01	1.174117e+03
2.320000e-06	2.433759e-06	1.957496e-08	1.711339e+01	1.166732e+03
2.330000e-06	2.285905e-06	1.944609e-08	1.607373e+01	1.159140e+03
2.340000e-06	2.137247e-06	1.930972e-08	1.502841e+01	1.151288e+03
2.350000e-06	1.987853e-06	1.916945e-08	1.397792e+01	1.143114e+03
2.360000e-06	1.837734e-06	1.902583e-08	1.292234e+01	1.134575e+03
2.370000e-06	1.686945e-06	1.887621e-08	1.186203e+01	1.125663e+03
2.380000e-06	1.535557e-06	1.871893e-08	1.079752e+01	1.116399e+03
2.390000e-06	1.383625e-06	1.855687e-08	9.729191e+00	1.106825e+03
2.400000e-06	1.231228e-06	1.838961e-08	8.657588e+00	1.096973e+03
2.410000e-06	1.078411e-06	1.821674e-08	7.583027e+00	1.086844e+03
2.420000e-06	9.252226e-07	1.803348e-08	6.505857e+00	1.076391e+03
2.430000e-06	7.717468e-07	1.784446e-08	5.426667e+00	1.065532e+03
2.440000e-06	6.180535e-07	1.765029e-08	4.345947e+00	1.054170e+03
2.450000e-06	4.641211e-07	1.745113e-08	3.263545e+00	1.042227e+03
2.460000e-06	3.099701e-07	1.724242e-08	2.179606e+00	1.029660e+03
2.470000e-06	1.556816e-07	1.702104e-08	1.094701e+00	1.016467e+03
2.480000e-06	1.314929e-09	1.678915e-08	9.246142e-03	1.002659e+03
2.490000e-06	-1.529974e-07	1.654429e-08	-1.075827e+00	9.882173e+02
2.500000e-06	-3.071617e-07	1.628340e-08	-2.159859e+00	9.730530e+02
2.510000e-06	-4.612365e-07	1.600487e-08	-3.243262e+00	9.569921e+02
2.520000e-06	-6.151657e-07	1.571071e-08	-4.325641e+00	9.397913e+02
2.530000e-06	-7.687963e-07	1.539800e-08	-5.405920e+00	9.211898e+02
2.540000e-06	-9.220954e-07	1.506282e-08	-6.483868e+00	9.009695e+02
2.550000e-06	-1.075003e-06	1.470313e-08	-7.559066e+00	8.789901e+02
2.560000e-06	-1.227550e-06	1.431397e-08	-8.631724e+00	8.551615e+02
2.570000e-06	-1.379776e-06	1.388630e-08	-9.702127e+00	8.293324e+02
2.580000e-06	-1.531529e-06	1.340739e-08	-1.076920e+01	8.011036e+02
2.590000e-06	-1.682674e-06	1.286358e-08	-1.183200e+01	7.696121e+02
2.600000e-06	-1.833174e-06	1.223829e-08	-1.289027e+01	7.333550e+02
2.610000e-06	-1.983008e-06	1.150581e-08	-1.394385e+01	6.901384e+02
2.620000e-06	-2.132147e-06	1.063321e-08	-1.499255e+01	6.372118e+02
2.630000e-06	-2.280527e-06	9.575320e-09	-1.603591e+01	5.716122e+02
2.640000e-06	-2.428068e-06	8.275639e-09	-1.707337e+01	4.906795e+02
2.650000e-06	-2.574757e-06	6.671890e-09	-1.810483e+01	3.926503e+02
2.660000e-06	-2.720543e-06	4.713468e-09	-1.912995e+01	2.771975e+02
2.670000e-06	-2.865349e-06	2.441210e-09	-2.014818e+01	1.457802e+02
2.680000e-06	-3.009185e-06	1.141947e-11	-2.115959e+01	1.698713e+00
2.690000e-06	-3.151918e-06	-2.445477e-09	-2.216324e+01	-1.501848e+02
2.700000e-06	-3.293371e-06	-4.896538e-09	-2.315789e+01	-3.040224e+02
2.710000e-06	-3.433485e-06	-7.344270e-09	-2.414313e+01	-4.537437e+02
2.720000e-06	-3.572248e-06	-9.751692e-09	-2.511886e+01	-5.938511e+02
2.730000e-06	-3.709669e-06	-1.196689e-08	-2.608516e+01	-7.200866e+02
2.740000e-06	-3.845793e-06	-1.384491e-08	-2.704234e+01	-8.298454e+02
2.750000e-06	-3.980561e-06	-1.538305e-08	-2.798998e+01	-9.222741e+02
2.760000e-06	-4.113843e-06	-1.663859e-08	-2.892718e+01	-9.980677e+02
2.770000e-06	-4.245628e-06	-1.766326e-08	-2.985384e+01	-1.059048e+03
2.780000e-06	-4.375936e-06	-1.849697e-08	-3.077013e+01	-1.107641e+03
2.790000e-06	-4.504766e-06	-1.917189e-08	-3.167601e+01	-1.146380e+03
2.800000e-06	-4.632029e-06	-1.971645e-08	-3.257089e+01	-1.177530e+03
2.810000e-06	-4.757555e-06	-2.015748e-08	-3.345354e+01	-1.202882e+03
2.820000e-06	-4.881314e-06	-2.051551e-08	-3.432378e+01	-1.223723e+03
2.830000e-06	-5.003360e-06	-2.080508e-08	-3.518196e+01	-1.240922e+03
2.840000e-06	-5.123633e-06	-2.104151e-08	-3.602768e+01	-1.255074e+03
2.850000e-06	-5.241946e-06	-2.123766e-08	-3.685962e+01	-1.266649e+03
2.860000e-06	-5.358079e-06	-2.139975e-08	-3.767623e+01	-1.276080e+03
2.870000e-06	-5.471989e-06	-2.153186e-08	-3.847721e+01	-1.283805e+03
2.880000e-06	-5.583704e-06	-2.164300e-08	-3.926275e+01	-1.290242e+03
2.890000e-06	-5.693304e-06	-2.173879e-08	-4.003342e+01	-1.295757e+03
2.900000e-06	-5.800984e-06	-2.182471e-08	-4.079059e+01	-1.300624e+03
2.910000e-06	-5.906785e-06	-2.190079e-08	-4.153455e+01	-1.305014e+03
2.920000e-06	-6.010538e-06	-2.196878e-08	-4.226411e+01	-1.309012e+03
2.930000e-06	-6.112029e-06	-2.203097e-08	-4.297775e+01	-1.312652e+03
2.940000e-06	-6.211272e-06	-2.208648e-08	-4.367560e+01	-1.315950e+03
2.950000e-06	-6.308388e-06	-2.213667e-08	-4.435848e+01	-1.318938e+03
2.960000e-06	-6.403301e-06	-2.218307e-08	-4.502589e+01	-1.321668e+03
2.970000e-06	-6.495865e-06	-2.222706e-08	-4.567676e+01	-1.324204e+03
2.980000e-06	-6.586138e-06	-2.226806e-08	-4.631153e+01	-1.326606e+03
2.990000e-06	-6.674222e-06	-2.230755e-08	-4.693091e+01	-1.328910e+03
3.000000e-06	-6.759938e-06	-2.234645e-08	-4.753363e+01	-1.331126e+03
3.010000e-06	-6.843199e-06	-2.238386e-08	-4.811910e+01	-1.333238e+03
3.020000e-06	-6.924055e-06	-2.241857e-08	-4.868766e+01	-1.335225e+03
3.030000e-06	-7.002349e-06	-2.245123e-08	-4.923819e+01	-1.337073e+03
3.040000e-06	-7.077895e-06	-2.248090e-08	-4.976940e+01	-1.338783e+03
3.050000e-06	-7.150797e-06	-2.250809e-08	-5.028203e+01	-1.340377e+03
3.060000e-06	-7.221159e-06	-2.253291e-08	-5.077679e+01	-1.341884e+03
3.070000e-06	-7.288950e-06	-2.255725e-08	-5.125348e+01	-1.343332e+03
3.080000e-06	-7.354221e-06	-2.258167e-08	-5.171243e+01	-1.344735e+03
3.090000e-06	-7.416863e-06	-2.260595e-08	-5.215292e+01	-1.346092e+03
3.100000e-06	-7.476826e-06	-2.263190e-08	-5.257455e+01	-1.347386e+03
3.110000e-06	-7.534160e-06	-2.265539e-08	-5.297771e+01	-1.348600e+03
3.120000e-06	-7.588683e-06	-2.267489e-08	-5.336110e+01	-1.349721e+03
3.130000e-06	-7.640203e-06	-2.269279e-08	-5.372337e+01	-1.350750e+03
3.140000e-06	-7.688614e-06	-2.271069e-08	-5.406378e+01	-1.351697e+03
3.150000e-06	-7.734153e-06	-2.272822e-08	-5.438399e+01	-1.352581e+03
3.160000e-06	-7.777227e-06	-2.274523e-08	-5.468688e+01	-1.353415e+03
3.170000e-06	-7.817837e-06	-2.276117e-08	-5.497243e+01	-1.354205e+03
3.180000e-06	-7.855652e-06	-2.277568e-08	-5.523833e+01	-1.354943e+03
3.190000e-06	-7.890632e-06	-2.278795e-08	-5.548430e+01	-1.355613e+03
3.200000e-06	-7.922864e-06	-2.279812e-08	-5.571094e+01	-1.356198e+03
3.210000e-06	-7.952221e-06	-2.280834e-08	-5.591737e+01	-1.356689e+03
3.220000e-06	-7.978711e-06	-2.281782e-08	-5.610365e+01	-1.357085e+03
3.230000e-06	-8.002375e-06	-2.282544e-08	-5.627004e+01	-1.357400e+03
3.240000e-06	-8.023150e-06	-2.283169e-08	-5.641613e+01	-1.357652e+03
3.250000e-06	-8.041145e-06	-2.283766e-08	-5.654266e+01	-1.357855e+03
3.260000e-06	-8.056280e-06	-2.284376e-08	-5.664908e+01	-1.358021e+03
3.270000e-06	-8.068257e-06	-2.284873e-08	-5.673330e+01	-1.358146e+03
3.280000e-06	-8.077290e-06	-2.285160e-08	-5.679682e+01	-1.358222e+03
3.290000e-06	-8.083457e-06	-2.285359e-08	-5.684019e+01	-1.358238e+03
3.300000e-06	-8.086716e-06	-2.285528e-08	-5.686310e+01	-1.358184e+03
3.310000e-06	-8.087259e-06	-2.285500e-08	-5.686691e+01	-1.358061e+03
