# Temperatura_=_73.76
# Concentracion g/m^3_=_20000.0
# C_Vs_to_Am_M_A/Vsm_=_59384043850.047264
# pendiente_HvsI_1/m_=_3716.3
# ordenada_HvsI_A/m_=_1297.0
# frecuencia_Hz_=_301642.76333340624

Tiempo_(s)	Campo_(V.s)	Magnetizacion_(V.s)	Campo_(kA/m)	Magnetizacion_(A/m)
0.000000e+00	-8.071150e-06	-2.043657e-08	-5.685398e+01	-1.214183e+03
1.000000e-08	-8.067220e-06	-2.043432e-08	-5.682629e+01	-1.213912e+03
2.000000e-08	-8.060672e-06	-2.043133e-08	-5.678017e+01	-1.213775e+03
3.000000e-08	-8.051446e-06	-2.042650e-08	-5.671518e+01	-1.213729e+03
4.000000e-08	-8.039369e-06	-2.042085e-08	-5.663011e+01	-1.213669e+03
5.000000e-08	-8.024349e-06	-2.041554e-08	-5.652431e+01	-1.213472e+03
6.000000e-08	-8.006495e-06	-2.041283e-08	-5.639854e+01	-1.213054e+03
7.000000e-08	-7.986219e-06	-2.040922e-08	-5.625572e+01	-1.212402e+03
8.000000e-08	-7.963362e-06	-2.039142e-08	-5.609471e+01	-1.211578e+03
9.000000e-08	-7.937276e-06	-2.036948e-08	-5.591096e+01	-1.210691e+03
1.000000e-07	-7.907877e-06	-2.035494e-08	-5.570387e+01	-1.209841e+03
1.100000e-07	-7.875647e-06	-2.035201e-08	-5.547683e+01	-1.209080e+03
1.200000e-07	-7.840749e-06	-2.034792e-08	-5.523101e+01	-1.208385e+03
1.300000e-07	-7.803337e-06	-2.033414e-08	-5.496748e+01	-1.207672e+03
1.400000e-07	-7.763720e-06	-2.032575e-08	-5.468841e+01	-1.206835e+03
1.500000e-07	-7.721707e-06	-2.030132e-08	-5.439247e+01	-1.205798e+03
1.600000e-07	-7.676905e-06	-2.029440e-08	-5.407688e+01	-1.204548e+03
1.700000e-07	-7.629358e-06	-2.026613e-08	-5.374195e+01	-1.203141e+03
1.800000e-07	-7.578960e-06	-2.023594e-08	-5.338694e+01	-1.201680e+03
1.900000e-07	-7.525448e-06	-2.023566e-08	-5.301000e+01	-1.200263e+03
2.000000e-07	-7.469162e-06	-2.020966e-08	-5.261351e+01	-1.198941e+03
2.100000e-07	-7.410247e-06	-2.018593e-08	-5.219851e+01	-1.197689e+03
2.200000e-07	-7.348706e-06	-2.015041e-08	-5.176501e+01	-1.196422e+03
2.300000e-07	-7.284497e-06	-2.012645e-08	-5.131272e+01	-1.195025e+03
2.400000e-07	-7.217465e-06	-2.010204e-08	-5.084053e+01	-1.193410e+03
2.500000e-07	-7.147795e-06	-2.007025e-08	-5.034977e+01	-1.191554e+03
2.600000e-07	-7.075493e-06	-2.004386e-08	-4.984047e+01	-1.189510e+03
2.700000e-07	-7.000383e-06	-2.001564e-08	-4.931139e+01	-1.187384e+03
2.800000e-07	-6.922525e-06	-1.999045e-08	-4.876295e+01	-1.185285e+03
2.900000e-07	-6.842025e-06	-1.994818e-08	-4.819590e+01	-1.183280e+03
3.000000e-07	-6.759056e-06	-1.990469e-08	-4.761146e+01	-1.181356e+03
3.100000e-07	-6.673832e-06	-1.986867e-08	-4.701113e+01	-1.179427e+03
3.200000e-07	-6.586333e-06	-1.983771e-08	-4.639478e+01	-1.177371e+03
3.300000e-07	-6.496474e-06	-1.980221e-08	-4.576181e+01	-1.175081e+03
3.400000e-07	-6.404283e-06	-1.975958e-08	-4.511240e+01	-1.172518e+03
3.500000e-07	-6.309765e-06	-1.972007e-08	-4.444661e+01	-1.169723e+03
3.600000e-07	-6.212961e-06	-1.967754e-08	-4.376471e+01	-1.166805e+03
3.700000e-07	-6.113884e-06	-1.962748e-08	-4.306680e+01	-1.163891e+03
3.800000e-07	-6.012569e-06	-1.956949e-08	-4.235313e+01	-1.161067e+03
3.900000e-07	-5.909135e-06	-1.951844e-08	-4.162453e+01	-1.158341e+03
4.000000e-07	-5.803564e-06	-1.947890e-08	-4.088088e+01	-1.155632e+03
4.100000e-07	-5.695849e-06	-1.943832e-08	-4.012212e+01	-1.152808e+03
4.200000e-07	-5.586096e-06	-1.938693e-08	-3.934901e+01	-1.149741e+03
4.300000e-07	-5.474359e-06	-1.932872e-08	-3.856193e+01	-1.146361e+03
4.400000e-07	-5.360549e-06	-1.927426e-08	-3.776023e+01	-1.142693e+03
4.500000e-07	-5.244598e-06	-1.921269e-08	-3.694347e+01	-1.138842e+03
4.600000e-07	-5.126536e-06	-1.914241e-08	-3.611182e+01	-1.134950e+03
4.700000e-07	-5.006622e-06	-1.907726e-08	-3.526714e+01	-1.131129e+03
4.800000e-07	-4.884990e-06	-1.902198e-08	-3.441035e+01	-1.127414e+03
4.900000e-07	-4.761529e-06	-1.896672e-08	-3.354068e+01	-1.123740e+03
5.000000e-07	-4.636286e-06	-1.889943e-08	-3.265846e+01	-1.119973e+03
5.100000e-07	-4.509393e-06	-1.882409e-08	-3.176461e+01	-1.115961e+03
5.200000e-07	-4.380968e-06	-1.875017e-08	-3.085997e+01	-1.111608e+03
5.300000e-07	-4.250937e-06	-1.867483e-08	-2.994402e+01	-1.106909e+03
5.400000e-07	-4.119288e-06	-1.859551e-08	-2.901667e+01	-1.101958e+03
5.500000e-07	-3.986130e-06	-1.851117e-08	-2.807869e+01	-1.096902e+03
5.600000e-07	-3.851499e-06	-1.843353e-08	-2.713034e+01	-1.091875e+03
5.700000e-07	-3.715464e-06	-1.835896e-08	-2.617210e+01	-1.086933e+03
5.800000e-07	-3.578113e-06	-1.827207e-08	-2.520458e+01	-1.082025e+03
5.900000e-07	-3.439444e-06	-1.817674e-08	-2.422778e+01	-1.077009e+03
6.000000e-07	-3.299308e-06	-1.808409e-08	-2.324065e+01	-1.071713e+03
6.100000e-07	-3.157785e-06	-1.799464e-08	-2.224375e+01	-1.066007e+03
6.200000e-07	-3.015087e-06	-1.789636e-08	-2.123857e+01	-1.059860e+03
6.300000e-07	-2.871281e-06	-1.779134e-08	-2.022559e+01	-1.053356e+03
6.400000e-07	-2.726375e-06	-1.768614e-08	-1.920486e+01	-1.046653e+03
6.500000e-07	-2.580423e-06	-1.758194e-08	-1.817676e+01	-1.039910e+03
6.600000e-07	-2.433584e-06	-1.746899e-08	-1.714240e+01	-1.033211e+03
6.700000e-07	-2.285965e-06	-1.734805e-08	-1.610257e+01	-1.026518e+03
6.800000e-07	-2.137600e-06	-1.722633e-08	-1.505746e+01	-1.019682e+03
6.900000e-07	-1.988463e-06	-1.710702e-08	-1.400693e+01	-1.012501e+03
7.000000e-07	-1.838612e-06	-1.698186e-08	-1.295136e+01	-1.004807e+03
7.100000e-07	-1.688149e-06	-1.684495e-08	-1.189149e+01	-9.965439e+02
7.200000e-07	-1.537126e-06	-1.670460e-08	-1.082767e+01	-9.877872e+02
7.300000e-07	-1.385614e-06	-1.656481e-08	-9.760401e+00	-9.787142e+02
7.400000e-07	-1.233658e-06	-1.641793e-08	-8.690012e+00	-9.695174e+02
7.500000e-07	-1.081257e-06	-1.625619e-08	-7.616478e+00	-9.603077e+02
7.600000e-07	-9.284883e-07	-1.609247e-08	-6.540363e+00	-9.510494e+02
7.700000e-07	-7.753885e-07	-1.593084e-08	-5.461913e+00	-9.415582e+02
7.800000e-07	-6.219599e-07	-1.576350e-08	-4.381147e+00	-9.315676e+02
7.900000e-07	-4.682780e-07	-1.558164e-08	-3.298596e+00	-9.208344e+02
8.000000e-07	-3.144225e-07	-1.538936e-08	-2.214823e+00	-9.092370e+02
8.100000e-07	-1.604444e-07	-1.519118e-08	-1.130186e+00	-8.968177e+02
8.200000e-07	-6.391571e-09	-1.498200e-08	-4.502285e-02	-8.837428e+02
8.300000e-07	1.476692e-07	-1.475818e-08	1.040196e+00	-8.701941e+02
8.400000e-07	3.016564e-07	-1.451842e-08	2.124898e+00	-8.562368e+02
8.500000e-07	4.555165e-07	-1.426677e-08	3.208703e+00	-8.417260e+02
8.600000e-07	6.091604e-07	-1.399902e-08	4.290986e+00	-8.263018e+02
8.700000e-07	7.625333e-07	-1.370609e-08	5.371360e+00	-8.094828e+02
8.800000e-07	9.156189e-07	-1.338652e-08	6.449710e+00	-7.908203e+02
8.900000e-07	1.068352e-06	-1.304632e-08	7.525576e+00	-7.700330e+02
9.000000e-07	1.220685e-06	-1.267961e-08	8.598629e+00	-7.470338e+02
9.100000e-07	1.372612e-06	-1.226759e-08	9.668818e+00	-7.217939e+02
9.200000e-07	1.524111e-06	-1.179647e-08	1.073599e+01	-6.940491e+02
9.300000e-07	1.675084e-06	-1.125378e-08	1.179946e+01	-6.629337e+02
9.400000e-07	1.825479e-06	-1.061601e-08	1.285886e+01	-6.266835e+02
9.500000e-07	1.975237e-06	-9.845402e-09	1.391377e+01	-5.825606e+02
9.600000e-07	2.124288e-06	-8.896431e-09	1.496370e+01	-5.271093e+02
9.700000e-07	2.272538e-06	-7.716937e-09	1.600798e+01	-4.567555e+02
9.800000e-07	2.420041e-06	-6.244465e-09	1.704701e+01	-3.686452e+02
9.900000e-07	2.566766e-06	-4.420685e-09	1.808056e+01	-2.615201e+02
1.000000e-06	2.712502e-06	-2.245078e-09	1.910713e+01	-1.363837e+02
1.010000e-06	2.857196e-06	1.803556e-10	2.012637e+01	3.258372e+00
1.020000e-06	3.000887e-06	2.702107e-09	2.113855e+01	1.516946e+02
1.030000e-06	3.143542e-06	5.221367e-09	2.214342e+01	3.018098e+02
1.040000e-06	3.284982e-06	7.683985e-09	2.313974e+01	4.462163e+02
1.050000e-06	3.425043e-06	9.960928e-09	2.412634e+01	5.784450e+02
1.060000e-06	3.563750e-06	1.189948e-08	2.510341e+01	6.939081e+02
1.070000e-06	3.701182e-06	1.346815e-08	2.607149e+01	7.904151e+02
1.080000e-06	3.837254e-06	1.472377e-08	2.702999e+01	8.681494e+02
1.090000e-06	3.971916e-06	1.572755e-08	2.797857e+01	9.291675e+02
1.100000e-06	4.105180e-06	1.652862e-08	2.891729e+01	9.765992e+02
1.110000e-06	4.236933e-06	1.717019e-08	2.984537e+01	1.013794e+03
1.120000e-06	4.367141e-06	1.768595e-08	3.076257e+01	1.043638e+03
1.130000e-06	4.495837e-06	1.809777e-08	3.166912e+01	1.068182e+03
1.140000e-06	4.622936e-06	1.842278e-08	3.256442e+01	1.088610e+03
1.150000e-06	4.748470e-06	1.868059e-08	3.344869e+01	1.105475e+03
1.160000e-06	4.872316e-06	1.889034e-08	3.432108e+01	1.119043e+03
1.170000e-06	4.994355e-06	1.906223e-08	3.518073e+01	1.129609e+03
1.180000e-06	5.114643e-06	1.920030e-08	3.602805e+01	1.137668e+03
1.190000e-06	5.233035e-06	1.931175e-08	3.686201e+01	1.143906e+03
1.200000e-06	5.349379e-06	1.940708e-08	3.768155e+01	1.149067e+03
1.210000e-06	5.463653e-06	1.949312e-08	3.848651e+01	1.153768e+03
1.220000e-06	5.575873e-06	1.956793e-08	3.927700e+01	1.158362e+03
1.230000e-06	5.686115e-06	1.963264e-08	4.005355e+01	1.162900e+03
1.240000e-06	5.794362e-06	1.969337e-08	4.081606e+01	1.167217e+03
1.250000e-06	5.900500e-06	1.975082e-08	4.156371e+01	1.171072e+03
1.260000e-06	6.004523e-06	1.980331e-08	4.229645e+01	1.174307e+03
1.270000e-06	6.106463e-06	1.984931e-08	4.301453e+01	1.176930e+03
1.280000e-06	6.206156e-06	1.989317e-08	4.371678e+01	1.179124e+03
1.290000e-06	6.303546e-06	1.993832e-08	4.440280e+01	1.181163e+03
1.300000e-06	6.398733e-06	1.998038e-08	4.507331e+01	1.183296e+03
1.310000e-06	6.491773e-06	2.001765e-08	4.572869e+01	1.185649e+03
1.320000e-06	6.582560e-06	2.005320e-08	4.636820e+01	1.188184e+03
1.330000e-06	6.670906e-06	2.008951e-08	4.699052e+01	1.190733e+03
1.340000e-06	6.756901e-06	2.012464e-08	4.759628e+01	1.193086e+03
1.350000e-06	6.840650e-06	2.015464e-08	4.818622e+01	1.195089e+03
1.360000e-06	6.922016e-06	2.018214e-08	4.875936e+01	1.196713e+03
1.370000e-06	7.000827e-06	2.021084e-08	4.931452e+01	1.198059e+03
1.380000e-06	7.076985e-06	2.024051e-08	4.985098e+01	1.199308e+03
1.390000e-06	7.150422e-06	2.026739e-08	5.036828e+01	1.200640e+03
1.400000e-06	7.221297e-06	2.029271e-08	5.086753e+01	1.202151e+03
1.410000e-06	7.289709e-06	2.032045e-08	5.134943e+01	1.203816e+03
1.420000e-06	7.355479e-06	2.034367e-08	5.181272e+01	1.205510e+03
1.430000e-06	7.418590e-06	2.036086e-08	5.225728e+01	1.207068e+03
1.440000e-06	7.479232e-06	2.037674e-08	5.268445e+01	1.208357e+03
1.450000e-06	7.537224e-06	2.039360e-08	5.309295e+01	1.209343e+03
1.460000e-06	7.592409e-06	2.041166e-08	5.348168e+01	1.210096e+03
1.470000e-06	7.644649e-06	2.042789e-08	5.384967e+01	1.210760e+03
1.480000e-06	7.693728e-06	2.044264e-08	5.419538e+01	1.211484e+03
1.490000e-06	7.739917e-06	2.045865e-08	5.452074e+01	1.212359e+03
1.500000e-06	7.783421e-06	2.047488e-08	5.482719e+01	1.213377e+03
1.510000e-06	7.824085e-06	2.048614e-08	5.511363e+01	1.214439e+03
1.520000e-06	7.862004e-06	2.049367e-08	5.538073e+01	1.215402e+03
1.530000e-06	7.897244e-06	2.050114e-08	5.562896e+01	1.216143e+03
1.540000e-06	7.929656e-06	2.050951e-08	5.585728e+01	1.216617e+03
1.550000e-06	7.959318e-06	2.051638e-08	5.606623e+01	1.216868e+03
1.560000e-06	7.986199e-06	2.052258e-08	5.625557e+01	1.217014e+03
1.570000e-06	8.010131e-06	2.053068e-08	5.642416e+01	1.217185e+03
1.580000e-06	8.031266e-06	2.053821e-08	5.657303e+01	1.217471e+03
1.590000e-06	8.049671e-06	2.054225e-08	5.670268e+01	1.217879e+03
1.600000e-06	8.065185e-06	2.054174e-08	5.681196e+01	1.218333e+03
1.610000e-06	8.077629e-06	2.054069e-08	5.689962e+01	1.218709e+03
1.620000e-06	8.086903e-06	2.053904e-08	5.696494e+01	1.218895e+03
1.630000e-06	8.093277e-06	2.053635e-08	5.700985e+01	1.218841e+03
1.640000e-06	8.096947e-06	2.053511e-08	5.703570e+01	1.218578e+03
1.650000e-06	8.097771e-06	2.053564e-08	5.704150e+01	1.218208e+03
1.660000e-06	8.095843e-06	2.053579e-08	5.702792e+01	1.217857e+03
1.670000e-06	8.091251e-06	2.053315e-08	5.699557e+01	1.217618e+03
1.680000e-06	8.083910e-06	2.052609e-08	5.694386e+01	1.217510e+03
1.690000e-06	8.073869e-06	2.051694e-08	5.687313e+01	1.217471e+03
1.700000e-06	8.061039e-06	2.050777e-08	5.678275e+01	1.217386e+03
1.710000e-06	8.045488e-06	2.049722e-08	5.667321e+01	1.217139e+03
1.720000e-06	8.027566e-06	2.048350e-08	5.654697e+01	1.216659e+03
1.730000e-06	8.007293e-06	2.048794e-08	5.640416e+01	1.215954e+03
1.740000e-06	7.984033e-06	2.049075e-08	5.624032e+01	1.215103e+03
1.750000e-06	7.957138e-06	2.048553e-08	5.605087e+01	1.214216e+03
1.760000e-06	7.926639e-06	2.046502e-08	5.583603e+01	1.213386e+03
1.770000e-06	7.893250e-06	2.043564e-08	5.560083e+01	1.212645e+03
1.780000e-06	7.857361e-06	2.040880e-08	5.534803e+01	1.211953e+03
1.790000e-06	7.819103e-06	2.040177e-08	5.507854e+01	1.211218e+03
1.800000e-06	7.778865e-06	2.039439e-08	5.479509e+01	1.210335e+03
1.810000e-06	7.736287e-06	2.035676e-08	5.449517e+01	1.209242e+03
1.820000e-06	7.690974e-06	2.034106e-08	5.417598e+01	1.207944e+03
1.830000e-06	7.642961e-06	2.030734e-08	5.383778e+01	1.206512e+03
1.840000e-06	7.591885e-06	2.029039e-08	5.347799e+01	1.205053e+03
1.850000e-06	7.537816e-06	2.027856e-08	5.309712e+01	1.203657e+03
1.860000e-06	7.480971e-06	2.024217e-08	5.269670e+01	1.202356e+03
1.870000e-06	7.421384e-06	2.022387e-08	5.227696e+01	1.201109e+03
1.880000e-06	7.359246e-06	2.019263e-08	5.183925e+01	1.199819e+03
1.890000e-06	7.294389e-06	2.015711e-08	5.138240e+01	1.198372e+03
1.900000e-06	7.226806e-06	2.012403e-08	5.090634e+01	1.196695e+03
1.910000e-06	7.156398e-06	2.009819e-08	5.041038e+01	1.194784e+03
1.920000e-06	7.083168e-06	2.007531e-08	4.989454e+01	1.192707e+03
1.930000e-06	7.007293e-06	2.004633e-08	4.936007e+01	1.190577e+03
1.940000e-06	6.928726e-06	2.001255e-08	4.880663e+01	1.188497e+03
1.950000e-06	6.847703e-06	1.996401e-08	4.823590e+01	1.186515e+03
1.960000e-06	6.764259e-06	1.992988e-08	4.764811e+01	1.184599e+03
1.970000e-06	6.678357e-06	1.988982e-08	4.704300e+01	1.182650e+03
1.980000e-06	6.590044e-06	1.984948e-08	4.642092e+01	1.180542e+03
1.990000e-06	6.499387e-06	1.980771e-08	4.578232e+01	1.178184e+03
2.000000e-06	6.406510e-06	1.977006e-08	4.512809e+01	1.175554e+03
2.010000e-06	6.311347e-06	1.972954e-08	4.445775e+01	1.172715e+03
2.020000e-06	6.213944e-06	1.967906e-08	4.377163e+01	1.169786e+03
2.030000e-06	6.114306e-06	1.964236e-08	4.306977e+01	1.166888e+03
2.040000e-06	6.012412e-06	1.958907e-08	4.235203e+01	1.164090e+03
2.050000e-06	5.908299e-06	1.954078e-08	4.161864e+01	1.161377e+03
2.060000e-06	5.802103e-06	1.947591e-08	4.087059e+01	1.158652e+03
2.070000e-06	5.693882e-06	1.941876e-08	4.010826e+01	1.155777e+03
2.080000e-06	5.583556e-06	1.936240e-08	3.933112e+01	1.152633e+03
2.090000e-06	5.471109e-06	1.930870e-08	3.853903e+01	1.149175e+03
2.100000e-06	5.356597e-06	1.925999e-08	3.773240e+01	1.145448e+03
2.110000e-06	5.240077e-06	1.920234e-08	3.691162e+01	1.141572e+03
2.120000e-06	5.121458e-06	1.914261e-08	3.607606e+01	1.137688e+03
2.130000e-06	5.000834e-06	1.906812e-08	3.522637e+01	1.133894e+03
2.140000e-06	4.878418e-06	1.899040e-08	3.436406e+01	1.130197e+03
2.150000e-06	4.754313e-06	1.891533e-08	3.348985e+01	1.126514e+03
2.160000e-06	4.628505e-06	1.885259e-08	3.260364e+01	1.122697e+03
2.170000e-06	4.501021e-06	1.878631e-08	3.170563e+01	1.118605e+03
2.180000e-06	4.371927e-06	1.871788e-08	3.079628e+01	1.114160e+03
2.190000e-06	4.241275e-06	1.864265e-08	2.987596e+01	1.109385e+03
2.200000e-06	4.109208e-06	1.856628e-08	2.894567e+01	1.104392e+03
2.210000e-06	3.975672e-06	1.847578e-08	2.800502e+01	1.099332e+03
2.220000e-06	3.840612e-06	1.838563e-08	2.705365e+01	1.094324e+03
2.230000e-06	3.704102e-06	1.829500e-08	2.609206e+01	1.089399e+03
2.240000e-06	3.566257e-06	1.820666e-08	2.512107e+01	1.084478e+03
2.250000e-06	3.427176e-06	1.811802e-08	2.414137e+01	1.079407e+03
2.260000e-06	3.286815e-06	1.802541e-08	2.315265e+01	1.074016e+03
2.270000e-06	3.145126e-06	1.793031e-08	2.215458e+01	1.068197e+03
2.280000e-06	3.002221e-06	1.782640e-08	2.114794e+01	1.061948e+03
2.290000e-06	2.858255e-06	1.772048e-08	2.013383e+01	1.055377e+03
2.300000e-06	2.713274e-06	1.760549e-08	1.911257e+01	1.048650e+03
2.310000e-06	2.567319e-06	1.749128e-08	1.808445e+01	1.041913e+03
2.320000e-06	2.420438e-06	1.737391e-08	1.704981e+01	1.035223e+03
2.330000e-06	2.272743e-06	1.725604e-08	1.600943e+01	1.028511e+03
2.340000e-06	2.124311e-06	1.713057e-08	1.496386e+01	1.021606e+03
2.350000e-06	1.975172e-06	1.700243e-08	1.391330e+01	1.014308e+03
2.360000e-06	1.825329e-06	1.686811e-08	1.285780e+01	1.006471e+03
2.370000e-06	1.674797e-06	1.672943e-08	1.179743e+01	9.980710e+02
2.380000e-06	1.523662e-06	1.658722e-08	1.073282e+01	9.892152e+02
2.390000e-06	1.372006e-06	1.644016e-08	9.664549e+00	9.800938e+02
2.400000e-06	1.219857e-06	1.628687e-08	8.592792e+00	9.708873e+02
2.410000e-06	1.067188e-06	1.612403e-08	7.517377e+00	9.616740e+02
2.420000e-06	9.140901e-07	1.595590e-08	6.438941e+00	9.523784e+02
2.430000e-06	7.607155e-07	1.578159e-08	5.358555e+00	9.427873e+02
2.440000e-06	6.071199e-07	1.560349e-08	4.276613e+00	9.326294e+02
2.450000e-06	4.532996e-07	1.542017e-08	3.193087e+00	9.216841e+02
2.460000e-06	2.992861e-07	1.523100e-08	2.108201e+00	9.098701e+02
2.470000e-06	1.451750e-07	1.502909e-08	1.022627e+00	8.972673e+02
2.480000e-06	-8.974079e-09	1.481508e-08	-6.321430e-02	8.840581e+02
2.490000e-06	-1.630595e-07	1.458655e-08	-1.148607e+00	8.704073e+02
2.500000e-06	-3.170646e-07	1.434151e-08	-2.233435e+00	8.563332e+02
2.510000e-06	-4.709710e-07	1.407876e-08	-3.317566e+00	8.416337e+02
2.520000e-06	-6.246837e-07	1.380111e-08	-4.400334e+00	8.259064e+02
2.530000e-06	-7.781474e-07	1.350567e-08	-5.481347e+00	8.086627e+02
2.540000e-06	-9.312959e-07	1.318829e-08	-6.560140e+00	7.894860e+02
2.550000e-06	-1.084089e-06	1.284483e-08	-7.636432e+00	7.681468e+02
2.560000e-06	-1.236487e-06	1.246524e-08	-8.709939e+00	7.445922e+02
2.570000e-06	-1.388411e-06	1.204301e-08	-9.780104e+00	7.187670e+02
2.580000e-06	-1.539766e-06	1.156483e-08	-1.084626e+01	6.902908e+02
2.590000e-06	-1.690524e-06	1.101218e-08	-1.190822e+01	6.580951e+02
2.600000e-06	-1.840658e-06	1.035827e-08	-1.296578e+01	6.201675e+02
2.610000e-06	-1.990134e-06	9.568223e-09	-1.401870e+01	5.735526e+02
2.620000e-06	-2.138869e-06	8.598932e-09	-1.506641e+01	5.146970e+02
2.630000e-06	-2.286826e-06	7.392035e-09	-1.610863e+01	4.401224e+02
2.640000e-06	-2.434061e-06	5.880932e-09	-1.714576e+01	3.472957e+02
2.650000e-06	-2.580514e-06	4.019811e-09	-1.817740e+01	2.354750e+02
2.660000e-06	-2.726056e-06	1.836494e-09	-1.920261e+01	1.062869e+02
2.670000e-06	-2.870573e-06	-5.432763e-10	-2.022060e+01	-3.616218e+01
2.680000e-06	-3.014008e-06	-2.990480e-09	-2.123097e+01	-1.857178e+02
2.690000e-06	-3.156288e-06	-5.443130e-09	-2.223320e+01	-3.350832e+02
2.700000e-06	-3.297308e-06	-7.844876e-09	-2.322656e+01	-4.769930e+02
2.710000e-06	-3.437003e-06	-1.006144e-08	-2.421059e+01	-6.053725e+02
2.720000e-06	-3.575404e-06	-1.194628e-08	-2.518550e+01	-7.162058e+02
2.730000e-06	-3.712530e-06	-1.347082e-08	-2.615143e+01	-8.079187e+02
2.740000e-06	-3.848260e-06	-1.468928e-08	-2.710752e+01	-8.812254e+02
2.750000e-06	-3.982552e-06	-1.566288e-08	-2.805349e+01	-9.385320e+02
2.760000e-06	-4.115423e-06	-1.644374e-08	-2.898944e+01	-9.831001e+02
2.770000e-06	-4.246843e-06	-1.707069e-08	-2.991518e+01	-1.018217e+03
2.780000e-06	-4.376776e-06	-1.757258e-08	-3.083044e+01	-1.046581e+03
2.790000e-06	-4.505224e-06	-1.797263e-08	-3.173524e+01	-1.070016e+03
2.800000e-06	-4.632054e-06	-1.829179e-08	-3.262864e+01	-1.089520e+03
2.810000e-06	-4.757190e-06	-1.854816e-08	-3.351011e+01	-1.105540e+03
2.820000e-06	-4.880673e-06	-1.875501e-08	-3.437994e+01	-1.118324e+03
2.830000e-06	-5.002448e-06	-1.892292e-08	-3.523774e+01	-1.128210e+03
2.840000e-06	-5.122346e-06	-1.906084e-08	-3.608231e+01	-1.135744e+03
2.850000e-06	-5.240247e-06	-1.917568e-08	-3.691281e+01	-1.141646e+03
2.860000e-06	-5.356095e-06	-1.927384e-08	-3.772886e+01	-1.146645e+03
2.870000e-06	-5.469765e-06	-1.936053e-08	-3.852957e+01	-1.151299e+03
2.880000e-06	-5.581216e-06	-1.943802e-08	-3.931464e+01	-1.155886e+03
2.890000e-06	-5.690521e-06	-1.950695e-08	-4.008460e+01	-1.160391e+03
2.900000e-06	-5.797866e-06	-1.956776e-08	-4.084074e+01	-1.164615e+03
2.910000e-06	-5.903357e-06	-1.962098e-08	-4.158383e+01	-1.168326e+03
2.920000e-06	-6.006759e-06	-1.966940e-08	-4.231221e+01	-1.171400e+03
2.930000e-06	-6.107918e-06	-1.971534e-08	-4.302478e+01	-1.173895e+03
2.940000e-06	-6.206883e-06	-1.975999e-08	-4.372190e+01	-1.176025e+03
2.950000e-06	-6.303733e-06	-1.980517e-08	-4.440412e+01	-1.178068e+03
2.960000e-06	-6.398374e-06	-1.984902e-08	-4.507078e+01	-1.180252e+03
2.970000e-06	-6.490718e-06	-1.988865e-08	-4.572126e+01	-1.182661e+03
2.980000e-06	-6.580842e-06	-1.992485e-08	-4.635610e+01	-1.185219e+03
2.990000e-06	-6.668646e-06	-1.995890e-08	-4.697460e+01	-1.187740e+03
3.000000e-06	-6.754039e-06	-1.999045e-08	-4.757612e+01	-1.190017e+03
3.010000e-06	-6.836997e-06	-2.001960e-08	-4.816048e+01	-1.191923e+03
3.020000e-06	-6.917599e-06	-2.004874e-08	-4.872825e+01	-1.193465e+03
3.030000e-06	-6.995671e-06	-2.007911e-08	-4.927820e+01	-1.194769e+03
3.040000e-06	-7.070951e-06	-2.010882e-08	-4.980848e+01	-1.196026e+03
3.050000e-06	-7.143586e-06	-2.013642e-08	-5.032013e+01	-1.197399e+03
3.060000e-06	-7.213590e-06	-2.016187e-08	-5.081324e+01	-1.198956e+03
3.070000e-06	-7.280991e-06	-2.018506e-08	-5.128802e+01	-1.200645e+03
3.080000e-06	-7.345957e-06	-2.020505e-08	-5.174565e+01	-1.202321e+03
3.090000e-06	-7.408351e-06	-2.022325e-08	-5.218515e+01	-1.203822e+03
3.100000e-06	-7.468048e-06	-2.024209e-08	-5.260567e+01	-1.205036e+03
3.110000e-06	-7.525073e-06	-2.026202e-08	-5.300736e+01	-1.205954e+03
3.120000e-06	-7.579273e-06	-2.028240e-08	-5.338915e+01	-1.206671e+03
3.130000e-06	-7.630480e-06	-2.030143e-08	-5.374985e+01	-1.207338e+03
3.140000e-06	-7.678579e-06	-2.031763e-08	-5.408867e+01	-1.208097e+03
3.150000e-06	-7.723829e-06	-2.033270e-08	-5.440741e+01	-1.209013e+03
3.160000e-06	-7.766642e-06	-2.034804e-08	-5.470899e+01	-1.210055e+03
3.170000e-06	-7.806950e-06	-2.036015e-08	-5.499292e+01	-1.211107e+03
3.180000e-06	-7.844466e-06	-2.036984e-08	-5.525720e+01	-1.212025e+03
3.190000e-06	-7.879168e-06	-2.037962e-08	-5.550164e+01	-1.212701e+03
3.200000e-06	-7.911114e-06	-2.039068e-08	-5.572667e+01	-1.213113e+03
3.210000e-06	-7.940172e-06	-2.040222e-08	-5.593136e+01	-1.213326e+03
3.220000e-06	-7.966434e-06	-2.041298e-08	-5.611635e+01	-1.213467e+03
3.230000e-06	-7.989916e-06	-2.042135e-08	-5.628176e+01	-1.213663e+03
3.240000e-06	-8.010494e-06	-2.042576e-08	-5.642671e+01	-1.213984e+03
3.250000e-06	-8.028272e-06	-2.042921e-08	-5.655194e+01	-1.214414e+03
3.260000e-06	-8.043115e-06	-2.043176e-08	-5.665650e+01	-1.214861e+03
3.270000e-06	-8.054835e-06	-2.043365e-08	-5.673905e+01	-1.215200e+03
3.280000e-06	-8.063658e-06	-2.043547e-08	-5.680120e+01	-1.215329e+03
3.290000e-06	-8.069581e-06	-2.043818e-08	-5.684293e+01	-1.215217e+03
3.300000e-06	-8.072616e-06	-2.044082e-08	-5.686430e+01	-1.214917e+03
3.310000e-06	-8.072943e-06	-2.043991e-08	-5.686661e+01	-1.214542e+03
