# Temperatura_=_71.62
# Concentracion g/m^3_=_20000.0
# C_Vs_to_Am_M_A/Vsm_=_59384043850.047264
# pendiente_HvsI_1/m_=_3716.3
# ordenada_HvsI_A/m_=_1297.0
# frecuencia_Hz_=_301127.7018241854

Tiempo_(s)	Campo_(V.s)	Magnetizacion_(V.s)	Campo_(kA/m)	Magnetizacion_(A/m)
0.000000e+00	-5.410232e-06	-1.520279e-08	-3.826147e+01	-9.016410e+02
1.000000e-08	-5.408238e-06	-1.520327e-08	-3.824738e+01	-9.017589e+02
2.000000e-08	-5.404304e-06	-1.520319e-08	-3.821955e+01	-9.016675e+02
3.000000e-08	-5.398714e-06	-1.519751e-08	-3.818002e+01	-9.013537e+02
4.000000e-08	-5.391466e-06	-1.518694e-08	-3.812876e+01	-9.007943e+02
5.000000e-08	-5.382523e-06	-1.517127e-08	-3.806551e+01	-8.999683e+02
6.000000e-08	-5.371569e-06	-1.515618e-08	-3.798805e+01	-8.988691e+02
7.000000e-08	-5.358566e-06	-1.514854e-08	-3.789609e+01	-8.975125e+02
8.000000e-08	-5.343562e-06	-1.510337e-08	-3.778998e+01	-8.959365e+02
9.000000e-08	-5.326118e-06	-1.501483e-08	-3.766662e+01	-8.941922e+02
1.000000e-07	-5.306332e-06	-1.499861e-08	-3.752669e+01	-8.923303e+02
1.100000e-07	-5.284686e-06	-1.501607e-08	-3.737361e+01	-8.903861e+02
1.200000e-07	-5.261506e-06	-1.499681e-08	-3.720967e+01	-8.883690e+02
1.300000e-07	-5.237179e-06	-1.502186e-08	-3.703763e+01	-8.862612e+02
1.400000e-07	-5.211378e-06	-1.490023e-08	-3.685517e+01	-8.840248e+02
1.500000e-07	-5.183545e-06	-1.478470e-08	-3.665833e+01	-8.816152e+02
1.600000e-07	-5.154032e-06	-1.489347e-08	-3.644962e+01	-8.789958e+02
1.700000e-07	-5.123010e-06	-1.477503e-08	-3.623022e+01	-8.761495e+02
1.800000e-07	-5.089889e-06	-1.463231e-08	-3.599599e+01	-8.730821e+02
1.900000e-07	-5.054738e-06	-1.465991e-08	-3.574740e+01	-8.698171e+02
2.000000e-07	-5.018087e-06	-1.457280e-08	-3.548820e+01	-8.663858e+02
2.100000e-07	-4.979718e-06	-1.456862e-08	-3.521686e+01	-8.628149e+02
2.200000e-07	-4.939665e-06	-1.452020e-08	-3.493360e+01	-8.591178e+02
2.300000e-07	-4.897798e-06	-1.434829e-08	-3.463752e+01	-8.552926e+02
2.400000e-07	-4.853848e-06	-1.432685e-08	-3.432669e+01	-8.513261e+02
2.500000e-07	-4.808098e-06	-1.427891e-08	-3.400315e+01	-8.472028e+02
2.600000e-07	-4.760622e-06	-1.419624e-08	-3.366739e+01	-8.429135e+02
2.700000e-07	-4.711232e-06	-1.411758e-08	-3.331811e+01	-8.384608e+02
2.800000e-07	-4.659741e-06	-1.400964e-08	-3.295396e+01	-8.338588e+02
2.900000e-07	-4.606292e-06	-1.397542e-08	-3.257597e+01	-8.291271e+02
3.000000e-07	-4.551179e-06	-1.389227e-08	-3.218620e+01	-8.242827e+02
3.100000e-07	-4.494464e-06	-1.377068e-08	-3.178511e+01	-8.193327e+02
3.200000e-07	-4.436007e-06	-1.368078e-08	-3.137170e+01	-8.142712e+02
3.300000e-07	-4.375853e-06	-1.363375e-08	-3.094629e+01	-8.090826e+02
3.400000e-07	-4.314284e-06	-1.356927e-08	-3.051087e+01	-8.037483e+02
3.500000e-07	-4.251345e-06	-1.342620e-08	-3.006576e+01	-7.982553e+02
3.600000e-07	-4.186924e-06	-1.332625e-08	-2.961017e+01	-7.926025e+02
3.700000e-07	-4.120881e-06	-1.324434e-08	-2.914311e+01	-7.868014e+02
3.800000e-07	-4.053129e-06	-1.313755e-08	-2.866396e+01	-7.808721e+02
3.900000e-07	-3.983926e-06	-1.303919e-08	-2.817455e+01	-7.748351e+02
4.000000e-07	-3.913471e-06	-1.292104e-08	-2.767630e+01	-7.687032e+02
4.100000e-07	-3.841765e-06	-1.283636e-08	-2.716919e+01	-7.624769e+02
4.200000e-07	-3.768647e-06	-1.274576e-08	-2.665209e+01	-7.561449e+02
4.300000e-07	-3.693863e-06	-1.262605e-08	-2.612321e+01	-7.496903e+02
4.400000e-07	-3.617490e-06	-1.250139e-08	-2.558310e+01	-7.430985e+02
4.500000e-07	-3.539713e-06	-1.238870e-08	-2.503306e+01	-7.363653e+02
4.600000e-07	-3.460497e-06	-1.228658e-08	-2.447284e+01	-7.294993e+02
4.700000e-07	-3.379913e-06	-1.215411e-08	-2.390294e+01	-7.225197e+02
4.800000e-07	-3.298068e-06	-1.203365e-08	-2.332413e+01	-7.154486e+02
4.900000e-07	-3.215073e-06	-1.192418e-08	-2.273718e+01	-7.083017e+02
5.000000e-07	-3.131070e-06	-1.181455e-08	-2.214311e+01	-7.010814e+02
5.100000e-07	-3.046099e-06	-1.168777e-08	-2.154219e+01	-6.937748e+02
5.200000e-07	-2.960187e-06	-1.155404e-08	-2.093461e+01	-6.863584e+02
5.300000e-07	-2.873304e-06	-1.143087e-08	-2.032017e+01	-6.788069e+02
5.400000e-07	-2.785566e-06	-1.129910e-08	-1.969968e+01	-6.711034e+02
5.500000e-07	-2.696934e-06	-1.115927e-08	-1.907287e+01	-6.632460e+02
5.600000e-07	-2.607105e-06	-1.102043e-08	-1.843760e+01	-6.552494e+02
5.700000e-07	-2.516176e-06	-1.089395e-08	-1.779454e+01	-6.471388e+02
5.800000e-07	-2.424373e-06	-1.076271e-08	-1.714531e+01	-6.389408e+02
5.900000e-07	-2.331727e-06	-1.061821e-08	-1.649011e+01	-6.306728e+02
6.000000e-07	-2.238341e-06	-1.047586e-08	-1.582968e+01	-6.223364e+02
6.100000e-07	-2.144174e-06	-1.033777e-08	-1.516373e+01	-6.139171e+02
6.200000e-07	-2.049231e-06	-1.019417e-08	-1.449228e+01	-6.053905e+02
6.300000e-07	-1.953647e-06	-1.004279e-08	-1.381631e+01	-5.967321e+02
6.400000e-07	-1.857358e-06	-9.892986e-09	-1.313534e+01	-5.879278e+02
6.500000e-07	-1.760282e-06	-9.747534e-09	-1.244882e+01	-5.789795e+02
6.600000e-07	-1.662358e-06	-9.597311e-09	-1.175630e+01	-5.699056e+02
6.700000e-07	-1.563719e-06	-9.439372e-09	-1.105871e+01	-5.607336e+02
6.800000e-07	-1.464578e-06	-9.282757e-09	-1.035758e+01	-5.514906e+02
6.900000e-07	-1.364981e-06	-9.131232e-09	-9.653226e+00	-5.421930e+02
7.000000e-07	-1.264917e-06	-8.977114e-09	-8.945564e+00	-5.328402e+02
7.100000e-07	-1.164385e-06	-8.815483e-09	-8.234598e+00	-5.234146e+02
7.200000e-07	-1.063438e-06	-8.653241e-09	-7.520694e+00	-5.138878e+02
7.300000e-07	-9.621342e-07	-8.493430e-09	-6.804269e+00	-5.042291e+02
7.400000e-07	-8.605131e-07	-8.331469e-09	-6.085599e+00	-4.944155e+02
7.500000e-07	-7.586286e-07	-8.161492e-09	-5.365066e+00	-4.844363e+02
7.600000e-07	-6.564835e-07	-7.987505e-09	-4.642689e+00	-4.742945e+02
7.700000e-07	-5.540728e-07	-7.818086e-09	-3.918435e+00	-4.640015e+02
7.800000e-07	-4.514413e-07	-7.647318e-09	-3.192619e+00	-4.535699e+02
7.900000e-07	-3.486323e-07	-7.469232e-09	-2.465548e+00	-4.430056e+02
8.000000e-07	-2.457707e-07	-7.284241e-09	-1.738105e+00	-4.323028e+02
8.100000e-07	-1.428315e-07	-7.100898e-09	-1.010112e+00	-4.214428e+02
8.200000e-07	-3.977222e-08	-6.918207e-09	-2.812714e-01	-4.103961e+02
8.300000e-07	6.329813e-08	-6.728577e-09	4.476480e-01	-3.991273e+02
8.400000e-07	1.663150e-07	-6.531774e-09	1.176189e+00	-3.876005e+02
8.500000e-07	2.692636e-07	-6.332751e-09	1.904248e+00	-3.757839e+02
8.600000e-07	3.721603e-07	-6.131995e-09	2.631939e+00	-3.636533e+02
8.700000e-07	4.749220e-07	-5.922831e-09	3.358676e+00	-3.511949e+02
8.800000e-07	5.774666e-07	-5.704304e-09	4.083877e+00	-3.384075e+02
8.900000e-07	6.797962e-07	-5.479850e-09	4.807558e+00	-3.253048e+02
9.000000e-07	7.818448e-07	-5.255407e-09	5.529252e+00	-3.119164e+02
9.100000e-07	8.835933e-07	-5.026930e-09	6.248823e+00	-2.982870e+02
9.200000e-07	9.850579e-07	-4.792160e-09	6.966387e+00	-2.844718e+02
9.300000e-07	1.086246e-06	-4.555876e-09	7.681994e+00	-2.705286e+02
9.400000e-07	1.187105e-06	-4.322332e-09	8.395277e+00	-2.565058e+02
9.500000e-07	1.287499e-06	-4.089166e-09	9.105265e+00	-2.424313e+02
9.600000e-07	1.387466e-06	-3.849434e-09	9.812242e+00	-2.283040e+02
9.700000e-07	1.486999e-06	-3.605264e-09	1.051615e+01	-2.140905e+02
9.800000e-07	1.586026e-06	-3.361240e-09	1.121647e+01	-1.997313e+02
9.900000e-07	1.684479e-06	-3.117068e-09	1.191273e+01	-1.851515e+02
1.000000e-06	1.782186e-06	-2.867736e-09	1.260372e+01	-1.702759e+02
1.010000e-06	1.879054e-06	-2.609780e-09	1.328878e+01	-1.550424e+02
1.020000e-06	1.975121e-06	-2.343920e-09	1.396817e+01	-1.394093e+02
1.030000e-06	2.070495e-06	-2.072167e-09	1.464266e+01	-1.233541e+02
1.040000e-06	2.165169e-06	-1.793574e-09	1.531220e+01	-1.068646e+02
1.050000e-06	2.259113e-06	-1.506167e-09	1.597658e+01	-8.992580e+01
1.060000e-06	2.352382e-06	-1.213573e-09	1.663618e+01	-7.250676e+01
1.070000e-06	2.444937e-06	-9.150083e-10	1.729074e+01	-5.455391e+01
1.080000e-06	2.536703e-06	-6.038706e-10	1.793971e+01	-3.599226e+01
1.090000e-06	2.627595e-06	-2.753702e-10	1.858251e+01	-1.673509e+01
1.100000e-06	2.717395e-06	6.699994e-11	1.921758e+01	3.301513e+00
1.110000e-06	2.805986e-06	4.199834e-10	1.984410e+01	2.418432e+01
1.120000e-06	2.893539e-06	7.852552e-10	2.046327e+01	4.595388e+01
1.130000e-06	2.980174e-06	1.167624e-09	2.107596e+01	6.862353e+01
1.140000e-06	3.065869e-06	1.565493e-09	2.168200e+01	9.218626e+01
1.150000e-06	3.150615e-06	1.976697e-09	2.228133e+01	1.166259e+02
1.160000e-06	3.234389e-06	2.405142e-09	2.287378e+01	1.419278e+02
1.170000e-06	3.317042e-06	2.849361e-09	2.345831e+01	1.680834e+02
1.180000e-06	3.398350e-06	3.306548e-09	2.403333e+01	1.950867e+02
1.190000e-06	3.478344e-06	3.774893e-09	2.459905e+01	2.229232e+02
1.200000e-06	3.557168e-06	4.257666e-09	2.515650e+01	2.515539e+02
1.210000e-06	3.634775e-06	4.754399e-09	2.570534e+01	2.809005e+02
1.220000e-06	3.711111e-06	5.260905e-09	2.624519e+01	3.108380e+02
1.230000e-06	3.785984e-06	5.773325e-09	2.677470e+01	3.411949e+02
1.240000e-06	3.859210e-06	6.290398e-09	2.729256e+01	3.717641e+02
1.250000e-06	3.930923e-06	6.806863e-09	2.779972e+01	4.023197e+02
1.260000e-06	4.001297e-06	7.315209e-09	2.829741e+01	4.326352e+02
1.270000e-06	4.070407e-06	7.814684e-09	2.878615e+01	4.624997e+02
1.280000e-06	4.138208e-06	8.309230e-09	2.926565e+01	4.917265e+02
1.290000e-06	4.204425e-06	8.793627e-09	2.973393e+01	5.201566e+02
1.300000e-06	4.268928e-06	9.256411e-09	3.019010e+01	5.476562e+02
1.310000e-06	4.331969e-06	9.698272e-09	3.063593e+01	5.741134e+02
1.320000e-06	4.393662e-06	1.012301e-08	3.107223e+01	5.994347e+02
1.330000e-06	4.454017e-06	1.052795e-08	3.149907e+01	6.235458e+02
1.340000e-06	4.512839e-06	1.090956e-08	3.191506e+01	6.463932e+02
1.350000e-06	4.569865e-06	1.126966e-08	3.231835e+01	6.679475e+02
1.360000e-06	4.625173e-06	1.161212e-08	3.270950e+01	6.882046e+02
1.370000e-06	4.678829e-06	1.193384e-08	3.308895e+01	7.071842e+02
1.380000e-06	4.730734e-06	1.223092e-08	3.345603e+01	7.249239e+02
1.390000e-06	4.780563e-06	1.250432e-08	3.380842e+01	7.414725e+02
1.400000e-06	4.828388e-06	1.275902e-08	3.414664e+01	7.568827e+02
1.410000e-06	4.874556e-06	1.300087e-08	3.447314e+01	7.712057e+02
1.420000e-06	4.919138e-06	1.322470e-08	3.478843e+01	7.844903e+02
1.430000e-06	4.961980e-06	1.342724e-08	3.509141e+01	7.967838e+02
1.440000e-06	5.002860e-06	1.361548e-08	3.538052e+01	8.081349e+02
1.450000e-06	5.041962e-06	1.379380e-08	3.565705e+01	8.185962e+02
1.460000e-06	5.079480e-06	1.395514e-08	3.592238e+01	8.282240e+02
1.470000e-06	5.115354e-06	1.409865e-08	3.617608e+01	8.370757e+02
1.480000e-06	5.149279e-06	1.423289e-08	3.641600e+01	8.452062e+02
1.490000e-06	5.181274e-06	1.436001e-08	3.664227e+01	8.526643e+02
1.500000e-06	5.211564e-06	1.447306e-08	3.685648e+01	8.594908e+02
1.510000e-06	5.240173e-06	1.457033e-08	3.705881e+01	8.657203e+02
1.520000e-06	5.266931e-06	1.466178e-08	3.724804e+01	8.713841e+02
1.530000e-06	5.291614e-06	1.474939e-08	3.742260e+01	8.765146e+02
1.540000e-06	5.314404e-06	1.482832e-08	3.758378e+01	8.811470e+02
1.550000e-06	5.335475e-06	1.489644e-08	3.773279e+01	8.853189e+02
1.560000e-06	5.354696e-06	1.495859e-08	3.786872e+01	8.890665e+02
1.570000e-06	5.371921e-06	1.501932e-08	3.799054e+01	8.924192e+02
1.580000e-06	5.387221e-06	1.507041e-08	3.809874e+01	8.953963e+02
1.590000e-06	5.400594e-06	1.510900e-08	3.819331e+01	8.980052e+02
1.600000e-06	5.411858e-06	1.514218e-08	3.827298e+01	9.002461e+02
1.610000e-06	5.420926e-06	1.517312e-08	3.833711e+01	9.021183e+02
1.620000e-06	5.427994e-06	1.519754e-08	3.838709e+01	9.036282e+02
1.630000e-06	5.433265e-06	1.521473e-08	3.842436e+01	9.047944e+02
1.640000e-06	5.436776e-06	1.522998e-08	3.844920e+01	9.056480e+02
1.650000e-06	5.438304e-06	1.524258e-08	3.846000e+01	9.062275e+02
1.660000e-06	5.437881e-06	1.525243e-08	3.845701e+01	9.065686e+02
1.670000e-06	5.435791e-06	1.525524e-08	3.844223e+01	9.066953e+02
1.680000e-06	5.432126e-06	1.525053e-08	3.841631e+01	9.066128e+02
1.690000e-06	5.426640e-06	1.524384e-08	3.837752e+01	9.063086e+02
1.700000e-06	5.419248e-06	1.523316e-08	3.832523e+01	9.057596e+02
1.710000e-06	5.410237e-06	1.521571e-08	3.826151e+01	9.049446e+02
1.720000e-06	5.399588e-06	1.518941e-08	3.818620e+01	9.038563e+02
1.730000e-06	5.387074e-06	1.515461e-08	3.809770e+01	9.025097e+02
1.740000e-06	5.372521e-06	1.520577e-08	3.799478e+01	9.009419e+02
1.750000e-06	5.355852e-06	1.520762e-08	3.787690e+01	8.992040e+02
1.760000e-06	5.336813e-06	1.512411e-08	3.774225e+01	8.973469e+02
1.770000e-06	5.315196e-06	1.506294e-08	3.758938e+01	8.954065e+02
1.780000e-06	5.291533e-06	1.491146e-08	3.742203e+01	8.933934e+02
1.790000e-06	5.266671e-06	1.497546e-08	3.724620e+01	8.912908e+02
1.800000e-06	5.240695e-06	1.507344e-08	3.706250e+01	8.890610e+02
1.810000e-06	5.212926e-06	1.482495e-08	3.686612e+01	8.866596e+02
1.820000e-06	5.183184e-06	1.485693e-08	3.665578e+01	8.840494e+02
1.830000e-06	5.151713e-06	1.493102e-08	3.643321e+01	8.812126e+02
1.840000e-06	5.118333e-06	1.474705e-08	3.619715e+01	8.781540e+02
1.850000e-06	5.083283e-06	1.477910e-08	3.594927e+01	8.748968e+02
1.860000e-06	5.046550e-06	1.464112e-08	3.568950e+01	8.714722e+02
1.870000e-06	5.007794e-06	1.451703e-08	3.541541e+01	8.679072e+02
1.880000e-06	4.967324e-06	1.465468e-08	3.512920e+01	8.642158e+02
1.890000e-06	4.925124e-06	1.450309e-08	3.483076e+01	8.603967e+02
1.900000e-06	4.881292e-06	1.440065e-08	3.452078e+01	8.564368e+02
1.910000e-06	4.835883e-06	1.436417e-08	3.419964e+01	8.523206e+02
1.920000e-06	4.788419e-06	1.424948e-08	3.386398e+01	8.480385e+02
1.930000e-06	4.739145e-06	1.427910e-08	3.351551e+01	8.435928e+02
1.940000e-06	4.688282e-06	1.409160e-08	3.315580e+01	8.389970e+02
1.950000e-06	4.635458e-06	1.401017e-08	3.278223e+01	8.342709e+02
1.960000e-06	4.580631e-06	1.403769e-08	3.239449e+01	8.294317e+02
1.970000e-06	4.524028e-06	1.389899e-08	3.199419e+01	8.244867e+02
1.980000e-06	4.465970e-06	1.380984e-08	3.158360e+01	8.194307e+02
1.990000e-06	4.406503e-06	1.365702e-08	3.116305e+01	8.142483e+02
2.000000e-06	4.345391e-06	1.364473e-08	3.073086e+01	8.089207e+02
2.010000e-06	4.282531e-06	1.357034e-08	3.028631e+01	8.034348e+02
2.020000e-06	4.218040e-06	1.338998e-08	2.983023e+01	7.977888e+02
2.030000e-06	4.152167e-06	1.335086e-08	2.936436e+01	7.919940e+02
2.040000e-06	4.084914e-06	1.323601e-08	2.888875e+01	7.860701e+02
2.050000e-06	4.016185e-06	1.317019e-08	2.840269e+01	7.800380e+02
2.060000e-06	3.945879e-06	1.302295e-08	2.790549e+01	7.739106e+02
2.070000e-06	3.874023e-06	1.289176e-08	2.739731e+01	7.676891e+02
2.080000e-06	3.800808e-06	1.284791e-08	2.687953e+01	7.613625e+02
2.090000e-06	3.726253e-06	1.270979e-08	2.635228e+01	7.549138e+02
2.100000e-06	3.650273e-06	1.260335e-08	2.581494e+01	7.483284e+02
2.110000e-06	3.572636e-06	1.246228e-08	2.526589e+01	7.416014e+02
2.120000e-06	3.493476e-06	1.238007e-08	2.470607e+01	7.347411e+02
2.130000e-06	3.413159e-06	1.226839e-08	2.413806e+01	7.277665e+02
2.140000e-06	3.331761e-06	1.211356e-08	2.356241e+01	7.206996e+02
2.150000e-06	3.249319e-06	1.200717e-08	2.297937e+01	7.135566e+02
2.160000e-06	3.165789e-06	1.188834e-08	2.238864e+01	7.063403e+02
2.170000e-06	3.081120e-06	1.178651e-08	2.178986e+01	6.990384e+02
2.180000e-06	2.995141e-06	1.163268e-08	2.118181e+01	6.916277e+02
2.190000e-06	2.907960e-06	1.150479e-08	2.056526e+01	6.840827e+02
2.200000e-06	2.819787e-06	1.139127e-08	1.994169e+01	6.763860e+02
2.210000e-06	2.730666e-06	1.125662e-08	1.931143e+01	6.685352e+02
2.220000e-06	2.640674e-06	1.111714e-08	1.867500e+01	6.605444e+02
2.230000e-06	2.549846e-06	1.096804e-08	1.803266e+01	6.524387e+02
2.240000e-06	2.458336e-06	1.085273e-08	1.738549e+01	6.442448e+02
2.250000e-06	2.365997e-06	1.071512e-08	1.673247e+01	6.359804e+02
2.260000e-06	2.272601e-06	1.056293e-08	1.607196e+01	6.276479e+02
2.270000e-06	2.178197e-06	1.041460e-08	1.540434e+01	6.192332e+02
2.280000e-06	2.082959e-06	1.027923e-08	1.473081e+01	6.107122e+02
2.290000e-06	1.987062e-06	1.014444e-08	1.405262e+01	6.020601e+02
2.300000e-06	1.890538e-06	9.982836e-09	1.336999e+01	5.932623e+02
2.310000e-06	1.793384e-06	9.826249e-09	1.268292e+01	5.843203e+02
2.320000e-06	1.695528e-06	9.683305e-09	1.199087e+01	5.752516e+02
2.330000e-06	1.597103e-06	9.536642e-09	1.129480e+01	5.660839e+02
2.340000e-06	1.498308e-06	9.369186e-09	1.059612e+01	5.568444e+02
2.350000e-06	1.399142e-06	9.203125e-09	9.894814e+00	5.475499e+02
2.360000e-06	1.299547e-06	9.056481e-09	9.190475e+00	5.382005e+02
2.370000e-06	1.199479e-06	8.906334e-09	8.482787e+00	5.287793e+02
2.380000e-06	1.098904e-06	8.735189e-09	7.771515e+00	5.192579e+02
2.390000e-06	9.978033e-07	8.562861e-09	7.056523e+00	5.096057e+02
2.400000e-06	8.962781e-07	8.405788e-09	6.338531e+00	4.997991e+02
2.410000e-06	7.943470e-07	8.246554e-09	5.617668e+00	4.898272e+02
2.420000e-06	6.920605e-07	8.066998e-09	4.894292e+00	4.796923e+02
2.430000e-06	5.895562e-07	7.883423e-09	4.169376e+00	4.694058e+02
2.440000e-06	4.869133e-07	7.717115e-09	3.443479e+00	4.589802e+02
2.450000e-06	3.841220e-07	7.547829e-09	2.716533e+00	4.484219e+02
2.460000e-06	2.811521e-07	7.360245e-09	1.988324e+00	4.377257e+02
2.470000e-06	1.780895e-07	7.167381e-09	1.259459e+00	4.268730e+02
2.480000e-06	7.498228e-08	6.987172e-09	5.302790e-01	4.158348e+02
2.490000e-06	-2.818062e-08	6.807840e-09	-1.992950e-01	4.045759e+02
2.500000e-06	-1.313008e-07	6.607748e-09	-9.285672e-01	3.930602e+02
2.510000e-06	-2.343116e-07	6.399471e-09	-1.657065e+00	3.812556e+02
2.520000e-06	-3.372423e-07	6.198130e-09	-2.384997e+00	3.691378e+02
2.530000e-06	-4.400663e-07	5.999373e-09	-3.112175e+00	3.566925e+02
2.540000e-06	-5.426826e-07	5.783831e-09	-3.837883e+00	3.439180e+02
2.550000e-06	-6.450725e-07	5.554832e-09	-4.561990e+00	3.308275e+02
2.560000e-06	-7.472153e-07	5.330876e-09	-5.284350e+00	3.174498e+02
2.570000e-06	-8.490850e-07	5.108522e-09	-6.004779e+00	3.038294e+02
2.580000e-06	-9.506043e-07	4.876696e-09	-6.722729e+00	2.900211e+02
2.590000e-06	-1.051545e-06	4.634900e-09	-7.436586e+00	2.760828e+02
2.600000e-06	-1.151933e-06	4.400074e-09	-8.146540e+00	2.620635e+02
2.610000e-06	-1.251878e-06	4.172658e-09	-8.853355e+00	2.479920e+02
2.620000e-06	-1.351347e-06	3.935984e-09	-9.556805e+00	2.338682e+02
2.630000e-06	-1.450385e-06	3.688947e-09	-1.025721e+01	2.196600e+02
2.640000e-06	-1.549070e-06	3.443056e-09	-1.095511e+01	2.053085e+02
2.650000e-06	-1.647266e-06	3.203877e-09	-1.164956e+01	1.907392e+02
2.660000e-06	-1.744871e-06	2.958297e-09	-1.233983e+01	1.758766e+02
2.670000e-06	-1.841930e-06	2.698800e-09	-1.302623e+01	1.606580e+02
2.680000e-06	-1.938373e-06	2.435763e-09	-1.370829e+01	1.450410e+02
2.690000e-06	-2.034195e-06	2.173388e-09	-1.438595e+01	1.290024e+02
2.700000e-06	-2.129406e-06	1.900780e-09	-1.505928e+01	1.125299e+02
2.710000e-06	-2.223912e-06	1.610789e-09	-1.572764e+01	9.560878e+01
2.720000e-06	-2.317586e-06	1.312845e-09	-1.639010e+01	7.820895e+01
2.730000e-06	-2.410210e-06	1.015270e-09	-1.704515e+01	6.027762e+01
2.740000e-06	-2.501803e-06	7.075484e-10	-1.769290e+01	4.174046e+01
2.750000e-06	-2.592493e-06	3.801864e-10	-1.833426e+01	2.251092e+01
2.760000e-06	-2.682289e-06	4.007316e-11	-1.896930e+01	2.504718e+00
2.770000e-06	-2.771242e-06	-3.058163e-10	-1.959839e+01	-1.834572e+01
2.780000e-06	-2.859293e-06	-6.649070e-10	-2.022109e+01	-4.008195e+01
2.790000e-06	-2.946327e-06	-1.047180e-09	-2.083660e+01	-6.271821e+01
2.800000e-06	-3.032259e-06	-1.445524e-09	-2.144431e+01	-8.624803e+01
2.810000e-06	-3.116938e-06	-1.852054e-09	-2.204317e+01	-1.106554e+02
2.820000e-06	-3.200395e-06	-2.273492e-09	-2.263338e+01	-1.359254e+02
2.830000e-06	-3.282790e-06	-2.715613e-09	-2.321608e+01	-1.620493e+02
2.840000e-06	-3.364157e-06	-3.172035e-09	-2.379151e+01	-1.890212e+02
2.850000e-06	-3.444407e-06	-3.636711e-09	-2.435905e+01	-2.168272e+02
2.860000e-06	-3.523434e-06	-4.113484e-09	-2.491793e+01	-2.454292e+02
2.870000e-06	-3.601098e-06	-4.606959e-09	-2.546717e+01	-2.747509e+02
2.880000e-06	-3.677240e-06	-5.110497e-09	-2.600566e+01	-3.046687e+02
2.890000e-06	-3.751920e-06	-5.616887e-09	-2.653379e+01	-3.350128e+02
2.900000e-06	-3.825246e-06	-6.128733e-09	-2.705236e+01	-3.655769e+02
2.910000e-06	-3.897247e-06	-6.646330e-09	-2.756156e+01	-3.961356e+02
2.920000e-06	-3.967842e-06	-7.161160e-09	-2.806081e+01	-4.264623e+02
2.930000e-06	-4.036838e-06	-7.662670e-09	-2.854876e+01	-4.563449e+02
2.940000e-06	-4.104318e-06	-8.151257e-09	-2.902598e+01	-4.855961e+02
2.950000e-06	-4.170467e-06	-8.631985e-09	-2.949379e+01	-5.140558e+02
2.960000e-06	-4.235273e-06	-9.098470e-09	-2.995210e+01	-5.415895e+02
2.970000e-06	-4.298681e-06	-9.542277e-09	-3.040052e+01	-5.680843e+02
2.980000e-06	-4.360514e-06	-9.966013e-09	-3.083781e+01	-5.934463e+02
2.990000e-06	-4.420570e-06	-1.037504e-08	-3.126253e+01	-6.176004e+02
3.000000e-06	-4.479054e-06	-1.076490e-08	-3.167613e+01	-6.404923e+02
3.010000e-06	-4.536136e-06	-1.112886e-08	-3.207982e+01	-6.620917e+02
3.020000e-06	-4.591656e-06	-1.147375e-08	-3.247246e+01	-6.823937e+02
3.030000e-06	-4.645261e-06	-1.180016e-08	-3.285156e+01	-7.014170e+02
3.040000e-06	-4.696846e-06	-1.210154e-08	-3.321637e+01	-7.191989e+02
3.050000e-06	-4.746657e-06	-1.237729e-08	-3.356863e+01	-7.357879e+02
3.060000e-06	-4.794588e-06	-1.263602e-08	-3.390761e+01	-7.512366e+02
3.070000e-06	-4.840648e-06	-1.288231e-08	-3.423334e+01	-7.655963e+02
3.080000e-06	-4.885071e-06	-1.311085e-08	-3.454750e+01	-7.789159e+02
3.090000e-06	-4.928001e-06	-1.331833e-08	-3.485111e+01	-7.912426e+02
3.100000e-06	-4.969384e-06	-1.350965e-08	-3.514378e+01	-8.026253e+02
3.110000e-06	-5.009125e-06	-1.369056e-08	-3.542482e+01	-8.131162e+02
3.120000e-06	-5.047012e-06	-1.385674e-08	-3.569276e+01	-8.227714e+02
3.130000e-06	-5.082935e-06	-1.400548e-08	-3.594681e+01	-8.316486e+02
3.140000e-06	-5.117128e-06	-1.414281e-08	-3.618863e+01	-8.398027e+02
3.150000e-06	-5.149640e-06	-1.427439e-08	-3.641856e+01	-8.472827e+02
3.160000e-06	-5.180290e-06	-1.439343e-08	-3.663531e+01	-8.541299e+02
3.170000e-06	-5.208939e-06	-1.449887e-08	-3.683792e+01	-8.603789e+02
3.180000e-06	-5.235773e-06	-1.459360e-08	-3.702769e+01	-8.660611e+02
3.190000e-06	-5.260863e-06	-1.468224e-08	-3.720513e+01	-8.712088e+02
3.200000e-06	-5.284066e-06	-1.476420e-08	-3.736923e+01	-8.758571e+02
3.210000e-06	-5.305238e-06	-1.483528e-08	-3.751895e+01	-8.800435e+02
3.220000e-06	-5.324479e-06	-1.489910e-08	-3.765502e+01	-8.838044e+02
3.230000e-06	-5.341988e-06	-1.495699e-08	-3.777885e+01	-8.871696e+02
3.240000e-06	-5.357669e-06	-1.500760e-08	-3.788975e+01	-8.901585e+02
3.250000e-06	-5.371167e-06	-1.505081e-08	-3.798520e+01	-8.927793e+02
3.260000e-06	-5.382482e-06	-1.508946e-08	-3.806523e+01	-8.950321e+02
3.270000e-06	-5.391965e-06	-1.512410e-08	-3.813229e+01	-8.969162e+02
3.280000e-06	-5.399632e-06	-1.515138e-08	-3.818651e+01	-8.984375e+02
3.290000e-06	-5.405256e-06	-1.517162e-08	-3.822628e+01	-8.996141e+02
3.300000e-06	-5.408931e-06	-1.518877e-08	-3.825228e+01	-9.004770e+02
3.310000e-06	-5.410877e-06	-1.520273e-08	-3.826604e+01	-9.010643e+02
3.320000e-06	-5.411042e-06	-1.520633e-08	-3.826720e+01	-9.014122e+02
