# Temperatura_=_67.48
# Concentracion g/m^3_=_20000.0
# C_Vs_to_Am_M_A/Vsm_=_59384043850.047264
# pendiente_HvsI_1/m_=_3716.3
# ordenada_HvsI_A/m_=_1297.0
# frecuencia_Hz_=_301129.5052738891

Tiempo_(s)	Campo_(V.s)	Magnetizacion_(V.s)	Campo_(kA/m)	Magnetizacion_(A/m)
0.000000e+00	-5.422319e-06	-1.508954e-08	-3.825780e+01	-8.949195e+02
1.000000e-08	-5.419958e-06	-1.509051e-08	-3.824114e+01	-8.949617e+02
2.000000e-08	-5.415722e-06	-1.508920e-08	-3.821125e+01	-8.948339e+02
3.000000e-08	-5.409809e-06	-1.508288e-08	-3.816953e+01	-8.945231e+02
4.000000e-08	-5.402251e-06	-1.507233e-08	-3.811621e+01	-8.939923e+02
5.000000e-08	-5.392928e-06	-1.505795e-08	-3.805043e+01	-8.931977e+02
6.000000e-08	-5.381530e-06	-1.504392e-08	-3.797001e+01	-8.921087e+02
7.000000e-08	-5.368079e-06	-1.502652e-08	-3.787510e+01	-8.907241e+02
8.000000e-08	-5.352474e-06	-1.497449e-08	-3.776500e+01	-8.890774e+02
9.000000e-08	-5.334427e-06	-1.491444e-08	-3.763767e+01	-8.872292e+02
1.000000e-07	-5.314207e-06	-1.490341e-08	-3.749500e+01	-8.852500e+02
1.100000e-07	-5.292195e-06	-1.489678e-08	-3.733970e+01	-8.831977e+02
1.200000e-07	-5.268691e-06	-1.488235e-08	-3.717386e+01	-8.810999e+02
1.300000e-07	-5.243966e-06	-1.486897e-08	-3.699941e+01	-8.789457e+02
1.400000e-07	-5.217633e-06	-1.476260e-08	-3.681362e+01	-8.766911e+02
1.500000e-07	-5.189364e-06	-1.472012e-08	-3.661416e+01	-8.742751e+02
1.600000e-07	-5.159497e-06	-1.474646e-08	-3.640343e+01	-8.716415e+02
1.700000e-07	-5.127987e-06	-1.462704e-08	-3.618111e+01	-8.687569e+02
1.800000e-07	-5.094330e-06	-1.455229e-08	-3.594364e+01	-8.656213e+02
1.900000e-07	-5.058793e-06	-1.452554e-08	-3.569290e+01	-8.622650e+02
2.000000e-07	-5.021726e-06	-1.446136e-08	-3.543137e+01	-8.587356e+02
2.100000e-07	-4.982875e-06	-1.444765e-08	-3.515725e+01	-8.550799e+02
2.200000e-07	-4.942321e-06	-1.435574e-08	-3.487112e+01	-8.513266e+02
2.300000e-07	-4.899858e-06	-1.424493e-08	-3.457152e+01	-8.474781e+02
2.400000e-07	-4.855383e-06	-1.421667e-08	-3.425772e+01	-8.435119e+02
2.500000e-07	-4.809127e-06	-1.414089e-08	-3.393135e+01	-8.393921e+02
2.600000e-07	-4.761053e-06	-1.406695e-08	-3.359216e+01	-8.350853e+02
2.700000e-07	-4.711059e-06	-1.398532e-08	-3.323942e+01	-8.305745e+02
2.800000e-07	-4.659009e-06	-1.389470e-08	-3.287218e+01	-8.258667e+02
2.900000e-07	-4.605066e-06	-1.384232e-08	-3.249157e+01	-8.209905e+02
3.000000e-07	-4.549483e-06	-1.374634e-08	-3.209940e+01	-8.159850e+02
3.100000e-07	-4.492299e-06	-1.363172e-08	-3.169594e+01	-8.108864e+02
3.200000e-07	-4.433339e-06	-1.354801e-08	-3.127993e+01	-8.057147e+02
3.300000e-07	-4.372754e-06	-1.349716e-08	-3.085247e+01	-8.004681e+02
3.400000e-07	-4.310819e-06	-1.340827e-08	-3.041549e+01	-7.951254e+02
3.500000e-07	-4.247445e-06	-1.328616e-08	-2.996834e+01	-7.896560e+02
3.600000e-07	-4.182555e-06	-1.319953e-08	-2.951050e+01	-7.840320e+02
3.700000e-07	-4.115959e-06	-1.310416e-08	-2.904063e+01	-7.782393e+02
3.800000e-07	-4.047698e-06	-1.299738e-08	-2.855900e+01	-7.722827e+02
3.900000e-07	-3.978067e-06	-1.289256e-08	-2.806772e+01	-7.661828e+02
4.000000e-07	-3.907156e-06	-1.278194e-08	-2.756739e+01	-7.599675e+02
4.100000e-07	-3.834923e-06	-1.269217e-08	-2.705774e+01	-7.536615e+02
4.200000e-07	-3.761205e-06	-1.259313e-08	-2.653762e+01	-7.472772e+02
4.300000e-07	-3.685882e-06	-1.247828e-08	-2.600617e+01	-7.408116e+02
4.400000e-07	-3.609029e-06	-1.236136e-08	-2.546392e+01	-7.342493e+02
4.500000e-07	-3.530759e-06	-1.224966e-08	-2.491168e+01	-7.275703e+02
4.600000e-07	-3.451058e-06	-1.213448e-08	-2.434934e+01	-7.207592e+02
4.700000e-07	-3.370010e-06	-1.200891e-08	-2.377749e+01	-7.138121e+02
4.800000e-07	-3.287728e-06	-1.189614e-08	-2.319694e+01	-7.067384e+02
4.900000e-07	-3.204305e-06	-1.178397e-08	-2.260835e+01	-6.995563e+02
5.000000e-07	-3.119891e-06	-1.166837e-08	-2.201275e+01	-6.922856e+02
5.100000e-07	-3.034546e-06	-1.154004e-08	-2.141059e+01	-6.849386e+02
5.200000e-07	-2.948218e-06	-1.141043e-08	-2.080149e+01	-6.775154e+02
5.300000e-07	-2.860941e-06	-1.128436e-08	-2.018570e+01	-6.700029e+02
5.400000e-07	-2.772806e-06	-1.115071e-08	-1.956385e+01	-6.623797e+02
5.500000e-07	-2.683722e-06	-1.101651e-08	-1.893531e+01	-6.546242e+02
5.600000e-07	-2.593447e-06	-1.088659e-08	-1.829836e+01	-6.467228e+02
5.700000e-07	-2.502049e-06	-1.076005e-08	-1.765350e+01	-6.386751e+02
5.800000e-07	-2.409826e-06	-1.062175e-08	-1.700280e+01	-6.304942e+02
5.900000e-07	-2.316845e-06	-1.047580e-08	-1.634677e+01	-6.222015e+02
6.000000e-07	-2.223100e-06	-1.033373e-08	-1.568534e+01	-6.138193e+02
6.100000e-07	-2.128533e-06	-1.019332e-08	-1.501811e+01	-6.053624e+02
6.200000e-07	-2.033187e-06	-1.004860e-08	-1.434539e+01	-5.968334e+02
6.300000e-07	-1.937211e-06	-9.901759e-09	-1.366821e+01	-5.882215e+02
6.400000e-07	-1.840620e-06	-9.759185e-09	-1.298671e+01	-5.795077e+02
6.500000e-07	-1.743253e-06	-9.615468e-09	-1.229972e+01	-5.706717e+02
6.600000e-07	-1.645024e-06	-9.464643e-09	-1.160666e+01	-5.616998e+02
6.700000e-07	-1.546059e-06	-9.307848e-09	-1.090840e+01	-5.525898e+02
6.800000e-07	-1.446518e-06	-9.151482e-09	-1.020607e+01	-5.433520e+02
6.900000e-07	-1.346554e-06	-8.996103e-09	-9.500767e+00	-5.340056e+02
7.000000e-07	-1.246191e-06	-8.837012e-09	-8.792645e+00	-5.245709e+02
7.100000e-07	-1.145404e-06	-8.675352e-09	-8.081530e+00	-5.150622e+02
7.200000e-07	-1.044210e-06	-8.516357e-09	-7.367541e+00	-5.054815e+02
7.300000e-07	-9.426593e-07	-8.359710e-09	-6.651042e+00	-4.958168e+02
7.400000e-07	-8.408203e-07	-8.196219e-09	-5.932505e+00	-4.860451e+02
7.500000e-07	-7.387199e-07	-8.024137e-09	-5.212124e+00	-4.761383e+02
7.600000e-07	-6.362759e-07	-7.851504e-09	-4.489318e+00	-4.660711e+02
7.700000e-07	-5.335540e-07	-7.682601e-09	-3.764552e+00	-4.558276e+02
7.800000e-07	-4.307202e-07	-7.509884e-09	-3.038996e+00	-4.454039e+02
7.900000e-07	-3.277368e-07	-7.329032e-09	-2.312385e+00	-4.348061e+02
8.000000e-07	-2.245910e-07	-7.145610e-09	-1.584628e+00	-4.240444e+02
8.100000e-07	-1.213466e-07	-6.964652e-09	-8.561747e-01	-4.131241e+02
8.200000e-07	-1.805481e-08	-6.781346e-09	-1.273878e-01	-4.020376e+02
8.300000e-07	8.526748e-08	-6.588600e-09	6.016146e-01	-3.907605e+02
8.400000e-07	1.885065e-07	-6.390911e-09	1.330029e+00	-3.792515e+02
8.500000e-07	2.915942e-07	-6.194433e-09	2.057377e+00	-3.674604e+02
8.600000e-07	3.945750e-07	-5.995280e-09	2.783970e+00	-3.553390e+02
8.700000e-07	4.974122e-07	-5.784658e-09	3.509549e+00	-3.428549e+02
8.800000e-07	6.001114e-07	-5.562982e-09	4.234155e+00	-3.300023e+02
8.900000e-07	7.026010e-07	-5.339125e-09	4.957283e+00	-3.168075e+02
9.000000e-07	8.048028e-07	-5.114739e-09	5.678379e+00	-3.033263e+02
9.100000e-07	9.067670e-07	-4.881361e-09	6.397800e+00	-2.896339e+02
9.200000e-07	1.008449e-06	-4.642156e-09	7.115228e+00	-2.758088e+02
9.300000e-07	1.109750e-06	-4.408764e-09	7.829972e+00	-2.619155e+02
9.400000e-07	1.210688e-06	-4.181060e-09	8.542151e+00	-2.479897e+02
9.500000e-07	1.311250e-06	-3.948848e-09	9.251676e+00	-2.340318e+02
9.600000e-07	1.411358e-06	-3.707080e-09	9.957998e+00	-2.200076e+02
9.700000e-07	1.510979e-06	-3.465075e-09	1.066089e+01	-2.058588e+02
9.800000e-07	1.610131e-06	-3.225240e-09	1.136046e+01	-1.915170e+02
9.900000e-07	1.708704e-06	-2.978776e-09	1.205596e+01	-1.769189e+02
1.000000e-06	1.806457e-06	-2.723395e-09	1.274567e+01	-1.620164e+02
1.010000e-06	1.903313e-06	-2.465536e-09	1.342904e+01	-1.467794e+02
1.020000e-06	1.999359e-06	-2.205190e-09	1.410671e+01	-1.311907e+02
1.030000e-06	2.094749e-06	-1.936415e-09	1.477975e+01	-1.152359e+02
1.040000e-06	2.189502e-06	-1.657868e-09	1.544829e+01	-9.889109e+01
1.050000e-06	2.283517e-06	-1.373211e-09	1.611162e+01	-8.211451e+01
1.060000e-06	2.376780e-06	-1.084339e-09	1.676964e+01	-6.484455e+01
1.070000e-06	2.469317e-06	-7.843469e-10	1.742255e+01	-4.700521e+01
1.080000e-06	2.561070e-06	-4.694580e-10	1.806993e+01	-2.851696e+01
1.090000e-06	2.651914e-06	-1.420094e-10	1.871089e+01	-9.309158e+00
1.100000e-06	2.741717e-06	1.948766e-10	1.934450e+01	1.067050e+01
1.110000e-06	2.830336e-06	5.434865e-10	1.996976e+01	3.145276e+01
1.120000e-06	2.917905e-06	9.073299e-10	2.058761e+01	5.305053e+01
1.130000e-06	3.004541e-06	1.286130e-09	2.119888e+01	7.546770e+01
1.140000e-06	3.090216e-06	1.678232e-09	2.180338e+01	9.870885e+01
1.150000e-06	3.174934e-06	2.086370e-09	2.240111e+01	1.227854e+02
1.160000e-06	3.258649e-06	2.511954e-09	2.299178e+01	1.477152e+02
1.170000e-06	3.341237e-06	2.949411e-09	2.357449e+01	1.735140e+02
1.180000e-06	3.422427e-06	3.397450e-09	2.414733e+01	2.001825e+02
1.190000e-06	3.502295e-06	3.859240e-09	2.471085e+01	2.276916e+02
1.200000e-06	3.581016e-06	4.337369e-09	2.526627e+01	2.559720e+02
1.210000e-06	3.658510e-06	4.827140e-09	2.581304e+01	2.849110e+02
1.220000e-06	3.734699e-06	5.323933e-09	2.635060e+01	3.143576e+02
1.230000e-06	3.809405e-06	5.828153e-09	2.687770e+01	3.441343e+02
1.240000e-06	3.882487e-06	6.336623e-09	2.739333e+01	3.740513e+02
1.250000e-06	3.954106e-06	6.840489e-09	2.789865e+01	4.039195e+02
1.260000e-06	4.024349e-06	7.336297e-09	2.839426e+01	4.335579e+02
1.270000e-06	4.093209e-06	7.825764e-09	2.888011e+01	4.627959e+02
1.280000e-06	4.160757e-06	8.309638e-09	2.935670e+01	4.914711e+02
1.290000e-06	4.226788e-06	8.780208e-09	2.982259e+01	5.194265e+02
1.300000e-06	4.291156e-06	9.232882e-09	3.027674e+01	5.465110e+02
1.310000e-06	4.354016e-06	9.671694e-09	3.072026e+01	5.725836e+02
1.320000e-06	4.415540e-06	1.009446e-08	3.115435e+01	5.975227e+02
1.330000e-06	4.475721e-06	1.049275e-08	3.157896e+01	6.212365e+02
1.340000e-06	4.534326e-06	1.086463e-08	3.199246e+01	6.436707e+02
1.350000e-06	4.591131e-06	1.121717e-08	3.239326e+01	6.648107e+02
1.360000e-06	4.646236e-06	1.155093e-08	3.278206e+01	6.846764e+02
1.370000e-06	4.699742e-06	1.186154e-08	3.315957e+01	7.033104e+02
1.380000e-06	4.751354e-06	1.215082e-08	3.352373e+01	7.207641e+02
1.390000e-06	4.800849e-06	1.242458e-08	3.387294e+01	7.370856e+02
1.400000e-06	4.848480e-06	1.268138e-08	3.420901e+01	7.523136e+02
1.410000e-06	4.894460e-06	1.291888e-08	3.453343e+01	7.664781e+02
1.420000e-06	4.938824e-06	1.313749e-08	3.484645e+01	7.796071e+02
1.430000e-06	4.981417e-06	1.334042e-08	3.514696e+01	7.917357e+02
1.440000e-06	5.022045e-06	1.352690e-08	3.543362e+01	8.029125e+02
1.450000e-06	5.060888e-06	1.369767e-08	3.570768e+01	8.132008e+02
1.460000e-06	5.098156e-06	1.385347e-08	3.597063e+01	8.226728e+02
1.470000e-06	5.133798e-06	1.399775e-08	3.622211e+01	8.314000e+02
1.480000e-06	5.167489e-06	1.413325e-08	3.645982e+01	8.394428e+02
1.490000e-06	5.199226e-06	1.425669e-08	3.668374e+01	8.468440e+02
1.500000e-06	5.229277e-06	1.436780e-08	3.689577e+01	8.536292e+02
1.510000e-06	5.257613e-06	1.446740e-08	3.709570e+01	8.598138e+02
1.520000e-06	5.283972e-06	1.455983e-08	3.728168e+01	8.654135e+02
1.530000e-06	5.308264e-06	1.464439e-08	3.745307e+01	8.704547e+02
1.540000e-06	5.330650e-06	1.472075e-08	3.761102e+01	8.749791e+02
1.550000e-06	5.351349e-06	1.478930e-08	3.775706e+01	8.790408e+02
1.560000e-06	5.370338e-06	1.485210e-08	3.789104e+01	8.826963e+02
1.570000e-06	5.387296e-06	1.490909e-08	3.801069e+01	8.859918e+02
1.580000e-06	5.402246e-06	1.495680e-08	3.811617e+01	8.889525e+02
1.590000e-06	5.415309e-06	1.499703e-08	3.820834e+01	8.915789e+02
1.600000e-06	5.426201e-06	1.503325e-08	3.828519e+01	8.938526e+02
1.610000e-06	5.434882e-06	1.506655e-08	3.834644e+01	8.957490e+02
1.620000e-06	5.441627e-06	1.509321e-08	3.839403e+01	8.972533e+02
1.630000e-06	5.446606e-06	1.511345e-08	3.842916e+01	8.983735e+02
1.640000e-06	5.449805e-06	1.512777e-08	3.845173e+01	8.991437e+02
1.650000e-06	5.450977e-06	1.513581e-08	3.846000e+01	8.996184e+02
1.660000e-06	5.450199e-06	1.514146e-08	3.845451e+01	8.998571e+02
1.670000e-06	5.447781e-06	1.514044e-08	3.843745e+01	8.999062e+02
1.680000e-06	5.443811e-06	1.513445e-08	3.840944e+01	8.997853e+02
1.690000e-06	5.437991e-06	1.513031e-08	3.836837e+01	8.994823e+02
1.700000e-06	5.430261e-06	1.512368e-08	3.831384e+01	8.989609e+02
1.710000e-06	5.420894e-06	1.510979e-08	3.824775e+01	8.981771e+02
1.720000e-06	5.409827e-06	1.508419e-08	3.816966e+01	8.970996e+02
1.730000e-06	5.396904e-06	1.507044e-08	3.807848e+01	8.957259e+02
1.740000e-06	5.381949e-06	1.509466e-08	3.797296e+01	8.940884e+02
1.750000e-06	5.364796e-06	1.506240e-08	3.785194e+01	8.922470e+02
1.760000e-06	5.345218e-06	1.499353e-08	3.771380e+01	8.902721e+02
1.770000e-06	5.323066e-06	1.492245e-08	3.755750e+01	8.882225e+02
1.780000e-06	5.299026e-06	1.483609e-08	3.738789e+01	8.861270e+02
1.790000e-06	5.273917e-06	1.488987e-08	3.721073e+01	8.839761e+02
1.800000e-06	5.247557e-06	1.487408e-08	3.702474e+01	8.817268e+02
1.810000e-06	5.219280e-06	1.473441e-08	3.682523e+01	8.793185e+02
1.820000e-06	5.189094e-06	1.477478e-08	3.661225e+01	8.766941e+02
1.830000e-06	5.157216e-06	1.474657e-08	3.638734e+01	8.738194e+02
1.840000e-06	5.123427e-06	1.464674e-08	3.614893e+01	8.706932e+02
1.850000e-06	5.087912e-06	1.463052e-08	3.589835e+01	8.673447e+02
1.860000e-06	5.050587e-06	1.448827e-08	3.563500e+01	8.638214e+02
1.870000e-06	5.011306e-06	1.445358e-08	3.535785e+01	8.601703e+02
1.880000e-06	4.970352e-06	1.448209e-08	3.506890e+01	8.564210e+02
1.890000e-06	4.927679e-06	1.434336e-08	3.476781e+01	8.525770e+02
1.900000e-06	4.883420e-06	1.429170e-08	3.445553e+01	8.486163e+02
1.910000e-06	4.837397e-06	1.421965e-08	3.413081e+01	8.445034e+02
1.920000e-06	4.789331e-06	1.414035e-08	3.379168e+01	8.402044e+02
1.930000e-06	4.739591e-06	1.410848e-08	3.344073e+01	8.357017e+02
1.940000e-06	4.688147e-06	1.395805e-08	3.307776e+01	8.310013e+02
1.950000e-06	4.634734e-06	1.390867e-08	3.270090e+01	8.261311e+02
1.960000e-06	4.579404e-06	1.386906e-08	3.231051e+01	8.211304e+02
1.970000e-06	4.522363e-06	1.375717e-08	3.190806e+01	8.160354e+02
1.980000e-06	4.463902e-06	1.365315e-08	3.149557e+01	8.108669e+02
1.990000e-06	4.403980e-06	1.354053e-08	3.107279e+01	8.056240e+02
2.000000e-06	4.342304e-06	1.350553e-08	3.063763e+01	8.002861e+02
2.010000e-06	4.278922e-06	1.338731e-08	3.019043e+01	7.948224e+02
2.020000e-06	4.214042e-06	1.326621e-08	2.973266e+01	7.892050e+02
2.030000e-06	4.147794e-06	1.320271e-08	2.926524e+01	7.834192e+02
2.040000e-06	4.080108e-06	1.309968e-08	2.878767e+01	7.774689e+02
2.050000e-06	4.010870e-06	1.301408e-08	2.829916e+01	7.713743e+02
2.060000e-06	3.940038e-06	1.286845e-08	2.779940e+01	7.651634e+02
2.070000e-06	3.867716e-06	1.276972e-08	2.728911e+01	7.588611e+02
2.080000e-06	3.794083e-06	1.268687e-08	2.676959e+01	7.524804e+02
2.090000e-06	3.719087e-06	1.256047e-08	2.624045e+01	7.460187e+02
2.100000e-06	3.642599e-06	1.244635e-08	2.570078e+01	7.394609e+02
2.110000e-06	3.564447e-06	1.232316e-08	2.514937e+01	7.327871e+02
2.120000e-06	3.484874e-06	1.223514e-08	2.458793e+01	7.259816e+02
2.130000e-06	3.404158e-06	1.210686e-08	2.401843e+01	7.190401e+02
2.140000e-06	3.322319e-06	1.197571e-08	2.344100e+01	7.119713e+02
2.150000e-06	3.239424e-06	1.186139e-08	2.285613e+01	7.047935e+02
2.160000e-06	3.155474e-06	1.174833e-08	2.226381e+01	6.975264e+02
2.170000e-06	3.070289e-06	1.162959e-08	2.166278e+01	6.901828e+02
2.180000e-06	2.983765e-06	1.148007e-08	2.105230e+01	6.827633e+02
2.190000e-06	2.896186e-06	1.136273e-08	2.043437e+01	6.752551e+02
2.200000e-06	2.807635e-06	1.124256e-08	1.980960e+01	6.676369e+02
2.210000e-06	2.718107e-06	1.111014e-08	1.917792e+01	6.598872e+02
2.220000e-06	2.627743e-06	1.096854e-08	1.854035e+01	6.519919e+02
2.230000e-06	2.536591e-06	1.083385e-08	1.789721e+01	6.439500e+02
2.240000e-06	2.444771e-06	1.071325e-08	1.724936e+01	6.357742e+02
2.250000e-06	2.352097e-06	1.056906e-08	1.659549e+01	6.274859e+02
2.260000e-06	2.258243e-06	1.042015e-08	1.593329e+01	6.191073e+02
2.270000e-06	2.163330e-06	1.027609e-08	1.526363e+01	6.106537e+02
2.280000e-06	2.067717e-06	1.014175e-08	1.458902e+01	6.021281e+02
2.290000e-06	1.971511e-06	9.998083e-09	1.391022e+01	5.935202e+02
2.300000e-06	1.874664e-06	9.838089e-09	1.322691e+01	5.848112e+02
2.310000e-06	1.777202e-06	9.687859e-09	1.253926e+01	5.759807e+02
2.320000e-06	1.679109e-06	9.546072e-09	1.184715e+01	5.670144e+02
2.330000e-06	1.580454e-06	9.395805e-09	1.115108e+01	5.579100e+02
2.340000e-06	1.481352e-06	9.231650e-09	1.045185e+01	5.486773e+02
2.350000e-06	1.381834e-06	9.072259e-09	9.749687e+00	5.393351e+02
2.360000e-06	1.281937e-06	8.924185e-09	9.044855e+00	5.299040e+02
2.370000e-06	1.181607e-06	8.765631e-09	8.336968e+00	5.203986e+02
2.380000e-06	1.080774e-06	8.592394e-09	7.625525e+00	5.108213e+02
2.390000e-06	9.794041e-07	8.424369e-09	6.910299e+00	5.011607e+02
2.400000e-06	8.775279e-07	8.267365e-09	6.191499e+00	4.913941e+02
2.410000e-06	7.752627e-07	8.106367e-09	5.469956e+00	4.814932e+02
2.420000e-06	6.727159e-07	7.929815e-09	4.746425e+00	4.714329e+02
2.430000e-06	5.699281e-07	7.754540e-09	4.021194e+00	4.611966e+02
2.440000e-06	4.669266e-07	7.587443e-09	3.294455e+00	4.507800e+02
2.450000e-06	3.637601e-07	7.411296e-09	2.566552e+00	4.401891e+02
2.460000e-06	2.604836e-07	7.221318e-09	1.837872e+00	4.294338e+02
2.470000e-06	1.571580e-07	7.032929e-09	1.108846e+00	4.185199e+02
2.480000e-06	5.376583e-08	6.854769e-09	3.793510e-01	4.074405e+02
2.490000e-06	-4.965336e-08	6.668757e-09	-3.503350e-01	3.961715e+02
2.500000e-06	-1.530363e-07	6.466409e-09	-1.079765e+00	3.846724e+02
2.510000e-06	-2.563043e-07	6.263220e-09	-1.808384e+00	3.728930e+02
2.520000e-06	-3.594821e-07	6.065972e-09	-2.536368e+00	3.607848e+02
2.530000e-06	-4.625731e-07	5.863634e-09	-3.263738e+00	3.483147e+02
2.540000e-06	-5.654462e-07	5.645421e-09	-3.989571e+00	3.354758e+02
2.550000e-06	-6.680951e-07	5.419263e-09	-4.713822e+00	3.222931e+02
2.560000e-06	-7.705269e-07	5.193546e-09	-5.436542e+00	3.088216e+02
2.570000e-06	-8.726304e-07	4.965280e-09	-6.156945e+00	2.951362e+02
2.580000e-06	-9.742981e-07	4.730998e-09	-6.874273e+00	2.813154e+02
2.590000e-06	-1.075459e-06	4.493661e-09	-7.588027e+00	2.674244e+02
2.600000e-06	-1.176044e-06	4.262597e-09	-8.297717e+00	2.535003e+02
2.610000e-06	-1.276114e-06	4.033459e-09	-9.003771e+00	2.395447e+02
2.620000e-06	-1.375710e-06	3.797367e-09	-9.706479e+00	2.255245e+02
2.630000e-06	-1.474862e-06	3.555491e-09	-1.040606e+01	2.113820e+02
2.640000e-06	-1.573617e-06	3.312836e-09	-1.110284e+01	1.970491e+02
2.650000e-06	-1.671915e-06	3.069232e-09	-1.179639e+01	1.824619e+02
2.660000e-06	-1.769615e-06	2.818404e-09	-1.248572e+01	1.675716e+02
2.670000e-06	-1.866704e-06	2.559426e-09	-1.317075e+01	1.523476e+02
2.680000e-06	-1.963227e-06	2.299409e-09	-1.385178e+01	1.367724e+02
2.690000e-06	-2.059148e-06	2.038040e-09	-1.452856e+01	1.208318e+02
2.700000e-06	-2.154411e-06	1.765842e-09	-1.520070e+01	1.045023e+02
2.710000e-06	-2.248912e-06	1.480547e-09	-1.586746e+01	8.774279e+01
2.720000e-06	-2.342541e-06	1.187991e-09	-1.652807e+01	7.049245e+01
2.730000e-06	-2.435149e-06	8.902785e-10	-1.718148e+01	5.267558e+01
2.740000e-06	-2.526748e-06	5.801199e-10	-1.782776e+01	3.421256e+01
2.750000e-06	-2.617476e-06	2.549943e-10	-1.846790e+01	1.503223e+01
2.760000e-06	-2.707274e-06	-8.103088e-11	-1.910149e+01	-4.918464e+00
2.770000e-06	-2.796108e-06	-4.260984e-10	-1.972826e+01	-2.567100e+01
2.780000e-06	-2.884068e-06	-7.846538e-10	-2.034887e+01	-4.723880e+01
2.790000e-06	-2.971096e-06	-1.161919e-09	-2.096291e+01	-6.962591e+01
2.800000e-06	-3.057013e-06	-1.552800e-09	-2.156911e+01	-9.283673e+01
2.810000e-06	-3.141661e-06	-1.953985e-09	-2.216635e+01	-1.168825e+02
2.820000e-06	-3.225092e-06	-2.370871e-09	-2.275501e+01	-1.417807e+02
2.830000e-06	-3.307480e-06	-2.806067e-09	-2.333631e+01	-1.675475e+02
2.840000e-06	-3.388849e-06	-3.255569e-09	-2.391042e+01	-1.941845e+02
2.850000e-06	-3.469079e-06	-3.715503e-09	-2.447649e+01	-2.216638e+02
2.860000e-06	-3.548021e-06	-4.186592e-09	-2.503347e+01	-2.499176e+02
2.870000e-06	-3.625545e-06	-4.671399e-09	-2.558045e+01	-2.788347e+02
2.880000e-06	-3.701596e-06	-5.166148e-09	-2.611704e+01	-3.082654e+02
2.890000e-06	-3.776164e-06	-5.663817e-09	-2.664316e+01	-3.380327e+02
2.900000e-06	-3.849329e-06	-6.163974e-09	-2.715939e+01	-3.679473e+02
2.910000e-06	-3.921178e-06	-6.669428e-09	-2.766633e+01	-3.978196e+02
2.920000e-06	-3.991635e-06	-7.173396e-09	-2.816344e+01	-4.274685e+02
2.930000e-06	-4.060516e-06	-7.666031e-09	-2.864944e+01	-4.567229e+02
2.940000e-06	-4.127895e-06	-8.146826e-09	-2.912484e+01	-4.854202e+02
2.950000e-06	-4.193926e-06	-8.618176e-09	-2.959073e+01	-5.134032e+02
2.960000e-06	-4.258581e-06	-9.076457e-09	-3.004691e+01	-5.405205e+02
2.970000e-06	-4.321794e-06	-9.514537e-09	-3.049292e+01	-5.666308e+02
2.980000e-06	-4.383344e-06	-9.932797e-09	-3.092719e+01	-5.916114e+02
2.990000e-06	-4.443174e-06	-1.033486e-08	-3.134933e+01	-6.153694e+02
3.000000e-06	-4.501450e-06	-1.071954e-08	-3.176050e+01	-6.378490e+02
3.010000e-06	-4.558304e-06	-1.107999e-08	-3.216164e+01	-6.590344e+02
3.020000e-06	-4.613577e-06	-1.141784e-08	-3.255163e+01	-6.789442e+02
3.030000e-06	-4.666888e-06	-1.173697e-08	-3.292777e+01	-6.976205e+02
3.040000e-06	-4.718237e-06	-1.203482e-08	-3.329007e+01	-7.151147e+02
3.050000e-06	-4.767771e-06	-1.230761e-08	-3.363956e+01	-7.314752e+02
3.060000e-06	-4.815360e-06	-1.256105e-08	-3.397533e+01	-7.467410e+02
3.070000e-06	-4.861094e-06	-1.280153e-08	-3.429801e+01	-7.609422e+02
3.080000e-06	-4.905238e-06	-1.302878e-08	-3.460947e+01	-7.741069e+02
3.090000e-06	-4.947881e-06	-1.323661e-08	-3.491035e+01	-7.862697e+02
3.100000e-06	-4.989023e-06	-1.342485e-08	-3.520063e+01	-7.974788e+02
3.110000e-06	-5.028533e-06	-1.360256e-08	-3.547940e+01	-8.077968e+02
3.120000e-06	-5.066139e-06	-1.376946e-08	-3.574473e+01	-8.172959e+02
3.130000e-06	-5.101824e-06	-1.391890e-08	-3.599651e+01	-8.260479e+02
3.140000e-06	-5.135755e-06	-1.405142e-08	-3.623592e+01	-8.341135e+02
3.150000e-06	-5.167962e-06	-1.417596e-08	-3.646315e+01	-8.415364e+02
3.160000e-06	-5.198245e-06	-1.429233e-08	-3.667682e+01	-8.483426e+02
3.170000e-06	-5.226544e-06	-1.439921e-08	-3.687649e+01	-8.545476e+02
3.180000e-06	-5.253046e-06	-1.449591e-08	-3.706348e+01	-8.601670e+02
3.190000e-06	-5.277770e-06	-1.458524e-08	-3.723792e+01	-8.652268e+02
3.200000e-06	-5.300600e-06	-1.466792e-08	-3.739900e+01	-8.697681e+02
3.210000e-06	-5.321431e-06	-1.473840e-08	-3.754597e+01	-8.738446e+02
3.220000e-06	-5.340410e-06	-1.479655e-08	-3.767988e+01	-8.775129e+02
3.230000e-06	-5.357657e-06	-1.484831e-08	-3.780157e+01	-8.808200e+02
3.240000e-06	-5.373021e-06	-1.489712e-08	-3.790997e+01	-8.837917e+02
3.250000e-06	-5.386187e-06	-1.494301e-08	-3.800286e+01	-8.864295e+02
3.260000e-06	-5.397192e-06	-1.498394e-08	-3.808051e+01	-8.887155e+02
3.270000e-06	-5.406326e-06	-1.501850e-08	-3.814496e+01	-8.906249e+02
3.280000e-06	-5.413617e-06	-1.504686e-08	-3.819640e+01	-8.921426e+02
3.290000e-06	-5.418872e-06	-1.506703e-08	-3.823348e+01	-8.932753e+02
3.300000e-06	-5.422148e-06	-1.508005e-08	-3.825659e+01	-8.940564e+02
3.310000e-06	-5.423711e-06	-1.508772e-08	-3.826762e+01	-8.945398e+02
3.320000e-06	-5.423522e-06	-1.508998e-08	-3.826629e+01	-8.947853e+02
