# Temperatura_=_61.31
# Concentracion g/m^3_=_20000.0
# C_Vs_to_Am_M_A/Vsm_=_59384043850.047264
# pendiente_HvsI_1/m_=_3716.3
# ordenada_HvsI_A/m_=_1297.0
# frecuencia_Hz_=_301132.588421271

Tiempo_(s)	Campo_(V.s)	Magnetizacion_(V.s)	Campo_(kA/m)	Magnetizacion_(A/m)
0.000000e+00	-5.405359e-06	-1.476170e-08	-3.826019e+01	-8.754765e+02
1.000000e-08	-5.403317e-06	-1.476362e-08	-3.824574e+01	-8.755736e+02
2.000000e-08	-5.399382e-06	-1.476204e-08	-3.821789e+01	-8.754909e+02
3.000000e-08	-5.393833e-06	-1.475637e-08	-3.817861e+01	-8.752138e+02
4.000000e-08	-5.386633e-06	-1.474703e-08	-3.812765e+01	-8.747108e+02
5.000000e-08	-5.377633e-06	-1.473233e-08	-3.806395e+01	-8.739475e+02
6.000000e-08	-5.366578e-06	-1.471538e-08	-3.798569e+01	-8.729025e+02
7.000000e-08	-5.353530e-06	-1.470151e-08	-3.789334e+01	-8.715782e+02
8.000000e-08	-5.338403e-06	-1.466523e-08	-3.778626e+01	-8.700040e+02
9.000000e-08	-5.320812e-06	-1.460296e-08	-3.766175e+01	-8.682302e+02
1.000000e-07	-5.300979e-06	-1.457708e-08	-3.752137e+01	-8.663142e+02
1.100000e-07	-5.279307e-06	-1.456989e-08	-3.736797e+01	-8.643047e+02
1.200000e-07	-5.256045e-06	-1.455114e-08	-3.720332e+01	-8.622280e+02
1.300000e-07	-5.231605e-06	-1.454598e-08	-3.703033e+01	-8.600822e+02
1.400000e-07	-5.205759e-06	-1.445946e-08	-3.684739e+01	-8.578395e+02
1.500000e-07	-5.177931e-06	-1.438555e-08	-3.665042e+01	-8.554566e+02
1.600000e-07	-5.148407e-06	-1.441331e-08	-3.644144e+01	-8.528889e+02
1.700000e-07	-5.117379e-06	-1.432480e-08	-3.622182e+01	-8.501041e+02
1.800000e-07	-5.084276e-06	-1.422597e-08	-3.598750e+01	-8.470900e+02
1.900000e-07	-5.049114e-06	-1.420208e-08	-3.573862e+01	-8.438560e+02
2.000000e-07	-5.012443e-06	-1.413547e-08	-3.547905e+01	-8.404267e+02
2.100000e-07	-4.974103e-06	-1.411575e-08	-3.520768e+01	-8.368323e+02
2.200000e-07	-4.934013e-06	-1.406075e-08	-3.492391e+01	-8.330982e+02
2.300000e-07	-4.892099e-06	-1.394368e-08	-3.462724e+01	-8.292382e+02
2.400000e-07	-4.848164e-06	-1.389860e-08	-3.431626e+01	-8.252530e+02
2.500000e-07	-4.802416e-06	-1.383261e-08	-3.399244e+01	-8.211337e+02
2.600000e-07	-4.754841e-06	-1.374944e-08	-3.365570e+01	-8.168686e+02
2.700000e-07	-4.705334e-06	-1.367192e-08	-3.330528e+01	-8.124501e+02
2.800000e-07	-4.653811e-06	-1.357622e-08	-3.294059e+01	-8.078790e+02
2.900000e-07	-4.600321e-06	-1.352571e-08	-3.256198e+01	-8.031648e+02
3.000000e-07	-4.545198e-06	-1.346071e-08	-3.217180e+01	-7.983221e+02
3.100000e-07	-4.488572e-06	-1.335516e-08	-3.177100e+01	-7.933649e+02
3.200000e-07	-4.430219e-06	-1.325582e-08	-3.135796e+01	-7.883011e+02
3.300000e-07	-4.370122e-06	-1.319036e-08	-3.093258e+01	-7.831297e+02
3.400000e-07	-4.308571e-06	-1.311527e-08	-3.049691e+01	-7.778412e+02
3.500000e-07	-4.245662e-06	-1.299252e-08	-3.005163e+01	-7.724215e+02
3.600000e-07	-4.181326e-06	-1.289489e-08	-2.959624e+01	-7.668575e+02
3.700000e-07	-4.115271e-06	-1.281257e-08	-2.912870e+01	-7.611420e+02
3.800000e-07	-4.047446e-06	-1.271664e-08	-2.864862e+01	-7.552763e+02
3.900000e-07	-3.978197e-06	-1.261786e-08	-2.815846e+01	-7.492702e+02
4.000000e-07	-3.907728e-06	-1.250120e-08	-2.765967e+01	-7.431383e+02
4.100000e-07	-3.836023e-06	-1.240256e-08	-2.715213e+01	-7.368956e+02
4.200000e-07	-3.762883e-06	-1.230832e-08	-2.663443e+01	-7.305528e+02
4.300000e-07	-3.688161e-06	-1.219540e-08	-2.610553e+01	-7.241141e+02
4.400000e-07	-3.611885e-06	-1.207320e-08	-2.556563e+01	-7.175769e+02
4.500000e-07	-3.534207e-06	-1.195969e-08	-2.501581e+01	-7.109343e+02
4.600000e-07	-3.455089e-06	-1.185740e-08	-2.445580e+01	-7.041788e+02
4.700000e-07	-3.374477e-06	-1.173901e-08	-2.388521e+01	-6.973054e+02
4.800000e-07	-3.292624e-06	-1.161829e-08	-2.330584e+01	-6.903134e+02
4.900000e-07	-3.209679e-06	-1.150291e-08	-2.271874e+01	-6.832063e+02
5.000000e-07	-3.125685e-06	-1.139451e-08	-2.212422e+01	-6.759898e+02
5.100000e-07	-3.040803e-06	-1.127438e-08	-2.152340e+01	-6.686692e+02
5.200000e-07	-2.954987e-06	-1.113684e-08	-2.091598e+01	-6.612465e+02
5.300000e-07	-2.868132e-06	-1.100526e-08	-2.030120e+01	-6.537201e+02
5.400000e-07	-2.780413e-06	-1.087988e-08	-1.968031e+01	-6.460847e+02
5.500000e-07	-2.691794e-06	-1.075137e-08	-1.905304e+01	-6.383343e+02
5.600000e-07	-2.602012e-06	-1.061548e-08	-1.841755e+01	-6.304643e+02
5.700000e-07	-2.511137e-06	-1.048383e-08	-1.777432e+01	-6.224741e+02
5.800000e-07	-2.419386e-06	-1.035408e-08	-1.712489e+01	-6.143677e+02
5.900000e-07	-2.326839e-06	-1.021422e-08	-1.646983e+01	-6.061531e+02
6.000000e-07	-2.233552e-06	-1.006720e-08	-1.580952e+01	-5.978393e+02
6.100000e-07	-2.139461e-06	-9.923362e-09	-1.514353e+01	-5.894344e+02
6.200000e-07	-2.044567e-06	-9.785117e-09	-1.447185e+01	-5.809421e+02
6.300000e-07	-1.949028e-06	-9.644190e-09	-1.379560e+01	-5.723616e+02
6.400000e-07	-1.852823e-06	-9.497049e-09	-1.311465e+01	-5.636877e+02
6.500000e-07	-1.755896e-06	-9.350230e-09	-1.242857e+01	-5.549137e+02
6.600000e-07	-1.658171e-06	-9.203885e-09	-1.173686e+01	-5.460337e+02
6.700000e-07	-1.559648e-06	-9.052133e-09	-1.103949e+01	-5.370458e+02
6.800000e-07	-1.460535e-06	-8.896440e-09	-1.033796e+01	-5.279526e+02
6.900000e-07	-1.360899e-06	-8.741516e-09	-9.632708e+00	-5.187608e+02
7.000000e-07	-1.260770e-06	-8.588953e-09	-8.923976e+00	-5.094782e+02
7.100000e-07	-1.160265e-06	-8.434439e-09	-8.212582e+00	-5.001101e+02
7.200000e-07	-1.059416e-06	-8.274795e-09	-7.498757e+00	-4.906560e+02
7.300000e-07	-9.582469e-07	-8.111861e-09	-6.782660e+00	-4.811081e+02
7.400000e-07	-8.567815e-07	-7.950128e-09	-6.064468e+00	-4.714520e+02
7.500000e-07	-7.550522e-07	-7.786930e-09	-5.344408e+00	-4.616697e+02
7.600000e-07	-6.530650e-07	-7.618029e-09	-4.622522e+00	-4.517442e+02
7.700000e-07	-5.508046e-07	-7.447253e-09	-3.898703e+00	-4.416637e+02
7.800000e-07	-4.483026e-07	-7.277581e-09	-3.173174e+00	-4.314240e+02
7.900000e-07	-3.456211e-07	-7.105685e-09	-2.446374e+00	-4.210280e+02
8.000000e-07	-2.428277e-07	-6.925039e-09	-1.718782e+00	-4.104810e+02
8.100000e-07	-1.399887e-07	-6.741417e-09	-9.908674e-01	-3.997850e+02
8.200000e-07	-3.712130e-08	-6.559401e-09	-2.627518e-01	-3.889313e+02
8.300000e-07	6.577598e-08	-6.375406e-09	4.655753e-01	-3.778967e+02
8.400000e-07	1.686597e-07	-6.186641e-09	1.193807e+00	-3.666433e+02
8.500000e-07	2.714890e-07	-5.991369e-09	1.921652e+00	-3.551237e+02
8.600000e-07	3.742560e-07	-5.793676e-09	2.649057e+00	-3.432911e+02
8.700000e-07	4.768433e-07	-5.590832e-09	3.375190e+00	-3.311112e+02
8.800000e-07	5.792682e-07	-5.377534e-09	4.100174e+00	-3.185732e+02
8.900000e-07	6.815124e-07	-5.158131e-09	4.823879e+00	-3.056956e+02
9.000000e-07	7.834484e-07	-4.936313e-09	5.545402e+00	-2.925257e+02
9.100000e-07	8.850935e-07	-4.709556e-09	6.264866e+00	-2.791317e+02
9.200000e-07	9.864308e-07	-4.477715e-09	6.982151e+00	-2.655882e+02
9.300000e-07	1.087452e-06	-4.246170e-09	7.697201e+00	-2.519612e+02
9.400000e-07	1.188202e-06	-4.019554e-09	8.410328e+00	-2.382938e+02
9.500000e-07	1.288578e-06	-3.793043e-09	9.120810e+00	-2.245986e+02
9.600000e-07	1.388521e-06	-3.559584e-09	9.828221e+00	-2.108569e+02
9.700000e-07	1.488029e-06	-3.321034e-09	1.053256e+01	-1.970258e+02
9.800000e-07	1.586968e-06	-3.082906e-09	1.123287e+01	-1.830489e+02
9.900000e-07	1.685208e-06	-2.843769e-09	1.192823e+01	-1.688689e+02
1.000000e-06	1.782616e-06	-2.598350e-09	1.261770e+01	-1.544366e+02
1.010000e-06	1.879237e-06	-2.347240e-09	1.330161e+01	-1.397149e+02
1.020000e-06	1.975202e-06	-2.092904e-09	1.398087e+01	-1.246768e+02
1.030000e-06	2.070493e-06	-1.836202e-09	1.465536e+01	-1.092989e+02
1.040000e-06	2.165119e-06	-1.572134e-09	1.532514e+01	-9.355438e+01
1.050000e-06	2.259010e-06	-1.298272e-09	1.598972e+01	-7.740679e+01
1.060000e-06	2.352112e-06	-1.019054e-09	1.664871e+01	-6.080829e+01
1.070000e-06	2.444567e-06	-7.319451e-10	1.730313e+01	-4.370230e+01
1.080000e-06	2.536288e-06	-4.330974e-10	1.795234e+01	-2.602950e+01
1.090000e-06	2.627026e-06	-1.200753e-10	1.859461e+01	-7.734620e+00
1.100000e-06	2.716657e-06	2.030875e-10	1.922904e+01	1.122834e+01
1.110000e-06	2.805188e-06	5.344080e-10	1.985567e+01	3.089424e+01
1.120000e-06	2.892720e-06	8.757788e-10	2.047524e+01	5.128852e+01
1.130000e-06	2.979286e-06	1.230758e-09	2.108797e+01	7.243114e+01
1.140000e-06	3.064897e-06	1.600276e-09	2.169395e+01	9.434055e+01
1.150000e-06	3.149567e-06	1.984149e-09	2.229326e+01	1.170353e+02
1.160000e-06	3.233273e-06	2.383779e-09	2.288574e+01	1.405322e+02
1.170000e-06	3.315840e-06	2.796542e-09	2.347016e+01	1.648407e+02
1.180000e-06	3.397137e-06	3.220747e-09	2.404560e+01	1.899553e+02
1.190000e-06	3.477150e-06	3.656574e-09	2.461195e+01	2.158485e+02
1.200000e-06	3.555873e-06	4.106148e-09	2.516917e+01	2.424656e+02
1.210000e-06	3.633318e-06	4.567162e-09	2.571734e+01	2.697236e+02
1.220000e-06	3.709483e-06	5.036629e-09	2.625645e+01	2.975133e+02
1.230000e-06	3.784192e-06	5.512352e-09	2.678526e+01	3.257048e+02
1.240000e-06	3.857299e-06	5.994324e-09	2.730272e+01	3.541523e+02
1.250000e-06	3.928929e-06	6.477409e-09	2.780973e+01	3.826997e+02
1.260000e-06	3.999209e-06	6.958048e-09	2.830719e+01	4.111834e+02
1.270000e-06	4.068217e-06	7.433080e-09	2.879564e+01	4.394350e+02
1.280000e-06	4.135875e-06	7.901640e-09	2.927453e+01	4.672840e+02
1.290000e-06	4.201931e-06	8.362589e-09	2.974209e+01	4.945621e+02
1.300000e-06	4.266331e-06	8.809664e-09	3.019793e+01	5.211096e+02
1.310000e-06	4.329260e-06	9.242400e-09	3.064335e+01	5.467835e+02
1.320000e-06	4.390828e-06	9.657336e-09	3.107915e+01	5.714651e+02
1.330000e-06	4.451109e-06	1.005226e-08	3.150582e+01	5.950664e+02
1.340000e-06	4.509890e-06	1.042919e-08	3.192189e+01	6.175311e+02
1.350000e-06	4.566830e-06	1.078763e-08	3.232492e+01	6.388320e+02
1.360000e-06	4.622013e-06	1.112463e-08	3.271552e+01	6.589640e+02
1.370000e-06	4.675577e-06	1.144067e-08	3.309465e+01	6.779355e+02
1.380000e-06	4.727285e-06	1.173941e-08	3.346066e+01	6.957614e+02
1.390000e-06	4.776917e-06	1.202040e-08	3.381196e+01	7.124584e+02
1.400000e-06	4.824639e-06	1.228049e-08	3.414975e+01	7.280460e+02
1.410000e-06	4.870702e-06	1.252132e-08	3.447579e+01	7.425491e+02
1.420000e-06	4.915199e-06	1.274743e-08	3.479074e+01	7.560027e+02
1.430000e-06	4.957974e-06	1.295830e-08	3.509352e+01	7.684550e+02
1.440000e-06	4.998876e-06	1.314982e-08	3.538303e+01	7.799658e+02
1.450000e-06	5.038007e-06	1.332374e-08	3.566000e+01	7.906018e+02
1.460000e-06	5.075446e-06	1.348555e-08	3.592500e+01	8.004288e+02
1.470000e-06	5.111193e-06	1.363833e-08	3.617803e+01	8.095033e+02
1.480000e-06	5.145035e-06	1.377871e-08	3.641757e+01	8.178680e+02
1.490000e-06	5.176962e-06	1.390563e-08	3.664355e+01	8.255516e+02
1.500000e-06	5.207189e-06	1.402106e-08	3.685750e+01	8.325745e+02
1.510000e-06	5.235762e-06	1.412518e-08	3.705975e+01	8.389566e+02
1.520000e-06	5.262462e-06	1.421944e-08	3.724874e+01	8.447259e+02
1.530000e-06	5.287025e-06	1.430386e-08	3.742260e+01	8.499229e+02
1.540000e-06	5.309687e-06	1.438057e-08	3.758301e+01	8.545996e+02
1.550000e-06	5.330694e-06	1.445323e-08	3.773170e+01	8.588124e+02
1.560000e-06	5.349956e-06	1.452066e-08	3.786804e+01	8.626122e+02
1.570000e-06	5.367251e-06	1.458012e-08	3.799046e+01	8.660342e+02
1.580000e-06	5.382535e-06	1.463015e-08	3.809864e+01	8.690927e+02
1.590000e-06	5.395911e-06	1.467219e-08	3.819332e+01	8.717832e+02
1.600000e-06	5.407155e-06	1.470840e-08	3.827291e+01	8.740902e+02
1.610000e-06	5.416175e-06	1.473887e-08	3.833675e+01	8.760002e+02
1.620000e-06	5.423233e-06	1.476204e-08	3.838671e+01	8.775134e+02
1.630000e-06	5.428515e-06	1.478032e-08	3.842410e+01	8.786512e+02
1.640000e-06	5.432027e-06	1.479612e-08	3.844895e+01	8.794554e+02
1.650000e-06	5.433587e-06	1.480717e-08	3.846000e+01	8.799796e+02
1.660000e-06	5.433207e-06	1.481374e-08	3.845730e+01	8.802758e+02
1.670000e-06	5.431110e-06	1.481413e-08	3.844246e+01	8.803804e+02
1.680000e-06	5.427422e-06	1.480857e-08	3.841636e+01	8.803053e+02
1.690000e-06	5.421888e-06	1.480211e-08	3.837719e+01	8.800367e+02
1.700000e-06	5.414401e-06	1.479415e-08	3.832419e+01	8.795435e+02
1.710000e-06	5.405273e-06	1.478112e-08	3.825958e+01	8.787911e+02
1.720000e-06	5.394571e-06	1.475902e-08	3.818383e+01	8.777574e+02
1.730000e-06	5.382051e-06	1.473571e-08	3.809521e+01	8.764437e+02
1.740000e-06	5.367495e-06	1.475490e-08	3.799218e+01	8.748788e+02
1.750000e-06	5.350802e-06	1.474153e-08	3.787403e+01	8.731122e+02
1.760000e-06	5.331704e-06	1.467734e-08	3.773885e+01	8.712014e+02
1.770000e-06	5.309980e-06	1.461335e-08	3.758508e+01	8.691957e+02
1.780000e-06	5.286254e-06	1.451891e-08	3.741714e+01	8.671224e+02
1.790000e-06	5.261441e-06	1.454421e-08	3.724152e+01	8.649805e+02
1.800000e-06	5.235469e-06	1.457020e-08	3.705768e+01	8.627430e+02
1.810000e-06	5.207646e-06	1.442756e-08	3.686074e+01	8.603669e+02
1.820000e-06	5.177861e-06	1.442956e-08	3.664992e+01	8.578076e+02
1.830000e-06	5.146348e-06	1.444389e-08	3.642686e+01	8.550319e+02
1.840000e-06	5.112939e-06	1.433786e-08	3.619039e+01	8.520271e+02
1.850000e-06	5.077824e-06	1.433054e-08	3.594184e+01	8.488017e+02
1.860000e-06	5.041086e-06	1.421796e-08	3.568180e+01	8.453799e+02
1.870000e-06	5.002380e-06	1.411743e-08	3.540783e+01	8.417920e+02
1.880000e-06	4.961922e-06	1.415726e-08	3.512146e+01	8.380636e+02
1.890000e-06	4.919765e-06	1.405350e-08	3.482306e+01	8.342091e+02
1.900000e-06	4.875946e-06	1.397519e-08	3.451291e+01	8.302295e+02
1.910000e-06	4.830490e-06	1.392477e-08	3.419116e+01	8.261163e+02
1.920000e-06	4.783059e-06	1.383029e-08	3.385543e+01	8.218577e+02
1.930000e-06	4.733863e-06	1.381811e-08	3.350721e+01	8.174458e+02
1.940000e-06	4.683041e-06	1.368170e-08	3.314748e+01	8.128811e+02
1.950000e-06	4.630294e-06	1.357060e-08	3.277413e+01	8.081729e+02
1.960000e-06	4.575539e-06	1.355141e-08	3.238657e+01	8.033356e+02
1.970000e-06	4.518944e-06	1.346773e-08	3.198597e+01	7.983834e+02
1.980000e-06	4.460886e-06	1.337145e-08	3.157503e+01	7.933244e+02
1.990000e-06	4.401460e-06	1.324257e-08	3.115440e+01	7.881581e+02
2.000000e-06	4.340383e-06	1.319724e-08	3.072208e+01	7.828750e+02
2.010000e-06	4.277566e-06	1.311867e-08	3.027745e+01	7.774614e+02
2.020000e-06	4.213138e-06	1.297684e-08	2.982142e+01	7.719038e+02
2.030000e-06	4.147329e-06	1.290003e-08	2.935561e+01	7.661947e+02
2.040000e-06	4.080111e-06	1.279894e-08	2.887983e+01	7.603354e+02
2.050000e-06	4.011366e-06	1.272716e-08	2.839324e+01	7.543351e+02
2.060000e-06	3.941029e-06	1.260345e-08	2.789538e+01	7.482086e+02
2.070000e-06	3.869180e-06	1.247202e-08	2.738681e+01	7.419706e+02
2.080000e-06	3.795987e-06	1.239497e-08	2.686874e+01	7.356324e+02
2.090000e-06	3.721346e-06	1.228302e-08	2.634041e+01	7.291982e+02
2.100000e-06	3.645260e-06	1.217594e-08	2.580187e+01	7.226657e+02
2.110000e-06	3.567646e-06	1.204228e-08	2.525250e+01	7.160281e+02
2.120000e-06	3.488541e-06	1.194231e-08	2.469258e+01	7.092778e+02
2.130000e-06	3.408241e-06	1.184101e-08	2.412420e+01	7.024097e+02
2.140000e-06	3.326827e-06	1.170687e-08	2.354793e+01	6.954230e+02
2.150000e-06	3.244381e-06	1.157802e-08	2.296436e+01	6.883210e+02
2.160000e-06	3.160921e-06	1.145272e-08	2.237362e+01	6.811094e+02
2.170000e-06	3.076268e-06	1.135216e-08	2.177443e+01	6.737935e+02
2.180000e-06	2.990285e-06	1.121466e-08	2.116582e+01	6.663756e+02
2.190000e-06	2.903122e-06	1.107790e-08	2.054887e+01	6.588540e+02
2.200000e-06	2.814954e-06	1.095820e-08	1.992480e+01	6.512237e+02
2.210000e-06	2.725867e-06	1.083735e-08	1.929422e+01	6.434786e+02
2.220000e-06	2.635922e-06	1.070269e-08	1.865757e+01	6.356140e+02
2.230000e-06	2.545136e-06	1.054939e-08	1.801497e+01	6.276291e+02
2.240000e-06	2.453640e-06	1.042124e-08	1.736735e+01	6.195279e+02
2.250000e-06	2.361319e-06	1.029423e-08	1.671388e+01	6.113180e+02
2.260000e-06	2.267967e-06	1.015274e-08	1.605311e+01	6.030087e+02
2.270000e-06	2.173619e-06	9.999315e-09	1.538530e+01	5.946080e+02
2.280000e-06	2.078408e-06	9.857725e-09	1.471138e+01	5.861199e+02
2.290000e-06	1.982532e-06	9.727558e-09	1.403275e+01	5.775437e+02
2.300000e-06	1.886090e-06	9.576082e-09	1.335011e+01	5.688743e+02
2.310000e-06	1.788979e-06	9.414449e-09	1.266275e+01	5.601051e+02
2.320000e-06	1.691192e-06	9.264466e-09	1.197059e+01	5.512300e+02
2.330000e-06	1.592907e-06	9.123852e-09	1.127491e+01	5.422470e+02
2.340000e-06	1.494169e-06	8.969553e-09	1.057602e+01	5.331586e+02
2.350000e-06	1.395024e-06	8.803709e-09	9.874254e+00	5.239712e+02
2.360000e-06	1.295509e-06	8.649866e-09	9.169869e+00	5.146928e+02
2.370000e-06	1.195557e-06	8.504312e-09	8.462389e+00	5.053288e+02
2.380000e-06	1.095171e-06	8.344127e-09	7.751836e+00	4.958790e+02
2.390000e-06	9.943208e-07	8.172565e-09	7.037998e+00	4.863357e+02
2.400000e-06	8.929626e-07	8.007644e-09	6.320565e+00	4.766849e+02
2.410000e-06	7.911515e-07	7.850906e-09	5.599925e+00	4.669085e+02
2.420000e-06	6.889789e-07	7.683139e-09	4.876728e+00	4.569894e+02
2.430000e-06	5.865736e-07	7.504591e-09	4.151883e+00	4.469156e+02
2.440000e-06	4.840055e-07	7.334693e-09	3.425886e+00	4.366827e+02
2.450000e-06	3.812647e-07	7.169223e-09	2.698666e+00	4.262932e+02
2.460000e-06	2.783223e-07	6.992681e-09	1.970020e+00	4.157527e+02
2.470000e-06	1.752866e-07	6.803111e-09	1.240713e+00	4.050631e+02
2.480000e-06	7.221802e-08	6.619132e-09	5.111733e-01	3.942164e+02
2.490000e-06	-3.092519e-08	6.441200e-09	-2.188945e-01	3.831900e+02
2.500000e-06	-1.340568e-07	6.250465e-09	-9.488806e-01	3.719462e+02
2.510000e-06	-2.370635e-07	6.047550e-09	-1.677982e+00	3.604381e+02
2.520000e-06	-3.399256e-07	5.846961e-09	-2.406060e+00	3.486184e+02
2.530000e-06	-4.426648e-07	5.653683e-09	-3.133269e+00	3.364524e+02
2.540000e-06	-5.452185e-07	5.449026e-09	-3.859164e+00	3.239280e+02
2.550000e-06	-6.474712e-07	5.225807e-09	-4.582928e+00	3.110630e+02
2.560000e-06	-7.494306e-07	5.000088e-09	-5.304617e+00	2.979036e+02
2.570000e-06	-8.510691e-07	4.779335e-09	-6.024034e+00	2.845173e+02
2.580000e-06	-9.522392e-07	4.554631e-09	-6.740136e+00	2.709790e+02
2.590000e-06	-1.052981e-06	4.319205e-09	-7.453204e+00	2.573552e+02
2.600000e-06	-1.153366e-06	4.087382e-09	-8.163750e+00	2.436899e+02
2.610000e-06	-1.253299e-06	3.865755e-09	-8.871095e+00	2.299969e+02
2.620000e-06	-1.352752e-06	3.640335e-09	-9.575048e+00	2.162586e+02
2.630000e-06	-1.451793e-06	3.402463e-09	-1.027608e+01	2.024326e+02
2.640000e-06	-1.550374e-06	3.161053e-09	-1.097385e+01	1.884630e+02
2.650000e-06	-1.648447e-06	2.926083e-09	-1.166803e+01	1.742923e+02
2.660000e-06	-1.745982e-06	2.688836e-09	-1.235840e+01	1.598708e+02
2.670000e-06	-1.842882e-06	2.439727e-09	-1.304428e+01	1.451611e+02
2.680000e-06	-1.939187e-06	2.185547e-09	-1.372594e+01	1.301357e+02
2.690000e-06	-2.034986e-06	1.933243e-09	-1.440403e+01	1.147714e+02
2.700000e-06	-2.130144e-06	1.675598e-09	-1.507758e+01	9.904166e+01
2.710000e-06	-2.224512e-06	1.400811e-09	-1.574553e+01	8.291030e+01
2.720000e-06	-2.317943e-06	1.113176e-09	-1.640685e+01	6.632992e+01
2.730000e-06	-2.410353e-06	8.264594e-10	-1.706095e+01	4.924416e+01
2.740000e-06	-2.501863e-06	5.357498e-10	-1.770868e+01	3.159368e+01
2.750000e-06	-2.592468e-06	2.289546e-10	-1.835000e+01	1.332295e+01
2.760000e-06	-2.682150e-06	-9.204123e-11	-1.898478e+01	-5.614408e+00
2.770000e-06	-2.770925e-06	-4.195449e-10	-1.961315e+01	-2.525364e+01
2.780000e-06	-2.858808e-06	-7.559206e-10	-2.023521e+01	-4.562046e+01
2.790000e-06	-2.945766e-06	-1.112465e-09	-2.085071e+01	-6.673496e+01
2.800000e-06	-3.031617e-06	-1.486553e-09	-2.145838e+01	-8.861559e+01
2.810000e-06	-3.116228e-06	-1.866390e-09	-2.205727e+01	-1.112809e+02
2.820000e-06	-3.199647e-06	-2.255179e-09	-2.264773e+01	-1.347478e+02
2.830000e-06	-3.281971e-06	-2.662889e-09	-2.323044e+01	-1.590262e+02
2.840000e-06	-3.363231e-06	-3.088530e-09	-2.380561e+01	-1.841113e+02
2.850000e-06	-3.443435e-06	-3.523766e-09	-2.437331e+01	-2.099764e+02
2.860000e-06	-3.522444e-06	-3.965480e-09	-2.493255e+01	-2.365679e+02
2.870000e-06	-3.599949e-06	-4.420360e-09	-2.548115e+01	-2.638036e+02
2.880000e-06	-3.675912e-06	-4.889085e-09	-2.601883e+01	-2.915754e+02
2.890000e-06	-3.750490e-06	-5.361646e-09	-2.654670e+01	-3.197538e+02
2.900000e-06	-3.823696e-06	-5.834643e-09	-2.706487e+01	-3.481938e+02
2.910000e-06	-3.895618e-06	-6.313899e-09	-2.757395e+01	-3.767393e+02
2.920000e-06	-3.966147e-06	-6.798007e-09	-2.807317e+01	-4.052271e+02
2.930000e-06	-4.035055e-06	-7.275801e-09	-2.856091e+01	-4.334888e+02
2.940000e-06	-4.102480e-06	-7.741973e-09	-2.903816e+01	-4.613541e+02
2.950000e-06	-4.168553e-06	-8.198743e-09	-2.950583e+01	-4.886543e+02
2.960000e-06	-4.233258e-06	-8.647009e-09	-2.996383e+01	-5.152294e+02
2.970000e-06	-4.296506e-06	-9.080820e-09	-3.041151e+01	-5.409356e+02
2.980000e-06	-4.358115e-06	-9.494796e-09	-3.084760e+01	-5.656533e+02
2.990000e-06	-4.418030e-06	-9.892182e-09	-3.127168e+01	-5.892933e+02
3.000000e-06	-4.476413e-06	-1.027642e-08	-3.168493e+01	-6.117981e+02
3.010000e-06	-4.533340e-06	-1.064077e-08	-3.208787e+01	-6.331397e+02
3.020000e-06	-4.588707e-06	-1.098058e-08	-3.247977e+01	-6.533122e+02
3.030000e-06	-4.642226e-06	-1.130015e-08	-3.285859e+01	-6.723239e+02
3.040000e-06	-4.693780e-06	-1.160470e-08	-3.322350e+01	-6.901893e+02
3.050000e-06	-4.743522e-06	-1.188930e-08	-3.357558e+01	-7.069253e+02
3.060000e-06	-4.791252e-06	-1.215127e-08	-3.391342e+01	-7.225511e+02
3.070000e-06	-4.837085e-06	-1.239585e-08	-3.423784e+01	-7.370913e+02
3.080000e-06	-4.881399e-06	-1.262788e-08	-3.455150e+01	-7.505805e+02
3.090000e-06	-4.924225e-06	-1.284237e-08	-3.485463e+01	-7.630665e+02
3.100000e-06	-4.965519e-06	-1.303489e-08	-3.514692e+01	-7.746087e+02
3.110000e-06	-5.005236e-06	-1.321380e-08	-3.542805e+01	-7.852738e+02
3.120000e-06	-5.043097e-06	-1.338440e-08	-3.569603e+01	-7.951275e+02
3.130000e-06	-5.079003e-06	-1.354318e-08	-3.595018e+01	-8.042270e+02
3.140000e-06	-5.113183e-06	-1.368501e-08	-3.619211e+01	-8.126153e+02
3.150000e-06	-5.145673e-06	-1.381525e-08	-3.642208e+01	-8.203219e+02
3.160000e-06	-5.176279e-06	-1.393803e-08	-3.663872e+01	-8.273670e+02
3.170000e-06	-5.204912e-06	-1.404839e-08	-3.684139e+01	-8.337705e+02
3.180000e-06	-5.231679e-06	-1.414371e-08	-3.703085e+01	-8.395599e+02
3.190000e-06	-5.256663e-06	-1.423131e-08	-3.720769e+01	-8.447754e+02
3.200000e-06	-5.279803e-06	-1.431485e-08	-3.737149e+01	-8.494687e+02
3.210000e-06	-5.300920e-06	-1.438970e-08	-3.752096e+01	-8.536961e+02
3.220000e-06	-5.320148e-06	-1.445318e-08	-3.765705e+01	-8.575088e+02
3.230000e-06	-5.337711e-06	-1.450887e-08	-3.778137e+01	-8.609428e+02
3.240000e-06	-5.353431e-06	-1.456139e-08	-3.789264e+01	-8.640132e+02
3.250000e-06	-5.366900e-06	-1.460906e-08	-3.798797e+01	-8.667160e+02
3.260000e-06	-5.378184e-06	-1.464801e-08	-3.806784e+01	-8.690359e+02
3.270000e-06	-5.387602e-06	-1.467995e-08	-3.813450e+01	-8.709591e+02
3.280000e-06	-5.395158e-06	-1.470662e-08	-3.818799e+01	-8.724852e+02
3.290000e-06	-5.400705e-06	-1.472777e-08	-3.822725e+01	-8.736347e+02
3.300000e-06	-5.404301e-06	-1.474312e-08	-3.825271e+01	-8.744489e+02
3.310000e-06	-5.406127e-06	-1.475419e-08	-3.826563e+01	-8.749810e+02
3.320000e-06	-5.406215e-06	-1.475994e-08	-3.826625e+01	-8.752835e+02
