# Temperatura_=_66.45
# Concentracion g/m^3_=_20000.0
# C_Vs_to_Am_M_A/Vsm_=_59384043850.047264
# pendiente_HvsI_1/m_=_3716.3
# ordenada_HvsI_A/m_=_1297.0
# frecuencia_Hz_=_301130.1269983104

Tiempo_(s)	Campo_(V.s)	Magnetizacion_(V.s)	Campo_(kA/m)	Magnetizacion_(A/m)
0.000000e+00	-5.390322e-06	-1.493882e-08	-3.826063e+01	-8.860605e+02
1.000000e-08	-5.388020e-06	-1.493937e-08	-3.824429e+01	-8.861786e+02
2.000000e-08	-5.383857e-06	-1.493757e-08	-3.821475e+01	-8.860428e+02
3.000000e-08	-5.378017e-06	-1.493062e-08	-3.817329e+01	-8.856474e+02
4.000000e-08	-5.370543e-06	-1.491953e-08	-3.812024e+01	-8.849933e+02
5.000000e-08	-5.361310e-06	-1.490437e-08	-3.805470e+01	-8.840900e+02
6.000000e-08	-5.350021e-06	-1.489007e-08	-3.797457e+01	-8.829549e+02
7.000000e-08	-5.336755e-06	-1.487829e-08	-3.788041e+01	-8.816105e+02
8.000000e-08	-5.321332e-06	-1.482620e-08	-3.777094e+01	-8.800807e+02
9.000000e-08	-5.303405e-06	-1.475866e-08	-3.764369e+01	-8.783876e+02
1.000000e-07	-5.283293e-06	-1.474563e-08	-3.750094e+01	-8.765494e+02
1.100000e-07	-5.261383e-06	-1.474180e-08	-3.734542e+01	-8.745790e+02
1.200000e-07	-5.237987e-06	-1.473637e-08	-3.717935e+01	-8.724838e+02
1.300000e-07	-5.213453e-06	-1.472929e-08	-3.700521e+01	-8.702656e+02
1.400000e-07	-5.187429e-06	-1.460208e-08	-3.682049e+01	-8.679202e+02
1.500000e-07	-5.159386e-06	-1.455986e-08	-3.662144e+01	-8.654384e+02
1.600000e-07	-5.129692e-06	-1.460012e-08	-3.641068e+01	-8.628058e+02
1.700000e-07	-5.098477e-06	-1.446628e-08	-3.618911e+01	-8.600058e+02
1.800000e-07	-5.065157e-06	-1.438893e-08	-3.595260e+01	-8.570217e+02
1.900000e-07	-5.029935e-06	-1.437112e-08	-3.570260e+01	-8.538416e+02
2.000000e-07	-4.993173e-06	-1.431350e-08	-3.544166e+01	-8.504612e+02
2.100000e-07	-4.954607e-06	-1.430716e-08	-3.516791e+01	-8.468863e+02
2.200000e-07	-4.914327e-06	-1.421869e-08	-3.488201e+01	-8.431323e+02
2.300000e-07	-4.872139e-06	-1.410019e-08	-3.458256e+01	-8.392205e+02
2.400000e-07	-4.827941e-06	-1.406879e-08	-3.426884e+01	-8.351734e+02
2.500000e-07	-4.782059e-06	-1.399996e-08	-3.394317e+01	-8.310081e+02
2.600000e-07	-4.734430e-06	-1.392715e-08	-3.360510e+01	-8.267320e+02
2.700000e-07	-4.684853e-06	-1.382827e-08	-3.325320e+01	-8.223414e+02
2.800000e-07	-4.633174e-06	-1.374742e-08	-3.288638e+01	-8.178233e+02
2.900000e-07	-4.579573e-06	-1.372322e-08	-3.250592e+01	-8.131607e+02
3.000000e-07	-4.524391e-06	-1.362143e-08	-3.211423e+01	-8.083391e+02
3.100000e-07	-4.467687e-06	-1.350581e-08	-3.171175e+01	-8.033524e+02
3.200000e-07	-4.409253e-06	-1.343197e-08	-3.129698e+01	-7.982052e+02
3.300000e-07	-4.349098e-06	-1.337283e-08	-3.087000e+01	-7.929123e+02
3.400000e-07	-4.287491e-06	-1.327365e-08	-3.043271e+01	-7.874934e+02
3.500000e-07	-4.224547e-06	-1.314941e-08	-2.998593e+01	-7.819668e+02
3.600000e-07	-4.160199e-06	-1.306547e-08	-2.952919e+01	-7.763432e+02
3.700000e-07	-4.094179e-06	-1.297885e-08	-2.906058e+01	-7.706223e+02
3.800000e-07	-4.026377e-06	-1.288036e-08	-2.857932e+01	-7.647935e+02
3.900000e-07	-3.957145e-06	-1.277479e-08	-2.808791e+01	-7.588401e+02
4.000000e-07	-3.886733e-06	-1.266112e-08	-2.758812e+01	-7.527461e+02
4.100000e-07	-3.815035e-06	-1.257241e-08	-2.707921e+01	-7.465022e+02
4.200000e-07	-3.741866e-06	-1.246853e-08	-2.655986e+01	-7.401103e+02
4.300000e-07	-3.667099e-06	-1.234879e-08	-2.602915e+01	-7.335826e+02
4.400000e-07	-3.590791e-06	-1.223369e-08	-2.548752e+01	-7.269384e+02
4.500000e-07	-3.513061e-06	-1.212778e-08	-2.493579e+01	-7.201971e+02
4.600000e-07	-3.433876e-06	-1.201611e-08	-2.437373e+01	-7.133720e+02
4.700000e-07	-3.353331e-06	-1.188732e-08	-2.380202e+01	-7.064660e+02
4.800000e-07	-3.271533e-06	-1.177304e-08	-2.322142e+01	-6.994717e+02
4.900000e-07	-3.188619e-06	-1.166039e-08	-2.263289e+01	-6.923746e+02
5.000000e-07	-3.104717e-06	-1.154068e-08	-2.203736e+01	-6.851594e+02
5.100000e-07	-3.019831e-06	-1.141241e-08	-2.143483e+01	-6.778159e+02
5.200000e-07	-2.934058e-06	-1.128869e-08	-2.082601e+01	-6.703436e+02
5.300000e-07	-2.847382e-06	-1.116783e-08	-2.021078e+01	-6.627513e+02
5.400000e-07	-2.759797e-06	-1.103327e-08	-1.958910e+01	-6.550546e+02
5.500000e-07	-2.671306e-06	-1.089561e-08	-1.896099e+01	-6.472690e+02
5.600000e-07	-2.581717e-06	-1.076283e-08	-1.832509e+01	-6.394045e+02
5.700000e-07	-2.490974e-06	-1.063833e-08	-1.768099e+01	-6.314607e+02
5.800000e-07	-2.399277e-06	-1.050246e-08	-1.703012e+01	-6.234272e+02
5.900000e-07	-2.306802e-06	-1.035732e-08	-1.637374e+01	-6.152861e+02
6.000000e-07	-2.213595e-06	-1.022087e-08	-1.571215e+01	-6.070187e+02
6.100000e-07	-2.119644e-06	-1.008757e-08	-1.504528e+01	-5.986118e+02
6.200000e-07	-2.024899e-06	-9.945528e-09	-1.437278e+01	-5.900627e+02
6.300000e-07	-1.929465e-06	-9.794183e-09	-1.369539e+01	-5.813804e+02
6.400000e-07	-1.833417e-06	-9.646463e-09	-1.301364e+01	-5.725832e+02
6.500000e-07	-1.736686e-06	-9.499778e-09	-1.232704e+01	-5.636930e+02
6.600000e-07	-1.639271e-06	-9.347380e-09	-1.163558e+01	-5.547289e+02
6.700000e-07	-1.541112e-06	-9.189072e-09	-1.093885e+01	-5.457016e+02
6.800000e-07	-1.442234e-06	-9.036043e-09	-1.023701e+01	-5.366107e+02
6.900000e-07	-1.342809e-06	-8.889811e-09	-9.531287e+00	-5.274453e+02
7.000000e-07	-1.242953e-06	-8.738763e-09	-8.822508e+00	-5.181881e+02
7.100000e-07	-1.142684e-06	-8.579081e-09	-8.110795e+00	-5.088201e+02
7.200000e-07	-1.042095e-06	-8.416224e-09	-7.396817e+00	-4.993256e+02
7.300000e-07	-9.412340e-07	-8.255930e-09	-6.680901e+00	-4.896952e+02
7.400000e-07	-8.400558e-07	-8.091009e-09	-5.962736e+00	-4.799265e+02
7.500000e-07	-7.385098e-07	-7.918211e-09	-5.241960e+00	-4.700218e+02
7.600000e-07	-6.366735e-07	-7.747025e-09	-4.519123e+00	-4.599851e+02
7.700000e-07	-5.346938e-07	-7.582861e-09	-3.795269e+00	-4.498188e+02
7.800000e-07	-4.325319e-07	-7.415469e-09	-3.070122e+00	-4.395207e+02
7.900000e-07	-3.301649e-07	-7.237539e-09	-2.343518e+00	-4.290832e+02
8.000000e-07	-2.276661e-07	-7.052782e-09	-1.615979e+00	-4.184928e+02
8.100000e-07	-1.251112e-07	-6.873495e-09	-8.880420e-01	-4.077307e+02
8.200000e-07	-2.254571e-08	-6.694513e-09	-1.600300e-01	-3.967743e+02
8.300000e-07	8.008295e-08	-6.500695e-09	5.684307e-01	-3.855976e+02
8.400000e-07	1.827161e-07	-6.301582e-09	1.296923e+00	-3.741726e+02
8.500000e-07	2.852547e-07	-6.107978e-09	2.024745e+00	-3.624715e+02
8.600000e-07	3.876798e-07	-5.913621e-09	2.751761e+00	-3.504701e+02
8.700000e-07	4.899777e-07	-5.706014e-09	3.477873e+00	-3.381518e+02
8.800000e-07	5.921369e-07	-5.487685e-09	4.203002e+00	-3.255127e+02
8.900000e-07	6.940156e-07	-5.269708e-09	4.926139e+00	-3.125658e+02
9.000000e-07	7.956067e-07	-5.051271e-09	5.647235e+00	-2.993425e+02
9.100000e-07	8.969477e-07	-4.822204e-09	6.366556e+00	-2.858901e+02
9.200000e-07	9.979811e-07	-4.584942e-09	7.083694e+00	-2.722661e+02
9.300000e-07	1.098707e-06	-4.353206e-09	7.798649e+00	-2.585274e+02
9.400000e-07	1.199146e-06	-4.127503e-09	8.511569e+00	-2.447198e+02
9.500000e-07	1.299277e-06	-3.896165e-09	9.222296e+00	-2.308674e+02
9.600000e-07	1.399027e-06	-3.656843e-09	9.930327e+00	-2.169669e+02
9.700000e-07	1.498195e-06	-3.419464e-09	1.063423e+01	-2.029866e+02
9.800000e-07	1.596616e-06	-3.185323e-09	1.133282e+01	-1.888720e+02
9.900000e-07	1.694258e-06	-2.943783e-09	1.202588e+01	-1.745558e+02
1.000000e-06	1.791193e-06	-2.693000e-09	1.271393e+01	-1.599696e+02
1.010000e-06	1.887484e-06	-2.440096e-09	1.339741e+01	-1.450539e+02
1.020000e-06	1.983161e-06	-2.183796e-09	1.407652e+01	-1.297643e+02
1.030000e-06	2.078184e-06	-1.918447e-09	1.475100e+01	-1.140712e+02
1.040000e-06	2.172434e-06	-1.643242e-09	1.541999e+01	-9.795526e+01
1.050000e-06	2.265969e-06	-1.364279e-09	1.608390e+01	-8.139822e+01
1.060000e-06	2.358834e-06	-1.081906e-09	1.674306e+01	-6.437432e+01
1.070000e-06	2.451045e-06	-7.860829e-10	1.739757e+01	-4.684402e+01
1.080000e-06	2.542422e-06	-4.760943e-10	1.804617e+01	-2.875255e+01
1.090000e-06	2.632644e-06	-1.579255e-10	1.868657e+01	-1.003385e+01
1.100000e-06	2.721692e-06	1.670714e-10	1.931864e+01	9.381456e+00
1.110000e-06	2.809783e-06	5.056104e-10	1.994391e+01	2.955656e+01
1.120000e-06	2.896965e-06	8.602555e-10	2.056273e+01	5.054030e+01
1.130000e-06	2.983187e-06	1.229413e-09	2.117473e+01	7.236271e+01
1.140000e-06	3.068456e-06	1.611948e-09	2.177997e+01	9.503506e+01
1.150000e-06	3.152827e-06	2.010208e-09	2.237884e+01	1.185538e+02
1.160000e-06	3.236225e-06	2.424860e-09	2.297080e+01	1.429063e+02
1.170000e-06	3.318313e-06	2.850132e-09	2.355346e+01	1.680750e+02
1.180000e-06	3.399130e-06	3.286385e-09	2.412710e+01	1.940388e+02
1.190000e-06	3.478725e-06	3.737672e-09	2.469207e+01	2.207693e+02
1.200000e-06	3.557023e-06	4.203412e-09	2.524784e+01	2.482232e+02
1.210000e-06	3.634122e-06	4.679628e-09	2.579509e+01	2.763329e+02
1.220000e-06	3.709916e-06	5.164916e-09	2.633307e+01	3.049986e+02
1.230000e-06	3.784138e-06	5.658165e-09	2.685990e+01	3.340843e+02
1.240000e-06	3.856819e-06	6.155313e-09	2.737579e+01	3.634206e+02
1.250000e-06	3.928084e-06	6.650495e-09	2.788164e+01	3.928128e+02
1.260000e-06	3.997976e-06	7.142128e-09	2.837773e+01	4.220546e+02
1.270000e-06	4.066637e-06	7.628570e-09	2.886509e+01	4.509429e+02
1.280000e-06	4.133910e-06	8.106179e-09	2.934259e+01	4.792911e+02
1.290000e-06	4.199522e-06	8.570936e-09	2.980830e+01	5.069373e+02
1.300000e-06	4.263572e-06	9.020866e-09	3.026293e+01	5.337480e+02
1.310000e-06	4.326244e-06	9.456800e-09	3.070778e+01	5.596155e+02
1.320000e-06	4.387521e-06	9.875137e-09	3.114273e+01	5.844535e+02
1.330000e-06	4.447422e-06	1.027292e-08	3.156790e+01	6.081914e+02
1.340000e-06	4.505675e-06	1.065247e-08	3.198139e+01	6.307716e+02
1.350000e-06	4.562183e-06	1.101239e-08	3.238248e+01	6.521494e+02
1.360000e-06	4.617064e-06	1.134946e-08	3.277203e+01	6.722959e+02
1.370000e-06	4.670241e-06	1.166396e-08	3.314948e+01	6.912029e+02
1.380000e-06	4.721492e-06	1.195864e-08	3.351326e+01	7.088849e+02
1.390000e-06	4.770707e-06	1.223365e-08	3.386259e+01	7.253797e+02
1.400000e-06	4.818121e-06	1.248952e-08	3.419914e+01	7.407432e+02
1.410000e-06	4.863822e-06	1.272932e-08	3.452352e+01	7.550417e+02
1.420000e-06	4.907987e-06	1.295427e-08	3.483700e+01	7.683419e+02
1.430000e-06	4.950421e-06	1.316355e-08	3.513820e+01	7.807025e+02
1.440000e-06	4.990889e-06	1.335386e-08	3.542544e+01	7.921697e+02
1.450000e-06	5.029623e-06	1.352745e-08	3.570038e+01	8.027767e+02
1.460000e-06	5.066743e-06	1.368803e-08	3.596386e+01	8.125495e+02
1.470000e-06	5.102149e-06	1.383755e-08	3.621517e+01	8.215139e+02
1.480000e-06	5.135604e-06	1.397509e-08	3.645263e+01	8.297034e+02
1.490000e-06	5.167207e-06	1.409927e-08	3.667695e+01	8.371636e+02
1.500000e-06	5.197104e-06	1.421112e-08	3.688917e+01	8.439521e+02
1.510000e-06	5.225345e-06	1.431055e-08	3.708962e+01	8.501336e+02
1.520000e-06	5.251695e-06	1.440132e-08	3.727665e+01	8.557714e+02
1.530000e-06	5.275951e-06	1.448529e-08	3.744883e+01	8.609186e+02
1.540000e-06	5.298324e-06	1.456300e-08	3.760763e+01	8.656124e+02
1.550000e-06	5.319005e-06	1.463635e-08	3.775442e+01	8.698716e+02
1.560000e-06	5.337892e-06	1.470331e-08	3.788849e+01	8.737008e+02
1.570000e-06	5.354751e-06	1.476135e-08	3.800815e+01	8.770971e+02
1.580000e-06	5.369653e-06	1.480816e-08	3.811392e+01	8.800594e+02
1.590000e-06	5.382622e-06	1.484678e-08	3.820598e+01	8.825956e+02
1.600000e-06	5.393442e-06	1.488148e-08	3.828278e+01	8.847266e+02
1.610000e-06	5.402142e-06	1.491038e-08	3.834453e+01	8.864846e+02
1.620000e-06	5.408913e-06	1.493403e-08	3.839259e+01	8.879087e+02
1.630000e-06	5.413942e-06	1.495676e-08	3.842829e+01	8.890369e+02
1.640000e-06	5.417203e-06	1.497535e-08	3.845143e+01	8.898998e+02
1.650000e-06	5.418410e-06	1.498480e-08	3.846000e+01	8.905154e+02
1.660000e-06	5.417711e-06	1.498951e-08	3.845504e+01	8.908895e+02
1.670000e-06	5.415374e-06	1.498947e-08	3.843845e+01	8.910179e+02
1.680000e-06	5.411386e-06	1.498536e-08	3.841014e+01	8.908927e+02
1.690000e-06	5.405546e-06	1.497792e-08	3.836869e+01	8.905081e+02
1.700000e-06	5.397880e-06	1.496609e-08	3.831428e+01	8.898645e+02
1.710000e-06	5.388589e-06	1.495152e-08	3.824833e+01	8.889712e+02
1.720000e-06	5.377613e-06	1.492484e-08	3.817042e+01	8.878455e+02
1.730000e-06	5.364842e-06	1.490636e-08	3.807978e+01	8.865095e+02
1.740000e-06	5.350086e-06	1.493566e-08	3.797504e+01	8.849873e+02
1.750000e-06	5.333157e-06	1.491337e-08	3.785488e+01	8.833012e+02
1.760000e-06	5.313789e-06	1.484843e-08	3.771740e+01	8.814693e+02
1.770000e-06	5.291862e-06	1.477445e-08	3.756176e+01	8.795049e+02
1.780000e-06	5.268055e-06	1.468113e-08	3.739278e+01	8.774155e+02
1.790000e-06	5.243145e-06	1.475049e-08	3.721597e+01	8.752030e+02
1.800000e-06	5.217025e-06	1.472961e-08	3.703056e+01	8.728638e+02
1.810000e-06	5.189018e-06	1.456854e-08	3.683177e+01	8.703884e+02
1.820000e-06	5.159090e-06	1.462692e-08	3.661934e+01	8.677630e+02
1.830000e-06	5.127476e-06	1.460782e-08	3.639494e+01	8.649706e+02
1.840000e-06	5.093893e-06	1.450239e-08	3.615657e+01	8.619948e+02
1.850000e-06	5.058605e-06	1.449780e-08	3.590610e+01	8.588232e+02
1.860000e-06	5.021650e-06	1.434928e-08	3.564379e+01	8.554513e+02
1.870000e-06	4.982764e-06	1.430474e-08	3.536778e+01	8.518846e+02
1.880000e-06	4.942158e-06	1.434315e-08	3.507955e+01	8.481380e+02
1.890000e-06	4.899800e-06	1.420247e-08	3.477889e+01	8.442329e+02
1.900000e-06	4.855857e-06	1.414674e-08	3.446699e+01	8.401917e+02
1.910000e-06	4.810229e-06	1.407204e-08	3.414312e+01	8.360317e+02
1.920000e-06	4.762587e-06	1.400826e-08	3.380496e+01	8.317610e+02
1.930000e-06	4.713237e-06	1.397748e-08	3.345467e+01	8.273761e+02
1.940000e-06	4.662216e-06	1.379919e-08	3.309252e+01	8.228643e+02
1.950000e-06	4.609344e-06	1.376747e-08	3.271723e+01	8.182085e+02
1.960000e-06	4.554598e-06	1.373787e-08	3.232864e+01	8.133942e+02
1.970000e-06	4.498034e-06	1.361279e-08	3.192715e+01	8.084148e+02
1.980000e-06	4.439962e-06	1.352090e-08	3.151495e+01	8.032745e+02
1.990000e-06	4.380426e-06	1.340753e-08	3.109237e+01	7.979879e+02
2.000000e-06	4.319246e-06	1.337394e-08	3.065811e+01	7.925746e+02
2.010000e-06	4.256373e-06	1.325297e-08	3.021184e+01	7.870530e+02
2.020000e-06	4.191931e-06	1.312454e-08	2.975443e+01	7.814342e+02
2.030000e-06	4.126090e-06	1.306779e-08	2.928708e+01	7.757183e+02
2.040000e-06	4.058891e-06	1.296476e-08	2.881011e+01	7.698951e+02
2.050000e-06	3.990209e-06	1.288825e-08	2.832260e+01	7.639478e+02
2.060000e-06	3.919888e-06	1.274368e-08	2.782346e+01	7.578604e+02
2.070000e-06	3.848042e-06	1.264530e-08	2.731349e+01	7.516233e+02
2.080000e-06	3.774838e-06	1.256427e-08	2.679389e+01	7.452379e+02
2.090000e-06	3.700313e-06	1.243145e-08	2.626491e+01	7.387162e+02
2.100000e-06	3.624393e-06	1.231890e-08	2.572603e+01	7.320773e+02
2.110000e-06	3.546820e-06	1.219388e-08	2.517541e+01	7.253405e+02
2.120000e-06	3.467719e-06	1.211187e-08	2.461395e+01	7.185197e+02
2.130000e-06	3.387433e-06	1.198298e-08	2.404408e+01	7.116180e+02
2.140000e-06	3.306054e-06	1.184817e-08	2.346645e+01	7.046285e+02
2.150000e-06	3.223651e-06	1.173980e-08	2.288155e+01	6.975368e+02
2.160000e-06	3.140237e-06	1.162380e-08	2.228947e+01	6.903274e+02
2.170000e-06	3.055719e-06	1.150293e-08	2.168956e+01	6.829900e+02
2.180000e-06	2.969836e-06	1.135210e-08	2.107997e+01	6.755236e+02
2.190000e-06	2.882709e-06	1.123692e-08	2.046153e+01	6.679368e+02
2.200000e-06	2.794625e-06	1.111758e-08	1.983632e+01	6.602449e+02
2.210000e-06	2.705646e-06	1.098337e-08	1.920474e+01	6.524637e+02
2.220000e-06	2.615822e-06	1.084133e-08	1.856717e+01	6.446033e+02
2.230000e-06	2.525119e-06	1.070616e-08	1.792336e+01	6.366640e+02
2.240000e-06	2.433655e-06	1.059076e-08	1.727414e+01	6.286353e+02
2.250000e-06	2.341488e-06	1.044864e-08	1.661994e+01	6.204998e+02
2.260000e-06	2.248360e-06	1.029942e-08	1.595891e+01	6.122386e+02
2.270000e-06	2.154122e-06	1.015707e-08	1.529001e+01	6.038382e+02
2.280000e-06	2.058961e-06	1.002502e-08	1.461455e+01	5.952955e+02
2.290000e-06	1.963202e-06	9.878091e-09	1.393485e+01	5.866191e+02
2.300000e-06	1.866890e-06	9.711799e-09	1.325123e+01	5.778270e+02
2.310000e-06	1.769917e-06	9.562477e-09	1.256291e+01	5.689412e+02
2.320000e-06	1.672327e-06	9.425520e-09	1.187021e+01	5.599809e+02
2.330000e-06	1.574229e-06	9.276703e-09	1.117392e+01	5.509572e+02
2.340000e-06	1.475626e-06	9.111621e-09	1.047403e+01	5.418701e+02
2.350000e-06	1.376533e-06	8.954995e-09	9.770664e+00	5.327091e+02
2.360000e-06	1.277044e-06	8.812376e-09	9.064490e+00	5.234569e+02
2.370000e-06	1.177156e-06	8.654907e-09	8.355479e+00	5.140945e+02
2.380000e-06	1.076947e-06	8.479312e-09	7.644197e+00	5.046061e+02
2.390000e-06	9.764511e-07	8.314187e-09	6.930873e+00	4.949821e+02
2.400000e-06	8.755470e-07	8.162011e-09	6.214653e+00	4.852197e+02
2.410000e-06	7.741775e-07	8.000044e-09	5.495130e+00	4.753212e+02
2.420000e-06	6.724063e-07	7.819514e-09	4.772755e+00	4.652906e+02
2.430000e-06	5.703583e-07	7.646068e-09	4.048417e+00	4.551303e+02
2.440000e-06	4.680792e-07	7.486242e-09	3.322437e+00	4.448385e+02
2.450000e-06	3.655907e-07	7.313198e-09	2.594971e+00	4.344076e+02
2.460000e-06	2.629547e-07	7.123420e-09	1.866458e+00	4.238243e+02
2.470000e-06	1.601646e-07	6.938080e-09	1.136852e+00	4.130701e+02
2.480000e-06	5.729516e-08	6.765321e-09	4.066824e-01	4.021225e+02
2.490000e-06	-4.559986e-08	6.580440e-09	-3.236689e-01	3.909555e+02
2.500000e-06	-1.484644e-07	6.375248e-09	-1.053804e+00	3.795413e+02
2.510000e-06	-2.511873e-07	6.173427e-09	-1.782933e+00	3.678519e+02
2.520000e-06	-3.537912e-07	5.983331e-09	-2.511218e+00	3.558630e+02
2.530000e-06	-4.562293e-07	5.786539e-09	-3.238327e+00	3.435575e+02
2.540000e-06	-5.583881e-07	5.568978e-09	-3.963452e+00	3.309312e+02
2.550000e-06	-6.602621e-07	5.344657e-09	-4.686556e+00	3.179963e+02
2.560000e-06	-7.617994e-07	5.124885e-09	-5.407270e+00	3.047835e+02
2.570000e-06	-8.629384e-07	4.902537e-09	-6.125157e+00	2.913398e+02
2.580000e-06	-9.636788e-07	4.669071e-09	-6.840215e+00	2.777223e+02
2.590000e-06	-1.064015e-06	4.431271e-09	-7.552404e+00	2.639882e+02
2.600000e-06	-1.163998e-06	4.204405e-09	-8.262082e+00	2.501839e+02
2.610000e-06	-1.263676e-06	3.981476e-09	-8.969604e+00	2.363344e+02
2.620000e-06	-1.362920e-06	3.747881e-09	-9.674040e+00	2.224375e+02
2.630000e-06	-1.461646e-06	3.506512e-09	-1.037479e+01	2.084622e+02
2.640000e-06	-1.559898e-06	3.267899e-09	-1.107219e+01	1.943549e+02
2.650000e-06	-1.657644e-06	3.029775e-09	-1.176599e+01	1.800486e+02
2.660000e-06	-1.754819e-06	2.782521e-09	-1.245575e+01	1.654745e+02
2.670000e-06	-1.851364e-06	2.528898e-09	-1.314103e+01	1.505729e+02
2.680000e-06	-1.947377e-06	2.275725e-09	-1.382253e+01	1.352986e+02
2.690000e-06	-2.042945e-06	2.020335e-09	-1.450087e+01	1.196217e+02
2.700000e-06	-2.137835e-06	1.754158e-09	-1.517440e+01	1.035225e+02
2.710000e-06	-2.231720e-06	1.472736e-09	-1.584080e+01	8.698302e+01
2.720000e-06	-2.324555e-06	1.182962e-09	-1.649975e+01	6.997780e+01
2.730000e-06	-2.416563e-06	8.897066e-10	-1.715282e+01	5.246785e+01
2.740000e-06	-2.507808e-06	5.854458e-10	-1.780048e+01	3.439892e+01
2.750000e-06	-2.598114e-06	2.678265e-10	-1.844147e+01	1.570523e+01
2.760000e-06	-2.687387e-06	-5.878237e-11	-1.907513e+01	-3.682635e+00
2.770000e-06	-2.775762e-06	-3.921526e-10	-1.970243e+01	-2.382825e+01
2.780000e-06	-2.863370e-06	-7.397303e-10	-2.032427e+01	-4.478107e+01
2.790000e-06	-2.949966e-06	-1.109021e-09	-2.093893e+01	-6.657182e+01
2.800000e-06	-3.035276e-06	-1.493040e-09	-2.154446e+01	-8.921240e+01
2.810000e-06	-3.119424e-06	-1.885048e-09	-2.214174e+01	-1.126997e+02
2.820000e-06	-3.202546e-06	-2.290557e-09	-2.273175e+01	-1.370213e+02
2.830000e-06	-3.284554e-06	-2.715459e-09	-2.331384e+01	-1.621598e+02
2.840000e-06	-3.365448e-06	-3.154840e-09	-2.388803e+01	-1.880942e+02
2.850000e-06	-3.445276e-06	-3.601849e-09	-2.445465e+01	-2.147966e+02
2.860000e-06	-3.523760e-06	-4.057819e-09	-2.501173e+01	-2.422242e+02
2.870000e-06	-3.600681e-06	-4.528054e-09	-2.555772e+01	-2.703105e+02
2.880000e-06	-3.676216e-06	-5.009641e-09	-2.609387e+01	-2.989571e+02
2.890000e-06	-3.750410e-06	-5.495162e-09	-2.662050e+01	-3.280292e+02
2.900000e-06	-3.823248e-06	-5.983200e-09	-2.713750e+01	-3.573583e+02
2.910000e-06	-3.894835e-06	-6.478919e-09	-2.764563e+01	-3.867506e+02
2.920000e-06	-3.964938e-06	-6.976911e-09	-2.814323e+01	-4.159999e+02
2.930000e-06	-4.033420e-06	-7.465055e-09	-2.862931e+01	-4.449028e+02
2.940000e-06	-4.100513e-06	-7.941588e-09	-2.910554e+01	-4.732718e+02
2.950000e-06	-4.166258e-06	-8.408270e-09	-2.957220e+01	-5.009442e+02
2.960000e-06	-4.230617e-06	-8.861631e-09	-3.002902e+01	-5.277853e+02
2.970000e-06	-4.293532e-06	-9.294110e-09	-3.047559e+01	-5.536867e+02
2.980000e-06	-4.354711e-06	-9.707407e-09	-3.090984e+01	-5.785613e+02
2.990000e-06	-4.414185e-06	-1.010910e-08	-3.133199e+01	-6.023382e+02
3.000000e-06	-4.472176e-06	-1.049815e-08	-3.174361e+01	-6.249592e+02
3.010000e-06	-4.528729e-06	-1.086374e-08	-3.214502e+01	-6.463791e+02
3.020000e-06	-4.583743e-06	-1.120311e-08	-3.253551e+01	-6.665685e+02
3.030000e-06	-4.636821e-06	-1.152421e-08	-3.291226e+01	-6.855182e+02
3.040000e-06	-4.687950e-06	-1.182754e-08	-3.327518e+01	-7.032421e+02
3.050000e-06	-4.737273e-06	-1.210525e-08	-3.362527e+01	-7.197769e+02
3.060000e-06	-4.784618e-06	-1.236086e-08	-3.396133e+01	-7.351783e+02
3.070000e-06	-4.830192e-06	-1.260277e-08	-3.428481e+01	-7.495123e+02
3.080000e-06	-4.874252e-06	-1.283393e-08	-3.459756e+01	-7.628456e+02
3.090000e-06	-4.916768e-06	-1.304819e-08	-3.489933e+01	-7.752376e+02
3.100000e-06	-4.957686e-06	-1.324216e-08	-3.518977e+01	-7.867346e+02
3.110000e-06	-4.996960e-06	-1.342214e-08	-3.546854e+01	-7.973704e+02
3.120000e-06	-5.034411e-06	-1.359129e-08	-3.573437e+01	-8.071712e+02
3.130000e-06	-5.069941e-06	-1.374526e-08	-3.598656e+01	-8.161625e+02
3.140000e-06	-5.103730e-06	-1.388259e-08	-3.622640e+01	-8.243776e+02
3.150000e-06	-5.135858e-06	-1.400995e-08	-3.645444e+01	-8.318615e+02
3.160000e-06	-5.166074e-06	-1.412903e-08	-3.666891e+01	-8.386715e+02
3.170000e-06	-5.194318e-06	-1.423693e-08	-3.686939e+01	-8.448722e+02
3.180000e-06	-5.220824e-06	-1.433176e-08	-3.705753e+01	-8.505269e+02
3.190000e-06	-5.245539e-06	-1.441971e-08	-3.723296e+01	-8.556895e+02
3.200000e-06	-5.268370e-06	-1.450354e-08	-3.739501e+01	-8.603977e+02
3.210000e-06	-5.289217e-06	-1.457906e-08	-3.754299e+01	-8.646709e+02
3.220000e-06	-5.308179e-06	-1.464419e-08	-3.767758e+01	-8.685140e+02
3.230000e-06	-5.325436e-06	-1.470034e-08	-3.780007e+01	-8.719244e+02
3.240000e-06	-5.340792e-06	-1.474970e-08	-3.790907e+01	-8.749007e+02
3.250000e-06	-5.353936e-06	-1.479294e-08	-3.800236e+01	-8.774505e+02
3.260000e-06	-5.364914e-06	-1.482853e-08	-3.808028e+01	-8.795940e+02
3.270000e-06	-5.374030e-06	-1.485894e-08	-3.814499e+01	-8.813633e+02
3.280000e-06	-5.381327e-06	-1.488547e-08	-3.819679e+01	-8.827972e+02
3.290000e-06	-5.386611e-06	-1.490670e-08	-3.823429e+01	-8.839341e+02
3.300000e-06	-5.389983e-06	-1.492278e-08	-3.825823e+01	-8.848046e+02
3.310000e-06	-5.391632e-06	-1.493459e-08	-3.826993e+01	-8.854275e+02
3.320000e-06	-5.391487e-06	-1.493959e-08	-3.826890e+01	-8.858088e+02
