# Temperatura_=_57.94
# Concentracion g/m^3_=_20000.0
# C_Vs_to_Am_M_A/Vsm_=_59384043850.047264
# pendiente_HvsI_1/m_=_3716.3
# ordenada_HvsI_A/m_=_1297.0
# frecuencia_Hz_=_301131.37032553874

Tiempo_(s)	Campo_(V.s)	Magnetizacion_(V.s)	Campo_(kA/m)	Magnetizacion_(A/m)
0.000000e+00	-5.397340e-06	-1.453113e-08	-3.825494e+01	-8.622216e+02
1.000000e-08	-5.394849e-06	-1.453198e-08	-3.823728e+01	-8.622574e+02
2.000000e-08	-5.390489e-06	-1.453272e-08	-3.820638e+01	-8.621237e+02
3.000000e-08	-5.384501e-06	-1.452649e-08	-3.816394e+01	-8.617988e+02
4.000000e-08	-5.376962e-06	-1.451404e-08	-3.811050e+01	-8.612412e+02
5.000000e-08	-5.367581e-06	-1.449795e-08	-3.804401e+01	-8.604091e+02
6.000000e-08	-5.356076e-06	-1.448897e-08	-3.796247e+01	-8.592803e+02
7.000000e-08	-5.342642e-06	-1.448199e-08	-3.786725e+01	-8.578659e+02
8.000000e-08	-5.326998e-06	-1.440508e-08	-3.775637e+01	-8.562107e+02
9.000000e-08	-5.308847e-06	-1.433341e-08	-3.762772e+01	-8.543809e+02
1.000000e-07	-5.288559e-06	-1.434529e-08	-3.748392e+01	-8.524436e+02
1.100000e-07	-5.266478e-06	-1.434138e-08	-3.732742e+01	-8.504456e+02
1.200000e-07	-5.242939e-06	-1.435282e-08	-3.716058e+01	-8.483991e+02
1.300000e-07	-5.218316e-06	-1.433557e-08	-3.698606e+01	-8.462796e+02
1.400000e-07	-5.192112e-06	-1.415662e-08	-3.680033e+01	-8.440367e+02
1.500000e-07	-5.163867e-06	-1.417472e-08	-3.660014e+01	-8.416131e+02
1.600000e-07	-5.134092e-06	-1.422090e-08	-3.638910e+01	-8.389653e+02
1.700000e-07	-5.102722e-06	-1.402824e-08	-3.616676e+01	-8.360775e+02
1.800000e-07	-5.069109e-06	-1.400288e-08	-3.592852e+01	-8.329646e+02
1.900000e-07	-5.033605e-06	-1.396703e-08	-3.567687e+01	-8.296636e+02
2.000000e-07	-4.996613e-06	-1.389840e-08	-3.541469e+01	-8.262178e+02
2.100000e-07	-4.957832e-06	-1.392652e-08	-3.513982e+01	-8.226594e+02
2.200000e-07	-4.917388e-06	-1.379046e-08	-3.485316e+01	-8.189991e+02
2.300000e-07	-4.875038e-06	-1.367906e-08	-3.455300e+01	-8.152239e+02
2.400000e-07	-4.830649e-06	-1.368612e-08	-3.423838e+01	-8.113058e+02
2.500000e-07	-4.784494e-06	-1.360036e-08	-3.391125e+01	-8.072156e+02
2.600000e-07	-4.736680e-06	-1.353220e-08	-3.357235e+01	-8.029365e+02
2.700000e-07	-4.686981e-06	-1.342529e-08	-3.322009e+01	-7.984719e+02
2.800000e-07	-4.635045e-06	-1.333959e-08	-3.285199e+01	-7.938447e+02
2.900000e-07	-4.581209e-06	-1.331772e-08	-3.247041e+01	-7.890881e+02
3.000000e-07	-4.525842e-06	-1.321019e-08	-3.207798e+01	-7.842323e+02
3.100000e-07	-4.468913e-06	-1.309379e-08	-3.167448e+01	-7.792936e+02
3.200000e-07	-4.410188e-06	-1.301926e-08	-3.125826e+01	-7.742683e+02
3.300000e-07	-4.349829e-06	-1.298944e-08	-3.083045e+01	-7.691363e+02
3.400000e-07	-4.288099e-06	-1.287891e-08	-3.039293e+01	-7.638702e+02
3.500000e-07	-4.224967e-06	-1.273983e-08	-2.994547e+01	-7.584475e+02
3.600000e-07	-4.160373e-06	-1.267178e-08	-2.948764e+01	-7.528605e+02
3.700000e-07	-4.094001e-06	-1.257699e-08	-2.901721e+01	-7.471189e+02
3.800000e-07	-4.025923e-06	-1.247853e-08	-2.853469e+01	-7.412465e+02
3.900000e-07	-3.956480e-06	-1.237151e-08	-2.804250e+01	-7.352706e+02
4.000000e-07	-3.885763e-06	-1.226468e-08	-2.754128e+01	-7.292117e+02
4.100000e-07	-3.813874e-06	-1.218790e-08	-2.703174e+01	-7.230757e+02
4.200000e-07	-3.740583e-06	-1.208434e-08	-2.651228e+01	-7.168527e+02
4.300000e-07	-3.665583e-06	-1.196426e-08	-2.598070e+01	-7.105224e+02
4.400000e-07	-3.589011e-06	-1.184418e-08	-2.543797e+01	-7.040638e+02
4.500000e-07	-3.511122e-06	-1.174153e-08	-2.488591e+01	-6.974645e+02
4.600000e-07	-3.431805e-06	-1.163212e-08	-2.432374e+01	-6.907263e+02
4.700000e-07	-3.351039e-06	-1.150501e-08	-2.375129e+01	-6.838646e+02
4.800000e-07	-3.269068e-06	-1.139635e-08	-2.317030e+01	-6.769014e+02
4.900000e-07	-3.185963e-06	-1.128836e-08	-2.258127e+01	-6.698562e+02
5.000000e-07	-3.101841e-06	-1.117781e-08	-2.198504e+01	-6.627376e+02
5.100000e-07	-3.016838e-06	-1.104810e-08	-2.138256e+01	-6.555396e+02
5.200000e-07	-2.930915e-06	-1.091649e-08	-2.077356e+01	-6.482438e+02
5.300000e-07	-2.843983e-06	-1.079382e-08	-2.015741e+01	-6.408275e+02
5.400000e-07	-2.756156e-06	-1.066173e-08	-1.953492e+01	-6.332730e+02
5.500000e-07	-2.667520e-06	-1.052845e-08	-1.890668e+01	-6.255745e+02
5.600000e-07	-2.577742e-06	-1.039736e-08	-1.827036e+01	-6.177413e+02
5.700000e-07	-2.486692e-06	-1.027763e-08	-1.762502e+01	-6.097936e+02
5.800000e-07	-2.394738e-06	-1.014711e-08	-1.697328e+01	-6.017546e+02
5.900000e-07	-2.302161e-06	-1.000387e-08	-1.631712e+01	-5.936419e+02
6.000000e-07	-2.208824e-06	-9.863082e-09	-1.565556e+01	-5.854604e+02
6.100000e-07	-2.114639e-06	-9.725472e-09	-1.498801e+01	-5.772011e+02
6.200000e-07	-2.019719e-06	-9.585305e-09	-1.431524e+01	-5.688456e+02
6.300000e-07	-1.924118e-06	-9.436825e-09	-1.363764e+01	-5.603732e+02
6.400000e-07	-1.827935e-06	-9.295758e-09	-1.295593e+01	-5.517700e+02
6.500000e-07	-1.731125e-06	-9.156758e-09	-1.226976e+01	-5.430340e+02
6.600000e-07	-1.633508e-06	-9.009869e-09	-1.157788e+01	-5.341760e+02
6.700000e-07	-1.535087e-06	-8.854227e-09	-1.088030e+01	-5.252154e+02
6.800000e-07	-1.435968e-06	-8.701655e-09	-1.017777e+01	-5.161722e+02
6.900000e-07	-1.336298e-06	-8.554287e-09	-9.471332e+00	-5.070603e+02
7.000000e-07	-1.236242e-06	-8.399149e-09	-8.762159e+00	-4.978814e+02
7.100000e-07	-1.135888e-06	-8.237902e-09	-8.050880e+00	-4.886253e+02
7.200000e-07	-1.035178e-06	-8.077730e-09	-7.337068e+00	-4.792726e+02
7.300000e-07	-9.340827e-07	-7.921775e-09	-6.620534e+00	-4.698013e+02
7.400000e-07	-8.326693e-07	-7.762988e-09	-5.901742e+00	-4.601933e+02
7.500000e-07	-7.309519e-07	-7.597074e-09	-5.180796e+00	-4.504384e+02
7.600000e-07	-6.289770e-07	-7.428768e-09	-4.458025e+00	-4.405352e+02
7.700000e-07	-5.267934e-07	-7.262196e-09	-3.733774e+00	-4.304895e+02
7.800000e-07	-4.244392e-07	-7.092132e-09	-3.008314e+00	-4.203090e+02
7.900000e-07	-3.219539e-07	-6.915961e-09	-2.281925e+00	-4.099986e+02
8.000000e-07	-2.193484e-07	-6.736452e-09	-1.554684e+00	-3.995561e+02
8.100000e-07	-1.166945e-07	-6.560132e-09	-8.270999e-01	-3.889694e+02
8.200000e-07	-1.397769e-08	-6.385061e-09	-9.907018e-02	-3.782161e+02
8.300000e-07	8.879567e-08	-6.201260e-09	6.293605e-01	-3.672649e+02
8.400000e-07	1.915196e-07	-6.009879e-09	1.357441e+00	-3.560782e+02
8.500000e-07	2.941448e-07	-5.815925e-09	2.084821e+00	-3.446169e+02
8.600000e-07	3.966296e-07	-5.619465e-09	2.811207e+00	-3.328462e+02
8.700000e-07	4.989914e-07	-5.414117e-09	3.536721e+00	-3.207421e+02
8.800000e-07	6.012440e-07	-5.200922e-09	4.261461e+00	-3.082989e+02
8.900000e-07	7.032434e-07	-4.987750e-09	4.984406e+00	-2.955333e+02
9.000000e-07	8.049360e-07	-4.772048e-09	5.705176e+00	-2.824864e+02
9.100000e-07	9.063787e-07	-4.546696e-09	6.424176e+00	-2.692193e+02
9.200000e-07	1.007516e-06	-4.316796e-09	7.141012e+00	-2.558034e+02
9.300000e-07	1.108321e-06	-4.091607e-09	7.855487e+00	-2.423068e+02
9.400000e-07	1.208835e-06	-3.867571e-09	8.567907e+00	-2.287796e+02
9.500000e-07	1.309070e-06	-3.638530e-09	9.278344e+00	-2.152421e+02
9.600000e-07	1.408916e-06	-3.405373e-09	9.986030e+00	-2.016798e+02
9.700000e-07	1.508155e-06	-3.173657e-09	1.068941e+01	-1.880468e+02
9.800000e-07	1.606673e-06	-2.942102e-09	1.138768e+01	-1.742774e+02
9.900000e-07	1.704451e-06	-2.704690e-09	1.208070e+01	-1.603010e+02
1.000000e-06	1.801570e-06	-2.462045e-09	1.276906e+01	-1.460576e+02
1.010000e-06	1.898035e-06	-2.216474e-09	1.345277e+01	-1.315069e+02
1.020000e-06	1.993727e-06	-1.966427e-09	1.413101e+01	-1.166295e+02
1.030000e-06	2.088716e-06	-1.708115e-09	1.480427e+01	-1.014196e+02
1.040000e-06	2.183051e-06	-1.441797e-09	1.547289e+01	-8.587186e+01
1.050000e-06	2.276644e-06	-1.172972e-09	1.613626e+01	-6.996877e+01
1.060000e-06	2.369518e-06	-9.005767e-10	1.679452e+01	-5.367167e+01
1.070000e-06	2.461753e-06	-6.197618e-10	1.744826e+01	-3.692025e+01
1.080000e-06	2.553159e-06	-3.279019e-10	1.809613e+01	-1.963996e+01
1.090000e-06	2.643445e-06	-2.426762e-11	1.873604e+01	-1.754746e+00
1.100000e-06	2.732670e-06	2.902457e-10	1.936845e+01	1.679967e+01
1.110000e-06	2.820906e-06	6.150224e-10	1.999384e+01	3.606683e+01
1.120000e-06	2.908069e-06	9.503037e-10	2.061163e+01	5.606777e+01
1.130000e-06	2.994244e-06	1.299364e-09	2.122242e+01	7.680653e+01
1.140000e-06	3.079532e-06	1.663803e-09	2.182692e+01	9.827996e+01
1.150000e-06	3.163945e-06	2.041841e-09	2.242522e+01	1.204871e+02
1.160000e-06	3.247345e-06	2.430822e-09	2.301633e+01	1.434342e+02
1.170000e-06	3.329480e-06	2.829888e-09	2.359848e+01	1.671316e+02
1.180000e-06	3.410343e-06	3.241087e-09	2.417162e+01	1.915853e+02
1.190000e-06	3.489991e-06	3.666445e-09	2.473614e+01	2.167841e+02
1.200000e-06	3.568400e-06	4.104264e-09	2.529188e+01	2.426878e+02
1.210000e-06	3.645581e-06	4.553697e-09	2.583893e+01	2.692212e+02
1.220000e-06	3.721400e-06	5.012494e-09	2.637631e+01	2.962755e+02
1.230000e-06	3.795675e-06	5.477740e-09	2.690275e+01	3.237151e+02
1.240000e-06	3.868382e-06	5.945786e-09	2.741808e+01	3.513896e+02
1.250000e-06	3.939667e-06	6.413390e-09	2.792333e+01	3.791437e+02
1.260000e-06	4.009598e-06	6.879335e-09	2.841898e+01	4.068243e+02
1.270000e-06	4.078232e-06	7.341230e-09	2.890544e+01	4.342818e+02
1.280000e-06	4.145448e-06	7.798397e-09	2.938185e+01	4.613692e+02
1.290000e-06	4.211050e-06	8.247754e-09	2.984682e+01	4.879388e+02
1.300000e-06	4.275107e-06	8.685052e-09	3.030084e+01	5.138435e+02
1.310000e-06	4.337665e-06	9.108266e-09	3.074423e+01	5.389415e+02
1.320000e-06	4.398848e-06	9.514176e-09	3.117788e+01	5.631057e+02
1.330000e-06	4.458692e-06	9.900616e-09	3.160204e+01	5.862346e+02
1.340000e-06	4.516871e-06	1.026912e-08	3.201440e+01	6.082598e+02
1.350000e-06	4.573273e-06	1.061948e-08	3.241416e+01	6.291485e+02
1.360000e-06	4.628072e-06	1.095075e-08	3.280257e+01	6.488985e+02
1.370000e-06	4.681221e-06	1.126336e-08	3.317927e+01	6.675274e+02
1.380000e-06	4.732363e-06	1.155825e-08	3.354175e+01	6.850596e+02
1.390000e-06	4.781437e-06	1.183527e-08	3.388958e+01	7.015172e+02
1.400000e-06	4.828729e-06	1.209306e-08	3.422477e+01	7.169156e+02
1.410000e-06	4.874404e-06	1.233183e-08	3.454850e+01	7.312671e+02
1.420000e-06	4.918471e-06	1.255285e-08	3.486084e+01	7.445891e+02
1.430000e-06	4.960761e-06	1.275907e-08	3.516058e+01	7.569124e+02
1.440000e-06	5.001152e-06	1.294935e-08	3.544686e+01	7.682870e+02
1.450000e-06	5.039822e-06	1.312431e-08	3.572094e+01	7.787790e+02
1.460000e-06	5.076921e-06	1.328584e-08	3.598389e+01	7.884629e+02
1.470000e-06	5.112245e-06	1.343358e-08	3.623425e+01	7.974086e+02
1.480000e-06	5.145588e-06	1.357011e-08	3.647058e+01	8.056701e+02
1.490000e-06	5.177080e-06	1.369694e-08	3.669379e+01	8.132808e+02
1.500000e-06	5.206868e-06	1.381159e-08	3.690492e+01	8.202556e+02
1.510000e-06	5.234995e-06	1.391467e-08	3.710427e+01	8.266017e+02
1.520000e-06	5.261206e-06	1.400950e-08	3.729006e+01	8.323314e+02
1.530000e-06	5.285334e-06	1.409736e-08	3.746107e+01	8.374731e+02
1.540000e-06	5.307611e-06	1.417612e-08	3.761896e+01	8.420745e+02
1.550000e-06	5.328202e-06	1.424382e-08	3.776490e+01	8.461971e+02
1.560000e-06	5.346964e-06	1.430384e-08	3.789789e+01	8.499032e+02
1.570000e-06	5.363708e-06	1.435881e-08	3.801656e+01	8.532411e+02
1.580000e-06	5.378487e-06	1.440805e-08	3.812131e+01	8.562339e+02
1.590000e-06	5.391374e-06	1.444963e-08	3.821265e+01	8.588780e+02
1.600000e-06	5.402094e-06	1.448656e-08	3.828863e+01	8.611509e+02
1.610000e-06	5.410611e-06	1.452040e-08	3.834900e+01	8.630277e+02
1.620000e-06	5.417248e-06	1.454586e-08	3.839604e+01	8.644979e+02
1.630000e-06	5.422165e-06	1.456259e-08	3.843089e+01	8.655774e+02
1.640000e-06	5.425252e-06	1.457337e-08	3.845277e+01	8.663101e+02
1.650000e-06	5.426272e-06	1.458124e-08	3.846000e+01	8.667573e+02
1.660000e-06	5.425409e-06	1.458796e-08	3.845388e+01	8.669809e+02
1.670000e-06	5.422900e-06	1.458598e-08	3.843610e+01	8.670235e+02
1.680000e-06	5.418815e-06	1.458195e-08	3.840715e+01	8.668966e+02
1.690000e-06	5.412881e-06	1.457793e-08	3.836508e+01	8.665799e+02
1.700000e-06	5.405060e-06	1.456925e-08	3.830965e+01	8.660322e+02
1.710000e-06	5.395623e-06	1.455146e-08	3.824276e+01	8.652111e+02
1.720000e-06	5.384489e-06	1.451132e-08	3.816385e+01	8.640936e+02
1.730000e-06	5.371490e-06	1.450807e-08	3.807172e+01	8.626896e+02
1.740000e-06	5.356527e-06	1.456030e-08	3.796567e+01	8.610426e+02
1.750000e-06	5.339330e-06	1.451577e-08	3.784378e+01	8.592184e+02
1.760000e-06	5.319592e-06	1.443981e-08	3.770388e+01	8.572847e+02
1.770000e-06	5.297399e-06	1.433794e-08	3.754658e+01	8.552891e+02
1.780000e-06	5.273392e-06	1.425003e-08	3.737642e+01	8.532453e+02
1.790000e-06	5.248316e-06	1.440122e-08	3.719869e+01	8.511299e+02
1.800000e-06	5.221961e-06	1.430569e-08	3.701190e+01	8.488931e+02
1.810000e-06	5.193690e-06	1.412885e-08	3.681152e+01	8.464775e+02
1.820000e-06	5.163581e-06	1.427410e-08	3.659812e+01	8.438389e+02
1.830000e-06	5.131733e-06	1.417478e-08	3.637238e+01	8.409603e+02
1.840000e-06	5.097937e-06	1.408736e-08	3.613285e+01	8.378556e+02
1.850000e-06	5.062548e-06	1.411469e-08	3.588202e+01	8.345613e+02
1.860000e-06	5.025413e-06	1.389050e-08	3.561881e+01	8.311206e+02
1.870000e-06	4.986315e-06	1.392328e-08	3.534170e+01	8.275666e+02
1.880000e-06	4.945540e-06	1.396439e-08	3.505269e+01	8.239107e+02
1.890000e-06	4.902955e-06	1.376677e-08	3.475086e+01	8.201408e+02
1.900000e-06	4.858763e-06	1.375473e-08	3.443764e+01	8.162291e+02
1.910000e-06	4.812841e-06	1.363865e-08	3.411216e+01	8.121461e+02
1.920000e-06	4.764896e-06	1.361607e-08	3.377234e+01	8.078745e+02
1.930000e-06	4.715297e-06	1.359098e-08	3.342079e+01	8.034169e+02
1.940000e-06	4.664088e-06	1.336323e-08	3.305784e+01	7.987957e+02
1.950000e-06	4.611026e-06	1.338366e-08	3.268174e+01	7.940438e+02
1.960000e-06	4.555995e-06	1.332984e-08	3.229170e+01	7.891919e+02
1.970000e-06	4.499151e-06	1.321282e-08	3.188881e+01	7.842567e+02
1.980000e-06	4.440844e-06	1.309913e-08	3.147554e+01	7.792355e+02
1.990000e-06	4.381069e-06	1.298356e-08	3.105187e+01	7.741085e+02
2.000000e-06	4.319649e-06	1.301154e-08	3.061654e+01	7.688483e+02
2.010000e-06	4.256546e-06	1.284238e-08	3.016929e+01	7.634322e+02
2.020000e-06	4.191902e-06	1.273378e-08	2.971111e+01	7.578516e+02
2.030000e-06	4.125840e-06	1.267133e-08	2.924288e+01	7.521160e+02
2.040000e-06	4.058410e-06	1.256106e-08	2.876495e+01	7.462484e+02
2.050000e-06	3.989423e-06	1.250527e-08	2.827599e+01	7.402765e+02
2.060000e-06	3.918741e-06	1.231965e-08	2.777501e+01	7.342211e+02
2.070000e-06	3.846677e-06	1.225503e-08	2.726424e+01	7.280886e+02
2.080000e-06	3.773321e-06	1.216992e-08	2.674432e+01	7.218697e+02
2.090000e-06	3.698610e-06	1.204529e-08	2.621478e+01	7.155444e+02
2.100000e-06	3.622468e-06	1.193826e-08	2.567511e+01	7.090913e+02
2.110000e-06	3.544583e-06	1.180019e-08	2.512308e+01	7.024978e+02
2.120000e-06	3.465269e-06	1.174204e-08	2.456092e+01	6.957651e+02
2.130000e-06	3.384896e-06	1.159784e-08	2.399126e+01	6.889081e+02
2.140000e-06	3.303345e-06	1.147163e-08	2.341325e+01	6.819488e+02
2.150000e-06	3.220714e-06	1.134992e-08	2.282758e+01	6.749071e+02
2.160000e-06	3.137123e-06	1.124349e-08	2.223511e+01	6.677918e+02
2.170000e-06	3.052369e-06	1.113910e-08	2.163439e+01	6.605975e+02
2.180000e-06	2.966184e-06	1.097842e-08	2.102354e+01	6.533063e+02
2.190000e-06	2.878840e-06	1.087080e-08	2.040447e+01	6.458955e+02
2.200000e-06	2.790572e-06	1.075017e-08	1.977885e+01	6.383467e+02
2.210000e-06	2.701375e-06	1.062818e-08	1.914664e+01	6.306540e+02
2.220000e-06	2.611296e-06	1.047776e-08	1.850819e+01	6.228260e+02
2.230000e-06	2.520385e-06	1.033944e-08	1.786383e+01	6.148827e+02
2.240000e-06	2.428809e-06	1.022674e-08	1.721477e+01	6.068473e+02
2.250000e-06	2.336483e-06	1.008393e-08	1.656038e+01	5.987378e+02
2.260000e-06	2.243151e-06	9.935174e-09	1.589887e+01	5.905595e+02
2.270000e-06	2.148686e-06	9.790563e-09	1.522933e+01	5.823040e+02
2.280000e-06	2.053331e-06	9.668029e-09	1.455347e+01	5.739529e+02
2.290000e-06	1.957501e-06	9.528367e-09	1.387426e+01	5.654857e+02
2.300000e-06	1.861087e-06	9.367766e-09	1.319090e+01	5.568880e+02
2.310000e-06	1.763961e-06	9.216106e-09	1.250249e+01	5.481573e+02
2.320000e-06	1.666254e-06	9.078979e-09	1.180997e+01	5.393041e+02
2.330000e-06	1.568024e-06	8.929016e-09	1.111374e+01	5.303475e+02
2.340000e-06	1.469249e-06	8.763829e-09	1.041366e+01	5.213077e+02
2.350000e-06	1.369985e-06	8.608903e-09	9.710097e+00	5.121988e+02
2.360000e-06	1.270352e-06	8.467873e-09	9.003921e+00	5.030231e+02
2.370000e-06	1.170394e-06	8.316673e-09	8.295445e+00	4.937707e+02
2.380000e-06	1.070129e-06	8.147619e-09	7.584795e+00	4.844225e+02
2.390000e-06	9.695433e-07	7.985853e-09	6.871869e+00	4.749566e+02
2.400000e-06	8.685277e-07	7.830717e-09	6.155898e+00	4.653544e+02
2.410000e-06	7.670548e-07	7.669007e-09	5.436684e+00	4.556054e+02
2.420000e-06	6.651867e-07	7.491154e-09	4.714670e+00	4.457082e+02
2.430000e-06	5.629528e-07	7.320613e-09	3.990062e+00	4.356682e+02
2.440000e-06	4.604277e-07	7.160945e-09	3.263391e+00	4.254931e+02
2.450000e-06	3.576474e-07	6.990298e-09	2.534911e+00	4.151880e+02
2.460000e-06	2.547291e-07	6.806694e-09	1.805453e+00	4.047510e+02
2.470000e-06	1.517547e-07	6.623013e-09	1.075597e+00	3.941705e+02
2.480000e-06	4.870130e-08	6.448149e-09	3.451821e-01	3.834243e+02
2.490000e-06	-5.434929e-08	6.264780e-09	-3.852136e-01	3.724815e+02
2.500000e-06	-1.573486e-07	6.068784e-09	-1.115246e+00	3.613046e+02
2.510000e-06	-2.602598e-07	5.873108e-09	-1.844653e+00	3.498545e+02
2.520000e-06	-3.629914e-07	5.682402e-09	-2.572788e+00	3.380960e+02
2.530000e-06	-4.655439e-07	5.487374e-09	-3.299653e+00	3.260048e+02
2.540000e-06	-5.678536e-07	5.274489e-09	-4.024798e+00	3.135742e+02
2.550000e-06	-6.698170e-07	5.054195e-09	-4.747488e+00	3.008203e+02
2.560000e-06	-7.714143e-07	4.837182e-09	-5.467583e+00	2.877832e+02
2.570000e-06	-8.725882e-07	4.618070e-09	-6.184677e+00	2.745234e+02
2.580000e-06	-9.733779e-07	4.389302e-09	-6.899048e+00	2.611123e+02
2.590000e-06	-1.073862e-06	4.156014e-09	-7.611255e+00	2.476183e+02
2.600000e-06	-1.174014e-06	3.931627e-09	-8.321101e+00	2.340923e+02
2.610000e-06	-1.273807e-06	3.710191e-09	-9.028412e+00	2.205559e+02
2.620000e-06	-1.373122e-06	3.480545e-09	-9.732333e+00	2.069958e+02
2.630000e-06	-1.471923e-06	3.247757e-09	-1.043260e+01	1.933671e+02
2.640000e-06	-1.570264e-06	3.018453e-09	-1.112962e+01	1.796045e+02
2.650000e-06	-1.668100e-06	2.788513e-09	-1.182306e+01	1.656373e+02
2.660000e-06	-1.765332e-06	2.548315e-09	-1.251221e+01	1.514050e+02
2.670000e-06	-1.861942e-06	2.299732e-09	-1.319696e+01	1.368664e+02
2.680000e-06	-1.958068e-06	2.052068e-09	-1.387828e+01	1.220016e+02
2.690000e-06	-2.053675e-06	1.803333e-09	-1.455591e+01	1.068042e+02
2.700000e-06	-2.148505e-06	1.545124e-09	-1.522804e+01	9.126947e+01
2.710000e-06	-2.242374e-06	1.274646e-09	-1.589336e+01	7.538030e+01
2.720000e-06	-2.335311e-06	9.996551e-10	-1.655207e+01	5.909889e+01
2.730000e-06	-2.427421e-06	7.214900e-10	-1.720493e+01	4.236563e+01
2.740000e-06	-2.518629e-06	4.316816e-10	-1.785139e+01	2.510627e+01
2.750000e-06	-2.608886e-06	1.273792e-10	-1.849110e+01	7.244569e+00
2.760000e-06	-2.698190e-06	-1.862421e-10	-1.912406e+01	-1.128436e+01
2.770000e-06	-2.786628e-06	-5.061123e-10	-1.975089e+01	-3.052488e+01
2.780000e-06	-2.874282e-06	-8.371848e-10	-2.037216e+01	-5.049877e+01
2.790000e-06	-2.960958e-06	-1.185183e-09	-2.098650e+01	-7.121053e+01
2.800000e-06	-3.046401e-06	-1.546203e-09	-2.159210e+01	-9.265707e+01
2.810000e-06	-3.130605e-06	-1.916482e-09	-2.218891e+01	-1.148373e+02
2.820000e-06	-3.213728e-06	-2.300141e-09	-2.277806e+01	-1.377570e+02
2.830000e-06	-3.295810e-06	-2.701196e-09	-2.335984e+01	-1.614268e+02
2.840000e-06	-3.376772e-06	-3.115850e-09	-2.393368e+01	-1.858529e+02
2.850000e-06	-3.456624e-06	-3.537548e-09	-2.449965e+01	-2.110248e+02
2.860000e-06	-3.535146e-06	-3.967824e-09	-2.505619e+01	-2.369037e+02
2.870000e-06	-3.612165e-06	-4.410745e-09	-2.560209e+01	-2.634157e+02
2.880000e-06	-3.687756e-06	-4.863494e-09	-2.613785e+01	-2.904528e+02
2.890000e-06	-3.761911e-06	-5.321247e-09	-2.666344e+01	-3.178805e+02
2.900000e-06	-3.834734e-06	-5.784395e-09	-2.717959e+01	-3.455486e+02
2.910000e-06	-3.906264e-06	-6.254584e-09	-2.768658e+01	-3.733018e+02
2.920000e-06	-3.976303e-06	-6.724472e-09	-2.818300e+01	-4.009869e+02
2.930000e-06	-4.044798e-06	-7.186367e-09	-2.866847e+01	-4.284543e+02
2.940000e-06	-4.111848e-06	-7.638875e-09	-2.914371e+01	-4.555567e+02
2.950000e-06	-4.177484e-06	-8.085772e-09	-2.960891e+01	-4.821466e+02
2.960000e-06	-4.241832e-06	-8.523745e-09	-3.006500e+01	-5.080769e+02
2.970000e-06	-4.304744e-06	-8.945106e-09	-3.051090e+01	-5.332053e+02
2.980000e-06	-4.365937e-06	-9.350672e-09	-3.094462e+01	-5.574041e+02
2.990000e-06	-4.425460e-06	-9.741748e-09	-3.136650e+01	-5.805706e+02
3.000000e-06	-4.483476e-06	-1.011716e-08	-3.177770e+01	-6.026353e+02
3.010000e-06	-4.540036e-06	-1.047164e-08	-3.217859e+01	-6.235641e+02
3.020000e-06	-4.594908e-06	-1.080741e-08	-3.256751e+01	-6.433539e+02
3.030000e-06	-4.647832e-06	-1.112559e-08	-3.294262e+01	-6.620217e+02
3.040000e-06	-4.698894e-06	-1.142521e-08	-3.330453e+01	-6.795920e+02
3.050000e-06	-4.748100e-06	-1.170216e-08	-3.365329e+01	-6.960869e+02
3.060000e-06	-4.795291e-06	-1.195990e-08	-3.398777e+01	-7.115222e+02
3.070000e-06	-4.840715e-06	-1.220292e-08	-3.430972e+01	-7.259102e+02
3.080000e-06	-4.884609e-06	-1.243044e-08	-3.462083e+01	-7.392678e+02
3.090000e-06	-4.926994e-06	-1.264009e-08	-3.492124e+01	-7.516254e+02
3.100000e-06	-4.967880e-06	-1.283390e-08	-3.521103e+01	-7.630320e+02
3.110000e-06	-5.007146e-06	-1.301777e-08	-3.548934e+01	-7.735536e+02
3.120000e-06	-5.044536e-06	-1.318721e-08	-3.575435e+01	-7.832645e+02
3.130000e-06	-5.079981e-06	-1.333827e-08	-3.600558e+01	-7.922347e+02
3.140000e-06	-5.113681e-06	-1.347656e-08	-3.624443e+01	-8.005193e+02
3.150000e-06	-5.145678e-06	-1.360621e-08	-3.647122e+01	-8.081521e+02
3.160000e-06	-5.175747e-06	-1.372421e-08	-3.668434e+01	-8.151488e+02
3.170000e-06	-5.203864e-06	-1.383235e-08	-3.688363e+01	-8.215165e+02
3.180000e-06	-5.230233e-06	-1.393266e-08	-3.707053e+01	-8.272672e+02
3.190000e-06	-5.254811e-06	-1.402487e-08	-3.724472e+01	-8.324285e+02
3.200000e-06	-5.277444e-06	-1.410652e-08	-3.740514e+01	-8.370475e+02
3.210000e-06	-5.298104e-06	-1.417687e-08	-3.755158e+01	-8.411854e+02
3.220000e-06	-5.316921e-06	-1.423885e-08	-3.768495e+01	-8.449047e+02
3.230000e-06	-5.333971e-06	-1.429471e-08	-3.780579e+01	-8.482545e+02
3.240000e-06	-5.349102e-06	-1.434490e-08	-3.791304e+01	-8.512589e+02
3.250000e-06	-5.362031e-06	-1.439180e-08	-3.800467e+01	-8.539150e+02
3.260000e-06	-5.372847e-06	-1.443292e-08	-3.808133e+01	-8.562009e+02
3.270000e-06	-5.381883e-06	-1.446605e-08	-3.814538e+01	-8.580915e+02
3.280000e-06	-5.389136e-06	-1.449198e-08	-3.819679e+01	-8.595754e+02
3.290000e-06	-5.394293e-06	-1.451207e-08	-3.823334e+01	-8.606676e+02
3.300000e-06	-5.397469e-06	-1.452823e-08	-3.825585e+01	-8.614109e+02
3.310000e-06	-5.398954e-06	-1.453837e-08	-3.826638e+01	-8.618666e+02
3.320000e-06	-5.398664e-06	-1.453788e-08	-3.826432e+01	-8.620965e+02
