# Temperatura_=_64.4
# Concentracion g/m^3_=_20000.0
# C_Vs_to_Am_M_A/Vsm_=_59384043850.047264
# pendiente_HvsI_1/m_=_3716.3
# ordenada_HvsI_A/m_=_1297.0
# frecuencia_Hz_=_301131.0024519935

Tiempo_(s)	Campo_(V.s)	Magnetizacion_(V.s)	Campo_(kA/m)	Magnetizacion_(A/m)
0.000000e+00	-5.398452e-06	-1.485315e-08	-3.826256e+01	-8.809773e+02
1.000000e-08	-5.396449e-06	-1.485610e-08	-3.824836e+01	-8.810260e+02
2.000000e-08	-5.392522e-06	-1.485791e-08	-3.822053e+01	-8.809161e+02
3.000000e-08	-5.386947e-06	-1.485277e-08	-3.818101e+01	-8.806437e+02
4.000000e-08	-5.379716e-06	-1.484163e-08	-3.812976e+01	-8.801720e+02
5.000000e-08	-5.370719e-06	-1.482797e-08	-3.806600e+01	-8.794477e+02
6.000000e-08	-5.359653e-06	-1.481567e-08	-3.798756e+01	-8.784250e+02
7.000000e-08	-5.346538e-06	-1.480608e-08	-3.789461e+01	-8.770867e+02
8.000000e-08	-5.331367e-06	-1.476029e-08	-3.778708e+01	-8.754561e+02
9.000000e-08	-5.313755e-06	-1.469166e-08	-3.766225e+01	-8.735937e+02
1.000000e-07	-5.293862e-06	-1.467047e-08	-3.752126e+01	-8.715801e+02
1.100000e-07	-5.272136e-06	-1.466213e-08	-3.736726e+01	-8.694910e+02
1.200000e-07	-5.248925e-06	-1.464831e-08	-3.720275e+01	-8.673730e+02
1.300000e-07	-5.224614e-06	-1.465156e-08	-3.703045e+01	-8.652292e+02
1.400000e-07	-5.198800e-06	-1.454079e-08	-3.684749e+01	-8.630194e+02
1.500000e-07	-5.170935e-06	-1.448454e-08	-3.664999e+01	-8.606753e+02
1.600000e-07	-5.141409e-06	-1.453225e-08	-3.644072e+01	-8.581238e+02
1.700000e-07	-5.110404e-06	-1.441317e-08	-3.622096e+01	-8.553125e+02
1.800000e-07	-5.077336e-06	-1.432676e-08	-3.598658e+01	-8.522259e+02
1.900000e-07	-5.042192e-06	-1.429716e-08	-3.573749e+01	-8.488886e+02
2.000000e-07	-5.005496e-06	-1.421834e-08	-3.547740e+01	-8.453544e+02
2.100000e-07	-4.967096e-06	-1.422100e-08	-3.520524e+01	-8.416860e+02
2.200000e-07	-4.927071e-06	-1.415407e-08	-3.492155e+01	-8.379323e+02
2.300000e-07	-4.885231e-06	-1.402653e-08	-3.462500e+01	-8.341132e+02
2.400000e-07	-4.841280e-06	-1.400136e-08	-3.431349e+01	-8.302143e+02
2.500000e-07	-4.795553e-06	-1.392807e-08	-3.398940e+01	-8.261962e+02
2.600000e-07	-4.748077e-06	-1.383768e-08	-3.365290e+01	-8.220107e+02
2.700000e-07	-4.698672e-06	-1.375329e-08	-3.330273e+01	-8.176207e+02
2.800000e-07	-4.647190e-06	-1.366461e-08	-3.293784e+01	-8.130144e+02
2.900000e-07	-4.593759e-06	-1.362248e-08	-3.255914e+01	-8.082094e+02
3.000000e-07	-4.538655e-06	-1.354269e-08	-3.216858e+01	-8.032464e+02
3.100000e-07	-4.482079e-06	-1.343537e-08	-3.176758e+01	-7.981738e+02
3.200000e-07	-4.423795e-06	-1.333379e-08	-3.135449e+01	-7.930313e+02
3.300000e-07	-4.363743e-06	-1.327375e-08	-3.092886e+01	-7.878366e+02
3.400000e-07	-4.302252e-06	-1.319270e-08	-3.049303e+01	-7.825811e+02
3.500000e-07	-4.239364e-06	-1.306195e-08	-3.004730e+01	-7.772351e+02
3.600000e-07	-4.175076e-06	-1.297591e-08	-2.959165e+01	-7.717605e+02
3.700000e-07	-4.109176e-06	-1.289460e-08	-2.912457e+01	-7.661253e+02
3.800000e-07	-4.041575e-06	-1.279662e-08	-2.864543e+01	-7.603150e+02
3.900000e-07	-3.972463e-06	-1.269964e-08	-2.815559e+01	-7.543370e+02
4.000000e-07	-3.902001e-06	-1.258650e-08	-2.765617e+01	-7.482168e+02
4.100000e-07	-3.830351e-06	-1.248906e-08	-2.714834e+01	-7.419870e+02
4.200000e-07	-3.757430e-06	-1.238665e-08	-2.663150e+01	-7.356759e+02
4.300000e-07	-3.682846e-06	-1.227374e-08	-2.610287e+01	-7.292966e+02
4.400000e-07	-3.606585e-06	-1.215902e-08	-2.556236e+01	-7.228441e+02
4.500000e-07	-3.528951e-06	-1.205061e-08	-2.501211e+01	-7.162980e+02
4.600000e-07	-3.449896e-06	-1.194716e-08	-2.445180e+01	-7.096316e+02
4.700000e-07	-3.369382e-06	-1.182543e-08	-2.388113e+01	-7.028223e+02
4.800000e-07	-3.287634e-06	-1.170867e-08	-2.330173e+01	-6.958605e+02
4.900000e-07	-3.204760e-06	-1.159109e-08	-2.271435e+01	-6.887529e+02
5.000000e-07	-3.120878e-06	-1.147721e-08	-2.211982e+01	-6.815196e+02
5.100000e-07	-3.036139e-06	-1.135541e-08	-2.151921e+01	-6.741868e+02
5.200000e-07	-2.950475e-06	-1.122265e-08	-2.091206e+01	-6.667766e+02
5.300000e-07	-2.863789e-06	-1.109626e-08	-2.029765e+01	-6.592993e+02
5.400000e-07	-2.776150e-06	-1.096926e-08	-1.967649e+01	-6.517493e+02
5.500000e-07	-2.687652e-06	-1.084170e-08	-1.904925e+01	-6.441076e+02
5.600000e-07	-2.598073e-06	-1.070986e-08	-1.841434e+01	-6.363484e+02
5.700000e-07	-2.507266e-06	-1.058314e-08	-1.777072e+01	-6.284480e+02
5.800000e-07	-2.415526e-06	-1.045181e-08	-1.712050e+01	-6.203932e+02
5.900000e-07	-2.323093e-06	-1.031126e-08	-1.646536e+01	-6.121858e+02
6.000000e-07	-2.229937e-06	-1.016840e-08	-1.580511e+01	-6.038418e+02
6.100000e-07	-2.135993e-06	-1.002557e-08	-1.513926e+01	-5.953861e+02
6.200000e-07	-2.041177e-06	-9.882879e-09	-1.446723e+01	-5.868439e+02
6.300000e-07	-1.945676e-06	-9.737268e-09	-1.379035e+01	-5.782329e+02
6.400000e-07	-1.849639e-06	-9.593885e-09	-1.310967e+01	-5.695575e+02
6.500000e-07	-1.752937e-06	-9.450376e-09	-1.242428e+01	-5.608089e+02
6.600000e-07	-1.655387e-06	-9.304693e-09	-1.173287e+01	-5.519682e+02
6.700000e-07	-1.557020e-06	-9.154129e-09	-1.103567e+01	-5.430145e+02
6.800000e-07	-1.457973e-06	-9.000471e-09	-1.033366e+01	-5.339323e+02
6.900000e-07	-1.358393e-06	-8.845270e-09	-9.627869e+00	-5.247173e+02
7.000000e-07	-1.258458e-06	-8.687050e-09	-8.919561e+00	-5.153776e+02
7.100000e-07	-1.158203e-06	-8.527416e-09	-8.208987e+00	-5.059302e+02
7.200000e-07	-1.057599e-06	-8.368066e-09	-7.495936e+00	-4.963937e+02
7.300000e-07	-9.565756e-07	-8.208977e-09	-6.779911e+00	-4.867805e+02
7.400000e-07	-8.551858e-07	-8.048674e-09	-6.061292e+00	-4.770903e+02
7.500000e-07	-7.535383e-07	-7.884834e-09	-5.340846e+00	-4.673081e+02
7.600000e-07	-6.516368e-07	-7.714972e-09	-4.618600e+00	-4.574081e+02
7.700000e-07	-5.495128e-07	-7.543032e-09	-3.894776e+00	-4.473605e+02
7.800000e-07	-4.471931e-07	-7.371807e-09	-3.169566e+00	-4.371401e+02
7.900000e-07	-3.446947e-07	-7.198960e-09	-2.443089e+00	-4.267330e+02
8.000000e-07	-2.420745e-07	-7.019989e-09	-1.715749e+00	-4.161379e+02
8.100000e-07	-1.393350e-07	-6.839092e-09	-9.875631e-01	-4.053622e+02
8.200000e-07	-3.649112e-08	-6.658705e-09	-2.586378e-01	-3.944125e+02
8.300000e-07	6.639758e-08	-6.473020e-09	4.706055e-01	-3.832848e+02
8.400000e-07	1.692410e-07	-6.280199e-09	1.199528e+00	-3.719571e+02
8.500000e-07	2.719598e-07	-6.081957e-09	1.927567e+00	-3.603890e+02
8.600000e-07	3.745715e-07	-5.881754e-09	2.654846e+00	-3.485288e+02
8.700000e-07	4.770543e-07	-5.677179e-09	3.381213e+00	-3.363281e+02
8.800000e-07	5.793547e-07	-5.463999e-09	4.106287e+00	-3.237585e+02
8.900000e-07	6.814445e-07	-5.244220e-09	4.829868e+00	-3.108249e+02
9.000000e-07	7.832809e-07	-5.022339e-09	5.551652e+00	-2.975711e+02
9.100000e-07	8.848565e-07	-4.796004e-09	6.271589e+00	-2.840737e+02
9.200000e-07	9.861160e-07	-4.563693e-09	6.989285e+00	-2.704254e+02
9.300000e-07	1.087027e-06	-4.330789e-09	7.704512e+00	-2.567125e+02
9.400000e-07	1.187620e-06	-4.100145e-09	8.417480e+00	-2.429927e+02
9.500000e-07	1.287883e-06	-3.871196e-09	9.128119e+00	-2.292809e+02
9.600000e-07	1.387698e-06	-3.637817e-09	9.835574e+00	-2.155460e+02
9.700000e-07	1.487006e-06	-3.401627e-09	1.053944e+01	-2.017213e+02
9.800000e-07	1.585774e-06	-3.164372e-09	1.123947e+01	-1.877242e+02
9.900000e-07	1.683831e-06	-2.922823e-09	1.193447e+01	-1.734773e+02
1.000000e-06	1.781118e-06	-2.676599e-09	1.262401e+01	-1.589258e+02
1.010000e-06	1.877676e-06	-2.425195e-09	1.330838e+01	-1.440440e+02
1.020000e-06	1.973526e-06	-2.168130e-09	1.398774e+01	-1.288293e+02
1.030000e-06	2.068698e-06	-1.905261e-09	1.466229e+01	-1.132871e+02
1.040000e-06	2.163172e-06	-1.635651e-09	1.533190e+01	-9.741206e+01
1.050000e-06	2.256919e-06	-1.358424e-09	1.599634e+01	-8.117341e+01
1.060000e-06	2.349958e-06	-1.076673e-09	1.665577e+01	-6.450998e+01
1.070000e-06	2.442296e-06	-7.897633e-10	1.731024e+01	-4.733659e+01
1.080000e-06	2.533848e-06	-4.930841e-10	1.795913e+01	-2.955975e+01
1.090000e-06	2.624467e-06	-1.789757e-10	1.860141e+01	-1.109662e+01
1.100000e-06	2.713954e-06	1.498783e-10	1.923567e+01	8.109804e+00
1.110000e-06	2.802253e-06	4.880808e-10	1.986150e+01	2.808488e+01
1.120000e-06	2.889560e-06	8.356185e-10	2.048031e+01	4.882766e+01
1.130000e-06	2.975976e-06	1.197086e-09	2.109280e+01	7.032489e+01
1.140000e-06	3.061425e-06	1.574900e-09	2.169843e+01	9.256761e+01
1.150000e-06	3.145948e-06	1.965756e-09	2.229751e+01	1.155634e+02
1.160000e-06	3.229496e-06	2.368200e-09	2.288967e+01	1.393387e+02
1.170000e-06	3.311883e-06	2.782659e-09	2.347360e+01	1.639297e+02
1.180000e-06	3.393035e-06	3.212376e-09	2.404878e+01	1.893641e+02
1.190000e-06	3.472944e-06	3.656160e-09	2.461515e+01	2.156409e+02
1.200000e-06	3.551642e-06	4.112940e-09	2.517294e+01	2.427141e+02
1.210000e-06	3.629068e-06	4.583071e-09	2.572171e+01	2.704872e+02
1.220000e-06	3.705225e-06	5.064749e-09	2.626149e+01	2.988184e+02
1.230000e-06	3.779865e-06	5.551411e-09	2.679051e+01	3.275371e+02
1.240000e-06	3.852866e-06	6.037062e-09	2.730792e+01	3.564621e+02
1.250000e-06	3.924425e-06	6.523525e-09	2.781511e+01	3.854182e+02
1.260000e-06	3.994592e-06	7.011721e-09	2.831243e+01	4.142445e+02
1.270000e-06	4.063469e-06	7.494252e-09	2.880061e+01	4.427938e+02
1.280000e-06	4.130985e-06	7.967721e-09	2.927914e+01	4.709245e+02
1.290000e-06	4.196919e-06	8.432171e-09	2.974646e+01	4.984926e+02
1.300000e-06	4.261238e-06	8.885009e-09	3.020233e+01	5.253470e+02
1.310000e-06	4.324122e-06	9.321952e-09	3.064804e+01	5.513337e+02
1.320000e-06	4.385626e-06	9.739263e-09	3.108396e+01	5.763071e+02
1.330000e-06	4.445803e-06	1.013796e-08	3.151048e+01	6.001466e+02
1.340000e-06	4.504457e-06	1.051952e-08	3.192620e+01	6.227713e+02
1.350000e-06	4.561281e-06	1.087915e-08	3.232894e+01	6.441472e+02
1.360000e-06	4.616389e-06	1.121500e-08	3.271954e+01	6.642837e+02
1.370000e-06	4.669844e-06	1.153081e-08	3.309841e+01	6.832213e+02
1.380000e-06	4.721466e-06	1.182904e-08	3.346429e+01	7.010126e+02
1.390000e-06	4.771029e-06	1.210813e-08	3.381558e+01	7.177055e+02
1.400000e-06	4.818645e-06	1.236690e-08	3.415306e+01	7.333330e+02
1.410000e-06	4.864644e-06	1.261007e-08	3.447909e+01	7.479126e+02
1.420000e-06	4.909165e-06	1.283946e-08	3.479464e+01	7.614557e+02
1.430000e-06	4.951949e-06	1.305205e-08	3.509788e+01	7.739805e+02
1.440000e-06	4.992789e-06	1.324292e-08	3.538734e+01	7.855232e+02
1.450000e-06	5.031830e-06	1.341738e-08	3.566405e+01	7.961427e+02
1.460000e-06	5.069198e-06	1.358154e-08	3.592891e+01	8.059152e+02
1.470000e-06	5.104936e-06	1.373203e-08	3.618220e+01	8.149220e+02
1.480000e-06	5.138788e-06	1.386846e-08	3.642214e+01	8.232338e+02
1.490000e-06	5.170661e-06	1.399427e-08	3.664805e+01	8.309001e+02
1.500000e-06	5.200763e-06	1.411070e-08	3.686140e+01	8.379457e+02
1.510000e-06	5.229193e-06	1.421489e-08	3.706290e+01	8.443779e+02
1.520000e-06	5.255734e-06	1.430854e-08	3.725101e+01	8.502001e+02
1.530000e-06	5.280193e-06	1.439564e-08	3.742437e+01	8.554270e+02
1.540000e-06	5.302784e-06	1.447549e-08	3.758449e+01	8.600941e+02
1.550000e-06	5.323720e-06	1.454710e-08	3.773288e+01	8.642581e+02
1.560000e-06	5.342901e-06	1.461069e-08	3.786883e+01	8.679869e+02
1.570000e-06	5.360118e-06	1.466736e-08	3.799085e+01	8.713431e+02
1.580000e-06	5.375409e-06	1.471683e-08	3.809924e+01	8.743685e+02
1.590000e-06	5.388739e-06	1.475913e-08	3.819372e+01	8.770744e+02
1.600000e-06	5.399873e-06	1.479637e-08	3.827263e+01	8.794442e+02
1.610000e-06	5.408888e-06	1.482905e-08	3.833653e+01	8.814460e+02
1.620000e-06	5.415959e-06	1.485557e-08	3.838664e+01	8.830517e+02
1.630000e-06	5.421222e-06	1.487704e-08	3.842394e+01	8.842551e+02
1.640000e-06	5.424768e-06	1.489352e-08	3.844907e+01	8.850817e+02
1.650000e-06	5.426309e-06	1.490337e-08	3.846000e+01	8.855855e+02
1.660000e-06	5.425853e-06	1.490951e-08	3.845676e+01	8.858346e+02
1.670000e-06	5.423708e-06	1.490909e-08	3.844156e+01	8.858902e+02
1.680000e-06	5.420004e-06	1.490315e-08	3.841531e+01	8.857866e+02
1.690000e-06	5.414487e-06	1.489623e-08	3.837621e+01	8.855212e+02
1.700000e-06	5.407018e-06	1.488759e-08	3.832327e+01	8.850583e+02
1.710000e-06	5.397911e-06	1.487492e-08	3.825872e+01	8.843447e+02
1.720000e-06	5.387204e-06	1.485195e-08	3.818283e+01	8.833340e+02
1.730000e-06	5.374712e-06	1.482383e-08	3.809430e+01	8.820076e+02
1.740000e-06	5.360243e-06	1.485287e-08	3.799174e+01	8.803873e+02
1.750000e-06	5.343538e-06	1.483558e-08	3.787334e+01	8.785326e+02
1.760000e-06	5.324424e-06	1.476493e-08	3.773787e+01	8.765238e+02
1.770000e-06	5.302754e-06	1.470513e-08	3.758428e+01	8.744371e+02
1.780000e-06	5.279058e-06	1.459250e-08	3.741633e+01	8.723206e+02
1.790000e-06	5.254216e-06	1.463923e-08	3.724025e+01	8.701789e+02
1.800000e-06	5.228168e-06	1.465070e-08	3.705564e+01	8.679734e+02
1.810000e-06	5.200326e-06	1.448764e-08	3.685830e+01	8.656361e+02
1.820000e-06	5.170638e-06	1.453483e-08	3.664788e+01	8.630939e+02
1.830000e-06	5.139206e-06	1.452758e-08	3.642510e+01	8.602932e+02
1.840000e-06	5.105806e-06	1.440982e-08	3.618837e+01	8.572170e+02
1.850000e-06	5.070717e-06	1.442522e-08	3.593967e+01	8.538886e+02
1.860000e-06	5.033978e-06	1.427213e-08	3.567928e+01	8.503611e+02
1.870000e-06	4.995291e-06	1.418713e-08	3.540507e+01	8.466973e+02
1.880000e-06	4.954863e-06	1.425046e-08	3.511854e+01	8.429469e+02
1.890000e-06	4.912675e-06	1.411602e-08	3.481952e+01	8.391309e+02
1.900000e-06	4.868880e-06	1.405912e-08	3.450912e+01	8.352363e+02
1.910000e-06	4.823506e-06	1.400393e-08	3.418751e+01	8.312240e+02
1.920000e-06	4.776073e-06	1.391374e-08	3.385133e+01	8.270460e+02
1.930000e-06	4.726841e-06	1.390766e-08	3.350239e+01	8.226645e+02
1.940000e-06	4.676089e-06	1.374583e-08	3.314267e+01	8.180665e+02
1.950000e-06	4.623470e-06	1.366627e-08	3.276972e+01	8.132688e+02
1.960000e-06	4.568797e-06	1.363857e-08	3.238222e+01	8.083113e+02
1.970000e-06	4.512270e-06	1.354400e-08	3.198157e+01	8.032427e+02
1.980000e-06	4.454241e-06	1.345307e-08	3.157028e+01	7.981030e+02
1.990000e-06	4.394847e-06	1.331388e-08	3.114931e+01	7.929109e+02
2.000000e-06	4.333864e-06	1.329518e-08	3.071709e+01	7.876588e+02
2.010000e-06	4.271125e-06	1.319706e-08	3.027241e+01	7.823175e+02
2.020000e-06	4.206787e-06	1.305433e-08	2.981640e+01	7.768489e+02
2.030000e-06	4.141041e-06	1.298872e-08	2.935042e+01	7.712205e+02
2.040000e-06	4.073915e-06	1.287865e-08	2.887465e+01	7.654172e+02
2.050000e-06	4.005296e-06	1.281995e-08	2.838830e+01	7.594457e+02
2.060000e-06	3.934955e-06	1.268086e-08	2.788974e+01	7.533307e+02
2.070000e-06	3.863126e-06	1.256699e-08	2.738064e+01	7.471051e+02
2.080000e-06	3.790025e-06	1.248937e-08	2.686253e+01	7.407973e+02
2.090000e-06	3.715526e-06	1.236395e-08	2.633450e+01	7.344212e+02
2.100000e-06	3.639693e-06	1.226395e-08	2.579702e+01	7.279724e+02
2.110000e-06	3.562232e-06	1.212682e-08	2.524800e+01	7.214309e+02
2.120000e-06	3.483218e-06	1.203937e-08	2.468797e+01	7.147700e+02
2.130000e-06	3.403107e-06	1.192685e-08	2.412017e+01	7.079669e+02
2.140000e-06	3.321873e-06	1.180130e-08	2.354441e+01	7.010113e+02
2.150000e-06	3.239484e-06	1.168339e-08	2.296046e+01	6.939093e+02
2.160000e-06	3.156072e-06	1.155560e-08	2.236926e+01	6.866809e+02
2.170000e-06	3.071622e-06	1.145420e-08	2.177071e+01	6.793520e+02
2.180000e-06	2.985817e-06	1.130781e-08	2.116255e+01	6.719450e+02
2.190000e-06	2.898755e-06	1.117957e-08	2.054547e+01	6.644708e+02
2.200000e-06	2.810755e-06	1.105763e-08	1.992176e+01	6.569245e+02
2.210000e-06	2.721827e-06	1.093510e-08	1.929147e+01	6.492873e+02
2.220000e-06	2.632004e-06	1.080037e-08	1.865483e+01	6.415335e+02
2.230000e-06	2.541304e-06	1.065327e-08	1.801198e+01	6.336392e+02
2.240000e-06	2.449893e-06	1.053372e-08	1.736408e+01	6.255908e+02
2.250000e-06	2.357784e-06	1.040038e-08	1.671124e+01	6.173894e+02
2.260000e-06	2.264716e-06	1.025567e-08	1.605160e+01	6.090507e+02
2.270000e-06	2.170474e-06	1.010344e-08	1.538365e+01	6.005992e+02
2.280000e-06	2.075257e-06	9.963571e-09	1.470878e+01	5.920606e+02
2.290000e-06	1.979487e-06	9.828057e-09	1.402999e+01	5.834526e+02
2.300000e-06	1.883193e-06	9.672065e-09	1.334749e+01	5.747804e+02
2.310000e-06	1.786233e-06	9.514200e-09	1.266027e+01	5.660354e+02
2.320000e-06	1.688622e-06	9.369516e-09	1.196843e+01	5.571992e+02
2.330000e-06	1.590449e-06	9.227226e-09	1.127261e+01	5.482506e+02
2.340000e-06	1.491765e-06	9.071376e-09	1.057317e+01	5.391739e+02
2.350000e-06	1.392669e-06	8.910449e-09	9.870804e+00	5.299643e+02
2.360000e-06	1.293194e-06	8.758886e-09	9.165758e+00	5.206296e+02
2.370000e-06	1.193385e-06	8.605776e-09	8.458342e+00	5.111865e+02
2.380000e-06	1.093230e-06	8.435415e-09	7.748473e+00	5.016537e+02
2.390000e-06	9.926018e-07	8.264412e-09	7.035254e+00	4.920440e+02
2.400000e-06	8.915135e-07	8.104806e-09	6.318772e+00	4.823574e+02
2.410000e-06	7.899990e-07	7.949458e-09	5.599268e+00	4.725797e+02
2.420000e-06	6.880559e-07	7.780615e-09	4.876727e+00	4.626852e+02
2.430000e-06	5.857704e-07	7.606645e-09	4.151759e+00	4.526441e+02
2.440000e-06	4.832079e-07	7.440548e-09	3.424828e+00	4.424310e+02
2.450000e-06	3.804680e-07	7.267743e-09	2.696639e+00	4.320314e+02
2.460000e-06	2.776086e-07	7.082364e-09	1.967603e+00	4.214437e+02
2.470000e-06	1.746068e-07	6.892351e-09	1.237559e+00	4.106751e+02
2.480000e-06	7.151514e-08	6.711244e-09	5.068772e-01	3.997323e+02
2.490000e-06	-3.155793e-08	6.530514e-09	-2.236728e-01	3.886120e+02
2.500000e-06	-1.345548e-07	6.336838e-09	-9.536824e-01	3.772929e+02
2.510000e-06	-2.374618e-07	6.136639e-09	-1.683056e+00	3.657350e+02
2.520000e-06	-3.402619e-07	5.940006e-09	-2.411671e+00	3.538869e+02
2.530000e-06	-4.429579e-07	5.744229e-09	-3.139548e+00	3.416998e+02
2.540000e-06	-5.454648e-07	5.534051e-09	-3.866086e+00	3.291442e+02
2.550000e-06	-6.476552e-07	5.310486e-09	-4.590379e+00	3.162239e+02
2.560000e-06	-7.494338e-07	5.085255e-09	-5.311755e+00	3.029812e+02
2.570000e-06	-8.508074e-07	4.861866e-09	-6.030259e+00	2.894917e+02
2.580000e-06	-9.517950e-07	4.633345e-09	-6.746028e+00	2.758479e+02
2.590000e-06	-1.052330e-06	4.397880e-09	-7.458589e+00	2.621368e+02
2.600000e-06	-1.152437e-06	4.169166e-09	-8.168114e+00	2.484176e+02
2.610000e-06	-1.252137e-06	3.947765e-09	-8.874762e+00	2.347065e+02
2.620000e-06	-1.351447e-06	3.719632e-09	-9.578639e+00	2.209742e+02
2.630000e-06	-1.450329e-06	3.481504e-09	-1.027948e+01	2.071549e+02
2.640000e-06	-1.548760e-06	3.241962e-09	-1.097713e+01	1.931661e+02
2.650000e-06	-1.646719e-06	3.005138e-09	-1.167144e+01	1.789300e+02
2.660000e-06	-1.744126e-06	2.762836e-09	-1.236183e+01	1.643908e+02
2.670000e-06	-1.840963e-06	2.509994e-09	-1.304818e+01	1.495218e+02
2.680000e-06	-1.937202e-06	2.255947e-09	-1.373029e+01	1.343196e+02
2.690000e-06	-2.032861e-06	2.004331e-09	-1.440829e+01	1.187899e+02
2.700000e-06	-2.127940e-06	1.745010e-09	-1.508218e+01	1.029278e+02
2.710000e-06	-2.222187e-06	1.469352e-09	-1.575017e+01	8.670381e+01
2.720000e-06	-2.315365e-06	1.182783e-09	-1.641059e+01	7.005769e+01
2.730000e-06	-2.407569e-06	8.938977e-10	-1.706410e+01	5.290490e+01
2.740000e-06	-2.498957e-06	5.973440e-10	-1.771184e+01	3.515192e+01
2.750000e-06	-2.589498e-06	2.841418e-10	-1.835356e+01	1.671524e+01
2.760000e-06	-2.679086e-06	-4.064786e-11	-1.898853e+01	-2.463239e+00
2.770000e-06	-2.767738e-06	-3.686791e-10	-1.961687e+01	-2.240998e+01
2.780000e-06	-2.855528e-06	-7.068328e-10	-2.023910e+01	-4.312478e+01
2.790000e-06	-2.942396e-06	-1.067358e-09	-2.085479e+01	-6.459451e+01
2.800000e-06	-3.028160e-06	-1.446790e-09	-2.146266e+01	-8.680982e+01
2.810000e-06	-3.112683e-06	-1.833953e-09	-2.206173e+01	-1.097776e+02
2.820000e-06	-3.196026e-06	-2.231447e-09	-2.265244e+01	-1.335237e+02
2.830000e-06	-3.278279e-06	-2.646142e-09	-2.323542e+01	-1.580841e+02
2.840000e-06	-3.359430e-06	-3.075859e-09	-2.381060e+01	-1.834874e+02
2.850000e-06	-3.439523e-06	-3.513944e-09	-2.437828e+01	-2.097339e+02
2.860000e-06	-3.518335e-06	-3.960934e-09	-2.493687e+01	-2.367793e+02
2.870000e-06	-3.595634e-06	-4.424026e-09	-2.548474e+01	-2.645288e+02
2.880000e-06	-3.671473e-06	-4.901407e-09	-2.602226e+01	-2.928421e+02
2.890000e-06	-3.745916e-06	-5.383441e-09	-2.654989e+01	-3.215493e+02
2.900000e-06	-3.819015e-06	-5.868036e-09	-2.706799e+01	-3.504692e+02
2.910000e-06	-3.890875e-06	-6.357415e-09	-2.757731e+01	-3.794263e+02
2.920000e-06	-3.961315e-06	-6.846602e-09	-2.807657e+01	-4.082591e+02
2.930000e-06	-4.030142e-06	-7.325976e-09	-2.856440e+01	-4.368199e+02
2.940000e-06	-4.097519e-06	-7.793987e-09	-2.904195e+01	-4.649672e+02
2.950000e-06	-4.163550e-06	-8.257689e-09	-2.950995e+01	-4.925572e+02
2.960000e-06	-4.228225e-06	-8.714207e-09	-2.996835e+01	-5.194391e+02
2.970000e-06	-4.291468e-06	-9.153204e-09	-3.041660e+01	-5.454585e+02
2.980000e-06	-4.353025e-06	-9.572851e-09	-3.085289e+01	-5.704696e+02
2.990000e-06	-4.412858e-06	-9.975733e-09	-3.127697e+01	-5.943505e+02
3.000000e-06	-4.471187e-06	-1.036160e-08	-3.169039e+01	-6.170187e+02
3.010000e-06	-4.528066e-06	-1.072567e-08	-3.209353e+01	-6.384384e+02
3.020000e-06	-4.583345e-06	-1.106693e-08	-3.248533e+01	-6.586179e+02
3.030000e-06	-4.636767e-06	-1.138723e-08	-3.286397e+01	-6.775967e+02
3.040000e-06	-4.688293e-06	-1.168977e-08	-3.322917e+01	-6.954273e+02
3.050000e-06	-4.737940e-06	-1.197279e-08	-3.358105e+01	-7.121580e+02
3.060000e-06	-4.785581e-06	-1.223739e-08	-3.391872e+01	-7.278223e+02
3.070000e-06	-4.831393e-06	-1.248702e-08	-3.424342e+01	-7.424384e+02
3.080000e-06	-4.875654e-06	-1.272088e-08	-3.455712e+01	-7.560175e+02
3.090000e-06	-4.918396e-06	-1.293390e-08	-3.486007e+01	-7.685774e+02
3.100000e-06	-4.959547e-06	-1.312647e-08	-3.515173e+01	-7.801535e+02
3.110000e-06	-4.999123e-06	-1.330603e-08	-3.543224e+01	-7.908039e+02
3.120000e-06	-5.036867e-06	-1.347515e-08	-3.569976e+01	-8.006046e+02
3.130000e-06	-5.072664e-06	-1.363159e-08	-3.595347e+01	-8.096366e+02
3.140000e-06	-5.106761e-06	-1.377453e-08	-3.619514e+01	-8.179715e+02
3.150000e-06	-5.139177e-06	-1.390771e-08	-3.642490e+01	-8.256595e+02
3.160000e-06	-5.169703e-06	-1.403042e-08	-3.664126e+01	-8.327263e+02
3.170000e-06	-5.198273e-06	-1.414151e-08	-3.684375e+01	-8.391796e+02
3.180000e-06	-5.225034e-06	-1.423989e-08	-3.703343e+01	-8.450226e+02
3.190000e-06	-5.249989e-06	-1.432916e-08	-3.721029e+01	-8.502695e+02
3.200000e-06	-5.273043e-06	-1.441169e-08	-3.737370e+01	-8.549550e+02
3.210000e-06	-5.294129e-06	-1.448458e-08	-3.752315e+01	-8.591351e+02
3.220000e-06	-5.313364e-06	-1.454754e-08	-3.765948e+01	-8.628774e+02
3.230000e-06	-5.330859e-06	-1.460310e-08	-3.778348e+01	-8.662453e+02
3.240000e-06	-5.346508e-06	-1.465396e-08	-3.789439e+01	-8.692813e+02
3.250000e-06	-5.359931e-06	-1.470138e-08	-3.798953e+01	-8.719981e+02
3.260000e-06	-5.371183e-06	-1.474375e-08	-3.806928e+01	-8.743796e+02
3.270000e-06	-5.380595e-06	-1.477961e-08	-3.813599e+01	-8.763943e+02
3.280000e-06	-5.388154e-06	-1.480778e-08	-3.818957e+01	-8.780136e+02
3.290000e-06	-5.393664e-06	-1.482883e-08	-3.822862e+01	-8.792304e+02
3.300000e-06	-5.397258e-06	-1.484461e-08	-3.825410e+01	-8.800689e+02
3.310000e-06	-5.399151e-06	-1.485495e-08	-3.826751e+01	-8.805823e+02
3.320000e-06	-5.399275e-06	-1.485647e-08	-3.826839e+01	-8.808386e+02
