# Temperatura_=_50.37
# Concentracion g/m^3_=_20000.0
# C_Vs_to_Am_M_A/Vsm_=_59384043850.047264
# pendiente_HvsI_1/m_=_3716.3
# ordenada_HvsI_A/m_=_1297.0
# frecuencia_Hz_=_301130.73902354867

Tiempo_(s)	Campo_(V.s)	Magnetizacion_(V.s)	Campo_(kA/m)	Magnetizacion_(A/m)
0.000000e+00	-5.396062e-06	-1.426944e-08	-3.825920e+01	-8.461336e+02
1.000000e-08	-5.393649e-06	-1.427035e-08	-3.824208e+01	-8.462527e+02
2.000000e-08	-5.389366e-06	-1.426941e-08	-3.821172e+01	-8.461838e+02
3.000000e-08	-5.383477e-06	-1.426397e-08	-3.816997e+01	-8.459032e+02
4.000000e-08	-5.376003e-06	-1.425432e-08	-3.811697e+01	-8.453737e+02
5.000000e-08	-5.366697e-06	-1.423904e-08	-3.805099e+01	-8.445613e+02
6.000000e-08	-5.355277e-06	-1.422722e-08	-3.797002e+01	-8.434523e+02
7.000000e-08	-5.341866e-06	-1.421886e-08	-3.787493e+01	-8.420622e+02
8.000000e-08	-5.326311e-06	-1.415351e-08	-3.776464e+01	-8.404358e+02
9.000000e-08	-5.308280e-06	-1.407815e-08	-3.763680e+01	-8.386359e+02
1.000000e-07	-5.288089e-06	-1.407703e-08	-3.749365e+01	-8.367256e+02
1.100000e-07	-5.266113e-06	-1.407437e-08	-3.733783e+01	-8.347502e+02
1.200000e-07	-5.242583e-06	-1.407774e-08	-3.717100e+01	-8.327235e+02
1.300000e-07	-5.217935e-06	-1.407393e-08	-3.699624e+01	-8.306260e+02
1.400000e-07	-5.191696e-06	-1.391077e-08	-3.681020e+01	-8.284120e+02
1.500000e-07	-5.163415e-06	-1.390026e-08	-3.660968e+01	-8.260258e+02
1.600000e-07	-5.133591e-06	-1.396563e-08	-3.639822e+01	-8.234198e+02
1.700000e-07	-5.102214e-06	-1.378603e-08	-3.617575e+01	-8.205689e+02
1.800000e-07	-5.068700e-06	-1.372270e-08	-3.593813e+01	-8.174759e+02
1.900000e-07	-5.033213e-06	-1.370007e-08	-3.568652e+01	-8.141686e+02
2.000000e-07	-4.996192e-06	-1.362787e-08	-3.542403e+01	-8.106877e+02
2.100000e-07	-4.957469e-06	-1.364977e-08	-3.514948e+01	-8.070724e+02
2.200000e-07	-4.917054e-06	-1.354498e-08	-3.486293e+01	-8.033480e+02
2.300000e-07	-4.874713e-06	-1.342172e-08	-3.456272e+01	-7.995197e+02
2.400000e-07	-4.830375e-06	-1.341512e-08	-3.424836e+01	-7.955742e+02
2.500000e-07	-4.784347e-06	-1.333261e-08	-3.392201e+01	-7.914881e+02
2.600000e-07	-4.736515e-06	-1.325448e-08	-3.358287e+01	-7.872387e+02
2.700000e-07	-4.686791e-06	-1.315351e-08	-3.323032e+01	-7.828137e+02
2.800000e-07	-4.635021e-06	-1.306768e-08	-3.286326e+01	-7.782162e+02
2.900000e-07	-4.581262e-06	-1.305183e-08	-3.248210e+01	-7.734632e+02
3.000000e-07	-4.525854e-06	-1.295626e-08	-3.208924e+01	-7.685791e+02
3.100000e-07	-4.468920e-06	-1.283270e-08	-3.168557e+01	-7.635873e+02
3.200000e-07	-4.410277e-06	-1.274663e-08	-3.126977e+01	-7.585021e+02
3.300000e-07	-4.349938e-06	-1.270632e-08	-3.084196e+01	-7.533252e+02
3.400000e-07	-4.288202e-06	-1.260580e-08	-3.040424e+01	-7.480463e+02
3.500000e-07	-4.225117e-06	-1.247061e-08	-2.995695e+01	-7.426483e+02
3.600000e-07	-4.160587e-06	-1.240168e-08	-2.949942e+01	-7.371141e+02
3.700000e-07	-4.094380e-06	-1.231922e-08	-2.903000e+01	-7.314327e+02
3.800000e-07	-4.026410e-06	-1.221861e-08	-2.854808e+01	-7.256024e+02
3.900000e-07	-3.956990e-06	-1.210814e-08	-2.805588e+01	-7.196311e+02
4.000000e-07	-3.886355e-06	-1.199263e-08	-2.755506e+01	-7.135326e+02
4.100000e-07	-3.814418e-06	-1.190842e-08	-2.704501e+01	-7.073226e+02
4.200000e-07	-3.741094e-06	-1.180773e-08	-2.652513e+01	-7.010135e+02
4.300000e-07	-3.666165e-06	-1.168846e-08	-2.599387e+01	-6.946126e+02
4.400000e-07	-3.589589e-06	-1.157227e-08	-2.545093e+01	-6.881213e+02
4.500000e-07	-3.511618e-06	-1.147292e-08	-2.489810e+01	-6.815366e+02
4.600000e-07	-3.432373e-06	-1.136578e-08	-2.433623e+01	-6.748533e+02
4.700000e-07	-3.351778e-06	-1.123238e-08	-2.376480e+01	-6.680666e+02
4.800000e-07	-3.269815e-06	-1.111633e-08	-2.318366e+01	-6.611734e+02
4.900000e-07	-3.186723e-06	-1.100911e-08	-2.259452e+01	-6.541723e+02
5.000000e-07	-3.102656e-06	-1.090189e-08	-2.199847e+01	-6.470631e+02
5.100000e-07	-3.017726e-06	-1.077613e-08	-2.139630e+01	-6.398461e+02
5.200000e-07	-2.931858e-06	-1.064534e-08	-2.078748e+01	-6.325212e+02
5.300000e-07	-2.845013e-06	-1.052369e-08	-2.017173e+01	-6.250878e+02
5.400000e-07	-2.757178e-06	-1.039451e-08	-1.954896e+01	-6.175451e+02
5.500000e-07	-2.668344e-06	-1.025963e-08	-1.891911e+01	-6.098926e+02
5.600000e-07	-2.578600e-06	-1.012479e-08	-1.828281e+01	-6.021302e+02
5.700000e-07	-2.487749e-06	-1.000694e-08	-1.763865e+01	-5.942587e+02
5.800000e-07	-2.395832e-06	-9.882423e-09	-1.698694e+01	-5.862796e+02
5.900000e-07	-2.303213e-06	-9.739014e-09	-1.633025e+01	-5.781952e+02
6.000000e-07	-2.209922e-06	-9.594162e-09	-1.566880e+01	-5.700080e+02
6.100000e-07	-2.115838e-06	-9.455280e-09	-1.500173e+01	-5.617210e+02
6.200000e-07	-2.020966e-06	-9.315706e-09	-1.432907e+01	-5.533370e+02
6.300000e-07	-1.925357e-06	-9.168095e-09	-1.365118e+01	-5.448592e+02
6.400000e-07	-1.829099e-06	-9.025361e-09	-1.296869e+01	-5.362900e+02
6.500000e-07	-1.732218e-06	-8.889168e-09	-1.228178e+01	-5.276310e+02
6.600000e-07	-1.634686e-06	-8.747634e-09	-1.159026e+01	-5.188828e+02
6.700000e-07	-1.536423e-06	-8.593399e-09	-1.089355e+01	-5.100451e+02
6.800000e-07	-1.437422e-06	-8.437678e-09	-1.019162e+01	-5.011168e+02
6.900000e-07	-1.337783e-06	-8.288156e-09	-9.485158e+00	-4.920970e+02
7.000000e-07	-1.237624e-06	-8.137740e-09	-8.775007e+00	-4.829846e+02
7.100000e-07	-1.137115e-06	-7.982068e-09	-8.062380e+00	-4.737788e+02
7.200000e-07	-1.036307e-06	-7.823593e-09	-7.347629e+00	-4.644775e+02
7.300000e-07	-9.352209e-07	-7.669441e-09	-6.630910e+00	-4.550766e+02
7.400000e-07	-8.339084e-07	-7.514997e-09	-5.912582e+00	-4.455686e+02
7.500000e-07	-7.322742e-07	-7.351627e-09	-5.191976e+00	-4.359427e+02
7.600000e-07	-6.303245e-07	-7.181638e-09	-4.469131e+00	-4.261859e+02
7.700000e-07	-5.281419e-07	-7.014911e-09	-3.744635e+00	-4.162853e+02
7.800000e-07	-4.257333e-07	-6.849926e-09	-3.018537e+00	-4.062306e+02
7.900000e-07	-3.232196e-07	-6.678075e-09	-2.291694e+00	-3.960161e+02
8.000000e-07	-2.206342e-07	-6.498062e-09	-1.564342e+00	-3.856401e+02
8.100000e-07	-1.179831e-07	-6.321146e-09	-8.365247e-01	-3.751023e+02
8.200000e-07	-1.535301e-08	-6.148636e-09	-1.088560e-01	-3.643985e+02
8.300000e-07	8.727042e-08	-5.966086e-09	6.187653e-01	-3.535157e+02
8.400000e-07	1.899520e-07	-5.772719e-09	1.346799e+00	-3.424283e+02
8.500000e-07	2.925963e-07	-5.579292e-09	2.074568e+00	-3.310994e+02
8.600000e-07	3.951066e-07	-5.389027e-09	2.801388e+00	-3.194868e+02
8.700000e-07	4.974693e-07	-5.189590e-09	3.527160e+00	-3.075531e+02
8.800000e-07	5.996704e-07	-4.976432e-09	4.251787e+00	-2.952777e+02
8.900000e-07	7.016833e-07	-4.762273e-09	4.975079e+00	-2.826674e+02
9.000000e-07	8.034004e-07	-4.551142e-09	5.696274e+00	-2.697598e+02
9.100000e-07	9.048148e-07	-4.330355e-09	6.415324e+00	-2.566198e+02
9.200000e-07	1.005945e-06	-4.099041e-09	7.132359e+00	-2.433269e+02
9.300000e-07	1.106811e-06	-3.872048e-09	7.847518e+00	-2.299583e+02
9.400000e-07	1.207379e-06	-3.654381e-09	8.560566e+00	-2.165711e+02
9.500000e-07	1.307529e-06	-3.433047e-09	9.270652e+00	-2.031886e+02
9.600000e-07	1.407234e-06	-3.200400e-09	9.977582e+00	-1.897966e+02
9.700000e-07	1.506355e-06	-2.967944e-09	1.068037e+01	-1.763486e+02
9.800000e-07	1.604787e-06	-2.742090e-09	1.137827e+01	-1.627794e+02
9.900000e-07	1.702572e-06	-2.512027e-09	1.207159e+01	-1.490218e+02
1.000000e-06	1.799631e-06	-2.270835e-09	1.275976e+01	-1.350213e+02
1.010000e-06	1.896001e-06	-2.026706e-09	1.344304e+01	-1.207440e+02
1.020000e-06	1.991732e-06	-1.784849e-09	1.412179e+01	-1.061757e+02
1.030000e-06	2.086745e-06	-1.537516e-09	1.479546e+01	-9.131218e+01
1.040000e-06	2.181038e-06	-1.278209e-09	1.546401e+01	-7.614724e+01
1.050000e-06	2.274614e-06	-1.012834e-09	1.612748e+01	-6.066029e+01
1.060000e-06	2.367486e-06	-7.480546e-10	1.678596e+01	-4.481053e+01
1.070000e-06	2.459646e-06	-4.767907e-10	1.743939e+01	-2.853867e+01
1.080000e-06	2.551009e-06	-1.898004e-10	1.808718e+01	-1.177561e+01
1.090000e-06	2.641348e-06	1.072341e-10	1.872770e+01	5.545210e+00
1.100000e-06	2.730524e-06	4.091509e-10	1.935998e+01	2.347666e+01
1.110000e-06	2.818660e-06	7.198951e-10	1.998488e+01	4.205185e+01
1.120000e-06	2.905850e-06	1.042985e-09	2.060308e+01	6.128491e+01
1.130000e-06	2.992077e-06	1.378119e-09	2.121445e+01	8.117782e+01
1.140000e-06	3.077314e-06	1.722584e-09	2.181879e+01	1.017297e+02
1.150000e-06	3.161623e-06	2.079813e-09	2.241656e+01	1.229446e+02
1.160000e-06	3.244927e-06	2.452903e-09	2.300720e+01	1.448337e+02
1.170000e-06	3.326976e-06	2.836938e-09	2.358895e+01	1.674115e+02
1.180000e-06	3.407750e-06	3.228456e-09	2.416165e+01	1.906860e+02
1.190000e-06	3.487364e-06	3.630413e-09	2.472613e+01	2.146478e+02
1.200000e-06	3.565786e-06	4.045969e-09	2.528216e+01	2.392606e+02
1.210000e-06	3.642939e-06	4.472118e-09	2.582919e+01	2.644575e+02
1.220000e-06	3.718736e-06	4.905144e-09	2.636660e+01	2.901434e+02
1.230000e-06	3.792976e-06	5.346016e-09	2.689298e+01	3.162032e+02
1.240000e-06	3.865659e-06	5.792835e-09	2.740832e+01	3.425109e+02
1.250000e-06	3.936958e-06	6.240065e-09	2.791385e+01	3.689377e+02
1.260000e-06	4.006887e-06	6.683762e-09	2.840965e+01	3.953561e+02
1.270000e-06	4.075500e-06	7.124669e-09	2.889613e+01	4.216391e+02
1.280000e-06	4.142728e-06	7.564817e-09	2.937280e+01	4.476572e+02
1.290000e-06	4.208286e-06	7.998713e-09	2.983762e+01	4.732754e+02
1.300000e-06	4.272270e-06	8.420210e-09	3.029128e+01	4.983534e+02
1.310000e-06	4.334865e-06	8.830666e-09	3.073509e+01	5.227509e+02
1.320000e-06	4.396056e-06	9.229591e-09	3.116894e+01	5.463365e+02
1.330000e-06	4.455921e-06	9.611137e-09	3.159340e+01	5.689987e+02
1.340000e-06	4.514160e-06	9.971363e-09	3.200633e+01	5.906549e+02
1.350000e-06	4.570588e-06	1.031326e-08	3.240641e+01	6.112552e+02
1.360000e-06	4.625386e-06	1.064134e-08	3.279494e+01	6.307805e+02
1.370000e-06	4.678497e-06	1.095264e-08	3.317151e+01	6.492347e+02
1.380000e-06	4.729683e-06	1.124475e-08	3.353443e+01	6.666349e+02
1.390000e-06	4.778813e-06	1.151789e-08	3.388277e+01	6.830024e+02
1.400000e-06	4.826120e-06	1.177359e-08	3.421819e+01	6.983575e+02
1.410000e-06	4.871820e-06	1.201491e-08	3.454221e+01	7.127193e+02
1.420000e-06	4.915968e-06	1.223918e-08	3.485522e+01	7.261089e+02
1.430000e-06	4.958259e-06	1.244585e-08	3.515508e+01	7.385545e+02
1.440000e-06	4.998616e-06	1.263644e-08	3.544122e+01	7.500936e+02
1.450000e-06	5.037301e-06	1.281478e-08	3.571550e+01	7.607727e+02
1.460000e-06	5.074379e-06	1.298122e-08	3.597839e+01	7.706428e+02
1.470000e-06	5.109797e-06	1.313366e-08	3.622951e+01	7.797529e+02
1.480000e-06	5.143199e-06	1.327234e-08	3.646634e+01	7.881445e+02
1.490000e-06	5.174654e-06	1.340017e-08	3.668937e+01	7.958498e+02
1.500000e-06	5.204489e-06	1.351638e-08	3.690090e+01	8.028938e+02
1.510000e-06	5.232687e-06	1.361761e-08	3.710083e+01	8.093003e+02
1.520000e-06	5.258890e-06	1.371044e-08	3.728661e+01	8.150990e+02
1.530000e-06	5.283003e-06	1.380002e-08	3.745758e+01	8.203295e+02
1.540000e-06	5.305320e-06	1.388304e-08	3.761581e+01	8.250409e+02
1.550000e-06	5.325933e-06	1.395540e-08	3.776196e+01	8.292859e+02
1.560000e-06	5.344735e-06	1.402047e-08	3.789527e+01	8.331111e+02
1.570000e-06	5.361586e-06	1.408012e-08	3.801475e+01	8.365490e+02
1.580000e-06	5.376431e-06	1.412948e-08	3.812001e+01	8.396123e+02
1.590000e-06	5.389297e-06	1.416787e-08	3.821123e+01	8.422967e+02
1.600000e-06	5.399990e-06	1.420119e-08	3.828704e+01	8.445892e+02
1.610000e-06	5.408519e-06	1.423455e-08	3.834751e+01	8.464801e+02
1.620000e-06	5.415211e-06	1.426312e-08	3.839497e+01	8.479752e+02
1.630000e-06	5.420177e-06	1.428251e-08	3.843017e+01	8.491016e+02
1.640000e-06	5.423292e-06	1.429599e-08	3.845226e+01	8.499051e+02
1.650000e-06	5.424384e-06	1.430741e-08	3.846000e+01	8.504406e+02
1.660000e-06	5.423613e-06	1.431767e-08	3.845454e+01	8.507571e+02
1.670000e-06	5.421193e-06	1.431631e-08	3.843738e+01	8.508839e+02
1.680000e-06	5.417177e-06	1.430897e-08	3.840891e+01	8.508233e+02
1.690000e-06	5.411261e-06	1.430308e-08	3.836696e+01	8.505521e+02
1.700000e-06	5.403444e-06	1.429414e-08	3.831154e+01	8.500332e+02
1.710000e-06	5.394096e-06	1.427719e-08	3.824525e+01	8.492326e+02
1.720000e-06	5.383078e-06	1.424307e-08	3.816713e+01	8.481353e+02
1.730000e-06	5.370124e-06	1.423448e-08	3.807529e+01	8.467558e+02
1.740000e-06	5.355151e-06	1.428548e-08	3.796913e+01	8.451380e+02
1.750000e-06	5.337976e-06	1.425232e-08	3.784735e+01	8.433444e+02
1.760000e-06	5.318319e-06	1.417678e-08	3.770798e+01	8.414384e+02
1.770000e-06	5.296176e-06	1.408776e-08	3.755098e+01	8.394660e+02
1.780000e-06	5.272205e-06	1.398469e-08	3.738102e+01	8.374425e+02
1.790000e-06	5.247198e-06	1.410710e-08	3.720372e+01	8.353494e+02
1.800000e-06	5.220917e-06	1.405676e-08	3.701738e+01	8.331417e+02
1.810000e-06	5.192680e-06	1.386969e-08	3.681717e+01	8.307638e+02
1.820000e-06	5.162608e-06	1.399078e-08	3.660396e+01	8.281675e+02
1.830000e-06	5.130824e-06	1.394038e-08	3.637860e+01	8.253266e+02
1.840000e-06	5.097121e-06	1.383300e-08	3.613964e+01	8.222431e+02
1.850000e-06	5.061803e-06	1.385809e-08	3.588923e+01	8.189440e+02
1.860000e-06	5.024756e-06	1.365432e-08	3.562656e+01	8.154698e+02
1.870000e-06	4.985730e-06	1.362827e-08	3.534985e+01	8.118600e+02
1.880000e-06	4.945003e-06	1.368436e-08	3.506109e+01	8.081405e+02
1.890000e-06	4.902539e-06	1.351575e-08	3.476001e+01	8.043172e+02
1.900000e-06	4.858449e-06	1.348454e-08	3.444741e+01	8.003775e+02
1.910000e-06	4.812674e-06	1.340420e-08	3.412285e+01	7.962981e+02
1.920000e-06	4.764870e-06	1.336270e-08	3.378391e+01	7.920560e+02
1.930000e-06	4.715368e-06	1.333193e-08	3.343293e+01	7.876386e+02
1.940000e-06	4.664196e-06	1.311305e-08	3.307011e+01	7.830482e+02
1.950000e-06	4.611101e-06	1.310002e-08	3.269366e+01	7.783015e+02
1.960000e-06	4.556091e-06	1.306980e-08	3.230363e+01	7.734229e+02
1.970000e-06	4.499279e-06	1.295848e-08	3.190082e+01	7.684358e+02
1.980000e-06	4.441049e-06	1.285530e-08	3.148796e+01	7.633551e+02
1.990000e-06	4.381401e-06	1.273362e-08	3.106504e+01	7.581827e+02
2.000000e-06	4.320075e-06	1.273884e-08	3.063022e+01	7.529090e+02
2.010000e-06	4.257059e-06	1.259570e-08	3.018343e+01	7.475168e+02
2.020000e-06	4.192517e-06	1.246412e-08	2.972581e+01	7.419889e+02
2.030000e-06	4.126575e-06	1.240489e-08	2.925827e+01	7.363140e+02
2.040000e-06	4.059120e-06	1.230454e-08	2.878000e+01	7.304901e+02
2.050000e-06	3.990201e-06	1.224468e-08	2.829135e+01	7.245249e+02
2.060000e-06	3.919785e-06	1.207714e-08	2.779208e+01	7.184319e+02
2.070000e-06	3.847831e-06	1.198837e-08	2.728192e+01	7.122268e+02
2.080000e-06	3.774467e-06	1.191223e-08	2.676175e+01	7.059223e+02
2.090000e-06	3.699706e-06	1.178635e-08	2.623168e+01	6.995259e+02
2.100000e-06	3.623559e-06	1.167331e-08	2.569178e+01	6.930391e+02
2.110000e-06	3.545827e-06	1.153892e-08	2.514065e+01	6.864589e+02
2.120000e-06	3.466559e-06	1.147268e-08	2.457862e+01	6.797804e+02
2.130000e-06	3.386058e-06	1.134476e-08	2.400785e+01	6.729988e+02
2.140000e-06	3.304475e-06	1.121509e-08	2.342941e+01	6.661106e+02
2.150000e-06	3.221852e-06	1.109678e-08	2.284359e+01	6.591146e+02
2.160000e-06	3.138158e-06	1.098378e-08	2.225019e+01	6.520105e+02
2.170000e-06	3.053402e-06	1.087795e-08	2.164925e+01	6.447985e+02
2.180000e-06	2.967403e-06	1.072246e-08	2.103950e+01	6.374786e+02
2.190000e-06	2.880134e-06	1.060566e-08	2.042075e+01	6.300503e+02
2.200000e-06	2.791897e-06	1.049140e-08	1.979513e+01	6.225128e+02
2.210000e-06	2.702798e-06	1.036961e-08	1.916339e+01	6.148654e+02
2.220000e-06	2.612804e-06	1.021960e-08	1.852532e+01	6.071081e+02
2.230000e-06	2.521931e-06	1.007529e-08	1.788101e+01	5.992417e+02
2.240000e-06	2.430223e-06	9.964415e-09	1.723079e+01	5.912677e+02
2.250000e-06	2.337713e-06	9.829777e-09	1.657487e+01	5.831882e+02
2.260000e-06	2.244379e-06	9.682543e-09	1.591311e+01	5.750058e+02
2.270000e-06	2.150092e-06	9.537775e-09	1.524460e+01	5.667235e+02
2.280000e-06	2.054824e-06	9.411846e-09	1.456912e+01	5.583442e+02
2.290000e-06	1.958867e-06	9.274277e-09	1.388877e+01	5.498709e+02
2.300000e-06	1.862424e-06	9.110356e-09	1.320497e+01	5.413061e+02
2.310000e-06	1.765395e-06	8.955500e-09	1.251702e+01	5.326515e+02
2.320000e-06	1.667720e-06	8.820282e-09	1.182448e+01	5.239077e+02
2.330000e-06	1.569555e-06	8.678183e-09	1.112847e+01	5.150744e+02
2.340000e-06	1.470940e-06	8.516828e-09	1.042927e+01	5.061506e+02
2.350000e-06	1.371715e-06	8.359317e-09	9.725745e+00	4.971352e+02
2.360000e-06	1.271907e-06	8.220337e-09	9.018084e+00	4.880274e+02
2.370000e-06	1.171749e-06	8.072761e-09	8.307939e+00	4.788261e+02
2.380000e-06	1.071337e-06	7.900575e-09	7.595999e+00	4.695295e+02
2.390000e-06	9.706183e-07	7.731453e-09	6.881884e+00	4.601335e+02
2.400000e-06	8.695638e-07	7.578628e-09	6.165387e+00	4.506307e+02
2.410000e-06	7.681140e-07	7.425290e-09	5.446087e+00	4.410105e+02
2.420000e-06	6.663205e-07	7.251094e-09	4.724350e+00	4.312598e+02
2.430000e-06	5.642943e-07	7.079156e-09	4.000963e+00	4.213657e+02
2.440000e-06	4.619547e-07	6.921777e-09	3.275354e+00	4.113178e+02
2.450000e-06	3.592996e-07	6.755932e-09	2.547508e+00	4.011103e+02
2.460000e-06	2.565054e-07	6.571739e-09	1.818676e+00	3.907413e+02
2.470000e-06	1.536503e-07	6.384441e-09	1.089412e+00	3.802105e+02
2.480000e-06	5.073778e-08	6.211631e-09	3.597413e-01	3.695140e+02
2.490000e-06	-5.218954e-08	6.035080e-09	-3.700346e-01	3.586391e+02
2.500000e-06	-1.551101e-07	5.840117e-09	-1.099763e+00	3.475608e+02
2.510000e-06	-2.579277e-07	5.640583e-09	-1.828761e+00	3.362425e+02
2.520000e-06	-3.605443e-07	5.452258e-09	-2.556333e+00	3.246420e+02
2.530000e-06	-4.629943e-07	5.264750e-09	-3.282725e+00	3.127214e+02
2.540000e-06	-5.652513e-07	5.057255e-09	-4.007748e+00	3.004596e+02
2.550000e-06	-6.671732e-07	4.838295e-09	-4.730395e+00	2.878619e+02
2.560000e-06	-7.687709e-07	4.621671e-09	-5.450744e+00	2.749652e+02
2.570000e-06	-8.700605e-07	4.403358e-09	-6.168908e+00	2.618333e+02
2.580000e-06	-9.709672e-07	4.174647e-09	-6.884358e+00	2.485457e+02
2.590000e-06	-1.071479e-06	3.941688e-09	-7.597006e+00	2.351799e+02
2.600000e-06	-1.171606e-06	3.721280e-09	-8.306926e+00	2.217939e+02
2.610000e-06	-1.271363e-06	3.507842e-09	-9.014228e+00	2.084125e+02
2.620000e-06	-1.370688e-06	3.284848e-09	-9.718459e+00	1.950227e+02
2.630000e-06	-1.469509e-06	3.052955e-09	-1.041912e+01	1.815790e+02
2.640000e-06	-1.567855e-06	2.822085e-09	-1.111641e+01	1.680165e+02
2.650000e-06	-1.665674e-06	2.593935e-09	-1.180997e+01	1.542678e+02
2.660000e-06	-1.762904e-06	2.357961e-09	-1.249935e+01	1.402779e+02
2.670000e-06	-1.859588e-06	2.112377e-09	-1.318486e+01	1.260121e+02
2.680000e-06	-1.955684e-06	1.868987e-09	-1.386620e+01	1.114555e+02
2.690000e-06	-2.051232e-06	1.628307e-09	-1.454366e+01	9.660379e+01
2.700000e-06	-2.146112e-06	1.378163e-09	-1.521637e+01	8.145107e+01
2.710000e-06	-2.240077e-06	1.113188e-09	-1.588260e+01	6.597741e+01
2.720000e-06	-2.333055e-06	8.423307e-10	-1.654184e+01	5.014275e+01
2.730000e-06	-2.425113e-06	5.725582e-10	-1.719455e+01	3.388833e+01
2.740000e-06	-2.516346e-06	2.936274e-10	-1.784141e+01	1.714522e+01
2.750000e-06	-2.606675e-06	-1.472767e-12	-1.848186e+01	-1.534476e-01
2.760000e-06	-2.696046e-06	-3.054631e-10	-1.911552e+01	-1.806119e+01
2.770000e-06	-2.784509e-06	-6.130944e-10	-1.974274e+01	-3.661183e+01
2.780000e-06	-2.872128e-06	-9.309398e-10	-2.036398e+01	-5.582011e+01
2.790000e-06	-2.958749e-06	-1.268259e-09	-2.097814e+01	-7.568827e+01
2.800000e-06	-3.044139e-06	-1.617996e-09	-2.158358e+01	-9.621540e+01
2.810000e-06	-3.128370e-06	-1.971635e-09	-2.218079e+01	-1.174052e+02
2.820000e-06	-3.211547e-06	-2.336265e-09	-2.277053e+01	-1.392688e+02
2.830000e-06	-3.293584e-06	-2.718051e-09	-2.335219e+01	-1.618205e+02
2.840000e-06	-3.374468e-06	-3.113817e-09	-2.392568e+01	-1.850690e+02
2.850000e-06	-3.454259e-06	-3.515594e-09	-2.449141e+01	-2.090055e+02
2.860000e-06	-3.532766e-06	-3.923257e-09	-2.504804e+01	-2.335948e+02
2.870000e-06	-3.609778e-06	-4.344507e-09	-2.559407e+01	-2.587711e+02
2.880000e-06	-3.685268e-06	-4.777280e-09	-2.612931e+01	-2.844403e+02
2.890000e-06	-3.759352e-06	-5.212975e-09	-2.665458e+01	-3.104877e+02
2.900000e-06	-3.832198e-06	-5.651645e-09	-2.717107e+01	-3.367875e+02
2.910000e-06	-3.903798e-06	-6.097886e-09	-2.767873e+01	-3.632111e+02
2.920000e-06	-3.973902e-06	-6.547918e-09	-2.817579e+01	-3.896307e+02
2.930000e-06	-4.042393e-06	-6.990342e-09	-2.866140e+01	-4.159195e+02
2.940000e-06	-4.109488e-06	-7.423150e-09	-2.913712e+01	-4.419481e+02
2.950000e-06	-4.175212e-06	-7.851846e-09	-2.960312e+01	-4.675818e+02
2.960000e-06	-4.239531e-06	-8.276185e-09	-3.005915e+01	-4.926804e+02
2.970000e-06	-4.302426e-06	-8.686350e-09	-3.050509e+01	-5.171033e+02
2.980000e-06	-4.363592e-06	-9.080182e-09	-3.093877e+01	-5.407187e+02
2.990000e-06	-4.423079e-06	-9.463589e-09	-3.136054e+01	-5.634143e+02
3.000000e-06	-4.481135e-06	-9.835471e-09	-3.177217e+01	-5.851063e+02
3.010000e-06	-4.537712e-06	-1.018716e-08	-3.217331e+01	-6.057436e+02
3.020000e-06	-4.592660e-06	-1.051663e-08	-3.256291e+01	-6.253061e+02
3.030000e-06	-4.645643e-06	-1.082936e-08	-3.293857e+01	-6.437971e+02
3.040000e-06	-4.696709e-06	-1.112634e-08	-3.330064e+01	-6.612334e+02
3.050000e-06	-4.745938e-06	-1.140307e-08	-3.364968e+01	-6.776362e+02
3.060000e-06	-4.793153e-06	-1.165948e-08	-3.398444e+01	-6.930259e+02
3.070000e-06	-4.838599e-06	-1.190318e-08	-3.430667e+01	-7.074216e+02
3.080000e-06	-4.882511e-06	-1.213543e-08	-3.461801e+01	-7.208444e+02
3.090000e-06	-4.924924e-06	-1.234792e-08	-3.491872e+01	-7.333219e+02
3.100000e-06	-4.965836e-06	-1.254133e-08	-3.520880e+01	-7.448913e+02
3.110000e-06	-5.005135e-06	-1.272512e-08	-3.548744e+01	-7.555991e+02
3.120000e-06	-5.042512e-06	-1.289784e-08	-3.575245e+01	-7.654960e+02
3.130000e-06	-5.077953e-06	-1.305280e-08	-3.600373e+01	-7.746313e+02
3.140000e-06	-5.111698e-06	-1.319330e-08	-3.624299e+01	-7.830468e+02
3.150000e-06	-5.143730e-06	-1.332594e-08	-3.647011e+01	-7.907749e+02
3.160000e-06	-5.173837e-06	-1.344717e-08	-3.668357e+01	-7.978408e+02
3.170000e-06	-5.201972e-06	-1.355586e-08	-3.688305e+01	-8.042684e+02
3.180000e-06	-5.228299e-06	-1.365437e-08	-3.706972e+01	-8.100870e+02
3.190000e-06	-5.252882e-06	-1.374648e-08	-3.724402e+01	-8.153358e+02
3.200000e-06	-5.275585e-06	-1.383101e-08	-3.740498e+01	-8.200637e+02
3.210000e-06	-5.296285e-06	-1.390359e-08	-3.755176e+01	-8.243232e+02
3.220000e-06	-5.315204e-06	-1.396750e-08	-3.768589e+01	-8.281616e+02
3.230000e-06	-5.332406e-06	-1.402471e-08	-3.780786e+01	-8.316117e+02
3.240000e-06	-5.347638e-06	-1.407540e-08	-3.791586e+01	-8.346872e+02
3.250000e-06	-5.360609e-06	-1.411969e-08	-3.800782e+01	-8.373842e+02
3.260000e-06	-5.371467e-06	-1.415860e-08	-3.808481e+01	-8.396896e+02
3.270000e-06	-5.380511e-06	-1.419543e-08	-3.814893e+01	-8.415937e+02
3.280000e-06	-5.387719e-06	-1.422344e-08	-3.820004e+01	-8.431014e+02
3.290000e-06	-5.392856e-06	-1.424269e-08	-3.823647e+01	-8.442390e+02
3.300000e-06	-5.396059e-06	-1.425790e-08	-3.825917e+01	-8.450519e+02
3.310000e-06	-5.397583e-06	-1.427055e-08	-3.826998e+01	-8.455949e+02
3.320000e-06	-5.397312e-06	-1.427434e-08	-3.826806e+01	-8.459173e+02
