# Temperatura_=_72.8
# Concentracion g/m^3_=_20000.0
# C_Vs_to_Am_M_A/Vsm_=_59384043850.047264
# pendiente_HvsI_1/m_=_3716.3
# ordenada_HvsI_A/m_=_1297.0
# frecuencia_Hz_=_301128.2905390762

Tiempo_(s)	Campo_(V.s)	Magnetizacion_(V.s)	Campo_(kA/m)	Magnetizacion_(A/m)
0.000000e+00	-5.417015e-06	-1.534927e-08	-3.826266e+01	-9.106730e+02
1.000000e-08	-5.415219e-06	-1.534751e-08	-3.824997e+01	-9.107669e+02
2.000000e-08	-5.411441e-06	-1.534600e-08	-3.822329e+01	-9.106782e+02
3.000000e-08	-5.405957e-06	-1.534164e-08	-3.818455e+01	-9.104050e+02
4.000000e-08	-5.398834e-06	-1.533257e-08	-3.813424e+01	-9.099206e+02
5.000000e-08	-5.390052e-06	-1.531756e-08	-3.807221e+01	-9.091861e+02
6.000000e-08	-5.379261e-06	-1.530234e-08	-3.799599e+01	-9.081692e+02
7.000000e-08	-5.366363e-06	-1.529969e-08	-3.790489e+01	-9.068606e+02
8.000000e-08	-5.351406e-06	-1.525981e-08	-3.779924e+01	-9.052828e+02
9.000000e-08	-5.333997e-06	-1.515427e-08	-3.767627e+01	-9.034871e+02
1.000000e-07	-5.314256e-06	-1.512850e-08	-3.753683e+01	-9.015395e+02
1.100000e-07	-5.292631e-06	-1.515430e-08	-3.738409e+01	-8.995008e+02
1.200000e-07	-5.269420e-06	-1.513436e-08	-3.722014e+01	-8.974080e+02
1.300000e-07	-5.245039e-06	-1.518112e-08	-3.704793e+01	-8.952634e+02
1.400000e-07	-5.219242e-06	-1.505525e-08	-3.686571e+01	-8.930350e+02
1.500000e-07	-5.191461e-06	-1.490378e-08	-3.666948e+01	-8.906689e+02
1.600000e-07	-5.161976e-06	-1.505475e-08	-3.646122e+01	-8.881080e+02
1.700000e-07	-5.131046e-06	-1.493987e-08	-3.624275e+01	-8.853106e+02
1.800000e-07	-5.097986e-06	-1.475496e-08	-3.600922e+01	-8.822627e+02
1.900000e-07	-5.062825e-06	-1.480604e-08	-3.576087e+01	-8.789804e+02
2.000000e-07	-5.026235e-06	-1.471215e-08	-3.550242e+01	-8.755010e+02
2.100000e-07	-4.987926e-06	-1.471012e-08	-3.523183e+01	-8.718678e+02
2.200000e-07	-4.947826e-06	-1.468829e-08	-3.494859e+01	-8.681149e+02
2.300000e-07	-4.905870e-06	-1.449366e-08	-3.465223e+01	-8.642557e+02
2.400000e-07	-4.861917e-06	-1.446776e-08	-3.434177e+01	-8.602817e+02
2.500000e-07	-4.816172e-06	-1.443027e-08	-3.401866e+01	-8.561686e+02
2.600000e-07	-4.768633e-06	-1.434088e-08	-3.368287e+01	-8.518889e+02
2.700000e-07	-4.719193e-06	-1.425587e-08	-3.333365e+01	-8.474238e+02
2.800000e-07	-4.667660e-06	-1.414478e-08	-3.296965e+01	-8.427720e+02
2.900000e-07	-4.614183e-06	-1.412374e-08	-3.259192e+01	-8.379499e+02
3.000000e-07	-4.559072e-06	-1.404343e-08	-3.220265e+01	-8.329857e+02
3.100000e-07	-4.502374e-06	-1.391716e-08	-3.180217e+01	-8.279083e+02
3.200000e-07	-4.443961e-06	-1.381712e-08	-3.138957e+01	-8.227374e+02
3.300000e-07	-4.383801e-06	-1.376015e-08	-3.096464e+01	-8.174768e+02
3.400000e-07	-4.322155e-06	-1.370884e-08	-3.052921e+01	-8.121147e+02
3.500000e-07	-4.259192e-06	-1.356045e-08	-3.008447e+01	-8.066294e+02
3.600000e-07	-4.194828e-06	-1.345599e-08	-2.962984e+01	-8.009990e+02
3.700000e-07	-4.128784e-06	-1.338725e-08	-2.916335e+01	-7.952094e+02
3.800000e-07	-4.060995e-06	-1.328323e-08	-2.868452e+01	-7.892599e+02
3.900000e-07	-3.991763e-06	-1.318154e-08	-2.819551e+01	-7.831620e+02
4.000000e-07	-3.921279e-06	-1.305468e-08	-2.769765e+01	-7.769348e+02
4.100000e-07	-3.849518e-06	-1.296838e-08	-2.719077e+01	-7.705972e+02
4.200000e-07	-3.776350e-06	-1.287693e-08	-2.667396e+01	-7.641613e+02
4.300000e-07	-3.701590e-06	-1.275455e-08	-2.614589e+01	-7.576289e+02
4.400000e-07	-3.625213e-06	-1.262947e-08	-2.560641e+01	-7.509927e+02
4.500000e-07	-3.547401e-06	-1.251813e-08	-2.505679e+01	-7.442407e+02
4.600000e-07	-3.468180e-06	-1.241979e-08	-2.449722e+01	-7.373627e+02
4.700000e-07	-3.387567e-06	-1.228294e-08	-2.392782e+01	-7.303547e+02
4.800000e-07	-3.305669e-06	-1.216131e-08	-2.334934e+01	-7.232205e+02
4.900000e-07	-3.222622e-06	-1.205072e-08	-2.276274e+01	-7.159708e+02
5.000000e-07	-3.138601e-06	-1.193645e-08	-2.216926e+01	-7.086178e+02
5.100000e-07	-3.053644e-06	-1.180917e-08	-2.156918e+01	-7.011708e+02
5.200000e-07	-2.967698e-06	-1.167574e-08	-2.096211e+01	-6.936327e+02
5.300000e-07	-2.880755e-06	-1.155224e-08	-2.034799e+01	-6.859986e+02
5.400000e-07	-2.792894e-06	-1.142007e-08	-1.972739e+01	-6.782586e+02
5.500000e-07	-2.704108e-06	-1.128181e-08	-1.910026e+01	-6.704017e+02
5.600000e-07	-2.614222e-06	-1.114159e-08	-1.846535e+01	-6.624199e+02
5.700000e-07	-2.523234e-06	-1.101432e-08	-1.782267e+01	-6.543111e+02
5.800000e-07	-2.431341e-06	-1.088347e-08	-1.717359e+01	-6.460791e+02
5.900000e-07	-2.338637e-06	-1.073783e-08	-1.651878e+01	-6.377320e+02
6.000000e-07	-2.245141e-06	-1.059319e-08	-1.585838e+01	-6.292783e+02
6.100000e-07	-2.150906e-06	-1.045520e-08	-1.519275e+01	-6.207239e+02
6.200000e-07	-2.055936e-06	-1.031119e-08	-1.452194e+01	-6.120704e+02
6.300000e-07	-1.960276e-06	-1.015725e-08	-1.384625e+01	-6.033150e+02
6.400000e-07	-1.863967e-06	-1.000623e-08	-1.316599e+01	-5.944529e+02
6.500000e-07	-1.766869e-06	-9.862714e-09	-1.248014e+01	-5.854803e+02
6.600000e-07	-1.668913e-06	-9.715958e-09	-1.178824e+01	-5.763967e+02
6.700000e-07	-1.570244e-06	-9.556849e-09	-1.109129e+01	-5.672060e+02
6.800000e-07	-1.470945e-06	-9.396998e-09	-1.038990e+01	-5.579160e+02
6.900000e-07	-1.371133e-06	-9.244637e-09	-9.684890e+00	-5.485350e+02
7.000000e-07	-1.270929e-06	-9.092793e-09	-8.977105e+00	-5.390693e+02
7.100000e-07	-1.170314e-06	-8.929799e-09	-8.266425e+00	-5.295192e+02
7.200000e-07	-1.069327e-06	-8.762482e-09	-7.553105e+00	-5.198780e+02
7.300000e-07	-9.679661e-07	-8.599111e-09	-6.837153e+00	-5.101321e+02
7.400000e-07	-8.662773e-07	-8.436449e-09	-6.118882e+00	-5.002630e+02
7.500000e-07	-7.642903e-07	-8.266291e-09	-5.398505e+00	-4.902514e+02
7.600000e-07	-6.619848e-07	-8.091675e-09	-4.675878e+00	-4.800812e+02
7.700000e-07	-5.594495e-07	-7.922931e-09	-3.951628e+00	-4.697424e+02
7.800000e-07	-4.567512e-07	-7.753581e-09	-3.226227e+00	-4.592323e+02
7.900000e-07	-3.539197e-07	-7.573580e-09	-2.499884e+00	-4.485544e+02
8.000000e-07	-2.509816e-07	-7.381983e-09	-1.772789e+00	-4.377139e+02
8.100000e-07	-1.479328e-07	-7.194821e-09	-1.044912e+00	-4.267121e+02
8.200000e-07	-4.481154e-08	-7.011652e-09	-3.165229e-01	-4.155410e+02
8.300000e-07	5.831611e-08	-6.818926e-09	4.119113e-01	-4.041784e+02
8.400000e-07	1.613890e-07	-6.619836e-09	1.139958e+00	-3.925880e+02
8.500000e-07	2.643964e-07	-6.422038e-09	1.867543e+00	-3.807232e+02
8.600000e-07	3.673240e-07	-6.223003e-09	2.594565e+00	-3.685363e+02
8.700000e-07	4.701007e-07	-6.012651e-09	3.320520e+00	-3.559896e+02
8.800000e-07	5.726711e-07	-5.789416e-09	4.045018e+00	-3.430671e+02
8.900000e-07	6.750486e-07	-5.562118e-09	4.768153e+00	-3.297831e+02
9.000000e-07	7.772364e-07	-5.335608e-09	5.489949e+00	-3.161831e+02
9.100000e-07	8.791130e-07	-5.101861e-09	6.209546e+00	-3.023379e+02
9.200000e-07	9.806415e-07	-4.862176e-09	6.926685e+00	-2.883295e+02
9.300000e-07	1.081860e-06	-4.625087e-09	7.641632e+00	-2.742330e+02
9.400000e-07	1.182784e-06	-4.392775e-09	8.354501e+00	-2.600993e+02
9.500000e-07	1.283365e-06	-4.158409e-09	9.064946e+00	-2.459428e+02
9.600000e-07	1.383556e-06	-3.914875e-09	9.772642e+00	-2.317383e+02
9.700000e-07	1.483303e-06	-3.668816e-09	1.047720e+01	-2.174273e+02
9.800000e-07	1.582498e-06	-3.424734e-09	1.117785e+01	-2.029327e+02
9.900000e-07	1.681004e-06	-3.178281e-09	1.187364e+01	-1.881764e+02
1.000000e-06	1.778740e-06	-2.921765e-09	1.256399e+01	-1.730940e+02
1.010000e-06	1.875731e-06	-2.658819e-09	1.324908e+01	-1.576434e+02
1.020000e-06	1.971967e-06	-2.393352e-09	1.392883e+01	-1.418029e+02
1.030000e-06	2.067475e-06	-2.121658e-09	1.460345e+01	-1.255615e+02
1.040000e-06	2.162286e-06	-1.839495e-09	1.527314e+01	-1.089048e+02
1.050000e-06	2.256383e-06	-1.547429e-09	1.593778e+01	-9.180207e+01
1.060000e-06	2.349741e-06	-1.252738e-09	1.659721e+01	-7.419904e+01
1.070000e-06	2.442413e-06	-9.492312e-10	1.725179e+01	-5.602018e+01
1.080000e-06	2.534387e-06	-6.303262e-10	1.790144e+01	-3.717854e+01
1.090000e-06	2.625410e-06	-2.954672e-10	1.854438e+01	-1.759021e+01
1.100000e-06	2.715350e-06	5.012020e-11	1.917966e+01	2.812199e+00
1.110000e-06	2.804226e-06	4.077456e-10	1.980744e+01	2.407170e+01
1.120000e-06	2.892025e-06	7.802271e-10	2.042759e+01	4.620744e+01
1.130000e-06	2.978807e-06	1.167842e-09	2.104057e+01	6.922266e+01
1.140000e-06	3.064623e-06	1.571493e-09	2.164673e+01	9.311621e+01
1.150000e-06	3.149510e-06	1.991706e-09	2.224632e+01	1.178925e+02
1.160000e-06	3.233421e-06	2.427867e-09	2.283902e+01	1.435646e+02
1.170000e-06	3.316162e-06	2.878440e-09	2.342345e+01	1.701491e+02
1.180000e-06	3.397666e-06	3.342728e-09	2.399915e+01	1.976521e+02
1.190000e-06	3.477932e-06	3.819896e-09	2.456610e+01	2.260526e+02
1.200000e-06	3.556935e-06	4.312603e-09	2.512413e+01	2.552871e+02
1.210000e-06	3.634651e-06	4.819627e-09	2.567307e+01	2.852423e+02
1.220000e-06	3.711119e-06	5.338336e-09	2.621320e+01	3.157567e+02
1.230000e-06	3.786148e-06	5.862461e-09	2.674316e+01	3.466324e+02
1.240000e-06	3.859566e-06	6.388879e-09	2.726174e+01	3.776523e+02
1.250000e-06	3.931515e-06	6.912179e-09	2.776995e+01	4.085976e+02
1.260000e-06	4.002090e-06	7.426679e-09	2.826845e+01	4.392605e+02
1.270000e-06	4.071361e-06	7.930783e-09	2.875774e+01	4.694517e+02
1.280000e-06	4.139370e-06	8.427124e-09	2.923812e+01	4.989991e+02
1.290000e-06	4.205824e-06	8.914143e-09	2.970751e+01	5.277458e+02
1.300000e-06	4.270545e-06	9.383959e-09	3.016466e+01	5.555462e+02
1.310000e-06	4.333753e-06	9.833789e-09	3.061112e+01	5.822677e+02
1.320000e-06	4.395544e-06	1.026376e-08	3.104758e+01	6.077960e+02
1.330000e-06	4.456035e-06	1.067185e-08	3.147486e+01	6.320440e+02
1.340000e-06	4.515089e-06	1.105582e-08	3.189198e+01	6.549594e+02
1.350000e-06	4.572305e-06	1.141441e-08	3.229612e+01	6.765285e+02
1.360000e-06	4.627760e-06	1.175212e-08	3.268783e+01	6.967729e+02
1.370000e-06	4.681632e-06	1.207090e-08	3.306834e+01	7.157387e+02
1.380000e-06	4.733656e-06	1.236779e-08	3.343581e+01	7.334832e+02
1.390000e-06	4.783580e-06	1.264431e-08	3.378844e+01	7.500613e+02
1.400000e-06	4.831576e-06	1.290179e-08	3.412746e+01	7.655180e+02
1.410000e-06	4.877860e-06	1.314379e-08	3.445438e+01	7.798870e+02
1.420000e-06	4.922584e-06	1.336881e-08	3.477029e+01	7.931978e+02
1.430000e-06	4.965642e-06	1.357449e-08	3.507443e+01	8.054847e+02
1.440000e-06	5.006678e-06	1.376157e-08	3.536428e+01	8.167960e+02
1.450000e-06	5.045859e-06	1.393421e-08	3.564103e+01	8.271964e+02
1.460000e-06	5.083430e-06	1.409389e-08	3.590641e+01	8.367634e+02
1.470000e-06	5.119382e-06	1.423929e-08	3.616035e+01	8.455771e+02
1.480000e-06	5.153423e-06	1.437197e-08	3.640080e+01	8.537075e+02
1.490000e-06	5.185490e-06	1.449511e-08	3.662730e+01	8.612059e+02
1.500000e-06	5.215875e-06	1.461174e-08	3.684193e+01	8.681017e+02
1.510000e-06	5.244663e-06	1.471904e-08	3.704527e+01	8.744078e+02
1.520000e-06	5.271570e-06	1.481450e-08	3.723533e+01	8.801320e+02
1.530000e-06	5.296347e-06	1.489872e-08	3.741033e+01	8.852894e+02
1.540000e-06	5.319208e-06	1.497508e-08	3.757181e+01	8.899108e+02
1.550000e-06	5.340352e-06	1.504425e-08	3.772116e+01	8.940440e+02
1.560000e-06	5.359734e-06	1.510725e-08	3.785806e+01	8.977466e+02
1.570000e-06	5.377126e-06	1.516509e-08	3.798091e+01	9.010731e+02
1.580000e-06	5.392529e-06	1.521526e-08	3.808971e+01	9.040622e+02
1.590000e-06	5.406069e-06	1.525803e-08	3.818535e+01	9.067287e+02
1.600000e-06	5.417517e-06	1.529678e-08	3.826621e+01	9.090646e+02
1.610000e-06	5.426735e-06	1.532973e-08	3.833132e+01	9.110489e+02
1.620000e-06	5.434012e-06	1.535452e-08	3.838272e+01	9.126619e+02
1.630000e-06	5.439525e-06	1.537360e-08	3.842166e+01	9.139000e+02
1.640000e-06	5.443253e-06	1.539009e-08	3.844800e+01	9.147836e+02
1.650000e-06	5.444953e-06	1.540114e-08	3.846000e+01	9.153550e+02
1.660000e-06	5.444662e-06	1.540841e-08	3.845794e+01	9.156676e+02
1.670000e-06	5.442680e-06	1.541227e-08	3.844395e+01	9.157695e+02
1.680000e-06	5.439102e-06	1.540762e-08	3.841867e+01	9.156883e+02
1.690000e-06	5.433732e-06	1.540057e-08	3.838074e+01	9.154231e+02
1.700000e-06	5.426433e-06	1.539205e-08	3.832919e+01	9.149480e+02
1.710000e-06	5.417482e-06	1.537772e-08	3.826597e+01	9.142242e+02
1.720000e-06	5.406849e-06	1.535273e-08	3.819086e+01	9.132188e+02
1.730000e-06	5.394376e-06	1.530720e-08	3.810275e+01	9.119215e+02
1.740000e-06	5.380016e-06	1.537074e-08	3.800132e+01	9.103537e+02
1.750000e-06	5.363549e-06	1.538643e-08	3.788501e+01	9.085658e+02
1.760000e-06	5.344594e-06	1.529152e-08	3.775112e+01	9.066235e+02
1.770000e-06	5.323001e-06	1.523361e-08	3.759860e+01	9.045884e+02
1.780000e-06	5.299366e-06	1.505079e-08	3.743166e+01	9.024984e+02
1.790000e-06	5.274598e-06	1.510929e-08	3.725671e+01	9.003570e+02
1.800000e-06	5.248729e-06	1.526116e-08	3.707399e+01	8.981336e+02
1.810000e-06	5.221008e-06	1.496800e-08	3.687819e+01	8.957745e+02
1.820000e-06	5.191369e-06	1.498768e-08	3.666883e+01	8.932225e+02
1.830000e-06	5.160048e-06	1.511268e-08	3.644760e+01	8.904350e+02
1.840000e-06	5.126764e-06	1.489567e-08	3.621250e+01	8.873971e+02
1.850000e-06	5.091770e-06	1.494672e-08	3.596532e+01	8.841238e+02
1.860000e-06	5.055158e-06	1.481675e-08	3.570671e+01	8.806517e+02
1.870000e-06	5.016537e-06	1.463781e-08	3.543391e+01	8.770244e+02
1.880000e-06	4.976152e-06	1.480705e-08	3.514866e+01	8.732765e+02
1.890000e-06	4.934007e-06	1.466723e-08	3.485097e+01	8.694222e+02
1.900000e-06	4.890208e-06	1.454840e-08	3.454161e+01	8.654537e+02
1.910000e-06	4.844739e-06	1.452386e-08	3.422044e+01	8.613472e+02
1.920000e-06	4.797183e-06	1.440058e-08	3.388453e+01	8.570749e+02
1.930000e-06	4.747891e-06	1.445382e-08	3.353636e+01	8.526177e+02
1.940000e-06	4.697049e-06	1.424318e-08	3.317724e+01	8.479735e+02
1.950000e-06	4.644305e-06	1.414101e-08	3.280469e+01	8.431581e+02
1.960000e-06	4.589558e-06	1.419239e-08	3.241799e+01	8.381995e+02
1.970000e-06	4.532979e-06	1.405041e-08	3.201834e+01	8.331269e+02
1.980000e-06	4.474912e-06	1.397235e-08	3.160819e+01	8.279603e+02
1.990000e-06	4.415387e-06	1.379361e-08	3.118774e+01	8.227041e+02
2.000000e-06	4.354164e-06	1.378718e-08	3.075529e+01	8.173470e+02
2.010000e-06	4.291302e-06	1.373240e-08	3.031128e+01	8.118677e+02
2.020000e-06	4.226893e-06	1.352535e-08	2.985633e+01	8.062438e+02
2.030000e-06	4.161028e-06	1.349340e-08	2.939110e+01	8.004611e+02
2.040000e-06	4.093762e-06	1.337967e-08	2.891597e+01	7.945182e+02
2.050000e-06	4.025029e-06	1.332729e-08	2.843048e+01	7.884264e+02
2.060000e-06	3.954668e-06	1.317303e-08	2.793349e+01	7.822046e+02
2.070000e-06	3.882750e-06	1.302034e-08	2.742550e+01	7.758718e+02
2.080000e-06	3.809484e-06	1.299201e-08	2.690799e+01	7.694404e+02
2.090000e-06	3.734860e-06	1.285165e-08	2.638089e+01	7.629126e+02
2.100000e-06	3.658783e-06	1.274394e-08	2.584353e+01	7.562814e+02
2.110000e-06	3.581146e-06	1.259522e-08	2.529514e+01	7.495349e+02
2.120000e-06	3.502022e-06	1.252166e-08	2.473626e+01	7.426626e+02
2.130000e-06	3.421652e-06	1.241660e-08	2.416857e+01	7.356602e+02
2.140000e-06	3.340140e-06	1.224803e-08	2.359282e+01	7.285316e+02
2.150000e-06	3.257557e-06	1.214137e-08	2.300950e+01	7.212868e+02
2.160000e-06	3.173914e-06	1.201953e-08	2.241869e+01	7.139384e+02
2.170000e-06	3.089129e-06	1.192167e-08	2.181982e+01	7.064958e+02
2.180000e-06	3.003122e-06	1.175866e-08	2.121232e+01	6.989620e+02
2.190000e-06	2.915913e-06	1.162483e-08	2.059632e+01	6.913326e+02
2.200000e-06	2.827689e-06	1.151897e-08	1.997316e+01	6.835977e+02
2.210000e-06	2.738510e-06	1.138828e-08	1.934325e+01	6.757463e+02
2.220000e-06	2.648445e-06	1.124365e-08	1.870708e+01	6.677701e+02
2.230000e-06	2.557545e-06	1.108620e-08	1.806502e+01	6.596669e+02
2.240000e-06	2.465860e-06	1.097666e-08	1.741741e+01	6.514403e+02
2.250000e-06	2.373356e-06	1.084182e-08	1.676401e+01	6.430982e+02
2.260000e-06	2.279899e-06	1.068378e-08	1.610389e+01	6.346493e+02
2.270000e-06	2.185419e-06	1.053125e-08	1.543654e+01	6.260996e+02
2.280000e-06	2.090021e-06	1.039863e-08	1.476270e+01	6.174507e+02
2.290000e-06	1.993996e-06	1.026395e-08	1.408444e+01	6.087001e+02
2.300000e-06	1.897414e-06	1.009370e-08	1.340224e+01	5.998430e+02
2.310000e-06	1.800167e-06	9.929728e-09	1.271534e+01	5.908754e+02
2.320000e-06	1.702212e-06	9.789652e-09	1.202344e+01	5.817968e+02
2.330000e-06	1.603749e-06	9.646347e-09	1.132796e+01	5.726110e+02
2.340000e-06	1.504888e-06	9.475439e-09	1.062966e+01	5.633254e+02
2.350000e-06	1.405533e-06	9.306397e-09	9.927874e+00	5.539487e+02
2.360000e-06	1.305709e-06	9.162163e-09	9.222776e+00	5.444870e+02
2.370000e-06	1.205464e-06	9.014309e-09	8.514699e+00	5.349411e+02
2.380000e-06	1.104795e-06	8.836280e-09	7.803630e+00	5.253045e+02
2.390000e-06	1.003672e-06	8.658008e-09	7.089356e+00	5.155637e+02
2.400000e-06	9.021482e-07	8.502190e-09	6.372254e+00	5.057004e+02
2.410000e-06	8.002671e-07	8.345109e-09	5.652624e+00	4.956953e+02
2.420000e-06	6.980046e-07	8.163126e-09	4.930301e+00	4.855321e+02
2.430000e-06	5.954294e-07	7.976947e-09	4.205769e+00	4.752005e+02
2.440000e-06	4.926176e-07	7.813617e-09	3.479566e+00	4.646976e+02
2.450000e-06	3.896414e-07	7.646372e-09	2.752201e+00	4.540267e+02
2.460000e-06	2.865307e-07	7.456124e-09	2.023887e+00	4.431930e+02
2.470000e-06	1.832972e-07	7.258363e-09	1.294706e+00	4.321982e+02
2.480000e-06	7.999460e-08	7.075630e-09	5.650356e-01	4.210344e+02
2.490000e-06	-2.333485e-08	6.894606e-09	-1.648239e-01	4.096803e+02
2.500000e-06	-1.266239e-07	6.691087e-09	-8.943978e-01	3.980999e+02
2.510000e-06	-2.298275e-07	6.481792e-09	-1.623369e+00	3.862469e+02
2.520000e-06	-3.329143e-07	6.283516e-09	-2.351514e+00	3.740734e+02
2.530000e-06	-4.358357e-07	6.085665e-09	-3.078492e+00	3.615410e+02
2.540000e-06	-5.385533e-07	5.866958e-09	-3.804029e+00	3.486330e+02
2.550000e-06	-6.410882e-07	5.634303e-09	-4.528277e+00	3.353623e+02
2.560000e-06	-7.433477e-07	5.407047e-09	-5.250579e+00	3.217736e+02
2.570000e-06	-8.451986e-07	5.179356e-09	-5.969994e+00	3.079369e+02
2.580000e-06	-9.466113e-07	4.939718e-09	-6.686315e+00	2.939340e+02
2.590000e-06	-1.047607e-06	4.693793e-09	-7.399691e+00	2.798407e+02
2.600000e-06	-1.148268e-06	4.459738e-09	-8.110705e+00	2.657089e+02
2.610000e-06	-1.248505e-06	4.232817e-09	-8.818721e+00	2.515546e+02
2.620000e-06	-1.348211e-06	3.994635e-09	-9.522982e+00	2.373537e+02
2.630000e-06	-1.447405e-06	3.747118e-09	-1.022363e+01	2.230489e+02
2.640000e-06	-1.546172e-06	3.500942e-09	-1.092127e+01	2.085634e+02
2.650000e-06	-1.644486e-06	3.257556e-09	-1.161570e+01	1.938186e+02
2.660000e-06	-1.742207e-06	3.003695e-09	-1.230594e+01	1.787499e+02
2.670000e-06	-1.839342e-06	2.737933e-09	-1.299205e+01	1.633140e+02
2.680000e-06	-1.935922e-06	2.472174e-09	-1.367423e+01	1.474887e+02
2.690000e-06	-2.031941e-06	2.207969e-09	-1.435245e+01	1.312629e+02
2.700000e-06	-2.127313e-06	1.932381e-09	-1.502611e+01	1.146226e+02
2.710000e-06	-2.221881e-06	1.639703e-09	-1.569408e+01	9.753765e+01
2.720000e-06	-2.315529e-06	1.341065e-09	-1.635556e+01	7.995477e+01
2.730000e-06	-2.408238e-06	1.039188e-09	-1.701040e+01	6.179904e+01
2.740000e-06	-2.500061e-06	7.233225e-10	-1.765899e+01	4.298368e+01
2.750000e-06	-2.591014e-06	3.896194e-10	-1.830143e+01	2.342439e+01
2.760000e-06	-2.681005e-06	4.578969e-11	-1.893707e+01	3.053050e+00
2.770000e-06	-2.770038e-06	-3.057856e-10	-1.956595e+01	-1.817429e+01
2.780000e-06	-2.858186e-06	-6.719686e-10	-2.018857e+01	-4.027753e+01
2.790000e-06	-2.945387e-06	-1.060366e-09	-2.080451e+01	-6.326026e+01
2.800000e-06	-3.031446e-06	-1.464434e-09	-2.141238e+01	-8.712133e+01
2.810000e-06	-3.116321e-06	-1.877701e-09	-2.201189e+01	-1.118648e+02
2.820000e-06	-3.200043e-06	-2.307531e-09	-2.260326e+01	-1.375036e+02
2.830000e-06	-3.282647e-06	-2.756092e-09	-2.318672e+01	-1.640541e+02
2.840000e-06	-3.364209e-06	-3.218617e-09	-2.376283e+01	-1.915234e+02
2.850000e-06	-3.444710e-06	-3.690990e-09	-2.433144e+01	-2.198915e+02
2.860000e-06	-3.523975e-06	-4.176428e-09	-2.489132e+01	-2.490969e+02
2.870000e-06	-3.601710e-06	-4.679855e-09	-2.544040e+01	-2.790277e+02
2.880000e-06	-3.677927e-06	-5.194485e-09	-2.597875e+01	-3.095242e+02
2.890000e-06	-3.752753e-06	-5.711956e-09	-2.650728e+01	-3.403897e+02
2.900000e-06	-3.826225e-06	-6.231126e-09	-2.702624e+01	-3.714072e+02
2.910000e-06	-3.898408e-06	-6.753281e-09	-2.753610e+01	-4.023576e+02
2.920000e-06	-3.969164e-06	-7.271592e-09	-2.803588e+01	-4.330330e+02
2.930000e-06	-4.038303e-06	-7.778037e-09	-2.852424e+01	-4.632429e+02
2.940000e-06	-4.105964e-06	-8.272751e-09	-2.900216e+01	-4.928150e+02
2.950000e-06	-4.172240e-06	-8.757755e-09	-2.947029e+01	-5.215918e+02
2.960000e-06	-4.237161e-06	-9.229855e-09	-2.992886e+01	-5.494273e+02
2.970000e-06	-4.300733e-06	-9.681551e-09	-3.037789e+01	-5.761883e+02
2.980000e-06	-4.362650e-06	-1.011045e-08	-3.081524e+01	-6.017598e+02
2.990000e-06	-4.422766e-06	-1.051904e-08	-3.123986e+01	-6.260535e+02
3.000000e-06	-4.481355e-06	-1.090811e-08	-3.165370e+01	-6.490159e+02
3.010000e-06	-4.538525e-06	-1.127424e-08	-3.205751e+01	-6.706319e+02
3.020000e-06	-4.594170e-06	-1.161855e-08	-3.245056e+01	-6.909218e+02
3.030000e-06	-4.647997e-06	-1.194263e-08	-3.283076e+01	-7.099312e+02
3.040000e-06	-4.699802e-06	-1.224671e-08	-3.319668e+01	-7.277172e+02
3.050000e-06	-4.749789e-06	-1.252747e-08	-3.354977e+01	-7.443351e+02
3.060000e-06	-4.797801e-06	-1.278651e-08	-3.388889e+01	-7.598300e+02
3.070000e-06	-4.843838e-06	-1.302881e-08	-3.421408e+01	-7.742363e+02
3.080000e-06	-4.888308e-06	-1.325578e-08	-3.452818e+01	-7.875832e+02
3.090000e-06	-4.931322e-06	-1.346469e-08	-3.483201e+01	-7.999049e+02
3.100000e-06	-4.972825e-06	-1.365492e-08	-3.512516e+01	-8.112489e+02
3.110000e-06	-5.012732e-06	-1.383286e-08	-3.540704e+01	-8.216795e+02
3.120000e-06	-5.050746e-06	-1.400093e-08	-3.567555e+01	-8.312738e+02
3.130000e-06	-5.086806e-06	-1.415465e-08	-3.593026e+01	-8.401119e+02
3.140000e-06	-5.121144e-06	-1.429166e-08	-3.617281e+01	-8.482647e+02
3.150000e-06	-5.153789e-06	-1.441833e-08	-3.640339e+01	-8.557839e+02
3.160000e-06	-5.184576e-06	-1.453454e-08	-3.662085e+01	-8.626998e+02
3.170000e-06	-5.213366e-06	-1.464011e-08	-3.682420e+01	-8.690258e+02
3.180000e-06	-5.240370e-06	-1.473510e-08	-3.701495e+01	-8.747695e+02
3.190000e-06	-5.265616e-06	-1.482395e-08	-3.719327e+01	-8.799456e+02
3.200000e-06	-5.288991e-06	-1.490752e-08	-3.735837e+01	-8.845843e+02
3.210000e-06	-5.310285e-06	-1.498050e-08	-3.750879e+01	-8.887329e+02
3.220000e-06	-5.329645e-06	-1.504369e-08	-3.764553e+01	-8.924488e+02
3.230000e-06	-5.347363e-06	-1.509930e-08	-3.777068e+01	-8.957869e+02
3.240000e-06	-5.363275e-06	-1.514788e-08	-3.788308e+01	-8.987865e+02
3.250000e-06	-5.376955e-06	-1.519122e-08	-3.797970e+01	-9.014634e+02
3.260000e-06	-5.388371e-06	-1.523019e-08	-3.806034e+01	-9.038104e+02
3.270000e-06	-5.397948e-06	-1.526469e-08	-3.812799e+01	-9.058065e+02
3.280000e-06	-5.405740e-06	-1.529383e-08	-3.818302e+01	-9.074318e+02
3.290000e-06	-5.411532e-06	-1.531715e-08	-3.822393e+01	-9.086821e+02
3.300000e-06	-5.415350e-06	-1.533474e-08	-3.825091e+01	-9.095766e+02
3.310000e-06	-5.417368e-06	-1.534929e-08	-3.826515e+01	-9.101572e+02
3.320000e-06	-5.417640e-06	-1.535438e-08	-3.826708e+01	-9.104770e+02
