# Temperatura_=_42.48
# Concentracion g/m^3_=_20000.0
# C_Vs_to_Am_M_A/Vsm_=_59384043850.047264
# pendiente_HvsI_1/m_=_3716.3
# ordenada_HvsI_A/m_=_1297.0
# frecuencia_Hz_=_301196.8679622085

Tiempo_(s)	Campo_(V.s)	Magnetizacion_(V.s)	Campo_(kA/m)	Magnetizacion_(A/m)
0.000000e+00	-5.404144e-06	-2.433831e-08	-3.822481e+01	-1.444692e+03
1.000000e-08	-5.402736e-06	-2.433262e-08	-3.821485e+01	-1.444639e+03
2.000000e-08	-5.399309e-06	-2.433185e-08	-3.819061e+01	-1.444509e+03
3.000000e-08	-5.394113e-06	-2.432863e-08	-3.815386e+01	-1.444331e+03
4.000000e-08	-5.387385e-06	-2.431996e-08	-3.810627e+01	-1.444093e+03
5.000000e-08	-5.379074e-06	-2.431294e-08	-3.804748e+01	-1.443740e+03
6.000000e-08	-5.368787e-06	-2.430631e-08	-3.797472e+01	-1.443197e+03
7.000000e-08	-5.356413e-06	-2.430703e-08	-3.788719e+01	-1.442395e+03
8.000000e-08	-5.342182e-06	-2.431075e-08	-3.778654e+01	-1.441301e+03
9.000000e-08	-5.325629e-06	-2.422289e-08	-3.766945e+01	-1.439934e+03
1.000000e-07	-5.306660e-06	-2.415573e-08	-3.753528e+01	-1.438362e+03
1.100000e-07	-5.285690e-06	-2.418347e-08	-3.738695e+01	-1.436688e+03
1.200000e-07	-5.262951e-06	-2.417469e-08	-3.722611e+01	-1.435014e+03
1.300000e-07	-5.238795e-06	-2.421916e-08	-3.705526e+01	-1.433410e+03
1.400000e-07	-5.213392e-06	-2.422951e-08	-3.687557e+01	-1.431893e+03
1.500000e-07	-5.186112e-06	-2.398776e-08	-3.668262e+01	-1.430420e+03
1.600000e-07	-5.156814e-06	-2.406221e-08	-3.647538e+01	-1.428906e+03
1.700000e-07	-5.126168e-06	-2.415283e-08	-3.625862e+01	-1.427254e+03
1.800000e-07	-5.093846e-06	-2.392608e-08	-3.603000e+01	-1.425384e+03
1.900000e-07	-5.059227e-06	-2.396886e-08	-3.578513e+01	-1.423257e+03
2.000000e-07	-5.022965e-06	-2.390991e-08	-3.552864e+01	-1.420888e+03
2.100000e-07	-4.985214e-06	-2.386007e-08	-3.526162e+01	-1.418332e+03
2.200000e-07	-4.945610e-06	-2.396476e-08	-3.498149e+01	-1.415660e+03
2.300000e-07	-4.904307e-06	-2.379300e-08	-3.468934e+01	-1.412932e+03
2.400000e-07	-4.861003e-06	-2.367188e-08	-3.438304e+01	-1.410176e+03
2.500000e-07	-4.815806e-06	-2.373172e-08	-3.406335e+01	-1.407382e+03
2.600000e-07	-4.768904e-06	-2.366982e-08	-3.373161e+01	-1.404503e+03
2.700000e-07	-4.720146e-06	-2.363530e-08	-3.338673e+01	-1.401485e+03
2.800000e-07	-4.669371e-06	-2.352859e-08	-3.302759e+01	-1.398281e+03
2.900000e-07	-4.616496e-06	-2.345542e-08	-3.265358e+01	-1.394876e+03
3.000000e-07	-4.561867e-06	-2.349612e-08	-3.226718e+01	-1.391290e+03
3.100000e-07	-4.505746e-06	-2.341309e-08	-3.187023e+01	-1.387569e+03
3.200000e-07	-4.448064e-06	-2.328181e-08	-3.146223e+01	-1.383766e+03
3.300000e-07	-4.388591e-06	-2.320815e-08	-3.104156e+01	-1.379922e+03
3.400000e-07	-4.327446e-06	-2.325093e-08	-3.060907e+01	-1.376053e+03
3.500000e-07	-4.264924e-06	-2.316137e-08	-3.016683e+01	-1.372139e+03
3.600000e-07	-4.200985e-06	-2.300956e-08	-2.971458e+01	-1.368139e+03
3.700000e-07	-4.135580e-06	-2.297392e-08	-2.925195e+01	-1.364006e+03
3.800000e-07	-4.068443e-06	-2.292040e-08	-2.877707e+01	-1.359702e+03
3.900000e-07	-3.999636e-06	-2.285222e-08	-2.829039e+01	-1.355215e+03
4.000000e-07	-3.929572e-06	-2.274576e-08	-2.779481e+01	-1.350557e+03
4.100000e-07	-3.858216e-06	-2.264891e-08	-2.729009e+01	-1.345758e+03
4.200000e-07	-3.785554e-06	-2.260896e-08	-2.677613e+01	-1.340851e+03
4.300000e-07	-3.711295e-06	-2.253465e-08	-2.625088e+01	-1.335855e+03
4.400000e-07	-3.635348e-06	-2.241731e-08	-2.571369e+01	-1.330770e+03
4.500000e-07	-3.557983e-06	-2.230438e-08	-2.516647e+01	-1.325576e+03
4.600000e-07	-3.479296e-06	-2.224683e-08	-2.460990e+01	-1.320239e+03
4.700000e-07	-3.399210e-06	-2.217753e-08	-2.404343e+01	-1.314732e+03
4.800000e-07	-3.317754e-06	-2.204718e-08	-2.346727e+01	-1.309040e+03
4.900000e-07	-3.235207e-06	-2.193855e-08	-2.288339e+01	-1.303170e+03
5.000000e-07	-3.151502e-06	-2.185276e-08	-2.229133e+01	-1.297149e+03
5.100000e-07	-3.066813e-06	-2.177019e-08	-2.169230e+01	-1.291009e+03
5.200000e-07	-2.981294e-06	-2.165129e-08	-2.108741e+01	-1.284779e+03
5.300000e-07	-2.894826e-06	-2.152046e-08	-2.047580e+01	-1.278468e+03
5.400000e-07	-2.807361e-06	-2.142795e-08	-1.985714e+01	-1.272065e+03
5.500000e-07	-2.718879e-06	-2.133662e-08	-1.923129e+01	-1.265540e+03
5.600000e-07	-2.629545e-06	-2.121536e-08	-1.859940e+01	-1.258857e+03
5.700000e-07	-2.539059e-06	-2.107483e-08	-1.795938e+01	-1.251988e+03
5.800000e-07	-2.447316e-06	-2.096955e-08	-1.731046e+01	-1.244920e+03
5.900000e-07	-2.354805e-06	-2.086896e-08	-1.665610e+01	-1.237662e+03
6.000000e-07	-2.261618e-06	-2.073399e-08	-1.599696e+01	-1.230237e+03
6.100000e-07	-2.167646e-06	-2.058781e-08	-1.533228e+01	-1.222673e+03
6.200000e-07	-2.072975e-06	-2.046339e-08	-1.466265e+01	-1.214989e+03
6.300000e-07	-1.977477e-06	-2.035438e-08	-1.398717e+01	-1.207188e+03
6.400000e-07	-1.881263e-06	-2.021483e-08	-1.330662e+01	-1.199255e+03
6.500000e-07	-1.784564e-06	-2.006087e-08	-1.262265e+01	-1.191159e+03
6.600000e-07	-1.687250e-06	-1.992578e-08	-1.193433e+01	-1.182870e+03
6.700000e-07	-1.589107e-06	-1.980236e-08	-1.124014e+01	-1.174362e+03
6.800000e-07	-1.490131e-06	-1.964965e-08	-1.054005e+01	-1.165627e+03
6.900000e-07	-1.390487e-06	-1.947949e-08	-9.835247e+00	-1.156672e+03
7.000000e-07	-1.290337e-06	-1.932873e-08	-9.126866e+00	-1.147514e+03
7.100000e-07	-1.189890e-06	-1.918816e-08	-8.416381e+00	-1.138169e+03
7.200000e-07	-1.089186e-06	-1.902905e-08	-7.704071e+00	-1.128645e+03
7.300000e-07	-9.881658e-07	-1.885112e-08	-6.989535e+00	-1.118934e+03
7.400000e-07	-8.868166e-07	-1.868552e-08	-6.272667e+00	-1.109014e+03
7.500000e-07	-7.850643e-07	-1.852535e-08	-5.552949e+00	-1.098855e+03
7.600000e-07	-6.829785e-07	-1.834724e-08	-4.830871e+00	-1.088427e+03
7.700000e-07	-5.806937e-07	-1.815578e-08	-4.107386e+00	-1.077711e+03
7.800000e-07	-4.782698e-07	-1.797317e-08	-3.382917e+00	-1.066702e+03
7.900000e-07	-3.757104e-07	-1.779966e-08	-2.657490e+00	-1.055405e+03
8.000000e-07	-2.730149e-07	-1.760941e-08	-1.931100e+00	-1.043828e+03
8.100000e-07	-1.702298e-07	-1.739699e-08	-1.204076e+00	-1.031968e+03
8.200000e-07	-6.734608e-08	-1.718481e-08	-4.763550e-01	-1.019803e+03
8.300000e-07	3.556598e-08	-1.698076e-08	2.515667e-01	-1.007289e+03
8.400000e-07	1.384639e-07	-1.676665e-08	9.793882e-01	-9.943593e+02
8.500000e-07	2.413492e-07	-1.653671e-08	1.707121e+00	-9.809348e+02
8.600000e-07	3.441394e-07	-1.630171e-08	2.434181e+00	-9.669376e+02
8.700000e-07	4.467684e-07	-1.606720e-08	3.160100e+00	-9.523038e+02
8.800000e-07	5.493008e-07	-1.581484e-08	3.885336e+00	-9.369926e+02
8.900000e-07	6.517074e-07	-1.553623e-08	4.609683e+00	-9.209895e+02
9.000000e-07	7.538177e-07	-1.524616e-08	5.331934e+00	-9.043015e+02
9.100000e-07	8.555801e-07	-1.495566e-08	6.051724e+00	-8.869478e+02
9.200000e-07	9.570134e-07	-1.466013e-08	6.769186e+00	-8.689463e+02
9.300000e-07	1.058125e-06	-1.434508e-08	7.484374e+00	-8.503008e+02
9.400000e-07	1.158932e-06	-1.401817e-08	8.197402e+00	-8.309907e+02
9.500000e-07	1.259460e-06	-1.368701e-08	8.908462e+00	-8.109646e+02
9.600000e-07	1.359670e-06	-1.334312e-08	9.617274e+00	-7.901376e+02
9.700000e-07	1.459499e-06	-1.297190e-08	1.032339e+01	-7.683927e+02
9.800000e-07	1.558753e-06	-1.257939e-08	1.102543e+01	-7.455838e+02
9.900000e-07	1.657204e-06	-1.217621e-08	1.172180e+01	-7.215397e+02
1.000000e-06	1.754817e-06	-1.175318e-08	1.241224e+01	-6.960687e+02
1.010000e-06	1.851707e-06	-1.129489e-08	1.309757e+01	-6.689622e+02
1.020000e-06	1.947985e-06	-1.079771e-08	1.377857e+01	-6.399978e+02
1.030000e-06	2.043550e-06	-1.027377e-08	1.445452e+01	-6.089406e+02
1.040000e-06	2.138348e-06	-9.717289e-09	1.512505e+01	-5.755439e+02
1.050000e-06	2.232467e-06	-9.107305e-09	1.579077e+01	-5.395481e+02
1.060000e-06	2.325833e-06	-8.440787e-09	1.645117e+01	-5.006800e+02
1.070000e-06	2.418467e-06	-7.726536e-09	1.710640e+01	-4.586521e+02
1.080000e-06	2.510521e-06	-6.961936e-09	1.775752e+01	-4.131669e+02
1.090000e-06	2.601770e-06	-6.128261e-09	1.840294e+01	-3.639260e+02
1.100000e-06	2.691839e-06	-5.221416e-09	1.904002e+01	-3.106485e+02
1.110000e-06	2.780734e-06	-4.243804e-09	1.966880e+01	-2.530982e+02
1.120000e-06	2.868679e-06	-3.193063e-09	2.029086e+01	-1.911205e+02
1.130000e-06	2.955635e-06	-2.065215e-09	2.090592e+01	-1.246836e+02
1.140000e-06	3.041558e-06	-8.589804e-10	2.151367e+01	-5.391987e+01
1.150000e-06	3.126523e-06	4.092606e-10	2.211465e+01	2.084045e+01
1.160000e-06	3.210644e-06	1.728157e-09	2.270966e+01	9.905115e+01
1.170000e-06	3.293695e-06	3.094007e-09	2.329709e+01	1.799533e+02
1.180000e-06	3.375293e-06	4.494972e-09	2.387426e+01	2.626035e+02
1.190000e-06	3.455636e-06	5.905413e-09	2.444254e+01	3.459273e+02
1.200000e-06	3.534790e-06	7.303349e-09	2.500242e+01	4.287904e+02
1.210000e-06	3.612727e-06	8.674823e-09	2.555369e+01	5.100807e+02
1.220000e-06	3.689475e-06	1.000490e-08	2.609654e+01	5.887884e+02
1.230000e-06	3.764767e-06	1.127090e-08	2.662910e+01	6.640714e+02
1.240000e-06	3.838334e-06	1.246310e-08	2.714946e+01	7.352980e+02
1.250000e-06	3.910412e-06	1.358116e-08	2.765928e+01	8.020599e+02
1.260000e-06	3.981254e-06	1.462489e-08	2.816036e+01	8.641579e+02
1.270000e-06	4.050734e-06	1.558952e-08	2.865182e+01	9.215644e+02
1.280000e-06	4.119006e-06	1.647355e-08	2.913472e+01	9.743754e+02
1.290000e-06	4.185736e-06	1.728333e-08	2.960671e+01	1.022761e+03
1.300000e-06	4.250666e-06	1.802366e-08	3.006598e+01	1.066925e+03
1.310000e-06	4.314143e-06	1.869719e-08	3.051497e+01	1.107085e+03
1.320000e-06	4.376230e-06	1.930396e-08	3.095413e+01	1.143465e+03
1.330000e-06	4.436989e-06	1.985091e-08	3.138389e+01	1.176295e+03
1.340000e-06	4.496304e-06	2.034491e-08	3.180344e+01	1.205830e+03
1.350000e-06	4.553773e-06	2.078777e-08	3.220993e+01	1.232350e+03
1.360000e-06	4.609439e-06	2.118318e-08	3.260367e+01	1.256154e+03
1.370000e-06	4.663576e-06	2.154025e-08	3.298659e+01	1.277552e+03
1.380000e-06	4.715959e-06	2.186466e-08	3.335711e+01	1.296835e+03
1.390000e-06	4.766139e-06	2.215726e-08	3.371205e+01	1.314258e+03
1.400000e-06	4.814343e-06	2.241813e-08	3.405300e+01	1.330023e+03
1.410000e-06	4.860942e-06	2.265188e-08	3.438261e+01	1.344275e+03
1.420000e-06	4.905982e-06	2.286575e-08	3.470119e+01	1.357116e+03
1.430000e-06	4.949380e-06	2.305777e-08	3.500815e+01	1.368623e+03
1.440000e-06	4.990792e-06	2.322640e-08	3.530107e+01	1.378877e+03
1.450000e-06	5.030396e-06	2.337818e-08	3.558120e+01	1.387975e+03
1.460000e-06	5.068388e-06	2.351571e-08	3.584993e+01	1.396042e+03
1.470000e-06	5.104780e-06	2.363867e-08	3.610733e+01	1.403219e+03
1.480000e-06	5.139237e-06	2.374415e-08	3.635106e+01	1.409650e+03
1.490000e-06	5.171691e-06	2.383593e-08	3.658062e+01	1.415456e+03
1.500000e-06	5.202473e-06	2.391983e-08	3.679834e+01	1.420722e+03
1.510000e-06	5.231583e-06	2.399659e-08	3.700424e+01	1.425492e+03
1.520000e-06	5.258920e-06	2.406762e-08	3.719761e+01	1.429777e+03
1.530000e-06	5.284115e-06	2.413256e-08	3.737582e+01	1.433572e+03
1.540000e-06	5.307296e-06	2.419188e-08	3.753978e+01	1.436881e+03
1.550000e-06	5.328788e-06	2.424547e-08	3.769180e+01	1.439732e+03
1.560000e-06	5.348614e-06	2.428790e-08	3.783203e+01	1.442178e+03
1.570000e-06	5.366518e-06	2.432131e-08	3.795868e+01	1.444295e+03
1.580000e-06	5.382381e-06	2.435148e-08	3.807087e+01	1.446155e+03
1.590000e-06	5.396351e-06	2.437885e-08	3.816969e+01	1.447816e+03
1.600000e-06	5.408231e-06	2.440380e-08	3.825372e+01	1.449299e+03
1.610000e-06	5.417801e-06	2.442510e-08	3.832141e+01	1.450593e+03
1.620000e-06	5.425366e-06	2.444393e-08	3.837492e+01	1.451665e+03
1.630000e-06	5.431176e-06	2.445913e-08	3.841602e+01	1.452480e+03
1.640000e-06	5.435277e-06	2.446894e-08	3.844502e+01	1.453023e+03
1.650000e-06	5.437375e-06	2.446975e-08	3.845986e+01	1.453312e+03
1.660000e-06	5.437395e-06	2.446970e-08	3.846000e+01	1.453396e+03
1.670000e-06	5.435733e-06	2.447649e-08	3.844825e+01	1.453343e+03
1.680000e-06	5.432523e-06	2.447402e-08	3.842554e+01	1.453213e+03
1.690000e-06	5.427495e-06	2.446798e-08	3.838998e+01	1.453035e+03
1.700000e-06	5.420494e-06	2.446126e-08	3.834046e+01	1.452797e+03
1.710000e-06	5.411786e-06	2.445363e-08	3.827887e+01	1.452444e+03
1.720000e-06	5.401442e-06	2.444018e-08	3.820570e+01	1.451901e+03
1.730000e-06	5.389338e-06	2.439366e-08	3.812008e+01	1.451099e+03
1.740000e-06	5.375198e-06	2.440678e-08	3.802007e+01	1.450005e+03
1.750000e-06	5.359031e-06	2.447966e-08	3.790571e+01	1.448637e+03
1.760000e-06	5.340548e-06	2.443119e-08	3.777498e+01	1.447066e+03
1.770000e-06	5.319347e-06	2.435768e-08	3.762502e+01	1.445392e+03
1.780000e-06	5.295964e-06	2.421804e-08	3.745962e+01	1.443718e+03
1.790000e-06	5.271285e-06	2.412833e-08	3.728507e+01	1.442114e+03
1.800000e-06	5.245739e-06	2.438607e-08	3.710437e+01	1.440596e+03
1.810000e-06	5.218620e-06	2.423317e-08	3.691255e+01	1.439123e+03
1.820000e-06	5.189234e-06	2.405124e-08	3.670470e+01	1.437610e+03
1.830000e-06	5.158215e-06	2.430311e-08	3.648530e+01	1.435958e+03
1.840000e-06	5.125442e-06	2.414701e-08	3.625348e+01	1.434087e+03
1.850000e-06	5.090694e-06	2.411802e-08	3.600770e+01	1.431961e+03
1.860000e-06	5.054512e-06	2.416250e-08	3.575178e+01	1.429592e+03
1.870000e-06	5.016312e-06	2.383664e-08	3.548158e+01	1.427036e+03
1.880000e-06	4.976221e-06	2.397014e-08	3.519801e+01	1.424363e+03
1.890000e-06	4.934598e-06	2.405788e-08	3.490360e+01	1.421635e+03
1.900000e-06	4.891141e-06	2.383581e-08	3.459621e+01	1.418880e+03
1.910000e-06	4.846155e-06	2.388056e-08	3.427802e+01	1.416085e+03
1.920000e-06	4.799277e-06	2.373108e-08	3.394644e+01	1.413207e+03
1.930000e-06	4.750327e-06	2.378000e-08	3.360020e+01	1.410188e+03
1.940000e-06	4.699876e-06	2.377836e-08	3.324336e+01	1.406984e+03
1.950000e-06	4.647615e-06	2.348365e-08	3.287370e+01	1.403580e+03
1.960000e-06	4.593332e-06	2.357037e-08	3.248974e+01	1.399994e+03
1.970000e-06	4.537200e-06	2.355672e-08	3.209271e+01	1.396272e+03
1.980000e-06	4.479441e-06	2.347921e-08	3.168416e+01	1.392469e+03
1.990000e-06	4.420326e-06	2.333091e-08	3.126603e+01	1.388626e+03
2.000000e-06	4.359590e-06	2.321561e-08	3.083643e+01	1.384756e+03
2.010000e-06	4.297118e-06	2.334431e-08	3.039455e+01	1.380842e+03
2.020000e-06	4.233026e-06	2.316860e-08	2.994121e+01	1.376843e+03
2.030000e-06	4.167547e-06	2.306512e-08	2.947806e+01	1.372709e+03
2.040000e-06	4.100688e-06	2.301972e-08	2.900515e+01	1.368406e+03
2.050000e-06	4.032255e-06	2.296372e-08	2.852111e+01	1.363919e+03
2.060000e-06	3.962236e-06	2.296260e-08	2.802585e+01	1.359261e+03
2.070000e-06	3.890743e-06	2.274098e-08	2.752016e+01	1.354462e+03
2.080000e-06	3.817941e-06	2.269700e-08	2.700521e+01	1.349554e+03
2.090000e-06	3.743714e-06	2.265461e-08	2.648019e+01	1.344558e+03
2.100000e-06	3.668033e-06	2.257081e-08	2.594488e+01	1.339474e+03
2.110000e-06	3.590908e-06	2.246112e-08	2.539936e+01	1.334279e+03
2.120000e-06	3.512166e-06	2.231748e-08	2.484240e+01	1.328943e+03
2.130000e-06	3.432142e-06	2.231812e-08	2.427637e+01	1.323435e+03
2.140000e-06	3.351028e-06	2.220280e-08	2.370263e+01	1.317743e+03
2.150000e-06	3.268820e-06	2.207861e-08	2.312115e+01	1.311873e+03
2.160000e-06	3.185567e-06	2.194706e-08	2.253228e+01	1.305852e+03
2.170000e-06	3.101155e-06	2.188080e-08	2.193521e+01	1.299713e+03
2.180000e-06	3.015475e-06	2.182180e-08	2.132918e+01	1.293483e+03
2.190000e-06	2.928523e-06	2.165255e-08	2.071415e+01	1.287172e+03
2.200000e-06	2.840641e-06	2.153616e-08	2.009254e+01	1.280768e+03
2.210000e-06	2.751851e-06	2.144453e-08	1.946451e+01	1.274243e+03
2.220000e-06	2.662152e-06	2.137259e-08	1.883004e+01	1.267560e+03
2.230000e-06	2.571621e-06	2.121649e-08	1.818969e+01	1.260691e+03
2.240000e-06	2.480205e-06	2.106716e-08	1.754309e+01	1.253623e+03
2.250000e-06	2.387980e-06	2.098260e-08	1.689076e+01	1.246365e+03
2.260000e-06	2.294814e-06	2.088269e-08	1.623177e+01	1.238940e+03
2.270000e-06	2.200677e-06	2.073706e-08	1.556592e+01	1.231376e+03
2.280000e-06	2.105633e-06	2.056781e-08	1.489365e+01	1.223692e+03
2.290000e-06	2.009810e-06	2.046195e-08	1.421587e+01	1.215891e+03
2.300000e-06	1.913310e-06	2.035409e-08	1.353330e+01	1.207958e+03
2.310000e-06	1.816207e-06	2.019712e-08	1.284647e+01	1.199863e+03
2.320000e-06	1.718618e-06	2.002374e-08	1.215620e+01	1.191573e+03
2.330000e-06	1.620452e-06	1.989897e-08	1.146185e+01	1.183066e+03
2.340000e-06	1.521694e-06	1.978494e-08	1.076331e+01	1.174331e+03
2.350000e-06	1.422473e-06	1.962040e-08	1.006149e+01	1.165375e+03
2.360000e-06	1.322873e-06	1.943602e-08	9.356999e+00	1.156217e+03
2.370000e-06	1.222953e-06	1.928457e-08	8.650244e+00	1.146872e+03
2.380000e-06	1.122692e-06	1.915344e-08	7.941071e+00	1.137348e+03
2.390000e-06	1.022000e-06	1.897939e-08	7.228850e+00	1.127637e+03
2.400000e-06	9.208274e-07	1.878520e-08	6.513234e+00	1.117717e+03
2.410000e-06	8.191554e-07	1.862075e-08	5.794083e+00	1.107558e+03
2.420000e-06	7.170046e-07	1.847435e-08	5.071546e+00	1.097130e+03
2.430000e-06	6.144702e-07	1.828883e-08	4.346295e+00	1.086414e+03
2.440000e-06	5.117358e-07	1.807421e-08	3.619631e+00	1.075405e+03
2.450000e-06	4.088875e-07	1.788049e-08	2.892160e+00	1.064108e+03
2.460000e-06	3.058920e-07	1.771093e-08	2.163648e+00	1.052531e+03
2.470000e-06	2.027431e-07	1.751452e-08	1.434051e+00	1.040671e+03
2.480000e-06	9.954403e-08	1.728471e-08	7.040988e-01	1.028506e+03
2.490000e-06	-3.692937e-09	1.707138e-08	-2.612103e-02	1.015992e+03
2.500000e-06	-1.069387e-07	1.687298e-08	-7.564028e-01	1.003062e+03
2.510000e-06	-2.101081e-07	1.665186e-08	-1.486145e+00	9.896377e+02
2.520000e-06	-3.132126e-07	1.639262e-08	-2.215428e+00	9.756405e+02
2.530000e-06	-4.162145e-07	1.614094e-08	-2.943985e+00	9.610067e+02
2.540000e-06	-5.190306e-07	1.590524e-08	-3.671228e+00	9.456955e+02
2.550000e-06	-6.216223e-07	1.564402e-08	-4.396884e+00	9.296924e+02
2.560000e-06	-7.239791e-07	1.534424e-08	-5.120878e+00	9.130044e+02
2.570000e-06	-8.258823e-07	1.503833e-08	-5.841664e+00	8.956507e+02
2.580000e-06	-9.271495e-07	1.474991e-08	-6.557951e+00	8.776492e+02
2.590000e-06	-1.028008e-06	1.444634e-08	-7.271345e+00	8.590036e+02
2.600000e-06	-1.128501e-06	1.410972e-08	-7.982161e+00	8.396936e+02
2.610000e-06	-1.228560e-06	1.376539e-08	-8.689898e+00	8.196674e+02
2.620000e-06	-1.328231e-06	1.342784e-08	-9.394899e+00	7.988404e+02
2.630000e-06	-1.427513e-06	1.307092e-08	-1.009714e+01	7.770955e+02
2.640000e-06	-1.526264e-06	1.267170e-08	-1.079563e+01	7.542866e+02
2.650000e-06	-1.624432e-06	1.225256e-08	-1.149000e+01	7.302425e+02
2.660000e-06	-1.722139e-06	1.183402e-08	-1.218110e+01	7.047715e+02
2.670000e-06	-1.819233e-06	1.139165e-08	-1.286787e+01	6.776650e+02
2.680000e-06	-1.915646e-06	1.090155e-08	-1.354982e+01	6.487006e+02
2.690000e-06	-2.011502e-06	1.037022e-08	-1.422784e+01	6.176434e+02
2.700000e-06	-2.106825e-06	9.817372e-09	-1.490208e+01	5.842467e+02
2.710000e-06	-2.201513e-06	9.225818e-09	-1.557183e+01	5.482509e+02
2.720000e-06	-2.295223e-06	8.567897e-09	-1.623467e+01	5.093827e+02
2.730000e-06	-2.387798e-06	7.851726e-09	-1.688947e+01	4.673548e+02
2.740000e-06	-2.479494e-06	7.094276e-09	-1.753806e+01	4.218696e+02
2.750000e-06	-2.570409e-06	6.283366e-09	-1.818112e+01	3.726287e+02
2.760000e-06	-2.660413e-06	5.391746e-09	-1.881774e+01	3.193511e+02
2.770000e-06	-2.749336e-06	4.420104e-09	-1.944671e+01	2.618008e+02
2.780000e-06	-2.837334e-06	3.385419e-09	-2.006915e+01	1.998231e+02
2.790000e-06	-2.924647e-06	2.285277e-09	-2.068673e+01	1.333862e+02
2.800000e-06	-3.010906e-06	1.099811e-09	-2.129686e+01	6.262251e+01
2.810000e-06	-3.095707e-06	-1.637163e-10	-2.189668e+01	-1.213782e+01
2.820000e-06	-3.179314e-06	-1.472805e-09	-2.248805e+01	-9.034853e+01
2.830000e-06	-3.261983e-06	-2.815721e-09	-2.307279e+01	-1.712506e+02
2.840000e-06	-3.343624e-06	-4.198549e-09	-2.365026e+01	-2.539009e+02
2.850000e-06	-3.424121e-06	-5.607412e-09	-2.421963e+01	-3.372247e+02
2.860000e-06	-3.503509e-06	-7.001314e-09	-2.478116e+01	-4.200878e+02
2.870000e-06	-3.581439e-06	-8.359426e-09	-2.533238e+01	-5.013781e+02
2.880000e-06	-3.657733e-06	-9.684605e-09	-2.587203e+01	-5.800858e+02
2.890000e-06	-3.732649e-06	-1.096272e-08	-2.640192e+01	-6.553689e+02
2.900000e-06	-3.806178e-06	-1.216794e-08	-2.692201e+01	-7.265954e+02
2.910000e-06	-3.878401e-06	-1.328674e-08	-2.743286e+01	-7.933574e+02
2.920000e-06	-3.949379e-06	-1.432993e-08	-2.793491e+01	-8.554553e+02
2.930000e-06	-4.018714e-06	-1.530666e-08	-2.842533e+01	-9.128619e+02
2.940000e-06	-4.086399e-06	-1.620593e-08	-2.890408e+01	-9.656729e+02
2.950000e-06	-4.152771e-06	-1.702167e-08	-2.937355e+01	-1.014058e+03
2.960000e-06	-4.217755e-06	-1.776867e-08	-2.983319e+01	-1.058222e+03
2.970000e-06	-4.281394e-06	-1.845541e-08	-3.028333e+01	-1.098383e+03
2.980000e-06	-4.343428e-06	-1.907623e-08	-3.072211e+01	-1.134762e+03
2.990000e-06	-4.403663e-06	-1.962684e-08	-3.114817e+01	-1.167593e+03
3.000000e-06	-4.462375e-06	-2.012159e-08	-3.156345e+01	-1.197128e+03
3.010000e-06	-4.519616e-06	-2.057712e-08	-3.196833e+01	-1.223648e+03
3.020000e-06	-4.575382e-06	-2.098592e-08	-3.236278e+01	-1.247452e+03
3.030000e-06	-4.629342e-06	-2.134703e-08	-3.274445e+01	-1.268849e+03
3.040000e-06	-4.681255e-06	-2.167378e-08	-3.311164e+01	-1.288132e+03
3.050000e-06	-4.731421e-06	-2.197493e-08	-3.346648e+01	-1.305555e+03
3.060000e-06	-4.779636e-06	-2.224540e-08	-3.380752e+01	-1.321320e+03
3.070000e-06	-4.825893e-06	-2.248296e-08	-3.413470e+01	-1.335572e+03
3.080000e-06	-4.870556e-06	-2.269532e-08	-3.445062e+01	-1.348413e+03
3.090000e-06	-4.913653e-06	-2.289321e-08	-3.475545e+01	-1.359921e+03
3.100000e-06	-4.955244e-06	-2.307216e-08	-3.504963e+01	-1.370175e+03
3.110000e-06	-4.995305e-06	-2.322655e-08	-3.533299e+01	-1.379273e+03
3.120000e-06	-5.033583e-06	-2.336183e-08	-3.560374e+01	-1.387339e+03
3.130000e-06	-5.069942e-06	-2.348673e-08	-3.586092e+01	-1.394517e+03
3.140000e-06	-5.104455e-06	-2.360027e-08	-3.610504e+01	-1.400948e+03
3.150000e-06	-5.137200e-06	-2.369813e-08	-3.633665e+01	-1.406754e+03
3.160000e-06	-5.168142e-06	-2.378466e-08	-3.655551e+01	-1.412020e+03
3.170000e-06	-5.197094e-06	-2.386633e-08	-3.676029e+01	-1.416790e+03
3.180000e-06	-5.224216e-06	-2.394106e-08	-3.695214e+01	-1.421075e+03
3.190000e-06	-5.249601e-06	-2.400421e-08	-3.713169e+01	-1.424870e+03
3.200000e-06	-5.273202e-06	-2.405716e-08	-3.729862e+01	-1.428179e+03
3.210000e-06	-5.294775e-06	-2.410537e-08	-3.745122e+01	-1.431030e+03
3.220000e-06	-5.314365e-06	-2.414943e-08	-3.758978e+01	-1.433476e+03
3.230000e-06	-5.332238e-06	-2.418347e-08	-3.771620e+01	-1.435593e+03
3.240000e-06	-5.348330e-06	-2.421084e-08	-3.783002e+01	-1.437453e+03
3.250000e-06	-5.362313e-06	-2.423588e-08	-3.792893e+01	-1.439114e+03
3.260000e-06	-5.374040e-06	-2.426164e-08	-3.801188e+01	-1.440597e+03
3.270000e-06	-5.383857e-06	-2.428201e-08	-3.808132e+01	-1.441891e+03
3.280000e-06	-5.391900e-06	-2.429997e-08	-3.813821e+01	-1.442963e+03
3.290000e-06	-5.397972e-06	-2.431667e-08	-3.818116e+01	-1.443778e+03
3.300000e-06	-5.401974e-06	-2.433006e-08	-3.820946e+01	-1.444321e+03
3.310000e-06	-5.404164e-06	-2.433865e-08	-3.822495e+01	-1.444610e+03
3.320000e-06	-5.404599e-06	-2.433938e-08	-3.822803e+01	-1.444694e+03
