# Temperatura_=_45.76
# Concentracion g/m^3_=_20000.0
# C_Vs_to_Am_M_A/Vsm_=_59384043850.047264
# pendiente_HvsI_1/m_=_3716.3
# ordenada_HvsI_A/m_=_1297.0
# frecuencia_Hz_=_301195.9871275509

Tiempo_(s)	Campo_(V.s)	Magnetizacion_(V.s)	Campo_(kA/m)	Magnetizacion_(A/m)
0.000000e+00	-5.400493e-06	-2.443577e-08	-3.822481e+01	-1.451183e+03
1.000000e-08	-5.399354e-06	-2.443472e-08	-3.821675e+01	-1.451176e+03
2.000000e-08	-5.396190e-06	-2.443068e-08	-3.819435e+01	-1.451056e+03
3.000000e-08	-5.391247e-06	-2.442611e-08	-3.815936e+01	-1.450852e+03
4.000000e-08	-5.384716e-06	-2.442136e-08	-3.811314e+01	-1.450564e+03
5.000000e-08	-5.376491e-06	-2.441591e-08	-3.805492e+01	-1.450172e+03
6.000000e-08	-5.366392e-06	-2.440932e-08	-3.798344e+01	-1.449642e+03
7.000000e-08	-5.354233e-06	-2.440585e-08	-3.789738e+01	-1.448946e+03
8.000000e-08	-5.340118e-06	-2.440339e-08	-3.779748e+01	-1.448077e+03
9.000000e-08	-5.323786e-06	-2.435398e-08	-3.768188e+01	-1.447050e+03
1.000000e-07	-5.305072e-06	-2.428745e-08	-3.754942e+01	-1.445907e+03
1.100000e-07	-5.284279e-06	-2.429481e-08	-3.740224e+01	-1.444697e+03
1.200000e-07	-5.261721e-06	-2.430739e-08	-3.724258e+01	-1.443457e+03
1.300000e-07	-5.237687e-06	-2.431750e-08	-3.707247e+01	-1.442201e+03
1.400000e-07	-5.212333e-06	-2.432603e-08	-3.689301e+01	-1.440908e+03
1.500000e-07	-5.185317e-06	-2.419487e-08	-3.670179e+01	-1.439530e+03
1.600000e-07	-5.156410e-06	-2.416932e-08	-3.649718e+01	-1.438002e+03
1.700000e-07	-5.125966e-06	-2.423436e-08	-3.628170e+01	-1.436268e+03
1.800000e-07	-5.093819e-06	-2.409130e-08	-3.605416e+01	-1.434296e+03
1.900000e-07	-5.059496e-06	-2.404266e-08	-3.581122e+01	-1.432086e+03
2.000000e-07	-5.023435e-06	-2.406204e-08	-3.555599e+01	-1.429673e+03
2.100000e-07	-4.985847e-06	-2.399705e-08	-3.528993e+01	-1.427112e+03
2.200000e-07	-4.946502e-06	-2.401888e-08	-3.501145e+01	-1.424457e+03
2.300000e-07	-4.905416e-06	-2.394618e-08	-3.472064e+01	-1.421745e+03
2.400000e-07	-4.862340e-06	-2.381832e-08	-3.441575e+01	-1.418985e+03
2.500000e-07	-4.817379e-06	-2.381893e-08	-3.409751e+01	-1.416158e+03
2.600000e-07	-4.770752e-06	-2.380146e-08	-3.376749e+01	-1.413227e+03
2.700000e-07	-4.722237e-06	-2.375986e-08	-3.342410e+01	-1.410157e+03
2.800000e-07	-4.671739e-06	-2.368353e-08	-3.306667e+01	-1.406926e+03
2.900000e-07	-4.619206e-06	-2.362130e-08	-3.269485e+01	-1.403538e+03
3.000000e-07	-4.564743e-06	-2.361864e-08	-3.230935e+01	-1.400021e+03
3.100000e-07	-4.508753e-06	-2.354522e-08	-3.191306e+01	-1.396416e+03
3.200000e-07	-4.451173e-06	-2.344532e-08	-3.150550e+01	-1.392760e+03
3.300000e-07	-4.391840e-06	-2.337899e-08	-3.108554e+01	-1.389072e+03
3.400000e-07	-4.330944e-06	-2.336317e-08	-3.065452e+01	-1.385344e+03
3.500000e-07	-4.268607e-06	-2.331993e-08	-3.021329e+01	-1.381540e+03
3.600000e-07	-4.204911e-06	-2.320891e-08	-2.976245e+01	-1.377615e+03
3.700000e-07	-4.139698e-06	-2.314637e-08	-2.930087e+01	-1.373523e+03
3.800000e-07	-4.072788e-06	-2.310220e-08	-2.882728e+01	-1.369238e+03
3.900000e-07	-4.004275e-06	-2.302994e-08	-2.834235e+01	-1.364761e+03
4.000000e-07	-3.934355e-06	-2.292861e-08	-2.784745e+01	-1.360121e+03
4.100000e-07	-3.863204e-06	-2.282672e-08	-2.734384e+01	-1.355358e+03
4.200000e-07	-3.790714e-06	-2.277610e-08	-2.683076e+01	-1.350514e+03
4.300000e-07	-3.716632e-06	-2.271329e-08	-2.630640e+01	-1.345612e+03
4.400000e-07	-3.640910e-06	-2.261089e-08	-2.577044e+01	-1.340649e+03
4.500000e-07	-3.563774e-06	-2.250343e-08	-2.522447e+01	-1.335595e+03
4.600000e-07	-3.485272e-06	-2.242964e-08	-2.466883e+01	-1.330406e+03
4.700000e-07	-3.405326e-06	-2.236052e-08	-2.410297e+01	-1.325040e+03
4.800000e-07	-3.324082e-06	-2.224701e-08	-2.352792e+01	-1.319470e+03
4.900000e-07	-3.241603e-06	-2.213513e-08	-2.294413e+01	-1.313695e+03
5.000000e-07	-3.158090e-06	-2.204484e-08	-2.235303e+01	-1.307741e+03
5.100000e-07	-3.073612e-06	-2.195787e-08	-2.175509e+01	-1.301648e+03
5.200000e-07	-2.988156e-06	-2.184570e-08	-2.115023e+01	-1.295456e+03
5.300000e-07	-2.901775e-06	-2.172262e-08	-2.053883e+01	-1.289191e+03
5.400000e-07	-2.814487e-06	-2.162448e-08	-1.992100e+01	-1.282852e+03
5.500000e-07	-2.726241e-06	-2.153294e-08	-1.929640e+01	-1.276414e+03
5.600000e-07	-2.636921e-06	-2.141688e-08	-1.866418e+01	-1.269836e+03
5.700000e-07	-2.546522e-06	-2.128403e-08	-1.802434e+01	-1.263074e+03
5.800000e-07	-2.455083e-06	-2.117144e-08	-1.737713e+01	-1.256101e+03
5.900000e-07	-2.362742e-06	-2.106776e-08	-1.672354e+01	-1.248912e+03
6.000000e-07	-2.269670e-06	-2.093886e-08	-1.606477e+01	-1.241525e+03
6.100000e-07	-2.175886e-06	-2.079706e-08	-1.540097e+01	-1.233976e+03
6.200000e-07	-2.081351e-06	-2.066981e-08	-1.473185e+01	-1.226299e+03
6.300000e-07	-1.986063e-06	-2.055389e-08	-1.405740e+01	-1.218516e+03
6.400000e-07	-1.890067e-06	-2.042179e-08	-1.337794e+01	-1.210626e+03
6.500000e-07	-1.793382e-06	-2.027330e-08	-1.269360e+01	-1.202602e+03
6.600000e-07	-1.695974e-06	-2.013480e-08	-1.200414e+01	-1.194403e+03
6.700000e-07	-1.597903e-06	-2.000516e-08	-1.130999e+01	-1.185985e+03
6.800000e-07	-1.499236e-06	-1.985711e-08	-1.061162e+01	-1.177320e+03
6.900000e-07	-1.399949e-06	-1.969142e-08	-9.908871e+00	-1.168399e+03
7.000000e-07	-1.300110e-06	-1.953727e-08	-9.202209e+00	-1.159239e+03
7.100000e-07	-1.199787e-06	-1.939570e-08	-8.492122e+00	-1.149869e+03
7.200000e-07	-1.099054e-06	-1.924062e-08	-7.779128e+00	-1.140321e+03
7.300000e-07	-9.980068e-07	-1.906718e-08	-7.063914e+00	-1.130613e+03
7.400000e-07	-8.966568e-07	-1.889761e-08	-6.346557e+00	-1.120739e+03
7.500000e-07	-7.950375e-07	-1.873706e-08	-5.627293e+00	-1.110668e+03
7.600000e-07	-6.931307e-07	-1.856488e-08	-4.905995e+00	-1.100354e+03
7.700000e-07	-5.909685e-07	-1.837712e-08	-4.182888e+00	-1.089748e+03
7.800000e-07	-4.886045e-07	-1.819217e-08	-3.458353e+00	-1.078813e+03
7.900000e-07	-3.861100e-07	-1.801554e-08	-2.732895e+00	-1.067533e+03
8.000000e-07	-2.834838e-07	-1.782676e-08	-2.006504e+00	-1.055912e+03
8.100000e-07	-1.807394e-07	-1.761590e-08	-1.279277e+00	-1.043964e+03
8.200000e-07	-7.794528e-08	-1.740191e-08	-5.516984e-01	-1.031702e+03
8.300000e-07	2.487684e-08	-1.719457e-08	1.760788e-01	-1.019114e+03
8.400000e-07	1.276744e-07	-1.698097e-08	9.036821e-01	-1.006160e+03
8.500000e-07	2.304217e-07	-1.675187e-08	1.630930e+00	-9.927657e+02
8.600000e-07	3.331137e-07	-1.651610e-08	2.357786e+00	-9.788402e+02
8.700000e-07	4.357196e-07	-1.627987e-08	3.084033e+00	-9.642898e+02
8.800000e-07	5.381785e-07	-1.602989e-08	3.809239e+00	-9.490415e+02
8.900000e-07	6.404540e-07	-1.575352e-08	4.533148e+00	-9.330577e+02
9.000000e-07	7.425332e-07	-1.546295e-08	5.255666e+00	-9.163414e+02
9.100000e-07	8.443473e-07	-1.517271e-08	5.976309e+00	-8.989272e+02
9.200000e-07	9.458747e-07	-1.487642e-08	6.694922e+00	-8.808627e+02
9.300000e-07	1.047120e-06	-1.456160e-08	7.411542e+00	-8.621829e+02
9.400000e-07	1.148004e-06	-1.423185e-08	8.125600e+00	-8.428876e+02
9.500000e-07	1.248541e-06	-1.389784e-08	8.837198e+00	-8.229261e+02
9.600000e-07	1.348713e-06	-1.355377e-08	9.546223e+00	-8.021938e+02
9.700000e-07	1.448365e-06	-1.318648e-08	1.025156e+01	-7.805402e+02
9.800000e-07	1.547390e-06	-1.279708e-08	1.095246e+01	-7.577840e+02
9.900000e-07	1.645768e-06	-1.239323e-08	1.164878e+01	-7.337299e+02
1.000000e-06	1.743471e-06	-1.196959e-08	1.234032e+01	-7.081810e+02
1.010000e-06	1.840485e-06	-1.150958e-08	1.302699e+01	-6.809428e+02
1.020000e-06	1.936790e-06	-1.100985e-08	1.370864e+01	-6.518189e+02
1.030000e-06	2.032358e-06	-1.048003e-08	1.438508e+01	-6.206001e+02
1.040000e-06	2.127191e-06	-9.916925e-09	1.505631e+01	-5.870523e+02
1.050000e-06	2.221330e-06	-9.305799e-09	1.572263e+01	-5.509079e+02
1.060000e-06	2.314815e-06	-8.641379e-09	1.638431e+01	-5.118641e+02
1.070000e-06	2.407609e-06	-7.927035e-09	1.704111e+01	-4.695905e+02
1.080000e-06	2.499602e-06	-7.157871e-09	1.769224e+01	-4.237444e+02
1.090000e-06	2.590712e-06	-6.315470e-09	1.833711e+01	-3.739929e+02
1.100000e-06	2.680775e-06	-5.393679e-09	1.897458e+01	-3.200392e+02
1.110000e-06	2.769728e-06	-4.400267e-09	1.960419e+01	-2.616521e+02
1.120000e-06	2.857687e-06	-3.336520e-09	2.022677e+01	-1.986971e+02
1.130000e-06	2.944682e-06	-2.195282e-09	2.084253e+01	-1.311695e+02
1.140000e-06	3.030725e-06	-9.729963e-10	2.145154e+01	-5.922759e+01
1.150000e-06	3.115785e-06	3.174717e-10	2.205359e+01	1.677889e+01
1.160000e-06	3.199930e-06	1.661548e-09	2.264917e+01	9.628928e+01
1.170000e-06	3.282998e-06	3.051951e-09	2.323713e+01	1.785301e+02
1.180000e-06	3.364752e-06	4.477013e-09	2.381579e+01	2.625363e+02
1.190000e-06	3.445226e-06	5.914013e-09	2.438539e+01	3.471993e+02
1.200000e-06	3.524443e-06	7.334527e-09	2.494608e+01	4.313385e+02
1.210000e-06	3.602447e-06	8.722345e-09	2.549820e+01	5.137898e+02
1.220000e-06	3.679182e-06	1.006785e-08	2.604133e+01	5.934949e+02
1.230000e-06	3.754486e-06	1.135132e-08	2.657433e+01	6.695793e+02
1.240000e-06	3.828212e-06	1.255841e-08	2.709617e+01	7.414017e+02
1.250000e-06	3.900489e-06	1.368516e-08	2.760775e+01	8.085695e+02
1.260000e-06	3.971442e-06	1.473441e-08	2.810996e+01	8.709192e+02
1.270000e-06	4.040996e-06	1.570450e-08	2.860226e+01	9.284687e+02
1.280000e-06	4.109251e-06	1.659241e-08	2.908537e+01	9.813568e+02
1.290000e-06	4.175998e-06	1.740346e-08	2.955780e+01	1.029784e+03
1.300000e-06	4.241113e-06	1.814487e-08	3.001869e+01	1.073972e+03
1.310000e-06	4.304708e-06	1.881966e-08	3.046882e+01	1.114135e+03
1.320000e-06	4.366831e-06	1.942787e-08	3.090853e+01	1.150490e+03
1.330000e-06	4.427608e-06	1.997421e-08	3.133871e+01	1.183260e+03
1.340000e-06	4.486931e-06	2.046615e-08	3.175859e+01	1.212697e+03
1.350000e-06	4.544549e-06	2.090697e-08	3.216642e+01	1.239087e+03
1.360000e-06	4.600430e-06	2.130140e-08	3.256195e+01	1.262745e+03
1.370000e-06	4.654698e-06	2.165720e-08	3.294605e+01	1.283994e+03
1.380000e-06	4.707189e-06	2.197891e-08	3.331759e+01	1.303140e+03
1.390000e-06	4.757577e-06	2.226834e-08	3.367424e+01	1.320444e+03
1.400000e-06	4.805946e-06	2.252704e-08	3.401659e+01	1.336106e+03
1.410000e-06	4.852703e-06	2.275939e-08	3.434754e+01	1.350262e+03
1.420000e-06	4.897928e-06	2.297088e-08	3.466764e+01	1.363008e+03
1.430000e-06	4.941450e-06	2.316201e-08	3.497569e+01	1.374416e+03
1.440000e-06	4.983053e-06	2.333099e-08	3.527016e+01	1.384567e+03
1.450000e-06	5.022828e-06	2.348164e-08	3.555169e+01	1.393565e+03
1.460000e-06	5.060894e-06	2.361675e-08	3.582112e+01	1.401544e+03
1.470000e-06	5.097304e-06	2.373599e-08	3.607883e+01	1.408654e+03
1.480000e-06	5.131929e-06	2.384003e-08	3.632390e+01	1.415043e+03
1.490000e-06	5.164588e-06	2.393288e-08	3.655507e+01	1.420832e+03
1.500000e-06	5.195483e-06	2.401891e-08	3.677374e+01	1.426102e+03
1.510000e-06	5.224774e-06	2.409822e-08	3.698107e+01	1.430892e+03
1.520000e-06	5.252258e-06	2.416995e-08	3.717560e+01	1.435206e+03
1.530000e-06	5.277585e-06	2.423435e-08	3.735486e+01	1.439037e+03
1.540000e-06	5.300954e-06	2.429221e-08	3.752027e+01	1.442386e+03
1.550000e-06	5.322619e-06	2.434297e-08	3.767362e+01	1.445276e+03
1.560000e-06	5.342600e-06	2.438496e-08	3.781504e+01	1.447758e+03
1.570000e-06	5.360702e-06	2.441995e-08	3.794317e+01	1.449902e+03
1.580000e-06	5.376803e-06	2.444999e-08	3.805713e+01	1.451779e+03
1.590000e-06	5.391010e-06	2.447713e-08	3.815769e+01	1.453443e+03
1.600000e-06	5.403153e-06	2.450302e-08	3.824364e+01	1.454923e+03
1.610000e-06	5.413012e-06	2.452600e-08	3.831342e+01	1.456216e+03
1.620000e-06	5.420822e-06	2.454606e-08	3.836870e+01	1.457300e+03
1.630000e-06	5.426858e-06	2.456244e-08	3.841142e+01	1.458149e+03
1.640000e-06	5.431124e-06	2.457289e-08	3.844162e+01	1.458749e+03
1.650000e-06	5.433443e-06	2.457515e-08	3.845803e+01	1.459111e+03
1.660000e-06	5.433721e-06	2.457302e-08	3.846000e+01	1.459267e+03
1.670000e-06	5.432201e-06	2.457497e-08	3.844924e+01	1.459265e+03
1.680000e-06	5.429094e-06	2.457621e-08	3.842725e+01	1.459149e+03
1.690000e-06	5.424303e-06	2.457201e-08	3.839334e+01	1.458947e+03
1.700000e-06	5.417553e-06	2.456645e-08	3.834556e+01	1.458663e+03
1.710000e-06	5.409025e-06	2.456011e-08	3.828520e+01	1.458276e+03
1.720000e-06	5.398946e-06	2.454780e-08	3.821386e+01	1.457752e+03
1.730000e-06	5.387105e-06	2.451650e-08	3.813005e+01	1.457063e+03
1.740000e-06	5.373252e-06	2.451253e-08	3.803199e+01	1.456199e+03
1.750000e-06	5.357345e-06	2.456738e-08	3.791941e+01	1.455179e+03
1.760000e-06	5.339128e-06	2.454843e-08	3.779047e+01	1.454039e+03
1.770000e-06	5.318228e-06	2.448653e-08	3.764254e+01	1.452831e+03
1.780000e-06	5.295032e-06	2.439758e-08	3.747835e+01	1.451592e+03
1.790000e-06	5.270471e-06	2.432028e-08	3.730451e+01	1.450337e+03
1.800000e-06	5.245050e-06	2.447813e-08	3.712458e+01	1.449046e+03
1.810000e-06	5.218093e-06	2.446803e-08	3.693378e+01	1.447672e+03
1.820000e-06	5.188872e-06	2.426276e-08	3.672695e+01	1.446152e+03
1.830000e-06	5.157947e-06	2.435839e-08	3.650806e+01	1.444426e+03
1.840000e-06	5.125385e-06	2.435481e-08	3.627759e+01	1.442463e+03
1.850000e-06	5.090890e-06	2.425827e-08	3.603343e+01	1.440261e+03
1.860000e-06	5.054795e-06	2.429679e-08	3.577795e+01	1.437856e+03
1.870000e-06	5.016811e-06	2.413672e-08	3.550910e+01	1.435299e+03
1.880000e-06	4.976905e-06	2.411145e-08	3.522665e+01	1.432647e+03
1.890000e-06	4.935430e-06	2.419138e-08	3.493309e+01	1.429937e+03
1.900000e-06	4.892185e-06	2.403788e-08	3.462699e+01	1.427179e+03
1.910000e-06	4.847296e-06	2.397631e-08	3.430927e+01	1.424355e+03
1.920000e-06	4.800607e-06	2.392262e-08	3.397880e+01	1.421430e+03
1.930000e-06	4.751945e-06	2.390992e-08	3.363437e+01	1.418365e+03
1.940000e-06	4.701673e-06	2.390339e-08	3.327854e+01	1.415140e+03
1.950000e-06	4.649555e-06	2.369239e-08	3.290965e+01	1.411758e+03
1.960000e-06	4.595452e-06	2.368223e-08	3.252671e+01	1.408246e+03
1.970000e-06	4.539531e-06	2.369379e-08	3.213090e+01	1.404643e+03
1.980000e-06	4.481935e-06	2.359982e-08	3.172324e+01	1.400989e+03
1.990000e-06	4.422938e-06	2.351259e-08	3.130565e+01	1.397302e+03
2.000000e-06	4.362310e-06	2.338712e-08	3.087652e+01	1.393576e+03
2.010000e-06	4.299929e-06	2.341698e-08	3.043499e+01	1.389777e+03
2.020000e-06	4.236049e-06	2.333861e-08	2.998285e+01	1.385857e+03
2.030000e-06	4.170720e-06	2.321017e-08	2.952045e+01	1.381772e+03
2.040000e-06	4.104055e-06	2.316402e-08	2.904859e+01	1.377494e+03
2.050000e-06	4.035852e-06	2.309071e-08	2.856585e+01	1.373024e+03
2.060000e-06	3.966059e-06	2.306093e-08	2.807185e+01	1.368389e+03
2.070000e-06	3.894794e-06	2.291155e-08	2.756744e+01	1.363630e+03
2.080000e-06	3.822114e-06	2.281438e-08	2.705300e+01	1.358789e+03
2.090000e-06	3.748076e-06	2.278564e-08	2.652897e+01	1.353890e+03
2.100000e-06	3.672517e-06	2.270771e-08	2.599415e+01	1.348929e+03
2.110000e-06	3.595399e-06	2.261501e-08	2.544832e+01	1.343879e+03
2.120000e-06	3.516814e-06	2.247798e-08	2.489209e+01	1.338697e+03
2.130000e-06	3.436969e-06	2.243304e-08	2.432694e+01	1.333338e+03
2.140000e-06	3.355953e-06	2.235617e-08	2.375351e+01	1.327776e+03
2.150000e-06	3.273908e-06	2.223521e-08	2.317279e+01	1.322008e+03
2.160000e-06	3.190890e-06	2.212052e-08	2.258519e+01	1.316060e+03
2.170000e-06	3.106577e-06	2.202447e-08	2.198842e+01	1.309971e+03
2.180000e-06	3.021027e-06	2.195941e-08	2.138289e+01	1.303783e+03
2.190000e-06	2.934363e-06	2.182633e-08	2.076949e+01	1.297521e+03
2.200000e-06	2.846656e-06	2.170223e-08	2.014870e+01	1.291185e+03
2.210000e-06	2.757995e-06	2.160729e-08	1.952115e+01	1.284752e+03
2.220000e-06	2.668372e-06	2.152338e-08	1.888680e+01	1.278180e+03
2.230000e-06	2.577986e-06	2.139724e-08	1.824704e+01	1.271426e+03
2.240000e-06	2.486882e-06	2.124691e-08	1.760220e+01	1.264461e+03
2.250000e-06	2.394797e-06	2.114187e-08	1.695042e+01	1.257279e+03
2.260000e-06	2.301676e-06	2.104011e-08	1.629131e+01	1.249899e+03
2.270000e-06	2.207776e-06	2.091062e-08	1.562669e+01	1.242356e+03
2.280000e-06	2.113059e-06	2.075484e-08	1.495628e+01	1.234683e+03
2.290000e-06	2.017448e-06	2.062908e-08	1.427954e+01	1.226904e+03
2.300000e-06	1.921092e-06	2.052036e-08	1.359753e+01	1.219019e+03
2.310000e-06	1.824199e-06	2.037919e-08	1.291172e+01	1.211000e+03
2.320000e-06	1.726784e-06	2.021744e-08	1.222222e+01	1.202809e+03
2.330000e-06	1.628823e-06	2.007891e-08	1.152884e+01	1.194400e+03
2.340000e-06	1.530405e-06	1.995885e-08	1.083224e+01	1.185744e+03
2.350000e-06	1.431484e-06	1.980852e-08	1.013207e+01	1.176833e+03
2.360000e-06	1.332046e-06	1.963228e-08	9.428248e+00	1.167681e+03
2.370000e-06	1.232105e-06	1.946937e-08	8.720867e+00	1.158318e+03
2.380000e-06	1.131725e-06	1.932762e-08	8.010375e+00	1.148777e+03
2.390000e-06	1.030934e-06	1.916675e-08	7.296973e+00	1.139075e+03
2.400000e-06	9.297224e-07	1.898154e-08	6.580596e+00	1.129207e+03
2.410000e-06	8.281720e-07	1.880878e-08	5.861819e+00	1.119145e+03
2.420000e-06	7.262652e-07	1.865361e-08	5.140521e+00	1.108841e+03
2.430000e-06	6.239962e-07	1.847865e-08	4.416659e+00	1.098246e+03
2.440000e-06	5.215284e-07	1.827554e-08	3.691390e+00	1.087324e+03
2.450000e-06	4.189293e-07	1.807682e-08	2.965191e+00	1.076056e+03
2.460000e-06	3.161176e-07	1.789656e-08	2.237487e+00	1.064447e+03
2.470000e-06	2.131317e-07	1.770517e-08	1.508551e+00	1.052512e+03
2.480000e-06	1.100466e-07	1.748527e-08	7.789126e-01	1.040261e+03
2.490000e-06	6.925099e-09	1.726507e-08	4.901600e-02	1.027685e+03
2.500000e-06	-9.614807e-08	1.705802e-08	-6.805382e-01	1.014745e+03
2.510000e-06	-1.991416e-07	1.684247e-08	-1.409529e+00	1.001369e+03
2.520000e-06	-3.020770e-07	1.659840e-08	-2.138108e+00	9.874646e+02
2.530000e-06	-4.048171e-07	1.634542e-08	-2.865305e+00	9.729383e+02
2.540000e-06	-5.072983e-07	1.609989e-08	-3.590669e+00	9.577162e+02
2.550000e-06	-6.095848e-07	1.583987e-08	-4.314654e+00	9.417592e+02
2.560000e-06	-7.116208e-07	1.554809e-08	-5.036868e+00	9.250689e+02
2.570000e-06	-8.132983e-07	1.524100e-08	-5.756544e+00	9.076792e+02
2.580000e-06	-9.145765e-07	1.494293e-08	-6.473393e+00	8.896375e+02
2.590000e-06	-1.015548e-06	1.464046e-08	-7.188072e+00	8.709798e+02
2.600000e-06	-1.116141e-06	1.431374e-08	-7.900071e+00	8.517074e+02
2.610000e-06	-1.216250e-06	1.397170e-08	-8.608645e+00	8.317715e+02
2.620000e-06	-1.315902e-06	1.362642e-08	-9.313980e+00	8.110695e+02
2.630000e-06	-1.415140e-06	1.327034e-08	-1.001639e+01	7.894521e+02
2.640000e-06	-1.513892e-06	1.288319e-08	-1.071536e+01	7.667389e+02
2.650000e-06	-1.612045e-06	1.246855e-08	-1.141009e+01	7.427349e+02
2.660000e-06	-1.709681e-06	1.204285e-08	-1.210116e+01	7.172431e+02
2.670000e-06	-1.806821e-06	1.159572e-08	-1.278872e+01	6.900690e+02
2.680000e-06	-1.903359e-06	1.111027e-08	-1.347201e+01	6.610163e+02
2.690000e-06	-1.999304e-06	1.058278e-08	-1.415112e+01	6.298765e+02
2.700000e-06	-2.094630e-06	1.002342e-08	-1.482584e+01	5.964167e+02
2.710000e-06	-2.189209e-06	9.428669e-09	-1.549527e+01	5.603703e+02
2.720000e-06	-2.282924e-06	8.778175e-09	-1.615859e+01	5.214360e+02
2.730000e-06	-2.375719e-06	8.066327e-09	-1.681539e+01	4.792840e+02
2.740000e-06	-2.467601e-06	7.299198e-09	-1.746573e+01	4.335717e+02
2.750000e-06	-2.558557e-06	6.475357e-09	-1.810953e+01	3.839654e+02
2.760000e-06	-2.648555e-06	5.576979e-09	-1.874653e+01	3.301667e+02
2.770000e-06	-2.737586e-06	4.598817e-09	-1.937670e+01	2.719413e+02
2.780000e-06	-2.825671e-06	3.550074e-09	-2.000016e+01	2.091507e+02
2.790000e-06	-2.912871e-06	2.429535e-09	-2.061737e+01	1.417851e+02
2.800000e-06	-2.999147e-06	1.229222e-09	-2.122803e+01	6.999638e+01
2.810000e-06	-3.084194e-06	-4.703193e-11	-2.182999e+01	-5.872953e+00
2.820000e-06	-3.168003e-06	-1.378368e-09	-2.242320e+01	-8.526993e+01
2.830000e-06	-3.250731e-06	-2.749503e-09	-2.300875e+01	-1.674285e+02
2.840000e-06	-3.332382e-06	-4.155772e-09	-2.358668e+01	-2.513897e+02
2.850000e-06	-3.412864e-06	-5.582955e-09	-2.415633e+01	-3.360490e+02
2.860000e-06	-3.492170e-06	-7.000473e-09	-2.471766e+01	-4.202270e+02
2.870000e-06	-3.570131e-06	-8.384924e-09	-2.526946e+01	-5.027573e+02
2.880000e-06	-3.646575e-06	-9.727020e-09	-2.581054e+01	-5.825765e+02
2.890000e-06	-3.721613e-06	-1.101495e-08	-2.634166e+01	-6.588023e+02
2.900000e-06	-3.795315e-06	-1.223245e-08	-2.686332e+01	-7.307848e+02
2.910000e-06	-3.867697e-06	-1.336552e-08	-2.737565e+01	-7.981226e+02
2.920000e-06	-3.938705e-06	-1.441551e-08	-2.787824e+01	-8.606446e+02
2.930000e-06	-4.008167e-06	-1.539261e-08	-2.836990e+01	-9.183633e+02
2.940000e-06	-4.076047e-06	-1.629410e-08	-2.885035e+01	-9.714143e+02
2.950000e-06	-4.142507e-06	-1.711439e-08	-2.932075e+01	-1.019997e+03
2.960000e-06	-4.207595e-06	-1.786126e-08	-2.978145e+01	-1.064332e+03
2.970000e-06	-4.271362e-06	-1.854449e-08	-3.023279e+01	-1.104635e+03
2.980000e-06	-4.333560e-06	-1.916544e-08	-3.067303e+01	-1.141122e+03
2.990000e-06	-4.393963e-06	-1.972126e-08	-3.110057e+01	-1.174015e+03
3.000000e-06	-4.452776e-06	-2.021773e-08	-3.151685e+01	-1.203566e+03
3.010000e-06	-4.510079e-06	-2.066661e-08	-3.192244e+01	-1.230059e+03
3.020000e-06	-4.565871e-06	-2.107351e-08	-3.231734e+01	-1.253809e+03
3.030000e-06	-4.619990e-06	-2.143680e-08	-3.270039e+01	-1.275138e+03
3.040000e-06	-4.672154e-06	-2.176160e-08	-3.306961e+01	-1.294354e+03
3.050000e-06	-4.722437e-06	-2.205710e-08	-3.342551e+01	-1.311720e+03
3.060000e-06	-4.770822e-06	-2.232610e-08	-3.376799e+01	-1.327437e+03
3.070000e-06	-4.817297e-06	-2.256696e-08	-3.409693e+01	-1.341645e+03
3.080000e-06	-4.862107e-06	-2.278070e-08	-3.441410e+01	-1.354440e+03
3.090000e-06	-4.905348e-06	-2.297414e-08	-3.472016e+01	-1.365894e+03
3.100000e-06	-4.947062e-06	-2.314966e-08	-3.501542e+01	-1.376088e+03
3.110000e-06	-4.987291e-06	-2.330684e-08	-3.530015e+01	-1.385125e+03
3.120000e-06	-5.025822e-06	-2.344496e-08	-3.557288e+01	-1.393137e+03
3.130000e-06	-5.062386e-06	-2.356708e-08	-3.583168e+01	-1.400275e+03
3.140000e-06	-5.097054e-06	-2.367619e-08	-3.607706e+01	-1.406687e+03
3.150000e-06	-5.129994e-06	-2.377520e-08	-3.631021e+01	-1.412495e+03
3.160000e-06	-5.161175e-06	-2.386464e-08	-3.653091e+01	-1.417782e+03
3.170000e-06	-5.190421e-06	-2.394511e-08	-3.673792e+01	-1.422589e+03
3.180000e-06	-5.217759e-06	-2.401882e-08	-3.693142e+01	-1.426920e+03
3.190000e-06	-5.243276e-06	-2.408354e-08	-3.711202e+01	-1.430768e+03
3.200000e-06	-5.266963e-06	-2.413929e-08	-3.727968e+01	-1.434133e+03
3.210000e-06	-5.288773e-06	-2.418886e-08	-3.743405e+01	-1.437039e+03
3.220000e-06	-5.308641e-06	-2.423282e-08	-3.757468e+01	-1.439534e+03
3.230000e-06	-5.326668e-06	-2.427165e-08	-3.770227e+01	-1.441688e+03
3.240000e-06	-5.342893e-06	-2.430340e-08	-3.781712e+01	-1.443573e+03
3.250000e-06	-5.357099e-06	-2.432932e-08	-3.791767e+01	-1.445244e+03
3.260000e-06	-5.369083e-06	-2.435235e-08	-3.800249e+01	-1.446730e+03
3.270000e-06	-5.379037e-06	-2.437178e-08	-3.807295e+01	-1.448030e+03
3.280000e-06	-5.387177e-06	-2.438945e-08	-3.813056e+01	-1.449121e+03
3.290000e-06	-5.393422e-06	-2.440483e-08	-3.817476e+01	-1.449978e+03
3.300000e-06	-5.397648e-06	-2.441683e-08	-3.820467e+01	-1.450587e+03
3.310000e-06	-5.400041e-06	-2.442603e-08	-3.822161e+01	-1.450957e+03
3.320000e-06	-5.400713e-06	-2.443219e-08	-3.822636e+01	-1.451119e+03
