# Temperatura_=_28.71
# Concentracion g/m^3_=_22500.0
# C_Vs_to_Am_M_A/Vsm_=_59384043850.047264
# pendiente_HvsI_1/m_=_3716.3
# ordenada_HvsI_A/m_=_1297.0
# frecuencia_Hz_=_301420.3687617235

Tiempo_(s)	Campo_(V.s)	Magnetizacion_(V.s)	Campo_(kA/m)	Magnetizacion_(A/m)
0.000000e+00	-6.686783e-06	-2.317845e-08	-4.767400e+01	-1.375330e+03
1.000000e-08	-6.684027e-06	-2.317008e-08	-4.765435e+01	-1.374972e+03
2.000000e-08	-6.678920e-06	-2.316034e-08	-4.761794e+01	-1.374484e+03
3.000000e-08	-6.671795e-06	-2.315043e-08	-4.756715e+01	-1.373853e+03
4.000000e-08	-6.662607e-06	-2.314030e-08	-4.750164e+01	-1.373056e+03
5.000000e-08	-6.651026e-06	-2.312355e-08	-4.741907e+01	-1.372071e+03
6.000000e-08	-6.636960e-06	-2.310380e-08	-4.731879e+01	-1.370883e+03
7.000000e-08	-6.620399e-06	-2.308787e-08	-4.720071e+01	-1.369487e+03
8.000000e-08	-6.601483e-06	-2.305026e-08	-4.706585e+01	-1.367890e+03
9.000000e-08	-6.580271e-06	-2.298610e-08	-4.691461e+01	-1.366108e+03
1.000000e-07	-6.556481e-06	-2.295385e-08	-4.674501e+01	-1.364157e+03
1.100000e-07	-6.530027e-06	-2.294972e-08	-4.655640e+01	-1.362048e+03
1.200000e-07	-6.501204e-06	-2.292418e-08	-4.635090e+01	-1.359791e+03
1.300000e-07	-6.470573e-06	-2.289442e-08	-4.613252e+01	-1.357384e+03
1.400000e-07	-6.438373e-06	-2.286391e-08	-4.590294e+01	-1.354826e+03
1.500000e-07	-6.404160e-06	-2.277101e-08	-4.565902e+01	-1.352114e+03
1.600000e-07	-6.367662e-06	-2.273541e-08	-4.539880e+01	-1.349243e+03
1.700000e-07	-6.329162e-06	-2.270233e-08	-4.512431e+01	-1.346211e+03
1.800000e-07	-6.288420e-06	-2.260257e-08	-4.483384e+01	-1.343011e+03
1.900000e-07	-6.245165e-06	-2.257147e-08	-4.452545e+01	-1.339636e+03
2.000000e-07	-6.199705e-06	-2.251857e-08	-4.420133e+01	-1.336075e+03
2.100000e-07	-6.152019e-06	-2.246791e-08	-4.386136e+01	-1.332315e+03
2.200000e-07	-6.101772e-06	-2.240910e-08	-4.350312e+01	-1.328349e+03
2.300000e-07	-6.048968e-06	-2.229706e-08	-4.312665e+01	-1.324174e+03
2.400000e-07	-5.993838e-06	-2.222653e-08	-4.273359e+01	-1.319795e+03
2.500000e-07	-5.936482e-06	-2.215855e-08	-4.232467e+01	-1.315225e+03
2.600000e-07	-5.876905e-06	-2.207580e-08	-4.189991e+01	-1.310477e+03
2.700000e-07	-5.815225e-06	-2.200379e-08	-4.146015e+01	-1.305558e+03
2.800000e-07	-5.751530e-06	-2.191805e-08	-4.100603e+01	-1.300468e+03
2.900000e-07	-5.685776e-06	-2.183219e-08	-4.053724e+01	-1.295195e+03
3.000000e-07	-5.617880e-06	-2.173284e-08	-4.005316e+01	-1.289721e+03
3.100000e-07	-5.547882e-06	-2.163057e-08	-3.955411e+01	-1.284026e+03
3.200000e-07	-5.475943e-06	-2.151997e-08	-3.904121e+01	-1.278098e+03
3.300000e-07	-5.402030e-06	-2.141999e-08	-3.851425e+01	-1.271934e+03
3.400000e-07	-5.325959e-06	-2.133580e-08	-3.797189e+01	-1.265542e+03
3.500000e-07	-5.247653e-06	-2.121545e-08	-3.741360e+01	-1.258937e+03
3.600000e-07	-5.167193e-06	-2.109734e-08	-3.683996e+01	-1.252130e+03
3.700000e-07	-5.084824e-06	-2.097882e-08	-3.625269e+01	-1.245125e+03
3.800000e-07	-5.000776e-06	-2.085615e-08	-3.565347e+01	-1.237909e+03
3.900000e-07	-4.915136e-06	-2.072579e-08	-3.504289e+01	-1.230461e+03
4.000000e-07	-4.827961e-06	-2.059106e-08	-3.442137e+01	-1.222753e+03
4.100000e-07	-4.739122e-06	-2.046213e-08	-3.378798e+01	-1.214764e+03
4.200000e-07	-4.648566e-06	-2.032722e-08	-3.314236e+01	-1.206485e+03
4.300000e-07	-4.556309e-06	-2.018761e-08	-3.248460e+01	-1.197924e+03
4.400000e-07	-4.462346e-06	-2.003590e-08	-3.181469e+01	-1.189104e+03
4.500000e-07	-4.366793e-06	-1.988325e-08	-3.113343e+01	-1.180051e+03
4.600000e-07	-4.269643e-06	-1.972873e-08	-3.044079e+01	-1.170784e+03
4.700000e-07	-4.170948e-06	-1.956618e-08	-2.973714e+01	-1.161305e+03
4.800000e-07	-4.070681e-06	-1.939779e-08	-2.902228e+01	-1.151601e+03
4.900000e-07	-3.968972e-06	-1.922889e-08	-2.829713e+01	-1.141640e+03
5.000000e-07	-3.866012e-06	-1.906145e-08	-2.756307e+01	-1.131391e+03
5.100000e-07	-3.761627e-06	-1.888432e-08	-2.681885e+01	-1.120825e+03
5.200000e-07	-3.655805e-06	-1.869922e-08	-2.606438e+01	-1.109934e+03
5.300000e-07	-3.548661e-06	-1.851176e-08	-2.530049e+01	-1.098725e+03
5.400000e-07	-3.440177e-06	-1.831966e-08	-2.452704e+01	-1.087218e+03
5.500000e-07	-3.330435e-06	-1.811993e-08	-2.374463e+01	-1.075436e+03
5.600000e-07	-3.219614e-06	-1.791197e-08	-2.295452e+01	-1.063394e+03
5.700000e-07	-3.107672e-06	-1.770271e-08	-2.215642e+01	-1.051092e+03
5.800000e-07	-2.994469e-06	-1.749256e-08	-2.134933e+01	-1.038516e+03
5.900000e-07	-2.880159e-06	-1.727643e-08	-2.053435e+01	-1.025641e+03
6.000000e-07	-2.764720e-06	-1.705166e-08	-1.971131e+01	-1.012445e+03
6.100000e-07	-2.648071e-06	-1.682340e-08	-1.887965e+01	-9.989136e+02
6.200000e-07	-2.530392e-06	-1.659439e-08	-1.804065e+01	-9.850468e+02
6.300000e-07	-2.411820e-06	-1.635858e-08	-1.719528e+01	-9.708559e+02
6.400000e-07	-2.292491e-06	-1.611174e-08	-1.634452e+01	-9.563551e+02
6.500000e-07	-2.172356e-06	-1.585794e-08	-1.548800e+01	-9.415526e+02
6.600000e-07	-2.051352e-06	-1.560139e-08	-1.462529e+01	-9.264438e+02
6.700000e-07	-1.929570e-06	-1.533979e-08	-1.375704e+01	-9.110105e+02
6.800000e-07	-1.807138e-06	-1.507092e-08	-1.288415e+01	-8.952260e+02
6.900000e-07	-1.684135e-06	-1.479842e-08	-1.200719e+01	-8.790641e+02
7.000000e-07	-1.560469e-06	-1.452607e-08	-1.112550e+01	-8.625074e+02
7.100000e-07	-1.436111e-06	-1.424639e-08	-1.023888e+01	-8.455515e+02
7.200000e-07	-1.311212e-06	-1.395436e-08	-9.348398e+00	-8.282014e+02
7.300000e-07	-1.185874e-06	-1.365195e-08	-8.454795e+00	-8.104638e+02
7.400000e-07	-1.060124e-06	-1.334330e-08	-7.558244e+00	-7.923363e+02
7.500000e-07	-9.340712e-07	-1.302717e-08	-6.659542e+00	-7.738004e+02
7.600000e-07	-8.077520e-07	-1.270338e-08	-5.758938e+00	-7.548198e+02
7.700000e-07	-6.811065e-07	-1.237704e-08	-4.856008e+00	-7.353459e+02
7.800000e-07	-5.542475e-07	-1.204771e-08	-3.951556e+00	-7.153262e+02
7.900000e-07	-4.272966e-07	-1.170878e-08	-3.046448e+00	-6.947109e+02
8.000000e-07	-3.002005e-07	-1.135214e-08	-2.140305e+00	-6.734533e+02
8.100000e-07	-1.729744e-07	-1.097696e-08	-1.233236e+00	-6.515020e+02
8.200000e-07	-4.569694e-08	-1.058903e-08	-3.258003e-01	-6.287872e+02
8.300000e-07	8.158918e-08	-1.018920e-08	5.816972e-01	-6.052073e+02
8.400000e-07	2.088407e-07	-9.773049e-09	1.488948e+00	-5.806233e+02
8.500000e-07	3.360347e-07	-9.338658e-09	2.395789e+00	-5.548646e+02
8.600000e-07	4.630826e-07	-8.884949e-09	3.301588e+00	-5.277464e+02
8.700000e-07	5.899843e-07	-8.407211e-09	4.206345e+00	-4.990906e+02
8.800000e-07	7.167576e-07	-7.896352e-09	5.110186e+00	-4.687405e+02
8.900000e-07	8.432460e-07	-7.350158e-09	6.011996e+00	-4.365572e+02
9.000000e-07	9.694165e-07	-6.771011e-09	6.911539e+00	-4.023927e+02
9.100000e-07	1.095304e-06	-6.157615e-09	7.809066e+00	-3.660453e+02
9.200000e-07	1.220869e-06	-5.502143e-09	8.704290e+00	-3.272105e+02
9.300000e-07	1.346064e-06	-4.794349e-09	9.596881e+00	-2.854502e+02
9.400000e-07	1.470795e-06	-4.026603e-09	1.048616e+01	-2.402004e+02
9.500000e-07	1.594942e-06	-3.189428e-09	1.137128e+01	-1.908325e+02
9.600000e-07	1.718439e-06	-2.273044e-09	1.225176e+01	-1.367642e+02
9.700000e-07	1.841334e-06	-1.271314e-09	1.312795e+01	-7.760368e+01
9.800000e-07	1.963676e-06	-1.851291e-10	1.400020e+01	-1.329154e+01
9.900000e-07	2.085291e-06	9.804310e-10	1.486726e+01	5.579483e+01
1.000000e-06	2.205961e-06	2.214670e-09	1.572759e+01	1.288085e+02
1.010000e-06	2.325799e-06	3.497445e-09	1.658199e+01	2.044868e+02
1.020000e-06	2.444868e-06	4.799454e-09	1.743090e+01	2.812863e+02
1.030000e-06	2.563054e-06	6.086286e-09	1.827352e+01	3.575714e+02
1.040000e-06	2.680316e-06	7.334351e-09	1.910955e+01	4.318152e+02
1.050000e-06	2.796504e-06	8.524494e-09	1.993792e+01	5.027686e+02
1.060000e-06	2.911513e-06	9.643700e-09	2.075789e+01	5.695648e+02
1.070000e-06	3.025342e-06	1.068702e-08	2.156944e+01	6.317422e+02
1.080000e-06	3.137957e-06	1.165276e-08	2.237234e+01	6.891930e+02
1.090000e-06	3.249416e-06	1.254347e-08	2.316699e+01	7.420634e+02
1.100000e-06	3.359812e-06	1.336145e-08	2.395408e+01	7.906364e+02
1.110000e-06	3.469175e-06	1.410914e-08	2.473378e+01	8.352330e+02
1.120000e-06	3.577372e-06	1.479227e-08	2.550519e+01	8.761498e+02
1.130000e-06	3.684278e-06	1.541964e-08	2.626738e+01	9.136403e+02
1.140000e-06	3.789707e-06	1.599423e-08	2.701905e+01	9.479287e+02
1.150000e-06	3.893654e-06	1.651888e-08	2.776014e+01	9.792401e+02
1.160000e-06	3.996304e-06	1.699778e-08	2.849200e+01	1.007824e+03
1.170000e-06	4.097544e-06	1.743694e-08	2.921380e+01	1.033962e+03
1.180000e-06	4.197287e-06	1.784088e-08	2.992493e+01	1.057953e+03
1.190000e-06	4.295496e-06	1.821297e-08	3.062511e+01	1.080082e+03
1.200000e-06	4.392074e-06	1.855584e-08	3.131368e+01	1.100594e+03
1.210000e-06	4.487077e-06	1.887433e-08	3.199101e+01	1.119675e+03
1.220000e-06	4.580618e-06	1.917118e-08	3.265792e+01	1.137448e+03
1.230000e-06	4.672656e-06	1.944690e-08	3.331411e+01	1.153991e+03
1.240000e-06	4.762994e-06	1.970400e-08	3.395818e+01	1.169366e+03
1.250000e-06	4.851505e-06	1.994470e-08	3.458923e+01	1.183645e+03
1.260000e-06	4.938259e-06	2.017018e-08	3.520775e+01	1.196919e+03
1.270000e-06	5.023361e-06	2.037889e-08	3.581449e+01	1.209302e+03
1.280000e-06	5.106797e-06	2.057228e-08	3.640936e+01	1.220914e+03
1.290000e-06	5.188436e-06	2.075383e-08	3.699141e+01	1.231860e+03
1.300000e-06	5.268155e-06	2.092588e-08	3.755977e+01	1.242215e+03
1.310000e-06	5.345942e-06	2.108745e-08	3.811436e+01	1.252013e+03
1.320000e-06	5.421675e-06	2.123825e-08	3.865431e+01	1.261262e+03
1.330000e-06	5.495258e-06	2.138207e-08	3.917892e+01	1.269954e+03
1.340000e-06	5.566841e-06	2.151982e-08	3.968928e+01	1.278088e+03
1.350000e-06	5.636551e-06	2.164836e-08	4.018628e+01	1.285684e+03
1.360000e-06	5.704302e-06	2.176594e-08	4.066932e+01	1.292788e+03
1.370000e-06	5.769951e-06	2.187645e-08	4.113737e+01	1.299463e+03
1.380000e-06	5.833493e-06	2.198298e-08	4.159040e+01	1.305773e+03
1.390000e-06	5.895095e-06	2.208175e-08	4.202959e+01	1.311771e+03
1.400000e-06	5.954692e-06	2.217248e-08	4.245449e+01	1.317482e+03
1.410000e-06	6.012108e-06	2.225949e-08	4.286385e+01	1.322907e+03
1.420000e-06	6.067352e-06	2.234643e-08	4.325772e+01	1.328033e+03
1.430000e-06	6.120254e-06	2.243029e-08	4.363489e+01	1.332839e+03
1.440000e-06	6.170581e-06	2.250692e-08	4.399369e+01	1.337319e+03
1.450000e-06	6.218461e-06	2.257755e-08	4.433506e+01	1.341482e+03
1.460000e-06	6.264213e-06	2.264280e-08	4.466125e+01	1.345353e+03
1.470000e-06	6.307779e-06	2.270255e-08	4.497186e+01	1.348966e+03
1.480000e-06	6.348996e-06	2.275648e-08	4.526572e+01	1.352351e+03
1.490000e-06	6.387989e-06	2.280691e-08	4.554373e+01	1.355526e+03
1.500000e-06	6.424863e-06	2.285809e-08	4.580662e+01	1.358494e+03
1.510000e-06	6.459441e-06	2.290830e-08	4.605315e+01	1.361245e+03
1.520000e-06	6.491631e-06	2.295228e-08	4.628265e+01	1.363765e+03
1.530000e-06	6.521659e-06	2.298910e-08	4.649674e+01	1.366045e+03
1.540000e-06	6.549509e-06	2.302274e-08	4.669530e+01	1.368087e+03
1.550000e-06	6.574933e-06	2.305453e-08	4.687656e+01	1.369903e+03
1.560000e-06	6.597940e-06	2.308101e-08	4.704059e+01	1.371511e+03
1.570000e-06	6.618776e-06	2.310154e-08	4.718914e+01	1.372928e+03
1.580000e-06	6.637320e-06	2.312006e-08	4.732135e+01	1.374162e+03
1.590000e-06	6.653381e-06	2.314011e-08	4.743586e+01	1.375212e+03
1.600000e-06	6.666999e-06	2.315652e-08	4.753295e+01	1.376067e+03
1.610000e-06	6.677921e-06	2.316504e-08	4.761082e+01	1.376718e+03
1.620000e-06	6.686246e-06	2.316987e-08	4.767017e+01	1.377159e+03
1.630000e-06	6.692323e-06	2.317421e-08	4.771350e+01	1.377398e+03
1.640000e-06	6.696121e-06	2.317550e-08	4.774058e+01	1.377452e+03
1.650000e-06	6.697548e-06	2.317278e-08	4.775075e+01	1.377346e+03
1.660000e-06	6.696699e-06	2.317242e-08	4.774470e+01	1.377101e+03
1.670000e-06	6.693766e-06	2.317123e-08	4.772379e+01	1.376728e+03
1.680000e-06	6.688581e-06	2.316320e-08	4.768682e+01	1.376226e+03
1.690000e-06	6.681085e-06	2.314831e-08	4.763338e+01	1.375578e+03
1.700000e-06	6.671474e-06	2.313048e-08	4.756485e+01	1.374762e+03
1.710000e-06	6.659645e-06	2.311124e-08	4.748052e+01	1.373755e+03
1.720000e-06	6.645439e-06	2.308138e-08	4.737924e+01	1.372544e+03
1.730000e-06	6.629101e-06	2.305855e-08	4.726275e+01	1.371126e+03
1.740000e-06	6.610755e-06	2.307781e-08	4.713196e+01	1.369508e+03
1.750000e-06	6.589676e-06	2.306075e-08	4.698167e+01	1.367707e+03
1.760000e-06	6.565358e-06	2.299601e-08	4.680829e+01	1.365738e+03
1.770000e-06	6.538323e-06	2.294658e-08	4.661554e+01	1.363613e+03
1.780000e-06	6.509032e-06	2.287312e-08	4.640671e+01	1.361339e+03
1.790000e-06	6.477839e-06	2.283481e-08	4.618432e+01	1.358916e+03
1.800000e-06	6.445163e-06	2.286396e-08	4.595135e+01	1.356342e+03
1.810000e-06	6.410577e-06	2.276129e-08	4.570477e+01	1.353612e+03
1.820000e-06	6.373592e-06	2.270205e-08	4.544108e+01	1.350724e+03
1.830000e-06	6.334445e-06	2.271327e-08	4.516198e+01	1.347673e+03
1.840000e-06	6.293057e-06	2.261105e-08	4.486690e+01	1.344455e+03
1.850000e-06	6.249519e-06	2.258109e-08	4.455649e+01	1.341061e+03
1.860000e-06	6.203870e-06	2.248917e-08	4.423103e+01	1.337478e+03
1.870000e-06	6.155855e-06	2.240789e-08	4.388871e+01	1.333697e+03
1.880000e-06	6.105651e-06	2.241353e-08	4.353077e+01	1.329708e+03
1.890000e-06	6.052895e-06	2.230862e-08	4.315465e+01	1.325510e+03
1.900000e-06	5.997609e-06	2.223958e-08	4.276048e+01	1.321110e+03
1.910000e-06	5.940229e-06	2.214909e-08	4.235138e+01	1.316520e+03
1.920000e-06	5.880656e-06	2.205349e-08	4.192665e+01	1.311752e+03
1.930000e-06	5.818884e-06	2.201389e-08	4.148624e+01	1.306815e+03
1.940000e-06	5.754992e-06	2.189092e-08	4.103072e+01	1.301706e+03
1.950000e-06	5.689174e-06	2.182040e-08	4.056146e+01	1.296412e+03
1.960000e-06	5.621276e-06	2.173245e-08	4.007738e+01	1.290915e+03
1.970000e-06	5.551005e-06	2.164396e-08	3.957638e+01	1.285195e+03
1.980000e-06	5.478699e-06	2.154398e-08	3.906087e+01	1.279242e+03
1.990000e-06	5.404392e-06	2.139162e-08	3.853108e+01	1.273052e+03
2.000000e-06	5.327973e-06	2.132028e-08	3.798625e+01	1.266636e+03
2.010000e-06	5.249472e-06	2.120828e-08	3.742657e+01	1.260009e+03
2.020000e-06	5.169064e-06	2.109984e-08	3.685329e+01	1.253181e+03
2.030000e-06	5.086960e-06	2.097261e-08	3.626793e+01	1.246153e+03
2.040000e-06	5.002964e-06	2.084741e-08	3.566907e+01	1.238914e+03
2.050000e-06	4.917049e-06	2.074770e-08	3.505653e+01	1.231439e+03
2.060000e-06	4.829341e-06	2.059815e-08	3.443121e+01	1.223701e+03
2.070000e-06	4.740038e-06	2.045845e-08	3.379451e+01	1.215681e+03
2.080000e-06	4.649122e-06	2.030768e-08	3.314632e+01	1.207370e+03
2.090000e-06	4.556539e-06	2.018009e-08	3.248624e+01	1.198780e+03
2.100000e-06	4.462325e-06	2.003389e-08	3.181454e+01	1.189934e+03
2.110000e-06	4.366490e-06	1.986856e-08	3.113127e+01	1.180857e+03
2.120000e-06	4.269217e-06	1.971821e-08	3.043776e+01	1.171567e+03
2.130000e-06	4.170442e-06	1.956313e-08	2.973353e+01	1.162065e+03
2.140000e-06	4.070079e-06	1.940587e-08	2.901798e+01	1.152334e+03
2.150000e-06	3.968174e-06	1.922162e-08	2.829144e+01	1.142344e+03
2.160000e-06	3.864732e-06	1.904548e-08	2.755394e+01	1.132061e+03
2.170000e-06	3.759909e-06	1.887530e-08	2.680660e+01	1.121461e+03
2.180000e-06	3.653929e-06	1.869733e-08	2.605101e+01	1.110535e+03
2.190000e-06	3.546728e-06	1.850336e-08	2.528671e+01	1.099292e+03
2.200000e-06	3.438285e-06	1.830415e-08	2.451355e+01	1.087754e+03
2.210000e-06	3.328648e-06	1.811251e-08	2.373189e+01	1.075943e+03
2.220000e-06	3.217635e-06	1.791458e-08	2.294041e+01	1.063873e+03
2.230000e-06	3.105391e-06	1.770207e-08	2.214016e+01	1.051543e+03
2.240000e-06	2.992054e-06	1.748427e-08	2.133211e+01	1.038936e+03
2.250000e-06	2.877524e-06	1.727268e-08	2.051556e+01	1.026027e+03
2.260000e-06	2.761772e-06	1.705506e-08	1.969030e+01	1.012795e+03
2.270000e-06	2.644914e-06	1.682276e-08	1.885715e+01	9.992273e+02
2.280000e-06	2.527138e-06	1.657994e-08	1.801745e+01	9.853249e+02
2.290000e-06	2.408325e-06	1.634586e-08	1.717036e+01	9.710998e+02
2.300000e-06	2.288492e-06	1.610934e-08	1.631600e+01	9.565661e+02
2.310000e-06	2.167903e-06	1.585886e-08	1.545625e+01	9.417309e+02
2.320000e-06	2.046652e-06	1.559953e-08	1.459179e+01	9.265882e+02
2.330000e-06	1.924785e-06	1.534116e-08	1.372292e+01	9.111183e+02
2.340000e-06	1.802342e-06	1.508111e-08	1.284995e+01	8.952942e+02
2.350000e-06	1.679193e-06	1.480428e-08	1.197195e+01	8.790902e+02
2.360000e-06	1.555300e-06	1.451597e-08	1.108865e+01	8.624905e+02
2.370000e-06	1.430794e-06	1.422879e-08	1.020097e+01	8.454916e+02
2.380000e-06	1.305826e-06	1.394471e-08	9.310000e+00	8.280995e+02
2.390000e-06	1.180511e-06	1.365053e-08	8.416555e+00	8.103201e+02
2.400000e-06	1.054829e-06	1.334135e-08	7.520492e+00	7.921498e+02
2.410000e-06	9.287718e-07	1.302663e-08	6.621759e+00	7.735679e+02
2.420000e-06	8.023131e-07	1.270705e-08	5.720161e+00	7.545366e+02
2.430000e-06	6.754855e-07	1.237653e-08	4.815933e+00	7.350064e+02
2.440000e-06	5.483761e-07	1.203154e-08	3.909695e+00	7.149248e+02
2.450000e-06	4.210385e-07	1.168073e-08	3.001830e+00	6.942426e+02
2.460000e-06	2.935156e-07	1.132864e-08	2.092645e+00	6.729131e+02
2.470000e-06	1.658163e-07	1.096392e-08	1.182202e+00	6.508835e+02
2.480000e-06	3.805332e-08	1.057938e-08	2.713045e-01	6.280812e+02
2.490000e-06	-8.968065e-08	1.017596e-08	-6.393860e-01	6.044007e+02
2.500000e-06	-2.173701e-07	9.760636e-09	-1.549759e+00	5.796991e+02
2.510000e-06	-3.449529e-07	9.326946e-09	-2.459372e+00	5.538033e+02
2.520000e-06	-4.723726e-07	8.865781e-09	-3.367822e+00	5.265282e+02
2.530000e-06	-5.995238e-07	8.378373e-09	-4.274357e+00	4.976977e+02
2.540000e-06	-7.263871e-07	7.867898e-09	-5.178840e+00	4.671574e+02
2.550000e-06	-8.529601e-07	7.328520e-09	-6.081254e+00	4.347690e+02
2.560000e-06	-9.791590e-07	6.749312e-09	-6.980999e+00	4.003814e+02
2.570000e-06	-1.105019e-06	6.131484e-09	-7.878332e+00	3.637839e+02
2.580000e-06	-1.230545e-06	5.476462e-09	-8.773278e+00	3.246588e+02
2.590000e-06	-1.355686e-06	4.773889e-09	-9.665479e+00	2.825531e+02
2.600000e-06	-1.480378e-06	4.007530e-09	-1.055448e+01	2.368922e+02
2.610000e-06	-1.604476e-06	3.168813e-09	-1.143925e+01	1.870460e+02
2.620000e-06	-1.727870e-06	2.255174e-09	-1.231900e+01	1.324458e+02
2.630000e-06	-1.850588e-06	1.262705e-09	-1.319393e+01	7.272881e+01
2.640000e-06	-1.972674e-06	1.813835e-10	-1.406435e+01	7.878468e+00
2.650000e-06	-2.094048e-06	-9.876794e-10	-1.492970e+01	-6.167761e+01
2.660000e-06	-2.214736e-06	-2.223556e-09	-1.579015e+01	-1.350438e+02
2.670000e-06	-2.334719e-06	-3.498654e-09	-1.664558e+01	-2.109197e+02
2.680000e-06	-2.453772e-06	-4.789564e-09	-1.749439e+01	-2.877424e+02
2.690000e-06	-2.571832e-06	-6.072314e-09	-1.833610e+01	-3.638785e+02
2.700000e-06	-2.688957e-06	-7.317950e-09	-1.917116e+01	-4.378236e+02
2.710000e-06	-2.805006e-06	-8.502209e-09	-1.999853e+01	-5.083661e+02
2.720000e-06	-2.919816e-06	-9.616198e-09	-2.081708e+01	-5.746830e+02
2.730000e-06	-3.033382e-06	-1.065991e-08	-2.162676e+01	-6.363539e+02
2.740000e-06	-3.145730e-06	-1.162732e-08	-2.242776e+01	-6.933040e+02
2.750000e-06	-3.256796e-06	-1.251422e-08	-2.321961e+01	-7.456993e+02
2.760000e-06	-3.366550e-06	-1.332754e-08	-2.400211e+01	-7.938313e+02
2.770000e-06	-3.475179e-06	-1.407653e-08	-2.477659e+01	-8.380205e+02
2.780000e-06	-3.582704e-06	-1.476152e-08	-2.554320e+01	-8.785592e+02
2.790000e-06	-3.689083e-06	-1.538446e-08	-2.630164e+01	-9.156964e+02
2.800000e-06	-3.794273e-06	-1.595472e-08	-2.705160e+01	-9.496551e+02
2.810000e-06	-3.898089e-06	-1.648118e-08	-2.779177e+01	-9.806621e+02
2.820000e-06	-4.000453e-06	-1.696460e-08	-2.852158e+01	-1.008971e+03
2.830000e-06	-4.101305e-06	-1.740257e-08	-2.924061e+01	-1.034864e+03
2.840000e-06	-4.200609e-06	-1.780311e-08	-2.994861e+01	-1.058642e+03
2.850000e-06	-4.298451e-06	-1.817510e-08	-3.064618e+01	-1.080588e+03
2.860000e-06	-4.394919e-06	-1.852180e-08	-3.133396e+01	-1.100940e+03
2.870000e-06	-4.489848e-06	-1.884269e-08	-3.201077e+01	-1.119876e+03
2.880000e-06	-4.583054e-06	-1.913781e-08	-3.267528e+01	-1.137514e+03
2.890000e-06	-4.674639e-06	-1.941317e-08	-3.332825e+01	-1.153929e+03
2.900000e-06	-4.764669e-06	-1.967302e-08	-3.397012e+01	-1.169184e+03
2.910000e-06	-4.853051e-06	-1.991463e-08	-3.460025e+01	-1.183350e+03
2.920000e-06	-4.939637e-06	-2.013613e-08	-3.521757e+01	-1.196524e+03
2.930000e-06	-5.024341e-06	-2.034250e-08	-3.582148e+01	-1.208819e+03
2.940000e-06	-5.107302e-06	-2.053900e-08	-3.641296e+01	-1.220355e+03
2.950000e-06	-5.188619e-06	-2.072701e-08	-3.699271e+01	-1.231235e+03
2.960000e-06	-5.268138e-06	-2.090283e-08	-3.755965e+01	-1.241529e+03
2.970000e-06	-5.345524e-06	-2.106695e-08	-3.811138e+01	-1.251270e+03
2.980000e-06	-5.420730e-06	-2.122323e-08	-3.864757e+01	-1.260459e+03
2.990000e-06	-5.493920e-06	-2.137154e-08	-3.916938e+01	-1.269091e+03
3.000000e-06	-5.565185e-06	-2.150861e-08	-3.967747e+01	-1.277166e+03
3.010000e-06	-5.634480e-06	-2.163598e-08	-4.017151e+01	-1.284708e+03
3.020000e-06	-5.701699e-06	-2.175813e-08	-4.065076e+01	-1.291763e+03
3.030000e-06	-5.766968e-06	-2.187436e-08	-4.111610e+01	-1.298396e+03
3.040000e-06	-5.830303e-06	-2.198109e-08	-4.156766e+01	-1.304671e+03
3.050000e-06	-5.891501e-06	-2.208032e-08	-4.200397e+01	-1.310637e+03
3.060000e-06	-5.950525e-06	-2.217625e-08	-4.242479e+01	-1.316319e+03
3.070000e-06	-6.007477e-06	-2.226977e-08	-4.283083e+01	-1.321713e+03
3.080000e-06	-6.062320e-06	-2.235698e-08	-4.322184e+01	-1.326806e+03
3.090000e-06	-6.114809e-06	-2.243735e-08	-4.359606e+01	-1.331578e+03
3.100000e-06	-6.164757e-06	-2.251399e-08	-4.395217e+01	-1.336023e+03
3.110000e-06	-6.212126e-06	-2.258515e-08	-4.428989e+01	-1.340154e+03
3.120000e-06	-6.257196e-06	-2.264801e-08	-4.461123e+01	-1.343996e+03
3.130000e-06	-6.300354e-06	-2.270456e-08	-4.491892e+01	-1.347583e+03
3.140000e-06	-6.341530e-06	-2.276258e-08	-4.521249e+01	-1.350945e+03
3.150000e-06	-6.380554e-06	-2.281960e-08	-4.549072e+01	-1.354099e+03
3.160000e-06	-6.417263e-06	-2.286933e-08	-4.575244e+01	-1.357044e+03
3.170000e-06	-6.451692e-06	-2.291280e-08	-4.599790e+01	-1.359771e+03
3.180000e-06	-6.483966e-06	-2.295543e-08	-4.622800e+01	-1.362266e+03
3.190000e-06	-6.513853e-06	-2.299546e-08	-4.644108e+01	-1.364521e+03
3.200000e-06	-6.541335e-06	-2.302791e-08	-4.663702e+01	-1.366538e+03
3.210000e-06	-6.566592e-06	-2.305447e-08	-4.681709e+01	-1.368332e+03
3.220000e-06	-6.589489e-06	-2.308119e-08	-4.698033e+01	-1.369919e+03
3.230000e-06	-6.609919e-06	-2.310987e-08	-4.712600e+01	-1.371316e+03
3.240000e-06	-6.628083e-06	-2.313354e-08	-4.725549e+01	-1.372531e+03
3.250000e-06	-6.644037e-06	-2.314933e-08	-4.736924e+01	-1.373561e+03
3.260000e-06	-6.657394e-06	-2.316217e-08	-4.746447e+01	-1.374395e+03
3.270000e-06	-6.668092e-06	-2.317456e-08	-4.754075e+01	-1.375023e+03
3.280000e-06	-6.676472e-06	-2.318227e-08	-4.760049e+01	-1.375442e+03
3.290000e-06	-6.682502e-06	-2.318467e-08	-4.764348e+01	-1.375661e+03
3.300000e-06	-6.686093e-06	-2.318401e-08	-4.766908e+01	-1.375697e+03
3.310000e-06	-6.687404e-06	-2.318334e-08	-4.767843e+01	-1.375576e+03
