# Temperatura_=_23.9
# Concentracion g/m^3_=_22500.0
# C_Vs_to_Am_M_A/Vsm_=_59384043850.047264
# pendiente_HvsI_1/m_=_3716.3
# ordenada_HvsI_A/m_=_1297.0
# frecuencia_Hz_=_301422.7978438731

Tiempo_(s)	Campo_(V.s)	Magnetizacion_(V.s)	Campo_(kA/m)	Magnetizacion_(A/m)
0.000000e+00	-6.709975e-06	-2.277740e-08	-4.767324e+01	-1.353418e+03
1.000000e-08	-6.707316e-06	-2.277531e-08	-4.765435e+01	-1.353085e+03
2.000000e-08	-6.702279e-06	-2.277098e-08	-4.761856e+01	-1.352601e+03
3.000000e-08	-6.695143e-06	-2.276525e-08	-4.756786e+01	-1.351957e+03
4.000000e-08	-6.685849e-06	-2.275448e-08	-4.750183e+01	-1.351141e+03
5.000000e-08	-6.674147e-06	-2.273509e-08	-4.741869e+01	-1.350141e+03
6.000000e-08	-6.660021e-06	-2.271283e-08	-4.731832e+01	-1.348952e+03
7.000000e-08	-6.643445e-06	-2.270339e-08	-4.720055e+01	-1.347575e+03
8.000000e-08	-6.624498e-06	-2.269719e-08	-4.706594e+01	-1.346012e+03
9.000000e-08	-6.603236e-06	-2.266425e-08	-4.691488e+01	-1.344273e+03
1.000000e-07	-6.579390e-06	-2.260927e-08	-4.674546e+01	-1.342360e+03
1.100000e-07	-6.552872e-06	-2.256961e-08	-4.655705e+01	-1.340278e+03
1.200000e-07	-6.524015e-06	-2.254107e-08	-4.635203e+01	-1.338032e+03
1.300000e-07	-6.493297e-06	-2.248985e-08	-4.613378e+01	-1.335625e+03
1.400000e-07	-6.460950e-06	-2.243834e-08	-4.590396e+01	-1.333065e+03
1.500000e-07	-6.426636e-06	-2.240749e-08	-4.566016e+01	-1.330362e+03
1.600000e-07	-6.390037e-06	-2.238622e-08	-4.540014e+01	-1.327520e+03
1.700000e-07	-6.351404e-06	-2.231814e-08	-4.512565e+01	-1.324538e+03
1.800000e-07	-6.310527e-06	-2.223421e-08	-4.483523e+01	-1.321401e+03
1.900000e-07	-6.267115e-06	-2.216724e-08	-4.452680e+01	-1.318086e+03
2.000000e-07	-6.221493e-06	-2.210583e-08	-4.420266e+01	-1.314561e+03
2.100000e-07	-6.173639e-06	-2.209024e-08	-4.386266e+01	-1.310797e+03
2.200000e-07	-6.123219e-06	-2.203392e-08	-4.350444e+01	-1.306777e+03
2.300000e-07	-6.070261e-06	-2.194684e-08	-4.312818e+01	-1.302499e+03
2.400000e-07	-6.014960e-06	-2.188931e-08	-4.273528e+01	-1.297977e+03
2.500000e-07	-5.957460e-06	-2.179111e-08	-4.232675e+01	-1.293240e+03
2.600000e-07	-5.897702e-06	-2.168055e-08	-4.190218e+01	-1.288316e+03
2.700000e-07	-5.835777e-06	-2.160099e-08	-4.146221e+01	-1.283227e+03
2.800000e-07	-5.771913e-06	-2.152337e-08	-4.100847e+01	-1.277976e+03
2.900000e-07	-5.706004e-06	-2.144390e-08	-4.054020e+01	-1.272551e+03
3.000000e-07	-5.637933e-06	-2.136188e-08	-4.005656e+01	-1.266930e+03
3.100000e-07	-5.567773e-06	-2.126156e-08	-3.955809e+01	-1.261085e+03
3.200000e-07	-5.495658e-06	-2.114447e-08	-3.904572e+01	-1.254999e+03
3.300000e-07	-5.421495e-06	-2.103794e-08	-3.851881e+01	-1.248670e+03
3.400000e-07	-5.345094e-06	-2.093204e-08	-3.797599e+01	-1.242107e+03
3.500000e-07	-5.266578e-06	-2.081446e-08	-3.741815e+01	-1.235326e+03
3.600000e-07	-5.185898e-06	-2.070461e-08	-3.684493e+01	-1.228340e+03
3.700000e-07	-5.103186e-06	-2.058601e-08	-3.625727e+01	-1.221151e+03
3.800000e-07	-5.018875e-06	-2.045988e-08	-3.565826e+01	-1.213744e+03
3.900000e-07	-4.933003e-06	-2.033065e-08	-3.504816e+01	-1.206094e+03
4.000000e-07	-4.845509e-06	-2.019656e-08	-3.442653e+01	-1.198173e+03
4.100000e-07	-4.756368e-06	-2.006070e-08	-3.379319e+01	-1.189961e+03
4.200000e-07	-4.665449e-06	-1.992096e-08	-3.314723e+01	-1.181457e+03
4.300000e-07	-4.572773e-06	-1.977410e-08	-3.248878e+01	-1.172677e+03
4.400000e-07	-4.478519e-06	-1.961854e-08	-3.181912e+01	-1.163650e+03
4.500000e-07	-4.382751e-06	-1.946398e-08	-3.113871e+01	-1.154402e+03
4.600000e-07	-4.285328e-06	-1.930594e-08	-3.044654e+01	-1.144951e+03
4.700000e-07	-4.186197e-06	-1.914463e-08	-2.974222e+01	-1.135291e+03
4.800000e-07	-4.085555e-06	-1.897821e-08	-2.902718e+01	-1.125399e+03
4.900000e-07	-3.983518e-06	-1.880622e-08	-2.830222e+01	-1.115239e+03
5.000000e-07	-3.880111e-06	-1.863012e-08	-2.756753e+01	-1.104777e+03
5.100000e-07	-3.775366e-06	-1.844712e-08	-2.682334e+01	-1.093993e+03
5.200000e-07	-3.669165e-06	-1.826046e-08	-2.606880e+01	-1.082889e+03
5.300000e-07	-3.561529e-06	-1.807176e-08	-2.530406e+01	-1.071486e+03
5.400000e-07	-3.452665e-06	-1.787816e-08	-2.453060e+01	-1.059811e+03
5.500000e-07	-3.342650e-06	-1.767534e-08	-2.374896e+01	-1.047889e+03
5.600000e-07	-3.231473e-06	-1.746589e-08	-2.295907e+01	-1.035729e+03
5.700000e-07	-3.119186e-06	-1.725402e-08	-2.216129e+01	-1.023316e+03
5.800000e-07	-3.005718e-06	-1.704160e-08	-2.135512e+01	-1.010621e+03
5.900000e-07	-2.890957e-06	-1.682601e-08	-2.053976e+01	-9.976099e+02
6.000000e-07	-2.774964e-06	-1.660214e-08	-1.971565e+01	-9.842580e+02
6.100000e-07	-2.657814e-06	-1.637104e-08	-1.888332e+01	-9.705597e+02
6.200000e-07	-2.539694e-06	-1.613460e-08	-1.804409e+01	-9.565302e+02
6.300000e-07	-2.420770e-06	-1.589255e-08	-1.719917e+01	-9.421984e+02
6.400000e-07	-2.301075e-06	-1.564386e-08	-1.634875e+01	-9.275928e+02
6.500000e-07	-2.180579e-06	-1.539225e-08	-1.549265e+01	-9.127280e+02
6.600000e-07	-2.059232e-06	-1.513982e-08	-1.463049e+01	-8.975962e+02
6.700000e-07	-1.937079e-06	-1.488274e-08	-1.376262e+01	-8.821683e+02
6.800000e-07	-1.814141e-06	-1.461599e-08	-1.288916e+01	-8.664041e+02
6.900000e-07	-1.690440e-06	-1.434078e-08	-1.201029e+01	-8.502670e+02
7.000000e-07	-1.566086e-06	-1.406178e-08	-1.112678e+01	-8.337361e+02
7.100000e-07	-1.441235e-06	-1.377690e-08	-1.023973e+01	-8.168121e+02
7.200000e-07	-1.315950e-06	-1.348668e-08	-9.349601e+00	-7.995118e+02
7.300000e-07	-1.190219e-06	-1.319046e-08	-8.456303e+00	-7.818551e+02
7.400000e-07	-1.064125e-06	-1.288806e-08	-7.560425e+00	-7.638495e+02
7.500000e-07	-9.377148e-07	-1.257838e-08	-6.662305e+00	-7.454790e+02
7.600000e-07	-8.109541e-07	-1.225863e-08	-5.761692e+00	-7.267016e+02
7.700000e-07	-6.839201e-07	-1.193155e-08	-4.859137e+00	-7.074573e+02
7.800000e-07	-5.566909e-07	-1.159909e-08	-3.955195e+00	-6.876814e+02
7.900000e-07	-4.292540e-07	-1.125977e-08	-3.049777e+00	-6.673176e+02
8.000000e-07	-3.016992e-07	-1.090858e-08	-2.143522e+00	-6.463219e+02
8.100000e-07	-1.741157e-07	-1.054342e-08	-1.237063e+00	-6.246567e+02
8.200000e-07	-4.646613e-08	-1.016458e-08	-3.301340e-01	-6.022739e+02
8.300000e-07	8.124237e-08	-9.772396e-09	5.772133e-01	-5.790968e+02
8.400000e-07	2.088896e-07	-9.365302e-09	1.484125e+00	-5.550074e+02
8.500000e-07	3.364345e-07	-8.940102e-09	2.390311e+00	-5.298475e+02
8.600000e-07	4.639147e-07	-8.494326e-09	3.296036e+00	-5.034342e+02
8.700000e-07	5.912671e-07	-8.025543e-09	4.200853e+00	-4.755843e+02
8.800000e-07	7.184010e-07	-7.528552e-09	5.104118e+00	-4.461358e+02
8.900000e-07	8.452918e-07	-7.000804e-09	6.005656e+00	-4.149539e+02
9.000000e-07	9.718989e-07	-6.442062e-09	6.905178e+00	-3.819146e+02
9.100000e-07	1.098172e-06	-5.850003e-09	7.802330e+00	-3.468663e+02
9.200000e-07	1.224047e-06	-5.221279e-09	8.696649e+00	-3.095814e+02
9.300000e-07	1.349524e-06	-4.548064e-09	9.588143e+00	-2.697196e+02
9.400000e-07	1.474625e-06	-3.820633e-09	1.047696e+01	-2.268216e+02
9.500000e-07	1.599219e-06	-3.030078e-09	1.136218e+01	-1.803518e+02
9.600000e-07	1.723246e-06	-2.171411e-09	1.224337e+01	-1.297876e+02
9.700000e-07	1.846702e-06	-1.240220e-09	1.312050e+01	-7.474383e+01
9.800000e-07	1.969539e-06	-2.326561e-10	1.399324e+01	-1.510232e+01
9.900000e-07	2.091547e-06	8.483256e-10	1.486009e+01	4.888749e+01
1.000000e-06	2.212577e-06	1.991139e-09	1.571999e+01	1.165669e+02
1.010000e-06	2.332768e-06	3.181508e-09	1.657392e+01	1.869018e+02
1.020000e-06	2.452222e-06	4.397222e-09	1.742262e+01	2.585896e+02
1.030000e-06	2.570907e-06	5.608387e-09	1.826586e+01	3.302154e+02
1.040000e-06	2.688657e-06	6.790910e-09	1.910245e+01	4.004250e+02
1.050000e-06	2.805306e-06	7.926093e-09	1.993123e+01	4.680732e+02
1.060000e-06	2.920822e-06	9.004398e-09	2.075195e+01	5.323207e+02
1.070000e-06	3.035136e-06	1.001949e-08	2.156413e+01	5.926634e+02
1.080000e-06	3.148134e-06	1.096644e-08	2.236696e+01	6.488994e+02
1.090000e-06	3.259939e-06	1.184533e-08	2.316132e+01	7.010528e+02
1.100000e-06	3.370687e-06	1.265827e-08	2.394816e+01	7.492838e+02
1.110000e-06	3.480354e-06	1.340604e-08	2.472733e+01	7.938092e+02
1.120000e-06	3.588929e-06	1.409186e-08	2.549873e+01	8.348511e+02
1.130000e-06	3.696318e-06	1.472336e-08	2.626172e+01	8.726186e+02
1.140000e-06	3.802226e-06	1.530614e-08	2.701418e+01	9.073142e+02
1.150000e-06	3.906570e-06	1.584236e-08	2.775552e+01	9.391502e+02
1.160000e-06	4.009524e-06	1.633323e-08	2.848699e+01	9.683623e+02
1.170000e-06	4.111125e-06	1.678509e-08	2.920885e+01	9.952083e+02
1.180000e-06	4.211308e-06	1.720264e-08	2.992063e+01	1.019953e+03
1.190000e-06	4.309873e-06	1.758868e-08	3.062092e+01	1.042848e+03
1.200000e-06	4.406691e-06	1.794456e-08	3.130879e+01	1.064104e+03
1.210000e-06	4.501933e-06	1.827465e-08	3.198547e+01	1.083886e+03
1.220000e-06	4.595752e-06	1.858312e-08	3.265204e+01	1.102315e+03
1.230000e-06	4.688160e-06	1.887010e-08	3.330859e+01	1.119481e+03
1.240000e-06	4.778884e-06	1.913721e-08	3.395316e+01	1.135466e+03
1.250000e-06	4.867678e-06	1.938812e-08	3.458403e+01	1.150359e+03
1.260000e-06	4.954693e-06	1.962474e-08	3.520226e+01	1.164263e+03
1.270000e-06	5.040090e-06	1.984665e-08	3.580899e+01	1.177290e+03
1.280000e-06	5.123815e-06	2.005311e-08	3.640384e+01	1.189546e+03
1.290000e-06	5.205644e-06	2.024606e-08	3.698522e+01	1.201119e+03
1.300000e-06	5.285512e-06	2.042847e-08	3.755267e+01	1.212064e+03
1.310000e-06	5.363559e-06	2.060007e-08	3.810719e+01	1.222409e+03
1.320000e-06	5.439679e-06	2.076191e-08	3.864800e+01	1.232161e+03
1.330000e-06	5.513625e-06	2.091516e-08	3.917338e+01	1.241321e+03
1.340000e-06	5.585510e-06	2.106046e-08	3.968411e+01	1.249903e+03
1.350000e-06	5.655445e-06	2.119673e-08	4.018098e+01	1.257939e+03
1.360000e-06	5.723363e-06	2.132196e-08	4.066353e+01	1.265478e+03
1.370000e-06	5.789163e-06	2.143898e-08	4.113102e+01	1.272579e+03
1.380000e-06	5.852884e-06	2.155107e-08	4.158375e+01	1.279296e+03
1.390000e-06	5.914668e-06	2.165828e-08	4.202272e+01	1.285664e+03
1.400000e-06	5.974472e-06	2.175954e-08	4.244762e+01	1.291703e+03
1.410000e-06	6.032100e-06	2.185436e-08	4.285705e+01	1.297413e+03
1.420000e-06	6.087555e-06	2.194491e-08	4.325105e+01	1.302788e+03
1.430000e-06	6.140748e-06	2.203170e-08	4.362898e+01	1.307824e+03
1.440000e-06	6.191309e-06	2.211232e-08	4.398820e+01	1.312531e+03
1.450000e-06	6.239333e-06	2.218688e-08	4.432941e+01	1.316929e+03
1.460000e-06	6.285230e-06	2.225702e-08	4.465550e+01	1.321047e+03
1.470000e-06	6.329010e-06	2.232370e-08	4.496655e+01	1.324912e+03
1.480000e-06	6.370411e-06	2.238599e-08	4.526070e+01	1.328541e+03
1.490000e-06	6.409523e-06	2.244269e-08	4.553858e+01	1.331938e+03
1.500000e-06	6.446574e-06	2.249577e-08	4.580182e+01	1.335095e+03
1.510000e-06	6.481354e-06	2.254613e-08	4.604892e+01	1.337998e+03
1.520000e-06	6.513679e-06	2.259229e-08	4.627859e+01	1.340637e+03
1.530000e-06	6.543787e-06	2.263319e-08	4.649251e+01	1.343013e+03
1.540000e-06	6.571698e-06	2.266951e-08	4.669080e+01	1.345141e+03
1.550000e-06	6.597166e-06	2.270229e-08	4.687175e+01	1.347042e+03
1.560000e-06	6.620239e-06	2.273160e-08	4.703568e+01	1.348740e+03
1.570000e-06	6.641201e-06	2.275734e-08	4.718461e+01	1.350252e+03
1.580000e-06	6.659946e-06	2.277946e-08	4.731780e+01	1.351585e+03
1.590000e-06	6.676181e-06	2.279817e-08	4.743314e+01	1.352733e+03
1.600000e-06	6.689879e-06	2.281372e-08	4.753046e+01	1.353684e+03
1.610000e-06	6.700925e-06	2.282480e-08	4.760894e+01	1.354425e+03
1.620000e-06	6.709353e-06	2.283186e-08	4.766882e+01	1.354953e+03
1.630000e-06	6.715481e-06	2.283548e-08	4.771236e+01	1.355274e+03
1.640000e-06	6.719389e-06	2.283676e-08	4.774013e+01	1.355404e+03
1.650000e-06	6.720884e-06	2.283622e-08	4.775075e+01	1.355360e+03
1.660000e-06	6.720042e-06	2.283305e-08	4.774476e+01	1.355159e+03
1.670000e-06	6.717140e-06	2.282781e-08	4.772414e+01	1.354810e+03
1.680000e-06	6.711964e-06	2.281928e-08	4.768737e+01	1.354309e+03
1.690000e-06	6.704446e-06	2.280529e-08	4.763396e+01	1.353647e+03
1.700000e-06	6.694806e-06	2.278573e-08	4.756547e+01	1.352812e+03
1.710000e-06	6.682898e-06	2.276271e-08	4.748087e+01	1.351792e+03
1.720000e-06	6.668614e-06	2.272936e-08	4.737938e+01	1.350582e+03
1.730000e-06	6.652221e-06	2.268289e-08	4.726290e+01	1.349184e+03
1.740000e-06	6.633799e-06	2.265591e-08	4.713202e+01	1.347602e+03
1.750000e-06	6.612655e-06	2.265789e-08	4.698180e+01	1.345843e+03
1.760000e-06	6.588284e-06	2.264798e-08	4.680864e+01	1.343912e+03
1.770000e-06	6.561174e-06	2.260945e-08	4.661603e+01	1.341813e+03
1.780000e-06	6.531784e-06	2.255876e-08	4.640722e+01	1.339548e+03
1.790000e-06	6.500531e-06	2.250573e-08	4.618517e+01	1.337124e+03
1.800000e-06	6.467763e-06	2.245314e-08	4.595236e+01	1.334548e+03
1.810000e-06	6.433031e-06	2.239222e-08	4.570560e+01	1.331830e+03
1.820000e-06	6.395935e-06	2.234683e-08	4.544204e+01	1.328973e+03
1.830000e-06	6.356692e-06	2.233737e-08	4.516322e+01	1.325975e+03
1.840000e-06	6.315212e-06	2.234251e-08	4.486852e+01	1.322820e+03
1.850000e-06	6.271607e-06	2.229080e-08	4.455871e+01	1.319483e+03
1.860000e-06	6.225808e-06	2.214218e-08	4.423332e+01	1.315934e+03
1.870000e-06	6.177532e-06	2.203863e-08	4.389032e+01	1.312143e+03
1.880000e-06	6.127047e-06	2.198990e-08	4.353163e+01	1.308095e+03
1.890000e-06	6.074031e-06	2.193153e-08	4.315496e+01	1.303789e+03
1.900000e-06	6.018589e-06	2.187874e-08	4.276106e+01	1.299243e+03
1.910000e-06	5.961076e-06	2.179892e-08	4.235244e+01	1.294484e+03
1.920000e-06	5.901334e-06	2.173352e-08	4.192798e+01	1.289542e+03
1.930000e-06	5.839366e-06	2.166430e-08	4.148771e+01	1.284435e+03
1.940000e-06	5.775217e-06	2.152347e-08	4.103194e+01	1.279166e+03
1.950000e-06	5.709115e-06	2.138999e-08	4.056230e+01	1.273721e+03
1.960000e-06	5.641001e-06	2.131303e-08	4.007836e+01	1.268076e+03
1.970000e-06	5.570575e-06	2.125946e-08	3.957800e+01	1.262206e+03
1.980000e-06	5.498087e-06	2.115790e-08	3.906298e+01	1.256094e+03
1.990000e-06	5.423590e-06	2.102212e-08	3.853369e+01	1.249739e+03
2.000000e-06	5.346922e-06	2.092009e-08	3.798898e+01	1.243151e+03
2.010000e-06	5.268163e-06	2.081348e-08	3.742941e+01	1.236348e+03
2.020000e-06	5.187541e-06	2.068950e-08	3.685661e+01	1.229340e+03
2.030000e-06	5.105182e-06	2.054287e-08	3.627146e+01	1.222128e+03
2.040000e-06	5.020951e-06	2.042119e-08	3.567301e+01	1.214697e+03
2.050000e-06	4.934807e-06	2.031781e-08	3.506097e+01	1.207019e+03
2.060000e-06	4.846836e-06	2.017981e-08	3.443595e+01	1.199066e+03
2.070000e-06	4.757314e-06	2.002111e-08	3.379991e+01	1.190823e+03
2.080000e-06	4.666208e-06	1.987310e-08	3.315262e+01	1.182288e+03
2.090000e-06	4.573319e-06	1.974927e-08	3.249266e+01	1.173480e+03
2.100000e-06	4.478702e-06	1.959864e-08	3.182042e+01	1.164427e+03
2.110000e-06	4.382540e-06	1.942384e-08	3.113721e+01	1.155157e+03
2.120000e-06	4.284975e-06	1.925443e-08	3.044402e+01	1.145684e+03
2.130000e-06	4.185970e-06	1.910189e-08	2.974061e+01	1.136000e+03
2.140000e-06	4.085371e-06	1.894214e-08	2.902587e+01	1.126081e+03
2.150000e-06	3.983045e-06	1.876077e-08	2.829886e+01	1.115890e+03
2.160000e-06	3.879233e-06	1.858454e-08	2.756129e+01	1.105394e+03
2.170000e-06	3.774123e-06	1.841401e-08	2.681450e+01	1.094575e+03
2.180000e-06	3.667821e-06	1.823012e-08	2.605925e+01	1.083438e+03
2.190000e-06	3.560393e-06	1.802134e-08	2.529599e+01	1.072003e+03
2.200000e-06	3.451680e-06	1.781490e-08	2.452361e+01	1.060301e+03
2.210000e-06	3.341613e-06	1.762230e-08	2.374160e+01	1.048353e+03
2.220000e-06	3.230243e-06	1.742900e-08	2.295033e+01	1.036166e+03
2.230000e-06	3.117709e-06	1.721742e-08	2.215080e+01	1.023725e+03
2.240000e-06	3.004019e-06	1.699735e-08	2.134305e+01	1.010997e+03
2.250000e-06	2.889147e-06	1.678161e-08	2.052690e+01	9.979504e+02
2.260000e-06	2.773090e-06	1.655899e-08	1.970233e+01	9.845610e+02
2.270000e-06	2.655818e-06	1.632118e-08	1.886914e+01	9.708259e+02
2.280000e-06	2.537418e-06	1.607677e-08	1.802793e+01	9.567622e+02
2.290000e-06	2.418043e-06	1.584109e-08	1.717979e+01	9.423996e+02
2.300000e-06	2.297820e-06	1.560426e-08	1.632562e+01	9.277657e+02
2.310000e-06	2.176883e-06	1.535240e-08	1.546639e+01	9.128728e+02
2.320000e-06	2.055301e-06	1.508960e-08	1.460257e+01	8.977107e+02
2.330000e-06	1.933062e-06	1.482979e-08	1.373408e+01	8.822485e+02
2.340000e-06	1.810192e-06	1.457040e-08	1.286111e+01	8.664457e+02
2.350000e-06	1.686661e-06	1.429801e-08	1.198344e+01	8.502667e+02
2.360000e-06	1.562443e-06	1.401202e-08	1.110090e+01	8.336931e+02
2.370000e-06	1.437573e-06	1.372544e-08	1.021372e+01	8.167275e+02
2.380000e-06	1.312132e-06	1.343914e-08	9.322475e+00	7.993879e+02
2.390000e-06	1.186222e-06	1.314246e-08	8.427907e+00	7.816935e+02
2.400000e-06	1.059919e-06	1.283597e-08	7.530547e+00	7.636498e+02
2.410000e-06	9.332849e-07	1.252781e-08	6.630831e+00	7.452379e+02
2.420000e-06	8.063115e-07	1.221620e-08	5.728707e+00	7.264133e+02
2.430000e-06	6.790048e-07	1.188962e-08	4.824214e+00	7.071148e+02
2.440000e-06	5.514026e-07	1.154709e-08	3.917622e+00	6.872781e+02
2.450000e-06	4.235862e-07	1.119982e-08	3.009509e+00	6.668482e+02
2.460000e-06	2.956339e-07	1.085139e-08	2.100429e+00	6.457824e+02
2.470000e-06	1.675939e-07	1.049063e-08	1.190726e+00	6.240427e+02
2.480000e-06	3.951814e-08	1.011173e-08	2.807697e-01	6.015788e+02
2.490000e-06	-8.857901e-08	9.718315e-09	-6.293389e-01	5.783102e+02
2.500000e-06	-2.166857e-07	9.314095e-09	-1.539515e+00	5.541140e+02
2.510000e-06	-3.447125e-07	8.890724e-09	-2.449124e+00	5.288285e+02
2.520000e-06	-4.725865e-07	8.438727e-09	-3.357647e+00	5.022696e+02
2.530000e-06	-6.002553e-07	7.963654e-09	-4.264712e+00	4.742554e+02
2.540000e-06	-7.276483e-07	7.469651e-09	-5.169818e+00	4.446269e+02
2.550000e-06	-8.547701e-07	6.949217e-09	-6.072997e+00	4.132517e+02
2.560000e-06	-9.816104e-07	6.391246e-09	-6.974177e+00	3.800052e+02
2.570000e-06	-1.108072e-06	5.797493e-09	-7.872665e+00	3.447296e+02
2.580000e-06	-1.234142e-06	5.170122e-09	-8.768372e+00	3.071868e+02
2.590000e-06	-1.359825e-06	4.499391e-09	-9.661327e+00	2.670233e+02
2.600000e-06	-1.484981e-06	3.770871e-09	-1.055054e+01	2.237687e+02
2.610000e-06	-1.609447e-06	2.978954e-09	-1.143485e+01	1.768836e+02
2.620000e-06	-1.733159e-06	2.123808e-09	-1.231380e+01	1.258539e+02
2.630000e-06	-1.856212e-06	1.201100e-09	-1.318807e+01	7.031711e+01
2.640000e-06	-1.978643e-06	2.010638e-10	-1.405792e+01	1.019039e+01
2.650000e-06	-2.100430e-06	-8.781396e-10	-1.492320e+01	-5.423368e+01
2.660000e-06	-2.221548e-06	-2.020716e-09	-1.578373e+01	-1.222532e+02
2.670000e-06	-2.341894e-06	-3.206619e-09	-1.663876e+01	-1.927990e+02
2.680000e-06	-2.461348e-06	-4.416093e-09	-1.748747e+01	-2.645484e+02
2.690000e-06	-2.579922e-06	-5.623312e-09	-1.832991e+01	-3.360850e+02
2.700000e-06	-2.697559e-06	-6.800893e-09	-1.916570e+01	-4.060703e+02
2.710000e-06	-2.814038e-06	-7.929576e-09	-1.999326e+01	-4.733887e+02
2.720000e-06	-2.929277e-06	-9.000060e-09	-2.081202e+01	-5.372364e+02
2.730000e-06	-3.043367e-06	-1.000974e-08	-2.162261e+01	-5.971443e+02
2.740000e-06	-3.156281e-06	-1.095267e-08	-2.242484e+01	-6.529388e+02
2.750000e-06	-3.267831e-06	-1.182559e-08	-2.321739e+01	-7.046629e+02
2.760000e-06	-3.377947e-06	-1.263517e-08	-2.399974e+01	-7.524864e+02
2.770000e-06	-3.486833e-06	-1.338499e-08	-2.477336e+01	-7.966284e+02
2.780000e-06	-3.594612e-06	-1.407265e-08	-2.553911e+01	-8.373100e+02
2.790000e-06	-3.701269e-06	-1.470104e-08	-2.629689e+01	-8.747389e+02
2.800000e-06	-3.806754e-06	-1.527823e-08	-2.704634e+01	-9.091178e+02
2.810000e-06	-3.910991e-06	-1.581179e-08	-2.778693e+01	-9.406613e+02
2.820000e-06	-4.013839e-06	-1.630171e-08	-2.851765e+01	-9.696075e+02
2.830000e-06	-4.115095e-06	-1.674795e-08	-2.923705e+01	-9.962160e+02
2.840000e-06	-4.214762e-06	-1.715981e-08	-2.994518e+01	-1.020752e+03
2.850000e-06	-4.312983e-06	-1.754537e-08	-3.064301e+01	-1.043461e+03
2.860000e-06	-4.409788e-06	-1.790521e-08	-3.133080e+01	-1.064552e+03
2.870000e-06	-4.505093e-06	-1.823802e-08	-3.200793e+01	-1.084185e+03
2.880000e-06	-4.598740e-06	-1.854577e-08	-3.267327e+01	-1.102475e+03
2.890000e-06	-4.690650e-06	-1.883289e-08	-3.332627e+01	-1.119511e+03
2.900000e-06	-4.780964e-06	-1.910139e-08	-3.396794e+01	-1.135375e+03
2.910000e-06	-4.869654e-06	-1.934980e-08	-3.459807e+01	-1.150157e+03
2.920000e-06	-4.956575e-06	-1.957922e-08	-3.521563e+01	-1.163962e+03
2.930000e-06	-5.041609e-06	-1.979605e-08	-3.581978e+01	-1.176901e+03
2.940000e-06	-5.124819e-06	-2.000341e-08	-3.641097e+01	-1.189081e+03
2.950000e-06	-5.206340e-06	-2.020004e-08	-3.699017e+01	-1.200585e+03
2.960000e-06	-5.286076e-06	-2.038462e-08	-3.755668e+01	-1.211465e+03
2.970000e-06	-5.363766e-06	-2.055849e-08	-3.810865e+01	-1.221747e+03
2.980000e-06	-5.439272e-06	-2.072339e-08	-3.864511e+01	-1.231435e+03
2.990000e-06	-5.512795e-06	-2.087732e-08	-3.916748e+01	-1.240532e+03
3.000000e-06	-5.584468e-06	-2.101958e-08	-3.967670e+01	-1.249054e+03
3.010000e-06	-5.654076e-06	-2.115344e-08	-4.017126e+01	-1.257034e+03
3.020000e-06	-5.721553e-06	-2.128204e-08	-4.065067e+01	-1.264525e+03
3.030000e-06	-5.787066e-06	-2.140399e-08	-4.111613e+01	-1.271582e+03
3.040000e-06	-5.850635e-06	-2.151734e-08	-4.156777e+01	-1.278260e+03
3.050000e-06	-5.912052e-06	-2.162368e-08	-4.200413e+01	-1.284593e+03
3.060000e-06	-5.971234e-06	-2.172568e-08	-4.242461e+01	-1.290597e+03
3.070000e-06	-6.028298e-06	-2.182390e-08	-4.283004e+01	-1.296272e+03
3.080000e-06	-6.083323e-06	-2.191254e-08	-4.322098e+01	-1.301610e+03
3.090000e-06	-6.136065e-06	-2.199315e-08	-4.359571e+01	-1.306611e+03
3.100000e-06	-6.186215e-06	-2.207100e-08	-4.395202e+01	-1.311284e+03
3.110000e-06	-6.233740e-06	-2.214303e-08	-4.428967e+01	-1.315651e+03
3.120000e-06	-6.278949e-06	-2.220906e-08	-4.461087e+01	-1.319741e+03
3.130000e-06	-6.322243e-06	-2.227276e-08	-4.491847e+01	-1.323581e+03
3.140000e-06	-6.363557e-06	-2.233670e-08	-4.521200e+01	-1.327185e+03
3.150000e-06	-6.402745e-06	-2.239691e-08	-4.549043e+01	-1.330557e+03
3.160000e-06	-6.439640e-06	-2.244808e-08	-4.575256e+01	-1.333688e+03
3.170000e-06	-6.474183e-06	-2.249194e-08	-4.599798e+01	-1.336562e+03
3.180000e-06	-6.506517e-06	-2.253344e-08	-4.622771e+01	-1.339173e+03
3.190000e-06	-6.536515e-06	-2.257212e-08	-4.644084e+01	-1.341523e+03
3.200000e-06	-6.564069e-06	-2.260528e-08	-4.663660e+01	-1.343625e+03
3.210000e-06	-6.589349e-06	-2.263469e-08	-4.681621e+01	-1.345503e+03
3.220000e-06	-6.612357e-06	-2.266439e-08	-4.697968e+01	-1.347181e+03
3.230000e-06	-6.632897e-06	-2.269331e-08	-4.712561e+01	-1.348675e+03
3.240000e-06	-6.651078e-06	-2.271769e-08	-4.725479e+01	-1.349989e+03
3.250000e-06	-6.667034e-06	-2.273631e-08	-4.736815e+01	-1.351116e+03
3.260000e-06	-6.680387e-06	-2.275186e-08	-4.746303e+01	-1.352045e+03
3.270000e-06	-6.691115e-06	-2.276512e-08	-4.753924e+01	-1.352764e+03
3.280000e-06	-6.699534e-06	-2.277212e-08	-4.759906e+01	-1.353270e+03
3.290000e-06	-6.705551e-06	-2.277490e-08	-4.764180e+01	-1.353570e+03
3.300000e-06	-6.709145e-06	-2.277684e-08	-4.766734e+01	-1.353680e+03
3.310000e-06	-6.710509e-06	-2.277808e-08	-4.767703e+01	-1.353619e+03
