# Temperatura_=_50.16
# Concentracion g/m^3_=_22500.0
# C_Vs_to_Am_M_A/Vsm_=_59384043850.047264
# pendiente_HvsI_1/m_=_3716.3
# ordenada_HvsI_A/m_=_1297.0
# frecuencia_Hz_=_301411.4889277893

Tiempo_(s)	Campo_(V.s)	Magnetizacion_(V.s)	Campo_(kA/m)	Magnetizacion_(A/m)
0.000000e+00	-6.671922e-06	-2.346153e-08	-4.767900e+01	-1.392090e+03
1.000000e-08	-6.669142e-06	-2.345492e-08	-4.765913e+01	-1.391788e+03
2.000000e-08	-6.664091e-06	-2.344773e-08	-4.762303e+01	-1.391380e+03
3.000000e-08	-6.656978e-06	-2.343836e-08	-4.757221e+01	-1.390822e+03
4.000000e-08	-6.647770e-06	-2.342538e-08	-4.750641e+01	-1.390071e+03
5.000000e-08	-6.636198e-06	-2.340879e-08	-4.742371e+01	-1.389098e+03
6.000000e-08	-6.622092e-06	-2.338848e-08	-4.732290e+01	-1.387897e+03
7.000000e-08	-6.605490e-06	-2.337045e-08	-4.720426e+01	-1.386488e+03
8.000000e-08	-6.586572e-06	-2.334562e-08	-4.706907e+01	-1.384902e+03
9.000000e-08	-6.565350e-06	-2.329347e-08	-4.691741e+01	-1.383174e+03
1.000000e-07	-6.541560e-06	-2.324444e-08	-4.674741e+01	-1.381324e+03
1.100000e-07	-6.515105e-06	-2.322762e-08	-4.655835e+01	-1.379358e+03
1.200000e-07	-6.486321e-06	-2.321492e-08	-4.635265e+01	-1.377262e+03
1.300000e-07	-6.455701e-06	-2.318528e-08	-4.613384e+01	-1.375013e+03
1.400000e-07	-6.423432e-06	-2.314830e-08	-4.590324e+01	-1.372591e+03
1.500000e-07	-6.389266e-06	-2.309518e-08	-4.565908e+01	-1.369982e+03
1.600000e-07	-6.352885e-06	-2.303003e-08	-4.539909e+01	-1.367185e+03
1.700000e-07	-6.314408e-06	-2.299626e-08	-4.512413e+01	-1.364208e+03
1.800000e-07	-6.273697e-06	-2.293325e-08	-4.483320e+01	-1.361064e+03
1.900000e-07	-6.230535e-06	-2.286187e-08	-4.452476e+01	-1.357759e+03
2.000000e-07	-6.185154e-06	-2.283234e-08	-4.420045e+01	-1.354290e+03
2.100000e-07	-6.137497e-06	-2.277512e-08	-4.385989e+01	-1.350650e+03
2.200000e-07	-6.087341e-06	-2.271135e-08	-4.350146e+01	-1.346824e+03
2.300000e-07	-6.034613e-06	-2.262827e-08	-4.312465e+01	-1.342802e+03
2.400000e-07	-5.979469e-06	-2.253963e-08	-4.273058e+01	-1.338580e+03
2.500000e-07	-5.922172e-06	-2.247808e-08	-4.232113e+01	-1.334162e+03
2.600000e-07	-5.862719e-06	-2.240147e-08	-4.189626e+01	-1.329555e+03
2.700000e-07	-5.801156e-06	-2.232766e-08	-4.145632e+01	-1.324767e+03
2.800000e-07	-5.737607e-06	-2.224439e-08	-4.100218e+01	-1.319800e+03
2.900000e-07	-5.671973e-06	-2.215688e-08	-4.053315e+01	-1.314647e+03
3.000000e-07	-5.604174e-06	-2.207060e-08	-4.004864e+01	-1.309295e+03
3.100000e-07	-5.534291e-06	-2.196206e-08	-3.954924e+01	-1.303728e+03
3.200000e-07	-5.462466e-06	-2.186067e-08	-3.903596e+01	-1.297938e+03
3.300000e-07	-5.388645e-06	-2.176260e-08	-3.850843e+01	-1.291920e+03
3.400000e-07	-5.312661e-06	-2.167075e-08	-3.796543e+01	-1.285681e+03
3.500000e-07	-5.234521e-06	-2.156663e-08	-3.740702e+01	-1.279229e+03
3.600000e-07	-5.154283e-06	-2.144476e-08	-3.683362e+01	-1.272570e+03
3.700000e-07	-5.072083e-06	-2.132983e-08	-3.624621e+01	-1.265703e+03
3.800000e-07	-4.988163e-06	-2.120607e-08	-3.564649e+01	-1.258616e+03
3.900000e-07	-4.902662e-06	-2.107921e-08	-3.503548e+01	-1.251291e+03
4.000000e-07	-4.815602e-06	-2.094622e-08	-3.441333e+01	-1.243707e+03
4.100000e-07	-4.726963e-06	-2.081729e-08	-3.377990e+01	-1.235850e+03
4.200000e-07	-4.636593e-06	-2.068981e-08	-3.313410e+01	-1.227715e+03
4.300000e-07	-4.544455e-06	-2.055056e-08	-3.247566e+01	-1.219308e+03
4.400000e-07	-4.450636e-06	-2.040650e-08	-3.180521e+01	-1.210640e+03
4.500000e-07	-4.355204e-06	-2.025222e-08	-3.112323e+01	-1.201722e+03
4.600000e-07	-4.258242e-06	-2.009715e-08	-3.043032e+01	-1.192557e+03
4.700000e-07	-4.159751e-06	-1.993464e-08	-2.972648e+01	-1.183139e+03
4.800000e-07	-4.059705e-06	-1.976657e-08	-2.901153e+01	-1.173453e+03
4.900000e-07	-3.958179e-06	-1.959832e-08	-2.828600e+01	-1.163482e+03
5.000000e-07	-3.855287e-06	-1.943117e-08	-2.755071e+01	-1.153214e+03
5.100000e-07	-3.751064e-06	-1.925782e-08	-2.680591e+01	-1.142643e+03
5.200000e-07	-3.645476e-06	-1.907453e-08	-2.605136e+01	-1.131775e+03
5.300000e-07	-3.538522e-06	-1.888888e-08	-2.528705e+01	-1.120619e+03
5.400000e-07	-3.430294e-06	-1.869422e-08	-2.451363e+01	-1.109184e+03
5.500000e-07	-3.320840e-06	-1.849235e-08	-2.373144e+01	-1.097469e+03
5.600000e-07	-3.210232e-06	-1.828418e-08	-2.294101e+01	-1.085465e+03
5.700000e-07	-3.098503e-06	-1.807490e-08	-2.214258e+01	-1.073153e+03
5.800000e-07	-2.985653e-06	-1.786348e-08	-2.133612e+01	-1.060513e+03
5.900000e-07	-2.871675e-06	-1.764821e-08	-2.052161e+01	-1.047532e+03
6.000000e-07	-2.756539e-06	-1.742689e-08	-1.969883e+01	-1.034205e+03
6.100000e-07	-2.640257e-06	-1.719832e-08	-1.886785e+01	-1.020542e+03
6.200000e-07	-2.522913e-06	-1.696383e-08	-1.802929e+01	-1.006554e+03
6.300000e-07	-2.404572e-06	-1.672096e-08	-1.718359e+01	-9.922512e+02
6.400000e-07	-2.285352e-06	-1.646920e-08	-1.633162e+01	-9.776311e+02
6.500000e-07	-2.165341e-06	-1.621242e-08	-1.547400e+01	-9.626785e+02
6.600000e-07	-2.044648e-06	-1.595491e-08	-1.461150e+01	-9.473676e+02
6.700000e-07	-1.923299e-06	-1.569291e-08	-1.374431e+01	-9.316715e+02
6.800000e-07	-1.801253e-06	-1.542401e-08	-1.287215e+01	-9.155712e+02
6.900000e-07	-1.678553e-06	-1.514809e-08	-1.199530e+01	-8.990616e+02
7.000000e-07	-1.555168e-06	-1.486723e-08	-1.111357e+01	-8.821502e+02
7.100000e-07	-1.431080e-06	-1.457768e-08	-1.022681e+01	-8.648485e+02
7.200000e-07	-1.306377e-06	-1.427879e-08	-9.335655e+00	-8.471597e+02
7.300000e-07	-1.181284e-06	-1.397105e-08	-8.441709e+00	-8.290679e+02
7.400000e-07	-1.055891e-06	-1.365612e-08	-7.545626e+00	-8.105349e+02
7.500000e-07	-9.301074e-07	-1.333457e-08	-6.646749e+00	-7.915064e+02
7.600000e-07	-8.039705e-07	-1.300400e-08	-5.745347e+00	-7.719247e+02
7.700000e-07	-6.775629e-07	-1.266637e-08	-4.842011e+00	-7.517433e+02
7.800000e-07	-5.509170e-07	-1.232119e-08	-3.936972e+00	-7.309338e+02
7.900000e-07	-4.241410e-07	-1.196463e-08	-3.031003e+00	-7.094803e+02
8.000000e-07	-2.972566e-07	-1.159191e-08	-2.124260e+00	-6.873614e+02
8.100000e-07	-1.702491e-07	-1.120279e-08	-1.216637e+00	-6.645244e+02
8.200000e-07	-4.320117e-08	-1.079862e-08	-3.087249e-01	-6.408637e+02
8.300000e-07	8.388602e-08	-1.037942e-08	5.994677e-01	-6.162126e+02
8.400000e-07	2.109656e-07	-9.941965e-09	1.507606e+00	-5.903555e+02
8.500000e-07	3.379446e-07	-9.484036e-09	2.415025e+00	-5.630575e+02
8.600000e-07	4.648144e-07	-9.001294e-09	3.321664e+00	-5.340992e+02
8.700000e-07	5.915370e-07	-8.486565e-09	4.227252e+00	-5.033006e+02
8.800000e-07	7.180492e-07	-7.934004e-09	5.131335e+00	-4.705173e+02
8.900000e-07	8.442747e-07	-7.341596e-09	6.033370e+00	-4.356019e+02
9.000000e-07	9.701763e-07	-6.707908e-09	6.933090e+00	-3.983384e+02
9.100000e-07	1.095773e-06	-6.027627e-09	7.830628e+00	-3.583700e+02
9.200000e-07	1.221051e-06	-5.293151e-09	8.725898e+00	-3.151516e+02
9.300000e-07	1.345979e-06	-4.492120e-09	9.618661e+00	-2.679573e+02
9.400000e-07	1.470464e-06	-3.612088e-09	1.050826e+01	-2.159607e+02
9.500000e-07	1.594351e-06	-2.638590e-09	1.139358e+01	-1.583845e+02
9.600000e-07	1.717572e-06	-1.561165e-09	1.227414e+01	-9.469418e+01
9.700000e-07	1.840086e-06	-3.789413e-10	1.314966e+01	-2.478873e+01
9.800000e-07	1.961927e-06	9.021090e-10	1.402036e+01	5.086127e+01
9.900000e-07	2.083116e-06	2.264482e-09	1.488640e+01	1.311729e+02
1.000000e-06	2.203569e-06	3.678256e-09	1.574718e+01	2.145271e+02
1.010000e-06	2.323211e-06	5.106777e-09	1.660217e+01	2.989527e+02
1.020000e-06	2.442013e-06	6.513566e-09	1.745115e+01	3.823804e+02
1.030000e-06	2.559925e-06	7.865018e-09	1.829378e+01	4.629098e+02
1.040000e-06	2.676878e-06	9.139275e-09	1.912955e+01	5.390309e+02
1.050000e-06	2.792676e-06	1.032277e-08	1.995707e+01	6.097553e+02
1.060000e-06	2.907196e-06	1.141028e-08	2.077545e+01	6.746372e+02
1.070000e-06	3.020666e-06	1.240488e-08	2.158633e+01	7.336952e+02
1.080000e-06	3.133093e-06	1.330857e-08	2.238976e+01	7.872680e+02
1.090000e-06	3.244402e-06	1.412607e-08	2.318520e+01	8.358525e+02
1.100000e-06	3.354603e-06	1.486656e-08	2.397272e+01	8.799662e+02
1.110000e-06	3.463718e-06	1.553809e-08	2.475248e+01	9.200618e+02
1.120000e-06	3.571621e-06	1.614551e-08	2.552358e+01	9.565024e+02
1.130000e-06	3.678121e-06	1.669598e-08	2.628465e+01	9.895835e+02
1.140000e-06	3.783253e-06	1.719637e-08	2.703594e+01	1.019576e+03
1.150000e-06	3.887021e-06	1.765241e-08	2.777749e+01	1.046765e+03
1.160000e-06	3.989442e-06	1.806848e-08	2.850942e+01	1.071466e+03
1.170000e-06	4.090525e-06	1.844865e-08	2.923178e+01	1.094010e+03
1.180000e-06	4.190072e-06	1.879718e-08	2.994316e+01	1.114717e+03
1.190000e-06	4.287956e-06	1.911787e-08	3.064267e+01	1.133856e+03
1.200000e-06	4.384258e-06	1.941431e-08	3.133086e+01	1.151627e+03
1.210000e-06	4.479041e-06	1.968824e-08	3.200819e+01	1.168159e+03
1.220000e-06	4.572361e-06	1.994292e-08	3.267508e+01	1.183527e+03
1.230000e-06	4.664082e-06	2.018103e-08	3.333054e+01	1.197790e+03
1.240000e-06	4.754066e-06	2.040329e-08	3.397358e+01	1.211015e+03
1.250000e-06	4.842290e-06	2.061217e-08	3.460406e+01	1.223295e+03
1.260000e-06	4.928809e-06	2.080709e-08	3.522234e+01	1.234747e+03
1.270000e-06	5.013748e-06	2.098735e-08	3.582933e+01	1.245492e+03
1.280000e-06	5.096962e-06	2.115583e-08	3.642400e+01	1.255633e+03
1.290000e-06	5.178282e-06	2.131574e-08	3.700512e+01	1.265239e+03
1.300000e-06	5.257744e-06	2.146809e-08	3.757298e+01	1.274335e+03
1.310000e-06	5.335362e-06	2.160952e-08	3.812765e+01	1.282919e+03
1.320000e-06	5.410924e-06	2.174018e-08	3.866764e+01	1.290981e+03
1.330000e-06	5.484329e-06	2.186280e-08	3.919220e+01	1.298521e+03
1.340000e-06	5.555699e-06	2.198130e-08	3.970223e+01	1.305569e+03
1.350000e-06	5.625184e-06	2.209479e-08	4.019878e+01	1.312181e+03
1.360000e-06	5.692674e-06	2.220026e-08	4.068108e+01	1.318427e+03
1.370000e-06	5.757997e-06	2.230085e-08	4.114789e+01	1.324371e+03
1.380000e-06	5.821296e-06	2.239784e-08	4.160024e+01	1.330055e+03
1.390000e-06	5.882737e-06	2.248780e-08	4.203932e+01	1.335488e+03
1.400000e-06	5.942154e-06	2.256861e-08	4.246392e+01	1.340653e+03
1.410000e-06	5.999341e-06	2.264539e-08	4.287259e+01	1.345523e+03
1.420000e-06	6.054362e-06	2.272251e-08	4.326578e+01	1.350077e+03
1.430000e-06	6.107111e-06	2.279755e-08	4.364274e+01	1.354315e+03
1.440000e-06	6.157335e-06	2.286698e-08	4.400165e+01	1.358262e+03
1.450000e-06	6.205087e-06	2.293111e-08	4.434290e+01	1.361959e+03
1.460000e-06	6.250663e-06	2.299060e-08	4.466859e+01	1.365448e+03
1.470000e-06	6.294039e-06	2.304406e-08	4.497856e+01	1.368755e+03
1.480000e-06	6.335081e-06	2.309256e-08	4.527186e+01	1.371885e+03
1.490000e-06	6.373910e-06	2.313833e-08	4.554934e+01	1.374818e+03
1.500000e-06	6.410633e-06	2.318308e-08	4.581177e+01	1.377524e+03
1.510000e-06	6.445057e-06	2.322533e-08	4.605777e+01	1.379980e+03
1.520000e-06	6.477094e-06	2.326254e-08	4.628672e+01	1.382179e+03
1.530000e-06	6.506988e-06	2.329628e-08	4.650035e+01	1.384140e+03
1.540000e-06	6.534711e-06	2.332672e-08	4.669846e+01	1.385901e+03
1.550000e-06	6.559981e-06	2.335304e-08	4.687905e+01	1.387502e+03
1.560000e-06	6.582846e-06	2.337575e-08	4.704244e+01	1.388972e+03
1.570000e-06	6.603574e-06	2.339490e-08	4.719057e+01	1.390316e+03
1.580000e-06	6.622026e-06	2.341300e-08	4.732243e+01	1.391513e+03
1.590000e-06	6.638031e-06	2.342989e-08	4.743681e+01	1.392526e+03
1.600000e-06	6.651590e-06	2.344246e-08	4.753370e+01	1.393319e+03
1.610000e-06	6.662532e-06	2.345067e-08	4.761190e+01	1.393870e+03
1.620000e-06	6.670885e-06	2.345568e-08	4.767159e+01	1.394186e+03
1.630000e-06	6.676897e-06	2.345755e-08	4.771456e+01	1.394301e+03
1.640000e-06	6.680624e-06	2.345589e-08	4.774118e+01	1.394261e+03
1.650000e-06	6.681962e-06	2.345354e-08	4.775075e+01	1.394114e+03
1.660000e-06	6.681037e-06	2.345143e-08	4.774414e+01	1.393884e+03
1.670000e-06	6.678032e-06	2.344955e-08	4.772266e+01	1.393573e+03
1.680000e-06	6.672783e-06	2.344282e-08	4.768515e+01	1.393150e+03
1.690000e-06	6.665268e-06	2.343029e-08	4.763145e+01	1.392573e+03
1.700000e-06	6.655662e-06	2.341333e-08	4.756280e+01	1.391799e+03
1.710000e-06	6.643771e-06	2.339311e-08	4.747782e+01	1.390801e+03
1.720000e-06	6.629497e-06	2.336936e-08	4.737582e+01	1.389577e+03
1.730000e-06	6.613139e-06	2.334596e-08	4.725892e+01	1.388147e+03
1.740000e-06	6.594764e-06	2.334095e-08	4.712761e+01	1.386544e+03
1.750000e-06	6.573717e-06	2.333764e-08	4.697721e+01	1.384801e+03
1.760000e-06	6.549484e-06	2.329285e-08	4.680403e+01	1.382939e+03
1.770000e-06	6.522514e-06	2.323021e-08	4.661130e+01	1.380960e+03
1.780000e-06	6.493298e-06	2.317117e-08	4.640251e+01	1.378848e+03
1.790000e-06	6.462177e-06	2.313362e-08	4.618012e+01	1.376581e+03
1.800000e-06	6.429490e-06	2.313090e-08	4.594653e+01	1.374139e+03
1.810000e-06	6.394909e-06	2.308901e-08	4.569941e+01	1.371509e+03
1.820000e-06	6.358036e-06	2.301380e-08	4.543590e+01	1.368692e+03
1.830000e-06	6.318984e-06	2.298720e-08	4.515683e+01	1.365697e+03
1.840000e-06	6.277669e-06	2.293230e-08	4.486158e+01	1.362535e+03
1.850000e-06	6.234209e-06	2.285767e-08	4.455101e+01	1.359212e+03
1.860000e-06	6.188614e-06	2.280161e-08	4.422517e+01	1.355726e+03
1.870000e-06	6.140598e-06	2.271847e-08	4.388204e+01	1.352066e+03
1.880000e-06	6.090378e-06	2.269626e-08	4.352316e+01	1.348219e+03
1.890000e-06	6.037735e-06	2.264542e-08	4.314696e+01	1.344175e+03
1.900000e-06	5.982596e-06	2.254782e-08	4.275292e+01	1.339932e+03
1.910000e-06	5.925323e-06	2.247287e-08	4.234364e+01	1.335492e+03
1.920000e-06	5.865933e-06	2.237600e-08	4.191923e+01	1.330865e+03
1.930000e-06	5.804376e-06	2.232111e-08	4.147933e+01	1.326058e+03
1.940000e-06	5.740640e-06	2.223022e-08	4.102385e+01	1.321072e+03
1.950000e-06	5.674883e-06	2.212640e-08	4.055394e+01	1.315898e+03
1.960000e-06	5.607060e-06	2.206821e-08	4.006926e+01	1.310523e+03
1.970000e-06	5.536960e-06	2.197470e-08	3.956832e+01	1.304932e+03
1.980000e-06	5.464806e-06	2.188078e-08	3.905269e+01	1.299117e+03
1.990000e-06	5.390673e-06	2.174650e-08	3.852292e+01	1.293075e+03
2.000000e-06	5.314431e-06	2.164211e-08	3.797808e+01	1.286812e+03
2.010000e-06	5.236091e-06	2.155695e-08	3.741824e+01	1.280338e+03
2.020000e-06	5.155805e-06	2.143000e-08	3.684450e+01	1.273656e+03
2.030000e-06	5.073781e-06	2.132164e-08	3.625834e+01	1.266766e+03
2.040000e-06	4.989985e-06	2.119629e-08	3.565951e+01	1.259654e+03
2.050000e-06	4.904342e-06	2.109666e-08	3.504749e+01	1.252302e+03
2.060000e-06	4.816879e-06	2.096213e-08	3.442246e+01	1.244689e+03
2.070000e-06	4.727744e-06	2.080785e-08	3.378548e+01	1.236802e+03
2.080000e-06	4.637045e-06	2.067158e-08	3.313733e+01	1.228638e+03
2.090000e-06	4.544714e-06	2.053185e-08	3.247751e+01	1.220202e+03
2.100000e-06	4.450695e-06	2.039949e-08	3.180563e+01	1.211506e+03
2.110000e-06	4.355028e-06	2.023142e-08	3.112198e+01	1.202561e+03
2.120000e-06	4.257871e-06	2.008494e-08	3.042767e+01	1.193369e+03
2.130000e-06	4.159250e-06	1.993513e-08	2.972290e+01	1.183923e+03
2.140000e-06	4.059126e-06	1.977191e-08	2.900739e+01	1.174207e+03
2.150000e-06	3.957459e-06	1.958995e-08	2.828086e+01	1.164205e+03
2.160000e-06	3.854226e-06	1.940877e-08	2.754313e+01	1.153903e+03
2.170000e-06	3.749639e-06	1.924504e-08	2.679573e+01	1.143300e+03
2.180000e-06	3.643867e-06	1.906318e-08	2.603986e+01	1.132400e+03
2.190000e-06	3.536911e-06	1.887249e-08	2.527553e+01	1.121214e+03
2.200000e-06	3.428732e-06	1.867393e-08	2.450246e+01	1.109749e+03
2.210000e-06	3.319294e-06	1.848809e-08	2.372039e+01	1.098003e+03
2.220000e-06	3.208565e-06	1.828848e-08	2.292910e+01	1.085967e+03
2.230000e-06	3.096631e-06	1.807274e-08	2.212920e+01	1.073621e+03
2.240000e-06	2.983525e-06	1.785274e-08	2.132092e+01	1.060944e+03
2.250000e-06	2.869280e-06	1.764073e-08	2.050450e+01	1.047925e+03
2.260000e-06	2.753954e-06	1.742157e-08	1.968035e+01	1.034562e+03
2.270000e-06	2.637522e-06	1.718385e-08	1.884831e+01	1.020863e+03
2.280000e-06	2.519986e-06	1.694337e-08	1.800836e+01	1.006841e+03
2.290000e-06	2.401409e-06	1.670905e-08	1.716099e+01	9.925042e+02
2.300000e-06	2.281965e-06	1.647370e-08	1.630741e+01	9.778491e+02
2.310000e-06	2.161721e-06	1.621521e-08	1.544813e+01	9.628591e+02
2.320000e-06	2.040705e-06	1.595005e-08	1.458332e+01	9.475080e+02
2.330000e-06	1.918986e-06	1.568636e-08	1.371349e+01	9.317690e+02
2.340000e-06	1.796584e-06	1.542038e-08	1.283878e+01	9.156245e+02
2.350000e-06	1.673531e-06	1.513697e-08	1.195942e+01	8.990710e+02
2.360000e-06	1.549885e-06	1.484467e-08	1.107581e+01	8.821170e+02
2.370000e-06	1.425727e-06	1.455704e-08	1.018856e+01	8.647736e+02
2.380000e-06	1.301154e-06	1.426686e-08	9.298325e+00	8.470425e+02
2.390000e-06	1.176160e-06	1.396270e-08	8.405092e+00	8.289053e+02
2.400000e-06	1.050748e-06	1.364262e-08	7.508874e+00	8.103217e+02
2.410000e-06	9.249667e-07	1.332068e-08	6.610013e+00	7.912363e+02
2.420000e-06	7.988165e-07	1.299232e-08	5.708516e+00	7.715920e+02
2.430000e-06	6.722672e-07	1.264925e-08	4.804167e+00	7.513441e+02
2.440000e-06	5.453587e-07	1.229106e-08	3.897251e+00	7.304659e+02
2.450000e-06	4.182222e-07	1.192923e-08	2.988706e+00	7.089422e+02
2.460000e-06	2.909375e-07	1.156493e-08	2.079103e+00	6.867493e+02
2.470000e-06	1.635199e-07	1.118524e-08	1.168549e+00	6.638299e+02
2.480000e-06	3.601723e-08	1.078364e-08	2.573870e-01	6.400718e+02
2.490000e-06	-9.146258e-08	1.036262e-08	-6.536114e-01	6.153022e+02
2.500000e-06	-2.188971e-07	9.926137e-09	-1.564286e+00	5.893017e+02
2.510000e-06	-3.462199e-07	9.463272e-09	-2.474163e+00	5.618354e+02
2.520000e-06	-4.733060e-07	8.966988e-09	-3.382348e+00	5.326874e+02
2.530000e-06	-6.001968e-07	8.443649e-09	-4.289136e+00	5.016824e+02
2.540000e-06	-7.269010e-07	7.895848e-09	-5.194592e+00	4.686780e+02
2.550000e-06	-8.532503e-07	7.313018e-09	-6.097512e+00	4.335230e+02
2.560000e-06	-9.791527e-07	6.683409e-09	-6.997238e+00	3.959896e+02
2.570000e-06	-1.104625e-06	6.005329e-09	-7.893888e+00	3.557022e+02
2.580000e-06	-1.229677e-06	5.274478e-09	-8.787541e+00	3.120949e+02
2.590000e-06	-1.354365e-06	4.474260e-09	-9.678582e+00	2.644259e+02
2.600000e-06	-1.478627e-06	3.590760e-09	-1.056659e+01	2.118658e+02
2.610000e-06	-1.602382e-06	2.616679e-09	-1.145097e+01	1.536537e+02
2.620000e-06	-1.725578e-06	1.546371e-09	-1.233136e+01	8.929272e+01
2.630000e-06	-1.848099e-06	3.752495e-10	-1.320691e+01	1.873812e+01
2.640000e-06	-1.969934e-06	-8.974766e-10	-1.407758e+01	-5.747395e+01
2.650000e-06	-2.091048e-06	-2.255725e-09	-1.494308e+01	-1.381974e+02
2.660000e-06	-2.211452e-06	-3.665184e-09	-1.580351e+01	-2.217650e+02
2.670000e-06	-2.331213e-06	-5.088439e-09	-1.665936e+01	-3.061821e+02
2.680000e-06	-2.450063e-06	-6.491974e-09	-1.750868e+01	-3.893852e+02
2.690000e-06	-2.567792e-06	-7.842209e-09	-1.835000e+01	-4.695063e+02
2.700000e-06	-2.684486e-06	-9.112841e-09	-1.918392e+01	-5.450869e+02
2.710000e-06	-2.800148e-06	-1.028959e-08	-2.001046e+01	-6.151978e+02
2.720000e-06	-2.914689e-06	-1.137096e-08	-2.082900e+01	-6.794482e+02
2.730000e-06	-3.028023e-06	-1.236218e-08	-2.163891e+01	-7.378984e+02
2.740000e-06	-3.140056e-06	-1.326504e-08	-2.243952e+01	-7.909119e+02
2.750000e-06	-3.250834e-06	-1.408332e-08	-2.323116e+01	-8.389936e+02
2.760000e-06	-3.360393e-06	-1.482473e-08	-2.401410e+01	-8.826570e+02
2.770000e-06	-3.468794e-06	-1.549682e-08	-2.478875e+01	-9.223454e+02
2.780000e-06	-3.576124e-06	-1.610476e-08	-2.555576e+01	-9.584131e+02
2.790000e-06	-3.682299e-06	-1.665312e-08	-2.631450e+01	-9.911506e+02
2.800000e-06	-3.787234e-06	-1.715085e-08	-2.706439e+01	-1.020829e+03
2.810000e-06	-3.890869e-06	-1.760805e-08	-2.780499e+01	-1.047736e+03
2.820000e-06	-3.993017e-06	-1.802780e-08	-2.853497e+01	-1.072190e+03
2.830000e-06	-4.093589e-06	-1.840973e-08	-2.925367e+01	-1.094523e+03
2.840000e-06	-4.192619e-06	-1.875902e-08	-2.996137e+01	-1.115050e+03
2.850000e-06	-4.290196e-06	-1.908230e-08	-3.065867e+01	-1.134035e+03
2.860000e-06	-4.386415e-06	-1.938037e-08	-3.134627e+01	-1.151669e+03
2.870000e-06	-4.481101e-06	-1.965413e-08	-3.202292e+01	-1.168073e+03
2.880000e-06	-4.574156e-06	-1.990839e-08	-3.268791e+01	-1.183321e+03
2.890000e-06	-4.665630e-06	-2.014681e-08	-3.334161e+01	-1.197469e+03
2.900000e-06	-4.755435e-06	-2.037047e-08	-3.398337e+01	-1.210588e+03
2.910000e-06	-4.843559e-06	-2.057931e-08	-3.461312e+01	-1.222774e+03
2.920000e-06	-4.929912e-06	-2.077316e-08	-3.523022e+01	-1.234144e+03
2.930000e-06	-5.014424e-06	-2.095578e-08	-3.583416e+01	-1.244820e+03
2.940000e-06	-5.097245e-06	-2.112858e-08	-3.642602e+01	-1.254902e+03
2.950000e-06	-5.178366e-06	-2.129054e-08	-3.700572e+01	-1.264453e+03
2.960000e-06	-5.257677e-06	-2.144139e-08	-3.757250e+01	-1.273495e+03
2.970000e-06	-5.334901e-06	-2.158476e-08	-3.812436e+01	-1.282024e+03
2.980000e-06	-5.409958e-06	-2.172186e-08	-3.866073e+01	-1.290030e+03
2.990000e-06	-5.483051e-06	-2.184932e-08	-3.918307e+01	-1.297515e+03
3.000000e-06	-5.554148e-06	-2.196911e-08	-3.969115e+01	-1.304514e+03
3.010000e-06	-5.623178e-06	-2.208219e-08	-4.018445e+01	-1.311083e+03
3.020000e-06	-5.690194e-06	-2.219069e-08	-4.066336e+01	-1.317295e+03
3.030000e-06	-5.755292e-06	-2.229280e-08	-4.112857e+01	-1.323210e+03
3.040000e-06	-5.818449e-06	-2.238680e-08	-4.157990e+01	-1.328868e+03
3.050000e-06	-5.879486e-06	-2.247528e-08	-4.201608e+01	-1.334273e+03
3.060000e-06	-5.938320e-06	-2.256068e-08	-4.243652e+01	-1.339409e+03
3.070000e-06	-5.995066e-06	-2.264311e-08	-4.284204e+01	-1.344246e+03
3.080000e-06	-6.049710e-06	-2.271925e-08	-4.323254e+01	-1.348765e+03
3.090000e-06	-6.102008e-06	-2.278963e-08	-4.360627e+01	-1.352971e+03
3.100000e-06	-6.151788e-06	-2.285671e-08	-4.396201e+01	-1.356889e+03
3.110000e-06	-6.199026e-06	-2.291985e-08	-4.429958e+01	-1.360562e+03
3.120000e-06	-6.244021e-06	-2.297760e-08	-4.462113e+01	-1.364031e+03
3.130000e-06	-6.287098e-06	-2.303276e-08	-4.492896e+01	-1.367320e+03
3.140000e-06	-6.328192e-06	-2.308674e-08	-4.522263e+01	-1.370430e+03
3.150000e-06	-6.367172e-06	-2.313796e-08	-4.550119e+01	-1.373341e+03
3.160000e-06	-6.403822e-06	-2.318224e-08	-4.576310e+01	-1.376021e+03
3.170000e-06	-6.438155e-06	-2.322035e-08	-4.600845e+01	-1.378449e+03
3.180000e-06	-6.470303e-06	-2.325800e-08	-4.623818e+01	-1.380622e+03
3.190000e-06	-6.500049e-06	-2.329479e-08	-4.645076e+01	-1.382560e+03
3.200000e-06	-6.527410e-06	-2.332546e-08	-4.664629e+01	-1.384302e+03
3.210000e-06	-6.552536e-06	-2.335074e-08	-4.682584e+01	-1.385889e+03
3.220000e-06	-6.575322e-06	-2.337579e-08	-4.698867e+01	-1.387346e+03
3.230000e-06	-6.595700e-06	-2.340036e-08	-4.713430e+01	-1.388675e+03
3.240000e-06	-6.613798e-06	-2.342177e-08	-4.726363e+01	-1.389855e+03
3.250000e-06	-6.629626e-06	-2.343771e-08	-4.737674e+01	-1.390847e+03
3.260000e-06	-6.642903e-06	-2.345051e-08	-4.747162e+01	-1.391614e+03
3.270000e-06	-6.653559e-06	-2.346199e-08	-4.754777e+01	-1.392139e+03
3.280000e-06	-6.661876e-06	-2.346848e-08	-4.760721e+01	-1.392433e+03
3.290000e-06	-6.667806e-06	-2.347082e-08	-4.764958e+01	-1.392528e+03
3.300000e-06	-6.671322e-06	-2.346968e-08	-4.767471e+01	-1.392476e+03
3.310000e-06	-6.672608e-06	-2.346603e-08	-4.768390e+01	-1.392319e+03
