# Temperatura_=_53.14
# Concentracion g/m^3_=_22500.0
# C_Vs_to_Am_M_A/Vsm_=_59384043850.047264
# pendiente_HvsI_1/m_=_3716.3
# ordenada_HvsI_A/m_=_1297.0
# frecuencia_Hz_=_301413.1644951976

Tiempo_(s)	Campo_(V.s)	Magnetizacion_(V.s)	Campo_(kA/m)	Magnetizacion_(A/m)
0.000000e+00	-6.661903e-06	-2.395947e-08	-4.767710e+01	-1.421370e+03
1.000000e-08	-6.659108e-06	-2.395258e-08	-4.765710e+01	-1.421069e+03
2.000000e-08	-6.654060e-06	-2.394572e-08	-4.762097e+01	-1.420625e+03
3.000000e-08	-6.646996e-06	-2.393423e-08	-4.757042e+01	-1.419984e+03
4.000000e-08	-6.637812e-06	-2.391975e-08	-4.750469e+01	-1.419110e+03
5.000000e-08	-6.626205e-06	-2.390092e-08	-4.742162e+01	-1.417992e+03
6.000000e-08	-6.612106e-06	-2.388301e-08	-4.732072e+01	-1.416648e+03
7.000000e-08	-6.595576e-06	-2.387403e-08	-4.720242e+01	-1.415114e+03
8.000000e-08	-6.576755e-06	-2.383896e-08	-4.706772e+01	-1.413427e+03
9.000000e-08	-6.555629e-06	-2.374597e-08	-4.691653e+01	-1.411612e+03
1.000000e-07	-6.531860e-06	-2.370641e-08	-4.674643e+01	-1.409673e+03
1.100000e-07	-6.505397e-06	-2.372278e-08	-4.655704e+01	-1.407597e+03
1.200000e-07	-6.476642e-06	-2.370058e-08	-4.635124e+01	-1.405361e+03
1.300000e-07	-6.446128e-06	-2.366810e-08	-4.613287e+01	-1.402947e+03
1.400000e-07	-6.414025e-06	-2.365824e-08	-4.590312e+01	-1.400348e+03
1.500000e-07	-6.379995e-06	-2.354326e-08	-4.565957e+01	-1.397570e+03
1.600000e-07	-6.343671e-06	-2.349434e-08	-4.539962e+01	-1.394629e+03
1.700000e-07	-6.305303e-06	-2.349973e-08	-4.512503e+01	-1.391537e+03
1.800000e-07	-6.264739e-06	-2.335078e-08	-4.483473e+01	-1.388293e+03
1.900000e-07	-6.221652e-06	-2.332383e-08	-4.452636e+01	-1.384884e+03
2.000000e-07	-6.176323e-06	-2.329235e-08	-4.420196e+01	-1.381284e+03
2.100000e-07	-6.128777e-06	-2.322666e-08	-4.386169e+01	-1.377465e+03
2.200000e-07	-6.078767e-06	-2.319368e-08	-4.350378e+01	-1.373408e+03
2.300000e-07	-6.026212e-06	-2.305461e-08	-4.312766e+01	-1.369115e+03
2.400000e-07	-5.971232e-06	-2.297785e-08	-4.273419e+01	-1.364603e+03
2.500000e-07	-5.914064e-06	-2.291919e-08	-4.232506e+01	-1.359901e+03
2.600000e-07	-5.854694e-06	-2.281648e-08	-4.190016e+01	-1.355037e+03
2.700000e-07	-5.793189e-06	-2.275068e-08	-4.145999e+01	-1.350024e+03
2.800000e-07	-5.729697e-06	-2.266841e-08	-4.100560e+01	-1.344857e+03
2.900000e-07	-5.664142e-06	-2.258438e-08	-4.053645e+01	-1.339514e+03
3.000000e-07	-5.596438e-06	-2.247978e-08	-4.005191e+01	-1.333961e+03
3.100000e-07	-5.526661e-06	-2.237911e-08	-3.955254e+01	-1.328170e+03
3.200000e-07	-5.454955e-06	-2.226587e-08	-3.903936e+01	-1.322124e+03
3.300000e-07	-5.381287e-06	-2.214618e-08	-3.851214e+01	-1.315825e+03
3.400000e-07	-5.305490e-06	-2.207928e-08	-3.796969e+01	-1.309289e+03
3.500000e-07	-5.227535e-06	-2.195729e-08	-3.741179e+01	-1.302537e+03
3.600000e-07	-5.147421e-06	-2.183297e-08	-3.683844e+01	-1.295582e+03
3.700000e-07	-5.065279e-06	-2.171500e-08	-3.625058e+01	-1.288421e+03
3.800000e-07	-4.981472e-06	-2.158252e-08	-3.565080e+01	-1.281038e+03
3.900000e-07	-4.896144e-06	-2.144753e-08	-3.504013e+01	-1.273406e+03
4.000000e-07	-4.809249e-06	-2.130239e-08	-3.441825e+01	-1.265495e+03
4.100000e-07	-4.720737e-06	-2.117680e-08	-3.378480e+01	-1.257290e+03
4.200000e-07	-4.630506e-06	-2.104118e-08	-3.313904e+01	-1.248788e+03
4.300000e-07	-4.538504e-06	-2.090308e-08	-3.248061e+01	-1.240001e+03
4.400000e-07	-4.444873e-06	-2.074778e-08	-3.181053e+01	-1.230951e+03
4.500000e-07	-4.349719e-06	-2.058326e-08	-3.112954e+01	-1.221653e+03
4.600000e-07	-4.252965e-06	-2.042077e-08	-3.043710e+01	-1.212116e+03
4.700000e-07	-4.154594e-06	-2.024823e-08	-2.973309e+01	-1.202331e+03
4.800000e-07	-4.054593e-06	-2.007741e-08	-2.901742e+01	-1.192280e+03
4.900000e-07	-3.953142e-06	-1.990742e-08	-2.829137e+01	-1.181941e+03
5.000000e-07	-3.850443e-06	-1.973886e-08	-2.755638e+01	-1.171295e+03
5.100000e-07	-3.746395e-06	-1.955785e-08	-2.681174e+01	-1.160333e+03
5.200000e-07	-3.641017e-06	-1.936582e-08	-2.605759e+01	-1.149053e+03
5.300000e-07	-3.534302e-06	-1.916750e-08	-2.529387e+01	-1.137460e+03
5.400000e-07	-3.426203e-06	-1.896297e-08	-2.452023e+01	-1.125556e+03
5.500000e-07	-3.316889e-06	-1.875384e-08	-2.373791e+01	-1.113340e+03
5.600000e-07	-3.206475e-06	-1.854060e-08	-2.294771e+01	-1.100803e+03
5.700000e-07	-3.094912e-06	-1.832627e-08	-2.214929e+01	-1.087933e+03
5.800000e-07	-2.982192e-06	-1.810661e-08	-2.134259e+01	-1.074725e+03
5.900000e-07	-2.868350e-06	-1.787939e-08	-2.052786e+01	-1.061175e+03
6.000000e-07	-2.753378e-06	-1.764411e-08	-1.970504e+01	-1.047291e+03
6.100000e-07	-2.637228e-06	-1.740450e-08	-1.887379e+01	-1.033078e+03
6.200000e-07	-2.519962e-06	-1.716171e-08	-1.803456e+01	-1.018542e+03
6.300000e-07	-2.401814e-06	-1.691438e-08	-1.718901e+01	-1.003672e+03
6.400000e-07	-2.282905e-06	-1.665680e-08	-1.633802e+01	-9.884479e+02
6.500000e-07	-2.163142e-06	-1.639016e-08	-1.548091e+01	-9.728427e+02
6.600000e-07	-2.042513e-06	-1.611758e-08	-1.461761e+01	-9.568304e+02
6.700000e-07	-1.921211e-06	-1.583812e-08	-1.374949e+01	-9.403980e+02
6.800000e-07	-1.799275e-06	-1.555152e-08	-1.287683e+01	-9.235495e+02
6.900000e-07	-1.676668e-06	-1.526195e-08	-1.199937e+01	-9.063024e+02
7.000000e-07	-1.553362e-06	-1.497345e-08	-1.111691e+01	-8.886755e+02
7.100000e-07	-1.429383e-06	-1.467702e-08	-1.022964e+01	-8.706731e+02
7.200000e-07	-1.304893e-06	-1.436825e-08	-9.338702e+00	-8.522724e+02
7.300000e-07	-1.179986e-06	-1.404592e-08	-8.444782e+00	-8.334208e+02
7.400000e-07	-1.054732e-06	-1.371422e-08	-7.548376e+00	-8.140465e+02
7.500000e-07	-9.291193e-07	-1.337445e-08	-6.649408e+00	-7.940783e+02
7.600000e-07	-8.031867e-07	-1.302465e-08	-5.748149e+00	-7.734670e+02
7.700000e-07	-6.770259e-07	-1.267060e-08	-4.845257e+00	-7.521975e+02
7.800000e-07	-5.506561e-07	-1.231039e-08	-3.940869e+00	-7.302833e+02
7.900000e-07	-4.241182e-07	-1.193791e-08	-3.035277e+00	-7.077421e+02
8.000000e-07	-2.974990e-07	-1.154693e-08	-2.129105e+00	-6.845589e+02
8.100000e-07	-1.707835e-07	-1.113669e-08	-1.222243e+00	-6.606521e+02
8.200000e-07	-4.398306e-08	-1.071015e-08	-3.147727e-01	-6.358555e+02
8.300000e-07	8.282948e-08	-1.026708e-08	5.927840e-01	-6.099292e+02
8.400000e-07	2.096037e-07	-9.804661e-09	1.500066e+00	-5.825952e+02
8.500000e-07	3.362659e-07	-9.318115e-09	2.406547e+00	-5.535885e+02
8.600000e-07	4.628312e-07	-8.802760e-09	3.312334e+00	-5.226981e+02
8.700000e-07	5.892967e-07	-8.251977e-09	4.217407e+00	-4.897776e+02
8.800000e-07	7.155874e-07	-7.659591e-09	5.121229e+00	-4.547108e+02
8.900000e-07	8.416273e-07	-7.025095e-09	6.023256e+00	-4.173356e+02
9.000000e-07	9.673893e-07	-6.345651e-09	6.923295e+00	-3.773491e+02
9.100000e-07	1.092835e-06	-5.612563e-09	7.821070e+00	-3.342309e+02
9.200000e-07	1.217970e-06	-4.812226e-09	8.716619e+00	-2.872234e+02
9.300000e-07	1.342776e-06	-3.930257e-09	9.609815e+00	-2.353986e+02
9.400000e-07	1.467093e-06	-2.955475e-09	1.049952e+01	-1.778138e+02
9.500000e-07	1.590782e-06	-1.875352e-09	1.138471e+01	-1.137316e+02
9.600000e-07	1.713764e-06	-6.804509e-10	1.226486e+01	-4.285464e+01
9.700000e-07	1.836061e-06	6.279473e-10	1.314010e+01	3.448959e+01
9.800000e-07	1.957793e-06	2.031728e-09	1.401130e+01	1.172678e+02
9.900000e-07	2.078900e-06	3.500535e-09	1.487802e+01	2.037973e+02
1.000000e-06	2.199233e-06	4.994305e-09	1.573921e+01	2.919361e+02
1.010000e-06	2.318737e-06	6.470314e-09	1.659445e+01	3.793670e+02
1.020000e-06	2.437370e-06	7.892181e-09	1.744347e+01	4.639119e+02
1.030000e-06	2.555103e-06	9.227326e-09	1.828605e+01	5.438047e+02
1.040000e-06	2.671828e-06	1.046316e-08	1.912142e+01	6.178642e+02
1.050000e-06	2.787418e-06	1.159461e-08	1.994866e+01	6.855385e+02
1.060000e-06	2.901873e-06	1.262414e-08	2.076778e+01	7.468275e+02
1.070000e-06	3.015240e-06	1.355784e-08	2.157910e+01	8.021210e+02
1.080000e-06	3.127509e-06	1.440206e-08	2.238258e+01	8.520064e+02
1.090000e-06	3.238607e-06	1.516393e-08	2.317767e+01	8.971003e+02
1.100000e-06	3.348615e-06	1.584856e-08	2.396496e+01	9.379400e+02
1.110000e-06	3.457581e-06	1.646295e-08	2.474480e+01	9.749480e+02
1.120000e-06	3.565298e-06	1.701457e-08	2.551569e+01	1.008455e+03
1.130000e-06	3.671684e-06	1.751470e-08	2.627706e+01	1.038752e+03
1.140000e-06	3.776710e-06	1.797258e-08	2.702870e+01	1.066141e+03
1.150000e-06	3.880311e-06	1.839514e-08	2.777014e+01	1.090959e+03
1.160000e-06	3.982567e-06	1.878357e-08	2.850195e+01	1.113569e+03
1.170000e-06	4.083458e-06	1.913849e-08	2.922400e+01	1.134319e+03
1.180000e-06	4.182827e-06	1.946090e-08	2.993515e+01	1.153509e+03
1.190000e-06	4.280595e-06	1.975535e-08	3.063484e+01	1.171354e+03
1.200000e-06	4.376767e-06	2.002575e-08	3.132312e+01	1.187985e+03
1.210000e-06	4.471404e-06	2.027770e-08	3.200040e+01	1.203474e+03
1.220000e-06	4.564594e-06	2.051504e-08	3.266734e+01	1.217865e+03
1.230000e-06	4.656250e-06	2.074011e-08	3.332328e+01	1.231219e+03
1.240000e-06	4.746142e-06	2.095392e-08	3.396661e+01	1.243627e+03
1.250000e-06	4.834237e-06	2.115536e-08	3.459708e+01	1.255213e+03
1.260000e-06	4.920662e-06	2.134266e-08	3.521560e+01	1.266111e+03
1.270000e-06	5.005502e-06	2.151501e-08	3.582277e+01	1.276435e+03
1.280000e-06	5.088666e-06	2.167434e-08	3.641795e+01	1.286259e+03
1.290000e-06	5.169930e-06	2.182256e-08	3.699953e+01	1.295605e+03
1.300000e-06	5.249228e-06	2.196414e-08	3.756704e+01	1.304461e+03
1.310000e-06	5.326649e-06	2.210072e-08	3.812111e+01	1.312802e+03
1.320000e-06	5.402077e-06	2.223196e-08	3.866093e+01	1.320619e+03
1.330000e-06	5.475407e-06	2.235673e-08	3.918573e+01	1.327937e+03
1.340000e-06	5.546730e-06	2.247553e-08	3.969617e+01	1.334816e+03
1.350000e-06	5.616120e-06	2.258735e-08	4.019277e+01	1.341333e+03
1.360000e-06	5.683523e-06	2.268987e-08	4.067515e+01	1.347559e+03
1.370000e-06	5.748792e-06	2.278690e-08	4.114226e+01	1.353537e+03
1.380000e-06	5.812038e-06	2.288048e-08	4.159489e+01	1.359273e+03
1.390000e-06	5.873424e-06	2.296895e-08	4.203421e+01	1.364738e+03
1.400000e-06	5.932814e-06	2.305218e-08	4.245925e+01	1.369894e+03
1.410000e-06	5.990011e-06	2.313190e-08	4.286859e+01	1.374711e+03
1.420000e-06	6.044979e-06	2.320993e-08	4.326197e+01	1.379189e+03
1.430000e-06	6.097634e-06	2.328433e-08	4.363881e+01	1.383361e+03
1.440000e-06	6.147764e-06	2.335337e-08	4.399757e+01	1.387282e+03
1.450000e-06	6.195428e-06	2.341804e-08	4.433869e+01	1.391005e+03
1.460000e-06	6.240959e-06	2.347841e-08	4.466454e+01	1.394568e+03
1.470000e-06	6.284396e-06	2.353353e-08	4.497541e+01	1.397970e+03
1.480000e-06	6.325451e-06	2.358330e-08	4.526922e+01	1.401184e+03
1.490000e-06	6.364209e-06	2.363087e-08	4.554660e+01	1.404165e+03
1.500000e-06	6.400895e-06	2.367672e-08	4.580915e+01	1.406873e+03
1.510000e-06	6.435297e-06	2.371852e-08	4.605535e+01	1.409296e+03
1.520000e-06	6.467332e-06	2.375622e-08	4.628462e+01	1.411456e+03
1.530000e-06	6.497217e-06	2.379032e-08	4.649850e+01	1.413400e+03
1.540000e-06	6.524892e-06	2.382083e-08	4.669656e+01	1.415186e+03
1.550000e-06	6.550107e-06	2.384794e-08	4.687701e+01	1.416856e+03
1.560000e-06	6.572961e-06	2.387207e-08	4.704057e+01	1.418420e+03
1.570000e-06	6.593674e-06	2.389361e-08	4.718881e+01	1.419854e+03
1.580000e-06	6.612119e-06	2.391169e-08	4.732081e+01	1.421106e+03
1.590000e-06	6.628117e-06	2.392739e-08	4.743530e+01	1.422122e+03
1.600000e-06	6.641687e-06	2.394053e-08	4.753242e+01	1.422867e+03
1.610000e-06	6.652627e-06	2.394864e-08	4.761072e+01	1.423338e+03
1.620000e-06	6.660942e-06	2.395176e-08	4.767022e+01	1.423571e+03
1.630000e-06	6.666962e-06	2.395133e-08	4.771331e+01	1.423625e+03
1.640000e-06	6.670761e-06	2.395070e-08	4.774049e+01	1.423559e+03
1.650000e-06	6.672194e-06	2.394750e-08	4.775075e+01	1.423416e+03
1.660000e-06	6.671244e-06	2.394609e-08	4.774395e+01	1.423201e+03
1.670000e-06	6.668220e-06	2.394485e-08	4.772231e+01	1.422887e+03
1.680000e-06	6.663003e-06	2.393629e-08	4.768497e+01	1.422424e+03
1.690000e-06	6.655523e-06	2.392233e-08	4.763144e+01	1.421760e+03
1.700000e-06	6.645970e-06	2.390323e-08	4.756307e+01	1.420859e+03
1.710000e-06	6.634201e-06	2.387911e-08	4.747885e+01	1.419715e+03
1.720000e-06	6.620024e-06	2.383845e-08	4.737738e+01	1.418349e+03
1.730000e-06	6.603672e-06	2.380437e-08	4.726036e+01	1.416796e+03
1.740000e-06	6.585359e-06	2.385329e-08	4.712930e+01	1.415095e+03
1.750000e-06	6.564366e-06	2.384683e-08	4.697906e+01	1.413266e+03
1.760000e-06	6.540139e-06	2.376032e-08	4.680567e+01	1.411314e+03
1.770000e-06	6.513225e-06	2.370698e-08	4.661306e+01	1.409221e+03
1.780000e-06	6.483996e-06	2.361522e-08	4.640388e+01	1.406967e+03
1.790000e-06	6.452820e-06	2.356680e-08	4.618076e+01	1.404533e+03
1.800000e-06	6.420213e-06	2.365706e-08	4.594741e+01	1.401913e+03
1.810000e-06	6.385760e-06	2.351538e-08	4.570084e+01	1.399117e+03
1.820000e-06	6.349050e-06	2.343431e-08	4.543811e+01	1.396159e+03
1.830000e-06	6.310171e-06	2.351200e-08	4.515987e+01	1.393050e+03
1.840000e-06	6.268912e-06	2.335698e-08	4.486459e+01	1.389790e+03
1.850000e-06	6.225509e-06	2.335273e-08	4.455397e+01	1.386362e+03
1.860000e-06	6.179979e-06	2.323746e-08	4.422812e+01	1.382739e+03
1.870000e-06	6.132010e-06	2.311266e-08	4.388482e+01	1.378894e+03
1.880000e-06	6.081921e-06	2.319913e-08	4.352636e+01	1.374812e+03
1.890000e-06	6.029356e-06	2.306995e-08	4.315016e+01	1.370494e+03
1.900000e-06	5.974295e-06	2.300397e-08	4.275611e+01	1.365960e+03
1.910000e-06	5.917175e-06	2.291228e-08	4.234732e+01	1.361239e+03
1.920000e-06	5.857875e-06	2.278260e-08	4.192293e+01	1.356358e+03
1.930000e-06	5.796417e-06	2.278340e-08	4.148309e+01	1.351329e+03
1.940000e-06	5.732793e-06	2.261699e-08	4.102776e+01	1.346145e+03
1.950000e-06	5.667200e-06	2.254727e-08	4.055833e+01	1.340780e+03
1.960000e-06	5.599549e-06	2.247136e-08	4.007417e+01	1.335203e+03
1.970000e-06	5.529489e-06	2.239949e-08	3.957278e+01	1.329384e+03
1.980000e-06	5.457391e-06	2.231806e-08	3.905679e+01	1.323310e+03
1.990000e-06	5.383360e-06	2.210416e-08	3.852698e+01	1.316985e+03
2.000000e-06	5.307272e-06	2.206009e-08	3.798244e+01	1.310425e+03
2.010000e-06	5.229085e-06	2.193869e-08	3.742288e+01	1.303651e+03
2.020000e-06	5.148952e-06	2.182525e-08	3.684939e+01	1.296673e+03
2.030000e-06	5.067134e-06	2.169173e-08	3.626385e+01	1.289490e+03
2.040000e-06	4.983539e-06	2.155642e-08	3.566559e+01	1.282081e+03
2.050000e-06	4.898085e-06	2.149124e-08	3.505402e+01	1.274420e+03
2.060000e-06	4.810721e-06	2.131917e-08	3.442878e+01	1.266478e+03
2.070000e-06	4.721720e-06	2.117501e-08	3.379184e+01	1.258240e+03
2.080000e-06	4.631128e-06	2.100800e-08	3.314349e+01	1.249707e+03
2.090000e-06	4.538858e-06	2.089481e-08	3.248315e+01	1.240891e+03
2.100000e-06	4.444902e-06	2.075048e-08	3.181073e+01	1.231812e+03
2.110000e-06	4.349291e-06	2.056297e-08	3.112648e+01	1.222489e+03
2.120000e-06	4.252253e-06	2.040986e-08	3.043201e+01	1.212925e+03
2.130000e-06	4.153704e-06	2.024860e-08	2.972673e+01	1.203113e+03
2.140000e-06	4.053727e-06	2.009628e-08	2.901122e+01	1.193032e+03
2.150000e-06	3.952288e-06	1.989298e-08	2.828526e+01	1.182661e+03
2.160000e-06	3.849220e-06	1.971248e-08	2.754763e+01	1.171981e+03
2.170000e-06	3.744728e-06	1.954441e-08	2.679981e+01	1.160984e+03
2.180000e-06	3.639042e-06	1.936927e-08	2.604345e+01	1.149670e+03
2.190000e-06	3.532219e-06	1.916000e-08	2.527896e+01	1.138044e+03
2.200000e-06	3.424230e-06	1.894377e-08	2.450611e+01	1.126106e+03
2.210000e-06	3.315050e-06	1.874801e-08	2.372475e+01	1.113856e+03
2.220000e-06	3.204567e-06	1.854361e-08	2.293406e+01	1.101283e+03
2.230000e-06	3.092840e-06	1.831951e-08	2.213446e+01	1.088378e+03
2.240000e-06	2.979970e-06	1.808648e-08	2.132669e+01	1.075132e+03
2.250000e-06	2.865908e-06	1.787535e-08	2.051038e+01	1.061546e+03
2.260000e-06	2.750659e-06	1.765180e-08	1.968558e+01	1.047626e+03
2.270000e-06	2.634341e-06	1.740568e-08	1.885313e+01	1.033378e+03
2.280000e-06	2.517023e-06	1.714086e-08	1.801353e+01	1.018806e+03
2.290000e-06	2.398630e-06	1.689584e-08	1.716623e+01	1.003899e+03
2.300000e-06	2.279238e-06	1.665001e-08	1.631178e+01	9.886358e+02
2.310000e-06	2.159069e-06	1.638062e-08	1.545176e+01	9.729878e+02
2.320000e-06	2.038228e-06	1.610088e-08	1.458695e+01	9.569306e+02
2.330000e-06	1.916789e-06	1.582948e-08	1.371784e+01	9.404528e+02
2.340000e-06	1.794708e-06	1.556208e-08	1.284415e+01	9.235604e+02
2.350000e-06	1.671837e-06	1.526687e-08	1.196480e+01	9.062715e+02
2.360000e-06	1.548329e-06	1.495643e-08	1.108089e+01	8.886043e+02
2.370000e-06	1.424356e-06	1.465037e-08	1.019366e+01	8.705606e+02
2.380000e-06	1.299984e-06	1.435261e-08	9.303571e+00	8.521143e+02
2.390000e-06	1.175181e-06	1.403586e-08	8.410393e+00	8.332100e+02
2.400000e-06	1.049934e-06	1.369788e-08	7.514044e+00	8.137750e+02
2.410000e-06	9.243556e-07	1.335733e-08	6.615316e+00	7.937394e+02
2.420000e-06	7.983665e-07	1.301493e-08	5.713652e+00	7.730574e+02
2.430000e-06	6.719715e-07	1.265737e-08	4.809084e+00	7.517176e+02
2.440000e-06	5.453608e-07	1.227912e-08	3.902972e+00	7.297354e+02
2.450000e-06	4.185557e-07	1.189878e-08	2.995469e+00	7.071267e+02
2.460000e-06	2.915332e-07	1.151933e-08	2.086410e+00	6.838711e+02
2.470000e-06	1.643390e-07	1.112218e-08	1.176121e+00	6.598781e+02
2.480000e-06	3.709127e-08	1.069590e-08	2.654503e-01	6.349728e+02
2.490000e-06	-9.013330e-08	1.024750e-08	-6.450551e-01	6.089088e+02
2.500000e-06	-2.173456e-07	9.788215e-09	-1.555473e+00	5.814074e+02
2.510000e-06	-3.444420e-07	9.303673e-09	-2.465061e+00	5.522074e+02
2.520000e-06	-4.713780e-07	8.779107e-09	-3.373501e+00	5.211053e+02
2.530000e-06	-5.981245e-07	8.221440e-09	-4.280585e+00	4.879602e+02
2.540000e-06	-7.246386e-07	7.636196e-09	-5.186006e+00	4.526552e+02
2.550000e-06	-8.508662e-07	7.013064e-09	-6.089376e+00	4.150178e+02
2.560000e-06	-9.766873e-07	6.332886e-09	-6.989837e+00	3.747247e+02
2.570000e-06	-1.102053e-06	5.593502e-09	-7.887038e+00	3.312296e+02
2.580000e-06	-1.227015e-06	4.794811e-09	-8.781355e+00	2.837519e+02
2.590000e-06	-1.351588e-06	3.920363e-09	-9.672882e+00	2.313532e+02
2.600000e-06	-1.475715e-06	2.949105e-09	-1.056122e+01	1.731013e+02
2.610000e-06	-1.599308e-06	1.867241e-09	-1.144574e+01	1.082954e+02
2.620000e-06	-1.722315e-06	6.757066e-10	-1.232605e+01	3.669728e+01
2.630000e-06	-1.844635e-06	-6.207682e-10	-1.320146e+01	-4.129130e+01
2.640000e-06	-1.966236e-06	-2.017305e-09	-1.407172e+01	-1.245623e+02
2.650000e-06	-2.087173e-06	-3.486938e-09	-1.493722e+01	-2.113727e+02
2.660000e-06	-2.207480e-06	-4.979439e-09	-1.579823e+01	-2.995469e+02
2.670000e-06	-2.327035e-06	-6.448660e-09	-1.665384e+01	-3.867677e+02
2.680000e-06	-2.445608e-06	-7.862697e-09	-1.750243e+01	-4.708896e+02
2.690000e-06	-2.563172e-06	-9.196682e-09	-1.834380e+01	-5.502030e+02
2.700000e-06	-2.679719e-06	-1.043141e-08	-1.917789e+01	-6.235943e+02
2.710000e-06	-2.795202e-06	-1.155699e-08	-2.000437e+01	-6.905763e+02
2.720000e-06	-2.909546e-06	-1.258017e-08	-2.082269e+01	-7.511994e+02
2.730000e-06	-3.022666e-06	-1.351304e-08	-2.163225e+01	-8.058839e+02
2.740000e-06	-3.134587e-06	-1.435832e-08	-2.243323e+01	-8.552275e+02
2.750000e-06	-3.245302e-06	-1.511494e-08	-2.322558e+01	-8.998420e+02
2.760000e-06	-3.354737e-06	-1.579397e-08	-2.400877e+01	-9.402533e+02
2.770000e-06	-3.462962e-06	-1.641142e-08	-2.478330e+01	-9.768718e+02
2.780000e-06	-3.570118e-06	-1.697178e-08	-2.555019e+01	-1.010021e+03
2.790000e-06	-3.676179e-06	-1.747517e-08	-2.630923e+01	-1.039992e+03
2.800000e-06	-3.781012e-06	-1.792892e-08	-2.705949e+01	-1.067089e+03
2.810000e-06	-3.884452e-06	-1.834761e-08	-2.779978e+01	-1.091653e+03
2.820000e-06	-3.986340e-06	-1.873479e-08	-2.852896e+01	-1.114048e+03
2.830000e-06	-4.086743e-06	-1.908655e-08	-2.924751e+01	-1.134619e+03
2.840000e-06	-4.185698e-06	-1.940803e-08	-2.995570e+01	-1.153656e+03
2.850000e-06	-4.283195e-06	-1.970638e-08	-3.065345e+01	-1.171366e+03
2.860000e-06	-4.379312e-06	-1.998525e-08	-3.134133e+01	-1.187873e+03
2.870000e-06	-4.473886e-06	-2.024380e-08	-3.201817e+01	-1.203242e+03
2.880000e-06	-4.566843e-06	-2.048156e-08	-3.268343e+01	-1.217519e+03
2.890000e-06	-4.658211e-06	-2.070455e-08	-3.333732e+01	-1.230766e+03
2.900000e-06	-4.747941e-06	-2.091658e-08	-3.397949e+01	-1.243080e+03
2.910000e-06	-4.836000e-06	-2.111528e-08	-3.460970e+01	-1.254587e+03
2.920000e-06	-4.922194e-06	-2.129878e-08	-3.522656e+01	-1.265418e+03
2.930000e-06	-5.006530e-06	-2.147248e-08	-3.583013e+01	-1.275687e+03
2.940000e-06	-5.089203e-06	-2.164116e-08	-3.642179e+01	-1.285459e+03
2.950000e-06	-5.170193e-06	-2.180114e-08	-3.700141e+01	-1.294754e+03
2.960000e-06	-5.249301e-06	-2.194773e-08	-3.756756e+01	-1.303556e+03
2.970000e-06	-5.326284e-06	-2.208547e-08	-3.811851e+01	-1.311841e+03
2.980000e-06	-5.401183e-06	-2.221972e-08	-3.865453e+01	-1.319603e+03
2.990000e-06	-5.474225e-06	-2.234774e-08	-3.917727e+01	-1.326872e+03
3.000000e-06	-5.545301e-06	-2.246563e-08	-3.968593e+01	-1.333708e+03
3.010000e-06	-5.614280e-06	-2.257520e-08	-4.017960e+01	-1.340191e+03
3.020000e-06	-5.681233e-06	-2.268214e-08	-4.065876e+01	-1.346390e+03
3.030000e-06	-5.746251e-06	-2.278566e-08	-4.112408e+01	-1.352342e+03
3.040000e-06	-5.809323e-06	-2.288116e-08	-4.157546e+01	-1.358051e+03
3.050000e-06	-5.870221e-06	-2.296923e-08	-4.201129e+01	-1.363485e+03
3.060000e-06	-5.928882e-06	-2.305466e-08	-4.243110e+01	-1.368606e+03
3.070000e-06	-5.985528e-06	-2.313799e-08	-4.283650e+01	-1.373386e+03
3.080000e-06	-6.040141e-06	-2.321340e-08	-4.322735e+01	-1.377830e+03
3.090000e-06	-6.092339e-06	-2.328139e-08	-4.360091e+01	-1.381973e+03
3.100000e-06	-6.141979e-06	-2.334803e-08	-4.395617e+01	-1.385870e+03
3.110000e-06	-6.189143e-06	-2.341197e-08	-4.429371e+01	-1.389575e+03
3.120000e-06	-6.234094e-06	-2.347138e-08	-4.461541e+01	-1.393121e+03
3.130000e-06	-6.277128e-06	-2.352671e-08	-4.492339e+01	-1.396506e+03
3.140000e-06	-6.318203e-06	-2.358203e-08	-4.521735e+01	-1.399697e+03
3.150000e-06	-6.357143e-06	-2.363458e-08	-4.549603e+01	-1.402650e+03
3.160000e-06	-6.393721e-06	-2.367864e-08	-4.575780e+01	-1.405328e+03
3.170000e-06	-6.427990e-06	-2.371653e-08	-4.600306e+01	-1.407722e+03
3.180000e-06	-6.460120e-06	-2.375372e-08	-4.623301e+01	-1.409856e+03
3.190000e-06	-6.489889e-06	-2.379030e-08	-4.644605e+01	-1.411781e+03
3.200000e-06	-6.517210e-06	-2.382191e-08	-4.664158e+01	-1.413553e+03
3.210000e-06	-6.542282e-06	-2.384899e-08	-4.682101e+01	-1.415212e+03
3.220000e-06	-6.565062e-06	-2.387617e-08	-4.698404e+01	-1.416765e+03
3.230000e-06	-6.585419e-06	-2.390226e-08	-4.712973e+01	-1.418182e+03
3.240000e-06	-6.603516e-06	-2.392260e-08	-4.725924e+01	-1.419411e+03
3.250000e-06	-6.619413e-06	-2.393791e-08	-4.737301e+01	-1.420400e+03
3.260000e-06	-6.632732e-06	-2.395158e-08	-4.746833e+01	-1.421115e+03
3.270000e-06	-6.643374e-06	-2.396334e-08	-4.754449e+01	-1.421558e+03
3.280000e-06	-6.651709e-06	-2.396889e-08	-4.760415e+01	-1.421769e+03
3.290000e-06	-6.657687e-06	-2.396992e-08	-4.764693e+01	-1.421808e+03
3.300000e-06	-6.661237e-06	-2.396803e-08	-4.767233e+01	-1.421733e+03
3.310000e-06	-6.662555e-06	-2.396602e-08	-4.768177e+01	-1.421583e+03
