# Temperatura_=_47.15
# Concentracion g/m^3_=_22500.0
# C_Vs_to_Am_M_A/Vsm_=_59384043850.047264
# pendiente_HvsI_1/m_=_3716.3
# ordenada_HvsI_A/m_=_1297.0
# frecuencia_Hz_=_301412.49911659834

Tiempo_(s)	Campo_(V.s)	Magnetizacion_(V.s)	Campo_(kA/m)	Magnetizacion_(A/m)
0.000000e+00	-6.686668e-06	-2.346788e-08	-4.767514e+01	-1.392754e+03
1.000000e-08	-6.683678e-06	-2.345935e-08	-4.765382e+01	-1.392397e+03
2.000000e-08	-6.678420e-06	-2.345313e-08	-4.761633e+01	-1.391917e+03
3.000000e-08	-6.671119e-06	-2.344237e-08	-4.756427e+01	-1.391290e+03
4.000000e-08	-6.661624e-06	-2.342786e-08	-4.749657e+01	-1.390492e+03
5.000000e-08	-6.649697e-06	-2.341132e-08	-4.741154e+01	-1.389503e+03
6.000000e-08	-6.635374e-06	-2.339724e-08	-4.730942e+01	-1.388318e+03
7.000000e-08	-6.618603e-06	-2.338858e-08	-4.718984e+01	-1.386941e+03
8.000000e-08	-6.599471e-06	-2.335025e-08	-4.705343e+01	-1.385385e+03
9.000000e-08	-6.578001e-06	-2.327370e-08	-4.690035e+01	-1.383664e+03
1.000000e-07	-6.553872e-06	-2.324483e-08	-4.672832e+01	-1.381789e+03
1.100000e-07	-6.527076e-06	-2.325302e-08	-4.653727e+01	-1.379764e+03
1.200000e-07	-6.498045e-06	-2.322771e-08	-4.633027e+01	-1.377589e+03
1.300000e-07	-6.467272e-06	-2.319306e-08	-4.611087e+01	-1.375262e+03
1.400000e-07	-6.434878e-06	-2.317147e-08	-4.587990e+01	-1.372780e+03
1.500000e-07	-6.400481e-06	-2.307589e-08	-4.563466e+01	-1.370143e+03
1.600000e-07	-6.363821e-06	-2.303461e-08	-4.537328e+01	-1.367350e+03
1.700000e-07	-6.325168e-06	-2.301513e-08	-4.509768e+01	-1.364397e+03
1.800000e-07	-6.284210e-06	-2.289540e-08	-4.480566e+01	-1.361275e+03
1.900000e-07	-6.240701e-06	-2.287375e-08	-4.449544e+01	-1.357970e+03
2.000000e-07	-6.195054e-06	-2.283909e-08	-4.416999e+01	-1.354468e+03
2.100000e-07	-6.147178e-06	-2.277099e-08	-4.382863e+01	-1.350758e+03
2.200000e-07	-6.096747e-06	-2.271619e-08	-4.346907e+01	-1.346839e+03
2.300000e-07	-6.043784e-06	-2.260699e-08	-4.309145e+01	-1.342722e+03
2.400000e-07	-5.988457e-06	-2.253921e-08	-4.269698e+01	-1.338423e+03
2.500000e-07	-5.930927e-06	-2.246972e-08	-4.228679e+01	-1.333960e+03
2.600000e-07	-5.871190e-06	-2.238805e-08	-4.186088e+01	-1.329343e+03
2.700000e-07	-5.809350e-06	-2.232998e-08	-4.141996e+01	-1.324568e+03
2.800000e-07	-5.745580e-06	-2.224140e-08	-4.096529e+01	-1.319618e+03
2.900000e-07	-5.679735e-06	-2.215406e-08	-4.049583e+01	-1.314466e+03
3.000000e-07	-5.611668e-06	-2.205373e-08	-4.001051e+01	-1.309088e+03
3.100000e-07	-5.541432e-06	-2.195481e-08	-3.950974e+01	-1.303469e+03
3.200000e-07	-5.469293e-06	-2.185350e-08	-3.899540e+01	-1.297611e+03
3.300000e-07	-5.395205e-06	-2.175006e-08	-3.846716e+01	-1.291532e+03
3.400000e-07	-5.318890e-06	-2.167022e-08	-3.792305e+01	-1.285255e+03
3.500000e-07	-5.240403e-06	-2.155424e-08	-3.736344e+01	-1.278800e+03
3.600000e-07	-5.159815e-06	-2.143908e-08	-3.678886e+01	-1.272167e+03
3.700000e-07	-5.077251e-06	-2.131791e-08	-3.620018e+01	-1.265339e+03
3.800000e-07	-4.993031e-06	-2.119320e-08	-3.559971e+01	-1.258279e+03
3.900000e-07	-4.907318e-06	-2.107161e-08	-3.498859e+01	-1.250946e+03
4.000000e-07	-4.820049e-06	-2.094227e-08	-3.436637e+01	-1.243307e+03
4.100000e-07	-4.731135e-06	-2.081522e-08	-3.373242e+01	-1.235351e+03
4.200000e-07	-4.640380e-06	-2.067659e-08	-3.308535e+01	-1.227093e+03
4.300000e-07	-4.547811e-06	-2.053870e-08	-3.242534e+01	-1.218565e+03
4.400000e-07	-4.453694e-06	-2.039040e-08	-3.175430e+01	-1.209807e+03
4.500000e-07	-4.358062e-06	-2.023523e-08	-3.107245e+01	-1.200849e+03
4.600000e-07	-4.260805e-06	-2.008095e-08	-3.037902e+01	-1.191698e+03
4.700000e-07	-4.161864e-06	-1.992288e-08	-2.967358e+01	-1.182332e+03
4.800000e-07	-4.061383e-06	-1.976056e-08	-2.895717e+01	-1.172713e+03
4.900000e-07	-3.959540e-06	-1.959149e-08	-2.823105e+01	-1.162794e+03
5.000000e-07	-3.856360e-06	-1.942079e-08	-2.749538e+01	-1.152542e+03
5.100000e-07	-3.751826e-06	-1.924426e-08	-2.675007e+01	-1.141945e+03
5.200000e-07	-3.645868e-06	-1.906193e-08	-2.599460e+01	-1.131016e+03
5.300000e-07	-3.538533e-06	-1.887440e-08	-2.522931e+01	-1.119785e+03
5.400000e-07	-3.429925e-06	-1.867915e-08	-2.445495e+01	-1.108282e+03
5.500000e-07	-3.320156e-06	-1.848171e-08	-2.367231e+01	-1.096525e+03
5.600000e-07	-3.209275e-06	-1.827970e-08	-2.288175e+01	-1.084511e+03
5.700000e-07	-3.097211e-06	-1.807041e-08	-2.208274e+01	-1.072213e+03
5.800000e-07	-2.983950e-06	-1.785478e-08	-2.127521e+01	-1.059594e+03
5.900000e-07	-2.869472e-06	-1.763754e-08	-2.045899e+01	-1.046621e+03
6.000000e-07	-2.753840e-06	-1.741623e-08	-1.963455e+01	-1.033277e+03
6.100000e-07	-2.637117e-06	-1.718770e-08	-1.880232e+01	-1.019564e+03
6.200000e-07	-2.519332e-06	-1.695262e-08	-1.796254e+01	-1.005504e+03
6.300000e-07	-2.400638e-06	-1.671226e-08	-1.711626e+01	-9.911206e+02
6.400000e-07	-2.281202e-06	-1.646473e-08	-1.626469e+01	-9.764304e+02
6.500000e-07	-2.161022e-06	-1.620766e-08	-1.540783e+01	-9.614307e+02
6.600000e-07	-2.039996e-06	-1.594483e-08	-1.454492e+01	-9.460993e+02
6.700000e-07	-1.918209e-06	-1.567986e-08	-1.367660e+01	-9.304029e+02
6.800000e-07	-1.795752e-06	-1.541088e-08	-1.280350e+01	-9.143101e+02
6.900000e-07	-1.672622e-06	-1.513522e-08	-1.192559e+01	-8.978031e+02
7.000000e-07	-1.548830e-06	-1.485320e-08	-1.104297e+01	-8.808820e+02
7.100000e-07	-1.424403e-06	-1.456336e-08	-1.015582e+01	-8.635596e+02
7.200000e-07	-1.299464e-06	-1.426683e-08	-9.265023e+00	-8.458481e+02
7.300000e-07	-1.174143e-06	-1.395981e-08	-8.371497e+00	-8.277448e+02
7.400000e-07	-1.048472e-06	-1.364268e-08	-7.475479e+00	-8.092225e+02
7.500000e-07	-9.224180e-07	-1.331896e-08	-6.576729e+00	-7.902304e+02
7.600000e-07	-7.960304e-07	-1.298999e-08	-5.675601e+00	-7.707054e+02
7.700000e-07	-6.694133e-07	-1.265501e-08	-4.772836e+00	-7.505882e+02
7.800000e-07	-5.426347e-07	-1.230901e-08	-3.868920e+00	-7.298352e+02
7.900000e-07	-4.156980e-07	-1.195219e-08	-2.963877e+00	-7.084200e+02
8.000000e-07	-2.886119e-07	-1.158247e-08	-2.057768e+00	-6.863198e+02
8.100000e-07	-1.614341e-07	-1.119506e-08	-1.151006e+00	-6.634912e+02
8.200000e-07	-3.417673e-08	-1.079005e-08	-2.436760e-01	-6.398459e+02
8.300000e-07	9.314897e-08	-1.037032e-08	6.641409e-01	-6.152365e+02
8.400000e-07	2.204542e-07	-9.935228e-09	1.571812e+00	-5.894613e+02
8.500000e-07	3.476140e-07	-9.478923e-09	2.478446e+00	-5.622891e+02
8.600000e-07	4.746149e-07	-8.994613e-09	3.383947e+00	-5.334936e+02
8.700000e-07	6.014974e-07	-8.479763e-09	4.288604e+00	-5.028812e+02
8.800000e-07	7.281890e-07	-7.931923e-09	5.191900e+00	-4.702953e+02
8.900000e-07	8.546546e-07	-7.346470e-09	6.093584e+00	-4.355862e+02
9.000000e-07	9.808768e-07	-6.717228e-09	6.993533e+00	-3.985515e+02
9.100000e-07	1.106737e-06	-6.041761e-09	7.890903e+00	-3.588645e+02
9.200000e-07	1.232187e-06	-5.315963e-09	8.785345e+00	-3.160211e+02
9.300000e-07	1.357283e-06	-4.524407e-09	9.677262e+00	-2.693364e+02
9.400000e-07	1.482013e-06	-3.651339e-09	1.056657e+01	-2.180118e+02
9.500000e-07	1.606185e-06	-2.687481e-09	1.145190e+01	-1.612737e+02
9.600000e-07	1.729670e-06	-1.628638e-09	1.233234e+01	-9.856150e+01
9.700000e-07	1.852535e-06	-4.687351e-10	1.320835e+01	-2.972015e+01
9.800000e-07	1.974743e-06	7.929016e-10	1.407968e+01	4.485342e+01
9.900000e-07	2.096160e-06	2.139485e-09	1.494537e+01	1.241560e+02
1.000000e-06	2.216686e-06	3.538824e-09	1.580470e+01	2.066402e+02
1.010000e-06	2.336351e-06	4.956747e-09	1.665790e+01	2.903870e+02
1.020000e-06	2.455269e-06	6.359914e-09	1.750577e+01	3.733535e+02
1.030000e-06	2.573436e-06	7.710653e-09	1.834829e+01	4.536407e+02
1.040000e-06	2.690668e-06	8.982497e-09	1.918414e+01	5.297206e+02
1.050000e-06	2.806746e-06	1.016308e-08	2.001176e+01	6.005751e+02
1.060000e-06	2.921602e-06	1.125383e-08	2.083067e+01	6.657253e+02
1.070000e-06	3.035296e-06	1.225723e-08	2.164129e+01	7.251588e+02
1.080000e-06	3.147837e-06	1.317034e-08	2.244370e+01	7.791879e+02
1.090000e-06	3.259255e-06	1.399598e-08	2.323809e+01	8.282865e+02
1.100000e-06	3.369594e-06	1.474537e-08	2.402480e+01	8.729500e+02
1.110000e-06	3.478859e-06	1.542776e-08	2.480384e+01	9.136088e+02
1.120000e-06	3.586938e-06	1.604493e-08	2.557444e+01	9.506029e+02
1.130000e-06	3.693708e-06	1.660216e-08	2.633569e+01	9.842061e+02
1.140000e-06	3.799078e-06	1.711001e-08	2.708697e+01	1.014673e+03
1.150000e-06	3.902979e-06	1.757700e-08	2.782777e+01	1.042279e+03
1.160000e-06	4.005484e-06	1.800203e-08	2.855862e+01	1.067343e+03
1.170000e-06	4.106681e-06	1.838623e-08	2.928014e+01	1.090206e+03
1.180000e-06	4.206398e-06	1.873857e-08	2.999111e+01	1.111203e+03
1.190000e-06	4.304440e-06	1.906541e-08	3.069014e+01	1.130621e+03
1.200000e-06	4.400798e-06	1.936635e-08	3.137716e+01	1.148670e+03
1.210000e-06	4.495570e-06	1.964262e-08	3.205287e+01	1.165481e+03
1.220000e-06	4.588953e-06	1.990030e-08	3.271868e+01	1.181125e+03
1.230000e-06	4.680832e-06	2.014430e-08	3.337377e+01	1.195647e+03
1.240000e-06	4.770988e-06	2.037315e-08	3.401657e+01	1.209104e+03
1.250000e-06	4.859369e-06	2.058417e-08	3.464672e+01	1.221580e+03
1.260000e-06	4.945997e-06	2.077952e-08	3.526436e+01	1.233193e+03
1.270000e-06	5.030993e-06	2.096386e-08	3.587037e+01	1.244072e+03
1.280000e-06	5.114290e-06	2.113705e-08	3.646427e+01	1.254334e+03
1.290000e-06	5.195669e-06	2.129715e-08	3.704449e+01	1.264062e+03
1.300000e-06	5.275109e-06	2.144699e-08	3.761089e+01	1.273293e+03
1.310000e-06	5.352702e-06	2.159026e-08	3.816412e+01	1.282028e+03
1.320000e-06	5.428292e-06	2.172760e-08	3.870306e+01	1.290249e+03
1.330000e-06	5.501720e-06	2.185539e-08	3.922660e+01	1.297945e+03
1.340000e-06	5.573105e-06	2.197531e-08	3.973556e+01	1.305133e+03
1.350000e-06	5.642587e-06	2.209007e-08	4.023096e+01	1.311856e+03
1.360000e-06	5.710057e-06	2.219804e-08	4.071202e+01	1.318182e+03
1.370000e-06	5.775370e-06	2.229895e-08	4.117769e+01	1.324181e+03
1.380000e-06	5.838669e-06	2.239216e-08	4.162900e+01	1.329905e+03
1.390000e-06	5.900100e-06	2.248000e-08	4.206700e+01	1.335380e+03
1.400000e-06	5.959546e-06	2.256503e-08	4.249085e+01	1.340601e+03
1.410000e-06	6.016814e-06	2.264686e-08	4.289916e+01	1.345547e+03
1.420000e-06	6.071860e-06	2.272497e-08	4.329163e+01	1.350193e+03
1.430000e-06	6.124536e-06	2.280066e-08	4.366721e+01	1.354529e+03
1.440000e-06	6.174574e-06	2.287371e-08	4.402397e+01	1.358567e+03
1.450000e-06	6.222145e-06	2.294090e-08	4.436314e+01	1.362337e+03
1.460000e-06	6.267659e-06	2.299968e-08	4.468765e+01	1.365873e+03
1.470000e-06	6.311054e-06	2.305240e-08	4.499705e+01	1.369207e+03
1.480000e-06	6.352045e-06	2.310369e-08	4.528931e+01	1.372349e+03
1.490000e-06	6.390766e-06	2.315391e-08	4.556539e+01	1.375295e+03
1.500000e-06	6.427413e-06	2.319997e-08	4.582668e+01	1.378023e+03
1.510000e-06	6.461758e-06	2.324085e-08	4.607156e+01	1.380515e+03
1.520000e-06	6.493743e-06	2.327854e-08	4.629960e+01	1.382760e+03
1.530000e-06	6.523590e-06	2.331344e-08	4.651241e+01	1.384769e+03
1.540000e-06	6.551219e-06	2.334422e-08	4.670940e+01	1.386565e+03
1.550000e-06	6.576371e-06	2.337082e-08	4.688873e+01	1.388178e+03
1.560000e-06	6.599126e-06	2.339561e-08	4.705097e+01	1.389635e+03
1.570000e-06	6.619724e-06	2.341819e-08	4.719784e+01	1.390946e+03
1.580000e-06	6.638062e-06	2.343447e-08	4.732858e+01	1.392103e+03
1.590000e-06	6.653954e-06	2.344621e-08	4.744189e+01	1.393086e+03
1.600000e-06	6.667369e-06	2.345694e-08	4.753754e+01	1.393870e+03
1.610000e-06	6.678121e-06	2.346675e-08	4.761420e+01	1.394439e+03
1.620000e-06	6.686314e-06	2.347438e-08	4.767261e+01	1.394795e+03
1.630000e-06	6.692289e-06	2.347761e-08	4.771521e+01	1.394954e+03
1.640000e-06	6.696008e-06	2.347809e-08	4.774173e+01	1.394948e+03
1.650000e-06	6.697273e-06	2.347708e-08	4.775075e+01	1.394806e+03
1.660000e-06	6.696204e-06	2.347601e-08	4.774313e+01	1.394548e+03
1.670000e-06	6.693068e-06	2.347022e-08	4.772077e+01	1.394178e+03
1.680000e-06	6.687675e-06	2.345740e-08	4.768232e+01	1.393683e+03
1.690000e-06	6.680006e-06	2.344360e-08	4.762764e+01	1.393039e+03
1.700000e-06	6.670265e-06	2.342851e-08	4.755818e+01	1.392221e+03
1.710000e-06	6.658241e-06	2.340822e-08	4.747246e+01	1.391211e+03
1.720000e-06	6.643806e-06	2.337551e-08	4.736954e+01	1.390004e+03
1.730000e-06	6.627298e-06	2.335667e-08	4.725184e+01	1.388607e+03
1.740000e-06	6.608764e-06	2.338973e-08	4.711969e+01	1.387032e+03
1.750000e-06	6.587430e-06	2.337237e-08	4.696758e+01	1.385294e+03
1.760000e-06	6.562900e-06	2.329527e-08	4.679269e+01	1.383402e+03
1.770000e-06	6.535726e-06	2.323910e-08	4.659893e+01	1.381361e+03
1.780000e-06	6.506249e-06	2.315835e-08	4.638877e+01	1.379170e+03
1.790000e-06	6.474872e-06	2.312532e-08	4.616506e+01	1.376825e+03
1.800000e-06	6.442003e-06	2.318017e-08	4.593070e+01	1.374327e+03
1.810000e-06	6.407192e-06	2.306623e-08	4.568251e+01	1.371673e+03
1.820000e-06	6.370006e-06	2.300856e-08	4.541738e+01	1.368863e+03
1.830000e-06	6.330631e-06	2.304156e-08	4.513663e+01	1.365892e+03
1.840000e-06	6.289064e-06	2.291504e-08	4.484027e+01	1.362751e+03
1.850000e-06	6.245396e-06	2.288773e-08	4.452892e+01	1.359425e+03
1.860000e-06	6.199485e-06	2.279046e-08	4.420158e+01	1.355900e+03
1.870000e-06	6.151123e-06	2.270440e-08	4.385676e+01	1.352167e+03
1.880000e-06	6.100619e-06	2.273841e-08	4.349668e+01	1.348227e+03
1.890000e-06	6.047612e-06	2.262871e-08	4.311874e+01	1.344089e+03
1.900000e-06	5.992171e-06	2.256052e-08	4.272346e+01	1.339771e+03
1.910000e-06	5.934637e-06	2.246198e-08	4.231324e+01	1.335291e+03
1.920000e-06	5.874901e-06	2.236675e-08	4.188733e+01	1.330657e+03
1.930000e-06	5.813015e-06	2.234298e-08	4.144610e+01	1.325864e+03
1.940000e-06	5.748950e-06	2.219985e-08	4.098932e+01	1.320893e+03
1.950000e-06	5.682894e-06	2.214402e-08	4.051835e+01	1.315718e+03
1.960000e-06	5.614796e-06	2.206772e-08	4.003282e+01	1.310314e+03
1.970000e-06	5.544366e-06	2.197903e-08	3.953066e+01	1.304669e+03
1.980000e-06	5.471895e-06	2.187589e-08	3.901395e+01	1.298786e+03
1.990000e-06	5.397457e-06	2.170979e-08	3.848322e+01	1.292684e+03
2.000000e-06	5.320828e-06	2.165823e-08	3.793686e+01	1.286387e+03
2.010000e-06	5.242093e-06	2.154421e-08	3.737549e+01	1.279913e+03
2.020000e-06	5.161518e-06	2.143569e-08	3.680100e+01	1.273260e+03
2.030000e-06	5.079239e-06	2.131129e-08	3.621436e+01	1.266408e+03
2.040000e-06	4.995164e-06	2.119059e-08	3.561492e+01	1.259321e+03
2.050000e-06	4.909154e-06	2.109717e-08	3.500167e+01	1.251956e+03
2.060000e-06	4.821301e-06	2.093248e-08	3.437529e+01	1.244283e+03
2.070000e-06	4.731921e-06	2.079753e-08	3.373802e+01	1.236294e+03
2.080000e-06	4.641008e-06	2.065566e-08	3.308983e+01	1.228004e+03
2.090000e-06	4.548373e-06	2.053708e-08	3.242935e+01	1.219449e+03
2.100000e-06	4.453936e-06	2.038332e-08	3.175603e+01	1.210668e+03
2.110000e-06	4.357887e-06	2.021023e-08	3.107121e+01	1.201690e+03
2.120000e-06	4.260426e-06	2.006909e-08	3.037632e+01	1.192516e+03
2.130000e-06	4.161508e-06	1.991339e-08	2.967105e+01	1.183126e+03
2.140000e-06	4.061065e-06	1.975172e-08	2.895490e+01	1.173476e+03
2.150000e-06	3.958956e-06	1.956455e-08	2.822688e+01	1.163523e+03
2.160000e-06	3.855318e-06	1.940177e-08	2.748795e+01	1.153233e+03
2.170000e-06	3.750394e-06	1.923766e-08	2.673985e+01	1.142599e+03
2.180000e-06	3.644288e-06	1.905232e-08	2.598333e+01	1.131636e+03
2.190000e-06	3.537019e-06	1.885161e-08	2.521852e+01	1.120374e+03
2.200000e-06	3.428520e-06	1.865435e-08	2.444493e+01	1.108843e+03
2.210000e-06	3.318766e-06	1.846609e-08	2.366240e+01	1.097059e+03
2.220000e-06	3.207700e-06	1.825903e-08	2.287052e+01	1.085016e+03
2.230000e-06	3.095399e-06	1.804210e-08	2.206982e+01	1.072685e+03
2.240000e-06	2.981955e-06	1.783137e-08	2.126098e+01	1.060029e+03
2.250000e-06	2.867397e-06	1.762733e-08	2.044420e+01	1.047017e+03
2.260000e-06	2.751738e-06	1.740068e-08	1.961956e+01	1.033632e+03
2.270000e-06	2.634930e-06	1.715887e-08	1.878673e+01	1.019880e+03
2.280000e-06	2.516997e-06	1.691850e-08	1.794588e+01	1.005784e+03
2.290000e-06	2.398007e-06	1.668695e-08	1.709750e+01	9.913669e+02
2.300000e-06	2.278163e-06	1.643994e-08	1.624303e+01	9.766437e+02
2.310000e-06	2.157606e-06	1.617560e-08	1.538347e+01	9.616095e+02
2.320000e-06	2.036317e-06	1.591654e-08	1.451870e+01	9.462403e+02
2.330000e-06	1.914374e-06	1.566239e-08	1.364926e+01	9.305025e+02
2.340000e-06	1.791832e-06	1.539443e-08	1.277555e+01	9.143655e+02
2.350000e-06	1.668683e-06	1.510458e-08	1.189751e+01	8.978135e+02
2.360000e-06	1.544914e-06	1.481690e-08	1.101505e+01	8.808483e+02
2.370000e-06	1.420504e-06	1.453400e-08	1.012802e+01	8.634834e+02
2.380000e-06	1.295536e-06	1.424167e-08	9.237015e+00	8.457302e+02
2.390000e-06	1.170158e-06	1.393007e-08	8.343082e+00	8.275834e+02
2.400000e-06	1.044347e-06	1.361294e-08	7.446067e+00	8.090132e+02
2.410000e-06	9.181186e-07	1.329886e-08	6.546075e+00	7.899667e+02
2.420000e-06	7.915739e-07	1.296952e-08	5.643826e+00	7.703806e+02
2.430000e-06	6.647252e-07	1.262119e-08	4.739411e+00	7.501967e+02
2.440000e-06	5.375621e-07	1.226516e-08	3.832753e+00	7.293735e+02
2.450000e-06	4.101263e-07	1.191283e-08	2.924151e+00	7.078858e+02
2.460000e-06	2.825455e-07	1.154904e-08	2.014515e+00	6.857098e+02
2.470000e-06	1.548970e-07	1.115990e-08	1.104397e+00	6.627986e+02
2.480000e-06	2.718638e-08	1.075581e-08	1.938356e-01	6.390579e+02
2.490000e-06	-1.005630e-07	1.034087e-08	-7.170018e-01	6.143336e+02
2.500000e-06	-2.282844e-07	9.907429e-09	-1.627640e+00	5.884197e+02
2.510000e-06	-3.559170e-07	9.442264e-09	-2.537645e+00	5.610836e+02
2.520000e-06	-4.833898e-07	8.951343e-09	-3.446511e+00	5.321017e+02
2.530000e-06	-6.106590e-07	8.440559e-09	-4.353925e+00	5.012845e+02
2.540000e-06	-7.376773e-07	7.897898e-09	-5.259550e+00	4.684783e+02
2.550000e-06	-8.643833e-07	7.311189e-09	-6.162949e+00	4.335309e+02
2.560000e-06	-9.907301e-07	6.680747e-09	-7.063786e+00	3.962302e+02
2.570000e-06	-1.116626e-06	6.012278e-09	-7.961405e+00	3.562321e+02
2.580000e-06	-1.242097e-06	5.291707e-09	-8.856000e+00	3.130125e+02
2.590000e-06	-1.367214e-06	4.495609e-09	-9.748069e+00	2.658694e+02
2.600000e-06	-1.491837e-06	3.618956e-09	-1.063661e+01	2.139994e+02
2.610000e-06	-1.615814e-06	2.662134e-09	-1.152056e+01	1.566421e+02
2.620000e-06	-1.739117e-06	1.612188e-09	-1.239970e+01	9.327149e+01
2.630000e-06	-1.861741e-06	4.554945e-10	-1.327399e+01	2.378602e+01
2.640000e-06	-1.983731e-06	-8.020110e-10	-1.414376e+01	-5.135310e+01
2.650000e-06	-2.105077e-06	-2.137894e-09	-1.500894e+01	-1.310793e+02
2.660000e-06	-2.225732e-06	-3.527896e-09	-1.586920e+01	-2.137953e+02
2.670000e-06	-2.345669e-06	-4.944885e-09	-1.672433e+01	-2.975562e+02
2.680000e-06	-2.464693e-06	-6.348744e-09	-1.757296e+01	-3.803219e+02
2.690000e-06	-2.582664e-06	-7.693228e-09	-1.841409e+01	-4.602236e+02
2.700000e-06	-2.699635e-06	-8.957886e-09	-1.924807e+01	-5.357829e+02
2.710000e-06	-2.815510e-06	-1.013815e-08	-2.007424e+01	-6.060403e+02
2.720000e-06	-2.930199e-06	-1.122681e-08	-2.089197e+01	-6.705719e+02
2.730000e-06	-3.043717e-06	-1.222026e-08	-2.170134e+01	-7.294075e+02
2.740000e-06	-3.155982e-06	-1.312528e-08	-2.250177e+01	-7.828846e+02
2.750000e-06	-3.266899e-06	-1.395424e-08	-2.329260e+01	-8.314853e+02
2.760000e-06	-3.376494e-06	-1.471118e-08	-2.407400e+01	-8.757011e+02
2.770000e-06	-3.484974e-06	-1.539374e-08	-2.484744e+01	-9.159528e+02
2.780000e-06	-3.592439e-06	-1.600549e-08	-2.561366e+01	-9.525716e+02
2.790000e-06	-3.698766e-06	-1.656104e-08	-2.637175e+01	-9.858268e+02
2.800000e-06	-3.803840e-06	-1.706947e-08	-2.712092e+01	-1.015973e+03
2.810000e-06	-3.907597e-06	-1.753190e-08	-2.786070e+01	-1.043292e+03
2.820000e-06	-4.009884e-06	-1.795158e-08	-2.858999e+01	-1.068103e+03
2.830000e-06	-4.110515e-06	-1.833726e-08	-2.930747e+01	-1.090752e+03
2.840000e-06	-4.209599e-06	-1.869638e-08	-3.001393e+01	-1.111568e+03
2.850000e-06	-4.307338e-06	-1.902709e-08	-3.071080e+01	-1.130831e+03
2.860000e-06	-4.403672e-06	-1.932715e-08	-3.139765e+01	-1.148742e+03
2.870000e-06	-4.498428e-06	-1.960363e-08	-3.207325e+01	-1.165426e+03
2.880000e-06	-4.591538e-06	-1.986440e-08	-3.273711e+01	-1.180947e+03
2.890000e-06	-4.683094e-06	-2.010818e-08	-3.338990e+01	-1.195353e+03
2.900000e-06	-4.773058e-06	-2.033358e-08	-3.403133e+01	-1.208700e+03
2.910000e-06	-4.861323e-06	-2.054402e-08	-3.466065e+01	-1.221079e+03
2.920000e-06	-4.947788e-06	-2.074323e-08	-3.527713e+01	-1.232607e+03
2.930000e-06	-5.032359e-06	-2.093021e-08	-3.588012e+01	-1.243415e+03
2.940000e-06	-5.115171e-06	-2.110231e-08	-3.647055e+01	-1.253617e+03
2.950000e-06	-5.196320e-06	-2.126265e-08	-3.704913e+01	-1.263291e+03
2.960000e-06	-5.275641e-06	-2.141679e-08	-3.761469e+01	-1.272470e+03
2.970000e-06	-5.352834e-06	-2.156568e-08	-3.816506e+01	-1.281151e+03
2.980000e-06	-5.427866e-06	-2.170583e-08	-3.870003e+01	-1.289316e+03
2.990000e-06	-5.500949e-06	-2.183624e-08	-3.922111e+01	-1.296957e+03
3.000000e-06	-5.572101e-06	-2.195908e-08	-3.972841e+01	-1.304092e+03
3.010000e-06	-5.641136e-06	-2.207535e-08	-4.022062e+01	-1.310770e+03
3.020000e-06	-5.708053e-06	-2.218285e-08	-4.069773e+01	-1.317058e+03
3.030000e-06	-5.773061e-06	-2.228246e-08	-4.116123e+01	-1.323026e+03
3.040000e-06	-5.836187e-06	-2.237825e-08	-4.161131e+01	-1.328723e+03
3.050000e-06	-5.897166e-06	-2.247053e-08	-4.204608e+01	-1.334172e+03
3.060000e-06	-5.955903e-06	-2.255762e-08	-4.246487e+01	-1.339365e+03
3.070000e-06	-6.012579e-06	-2.263936e-08	-4.286896e+01	-1.344280e+03
3.080000e-06	-6.067157e-06	-2.271619e-08	-4.325810e+01	-1.348893e+03
3.090000e-06	-6.119331e-06	-2.278973e-08	-4.363010e+01	-1.353197e+03
3.100000e-06	-6.169011e-06	-2.285844e-08	-4.398430e+01	-1.357205e+03
3.110000e-06	-6.216209e-06	-2.291954e-08	-4.432082e+01	-1.360948e+03
3.120000e-06	-6.261134e-06	-2.297738e-08	-4.464113e+01	-1.364462e+03
3.130000e-06	-6.304150e-06	-2.303591e-08	-4.494783e+01	-1.367775e+03
3.140000e-06	-6.345178e-06	-2.309188e-08	-4.524035e+01	-1.370897e+03
3.150000e-06	-6.383973e-06	-2.314026e-08	-4.551696e+01	-1.373821e+03
3.160000e-06	-6.420451e-06	-2.318214e-08	-4.577704e+01	-1.376525e+03
3.170000e-06	-6.454708e-06	-2.322238e-08	-4.602129e+01	-1.378991e+03
3.180000e-06	-6.486802e-06	-2.326178e-08	-4.625011e+01	-1.381211e+03
3.190000e-06	-6.516483e-06	-2.329608e-08	-4.646174e+01	-1.383195e+03
3.200000e-06	-6.543702e-06	-2.332581e-08	-4.665580e+01	-1.384970e+03
3.210000e-06	-6.568690e-06	-2.335524e-08	-4.683397e+01	-1.386566e+03
3.220000e-06	-6.591380e-06	-2.338420e-08	-4.699575e+01	-1.388007e+03
3.230000e-06	-6.611662e-06	-2.340705e-08	-4.714036e+01	-1.389303e+03
3.240000e-06	-6.629683e-06	-2.342321e-08	-4.726884e+01	-1.390443e+03
3.250000e-06	-6.645393e-06	-2.343801e-08	-4.738085e+01	-1.391406e+03
3.260000e-06	-6.658459e-06	-2.345337e-08	-4.747401e+01	-1.392168e+03
3.270000e-06	-6.668969e-06	-2.346559e-08	-4.754894e+01	-1.392714e+03
3.280000e-06	-6.677189e-06	-2.347041e-08	-4.760755e+01	-1.393048e+03
3.290000e-06	-6.682986e-06	-2.347420e-08	-4.764888e+01	-1.393189e+03
3.300000e-06	-6.686368e-06	-2.347787e-08	-4.767300e+01	-1.393167e+03
3.310000e-06	-6.687518e-06	-2.347662e-08	-4.768120e+01	-1.393012e+03
