# Temperatura_=_36.86
# Concentracion g/m^3_=_22500.0
# C_Vs_to_Am_M_A/Vsm_=_59384043850.047264
# pendiente_HvsI_1/m_=_3716.3
# ordenada_HvsI_A/m_=_1297.0
# frecuencia_Hz_=_301418.01153315674

Tiempo_(s)	Campo_(V.s)	Magnetizacion_(V.s)	Campo_(kA/m)	Magnetizacion_(A/m)
0.000000e+00	-6.687323e-06	-2.374562e-08	-4.768078e+01	-1.409256e+03
1.000000e-08	-6.684706e-06	-2.373884e-08	-4.766213e+01	-1.408934e+03
2.000000e-08	-6.679788e-06	-2.373086e-08	-4.762706e+01	-1.408471e+03
3.000000e-08	-6.672818e-06	-2.371976e-08	-4.757736e+01	-1.407840e+03
4.000000e-08	-6.663728e-06	-2.370668e-08	-4.751255e+01	-1.407014e+03
5.000000e-08	-6.652276e-06	-2.369124e-08	-4.743090e+01	-1.405976e+03
6.000000e-08	-6.638357e-06	-2.367029e-08	-4.733166e+01	-1.404726e+03
7.000000e-08	-6.621988e-06	-2.364883e-08	-4.721494e+01	-1.403279e+03
8.000000e-08	-6.603223e-06	-2.362698e-08	-4.708115e+01	-1.401661e+03
9.000000e-08	-6.582118e-06	-2.356513e-08	-4.693067e+01	-1.399893e+03
1.000000e-07	-6.558429e-06	-2.351655e-08	-4.676177e+01	-1.397987e+03
1.100000e-07	-6.532078e-06	-2.351289e-08	-4.657388e+01	-1.395944e+03
1.200000e-07	-6.503363e-06	-2.350205e-08	-4.636915e+01	-1.393752e+03
1.300000e-07	-6.472787e-06	-2.346376e-08	-4.615114e+01	-1.391397e+03
1.400000e-07	-6.440627e-06	-2.343233e-08	-4.592184e+01	-1.388871e+03
1.500000e-07	-6.406571e-06	-2.337621e-08	-4.567901e+01	-1.386170e+03
1.600000e-07	-6.370254e-06	-2.328640e-08	-4.542008e+01	-1.383301e+03
1.700000e-07	-6.331897e-06	-2.327860e-08	-4.514659e+01	-1.380270e+03
1.800000e-07	-6.291395e-06	-2.319915e-08	-4.485781e+01	-1.377082e+03
1.900000e-07	-6.248362e-06	-2.311727e-08	-4.455098e+01	-1.373730e+03
2.000000e-07	-6.203050e-06	-2.310409e-08	-4.422790e+01	-1.370198e+03
2.100000e-07	-6.155486e-06	-2.303692e-08	-4.388877e+01	-1.366463e+03
2.200000e-07	-6.105430e-06	-2.298527e-08	-4.353188e+01	-1.362508e+03
2.300000e-07	-6.052867e-06	-2.288837e-08	-4.315710e+01	-1.358323e+03
2.400000e-07	-5.997910e-06	-2.279362e-08	-4.276525e+01	-1.353914e+03
2.500000e-07	-5.940717e-06	-2.273377e-08	-4.235746e+01	-1.349301e+03
2.600000e-07	-5.881308e-06	-2.264172e-08	-4.193388e+01	-1.344505e+03
2.700000e-07	-5.819767e-06	-2.257201e-08	-4.149509e+01	-1.339543e+03
2.800000e-07	-5.756267e-06	-2.249081e-08	-4.104233e+01	-1.334419e+03
2.900000e-07	-5.690676e-06	-2.240032e-08	-4.057467e+01	-1.329119e+03
3.000000e-07	-5.622842e-06	-2.231281e-08	-4.009101e+01	-1.323619e+03
3.100000e-07	-5.552930e-06	-2.220197e-08	-3.959254e+01	-1.317893e+03
3.200000e-07	-5.481070e-06	-2.209489e-08	-3.908017e+01	-1.311924e+03
3.300000e-07	-5.407244e-06	-2.197841e-08	-3.855379e+01	-1.305710e+03
3.400000e-07	-5.331292e-06	-2.189233e-08	-3.801225e+01	-1.299267e+03
3.500000e-07	-5.253183e-06	-2.178922e-08	-3.745533e+01	-1.292618e+03
3.600000e-07	-5.172965e-06	-2.166563e-08	-3.688337e+01	-1.285781e+03
3.700000e-07	-5.090738e-06	-2.155397e-08	-3.629709e+01	-1.278760e+03
3.800000e-07	-5.006779e-06	-2.142474e-08	-3.569846e+01	-1.271539e+03
3.900000e-07	-4.921246e-06	-2.129490e-08	-3.508861e+01	-1.264083e+03
4.000000e-07	-4.834164e-06	-2.115532e-08	-3.446772e+01	-1.256352e+03
4.100000e-07	-4.745505e-06	-2.102643e-08	-3.383557e+01	-1.248313e+03
4.200000e-07	-4.655105e-06	-2.089467e-08	-3.319102e+01	-1.239956e+03
4.300000e-07	-4.562876e-06	-2.075341e-08	-3.253343e+01	-1.231293e+03
4.400000e-07	-4.468991e-06	-2.060615e-08	-3.186402e+01	-1.222359e+03
4.500000e-07	-4.373602e-06	-2.044687e-08	-3.118390e+01	-1.213191e+03
4.600000e-07	-4.276593e-06	-2.028901e-08	-3.049222e+01	-1.203818e+03
4.700000e-07	-4.177948e-06	-2.012382e-08	-2.978888e+01	-1.194245e+03
4.800000e-07	-4.077759e-06	-1.995612e-08	-2.907453e+01	-1.184450e+03
4.900000e-07	-3.976131e-06	-1.978650e-08	-2.834991e+01	-1.174392e+03
5.000000e-07	-3.873213e-06	-1.961656e-08	-2.761611e+01	-1.164023e+03
5.100000e-07	-3.768969e-06	-1.943947e-08	-2.687285e+01	-1.153309e+03
5.200000e-07	-3.663331e-06	-1.925043e-08	-2.611965e+01	-1.142235e+03
5.300000e-07	-3.556272e-06	-1.905908e-08	-2.535631e+01	-1.130817e+03
5.400000e-07	-3.447880e-06	-1.886148e-08	-2.458347e+01	-1.119085e+03
5.500000e-07	-3.338300e-06	-1.865756e-08	-2.380216e+01	-1.107076e+03
5.600000e-07	-3.227559e-06	-1.844761e-08	-2.301258e+01	-1.094814e+03
5.700000e-07	-3.115745e-06	-1.823624e-08	-2.221534e+01	-1.082300e+03
5.800000e-07	-3.002776e-06	-1.802178e-08	-2.140987e+01	-1.069517e+03
5.900000e-07	-2.888531e-06	-1.780150e-08	-2.059530e+01	-1.056429e+03
6.000000e-07	-2.773057e-06	-1.757406e-08	-1.977197e+01	-1.043004e+03
6.100000e-07	-2.656435e-06	-1.734086e-08	-1.894045e+01	-1.029221e+03
6.200000e-07	-2.538790e-06	-1.710514e-08	-1.810164e+01	-1.015079e+03
6.300000e-07	-2.420224e-06	-1.686368e-08	-1.725626e+01	-1.000590e+03
6.400000e-07	-2.300886e-06	-1.661427e-08	-1.640538e+01	-9.857780e+02
6.500000e-07	-2.180848e-06	-1.635667e-08	-1.554950e+01	-9.706574e+02
6.600000e-07	-2.060053e-06	-1.609544e-08	-1.468823e+01	-9.552294e+02
6.700000e-07	-1.938423e-06	-1.582894e-08	-1.382101e+01	-9.394772e+02
6.800000e-07	-1.815999e-06	-1.555527e-08	-1.294812e+01	-9.233719e+02
6.900000e-07	-1.692864e-06	-1.527642e-08	-1.207016e+01	-9.068825e+02
7.000000e-07	-1.569065e-06	-1.499551e-08	-1.118747e+01	-8.899861e+02
7.100000e-07	-1.444666e-06	-1.470921e-08	-1.030050e+01	-8.726731e+02
7.200000e-07	-1.319764e-06	-1.441266e-08	-9.409950e+00	-8.549447e+02
7.300000e-07	-1.194454e-06	-1.410554e-08	-8.516489e+00	-8.368040e+02
7.400000e-07	-1.068745e-06	-1.379043e-08	-7.620179e+00	-8.182459e+02
7.500000e-07	-9.427141e-07	-1.346814e-08	-6.721576e+00	-7.992485e+02
7.600000e-07	-8.164575e-07	-1.313697e-08	-5.821363e+00	-7.797733e+02
7.700000e-07	-6.899362e-07	-1.279986e-08	-4.919263e+00	-7.597704e+02
7.800000e-07	-5.631195e-07	-1.245784e-08	-4.015057e+00	-7.391882e+02
7.900000e-07	-4.360963e-07	-1.210800e-08	-3.109378e+00	-7.179795e+02
8.000000e-07	-3.089146e-07	-1.174314e-08	-2.202569e+00	-6.961001e+02
8.100000e-07	-1.815985e-07	-1.135964e-08	-1.294802e+00	-6.734987e+02
8.200000e-07	-5.422925e-08	-1.096048e-08	-3.866559e-01	-6.501003e+02
8.300000e-07	7.314190e-08	-1.054708e-08	5.215036e-01	-6.257925e+02
8.400000e-07	2.004723e-07	-1.011715e-08	1.429373e+00	-6.004200e+02
8.500000e-07	3.277006e-07	-9.666776e-09	2.336513e+00	-5.737937e+02
8.600000e-07	4.547888e-07	-9.194075e-09	3.242656e+00	-5.457115e+02
8.700000e-07	5.817140e-07	-8.696823e-09	4.147635e+00	-5.159819e+02
8.800000e-07	7.084685e-07	-8.167075e-09	5.051399e+00	-4.844373e+02
8.900000e-07	8.349956e-07	-7.600382e-09	5.953540e+00	-4.509252e+02
9.000000e-07	9.611985e-07	-6.997436e-09	6.853370e+00	-4.152736e+02
9.100000e-07	1.087059e-06	-6.354264e-09	7.750762e+00	-3.772376e+02
9.200000e-07	1.212610e-06	-5.662339e-09	8.645944e+00	-3.364456e+02
9.300000e-07	1.337787e-06	-4.911241e-09	9.538456e+00	-2.923718e+02
9.400000e-07	1.462527e-06	-4.093500e-09	1.042786e+01	-2.443568e+02
9.500000e-07	1.586847e-06	-3.200669e-09	1.131426e+01	-1.916897e+02
9.600000e-07	1.710632e-06	-2.221974e-09	1.219685e+01	-1.337447e+02
9.700000e-07	1.833726e-06	-1.148679e-09	1.307451e+01	-7.014841e+01
9.800000e-07	1.956028e-06	2.006680e-11	1.394653e+01	-9.355114e-01
9.900000e-07	2.077502e-06	1.276676e-09	1.481264e+01	7.334782e+01
1.000000e-06	2.198204e-06	2.603101e-09	1.567325e+01	1.516285e+02
1.010000e-06	2.318098e-06	3.973623e-09	1.652810e+01	2.323914e+02
1.020000e-06	2.437151e-06	5.355164e-09	1.737695e+01	3.138517e+02
1.030000e-06	2.555376e-06	6.708860e-09	1.821990e+01	3.941796e+02
1.040000e-06	2.672741e-06	8.008317e-09	1.905672e+01	4.717267e+02
1.050000e-06	2.789116e-06	9.237959e-09	1.988647e+01	5.452057e+02
1.060000e-06	2.904277e-06	1.038808e-08	2.070757e+01	6.137881e+02
1.070000e-06	3.018165e-06	1.145179e-08	2.151959e+01	6.771071e+02
1.080000e-06	3.130825e-06	1.242856e-08	2.232286e+01	7.351801e+02
1.090000e-06	3.242336e-06	1.332350e-08	2.311794e+01	7.882815e+02
1.100000e-06	3.352784e-06	1.414207e-08	2.390544e+01	8.368070e+02
1.110000e-06	3.462182e-06	1.488563e-08	2.468545e+01	8.811635e+02
1.120000e-06	3.570499e-06	1.555978e-08	2.545775e+01	9.217070e+02
1.130000e-06	3.677488e-06	1.617614e-08	2.622058e+01	9.587298e+02
1.140000e-06	3.782945e-06	1.674170e-08	2.697249e+01	9.924836e+02
1.150000e-06	3.886987e-06	1.725751e-08	2.771432e+01	1.023216e+03
1.160000e-06	3.989702e-06	1.772572e-08	2.844668e+01	1.051198e+03
1.170000e-06	4.091092e-06	1.815524e-08	2.916959e+01	1.076732e+03
1.180000e-06	4.191029e-06	1.855309e-08	2.988215e+01	1.100133e+03
1.190000e-06	4.289298e-06	1.891940e-08	3.058281e+01	1.121698e+03
1.200000e-06	4.385880e-06	1.925313e-08	3.127144e+01	1.141677e+03
1.210000e-06	4.480945e-06	1.956075e-08	3.194926e+01	1.160253e+03
1.220000e-06	4.574586e-06	1.984861e-08	3.261691e+01	1.177544e+03
1.230000e-06	4.666749e-06	2.011744e-08	3.327404e+01	1.193628e+03
1.240000e-06	4.757182e-06	2.036630e-08	3.391883e+01	1.208567e+03
1.250000e-06	4.845724e-06	2.059839e-08	3.455014e+01	1.222432e+03
1.260000e-06	4.932542e-06	2.081878e-08	3.516915e+01	1.235322e+03
1.270000e-06	5.017783e-06	2.102607e-08	3.577692e+01	1.247352e+03
1.280000e-06	5.101352e-06	2.121680e-08	3.637277e+01	1.258642e+03
1.290000e-06	5.183018e-06	2.139225e-08	3.695505e+01	1.269293e+03
1.300000e-06	5.262775e-06	2.155821e-08	3.752372e+01	1.279374e+03
1.310000e-06	5.340710e-06	2.171626e-08	3.807940e+01	1.288915e+03
1.320000e-06	5.416633e-06	2.186400e-08	3.862073e+01	1.297921e+03
1.330000e-06	5.490388e-06	2.200170e-08	3.914661e+01	1.306386e+03
1.340000e-06	5.562094e-06	2.213354e-08	3.965787e+01	1.314312e+03
1.350000e-06	5.631874e-06	2.225995e-08	4.015540e+01	1.321722e+03
1.360000e-06	5.699725e-06	2.237619e-08	4.063918e+01	1.328662e+03
1.370000e-06	5.765467e-06	2.248298e-08	4.110793e+01	1.335192e+03
1.380000e-06	5.829125e-06	2.258552e-08	4.156181e+01	1.341368e+03
1.390000e-06	5.890839e-06	2.268493e-08	4.200183e+01	1.347234e+03
1.400000e-06	5.950577e-06	2.277796e-08	4.242777e+01	1.352809e+03
1.410000e-06	6.008153e-06	2.286403e-08	4.283829e+01	1.358097e+03
1.420000e-06	6.063518e-06	2.294648e-08	4.323304e+01	1.363086e+03
1.430000e-06	6.116630e-06	2.302722e-08	4.361173e+01	1.367768e+03
1.440000e-06	6.167134e-06	2.310256e-08	4.397183e+01	1.372145e+03
1.450000e-06	6.215116e-06	2.317064e-08	4.431393e+01	1.376230e+03
1.460000e-06	6.260942e-06	2.323493e-08	4.464067e+01	1.380045e+03
1.470000e-06	6.304687e-06	2.329611e-08	4.495258e+01	1.383612e+03
1.480000e-06	6.346089e-06	2.335235e-08	4.524778e+01	1.386947e+03
1.490000e-06	6.385165e-06	2.340278e-08	4.552639e+01	1.390055e+03
1.500000e-06	6.422155e-06	2.344877e-08	4.579013e+01	1.392932e+03
1.510000e-06	6.456844e-06	2.349367e-08	4.603747e+01	1.395572e+03
1.520000e-06	6.489167e-06	2.353670e-08	4.626793e+01	1.397976e+03
1.530000e-06	6.519324e-06	2.357368e-08	4.648295e+01	1.400152e+03
1.540000e-06	6.547346e-06	2.360543e-08	4.668274e+01	1.402118e+03
1.550000e-06	6.572934e-06	2.363526e-08	4.686519e+01	1.403896e+03
1.560000e-06	6.596052e-06	2.366319e-08	4.703002e+01	1.405502e+03
1.570000e-06	6.617003e-06	2.368490e-08	4.717940e+01	1.406939e+03
1.580000e-06	6.635673e-06	2.370126e-08	4.731252e+01	1.408198e+03
1.590000e-06	6.651865e-06	2.371826e-08	4.742797e+01	1.409260e+03
1.600000e-06	6.665617e-06	2.373475e-08	4.752602e+01	1.410106e+03
1.610000e-06	6.676768e-06	2.374497e-08	4.760553e+01	1.410727e+03
1.620000e-06	6.685323e-06	2.374928e-08	4.766652e+01	1.411130e+03
1.630000e-06	6.691576e-06	2.375176e-08	4.771111e+01	1.411337e+03
1.640000e-06	6.695568e-06	2.375319e-08	4.773957e+01	1.411379e+03
1.650000e-06	6.697136e-06	2.375251e-08	4.775075e+01	1.411285e+03
1.660000e-06	6.696361e-06	2.374877e-08	4.774523e+01	1.411071e+03
1.670000e-06	6.693531e-06	2.374571e-08	4.772505e+01	1.410734e+03
1.680000e-06	6.688471e-06	2.373833e-08	4.768897e+01	1.410255e+03
1.690000e-06	6.681078e-06	2.372559e-08	4.763626e+01	1.409604e+03
1.700000e-06	6.671575e-06	2.370715e-08	4.756850e+01	1.408755e+03
1.710000e-06	6.659885e-06	2.368446e-08	4.748515e+01	1.407694e+03
1.720000e-06	6.645832e-06	2.365973e-08	4.738495e+01	1.406421e+03
1.730000e-06	6.629604e-06	2.362766e-08	4.726925e+01	1.404955e+03
1.740000e-06	6.611428e-06	2.363434e-08	4.713965e+01	1.403320e+03
1.750000e-06	6.590686e-06	2.363806e-08	4.699176e+01	1.401536e+03
1.760000e-06	6.566679e-06	2.357949e-08	4.682059e+01	1.399616e+03
1.770000e-06	6.539813e-06	2.351355e-08	4.662903e+01	1.397556e+03
1.780000e-06	6.510662e-06	2.346022e-08	4.642119e+01	1.395347e+03
1.790000e-06	6.479603e-06	2.338659e-08	4.619974e+01	1.392975e+03
1.800000e-06	6.447023e-06	2.340498e-08	4.596744e+01	1.390429e+03
1.810000e-06	6.412576e-06	2.337872e-08	4.572183e+01	1.387710e+03
1.820000e-06	6.375835e-06	2.325828e-08	4.545987e+01	1.384822e+03
1.830000e-06	6.336938e-06	2.328240e-08	4.518253e+01	1.381775e+03
1.840000e-06	6.295787e-06	2.321270e-08	4.488912e+01	1.378569e+03
1.850000e-06	6.252452e-06	2.313553e-08	4.458014e+01	1.375199e+03
1.860000e-06	6.206933e-06	2.309039e-08	4.425559e+01	1.371646e+03
1.870000e-06	6.158979e-06	2.295633e-08	4.391368e+01	1.367888e+03
1.880000e-06	6.108838e-06	2.296771e-08	4.355617e+01	1.363907e+03
1.890000e-06	6.056253e-06	2.290739e-08	4.318124e+01	1.359698e+03
1.900000e-06	6.001180e-06	2.280594e-08	4.278857e+01	1.355266e+03
1.910000e-06	5.943996e-06	2.275385e-08	4.238085e+01	1.350632e+03
1.920000e-06	5.884611e-06	2.261832e-08	4.195743e+01	1.345817e+03
1.930000e-06	5.823095e-06	2.258253e-08	4.151882e+01	1.340838e+03
1.940000e-06	5.759417e-06	2.247942e-08	4.106479e+01	1.335696e+03
1.950000e-06	5.693655e-06	2.236189e-08	4.059591e+01	1.330375e+03
1.960000e-06	5.625882e-06	2.230638e-08	4.011269e+01	1.324852e+03
1.970000e-06	5.555867e-06	2.220810e-08	3.961347e+01	1.319100e+03
1.980000e-06	5.483799e-06	2.214148e-08	3.909963e+01	1.313104e+03
1.990000e-06	5.409732e-06	2.197233e-08	3.857153e+01	1.306864e+03
2.000000e-06	5.333528e-06	2.187023e-08	3.802819e+01	1.300398e+03
2.010000e-06	5.255209e-06	2.178209e-08	3.746978e+01	1.293727e+03
2.020000e-06	5.174969e-06	2.165322e-08	3.689766e+01	1.286871e+03
2.030000e-06	5.093014e-06	2.154665e-08	3.631332e+01	1.279830e+03
2.040000e-06	5.009262e-06	2.140376e-08	3.571617e+01	1.272585e+03
2.050000e-06	4.923597e-06	2.131730e-08	3.510537e+01	1.265101e+03
2.060000e-06	4.835999e-06	2.117407e-08	3.448080e+01	1.257338e+03
2.070000e-06	4.746786e-06	2.101797e-08	3.384470e+01	1.249265e+03
2.080000e-06	4.656035e-06	2.086526e-08	3.319765e+01	1.240873e+03
2.090000e-06	4.563568e-06	2.072587e-08	3.253836e+01	1.232180e+03
2.100000e-06	4.469402e-06	2.060034e-08	3.186695e+01	1.223218e+03
2.110000e-06	4.373646e-06	2.042471e-08	3.118421e+01	1.214027e+03
2.120000e-06	4.276481e-06	2.026894e-08	3.049142e+01	1.204633e+03
2.130000e-06	4.177877e-06	2.011130e-08	2.978837e+01	1.195037e+03
2.140000e-06	4.077750e-06	1.995745e-08	2.907446e+01	1.185216e+03
2.150000e-06	3.975996e-06	1.977249e-08	2.834895e+01	1.175127e+03
2.160000e-06	3.872648e-06	1.958209e-08	2.761208e+01	1.164722e+03
2.170000e-06	3.767927e-06	1.941388e-08	2.686542e+01	1.153968e+03
2.180000e-06	3.661973e-06	1.923664e-08	2.610997e+01	1.142857e+03
2.190000e-06	3.554864e-06	1.904288e-08	2.534627e+01	1.131403e+03
2.200000e-06	3.446545e-06	1.883293e-08	2.457395e+01	1.119640e+03
2.210000e-06	3.336924e-06	1.863878e-08	2.379236e+01	1.107602e+03
2.220000e-06	3.225947e-06	1.844069e-08	2.300108e+01	1.095313e+03
2.230000e-06	3.113759e-06	1.822477e-08	2.220119e+01	1.082772e+03
2.240000e-06	3.000502e-06	1.799646e-08	2.139366e+01	1.069957e+03
2.250000e-06	2.886144e-06	1.778006e-08	2.057828e+01	1.056834e+03
2.260000e-06	2.770633e-06	1.756362e-08	1.975468e+01	1.043372e+03
2.270000e-06	2.653913e-06	1.732900e-08	1.892247e+01	1.029550e+03
2.280000e-06	2.536077e-06	1.708047e-08	1.808229e+01	1.015369e+03
2.290000e-06	2.417265e-06	1.683954e-08	1.723516e+01	1.000844e+03
2.300000e-06	2.297570e-06	1.660225e-08	1.638173e+01	9.859981e+02
2.310000e-06	2.177111e-06	1.634496e-08	1.552286e+01	9.708446e+02
2.320000e-06	2.055938e-06	1.607461e-08	1.465889e+01	9.553826e+02
2.330000e-06	1.934069e-06	1.580640e-08	1.378996e+01	9.395939e+02
2.340000e-06	1.811538e-06	1.554422e-08	1.291631e+01	9.234486e+02
2.350000e-06	1.688414e-06	1.526513e-08	1.203843e+01	9.069162e+02
2.360000e-06	1.564671e-06	1.497127e-08	1.115614e+01	8.899751e+02
2.370000e-06	1.440375e-06	1.467890e-08	1.026991e+01	8.726171e+02
2.380000e-06	1.315561e-06	1.438961e-08	9.379987e+00	8.548441e+02
2.390000e-06	1.190197e-06	1.408734e-08	8.486139e+00	8.366590e+02
2.400000e-06	1.064370e-06	1.376592e-08	7.588983e+00	8.180548e+02
2.410000e-06	9.381532e-07	1.344087e-08	6.689057e+00	7.990081e+02
2.420000e-06	8.116269e-07	1.311538e-08	5.786920e+00	7.794785e+02
2.430000e-06	6.847893e-07	1.277787e-08	4.882565e+00	7.594158e+02
2.440000e-06	5.576763e-07	1.242284e-08	3.976246e+00	7.387683e+02
2.450000e-06	4.303290e-07	1.206162e-08	3.068257e+00	7.174896e+02
2.460000e-06	3.028191e-07	1.170002e-08	2.159108e+00	6.955353e+02
2.470000e-06	1.752155e-07	1.132487e-08	1.249291e+00	6.728523e+02
2.480000e-06	4.753807e-08	1.092831e-08	3.389477e-01	6.493624e+02
2.490000e-06	-8.016520e-08	1.051206e-08	-5.715799e-01	6.249484e+02
2.500000e-06	-2.078538e-07	1.008263e-08	-1.482003e+00	5.994508e+02
2.510000e-06	-3.354631e-07	9.635504e-09	-2.391861e+00	5.726778e+02
2.520000e-06	-4.629258e-07	9.158169e-09	-3.300673e+00	5.444277e+02
2.530000e-06	-5.902089e-07	8.653010e-09	-4.208205e+00	5.145109e+02
2.540000e-06	-7.172999e-07	8.122872e-09	-5.114367e+00	4.827625e+02
2.550000e-06	-8.441279e-07	7.561873e-09	-6.018654e+00	4.490300e+02
2.560000e-06	-9.705953e-07	6.959754e-09	-6.920369e+00	4.131362e+02
2.570000e-06	-1.096628e-06	6.314326e-09	-7.818988e+00	3.748249e+02
2.580000e-06	-1.222211e-06	5.626008e-09	-8.714398e+00	3.337089e+02
2.590000e-06	-1.347310e-06	4.883354e-09	-9.606353e+00	2.892460e+02
2.600000e-06	-1.471846e-06	4.070699e-09	-1.049430e+01	2.407661e+02
2.610000e-06	-1.595814e-06	3.176496e-09	-1.137820e+01	1.875601e+02
2.620000e-06	-1.719226e-06	2.197855e-09	-1.225813e+01	1.290212e+02
2.630000e-06	-1.842020e-06	1.130854e-09	-1.313365e+01	6.481274e+01
2.640000e-06	-1.964161e-06	-3.307622e-11	-1.400452e+01	-4.979336e+00
2.650000e-06	-2.085592e-06	-1.288751e-09	-1.487033e+01	-7.975143e+01
2.660000e-06	-2.206234e-06	-2.612211e-09	-1.573051e+01	-1.583773e+02
2.670000e-06	-2.326184e-06	-3.972808e-09	-1.658575e+01	-2.393033e+02
2.680000e-06	-2.445385e-06	-5.342082e-09	-1.743566e+01	-3.207287e+02
2.690000e-06	-2.563582e-06	-6.691015e-09	-1.827841e+01	-4.008326e+02
2.700000e-06	-2.680659e-06	-7.990617e-09	-1.911317e+01	-4.779981e+02
2.710000e-06	-2.796683e-06	-9.217950e-09	-1.994042e+01	-5.509839e+02
2.720000e-06	-2.911667e-06	-1.036198e-08	-2.076026e+01	-6.190125e+02
2.730000e-06	-3.025463e-06	-1.142229e-08	-2.157163e+01	-6.817632e+02
2.740000e-06	-3.137996e-06	-1.239860e-08	-2.237399e+01	-7.392874e+02
2.750000e-06	-3.249188e-06	-1.328968e-08	-2.316680e+01	-7.918789e+02
2.760000e-06	-3.359052e-06	-1.410260e-08	-2.395013e+01	-8.399391e+02
2.770000e-06	-3.467753e-06	-1.484634e-08	-2.472517e+01	-8.838715e+02
2.780000e-06	-3.575369e-06	-1.552587e-08	-2.549247e+01	-9.240251e+02
2.790000e-06	-3.681877e-06	-1.614412e-08	-2.625188e+01	-9.606863e+02
2.800000e-06	-3.787157e-06	-1.670705e-08	-2.700253e+01	-9.941045e+02
2.810000e-06	-3.891157e-06	-1.722263e-08	-2.774405e+01	-1.024529e+03
2.820000e-06	-3.993710e-06	-1.769277e-08	-2.847526e+01	-1.052234e+03
2.830000e-06	-4.094602e-06	-1.811820e-08	-2.919462e+01	-1.077524e+03
2.840000e-06	-4.193957e-06	-1.850769e-08	-2.990302e+01	-1.100715e+03
2.850000e-06	-4.291932e-06	-1.886995e-08	-3.060159e+01	-1.122100e+03
2.860000e-06	-4.388480e-06	-1.920858e-08	-3.128997e+01	-1.141922e+03
2.870000e-06	-4.483519e-06	-1.952249e-08	-3.196761e+01	-1.160355e+03
2.880000e-06	-4.576900e-06	-1.980946e-08	-3.263341e+01	-1.177515e+03
2.890000e-06	-4.668593e-06	-2.007608e-08	-3.328719e+01	-1.193473e+03
2.900000e-06	-4.758760e-06	-2.032807e-08	-3.393008e+01	-1.208293e+03
2.910000e-06	-4.847300e-06	-2.056189e-08	-3.456138e+01	-1.222049e+03
2.920000e-06	-4.934077e-06	-2.077507e-08	-3.518010e+01	-1.234842e+03
2.930000e-06	-5.018996e-06	-2.097496e-08	-3.578557e+01	-1.246787e+03
2.940000e-06	-5.102118e-06	-2.116765e-08	-3.637824e+01	-1.258004e+03
2.950000e-06	-5.183540e-06	-2.135039e-08	-3.695877e+01	-1.268592e+03
2.960000e-06	-5.263192e-06	-2.151961e-08	-3.752669e+01	-1.278614e+03
2.970000e-06	-5.340805e-06	-2.167849e-08	-3.808008e+01	-1.288099e+03
2.980000e-06	-5.416199e-06	-2.183150e-08	-3.861764e+01	-1.297047e+03
2.990000e-06	-5.489569e-06	-2.197693e-08	-3.914077e+01	-1.305454e+03
3.000000e-06	-5.561021e-06	-2.211056e-08	-3.965022e+01	-1.313323e+03
3.010000e-06	-5.630447e-06	-2.223579e-08	-4.014523e+01	-1.320681e+03
3.020000e-06	-5.697782e-06	-2.235692e-08	-4.062533e+01	-1.327575e+03
3.030000e-06	-5.763158e-06	-2.247053e-08	-4.109147e+01	-1.334064e+03
3.040000e-06	-5.826640e-06	-2.257371e-08	-4.154410e+01	-1.340206e+03
3.050000e-06	-5.887984e-06	-2.266938e-08	-4.198147e+01	-1.346040e+03
3.060000e-06	-5.947080e-06	-2.276206e-08	-4.240283e+01	-1.351585e+03
3.070000e-06	-6.004115e-06	-2.285275e-08	-4.280949e+01	-1.356841e+03
3.080000e-06	-6.059139e-06	-2.293676e-08	-4.320182e+01	-1.361798e+03
3.090000e-06	-6.111836e-06	-2.301303e-08	-4.357755e+01	-1.366448e+03
3.100000e-06	-6.162024e-06	-2.308641e-08	-4.393539e+01	-1.370793e+03
3.110000e-06	-6.209629e-06	-2.315654e-08	-4.427482e+01	-1.374848e+03
3.120000e-06	-6.254846e-06	-2.322090e-08	-4.459722e+01	-1.378635e+03
3.130000e-06	-6.298120e-06	-2.328009e-08	-4.490575e+01	-1.382177e+03
3.140000e-06	-6.339429e-06	-2.333729e-08	-4.520029e+01	-1.385488e+03
3.150000e-06	-6.378672e-06	-2.339076e-08	-4.548010e+01	-1.388572e+03
3.160000e-06	-6.415602e-06	-2.343676e-08	-4.574341e+01	-1.391424e+03
3.170000e-06	-6.450188e-06	-2.347707e-08	-4.599001e+01	-1.394039e+03
3.180000e-06	-6.482563e-06	-2.351616e-08	-4.622084e+01	-1.396418e+03
3.190000e-06	-6.512555e-06	-2.355572e-08	-4.643468e+01	-1.398571e+03
3.200000e-06	-6.540153e-06	-2.359089e-08	-4.663146e+01	-1.400517e+03
3.210000e-06	-6.565501e-06	-2.361995e-08	-4.681219e+01	-1.402276e+03
3.220000e-06	-6.588606e-06	-2.364826e-08	-4.697693e+01	-1.403864e+03
3.230000e-06	-6.609300e-06	-2.367529e-08	-4.712448e+01	-1.405283e+03
3.240000e-06	-6.627631e-06	-2.369709e-08	-4.725518e+01	-1.406522e+03
3.250000e-06	-6.643677e-06	-2.371250e-08	-4.736959e+01	-1.407562e+03
3.260000e-06	-6.657137e-06	-2.372445e-08	-4.746556e+01	-1.408384e+03
3.270000e-06	-6.667972e-06	-2.373728e-08	-4.754281e+01	-1.408982e+03
3.280000e-06	-6.676482e-06	-2.374685e-08	-4.760349e+01	-1.409363e+03
3.290000e-06	-6.682608e-06	-2.375084e-08	-4.764716e+01	-1.409551e+03
3.300000e-06	-6.686291e-06	-2.374951e-08	-4.767343e+01	-1.409577e+03
3.310000e-06	-6.687767e-06	-2.374767e-08	-4.768395e+01	-1.409470e+03
