# Temperatura_=_65.6
# Concentracion g/m^3_=_22500.0
# C_Vs_to_Am_M_A/Vsm_=_59384043850.047264
# pendiente_HvsI_1/m_=_3716.3
# ordenada_HvsI_A/m_=_1297.0
# frecuencia_Hz_=_301412.8789630735

Tiempo_(s)	Campo_(V.s)	Magnetizacion_(V.s)	Campo_(kA/m)	Magnetizacion_(A/m)
0.000000e+00	-6.676270e-06	-2.295985e-08	-4.767556e+01	-1.362346e+03
1.000000e-08	-6.673646e-06	-2.294971e-08	-4.765683e+01	-1.362003e+03
2.000000e-08	-6.668763e-06	-2.294159e-08	-4.762195e+01	-1.361524e+03
3.000000e-08	-6.661798e-06	-2.293285e-08	-4.757222e+01	-1.360890e+03
4.000000e-08	-6.652753e-06	-2.292088e-08	-4.750763e+01	-1.360085e+03
5.000000e-08	-6.641374e-06	-2.290500e-08	-4.742637e+01	-1.359099e+03
6.000000e-08	-6.627530e-06	-2.288571e-08	-4.732751e+01	-1.357926e+03
7.000000e-08	-6.611236e-06	-2.287039e-08	-4.721115e+01	-1.356566e+03
8.000000e-08	-6.592563e-06	-2.284846e-08	-4.707781e+01	-1.355018e+03
9.000000e-08	-6.571563e-06	-2.277909e-08	-4.692784e+01	-1.353284e+03
1.000000e-07	-6.547995e-06	-2.272383e-08	-4.675954e+01	-1.351369e+03
1.100000e-07	-6.521730e-06	-2.271808e-08	-4.657198e+01	-1.349285e+03
1.200000e-07	-6.493108e-06	-2.270720e-08	-4.636759e+01	-1.347050e+03
1.300000e-07	-6.462623e-06	-2.267328e-08	-4.614990e+01	-1.344684e+03
1.400000e-07	-6.430541e-06	-2.265067e-08	-4.592080e+01	-1.342203e+03
1.500000e-07	-6.396580e-06	-2.259301e-08	-4.567828e+01	-1.339612e+03
1.600000e-07	-6.360327e-06	-2.251074e-08	-4.541940e+01	-1.336897e+03
1.700000e-07	-6.321964e-06	-2.250519e-08	-4.514545e+01	-1.334032e+03
1.800000e-07	-6.281475e-06	-2.241576e-08	-4.485631e+01	-1.330981e+03
1.900000e-07	-6.238492e-06	-2.233878e-08	-4.454937e+01	-1.327712e+03
2.000000e-07	-6.193235e-06	-2.232548e-08	-4.422619e+01	-1.324208e+03
2.100000e-07	-6.145854e-06	-2.225556e-08	-4.388784e+01	-1.320473e+03
2.200000e-07	-6.096009e-06	-2.221323e-08	-4.353189e+01	-1.316534e+03
2.300000e-07	-6.043572e-06	-2.211861e-08	-4.315743e+01	-1.312429e+03
2.400000e-07	-5.988674e-06	-2.202559e-08	-4.276541e+01	-1.308191e+03
2.500000e-07	-5.931522e-06	-2.197322e-08	-4.235728e+01	-1.303838e+03
2.600000e-07	-5.872166e-06	-2.188454e-08	-4.193342e+01	-1.299360e+03
2.700000e-07	-5.810695e-06	-2.181330e-08	-4.149445e+01	-1.294724e+03
2.800000e-07	-5.747292e-06	-2.173803e-08	-4.104169e+01	-1.289886e+03
2.900000e-07	-5.681825e-06	-2.165753e-08	-4.057419e+01	-1.284806e+03
3.000000e-07	-5.614136e-06	-2.156559e-08	-4.009081e+01	-1.279461e+03
3.100000e-07	-5.544349e-06	-2.145902e-08	-3.959246e+01	-1.273860e+03
3.200000e-07	-5.472644e-06	-2.136273e-08	-3.908041e+01	-1.268030e+03
3.300000e-07	-5.398965e-06	-2.125009e-08	-3.855427e+01	-1.262012e+03
3.400000e-07	-5.323141e-06	-2.116650e-08	-3.801280e+01	-1.255836e+03
3.500000e-07	-5.245132e-06	-2.106833e-08	-3.745574e+01	-1.249509e+03
3.600000e-07	-5.164954e-06	-2.094832e-08	-3.688318e+01	-1.243011e+03
3.700000e-07	-5.082786e-06	-2.083698e-08	-3.629642e+01	-1.236296e+03
3.800000e-07	-4.998925e-06	-2.070833e-08	-3.569756e+01	-1.229316e+03
3.900000e-07	-4.913494e-06	-2.058097e-08	-3.508749e+01	-1.222031e+03
4.000000e-07	-4.826523e-06	-2.044619e-08	-3.446643e+01	-1.214428e+03
4.100000e-07	-4.737968e-06	-2.032214e-08	-3.383406e+01	-1.206523e+03
4.200000e-07	-4.647651e-06	-2.019399e-08	-3.318910e+01	-1.198353e+03
4.300000e-07	-4.555605e-06	-2.005766e-08	-3.253179e+01	-1.189957e+03
4.400000e-07	-4.461939e-06	-1.991639e-08	-3.186292e+01	-1.181361e+03
4.500000e-07	-4.366694e-06	-1.975930e-08	-3.118277e+01	-1.172564e+03
4.600000e-07	-4.269842e-06	-1.960458e-08	-3.049115e+01	-1.163540e+03
4.700000e-07	-4.171391e-06	-1.944354e-08	-2.978810e+01	-1.154246e+03
4.800000e-07	-4.071392e-06	-1.928120e-08	-2.907401e+01	-1.144641e+03
4.900000e-07	-3.969888e-06	-1.911664e-08	-2.834916e+01	-1.134703e+03
5.000000e-07	-3.867061e-06	-1.895110e-08	-2.761487e+01	-1.124433e+03
5.100000e-07	-3.762921e-06	-1.877599e-08	-2.687120e+01	-1.113856e+03
5.200000e-07	-3.657379e-06	-1.859152e-08	-2.611752e+01	-1.103002e+03
5.300000e-07	-3.550447e-06	-1.840601e-08	-2.535391e+01	-1.091896e+03
5.400000e-07	-3.442182e-06	-1.821171e-08	-2.458078e+01	-1.080538e+03
5.500000e-07	-3.332708e-06	-1.801173e-08	-2.379903e+01	-1.068904e+03
5.600000e-07	-3.222152e-06	-1.780682e-08	-2.300954e+01	-1.056955e+03
5.700000e-07	-3.110505e-06	-1.760194e-08	-2.221226e+01	-1.044651e+03
5.800000e-07	-2.997691e-06	-1.738997e-08	-2.140665e+01	-1.031971e+03
5.900000e-07	-2.883638e-06	-1.716987e-08	-2.059220e+01	-1.018919e+03
6.000000e-07	-2.768401e-06	-1.694370e-08	-1.976929e+01	-1.005523e+03
6.100000e-07	-2.652099e-06	-1.671370e-08	-1.893877e+01	-9.918174e+02
6.200000e-07	-2.534703e-06	-1.648036e-08	-1.810043e+01	-9.778289e+02
6.300000e-07	-2.416326e-06	-1.623989e-08	-1.725510e+01	-9.635575e+02
6.400000e-07	-2.297186e-06	-1.599176e-08	-1.640431e+01	-9.489738e+02
6.500000e-07	-2.177306e-06	-1.573657e-08	-1.554825e+01	-9.340282e+02
6.600000e-07	-2.056630e-06	-1.547565e-08	-1.468649e+01	-9.186701e+02
6.700000e-07	-1.935081e-06	-1.520651e-08	-1.381851e+01	-9.028682e+02
6.800000e-07	-1.812744e-06	-1.493232e-08	-1.294489e+01	-8.866226e+02
6.900000e-07	-1.689803e-06	-1.465524e-08	-1.206697e+01	-8.699617e+02
7.000000e-07	-1.566288e-06	-1.437533e-08	-1.118494e+01	-8.529251e+02
7.100000e-07	-1.442224e-06	-1.408546e-08	-1.029899e+01	-8.355386e+02
7.200000e-07	-1.317659e-06	-1.378524e-08	-9.409468e+00	-8.177931e+02
7.300000e-07	-1.192618e-06	-1.347524e-08	-8.516545e+00	-7.996378e+02
7.400000e-07	-1.067090e-06	-1.315514e-08	-7.620140e+00	-7.809910e+02
7.500000e-07	-9.411537e-07	-1.282665e-08	-6.720824e+00	-7.617658e+02
7.600000e-07	-8.149225e-07	-1.249069e-08	-5.819401e+00	-7.418994e+02
7.700000e-07	-6.884624e-07	-1.215149e-08	-4.916343e+00	-7.213699e+02
7.800000e-07	-5.618186e-07	-1.180393e-08	-4.011973e+00	-7.001928e+02
7.900000e-07	-4.350302e-07	-1.144148e-08	-3.106571e+00	-6.783931e+02
8.000000e-07	-3.081197e-07	-1.106112e-08	-2.200298e+00	-6.559635e+02
8.100000e-07	-1.811199e-07	-1.066337e-08	-1.293386e+00	-6.328245e+02
8.200000e-07	-5.407591e-08	-1.025100e-08	-3.861586e-01	-6.088052e+02
8.300000e-07	7.298007e-08	-9.823569e-09	5.211541e-01	-5.836565e+02
8.400000e-07	2.000076e-07	-9.376163e-09	1.428264e+00	-5.570920e+02
8.500000e-07	3.269752e-07	-8.903167e-09	2.334945e+00	-5.288429e+02
8.600000e-07	4.538910e-07	-8.399172e-09	3.241258e+00	-4.986996e+02
8.700000e-07	5.806916e-07	-7.858641e-09	4.146747e+00	-4.665158e+02
8.800000e-07	7.072625e-07	-7.276843e-09	5.050595e+00	-4.321640e+02
8.900000e-07	8.335985e-07	-6.653137e-09	5.952766e+00	-3.954479e+02
9.000000e-07	9.596679e-07	-5.984406e-09	6.853034e+00	-3.560023e+02
9.100000e-07	1.085425e-06	-5.258873e-09	7.751069e+00	-3.132230e+02
9.200000e-07	1.210813e-06	-4.461962e-09	8.646471e+00	-2.662657e+02
9.300000e-07	1.335788e-06	-3.577691e-09	9.538925e+00	-2.141425e+02
9.400000e-07	1.460301e-06	-2.592496e-09	1.042808e+01	-1.559091e+02
9.500000e-07	1.584287e-06	-1.493700e-09	1.131347e+01	-9.090934e+01
9.600000e-07	1.707725e-06	-2.782015e-10	1.219494e+01	-1.901620e+01
9.700000e-07	1.830582e-06	1.045498e-09	1.307228e+01	5.919912e+01
9.800000e-07	1.952666e-06	2.456322e-09	1.394408e+01	1.424240e+02
9.900000e-07	2.073883e-06	3.920116e-09	1.480970e+01	2.287120e+02
1.000000e-06	2.194346e-06	5.393056e-09	1.566993e+01	3.157245e+02
1.010000e-06	2.314054e-06	6.830879e-09	1.652477e+01	4.010549e+02
1.020000e-06	2.432994e-06	8.199669e-09	1.737413e+01	4.825595e+02
1.030000e-06	2.551100e-06	9.472850e-09	1.821753e+01	5.586199e+02
1.040000e-06	2.668193e-06	1.063744e-08	1.905369e+01	6.282825e+02
1.050000e-06	2.784220e-06	1.169050e-08	1.988225e+01	6.912558e+02
1.060000e-06	2.899126e-06	1.263927e-08	2.070280e+01	7.477853e+02
1.070000e-06	3.012795e-06	1.349421e-08	2.151452e+01	7.984538e+02
1.080000e-06	3.125302e-06	1.426252e-08	2.231793e+01	8.439713e+02
1.090000e-06	3.236756e-06	1.495281e-08	2.311383e+01	8.850072e+02
1.100000e-06	3.347168e-06	1.557390e-08	2.390229e+01	9.220987e+02
1.110000e-06	3.456437e-06	1.613174e-08	2.468258e+01	9.556396e+02
1.120000e-06	3.564508e-06	1.663274e-08	2.545432e+01	9.859264e+02
1.130000e-06	3.671327e-06	1.708512e-08	2.621712e+01	1.013227e+03
1.140000e-06	3.776689e-06	1.749615e-08	2.696951e+01	1.037835e+03
1.150000e-06	3.880577e-06	1.787243e-08	2.771139e+01	1.060092e+03
1.160000e-06	3.983129e-06	1.821874e-08	2.844371e+01	1.080369e+03
1.170000e-06	4.084298e-06	1.853786e-08	2.916617e+01	1.099016e+03
1.180000e-06	4.184052e-06	1.882988e-08	2.987851e+01	1.116322e+03
1.190000e-06	4.282235e-06	1.909821e-08	3.057965e+01	1.132482e+03
1.200000e-06	4.378737e-06	1.934764e-08	3.126877e+01	1.147598e+03
1.210000e-06	4.473699e-06	1.958001e-08	3.194689e+01	1.161707e+03
1.220000e-06	4.567188e-06	1.979657e-08	3.261450e+01	1.174825e+03
1.230000e-06	4.659182e-06	2.000028e-08	3.327144e+01	1.186990e+03
1.240000e-06	4.749454e-06	2.019233e-08	3.391607e+01	1.198280e+03
1.250000e-06	4.837884e-06	2.037258e-08	3.454756e+01	1.208812e+03
1.260000e-06	4.924610e-06	2.054131e-08	3.516687e+01	1.218720e+03
1.270000e-06	5.009734e-06	2.069946e-08	3.577475e+01	1.228119e+03
1.280000e-06	5.093175e-06	2.084718e-08	3.637060e+01	1.237084e+03
1.290000e-06	5.174719e-06	2.098451e-08	3.695292e+01	1.245639e+03
1.300000e-06	5.254337e-06	2.111627e-08	3.752147e+01	1.253770e+03
1.310000e-06	5.332033e-06	2.124278e-08	3.807631e+01	1.261446e+03
1.320000e-06	5.407737e-06	2.136306e-08	3.861691e+01	1.268652e+03
1.330000e-06	5.481342e-06	2.147655e-08	3.914253e+01	1.275404e+03
1.340000e-06	5.552926e-06	2.158551e-08	3.965371e+01	1.281750e+03
1.350000e-06	5.622612e-06	2.169077e-08	4.015134e+01	1.287761e+03
1.360000e-06	5.690340e-06	2.178749e-08	4.063499e+01	1.293506e+03
1.370000e-06	5.756002e-06	2.187751e-08	4.110389e+01	1.299030e+03
1.380000e-06	5.819602e-06	2.196353e-08	4.155805e+01	1.304346e+03
1.390000e-06	5.881281e-06	2.204559e-08	4.199851e+01	1.309436e+03
1.400000e-06	5.940996e-06	2.212370e-08	4.242494e+01	1.314265e+03
1.410000e-06	5.998522e-06	2.219882e-08	4.283573e+01	1.318803e+03
1.420000e-06	6.053827e-06	2.227229e-08	4.323067e+01	1.323039e+03
1.430000e-06	6.106857e-06	2.234321e-08	4.360936e+01	1.326986e+03
1.440000e-06	6.157307e-06	2.240919e-08	4.396962e+01	1.330681e+03
1.450000e-06	6.205241e-06	2.246957e-08	4.431192e+01	1.334163e+03
1.460000e-06	6.251065e-06	2.252434e-08	4.463915e+01	1.337463e+03
1.470000e-06	6.294786e-06	2.257430e-08	4.495137e+01	1.340593e+03
1.480000e-06	6.336093e-06	2.262024e-08	4.524634e+01	1.343541e+03
1.490000e-06	6.375051e-06	2.266318e-08	4.552455e+01	1.346284e+03
1.500000e-06	6.411955e-06	2.270485e-08	4.578808e+01	1.348801e+03
1.510000e-06	6.446600e-06	2.274501e-08	4.603548e+01	1.351081e+03
1.520000e-06	6.478832e-06	2.278206e-08	4.626565e+01	1.353135e+03
1.530000e-06	6.508915e-06	2.281463e-08	4.648048e+01	1.354989e+03
1.540000e-06	6.536827e-06	2.284266e-08	4.667979e+01	1.356674e+03
1.550000e-06	6.562294e-06	2.286657e-08	4.686166e+01	1.358214e+03
1.560000e-06	6.585375e-06	2.288767e-08	4.702648e+01	1.359618e+03
1.570000e-06	6.606338e-06	2.290604e-08	4.717617e+01	1.360876e+03
1.580000e-06	6.625033e-06	2.292190e-08	4.730968e+01	1.361966e+03
1.590000e-06	6.641228e-06	2.293661e-08	4.742532e+01	1.362863e+03
1.600000e-06	6.655017e-06	2.294858e-08	4.752380e+01	1.363553e+03
1.610000e-06	6.666226e-06	2.295654e-08	4.760383e+01	1.364036e+03
1.620000e-06	6.674791e-06	2.296091e-08	4.766500e+01	1.364329e+03
1.630000e-06	6.681051e-06	2.296205e-08	4.770971e+01	1.364460e+03
1.640000e-06	6.685125e-06	2.296058e-08	4.773880e+01	1.364456e+03
1.650000e-06	6.686799e-06	2.295759e-08	4.775075e+01	1.364334e+03
1.660000e-06	6.686105e-06	2.295447e-08	4.774580e+01	1.364100e+03
1.670000e-06	6.683290e-06	2.295256e-08	4.772570e+01	1.363743e+03
1.680000e-06	6.678163e-06	2.294445e-08	4.768908e+01	1.363248e+03
1.690000e-06	6.670788e-06	2.293119e-08	4.763641e+01	1.362596e+03
1.700000e-06	6.661340e-06	2.291459e-08	4.756895e+01	1.361772e+03
1.710000e-06	6.649609e-06	2.289392e-08	4.748518e+01	1.360765e+03
1.720000e-06	6.635520e-06	2.286755e-08	4.738456e+01	1.359573e+03
1.730000e-06	6.619360e-06	2.283756e-08	4.726916e+01	1.358192e+03
1.740000e-06	6.601211e-06	2.285241e-08	4.713956e+01	1.356624e+03
1.750000e-06	6.580376e-06	2.285695e-08	4.699078e+01	1.354869e+03
1.760000e-06	6.556303e-06	2.279548e-08	4.681887e+01	1.352935e+03
1.770000e-06	6.529488e-06	2.273079e-08	4.662738e+01	1.350834e+03
1.780000e-06	6.500369e-06	2.266866e-08	4.641945e+01	1.348584e+03
1.790000e-06	6.469319e-06	2.260683e-08	4.619771e+01	1.346205e+03
1.800000e-06	6.436762e-06	2.263545e-08	4.596523e+01	1.343712e+03
1.810000e-06	6.402316e-06	2.258367e-08	4.571925e+01	1.341107e+03
1.820000e-06	6.365539e-06	2.247319e-08	4.545662e+01	1.338378e+03
1.830000e-06	6.326597e-06	2.250444e-08	4.517853e+01	1.335494e+03
1.840000e-06	6.285458e-06	2.242681e-08	4.488476e+01	1.332421e+03
1.850000e-06	6.242166e-06	2.235985e-08	4.457561e+01	1.329127e+03
1.860000e-06	6.196722e-06	2.230552e-08	4.425109e+01	1.325597e+03
1.870000e-06	6.148847e-06	2.217637e-08	4.390921e+01	1.321839e+03
1.880000e-06	6.098789e-06	2.219238e-08	4.355175e+01	1.317880e+03
1.890000e-06	6.046298e-06	2.212839e-08	4.317690e+01	1.313759e+03
1.900000e-06	5.991304e-06	2.203611e-08	4.278419e+01	1.309508e+03
1.910000e-06	5.934224e-06	2.197358e-08	4.237658e+01	1.305142e+03
1.920000e-06	5.874966e-06	2.185583e-08	4.195341e+01	1.300648e+03
1.930000e-06	5.813514e-06	2.182869e-08	4.151458e+01	1.295993e+03
1.940000e-06	5.749903e-06	2.171293e-08	4.106033e+01	1.291131e+03
1.950000e-06	5.684286e-06	2.160928e-08	4.059176e+01	1.286022e+03
1.960000e-06	5.616641e-06	2.155534e-08	4.010870e+01	1.280649e+03
1.970000e-06	5.546711e-06	2.146644e-08	3.960933e+01	1.275021e+03
1.980000e-06	5.474703e-06	2.139892e-08	3.909512e+01	1.269169e+03
1.990000e-06	5.400743e-06	2.122970e-08	3.856696e+01	1.263132e+03
2.000000e-06	5.324656e-06	2.113778e-08	3.802363e+01	1.256940e+03
2.010000e-06	5.246418e-06	2.104957e-08	3.746492e+01	1.250596e+03
2.020000e-06	5.166255e-06	2.092772e-08	3.689247e+01	1.244076e+03
2.030000e-06	5.084386e-06	2.082090e-08	3.630784e+01	1.237336e+03
2.040000e-06	5.000672e-06	2.068576e-08	3.571004e+01	1.230324e+03
2.050000e-06	4.915039e-06	2.061076e-08	3.509853e+01	1.223005e+03
2.060000e-06	4.827607e-06	2.046856e-08	3.447417e+01	1.215368e+03
2.070000e-06	4.738561e-06	2.031580e-08	3.383829e+01	1.207432e+03
2.080000e-06	4.647976e-06	2.016413e-08	3.319142e+01	1.199236e+03
2.090000e-06	4.555654e-06	2.003545e-08	3.253214e+01	1.190817e+03
2.100000e-06	4.461643e-06	1.991241e-08	3.186081e+01	1.182199e+03
2.110000e-06	4.366075e-06	1.973782e-08	3.117835e+01	1.173380e+03
2.120000e-06	4.269027e-06	1.958983e-08	3.048532e+01	1.164329e+03
2.130000e-06	4.170578e-06	1.943642e-08	2.978229e+01	1.155003e+03
2.140000e-06	4.070551e-06	1.928512e-08	2.906800e+01	1.145363e+03
2.150000e-06	3.968909e-06	1.909921e-08	2.834217e+01	1.135388e+03
2.160000e-06	3.865796e-06	1.891717e-08	2.760584e+01	1.125084e+03
2.170000e-06	3.761253e-06	1.875300e-08	2.685929e+01	1.114475e+03
2.180000e-06	3.655484e-06	1.857987e-08	2.610399e+01	1.103593e+03
2.190000e-06	3.548643e-06	1.838837e-08	2.534103e+01	1.092460e+03
2.200000e-06	3.440532e-06	1.818244e-08	2.456900e+01	1.081074e+03
2.210000e-06	3.331089e-06	1.799312e-08	2.378747e+01	1.069408e+03
2.220000e-06	3.220355e-06	1.779820e-08	2.299671e+01	1.057422e+03
2.230000e-06	3.108390e-06	1.758718e-08	2.219716e+01	1.045078e+03
2.240000e-06	2.995344e-06	1.736159e-08	2.138990e+01	1.032358e+03
2.250000e-06	2.881204e-06	1.715041e-08	2.057482e+01	1.019267e+03
2.260000e-06	2.765869e-06	1.693449e-08	1.975120e+01	1.005835e+03
2.270000e-06	2.649268e-06	1.670039e-08	1.891855e+01	9.920983e+02
2.280000e-06	2.531565e-06	1.645160e-08	1.807803e+01	9.780797e+02
2.290000e-06	2.412999e-06	1.621314e-08	1.723134e+01	9.637765e+02
2.300000e-06	2.293547e-06	1.598012e-08	1.637833e+01	9.491563e+02
2.310000e-06	2.173220e-06	1.572484e-08	1.551907e+01	9.341684e+02
2.320000e-06	2.052189e-06	1.545730e-08	1.465478e+01	9.187634e+02
2.330000e-06	1.930546e-06	1.519002e-08	1.378612e+01	9.029131e+02
2.340000e-06	1.808285e-06	1.492802e-08	1.291305e+01	8.866209e+02
2.350000e-06	1.685377e-06	1.464557e-08	1.203536e+01	8.699176e+02
2.360000e-06	1.561863e-06	1.434935e-08	1.115334e+01	8.528425e+02
2.370000e-06	1.437742e-06	1.405593e-08	1.026698e+01	8.354183e+02
2.380000e-06	1.312999e-06	1.376633e-08	9.376191e+00	8.176318e+02
2.390000e-06	1.187710e-06	1.346223e-08	8.481494e+00	7.994278e+02
2.400000e-06	1.062017e-06	1.313668e-08	7.583917e+00	7.807226e+02
2.410000e-06	9.360245e-07	1.280828e-08	6.684195e+00	7.614309e+02
2.420000e-06	8.097025e-07	1.247775e-08	5.782124e+00	7.414933e+02
2.430000e-06	6.830661e-07	1.213392e-08	4.877807e+00	7.208929e+02
2.440000e-06	5.562095e-07	1.177117e-08	3.971919e+00	6.996478e+02
2.450000e-06	4.291567e-07	1.140385e-08	3.064628e+00	6.777817e+02
2.460000e-06	3.019335e-07	1.103453e-08	2.156122e+00	6.552812e+02
2.470000e-06	1.745809e-07	1.064889e-08	1.246691e+00	6.320573e+02
2.480000e-06	4.714307e-08	1.023679e-08	3.366509e-01	6.079298e+02
2.490000e-06	-8.029297e-08	9.801473e-09	-5.733759e-01	5.826429e+02
2.500000e-06	-2.076435e-07	9.351516e-09	-1.482792e+00	5.559097e+02
2.510000e-06	-3.348730e-07	8.878299e-09	-2.391344e+00	5.274661e+02
2.520000e-06	-4.620037e-07	8.370474e-09	-3.299190e+00	4.971099e+02
2.530000e-06	-5.889849e-07	7.828754e-09	-4.205970e+00	4.647001e+02
2.540000e-06	-7.157592e-07	7.255029e-09	-5.111271e+00	4.301062e+02
2.550000e-06	-8.422794e-07	6.640449e-09	-6.014757e+00	3.931186e+02
2.560000e-06	-9.684563e-07	5.967655e-09	-6.915793e+00	3.533490e+02
2.570000e-06	-1.094285e-06	5.231435e-09	-7.814341e+00	3.101658e+02
2.580000e-06	-1.219795e-06	4.430152e-09	-8.710616e+00	2.627031e+02
2.590000e-06	-1.344891e-06	3.549462e-09	-9.603933e+00	2.099671e+02
2.600000e-06	-1.469450e-06	2.569716e-09	-1.049341e+01	1.510323e+02
2.610000e-06	-1.593322e-06	1.476086e-09	-1.137799e+01	8.528853e+01
2.620000e-06	-1.716484e-06	2.688391e-10	-1.225750e+01	1.267715e+01
2.630000e-06	-1.839035e-06	-1.043400e-09	-1.313264e+01	-6.615063e+01
2.640000e-06	-1.960973e-06	-2.448557e-09	-1.400340e+01	-1.498065e+02
2.650000e-06	-2.082288e-06	-3.913789e-09	-1.486972e+01	-2.362883e+02
2.660000e-06	-2.202923e-06	-5.386561e-09	-1.573118e+01	-3.232340e+02
2.670000e-06	-2.322724e-06	-6.817486e-09	-1.658668e+01	-4.082499e+02
2.680000e-06	-2.441543e-06	-8.177355e-09	-1.743517e+01	-4.892378e+02
2.690000e-06	-2.559496e-06	-9.446091e-09	-1.827748e+01	-5.646465e+02
2.700000e-06	-2.676536e-06	-1.060661e-08	-1.911327e+01	-6.335957e+02
2.710000e-06	-2.792385e-06	-1.165369e-08	-1.994056e+01	-6.958594e+02
2.720000e-06	-2.907048e-06	-1.259743e-08	-2.075937e+01	-7.517294e+02
2.730000e-06	-3.020585e-06	-1.345308e-08	-2.157014e+01	-8.018119e+02
2.740000e-06	-3.132898e-06	-1.422332e-08	-2.237217e+01	-8.468194e+02
2.750000e-06	-3.243851e-06	-1.491146e-08	-2.316449e+01	-8.874099e+02
2.760000e-06	-3.353518e-06	-1.552948e-08	-2.394763e+01	-9.241047e+02
2.770000e-06	-3.462026e-06	-1.609048e-08	-2.472249e+01	-9.572842e+02
2.780000e-06	-3.569380e-06	-1.659640e-08	-2.548911e+01	-9.872384e+02
2.790000e-06	-3.675624e-06	-1.704782e-08	-2.624780e+01	-1.014236e+03
2.800000e-06	-3.780724e-06	-1.745529e-08	-2.699833e+01	-1.038575e+03
2.810000e-06	-3.884478e-06	-1.783087e-08	-2.773924e+01	-1.060603e+03
2.820000e-06	-3.986818e-06	-1.817796e-08	-2.847006e+01	-1.080689e+03
2.830000e-06	-4.087615e-06	-1.849396e-08	-2.918985e+01	-1.099180e+03
2.840000e-06	-4.186794e-06	-1.878324e-08	-2.989809e+01	-1.116357e+03
2.850000e-06	-4.284564e-06	-1.905416e-08	-3.059627e+01	-1.132402e+03
2.860000e-06	-4.380982e-06	-1.930812e-08	-3.128480e+01	-1.147409e+03
2.870000e-06	-4.475902e-06	-1.954227e-08	-3.196263e+01	-1.161411e+03
2.880000e-06	-4.569163e-06	-1.975756e-08	-3.262861e+01	-1.174425e+03
2.890000e-06	-4.660727e-06	-1.995916e-08	-3.328247e+01	-1.186492e+03
2.900000e-06	-4.750722e-06	-2.015247e-08	-3.392513e+01	-1.197695e+03
2.910000e-06	-4.839104e-06	-2.033461e-08	-3.455627e+01	-1.208154e+03
2.920000e-06	-4.925708e-06	-2.050338e-08	-3.517471e+01	-1.218003e+03
2.930000e-06	-5.010435e-06	-2.066338e-08	-3.577975e+01	-1.227353e+03
2.940000e-06	-5.093329e-06	-2.081801e-08	-3.637170e+01	-1.236274e+03
2.950000e-06	-5.174577e-06	-2.096353e-08	-3.695190e+01	-1.244785e+03
2.960000e-06	-5.254086e-06	-2.109690e-08	-3.751968e+01	-1.252869e+03
2.970000e-06	-5.331517e-06	-2.122295e-08	-3.807262e+01	-1.260495e+03
2.980000e-06	-5.406765e-06	-2.134573e-08	-3.860997e+01	-1.267652e+03
2.990000e-06	-5.480018e-06	-2.146273e-08	-3.913307e+01	-1.274358e+03
3.000000e-06	-5.551411e-06	-2.157102e-08	-3.964289e+01	-1.280665e+03
3.010000e-06	-5.620752e-06	-2.167357e-08	-4.013806e+01	-1.286644e+03
3.020000e-06	-5.687949e-06	-2.177420e-08	-4.061791e+01	-1.292364e+03
3.030000e-06	-5.753224e-06	-2.187019e-08	-4.108405e+01	-1.297866e+03
3.040000e-06	-5.816629e-06	-2.195716e-08	-4.153683e+01	-1.303160e+03
3.050000e-06	-5.877915e-06	-2.203746e-08	-4.197447e+01	-1.308224e+03
3.060000e-06	-5.936973e-06	-2.211747e-08	-4.239621e+01	-1.313023e+03
3.070000e-06	-5.993954e-06	-2.219631e-08	-4.280311e+01	-1.317529e+03
3.080000e-06	-6.048896e-06	-2.226689e-08	-4.319545e+01	-1.321733e+03
3.090000e-06	-6.101488e-06	-2.233087e-08	-4.357102e+01	-1.325652e+03
3.100000e-06	-6.151540e-06	-2.239518e-08	-4.392844e+01	-1.329322e+03
3.110000e-06	-6.199070e-06	-2.245591e-08	-4.426785e+01	-1.332784e+03
3.120000e-06	-6.244266e-06	-2.250914e-08	-4.459060e+01	-1.336066e+03
3.130000e-06	-6.287483e-06	-2.255780e-08	-4.489921e+01	-1.339177e+03
3.140000e-06	-6.328713e-06	-2.260783e-08	-4.519364e+01	-1.342105e+03
3.150000e-06	-6.367842e-06	-2.265702e-08	-4.547306e+01	-1.344825e+03
3.160000e-06	-6.404640e-06	-2.269917e-08	-4.573584e+01	-1.347317e+03
3.170000e-06	-6.439109e-06	-2.273529e-08	-4.598198e+01	-1.349572e+03
3.180000e-06	-6.471408e-06	-2.277090e-08	-4.621264e+01	-1.351604e+03
3.190000e-06	-6.501394e-06	-2.280685e-08	-4.642676e+01	-1.353439e+03
3.200000e-06	-6.529019e-06	-2.283679e-08	-4.662404e+01	-1.355107e+03
3.210000e-06	-6.554382e-06	-2.285963e-08	-4.680515e+01	-1.356633e+03
3.220000e-06	-6.577448e-06	-2.288159e-08	-4.696987e+01	-1.358023e+03
3.230000e-06	-6.598079e-06	-2.290369e-08	-4.711720e+01	-1.359264e+03
3.240000e-06	-6.616360e-06	-2.292171e-08	-4.724774e+01	-1.360335e+03
3.250000e-06	-6.632397e-06	-2.293563e-08	-4.736226e+01	-1.361210e+03
3.260000e-06	-6.645914e-06	-2.294909e-08	-4.745879e+01	-1.361878e+03
3.270000e-06	-6.656791e-06	-2.296305e-08	-4.753646e+01	-1.362340e+03
3.280000e-06	-6.665317e-06	-2.297137e-08	-4.759735e+01	-1.362615e+03
3.290000e-06	-6.671506e-06	-2.297386e-08	-4.764154e+01	-1.362730e+03
3.300000e-06	-6.675275e-06	-2.297189e-08	-4.766846e+01	-1.362713e+03
3.310000e-06	-6.676778e-06	-2.296734e-08	-4.767919e+01	-1.362580e+03
