# Temperatura_=_47.8
# Concentracion g/m^3_=_22500.0
# C_Vs_to_Am_M_A/Vsm_=_59384043850.047264
# pendiente_HvsI_1/m_=_3716.3
# ordenada_HvsI_A/m_=_1297.0
# frecuencia_Hz_=_301413.38428453833

Tiempo_(s)	Campo_(V.s)	Magnetizacion_(V.s)	Campo_(kA/m)	Magnetizacion_(A/m)
0.000000e+00	-6.702909e-06	-2.351692e-08	-4.767600e+01	-1.395190e+03
1.000000e-08	-6.700272e-06	-2.351024e-08	-4.765725e+01	-1.394896e+03
2.000000e-08	-6.695287e-06	-2.350381e-08	-4.762179e+01	-1.394518e+03
3.000000e-08	-6.688176e-06	-2.349276e-08	-4.757121e+01	-1.394008e+03
4.000000e-08	-6.678924e-06	-2.347847e-08	-4.750540e+01	-1.393311e+03
5.000000e-08	-6.667277e-06	-2.346403e-08	-4.742256e+01	-1.392381e+03
6.000000e-08	-6.653105e-06	-2.344695e-08	-4.732176e+01	-1.391198e+03
7.000000e-08	-6.636521e-06	-2.343020e-08	-4.720380e+01	-1.389774e+03
8.000000e-08	-6.617649e-06	-2.340102e-08	-4.706957e+01	-1.388146e+03
9.000000e-08	-6.596424e-06	-2.334418e-08	-4.691860e+01	-1.386362e+03
1.000000e-07	-6.572556e-06	-2.329982e-08	-4.674883e+01	-1.384461e+03
1.100000e-07	-6.546008e-06	-2.328767e-08	-4.656001e+01	-1.382460e+03
1.200000e-07	-6.517166e-06	-2.327037e-08	-4.635487e+01	-1.380353e+03
1.300000e-07	-6.486472e-06	-2.323533e-08	-4.613655e+01	-1.378114e+03
1.400000e-07	-6.454195e-06	-2.320314e-08	-4.590696e+01	-1.375710e+03
1.500000e-07	-6.419993e-06	-2.315703e-08	-4.566370e+01	-1.373112e+03
1.600000e-07	-6.383502e-06	-2.308590e-08	-4.540415e+01	-1.370308e+03
1.700000e-07	-6.344992e-06	-2.305299e-08	-4.513023e+01	-1.367301e+03
1.800000e-07	-6.304263e-06	-2.298270e-08	-4.484054e+01	-1.364107e+03
1.900000e-07	-6.260978e-06	-2.290921e-08	-4.453267e+01	-1.360743e+03
2.000000e-07	-6.215431e-06	-2.288446e-08	-4.420870e+01	-1.357222e+03
2.100000e-07	-6.167678e-06	-2.281857e-08	-4.386905e+01	-1.353543e+03
2.200000e-07	-6.117399e-06	-2.275439e-08	-4.351142e+01	-1.349698e+03
2.300000e-07	-6.064544e-06	-2.267825e-08	-4.313548e+01	-1.345671e+03
2.400000e-07	-6.009318e-06	-2.259979e-08	-4.274267e+01	-1.341449e+03
2.500000e-07	-5.951867e-06	-2.252887e-08	-4.233404e+01	-1.337022e+03
2.600000e-07	-5.892198e-06	-2.244538e-08	-4.190963e+01	-1.332391e+03
2.700000e-07	-5.830424e-06	-2.237003e-08	-4.147025e+01	-1.327562e+03
2.800000e-07	-5.766695e-06	-2.228491e-08	-4.101696e+01	-1.322541e+03
2.900000e-07	-5.700869e-06	-2.219998e-08	-4.054876e+01	-1.317332e+03
3.000000e-07	-5.632875e-06	-2.211082e-08	-4.006514e+01	-1.311934e+03
3.100000e-07	-5.562786e-06	-2.200647e-08	-3.956661e+01	-1.306339e+03
3.200000e-07	-5.490744e-06	-2.191057e-08	-3.905419e+01	-1.300541e+03
3.300000e-07	-5.416724e-06	-2.180830e-08	-3.852771e+01	-1.294532e+03
3.400000e-07	-5.340524e-06	-2.170632e-08	-3.798573e+01	-1.288307e+03
3.500000e-07	-5.262153e-06	-2.159708e-08	-3.742829e+01	-1.281864e+03
3.600000e-07	-5.181613e-06	-2.147903e-08	-3.685543e+01	-1.275199e+03
3.700000e-07	-5.099083e-06	-2.136446e-08	-3.626841e+01	-1.268307e+03
3.800000e-07	-5.014907e-06	-2.124049e-08	-3.566969e+01	-1.261176e+03
3.900000e-07	-4.929155e-06	-2.111881e-08	-3.505976e+01	-1.253794e+03
4.000000e-07	-4.841853e-06	-2.098995e-08	-3.443881e+01	-1.246149e+03
4.100000e-07	-4.752978e-06	-2.086070e-08	-3.380666e+01	-1.238234e+03
4.200000e-07	-4.662282e-06	-2.072195e-08	-3.316157e+01	-1.230050e+03
4.300000e-07	-4.569796e-06	-2.057753e-08	-3.250374e+01	-1.221606e+03
4.400000e-07	-4.475718e-06	-2.043262e-08	-3.183459e+01	-1.212912e+03
4.500000e-07	-4.380057e-06	-2.028068e-08	-3.115417e+01	-1.203977e+03
4.600000e-07	-4.282781e-06	-2.012823e-08	-3.046228e+01	-1.194804e+03
4.700000e-07	-4.183908e-06	-1.996971e-08	-2.975902e+01	-1.185384e+03
4.800000e-07	-4.083475e-06	-1.980640e-08	-2.904467e+01	-1.175701e+03
4.900000e-07	-3.981554e-06	-1.963629e-08	-2.831973e+01	-1.165737e+03
5.000000e-07	-3.878344e-06	-1.946423e-08	-2.758563e+01	-1.155477e+03
5.100000e-07	-3.773818e-06	-1.928572e-08	-2.684216e+01	-1.144914e+03
5.200000e-07	-3.667786e-06	-1.910330e-08	-2.608799e+01	-1.134049e+03
5.300000e-07	-3.560350e-06	-1.891738e-08	-2.532382e+01	-1.122889e+03
5.400000e-07	-3.451703e-06	-1.872355e-08	-2.455104e+01	-1.111438e+03
5.500000e-07	-3.341895e-06	-1.852426e-08	-2.377000e+01	-1.099695e+03
5.600000e-07	-3.230907e-06	-1.831977e-08	-2.298058e+01	-1.087649e+03
5.700000e-07	-3.118784e-06	-1.810971e-08	-2.218308e+01	-1.075284e+03
5.800000e-07	-3.005457e-06	-1.789395e-08	-2.137702e+01	-1.062582e+03
5.900000e-07	-2.890850e-06	-1.767477e-08	-2.056185e+01	-1.049535e+03
6.000000e-07	-2.775057e-06	-1.745052e-08	-1.973824e+01	-1.036144e+03
6.100000e-07	-2.658160e-06	-1.722057e-08	-1.890678e+01	-1.022419e+03
6.200000e-07	-2.540224e-06	-1.698520e-08	-1.806794e+01	-1.008377e+03
6.300000e-07	-2.421406e-06	-1.674480e-08	-1.722281e+01	-9.940272e+02
6.400000e-07	-2.301829e-06	-1.649757e-08	-1.637230e+01	-9.793686e+02
6.500000e-07	-2.181488e-06	-1.624267e-08	-1.551634e+01	-9.643840e+02
6.600000e-07	-2.060341e-06	-1.598063e-08	-1.465465e+01	-9.490465e+02
6.700000e-07	-1.938391e-06	-1.571370e-08	-1.378726e+01	-9.333276e+02
6.800000e-07	-1.815673e-06	-1.544368e-08	-1.291440e+01	-9.172089e+02
6.900000e-07	-1.692249e-06	-1.516758e-08	-1.203651e+01	-9.006872e+02
7.000000e-07	-1.568162e-06	-1.488572e-08	-1.115392e+01	-8.837739e+02
7.100000e-07	-1.443464e-06	-1.459582e-08	-1.026697e+01	-8.664844e+02
7.200000e-07	-1.318280e-06	-1.429954e-08	-9.376572e+00	-8.488248e+02
7.300000e-07	-1.192699e-06	-1.399559e-08	-8.483348e+00	-8.307791e+02
7.400000e-07	-1.066733e-06	-1.368114e-08	-7.587387e+00	-8.123050e+02
7.500000e-07	-9.404293e-07	-1.335869e-08	-6.689022e+00	-7.933401e+02
7.600000e-07	-8.138136e-07	-1.302855e-08	-5.788439e+00	-7.738174e+02
7.700000e-07	-6.868948e-07	-1.269113e-08	-4.885700e+00	-7.536825e+02
7.800000e-07	-5.597521e-07	-1.234405e-08	-3.981367e+00	-7.329039e+02
7.900000e-07	-4.324696e-07	-1.198634e-08	-3.076041e+00	-7.114701e+02
8.000000e-07	-3.050947e-07	-1.161633e-08	-2.170057e+00	-6.893711e+02
8.100000e-07	-1.776358e-07	-1.123228e-08	-1.263476e+00	-6.665699e+02
8.200000e-07	-5.006526e-08	-1.083171e-08	-3.561008e-01	-6.429762e+02
8.300000e-07	7.758939e-08	-1.041423e-08	5.518726e-01	-6.184326e+02
8.400000e-07	2.051656e-07	-9.978783e-09	1.459288e+00	-5.927232e+02
8.500000e-07	3.325825e-07	-9.521722e-09	2.365571e+00	-5.656030e+02
8.600000e-07	4.599401e-07	-9.038382e-09	3.271431e+00	-5.368365e+02
8.700000e-07	5.872401e-07	-8.523816e-09	4.176882e+00	-5.062290e+02
8.800000e-07	7.143383e-07	-7.974348e-09	5.080897e+00	-4.736310e+02
8.900000e-07	8.411215e-07	-7.388699e-09	5.982673e+00	-4.389065e+02
9.000000e-07	9.675697e-07	-6.764270e-09	6.882065e+00	-4.018686e+02
9.100000e-07	1.093679e-06	-6.093153e-09	7.779050e+00	-3.622025e+02
9.200000e-07	1.219450e-06	-5.366926e-09	8.673625e+00	-3.194075e+02
9.300000e-07	1.344869e-06	-4.574076e-09	9.565696e+00	-2.727903e+02
9.400000e-07	1.469857e-06	-3.701490e-09	1.045470e+01	-2.215323e+02
9.500000e-07	1.594331e-06	-2.738234e-09	1.134005e+01	-1.648317e+02
9.600000e-07	1.718271e-06	-1.677689e-09	1.222160e+01	-1.020965e+02
9.700000e-07	1.841565e-06	-5.159608e-10	1.309856e+01	-3.314446e+01
9.800000e-07	1.964138e-06	7.454956e-10	1.397039e+01	4.164404e+01
9.900000e-07	2.085961e-06	2.092897e-09	1.483688e+01	1.212678e+02
1.000000e-06	2.206902e-06	3.497900e-09	1.569710e+01	2.041660e+02
1.010000e-06	2.326994e-06	4.923911e-09	1.655129e+01	2.883939e+02
1.020000e-06	2.446320e-06	6.335277e-09	1.740002e+01	3.718760e+02
1.030000e-06	2.564835e-06	7.695898e-09	1.824298e+01	4.526803e+02
1.040000e-06	2.682446e-06	8.978128e-09	1.907952e+01	5.292512e+02
1.050000e-06	2.798984e-06	1.016725e-08	1.990842e+01	6.005522e+02
1.060000e-06	2.914354e-06	1.126253e-08	2.072902e+01	6.660956e+02
1.070000e-06	3.028543e-06	1.226813e-08	2.154122e+01	7.258671e+02
1.080000e-06	3.141534e-06	1.318513e-08	2.234489e+01	7.801812e+02
1.090000e-06	3.253317e-06	1.401663e-08	2.313997e+01	8.295145e+02
1.100000e-06	3.363946e-06	1.476989e-08	2.392685e+01	8.743640e+02
1.110000e-06	3.473549e-06	1.545226e-08	2.470643e+01	9.151611e+02
1.120000e-06	3.582024e-06	1.606985e-08	2.547798e+01	9.522480e+02
1.130000e-06	3.689214e-06	1.662930e-08	2.624039e+01	9.859047e+02
1.140000e-06	3.794995e-06	1.713735e-08	2.699279e+01	1.016396e+03
1.150000e-06	3.899290e-06	1.760114e-08	2.773461e+01	1.044014e+03
1.160000e-06	4.002180e-06	1.802485e-08	2.846644e+01	1.069091e+03
1.170000e-06	4.103720e-06	1.841223e-08	2.918867e+01	1.091981e+03
1.180000e-06	4.203807e-06	1.876645e-08	2.990056e+01	1.113023e+03
1.190000e-06	4.302287e-06	1.909197e-08	3.060102e+01	1.132499e+03
1.200000e-06	4.399113e-06	1.939260e-08	3.128972e+01	1.150605e+03
1.210000e-06	4.494356e-06	1.967107e-08	3.196715e+01	1.167458e+03
1.220000e-06	4.588134e-06	1.993034e-08	3.263417e+01	1.183116e+03
1.230000e-06	4.680400e-06	2.017372e-08	3.329043e+01	1.197621e+03
1.240000e-06	4.770979e-06	2.040120e-08	3.393470e+01	1.211036e+03
1.250000e-06	4.859758e-06	2.061248e-08	3.456616e+01	1.223462e+03
1.260000e-06	4.946800e-06	2.080786e-08	3.518527e+01	1.235035e+03
1.270000e-06	5.032199e-06	2.099063e-08	3.579269e+01	1.245901e+03
1.280000e-06	5.115953e-06	2.116220e-08	3.638840e+01	1.256182e+03
1.290000e-06	5.197857e-06	2.132310e-08	3.697097e+01	1.265956e+03
1.300000e-06	5.277769e-06	2.147621e-08	3.753936e+01	1.275241e+03
1.310000e-06	5.355792e-06	2.162127e-08	3.809432e+01	1.284017e+03
1.320000e-06	5.431783e-06	2.175721e-08	3.863482e+01	1.292250e+03
1.330000e-06	5.505608e-06	2.188486e-08	3.915992e+01	1.299924e+03
1.340000e-06	5.577417e-06	2.200534e-08	3.967068e+01	1.307059e+03
1.350000e-06	5.647318e-06	2.211866e-08	4.016787e+01	1.313720e+03
1.360000e-06	5.715237e-06	2.222489e-08	4.065095e+01	1.319998e+03
1.370000e-06	5.781007e-06	2.232573e-08	4.111876e+01	1.325980e+03
1.380000e-06	5.844720e-06	2.242197e-08	4.157193e+01	1.331730e+03
1.390000e-06	5.906544e-06	2.251203e-08	4.201167e+01	1.337264e+03
1.400000e-06	5.966382e-06	2.259631e-08	4.243728e+01	1.342562e+03
1.410000e-06	6.024056e-06	2.267705e-08	4.284750e+01	1.347577e+03
1.420000e-06	6.079514e-06	2.275626e-08	4.324196e+01	1.352267e+03
1.430000e-06	6.132652e-06	2.283149e-08	4.361991e+01	1.356613e+03
1.440000e-06	6.183211e-06	2.290084e-08	4.397953e+01	1.360632e+03
1.450000e-06	6.231259e-06	2.296532e-08	4.432128e+01	1.364369e+03
1.460000e-06	6.277158e-06	2.302557e-08	4.464775e+01	1.367880e+03
1.470000e-06	6.320952e-06	2.308091e-08	4.495925e+01	1.371210e+03
1.480000e-06	6.362407e-06	2.313074e-08	4.525410e+01	1.374376e+03
1.490000e-06	6.401531e-06	2.317927e-08	4.553238e+01	1.377364e+03
1.500000e-06	6.438543e-06	2.322720e-08	4.579564e+01	1.380137e+03
1.510000e-06	6.473305e-06	2.327036e-08	4.604289e+01	1.382656e+03
1.520000e-06	6.505640e-06	2.330715e-08	4.627288e+01	1.384902e+03
1.530000e-06	6.535750e-06	2.333883e-08	4.648705e+01	1.386884e+03
1.540000e-06	6.563702e-06	2.336718e-08	4.668586e+01	1.388642e+03
1.550000e-06	6.589259e-06	2.339289e-08	4.686764e+01	1.390228e+03
1.560000e-06	6.612427e-06	2.341700e-08	4.703243e+01	1.391688e+03
1.570000e-06	6.633433e-06	2.343851e-08	4.718184e+01	1.393044e+03
1.580000e-06	6.652159e-06	2.345835e-08	4.731503e+01	1.394284e+03
1.590000e-06	6.668367e-06	2.347752e-08	4.743031e+01	1.395368e+03
1.600000e-06	6.682072e-06	2.349202e-08	4.752780e+01	1.396247e+03
1.610000e-06	6.693195e-06	2.349994e-08	4.760691e+01	1.396882e+03
1.620000e-06	6.701732e-06	2.350440e-08	4.766763e+01	1.397261e+03
1.630000e-06	6.707939e-06	2.350659e-08	4.771178e+01	1.397410e+03
1.640000e-06	6.711882e-06	2.350653e-08	4.773983e+01	1.397379e+03
1.650000e-06	6.713418e-06	2.350507e-08	4.775075e+01	1.397224e+03
1.660000e-06	6.712641e-06	2.350390e-08	4.774522e+01	1.396989e+03
1.670000e-06	6.709801e-06	2.350324e-08	4.772502e+01	1.396688e+03
1.680000e-06	6.704761e-06	2.349600e-08	4.768918e+01	1.396298e+03
1.690000e-06	6.697402e-06	2.348369e-08	4.763683e+01	1.395770e+03
1.700000e-06	6.687879e-06	2.346840e-08	4.756910e+01	1.395050e+03
1.710000e-06	6.676145e-06	2.344884e-08	4.748564e+01	1.394092e+03
1.720000e-06	6.662034e-06	2.342259e-08	4.738527e+01	1.392882e+03
1.730000e-06	6.645763e-06	2.340061e-08	4.726954e+01	1.391434e+03
1.740000e-06	6.627441e-06	2.340567e-08	4.713922e+01	1.389787e+03
1.750000e-06	6.606413e-06	2.339982e-08	4.698965e+01	1.387988e+03
1.760000e-06	6.582161e-06	2.334450e-08	4.681716e+01	1.386075e+03
1.770000e-06	6.555154e-06	2.328188e-08	4.662506e+01	1.384064e+03
1.780000e-06	6.525835e-06	2.322418e-08	4.641652e+01	1.381944e+03
1.790000e-06	6.494605e-06	2.317895e-08	4.619439e+01	1.379689e+03
1.800000e-06	6.461882e-06	2.317843e-08	4.596164e+01	1.377264e+03
1.810000e-06	6.427280e-06	2.313945e-08	4.571553e+01	1.374644e+03
1.820000e-06	6.390279e-06	2.305909e-08	4.545235e+01	1.371818e+03
1.830000e-06	6.351056e-06	2.304605e-08	4.517337e+01	1.368790e+03
1.840000e-06	6.309667e-06	2.299066e-08	4.487898e+01	1.365576e+03
1.850000e-06	6.266099e-06	2.291238e-08	4.456909e+01	1.362195e+03
1.860000e-06	6.220315e-06	2.285047e-08	4.424344e+01	1.358657e+03
1.870000e-06	6.172134e-06	2.276435e-08	4.390074e+01	1.354961e+03
1.880000e-06	6.121768e-06	2.273785e-08	4.354250e+01	1.351097e+03
1.890000e-06	6.068929e-06	2.267417e-08	4.316667e+01	1.347049e+03
1.900000e-06	6.013644e-06	2.259470e-08	4.277345e+01	1.342804e+03
1.910000e-06	5.956248e-06	2.252106e-08	4.236520e+01	1.338355e+03
1.920000e-06	5.896610e-06	2.243003e-08	4.194102e+01	1.333702e+03
1.930000e-06	5.834756e-06	2.237690e-08	4.150106e+01	1.328852e+03
1.940000e-06	5.770785e-06	2.226800e-08	4.104605e+01	1.323810e+03
1.950000e-06	5.704855e-06	2.216923e-08	4.057711e+01	1.318581e+03
1.960000e-06	5.636872e-06	2.210409e-08	4.009357e+01	1.313162e+03
1.970000e-06	5.566549e-06	2.201052e-08	3.959338e+01	1.307546e+03
1.980000e-06	5.494149e-06	2.191801e-08	3.907841e+01	1.301726e+03
1.990000e-06	5.419800e-06	2.179209e-08	3.854959e+01	1.295693e+03
2.000000e-06	5.343287e-06	2.170156e-08	3.800537e+01	1.289445e+03
2.010000e-06	5.264666e-06	2.160367e-08	3.744616e+01	1.282977e+03
2.020000e-06	5.184171e-06	2.148145e-08	3.687363e+01	1.276288e+03
2.030000e-06	5.101965e-06	2.136311e-08	3.628892e+01	1.269370e+03
2.040000e-06	5.017857e-06	2.123733e-08	3.569068e+01	1.262213e+03
2.050000e-06	4.931769e-06	2.113199e-08	3.507836e+01	1.254803e+03
2.060000e-06	4.843910e-06	2.099077e-08	3.445344e+01	1.247129e+03
2.070000e-06	4.754468e-06	2.085209e-08	3.381726e+01	1.239185e+03
2.080000e-06	4.663450e-06	2.071502e-08	3.316988e+01	1.230973e+03
2.090000e-06	4.570714e-06	2.058242e-08	3.251027e+01	1.222500e+03
2.100000e-06	4.476237e-06	2.043552e-08	3.183828e+01	1.213780e+03
2.110000e-06	4.380139e-06	2.026733e-08	3.115476e+01	1.204819e+03
2.120000e-06	4.282616e-06	2.011774e-08	3.046111e+01	1.195620e+03
2.130000e-06	4.183693e-06	1.996451e-08	2.975749e+01	1.186172e+03
2.140000e-06	4.083230e-06	1.980301e-08	2.904293e+01	1.176460e+03
2.150000e-06	3.981114e-06	1.962376e-08	2.831660e+01	1.166464e+03
2.160000e-06	3.877457e-06	1.945276e-08	2.757932e+01	1.156172e+03
2.170000e-06	3.772467e-06	1.928333e-08	2.683255e+01	1.145576e+03
2.180000e-06	3.666283e-06	1.910052e-08	2.607730e+01	1.134679e+03
2.190000e-06	3.558939e-06	1.890654e-08	2.531378e+01	1.123488e+03
2.200000e-06	3.450359e-06	1.871222e-08	2.454148e+01	1.112005e+03
2.210000e-06	3.340491e-06	1.852137e-08	2.376002e+01	1.100230e+03
2.220000e-06	3.229306e-06	1.831799e-08	2.296919e+01	1.088150e+03
2.230000e-06	3.116867e-06	1.810203e-08	2.216944e+01	1.075749e+03
2.240000e-06	3.003286e-06	1.788645e-08	2.136157e+01	1.063011e+03
2.250000e-06	2.888626e-06	1.767526e-08	2.054603e+01	1.049926e+03
2.260000e-06	2.772842e-06	1.745131e-08	1.972248e+01	1.036498e+03
2.270000e-06	2.655847e-06	1.721386e-08	1.889033e+01	1.022738e+03
2.280000e-06	2.537660e-06	1.697312e-08	1.804969e+01	1.008663e+03
2.290000e-06	2.418508e-06	1.674060e-08	1.720220e+01	9.942799e+02
2.300000e-06	2.298569e-06	1.649744e-08	1.634910e+01	9.795871e+02
2.310000e-06	2.177869e-06	1.623790e-08	1.549060e+01	9.645658e+02
2.320000e-06	2.056429e-06	1.597542e-08	1.462683e+01	9.491883e+02
2.330000e-06	1.934304e-06	1.571527e-08	1.375819e+01	9.334270e+02
2.340000e-06	1.811527e-06	1.544778e-08	1.288491e+01	9.172646e+02
2.350000e-06	1.688081e-06	1.516140e-08	1.200687e+01	9.007000e+02
2.360000e-06	1.564010e-06	1.487207e-08	1.112438e+01	8.837453e+02
2.370000e-06	1.439368e-06	1.458655e-08	1.023784e+01	8.664159e+02
2.380000e-06	1.314164e-06	1.429676e-08	9.347297e+00	8.487159e+02
2.390000e-06	1.188430e-06	1.398983e-08	8.452986e+00	8.306264e+02
2.400000e-06	1.062258e-06	1.367181e-08	7.555561e+00	8.121026e+02
2.410000e-06	9.357284e-07	1.335316e-08	6.655586e+00	7.930808e+02
2.420000e-06	8.088338e-07	1.302616e-08	5.753019e+00	7.734944e+02
2.430000e-06	6.816336e-07	1.268155e-08	4.848278e+00	7.532913e+02
2.440000e-06	5.541897e-07	1.232469e-08	3.941803e+00	7.324426e+02
2.450000e-06	4.265064e-07	1.196643e-08	3.033626e+00	7.109379e+02
2.460000e-06	2.986623e-07	1.160191e-08	2.124305e+00	6.887659e+02
2.470000e-06	1.707550e-07	1.121838e-08	1.214535e+00	6.658849e+02
2.480000e-06	4.282099e-08	1.081521e-08	3.045743e-01	6.421978e+02
2.490000e-06	-8.516520e-08	1.039841e-08	-6.057573e-01	6.175401e+02
2.500000e-06	-2.131463e-07	9.965432e-09	-1.516053e+00	5.916912e+02
2.510000e-06	-3.409992e-07	9.505965e-09	-2.425436e+00	5.644050e+02
2.520000e-06	-4.687338e-07	9.015492e-09	-3.333978e+00	5.354494e+02
2.530000e-06	-5.962975e-07	8.499218e-09	-4.241305e+00	5.046349e+02
2.540000e-06	-7.236335e-07	7.954430e-09	-5.147012e+00	4.718155e+02
2.550000e-06	-8.507252e-07	7.370815e-09	-6.050982e+00	4.368534e+02
2.560000e-06	-9.774629e-07	6.742194e-09	-6.952433e+00	3.995516e+02
2.570000e-06	-1.103840e-06	6.070950e-09	-7.851318e+00	3.595775e+02
2.580000e-06	-1.229805e-06	5.349776e-09	-8.747277e+00	3.164088e+02
2.590000e-06	-1.355287e-06	4.559488e-09	-9.639797e+00	2.693344e+02
2.600000e-06	-1.480226e-06	3.687516e-09	-1.052845e+01	2.175294e+02
2.610000e-06	-1.604523e-06	2.728537e-09	-1.141254e+01	1.602046e+02
2.620000e-06	-1.728163e-06	1.675413e-09	-1.229196e+01	9.680273e+01
2.630000e-06	-1.851199e-06	5.180357e-10	-1.316709e+01	2.719598e+01
2.640000e-06	-1.973588e-06	-7.433165e-10	-1.403761e+01	-4.816960e+01
2.650000e-06	-2.095263e-06	-2.089216e-09	-1.490305e+01	-1.282277e+02
2.660000e-06	-2.216255e-06	-3.489022e-09	-1.576363e+01	-2.113664e+02
2.670000e-06	-2.336555e-06	-4.911034e-09	-1.661929e+01	-2.956136e+02
2.680000e-06	-2.456013e-06	-6.318897e-09	-1.746896e+01	-3.788966e+02
2.690000e-06	-2.574467e-06	-7.674881e-09	-1.831150e+01	-4.593136e+02
2.700000e-06	-2.691891e-06	-8.952706e-09	-1.914670e+01	-5.353600e+02
2.710000e-06	-2.808218e-06	-1.013958e-08	-1.997410e+01	-6.060585e+02
2.720000e-06	-2.923369e-06	-1.123199e-08	-2.079315e+01	-6.709772e+02
2.730000e-06	-3.037361e-06	-1.223296e-08	-2.160394e+01	-7.301450e+02
2.740000e-06	-3.150132e-06	-1.314637e-08	-2.240605e+01	-7.839016e+02
2.750000e-06	-3.261597e-06	-1.397710e-08	-2.319887e+01	-8.327317e+02
2.760000e-06	-3.371706e-06	-1.473209e-08	-2.398204e+01	-8.771283e+02
2.770000e-06	-3.480552e-06	-1.541677e-08	-2.475624e+01	-9.175132e+02
2.780000e-06	-3.588311e-06	-1.603587e-08	-2.552270e+01	-9.542203e+02
2.790000e-06	-3.694962e-06	-1.659479e-08	-2.628128e+01	-9.875252e+02
2.800000e-06	-3.800386e-06	-1.710156e-08	-2.703113e+01	-1.017695e+03
2.810000e-06	-3.904511e-06	-1.756376e-08	-2.777174e+01	-1.045024e+03
2.820000e-06	-4.007204e-06	-1.798526e-08	-2.850217e+01	-1.069850e+03
2.830000e-06	-4.108248e-06	-1.837042e-08	-2.922087e+01	-1.092527e+03
2.840000e-06	-4.207720e-06	-1.872629e-08	-2.992839e+01	-1.113389e+03
2.850000e-06	-4.305811e-06	-1.905697e-08	-3.062608e+01	-1.132710e+03
2.860000e-06	-4.402517e-06	-1.936323e-08	-3.131393e+01	-1.150679e+03
2.870000e-06	-4.497734e-06	-1.964554e-08	-3.199118e+01	-1.167401e+03
2.880000e-06	-4.591316e-06	-1.990600e-08	-3.265681e+01	-1.182934e+03
2.890000e-06	-4.683249e-06	-2.014804e-08	-3.331070e+01	-1.197319e+03
2.900000e-06	-4.773565e-06	-2.037162e-08	-3.395309e+01	-1.210623e+03
2.910000e-06	-4.862251e-06	-2.057878e-08	-3.458390e+01	-1.222951e+03
2.920000e-06	-4.949140e-06	-2.077366e-08	-3.520191e+01	-1.234442e+03
2.930000e-06	-5.034084e-06	-2.096090e-08	-3.580610e+01	-1.245240e+03
2.940000e-06	-5.117212e-06	-2.113896e-08	-3.639737e+01	-1.255465e+03
2.950000e-06	-5.198697e-06	-2.130462e-08	-3.697695e+01	-1.265186e+03
2.960000e-06	-5.278442e-06	-2.145956e-08	-3.754415e+01	-1.274418e+03
2.970000e-06	-5.356102e-06	-2.160602e-08	-3.809652e+01	-1.283138e+03
2.980000e-06	-5.431569e-06	-2.174425e-08	-3.863330e+01	-1.291312e+03
2.990000e-06	-5.505030e-06	-2.187299e-08	-3.915581e+01	-1.298926e+03
3.000000e-06	-5.576593e-06	-2.199257e-08	-3.966482e+01	-1.306007e+03
3.010000e-06	-5.646153e-06	-2.210648e-08	-4.015958e+01	-1.312623e+03
3.020000e-06	-5.713581e-06	-2.221694e-08	-4.063918e+01	-1.318865e+03
3.030000e-06	-5.779001e-06	-2.232068e-08	-4.110449e+01	-1.324821e+03
3.040000e-06	-5.842522e-06	-2.241674e-08	-4.155630e+01	-1.330548e+03
3.050000e-06	-5.903901e-06	-2.250746e-08	-4.199287e+01	-1.336059e+03
3.060000e-06	-5.963042e-06	-2.259577e-08	-4.241353e+01	-1.341329e+03
3.070000e-06	-6.020137e-06	-2.268079e-08	-4.281963e+01	-1.346311e+03
3.080000e-06	-6.075147e-06	-2.275833e-08	-4.321090e+01	-1.350965e+03
3.090000e-06	-6.127824e-06	-2.282985e-08	-4.358557e+01	-1.355275e+03
3.100000e-06	-6.178019e-06	-2.289900e-08	-4.394260e+01	-1.359261e+03
3.110000e-06	-6.225635e-06	-2.296430e-08	-4.428128e+01	-1.362971e+03
3.120000e-06	-6.270886e-06	-2.302332e-08	-4.460314e+01	-1.366462e+03
3.130000e-06	-6.314156e-06	-2.307816e-08	-4.491091e+01	-1.369774e+03
3.140000e-06	-6.355465e-06	-2.313231e-08	-4.520473e+01	-1.372923e+03
3.150000e-06	-6.394616e-06	-2.318317e-08	-4.548320e+01	-1.375890e+03
3.160000e-06	-6.431464e-06	-2.322646e-08	-4.574529e+01	-1.378637e+03
3.170000e-06	-6.466054e-06	-2.326474e-08	-4.599131e+01	-1.381128e+03
3.180000e-06	-6.498441e-06	-2.330320e-08	-4.622167e+01	-1.383345e+03
3.190000e-06	-6.528471e-06	-2.334086e-08	-4.643527e+01	-1.385301e+03
3.200000e-06	-6.556045e-06	-2.337280e-08	-4.663140e+01	-1.387038e+03
3.210000e-06	-6.581347e-06	-2.339995e-08	-4.681137e+01	-1.388609e+03
3.220000e-06	-6.604388e-06	-2.342685e-08	-4.697525e+01	-1.390058e+03
3.230000e-06	-6.625025e-06	-2.345140e-08	-4.712203e+01	-1.391403e+03
3.240000e-06	-6.643320e-06	-2.347009e-08	-4.725216e+01	-1.392629e+03
3.250000e-06	-6.659340e-06	-2.348422e-08	-4.736611e+01	-1.393694e+03
3.260000e-06	-6.672832e-06	-2.349887e-08	-4.746208e+01	-1.394549e+03
3.270000e-06	-6.683716e-06	-2.351388e-08	-4.753949e+01	-1.395156e+03
3.280000e-06	-6.692247e-06	-2.352210e-08	-4.760017e+01	-1.395510e+03
3.290000e-06	-6.698376e-06	-2.352409e-08	-4.764376e+01	-1.395637e+03
3.300000e-06	-6.702019e-06	-2.352333e-08	-4.766967e+01	-1.395589e+03
3.310000e-06	-6.703415e-06	-2.352122e-08	-4.767960e+01	-1.395425e+03
