# Temperatura_=_26.24
# Concentracion g/m^3_=_20000.0
# C_Vs_to_Am_M_A/Vsm_=_59384043850.047264
# pendiente_HvsI_1/m_=_3716.3
# ordenada_HvsI_A/m_=_1297.0
# frecuencia_Hz_=_301153.4188813457

Tiempo_(s)	Campo_(V.s)	Magnetizacion_(V.s)	Campo_(kA/m)	Magnetizacion_(A/m)
0.000000e+00	-5.418841e-06	-2.405765e-08	-3.823388e+01	-1.428188e+03
1.000000e-08	-5.416743e-06	-2.405436e-08	-3.821907e+01	-1.428217e+03
2.000000e-08	-5.412715e-06	-2.405062e-08	-3.819065e+01	-1.428112e+03
3.000000e-08	-5.407022e-06	-2.404709e-08	-3.815048e+01	-1.427882e+03
4.000000e-08	-5.399735e-06	-2.404176e-08	-3.809907e+01	-1.427515e+03
5.000000e-08	-5.390755e-06	-2.403306e-08	-3.803571e+01	-1.426989e+03
6.000000e-08	-5.379712e-06	-2.402441e-08	-3.795779e+01	-1.426277e+03
7.000000e-08	-5.366634e-06	-2.401614e-08	-3.786552e+01	-1.425363e+03
8.000000e-08	-5.351499e-06	-2.399214e-08	-3.775873e+01	-1.424251e+03
9.000000e-08	-5.333955e-06	-2.395220e-08	-3.763494e+01	-1.422966e+03
1.000000e-07	-5.314173e-06	-2.392787e-08	-3.749536e+01	-1.421553e+03
1.100000e-07	-5.292503e-06	-2.391913e-08	-3.734247e+01	-1.420060e+03
1.200000e-07	-5.269194e-06	-2.390891e-08	-3.717801e+01	-1.418525e+03
1.300000e-07	-5.244596e-06	-2.390718e-08	-3.700445e+01	-1.416966e+03
1.400000e-07	-5.218524e-06	-2.384500e-08	-3.682049e+01	-1.415372e+03
1.500000e-07	-5.190524e-06	-2.378812e-08	-3.662293e+01	-1.413708e+03
1.600000e-07	-5.160833e-06	-2.380493e-08	-3.641344e+01	-1.411928e+03
1.700000e-07	-5.129610e-06	-2.375280e-08	-3.619314e+01	-1.409982e+03
1.800000e-07	-5.096381e-06	-2.368638e-08	-3.595869e+01	-1.407841e+03
1.900000e-07	-5.061168e-06	-2.366806e-08	-3.571023e+01	-1.405495e+03
2.000000e-07	-5.024365e-06	-2.362702e-08	-3.545056e+01	-1.402961e+03
2.100000e-07	-4.985860e-06	-2.360532e-08	-3.517888e+01	-1.400272e+03
2.200000e-07	-4.945646e-06	-2.356835e-08	-3.489514e+01	-1.397467e+03
2.300000e-07	-4.903570e-06	-2.347177e-08	-3.459826e+01	-1.394576e+03
2.400000e-07	-4.859511e-06	-2.341636e-08	-3.428740e+01	-1.391612e+03
2.500000e-07	-4.813680e-06	-2.338519e-08	-3.396402e+01	-1.388572e+03
2.600000e-07	-4.765969e-06	-2.333844e-08	-3.362739e+01	-1.385435e+03
2.700000e-07	-4.716258e-06	-2.328047e-08	-3.327664e+01	-1.382178e+03
2.800000e-07	-4.664573e-06	-2.322188e-08	-3.291196e+01	-1.378778e+03
2.900000e-07	-4.610985e-06	-2.317141e-08	-3.253386e+01	-1.375227e+03
3.000000e-07	-4.555683e-06	-2.310621e-08	-3.214367e+01	-1.371528e+03
3.100000e-07	-4.498783e-06	-2.302981e-08	-3.174219e+01	-1.367697e+03
3.200000e-07	-4.440179e-06	-2.294464e-08	-3.132870e+01	-1.363753e+03
3.300000e-07	-4.379903e-06	-2.288955e-08	-3.090341e+01	-1.359711e+03
3.400000e-07	-4.318199e-06	-2.285250e-08	-3.046805e+01	-1.355576e+03
3.500000e-07	-4.255149e-06	-2.277650e-08	-3.002318e+01	-1.351345e+03
3.600000e-07	-4.190586e-06	-2.268289e-08	-2.956764e+01	-1.347002e+03
3.700000e-07	-4.124332e-06	-2.260370e-08	-2.910017e+01	-1.342531e+03
3.800000e-07	-4.056407e-06	-2.253328e-08	-2.862091e+01	-1.337919e+03
3.900000e-07	-3.986983e-06	-2.245529e-08	-2.813108e+01	-1.333160e+03
4.000000e-07	-3.916277e-06	-2.236483e-08	-2.763219e+01	-1.328259e+03
4.100000e-07	-3.844303e-06	-2.228570e-08	-2.712436e+01	-1.323226e+03
4.200000e-07	-3.770874e-06	-2.221566e-08	-2.660626e+01	-1.318074e+03
4.300000e-07	-3.695859e-06	-2.213231e-08	-2.607698e+01	-1.312814e+03
4.400000e-07	-3.619293e-06	-2.202762e-08	-2.553675e+01	-1.307448e+03
4.500000e-07	-3.541329e-06	-2.192408e-08	-2.498666e+01	-1.301972e+03
4.600000e-07	-3.461937e-06	-2.183739e-08	-2.442649e+01	-1.296374e+03
4.700000e-07	-3.381154e-06	-2.174692e-08	-2.385651e+01	-1.290640e+03
4.800000e-07	-3.299109e-06	-2.164719e-08	-2.327762e+01	-1.284759e+03
4.900000e-07	-3.215913e-06	-2.154300e-08	-2.269061e+01	-1.278724e+03
5.000000e-07	-3.131710e-06	-2.144742e-08	-2.209650e+01	-1.272534e+03
5.100000e-07	-3.046585e-06	-2.134842e-08	-2.149588e+01	-1.266196e+03
5.200000e-07	-2.960564e-06	-2.122985e-08	-2.088894e+01	-1.259716e+03
5.300000e-07	-2.873536e-06	-2.110721e-08	-2.027489e+01	-1.253099e+03
5.400000e-07	-2.785527e-06	-2.099819e-08	-1.965393e+01	-1.246347e+03
5.500000e-07	-2.696546e-06	-2.089492e-08	-1.902610e+01	-1.239458e+03
5.600000e-07	-2.606449e-06	-2.077641e-08	-1.839040e+01	-1.232425e+03
5.700000e-07	-2.515276e-06	-2.065050e-08	-1.774711e+01	-1.225241e+03
5.800000e-07	-2.423197e-06	-2.052799e-08	-1.709742e+01	-1.217901e+03
5.900000e-07	-2.330351e-06	-2.040505e-08	-1.644233e+01	-1.210400e+03
6.000000e-07	-2.236743e-06	-2.027185e-08	-1.578186e+01	-1.202738e+03
6.100000e-07	-2.142362e-06	-2.013272e-08	-1.511593e+01	-1.194915e+03
6.200000e-07	-2.047265e-06	-2.000158e-08	-1.444495e+01	-1.186931e+03
6.300000e-07	-1.951450e-06	-1.987359e-08	-1.376890e+01	-1.178783e+03
6.400000e-07	-1.854948e-06	-1.973434e-08	-1.308801e+01	-1.170464e+03
6.500000e-07	-1.757706e-06	-1.958416e-08	-1.240190e+01	-1.161966e+03
6.600000e-07	-1.659642e-06	-1.943784e-08	-1.170999e+01	-1.153280e+03
6.700000e-07	-1.560875e-06	-1.929516e-08	-1.101311e+01	-1.144398e+03
6.800000e-07	-1.461536e-06	-1.914348e-08	-1.031221e+01	-1.135317e+03
6.900000e-07	-1.361714e-06	-1.898179e-08	-9.607885e+00	-1.126035e+03
7.000000e-07	-1.261426e-06	-1.882341e-08	-8.900282e+00	-1.116555e+03
7.100000e-07	-1.160720e-06	-1.866847e-08	-8.189724e+00	-1.106877e+03
7.200000e-07	-1.059665e-06	-1.850434e-08	-7.476707e+00	-1.097000e+03
7.300000e-07	-9.582589e-07	-1.832947e-08	-6.761215e+00	-1.086915e+03
7.400000e-07	-8.565164e-07	-1.815318e-08	-6.043348e+00	-1.076611e+03
7.500000e-07	-7.544910e-07	-1.798023e-08	-5.323484e+00	-1.066071e+03
7.600000e-07	-6.522227e-07	-1.780024e-08	-4.601907e+00	-1.055277e+03
7.700000e-07	-5.496807e-07	-1.760857e-08	-3.878398e+00	-1.044216e+03
7.800000e-07	-4.469120e-07	-1.741432e-08	-3.153290e+00	-1.032876e+03
7.900000e-07	-3.439887e-07	-1.722372e-08	-2.427091e+00	-1.021250e+03
8.000000e-07	-2.409345e-07	-1.702776e-08	-1.699969e+00	-1.009330e+03
8.100000e-07	-1.377874e-07	-1.681825e-08	-9.721906e-01	-9.971005e+02
8.200000e-07	-3.460162e-08	-1.660293e-08	-2.441397e-01	-9.845357e+02
8.300000e-07	6.856524e-08	-1.638744e-08	4.837778e-01	-9.715931e+02
8.400000e-07	1.716879e-07	-1.616543e-08	1.211383e+00	-9.582148e+02
8.500000e-07	2.747755e-07	-1.592973e-08	1.938741e+00	-9.443323e+02
8.600000e-07	3.777835e-07	-1.568422e-08	2.665538e+00	-9.298757e+02
8.700000e-07	4.806662e-07	-1.543461e-08	3.391451e+00	-9.147850e+02
8.800000e-07	5.834333e-07	-1.517447e-08	4.116548e+00	-8.990204e+02
8.900000e-07	6.859820e-07	-1.489454e-08	4.840104e+00	-8.825680e+02
9.000000e-07	7.882326e-07	-1.459916e-08	5.561556e+00	-8.654396e+02
9.100000e-07	8.901788e-07	-1.429737e-08	6.280861e+00	-8.476648e+02
9.200000e-07	9.917860e-07	-1.398972e-08	6.997774e+00	-8.292776e+02
9.300000e-07	1.093089e-06	-1.367130e-08	7.712538e+00	-8.103004e+02
9.400000e-07	1.194095e-06	-1.334246e-08	8.425212e+00	-7.907286e+02
9.500000e-07	1.294752e-06	-1.300598e-08	9.135416e+00	-7.705208e+02
9.600000e-07	1.394981e-06	-1.265486e-08	9.842607e+00	-7.495949e+02
9.700000e-07	1.494681e-06	-1.228379e-08	1.054606e+01	-7.278325e+02
9.800000e-07	1.593837e-06	-1.189435e-08	1.124568e+01	-7.050875e+02
9.900000e-07	1.692405e-06	-1.149022e-08	1.194115e+01	-6.811971e+02
1.000000e-06	1.790226e-06	-1.106791e-08	1.263135e+01	-6.559919e+02
1.010000e-06	1.887254e-06	-1.061888e-08	1.331595e+01	-6.293006e+02
1.020000e-06	1.983522e-06	-1.014008e-08	1.399519e+01	-6.009506e+02
1.030000e-06	2.079017e-06	-9.630599e-09	1.466898e+01	-5.707640e+02
1.040000e-06	2.173790e-06	-9.086230e-09	1.533767e+01	-5.385506e+02
1.050000e-06	2.267848e-06	-8.499693e-09	1.600132e+01	-5.041031e+02
1.060000e-06	2.361196e-06	-7.869475e-09	1.665996e+01	-4.671953e+02
1.070000e-06	2.453886e-06	-7.196460e-09	1.731395e+01	-4.275846e+02
1.080000e-06	2.545796e-06	-6.476526e-09	1.796244e+01	-3.850217e+02
1.090000e-06	2.636743e-06	-5.703106e-09	1.860415e+01	-3.392631e+02
1.100000e-06	2.726619e-06	-4.870657e-09	1.923829e+01	-2.900878e+02
1.110000e-06	2.815390e-06	-3.975685e-09	1.986463e+01	-2.373167e+02
1.120000e-06	2.903120e-06	-3.017898e-09	2.048363e+01	-1.808327e+02
1.130000e-06	2.989909e-06	-1.996253e-09	2.109599e+01	-1.206026e+02
1.140000e-06	3.075727e-06	-9.106312e-10	2.170149e+01	-5.669970e+01
1.150000e-06	3.160533e-06	2.337195e-10	2.229986e+01	1.067525e+01
1.160000e-06	3.244365e-06	1.427976e-09	2.289136e+01	8.117639e+01
1.170000e-06	3.327091e-06	2.664123e-09	2.347505e+01	1.543042e+02
1.180000e-06	3.408519e-06	3.933101e-09	2.404959e+01	2.294096e+02
1.190000e-06	3.488690e-06	5.222540e-09	2.461525e+01	3.057143e+02
1.200000e-06	3.567677e-06	6.517701e-09	2.517257e+01	3.823495e+02
1.210000e-06	3.645405e-06	7.801579e-09	2.572099e+01	4.584072e+02
1.220000e-06	3.721843e-06	9.061034e-09	2.626032e+01	5.330019e+02
1.230000e-06	3.796904e-06	1.028135e-08	2.678993e+01	6.053290e+02
1.240000e-06	3.870354e-06	1.144636e-08	2.730817e+01	6.747144e+02
1.250000e-06	3.942268e-06	1.255049e-08	2.781557e+01	7.406440e+02
1.260000e-06	4.012791e-06	1.359378e-08	2.831317e+01	8.027723e+02
1.270000e-06	4.081968e-06	1.457093e-08	2.880126e+01	8.609097e+02
1.280000e-06	4.149825e-06	1.547865e-08	2.928004e+01	9.149943e+02
1.290000e-06	4.216129e-06	1.631837e-08	2.974787e+01	9.650572e+02
1.300000e-06	4.280753e-06	1.709213e-08	3.020384e+01	1.011191e+03
1.310000e-06	4.343871e-06	1.780254e-08	3.064918e+01	1.053524e+03
1.320000e-06	4.405624e-06	1.844833e-08	3.108489e+01	1.092212e+03
1.330000e-06	4.465994e-06	1.903342e-08	3.151085e+01	1.127429e+03
1.340000e-06	4.524868e-06	1.956717e-08	3.192625e+01	1.159378e+03
1.350000e-06	4.581991e-06	2.005283e-08	3.232929e+01	1.188283e+03
1.360000e-06	4.637366e-06	2.049098e-08	3.272000e+01	1.214396e+03
1.370000e-06	4.691095e-06	2.088563e-08	3.309909e+01	1.237979e+03
1.380000e-06	4.742956e-06	2.124246e-08	3.346501e+01	1.259289e+03
1.390000e-06	4.792735e-06	2.156432e-08	3.381624e+01	1.278568e+03
1.400000e-06	4.840603e-06	2.185250e-08	3.415398e+01	1.296022e+03
1.410000e-06	4.886828e-06	2.211079e-08	3.448013e+01	1.311822e+03
1.420000e-06	4.931453e-06	2.234576e-08	3.479500e+01	1.326104e+03
1.430000e-06	4.974342e-06	2.256084e-08	3.509761e+01	1.338984e+03
1.440000e-06	5.015292e-06	2.275607e-08	3.538654e+01	1.350564e+03
1.450000e-06	5.054455e-06	2.293102e-08	3.566287e+01	1.360948e+03
1.460000e-06	5.092009e-06	2.308722e-08	3.592784e+01	1.370247e+03
1.470000e-06	5.127889e-06	2.322563e-08	3.618100e+01	1.378573e+03
1.480000e-06	5.161873e-06	2.334758e-08	3.642078e+01	1.386038e+03
1.490000e-06	5.193912e-06	2.345402e-08	3.664684e+01	1.392739e+03
1.500000e-06	5.224189e-06	2.354761e-08	3.686046e+01	1.398757e+03
1.510000e-06	5.252767e-06	2.363556e-08	3.706210e+01	1.404150e+03
1.520000e-06	5.279481e-06	2.371778e-08	3.725059e+01	1.408964e+03
1.530000e-06	5.304115e-06	2.379223e-08	3.742440e+01	1.413234e+03
1.540000e-06	5.326844e-06	2.385913e-08	3.758477e+01	1.416996e+03
1.550000e-06	5.347904e-06	2.391760e-08	3.773336e+01	1.420295e+03
1.560000e-06	5.367213e-06	2.396668e-08	3.786960e+01	1.423180e+03
1.570000e-06	5.384550e-06	2.400590e-08	3.799193e+01	1.425703e+03
1.580000e-06	5.399895e-06	2.403881e-08	3.810020e+01	1.427911e+03
1.590000e-06	5.413274e-06	2.406935e-08	3.819460e+01	1.429838e+03
1.600000e-06	5.424500e-06	2.409760e-08	3.827380e+01	1.431500e+03
1.610000e-06	5.433524e-06	2.412103e-08	3.833747e+01	1.432901e+03
1.620000e-06	5.440606e-06	2.414034e-08	3.838744e+01	1.434039e+03
1.630000e-06	5.445952e-06	2.415708e-08	3.842516e+01	1.434913e+03
1.640000e-06	5.449463e-06	2.416959e-08	3.844994e+01	1.435534e+03
1.650000e-06	5.450889e-06	2.417375e-08	3.846000e+01	1.435926e+03
1.660000e-06	5.450401e-06	2.417375e-08	3.845655e+01	1.436121e+03
1.670000e-06	5.448269e-06	2.417540e-08	3.844151e+01	1.436157e+03
1.680000e-06	5.444449e-06	2.417602e-08	3.841456e+01	1.436057e+03
1.690000e-06	5.438763e-06	2.417185e-08	3.837444e+01	1.435831e+03
1.700000e-06	5.431178e-06	2.416520e-08	3.832092e+01	1.435471e+03
1.710000e-06	5.421948e-06	2.415836e-08	3.825579e+01	1.434951e+03
1.720000e-06	5.411083e-06	2.414705e-08	3.817914e+01	1.434247e+03
1.730000e-06	5.398313e-06	2.412229e-08	3.808903e+01	1.433341e+03
1.740000e-06	5.383538e-06	2.412028e-08	3.798478e+01	1.432236e+03
1.750000e-06	5.366612e-06	2.411464e-08	3.786536e+01	1.430958e+03
1.760000e-06	5.347144e-06	2.407448e-08	3.772800e+01	1.429549e+03
1.770000e-06	5.325082e-06	2.403518e-08	3.757234e+01	1.428058e+03
1.780000e-06	5.301164e-06	2.396622e-08	3.740358e+01	1.426525e+03
1.790000e-06	5.276287e-06	2.396134e-08	3.722805e+01	1.424967e+03
1.800000e-06	5.250332e-06	2.399126e-08	3.704492e+01	1.423375e+03
1.810000e-06	5.222418e-06	2.392737e-08	3.684797e+01	1.421716e+03
1.820000e-06	5.192459e-06	2.390560e-08	3.663658e+01	1.419941e+03
1.830000e-06	5.160863e-06	2.389503e-08	3.641365e+01	1.418003e+03
1.840000e-06	5.127312e-06	2.382610e-08	3.617693e+01	1.415869e+03
1.850000e-06	5.091988e-06	2.380363e-08	3.592769e+01	1.413531e+03
1.860000e-06	5.055047e-06	2.374189e-08	3.566704e+01	1.411004e+03
1.870000e-06	5.016144e-06	2.367156e-08	3.539255e+01	1.408321e+03
1.880000e-06	4.975504e-06	2.368432e-08	3.510581e+01	1.405520e+03
1.890000e-06	4.933171e-06	2.364861e-08	3.480712e+01	1.402632e+03
1.900000e-06	4.889196e-06	2.357934e-08	3.449684e+01	1.399671e+03
1.910000e-06	4.843549e-06	2.350247e-08	3.417477e+01	1.396634e+03
1.920000e-06	4.795849e-06	2.343358e-08	3.383822e+01	1.393502e+03
1.930000e-06	4.746392e-06	2.341626e-08	3.348926e+01	1.390250e+03
1.940000e-06	4.695313e-06	2.335471e-08	3.312886e+01	1.386856e+03
1.950000e-06	4.642209e-06	2.328216e-08	3.275417e+01	1.383311e+03
1.960000e-06	4.587161e-06	2.323270e-08	3.236577e+01	1.379618e+03
1.970000e-06	4.530347e-06	2.318729e-08	3.196490e+01	1.375792e+03
1.980000e-06	4.472052e-06	2.312253e-08	3.155359e+01	1.371852e+03
1.990000e-06	4.412307e-06	2.300211e-08	3.113204e+01	1.367814e+03
2.000000e-06	4.350841e-06	2.293710e-08	3.069836e+01	1.363684e+03
2.010000e-06	4.287748e-06	2.290122e-08	3.025319e+01	1.359456e+03
2.020000e-06	4.223123e-06	2.282593e-08	2.979721e+01	1.355118e+03
2.030000e-06	4.157053e-06	2.274169e-08	2.933104e+01	1.350653e+03
2.040000e-06	4.089530e-06	2.265245e-08	2.885461e+01	1.346047e+03
2.050000e-06	4.020455e-06	2.259613e-08	2.836724e+01	1.341294e+03
2.060000e-06	3.949787e-06	2.251374e-08	2.786863e+01	1.336398e+03
2.070000e-06	3.877626e-06	2.239394e-08	2.735948e+01	1.331369e+03
2.080000e-06	3.804158e-06	2.229730e-08	2.684111e+01	1.326222e+03
2.090000e-06	3.729269e-06	2.223059e-08	2.631271e+01	1.320967e+03
2.100000e-06	3.652827e-06	2.216493e-08	2.577336e+01	1.315605e+03
2.110000e-06	3.574848e-06	2.205612e-08	2.522316e+01	1.310134e+03
2.120000e-06	3.495477e-06	2.194523e-08	2.466314e+01	1.304541e+03
2.130000e-06	3.414883e-06	2.185550e-08	2.409449e+01	1.298813e+03
2.140000e-06	3.333164e-06	2.176539e-08	2.351790e+01	1.292938e+03
2.150000e-06	3.250431e-06	2.165203e-08	2.293416e+01	1.286909e+03
2.160000e-06	3.166604e-06	2.153205e-08	2.234270e+01	1.280725e+03
2.170000e-06	3.081587e-06	2.144285e-08	2.174284e+01	1.274393e+03
2.180000e-06	2.995316e-06	2.135491e-08	2.113414e+01	1.267918e+03
2.190000e-06	2.907902e-06	2.123134e-08	2.051737e+01	1.261307e+03
2.200000e-06	2.819537e-06	2.109088e-08	1.989389e+01	1.254561e+03
2.210000e-06	2.730211e-06	2.097727e-08	1.926363e+01	1.247677e+03
2.220000e-06	2.640000e-06	2.087910e-08	1.862712e+01	1.240650e+03
2.230000e-06	2.548937e-06	2.075619e-08	1.798461e+01	1.233472e+03
2.240000e-06	2.456976e-06	2.061783e-08	1.733575e+01	1.226138e+03
2.250000e-06	2.364119e-06	2.049681e-08	1.668058e+01	1.218643e+03
2.260000e-06	2.270396e-06	2.038371e-08	1.601930e+01	1.210987e+03
2.270000e-06	2.175793e-06	2.024519e-08	1.535180e+01	1.203171e+03
2.280000e-06	2.080340e-06	2.009133e-08	1.467832e+01	1.195193e+03
2.290000e-06	1.984231e-06	1.995795e-08	1.400020e+01	1.187052e+03
2.300000e-06	1.887509e-06	1.983788e-08	1.331776e+01	1.178740e+03
2.310000e-06	1.790150e-06	1.969500e-08	1.263081e+01	1.170249e+03
2.320000e-06	1.692152e-06	1.952980e-08	1.193937e+01	1.161571e+03
2.330000e-06	1.593601e-06	1.937446e-08	1.124402e+01	1.152697e+03
2.340000e-06	1.494648e-06	1.923311e-08	1.054583e+01	1.143623e+03
2.350000e-06	1.395225e-06	1.907902e-08	9.844328e+00	1.134349e+03
2.360000e-06	1.295206e-06	1.890892e-08	9.138622e+00	1.124876e+03
2.370000e-06	1.194726e-06	1.874589e-08	8.429661e+00	1.115206e+03
2.380000e-06	1.093888e-06	1.859298e-08	7.718181e+00	1.105336e+03
2.390000e-06	9.926224e-07	1.842458e-08	7.003675e+00	1.095260e+03
2.400000e-06	8.909502e-07	1.823534e-08	6.286304e+00	1.084965e+03
2.410000e-06	7.888945e-07	1.805089e-08	5.566226e+00	1.074434e+03
2.420000e-06	6.865038e-07	1.787818e-08	4.843785e+00	1.063650e+03
2.430000e-06	5.838164e-07	1.769754e-08	4.119250e+00	1.052599e+03
2.440000e-06	4.808557e-07	1.749931e-08	3.392788e+00	1.041270e+03
2.450000e-06	3.777015e-07	1.730209e-08	2.664960e+00	1.029655e+03
2.460000e-06	2.744250e-07	1.711394e-08	1.936268e+00	1.017746e+03
2.470000e-06	1.710838e-07	1.691395e-08	1.207121e+00	1.005529e+03
2.480000e-06	6.768015e-08	1.669004e-08	4.775328e-01	9.929770e+02
2.490000e-06	-3.574256e-08	1.646045e-08	-2.521898e-01	9.800494e+02
2.500000e-06	-1.391384e-07	1.624060e-08	-9.817226e-01	9.666884e+02
2.510000e-06	-2.424164e-07	1.601437e-08	-1.710424e+00	9.528257e+02
2.520000e-06	-3.455209e-07	1.576642e-08	-2.437902e+00	9.383914e+02
2.530000e-06	-4.485049e-07	1.550788e-08	-3.164529e+00	9.233248e+02
2.540000e-06	-5.513250e-07	1.525252e-08	-3.890000e+00	9.075852e+02
2.550000e-06	-6.539421e-07	1.498683e-08	-4.614038e+00	8.911579e+02
2.560000e-06	-7.562782e-07	1.469276e-08	-5.336094e+00	8.740538e+02
2.570000e-06	-8.582503e-07	1.438196e-08	-6.055582e+00	8.563021e+02
2.580000e-06	-9.598309e-07	1.407328e-08	-6.772307e+00	8.379369e+02
2.590000e-06	-1.061019e-06	1.376143e-08	-7.486266e+00	8.189812e+02
2.600000e-06	-1.161809e-06	1.343114e-08	-8.197412e+00	7.994317e+02
2.610000e-06	-1.262120e-06	1.308543e-08	-8.905174e+00	7.792484e+02
2.620000e-06	-1.361882e-06	1.273766e-08	-9.609071e+00	7.583506e+02
2.630000e-06	-1.461113e-06	1.238119e-08	-1.030922e+01	7.366210e+02
2.640000e-06	-1.559871e-06	1.199792e-08	-1.100603e+01	7.139144e+02
2.650000e-06	-1.658168e-06	1.158815e-08	-1.169959e+01	6.900685e+02
2.660000e-06	-1.755934e-06	1.116455e-08	-1.238939e+01	6.649137e+02
2.670000e-06	-1.853055e-06	1.072320e-08	-1.307466e+01	6.382790e+02
2.680000e-06	-1.949547e-06	1.024785e-08	-1.375547e+01	6.099920e+02
2.690000e-06	-2.045470e-06	9.737685e-09	-1.443228e+01	5.798747e+02
2.700000e-06	-2.140763e-06	9.203765e-09	-1.510464e+01	5.477377e+02
2.710000e-06	-2.235308e-06	8.638283e-09	-1.577173e+01	5.133745e+02
2.720000e-06	-2.328993e-06	8.024047e-09	-1.643275e+01	4.765591e+02
2.730000e-06	-2.421713e-06	7.356575e-09	-1.708695e+01	4.370499e+02
2.740000e-06	-2.513476e-06	6.644188e-09	-1.773441e+01	3.945973e+02
2.750000e-06	-2.604293e-06	5.885173e-09	-1.837519e+01	3.489574e+02
2.760000e-06	-2.694176e-06	5.064119e-09	-1.900937e+01	2.999081e+02
2.770000e-06	-2.783115e-06	4.177860e-09	-1.963691e+01	2.472685e+02
2.780000e-06	-2.871118e-06	3.235636e-09	-2.025783e+01	1.909188e+02
2.790000e-06	-2.958239e-06	2.239185e-09	-2.087253e+01	1.308226e+02
2.800000e-06	-3.044278e-06	1.177193e-09	-2.147960e+01	6.704877e+01
2.810000e-06	-3.129058e-06	4.838309e-11	-2.207778e+01	-2.066310e-01
2.820000e-06	-3.212681e-06	-1.133867e-09	-2.266781e+01	-7.060321e+01
2.830000e-06	-3.295230e-06	-2.355857e-09	-2.325025e+01	-1.436469e+02
2.840000e-06	-3.376674e-06	-3.612992e-09	-2.382490e+01	-2.186938e+02
2.850000e-06	-3.457011e-06	-4.895344e-09	-2.439174e+01	-2.949697e+02
2.860000e-06	-3.536166e-06	-6.181713e-09	-2.495023e+01	-3.716080e+02
2.870000e-06	-3.613879e-06	-7.455039e-09	-2.549855e+01	-4.477013e+02
2.880000e-06	-3.690033e-06	-8.706869e-09	-2.603587e+01	-5.223621e+02
2.890000e-06	-3.764741e-06	-9.929343e-09	-2.656300e+01	-5.947822e+02
2.900000e-06	-3.838079e-06	-1.110456e-08	-2.708044e+01	-6.642819e+02
2.910000e-06	-3.910083e-06	-1.221688e-08	-2.758849e+01	-7.303412e+02
2.920000e-06	-3.980706e-06	-1.326647e-08	-2.808678e+01	-7.926089e+02
2.930000e-06	-4.049755e-06	-1.425595e-08	-2.857398e+01	-8.508900e+02
2.940000e-06	-4.117282e-06	-1.517675e-08	-2.905043e+01	-9.051185e+02
2.950000e-06	-4.183455e-06	-1.602341e-08	-2.951733e+01	-9.553232e+02
2.960000e-06	-4.248204e-06	-1.680274e-08	-2.997418e+01	-1.001594e+03
2.970000e-06	-4.311533e-06	-1.752253e-08	-3.042101e+01	-1.044061e+03
2.980000e-06	-4.373299e-06	-1.818311e-08	-3.085681e+01	-1.082875e+03
2.990000e-06	-4.433298e-06	-1.878008e-08	-3.128015e+01	-1.118212e+03
3.000000e-06	-4.491702e-06	-1.932061e-08	-3.169224e+01	-1.150273e+03
3.010000e-06	-4.548667e-06	-1.981604e-08	-3.209416e+01	-1.179283e+03
3.020000e-06	-4.604084e-06	-2.026419e-08	-3.248517e+01	-1.205490e+03
3.030000e-06	-4.657588e-06	-2.066296e-08	-3.286268e+01	-1.229158e+03
3.040000e-06	-4.709101e-06	-2.102353e-08	-3.322614e+01	-1.250545e+03
3.050000e-06	-4.758815e-06	-2.135534e-08	-3.357691e+01	-1.269891e+03
3.060000e-06	-4.806624e-06	-2.165704e-08	-3.391423e+01	-1.287407e+03
3.070000e-06	-4.852558e-06	-2.192453e-08	-3.423834e+01	-1.303263e+03
3.080000e-06	-4.896875e-06	-2.216481e-08	-3.455102e+01	-1.317597e+03
3.090000e-06	-4.939672e-06	-2.238619e-08	-3.485299e+01	-1.330524e+03
3.100000e-06	-4.980929e-06	-2.258868e-08	-3.514409e+01	-1.342148e+03
3.110000e-06	-5.020597e-06	-2.276792e-08	-3.542397e+01	-1.352573e+03
3.120000e-06	-5.058405e-06	-2.292608e-08	-3.569074e+01	-1.361907e+03
3.130000e-06	-5.094256e-06	-2.307024e-08	-3.594369e+01	-1.370266e+03
3.140000e-06	-5.128348e-06	-2.319987e-08	-3.618424e+01	-1.377759e+03
3.150000e-06	-5.160722e-06	-2.331435e-08	-3.641266e+01	-1.384485e+03
3.160000e-06	-5.191196e-06	-2.341659e-08	-3.662768e+01	-1.390526e+03
3.170000e-06	-5.219694e-06	-2.351005e-08	-3.682874e+01	-1.395940e+03
3.180000e-06	-5.246386e-06	-2.359449e-08	-3.701708e+01	-1.400774e+03
3.190000e-06	-5.271325e-06	-2.366826e-08	-3.719304e+01	-1.405061e+03
3.200000e-06	-5.294431e-06	-2.373196e-08	-3.735607e+01	-1.408841e+03
3.210000e-06	-5.315552e-06	-2.378746e-08	-3.750509e+01	-1.412154e+03
3.220000e-06	-5.334768e-06	-2.383647e-08	-3.764068e+01	-1.415053e+03
3.230000e-06	-5.352206e-06	-2.387846e-08	-3.776372e+01	-1.417588e+03
3.240000e-06	-5.367742e-06	-2.391330e-08	-3.787333e+01	-1.419806e+03
3.250000e-06	-5.381098e-06	-2.394477e-08	-3.796757e+01	-1.421741e+03
3.260000e-06	-5.392273e-06	-2.397429e-08	-3.804642e+01	-1.423412e+03
3.270000e-06	-5.401601e-06	-2.400037e-08	-3.811224e+01	-1.424822e+03
3.280000e-06	-5.409108e-06	-2.402130e-08	-3.816520e+01	-1.425969e+03
3.290000e-06	-5.414565e-06	-2.403730e-08	-3.820371e+01	-1.426852e+03
3.300000e-06	-5.418045e-06	-2.405005e-08	-3.822826e+01	-1.427481e+03
3.310000e-06	-5.419785e-06	-2.405875e-08	-3.824053e+01	-1.427879e+03
3.320000e-06	-5.419786e-06	-2.406090e-08	-3.824054e+01	-1.428081e+03
