# Temperatura_=_71.16
# Concentracion g/m^3_=_20000.0
# C_Vs_to_Am_M_A/Vsm_=_59384043850.047264
# pendiente_HvsI_1/m_=_3716.3
# ordenada_HvsI_A/m_=_1297.0
# frecuencia_Hz_=_301148.7066663555

Tiempo_(s)	Campo_(V.s)	Magnetizacion_(V.s)	Campo_(kA/m)	Magnetizacion_(A/m)
0.000000e+00	-5.399207e-06	-2.548123e-08	-3.823488e+01	-1.512464e+03
1.000000e-08	-5.396904e-06	-2.548131e-08	-3.821857e+01	-1.512392e+03
2.000000e-08	-5.392729e-06	-2.547772e-08	-3.818900e+01	-1.512159e+03
3.000000e-08	-5.386952e-06	-2.547032e-08	-3.814809e+01	-1.511785e+03
4.000000e-08	-5.379567e-06	-2.546060e-08	-3.809579e+01	-1.511296e+03
5.000000e-08	-5.370459e-06	-2.544996e-08	-3.803130e+01	-1.510712e+03
6.000000e-08	-5.359383e-06	-2.544167e-08	-3.795286e+01	-1.510040e+03
7.000000e-08	-5.346274e-06	-2.543259e-08	-3.786003e+01	-1.509276e+03
8.000000e-08	-5.331012e-06	-2.540432e-08	-3.775195e+01	-1.508404e+03
9.000000e-08	-5.313398e-06	-2.538282e-08	-3.762721e+01	-1.507410e+03
1.000000e-07	-5.293590e-06	-2.537725e-08	-3.748694e+01	-1.506288e+03
1.100000e-07	-5.271878e-06	-2.536138e-08	-3.733318e+01	-1.505046e+03
1.200000e-07	-5.248564e-06	-2.535581e-08	-3.716808e+01	-1.503710e+03
1.300000e-07	-5.223991e-06	-2.533339e-08	-3.699407e+01	-1.502308e+03
1.400000e-07	-5.197909e-06	-2.524701e-08	-3.680937e+01	-1.500868e+03
1.500000e-07	-5.169903e-06	-2.525948e-08	-3.661104e+01	-1.499396e+03
1.600000e-07	-5.140220e-06	-2.526105e-08	-3.640084e+01	-1.497879e+03
1.700000e-07	-5.108934e-06	-2.517619e-08	-3.617929e+01	-1.496279e+03
1.800000e-07	-5.075629e-06	-2.517263e-08	-3.594343e+01	-1.494551e+03
1.900000e-07	-5.040369e-06	-2.513611e-08	-3.569374e+01	-1.492653e+03
2.000000e-07	-5.003499e-06	-2.510298e-08	-3.543264e+01	-1.490562e+03
2.100000e-07	-4.964913e-06	-2.510004e-08	-3.515939e+01	-1.488285e+03
2.200000e-07	-4.924632e-06	-2.502460e-08	-3.487414e+01	-1.485851e+03
2.300000e-07	-4.882480e-06	-2.496092e-08	-3.457563e+01	-1.483308e+03
2.400000e-07	-4.838344e-06	-2.493907e-08	-3.426308e+01	-1.480700e+03
2.500000e-07	-4.792482e-06	-2.489463e-08	-3.393831e+01	-1.478056e+03
2.600000e-07	-4.744886e-06	-2.486003e-08	-3.360126e+01	-1.475378e+03
2.700000e-07	-4.695375e-06	-2.479221e-08	-3.325064e+01	-1.472641e+03
2.800000e-07	-4.643775e-06	-2.475389e-08	-3.288523e+01	-1.469807e+03
2.900000e-07	-4.590159e-06	-2.472989e-08	-3.250555e+01	-1.466835e+03
3.000000e-07	-4.534898e-06	-2.465228e-08	-3.211421e+01	-1.463699e+03
3.100000e-07	-4.478159e-06	-2.458525e-08	-3.171240e+01	-1.460398e+03
3.200000e-07	-4.419731e-06	-2.452612e-08	-3.129864e+01	-1.456952e+03
3.300000e-07	-4.359588e-06	-2.448865e-08	-3.087274e+01	-1.453393e+03
3.400000e-07	-4.297958e-06	-2.442843e-08	-3.043630e+01	-1.449755e+03
3.500000e-07	-4.234930e-06	-2.435467e-08	-2.998997e+01	-1.446056e+03
3.600000e-07	-4.170455e-06	-2.429211e-08	-2.953338e+01	-1.442292e+03
3.700000e-07	-4.104326e-06	-2.422286e-08	-2.906508e+01	-1.438440e+03
3.800000e-07	-4.036470e-06	-2.416403e-08	-2.858455e+01	-1.434465e+03
3.900000e-07	-3.967153e-06	-2.409257e-08	-2.809368e+01	-1.430338e+03
4.000000e-07	-3.896577e-06	-2.401563e-08	-2.759389e+01	-1.426043e+03
4.100000e-07	-3.824782e-06	-2.395442e-08	-2.708547e+01	-1.421585e+03
4.200000e-07	-3.751625e-06	-2.388362e-08	-2.656740e+01	-1.416987e+03
4.300000e-07	-3.676828e-06	-2.379905e-08	-2.603772e+01	-1.412283e+03
4.400000e-07	-3.600420e-06	-2.370643e-08	-2.549664e+01	-1.407499e+03
4.500000e-07	-3.522683e-06	-2.362518e-08	-2.494613e+01	-1.402647e+03
4.600000e-07	-3.443561e-06	-2.354931e-08	-2.438583e+01	-1.397717e+03
4.700000e-07	-3.362978e-06	-2.346250e-08	-2.381517e+01	-1.392684e+03
4.800000e-07	-3.281165e-06	-2.337743e-08	-2.323581e+01	-1.387512e+03
4.900000e-07	-3.198266e-06	-2.328691e-08	-2.264875e+01	-1.382172e+03
5.000000e-07	-3.114327e-06	-2.319971e-08	-2.205433e+01	-1.376648e+03
5.100000e-07	-3.029470e-06	-2.310213e-08	-2.145341e+01	-1.370941e+03
5.200000e-07	-2.943668e-06	-2.299088e-08	-2.084580e+01	-1.365069e+03
5.300000e-07	-2.856792e-06	-2.288588e-08	-2.023058e+01	-1.359057e+03
5.400000e-07	-2.768970e-06	-2.279089e-08	-1.960866e+01	-1.352924e+03
5.500000e-07	-2.680287e-06	-2.269372e-08	-1.898064e+01	-1.346680e+03
5.600000e-07	-2.590551e-06	-2.258129e-08	-1.834518e+01	-1.340316e+03
5.700000e-07	-2.499622e-06	-2.247191e-08	-1.770125e+01	-1.333816e+03
5.800000e-07	-2.407700e-06	-2.236249e-08	-1.705030e+01	-1.327156e+03
5.900000e-07	-2.315052e-06	-2.224527e-08	-1.639421e+01	-1.320318e+03
6.000000e-07	-2.221702e-06	-2.212028e-08	-1.573314e+01	-1.313290e+03
6.100000e-07	-2.127591e-06	-2.199892e-08	-1.506669e+01	-1.306075e+03
6.200000e-07	-2.032698e-06	-2.188488e-08	-1.439470e+01	-1.298679e+03
6.300000e-07	-1.937093e-06	-2.176133e-08	-1.371766e+01	-1.291112e+03
6.400000e-07	-1.840882e-06	-2.162601e-08	-1.303634e+01	-1.283378e+03
6.500000e-07	-1.744065e-06	-2.148743e-08	-1.235072e+01	-1.275474e+03
6.600000e-07	-1.646466e-06	-2.135465e-08	-1.165957e+01	-1.267389e+03
6.700000e-07	-1.548083e-06	-2.121895e-08	-1.096286e+01	-1.259107e+03
6.800000e-07	-1.449060e-06	-2.107585e-08	-1.026162e+01	-1.250614e+03
6.900000e-07	-1.349435e-06	-2.093014e-08	-9.556121e+00	-1.241903e+03
7.000000e-07	-1.249352e-06	-2.078642e-08	-8.847376e+00	-1.232971e+03
7.100000e-07	-1.148897e-06	-2.063716e-08	-8.135994e+00	-1.223822e+03
7.200000e-07	-1.048111e-06	-2.047470e-08	-7.422277e+00	-1.214459e+03
7.300000e-07	-9.470494e-07	-2.030761e-08	-6.706599e+00	-1.204879e+03
7.400000e-07	-8.456645e-07	-2.014441e-08	-5.988634e+00	-1.195074e+03
7.500000e-07	-7.439681e-07	-1.998091e-08	-5.268464e+00	-1.185029e+03
7.600000e-07	-6.419763e-07	-1.980649e-08	-4.546201e+00	-1.174723e+03
7.700000e-07	-5.397315e-07	-1.962588e-08	-3.822148e+00	-1.164138e+03
7.800000e-07	-4.373365e-07	-1.944415e-08	-3.097030e+00	-1.153255e+03
7.900000e-07	-3.347900e-07	-1.925878e-08	-2.370840e+00	-1.142058e+03
8.000000e-07	-2.321245e-07	-1.906294e-08	-1.643806e+00	-1.130530e+03
8.100000e-07	-1.293831e-07	-1.885670e-08	-9.162359e-01	-1.118646e+03
8.200000e-07	-2.657745e-08	-1.864968e-08	-1.882101e-01	-1.106372e+03
8.300000e-07	7.623930e-08	-1.843994e-08	5.398941e-01	-1.093657e+03
8.400000e-07	1.790681e-07	-1.821887e-08	1.268084e+00	-1.080440e+03
8.500000e-07	2.818725e-07	-1.798353e-08	1.996101e+00	-1.066652e+03
8.600000e-07	3.845754e-07	-1.774160e-08	2.723398e+00	-1.052230e+03
8.700000e-07	4.871016e-07	-1.749310e-08	3.449445e+00	-1.037123e+03
8.800000e-07	5.894524e-07	-1.722815e-08	4.174250e+00	-1.021300e+03
8.900000e-07	6.915983e-07	-1.694299e-08	4.897604e+00	-1.004753e+03
9.000000e-07	7.934660e-07	-1.664785e-08	5.618987e+00	-9.874924e+02
9.100000e-07	8.950231e-07	-1.634886e-08	6.338171e+00	-9.695351e+02
9.200000e-07	9.962389e-07	-1.603793e-08	7.054938e+00	-9.508962e+02
9.300000e-07	1.097152e-06	-1.571143e-08	7.769560e+00	-9.315718e+02
9.400000e-07	1.197801e-06	-1.537445e-08	8.482312e+00	-9.115268e+02
9.500000e-07	1.298128e-06	-1.502719e-08	9.192789e+00	-8.906844e+02
9.600000e-07	1.398034e-06	-1.465985e-08	9.900277e+00	-8.689201e+02
9.700000e-07	1.497378e-06	-1.426935e-08	1.060379e+01	-8.460603e+02
9.800000e-07	1.596036e-06	-1.385808e-08	1.130244e+01	-8.218863e+02
9.900000e-07	1.693995e-06	-1.342673e-08	1.199615e+01	-7.961418e+02
1.000000e-06	1.791293e-06	-1.296467e-08	1.268517e+01	-7.685430e+02
1.010000e-06	1.887872e-06	-1.246010e-08	1.336910e+01	-7.387879e+02
1.020000e-06	1.983714e-06	-1.191192e-08	1.404781e+01	-7.065626e+02
1.030000e-06	2.078830e-06	-1.131807e-08	1.472138e+01	-6.715408e+02
1.040000e-06	2.173232e-06	-1.067215e-08	1.538990e+01	-6.333760e+02
1.050000e-06	2.266925e-06	-9.962675e-09	1.605339e+01	-5.916891e+02
1.060000e-06	2.359918e-06	-9.185890e-09	1.671193e+01	-5.460550e+02
1.070000e-06	2.452329e-06	-8.336635e-09	1.736634e+01	-4.959987e+02
1.080000e-06	2.544003e-06	-7.403674e-09	1.801554e+01	-4.410075e+02
1.090000e-06	2.634594e-06	-6.376544e-09	1.865707e+01	-3.805692e+02
1.100000e-06	2.724032e-06	-5.249008e-09	1.929043e+01	-3.142356e+02
1.110000e-06	2.812411e-06	-4.020271e-09	1.991629e+01	-2.417081e+02
1.120000e-06	2.899808e-06	-2.686316e-09	2.053520e+01	-1.629311e+02
1.130000e-06	2.986233e-06	-1.247061e-09	2.114723e+01	-7.817542e+01
1.140000e-06	3.071705e-06	2.850773e-10	2.175250e+01	1.190883e+01
1.150000e-06	3.156299e-06	1.885524e-09	2.235156e+01	1.062866e+02
1.160000e-06	3.239893e-06	3.530665e-09	2.294354e+01	2.035866e+02
1.170000e-06	3.322242e-06	5.197011e-09	2.352670e+01	3.022019e+02
1.180000e-06	3.403333e-06	6.854364e-09	2.410095e+01	4.004260e+02
1.190000e-06	3.483180e-06	8.471925e-09	2.466639e+01	4.966036e+02
1.200000e-06	3.561735e-06	1.002905e-08	2.522268e+01	5.892674e+02
1.210000e-06	3.639060e-06	1.151014e-08	2.577026e+01	6.772414e+02
1.220000e-06	3.715071e-06	1.289840e-08	2.630854e+01	7.596941e+02
1.230000e-06	3.789546e-06	1.418084e-08	2.683595e+01	8.361417e+02
1.240000e-06	3.862506e-06	1.535480e-08	2.735261e+01	9.064079e+02
1.250000e-06	3.934050e-06	1.642650e-08	2.785926e+01	9.705572e+02
1.260000e-06	4.004209e-06	1.740056e-08	2.835609e+01	1.028819e+03
1.270000e-06	4.073076e-06	1.827888e-08	2.884378e+01	1.081518e+03
1.280000e-06	4.140583e-06	1.906934e-08	2.932184e+01	1.129026e+03
1.290000e-06	4.206472e-06	1.978200e-08	2.978843e+01	1.171726e+03
1.300000e-06	4.270742e-06	2.042412e-08	3.024357e+01	1.210004e+03
1.310000e-06	4.333572e-06	2.099721e-08	3.068850e+01	1.244238e+03
1.320000e-06	4.395027e-06	2.150430e-08	3.112370e+01	1.274797e+03
1.330000e-06	4.455131e-06	2.195532e-08	3.154933e+01	1.302045e+03
1.340000e-06	4.513630e-06	2.235973e-08	3.196360e+01	1.326328e+03
1.350000e-06	4.570303e-06	2.272167e-08	3.236493e+01	1.347969e+03
1.360000e-06	4.625306e-06	2.304224e-08	3.275444e+01	1.367264e+03
1.370000e-06	4.678611e-06	2.332665e-08	3.313192e+01	1.384477e+03
1.380000e-06	4.729932e-06	2.358267e-08	3.349535e+01	1.399841e+03
1.390000e-06	4.779238e-06	2.381256e-08	3.384452e+01	1.413564e+03
1.400000e-06	4.826752e-06	2.401555e-08	3.418099e+01	1.425829e+03
1.410000e-06	4.872659e-06	2.419637e-08	3.450608e+01	1.436799e+03
1.420000e-06	4.916971e-06	2.435920e-08	3.481988e+01	1.446621e+03
1.430000e-06	4.959481e-06	2.450560e-08	3.512092e+01	1.455422e+03
1.440000e-06	5.000122e-06	2.463636e-08	3.540872e+01	1.463310e+03
1.450000e-06	5.039073e-06	2.475275e-08	3.568456e+01	1.470375e+03
1.460000e-06	5.076395e-06	2.485827e-08	3.594886e+01	1.476698e+03
1.470000e-06	5.111984e-06	2.495324e-08	3.620088e+01	1.482346e+03
1.480000e-06	5.145660e-06	2.503512e-08	3.643937e+01	1.487388e+03
1.490000e-06	5.177416e-06	2.510698e-08	3.666424e+01	1.491891e+03
1.500000e-06	5.207449e-06	2.517304e-08	3.687692e+01	1.495918e+03
1.510000e-06	5.235840e-06	2.523409e-08	3.707798e+01	1.499531e+03
1.520000e-06	5.262273e-06	2.528896e-08	3.726517e+01	1.502780e+03
1.530000e-06	5.286597e-06	2.533974e-08	3.743742e+01	1.505697e+03
1.540000e-06	5.309095e-06	2.538719e-08	3.759674e+01	1.508304e+03
1.550000e-06	5.329950e-06	2.542770e-08	3.774443e+01	1.510609e+03
1.560000e-06	5.349039e-06	2.546048e-08	3.787961e+01	1.512616e+03
1.570000e-06	5.366148e-06	2.548568e-08	3.800076e+01	1.514335e+03
1.580000e-06	5.381273e-06	2.550614e-08	3.810788e+01	1.515785e+03
1.590000e-06	5.394433e-06	2.552542e-08	3.820107e+01	1.516997e+03
1.600000e-06	5.405436e-06	2.554253e-08	3.827898e+01	1.518006e+03
1.610000e-06	5.414293e-06	2.555748e-08	3.834171e+01	1.518848e+03
1.620000e-06	5.421228e-06	2.557190e-08	3.839082e+01	1.519546e+03
1.630000e-06	5.426397e-06	2.558502e-08	3.842742e+01	1.520110e+03
1.640000e-06	5.429716e-06	2.559355e-08	3.845093e+01	1.520535e+03
1.650000e-06	5.430997e-06	2.559542e-08	3.846000e+01	1.520807e+03
1.660000e-06	5.430419e-06	2.559348e-08	3.845591e+01	1.520913e+03
1.670000e-06	5.428184e-06	2.558968e-08	3.844008e+01	1.520847e+03
1.680000e-06	5.424299e-06	2.558641e-08	3.841256e+01	1.520620e+03
1.690000e-06	5.418535e-06	2.558063e-08	3.837175e+01	1.520251e+03
1.700000e-06	5.410913e-06	2.557520e-08	3.831777e+01	1.519765e+03
1.710000e-06	5.401672e-06	2.556975e-08	3.825233e+01	1.519184e+03
1.720000e-06	5.390738e-06	2.555737e-08	3.817490e+01	1.518516e+03
1.730000e-06	5.377864e-06	2.554116e-08	3.808373e+01	1.517755e+03
1.740000e-06	5.362940e-06	2.554549e-08	3.797805e+01	1.516888e+03
1.750000e-06	5.345853e-06	2.552100e-08	3.785704e+01	1.515899e+03
1.760000e-06	5.326210e-06	2.549000e-08	3.771794e+01	1.514781e+03
1.770000e-06	5.304068e-06	2.545687e-08	3.756114e+01	1.513543e+03
1.780000e-06	5.280196e-06	2.540903e-08	3.739209e+01	1.512209e+03
1.790000e-06	5.255297e-06	2.544817e-08	3.721577e+01	1.510810e+03
1.800000e-06	5.229184e-06	2.540523e-08	3.703085e+01	1.509371e+03
1.810000e-06	5.201103e-06	2.536224e-08	3.683199e+01	1.507901e+03
1.820000e-06	5.171101e-06	2.539768e-08	3.661953e+01	1.506385e+03
1.830000e-06	5.139404e-06	2.531472e-08	3.639506e+01	1.504790e+03
1.840000e-06	5.105755e-06	2.528899e-08	3.615677e+01	1.503067e+03
1.850000e-06	5.070479e-06	2.528744e-08	3.590696e+01	1.501176e+03
1.860000e-06	5.033474e-06	2.518829e-08	3.564491e+01	1.499092e+03
1.870000e-06	4.994468e-06	2.519758e-08	3.536868e+01	1.496821e+03
1.880000e-06	4.953816e-06	2.518760e-08	3.508080e+01	1.494392e+03
1.890000e-06	4.911466e-06	2.510827e-08	3.478090e+01	1.491852e+03
1.900000e-06	4.867505e-06	2.508183e-08	3.446959e+01	1.489246e+03
1.910000e-06	4.821813e-06	2.499004e-08	3.414602e+01	1.486603e+03
1.920000e-06	4.774047e-06	2.497562e-08	3.380776e+01	1.483926e+03
1.930000e-06	4.724597e-06	2.494803e-08	3.345757e+01	1.481193e+03
1.940000e-06	4.673525e-06	2.484905e-08	3.309591e+01	1.478363e+03
1.950000e-06	4.620524e-06	2.485082e-08	3.272057e+01	1.475396e+03
1.960000e-06	4.565570e-06	2.479370e-08	3.233141e+01	1.472267e+03
1.970000e-06	4.508870e-06	2.473777e-08	3.192989e+01	1.468972e+03
1.980000e-06	4.450730e-06	2.467127e-08	3.151817e+01	1.465530e+03
1.990000e-06	4.391104e-06	2.458070e-08	3.109592e+01	1.461975e+03
2.000000e-06	4.329786e-06	2.456187e-08	3.066169e+01	1.458340e+03
2.010000e-06	4.266785e-06	2.447900e-08	3.021554e+01	1.454643e+03
2.020000e-06	4.202255e-06	2.442406e-08	2.975857e+01	1.450881e+03
2.030000e-06	4.136337e-06	2.436341e-08	2.929177e+01	1.447033e+03
2.040000e-06	4.068990e-06	2.428455e-08	2.881485e+01	1.443064e+03
2.050000e-06	4.000035e-06	2.423982e-08	2.832653e+01	1.438942e+03
2.060000e-06	3.929474e-06	2.413223e-08	2.782685e+01	1.434653e+03
2.070000e-06	3.857534e-06	2.406050e-08	2.731740e+01	1.430200e+03
2.080000e-06	3.784264e-06	2.398044e-08	2.679854e+01	1.425608e+03
2.090000e-06	3.709543e-06	2.391245e-08	2.626940e+01	1.420907e+03
2.100000e-06	3.633333e-06	2.384554e-08	2.572971e+01	1.416125e+03
2.110000e-06	3.555544e-06	2.374226e-08	2.517884e+01	1.411276e+03
2.120000e-06	3.476352e-06	2.367020e-08	2.461804e+01	1.406350e+03
2.130000e-06	3.396019e-06	2.357410e-08	2.404915e+01	1.401321e+03
2.140000e-06	3.314540e-06	2.349233e-08	2.347216e+01	1.396155e+03
2.150000e-06	3.232017e-06	2.339556e-08	2.288776e+01	1.390821e+03
2.160000e-06	3.148471e-06	2.330485e-08	2.229612e+01	1.385303e+03
2.170000e-06	3.063744e-06	2.322865e-08	2.169613e+01	1.379603e+03
2.180000e-06	2.977665e-06	2.312638e-08	2.108655e+01	1.373737e+03
2.190000e-06	2.890390e-06	2.302006e-08	2.046851e+01	1.367729e+03
2.200000e-06	2.802215e-06	2.290149e-08	1.984409e+01	1.361601e+03
2.210000e-06	2.713079e-06	2.280382e-08	1.921286e+01	1.355360e+03
2.220000e-06	2.623012e-06	2.269850e-08	1.857505e+01	1.349001e+03
2.230000e-06	2.532184e-06	2.258612e-08	1.793184e+01	1.342506e+03
2.240000e-06	2.440562e-06	2.247650e-08	1.728302e+01	1.335853e+03
2.250000e-06	2.348023e-06	2.236601e-08	1.662769e+01	1.329021e+03
2.260000e-06	2.254568e-06	2.225230e-08	1.596589e+01	1.322001e+03
2.270000e-06	2.160154e-06	2.212110e-08	1.529728e+01	1.314792e+03
2.280000e-06	2.064886e-06	2.199242e-08	1.462264e+01	1.307402e+03
2.290000e-06	1.969037e-06	2.186942e-08	1.394388e+01	1.299841e+03
2.300000e-06	1.872631e-06	2.174594e-08	1.326117e+01	1.292114e+03
2.310000e-06	1.775564e-06	2.160907e-08	1.257379e+01	1.284216e+03
2.320000e-06	1.677804e-06	2.146585e-08	1.188149e+01	1.276138e+03
2.330000e-06	1.579525e-06	2.132615e-08	1.118552e+01	1.267863e+03
2.340000e-06	1.480825e-06	2.118559e-08	1.048657e+01	1.259378e+03
2.350000e-06	1.381688e-06	2.103628e-08	9.784524e+00	1.250675e+03
2.360000e-06	1.282104e-06	2.088238e-08	9.079309e+00	1.241751e+03
2.370000e-06	1.182115e-06	2.073380e-08	8.371232e+00	1.232610e+03
2.380000e-06	1.081798e-06	2.058102e-08	7.660834e+00	1.223254e+03
2.390000e-06	9.810436e-07	2.041314e-08	6.947331e+00	1.213682e+03
2.400000e-06	8.797654e-07	2.023608e-08	6.230122e+00	1.203886e+03
2.410000e-06	7.780735e-07	2.006593e-08	5.509984e+00	1.193850e+03
2.420000e-06	6.760591e-07	1.989872e-08	4.787562e+00	1.183554e+03
2.430000e-06	5.737468e-07	1.972436e-08	4.063029e+00	1.172979e+03
2.440000e-06	4.711824e-07	1.954166e-08	3.336712e+00	1.162107e+03
2.450000e-06	3.684604e-07	1.935677e-08	2.609279e+00	1.150921e+03
2.460000e-06	2.655732e-07	1.916795e-08	1.880676e+00	1.139405e+03
2.470000e-06	1.625248e-07	1.896359e-08	1.150931e+00	1.127535e+03
2.480000e-06	5.942501e-08	1.874743e-08	4.208225e-01	1.115276e+03
2.490000e-06	-4.365985e-08	1.853022e-08	-3.091804e-01	1.102578e+03
2.500000e-06	-1.466692e-07	1.831466e-08	-1.038648e+00	1.089380e+03
2.510000e-06	-2.496152e-07	1.808781e-08	-1.767668e+00	1.075613e+03
2.520000e-06	-3.524734e-07	1.784354e-08	-2.496066e+00	1.061215e+03
2.530000e-06	-4.551459e-07	1.758874e-08	-3.223149e+00	1.046133e+03
2.540000e-06	-5.576362e-07	1.732568e-08	-3.948941e+00	1.030337e+03
2.550000e-06	-6.598763e-07	1.704700e-08	-4.672962e+00	1.013816e+03
2.560000e-06	-7.617060e-07	1.674895e-08	-5.394076e+00	9.965803e+02
2.570000e-06	-8.631205e-07	1.644233e-08	-6.112250e+00	9.786477e+02
2.580000e-06	-9.641451e-07	1.613346e-08	-6.827664e+00	9.600331e+02
2.590000e-06	-1.064750e-06	1.581450e-08	-7.540101e+00	9.407337e+02
2.600000e-06	-1.164944e-06	1.547719e-08	-8.249635e+00	9.207156e+02
2.610000e-06	-1.264722e-06	1.512434e-08	-8.956222e+00	8.999036e+02
2.620000e-06	-1.364069e-06	1.476132e-08	-9.659755e+00	8.781750e+02
2.630000e-06	-1.462975e-06	1.437977e-08	-1.036016e+01	8.553580e+02
2.640000e-06	-1.561437e-06	1.396956e-08	-1.105743e+01	8.312353e+02
2.650000e-06	-1.659391e-06	1.353297e-08	-1.175109e+01	8.055517e+02
2.660000e-06	-1.756709e-06	1.307414e-08	-1.244026e+01	7.780243e+02
2.670000e-06	-1.853400e-06	1.258202e-08	-1.312498e+01	7.483517e+02
2.680000e-06	-1.949510e-06	1.204341e-08	-1.380560e+01	7.162203e+02
2.690000e-06	-2.045060e-06	1.145786e-08	-1.448224e+01	6.813042e+02
2.700000e-06	-2.140010e-06	1.082651e-08	-1.515464e+01	6.432581e+02
2.710000e-06	-2.234127e-06	1.013699e-08	-1.582113e+01	6.017041e+02
2.720000e-06	-2.327288e-06	9.373669e-09	-1.648086e+01	5.562190e+02
2.730000e-06	-2.419556e-06	8.533207e-09	-1.713426e+01	5.063294e+02
2.740000e-06	-2.510911e-06	7.618335e-09	-1.778120e+01	4.515236e+02
2.750000e-06	-2.601322e-06	6.619767e-09	-1.842145e+01	3.912883e+02
2.760000e-06	-2.690819e-06	5.517295e-09	-1.905523e+01	3.251716e+02
2.770000e-06	-2.779418e-06	4.305838e-09	-1.968265e+01	2.528681e+02
2.780000e-06	-2.867152e-06	2.994014e-09	-2.030394e+01	1.743118e+02
2.790000e-06	-2.953900e-06	1.587308e-09	-2.091825e+01	8.976097e+01
2.800000e-06	-3.039455e-06	8.590306e-11	-2.152412e+01	-1.484686e-01
2.810000e-06	-3.123844e-06	-1.496645e-09	-2.212173e+01	-9.439463e+01
2.820000e-06	-3.207152e-06	-3.128284e-09	-2.271168e+01	-1.916168e+02
2.830000e-06	-3.289351e-06	-4.778430e-09	-2.329378e+01	-2.902142e+02
2.840000e-06	-3.370413e-06	-6.429160e-09	-2.386782e+01	-3.884814e+02
2.850000e-06	-3.450401e-06	-8.053255e-09	-2.443426e+01	-4.847587e+02
2.860000e-06	-3.529164e-06	-9.616221e-09	-2.499203e+01	-5.775702e+02
2.870000e-06	-3.606433e-06	-1.109807e-08	-2.553922e+01	-6.657280e+02
2.880000e-06	-3.682193e-06	-1.249170e-08	-2.607572e+01	-7.483881e+02
2.890000e-06	-3.756513e-06	-1.379164e-08	-2.660202e+01	-8.250547e+02
2.900000e-06	-3.829476e-06	-1.498740e-08	-2.711871e+01	-8.955417e+02
2.910000e-06	-3.901145e-06	-1.607567e-08	-2.762624e+01	-9.599061e+02
2.920000e-06	-3.971350e-06	-1.706861e-08	-2.812340e+01	-1.018372e+03
2.930000e-06	-4.039970e-06	-1.797442e-08	-2.860934e+01	-1.071264e+03
2.940000e-06	-4.107132e-06	-1.878749e-08	-2.908495e+01	-1.118950e+03
2.950000e-06	-4.172893e-06	-1.950991e-08	-2.955065e+01	-1.161816e+03
2.960000e-06	-4.237262e-06	-2.015753e-08	-3.000648e+01	-1.200246e+03
2.970000e-06	-4.300202e-06	-2.074306e-08	-3.045219e+01	-1.234617e+03
2.980000e-06	-4.361511e-06	-2.126775e-08	-3.088635e+01	-1.265301e+03
2.990000e-06	-4.421149e-06	-2.173086e-08	-3.130869e+01	-1.292661e+03
3.000000e-06	-4.479289e-06	-2.214501e-08	-3.172041e+01	-1.317044e+03
3.010000e-06	-4.535959e-06	-2.252167e-08	-3.212172e+01	-1.338774e+03
3.020000e-06	-4.591056e-06	-2.285684e-08	-3.251189e+01	-1.358148e+03
3.030000e-06	-4.644281e-06	-2.314867e-08	-3.288881e+01	-1.375431e+03
3.040000e-06	-4.695529e-06	-2.340789e-08	-3.325173e+01	-1.390857e+03
3.050000e-06	-4.744873e-06	-2.364255e-08	-3.360116e+01	-1.404635e+03
3.060000e-06	-4.792232e-06	-2.385139e-08	-3.393654e+01	-1.416949e+03
3.070000e-06	-4.837799e-06	-2.403624e-08	-3.425922e+01	-1.427963e+03
3.080000e-06	-4.881884e-06	-2.420567e-08	-3.457142e+01	-1.437824e+03
3.090000e-06	-4.924482e-06	-2.436202e-08	-3.487307e+01	-1.446659e+03
3.100000e-06	-4.965504e-06	-2.450149e-08	-3.516357e+01	-1.454577e+03
3.110000e-06	-5.004898e-06	-2.462216e-08	-3.544254e+01	-1.461671e+03
3.120000e-06	-5.042461e-06	-2.473019e-08	-3.570855e+01	-1.468019e+03
3.130000e-06	-5.078102e-06	-2.482892e-08	-3.596094e+01	-1.473690e+03
3.140000e-06	-5.111963e-06	-2.491516e-08	-3.620074e+01	-1.478752e+03
3.150000e-06	-5.144168e-06	-2.498867e-08	-3.642880e+01	-1.483273e+03
3.160000e-06	-5.174515e-06	-2.505557e-08	-3.664370e+01	-1.487316e+03
3.170000e-06	-5.202858e-06	-2.511999e-08	-3.684441e+01	-1.490943e+03
3.180000e-06	-5.229335e-06	-2.517872e-08	-3.703192e+01	-1.494203e+03
3.190000e-06	-5.254022e-06	-2.522806e-08	-3.720674e+01	-1.497132e+03
3.200000e-06	-5.276876e-06	-2.527031e-08	-3.736858e+01	-1.499750e+03
3.210000e-06	-5.297767e-06	-2.530920e-08	-3.751652e+01	-1.502065e+03
3.220000e-06	-5.316795e-06	-2.534377e-08	-3.765127e+01	-1.504083e+03
3.230000e-06	-5.334104e-06	-2.537188e-08	-3.777384e+01	-1.505812e+03
3.240000e-06	-5.349483e-06	-2.539429e-08	-3.788275e+01	-1.507271e+03
3.250000e-06	-5.362638e-06	-2.541630e-08	-3.797591e+01	-1.508490e+03
3.260000e-06	-5.373665e-06	-2.543697e-08	-3.805400e+01	-1.509506e+03
3.270000e-06	-5.382815e-06	-2.545252e-08	-3.811879e+01	-1.510353e+03
3.280000e-06	-5.390161e-06	-2.546250e-08	-3.817082e+01	-1.511056e+03
3.290000e-06	-5.395531e-06	-2.547128e-08	-3.820884e+01	-1.511625e+03
3.300000e-06	-5.398932e-06	-2.547964e-08	-3.823293e+01	-1.512056e+03
3.310000e-06	-5.400570e-06	-2.548442e-08	-3.824453e+01	-1.512333e+03
3.320000e-06	-5.400384e-06	-2.548445e-08	-3.824321e+01	-1.512444e+03
