# Temperatura_=_79.87
# Concentracion g/m^3_=_20000.0
# C_Vs_to_Am_M_A/Vsm_=_59384043850.047264
# pendiente_HvsI_1/m_=_3716.3
# ordenada_HvsI_A/m_=_1297.0
# frecuencia_Hz_=_301147.6077736092

Tiempo_(s)	Campo_(V.s)	Magnetizacion_(V.s)	Campo_(kA/m)	Magnetizacion_(A/m)
0.000000e+00	-5.409630e-06	-2.572117e-08	-3.823889e+01	-1.527065e+03
1.000000e-08	-5.407727e-06	-2.571929e-08	-3.822543e+01	-1.527052e+03
2.000000e-08	-5.403933e-06	-2.571689e-08	-3.819862e+01	-1.526922e+03
3.000000e-08	-5.398446e-06	-2.571203e-08	-3.815983e+01	-1.526669e+03
4.000000e-08	-5.391380e-06	-2.570435e-08	-3.810988e+01	-1.526287e+03
5.000000e-08	-5.382618e-06	-2.569544e-08	-3.804795e+01	-1.525768e+03
6.000000e-08	-5.371881e-06	-2.568750e-08	-3.797205e+01	-1.525106e+03
7.000000e-08	-5.359154e-06	-2.567687e-08	-3.788209e+01	-1.524302e+03
8.000000e-08	-5.344330e-06	-2.565291e-08	-3.777730e+01	-1.523364e+03
9.000000e-08	-5.327100e-06	-2.563429e-08	-3.765551e+01	-1.522309e+03
1.000000e-07	-5.307582e-06	-2.561482e-08	-3.751754e+01	-1.521160e+03
1.100000e-07	-5.286121e-06	-2.559491e-08	-3.736585e+01	-1.519943e+03
1.200000e-07	-5.263030e-06	-2.558947e-08	-3.720262e+01	-1.518680e+03
1.300000e-07	-5.238651e-06	-2.557208e-08	-3.703030e+01	-1.517382e+03
1.400000e-07	-5.212830e-06	-2.552776e-08	-3.684777e+01	-1.516048e+03
1.500000e-07	-5.185163e-06	-2.551122e-08	-3.665220e+01	-1.514660e+03
1.600000e-07	-5.155773e-06	-2.548077e-08	-3.644446e+01	-1.513189e+03
1.700000e-07	-5.124765e-06	-2.545038e-08	-3.622527e+01	-1.511604e+03
1.800000e-07	-5.091784e-06	-2.543234e-08	-3.599214e+01	-1.509877e+03
1.900000e-07	-5.056846e-06	-2.538093e-08	-3.574517e+01	-1.507993e+03
2.000000e-07	-5.020315e-06	-2.536387e-08	-3.548695e+01	-1.505952e+03
2.100000e-07	-4.982066e-06	-2.533127e-08	-3.521658e+01	-1.503768e+03
2.200000e-07	-4.942043e-06	-2.528294e-08	-3.493367e+01	-1.501464e+03
2.300000e-07	-4.900254e-06	-2.524356e-08	-3.463828e+01	-1.499064e+03
2.400000e-07	-4.856537e-06	-2.518672e-08	-3.432925e+01	-1.496588e+03
2.500000e-07	-4.810976e-06	-2.515277e-08	-3.400720e+01	-1.494043e+03
2.600000e-07	-4.763618e-06	-2.512929e-08	-3.367244e+01	-1.491421e+03
2.700000e-07	-4.714416e-06	-2.506674e-08	-3.332465e+01	-1.488707e+03
2.800000e-07	-4.663193e-06	-2.502010e-08	-3.296257e+01	-1.485879e+03
2.900000e-07	-4.609888e-06	-2.498019e-08	-3.258578e+01	-1.482919e+03
3.000000e-07	-4.554837e-06	-2.492259e-08	-3.219664e+01	-1.479816e+03
3.100000e-07	-4.498306e-06	-2.486679e-08	-3.179704e+01	-1.476569e+03
3.200000e-07	-4.440132e-06	-2.480659e-08	-3.138583e+01	-1.473191e+03
3.300000e-07	-4.380196e-06	-2.475186e-08	-3.096216e+01	-1.469696e+03
3.400000e-07	-4.318756e-06	-2.469771e-08	-3.052786e+01	-1.466104e+03
3.500000e-07	-4.255899e-06	-2.464574e-08	-3.008354e+01	-1.462428e+03
3.600000e-07	-4.191578e-06	-2.456767e-08	-2.962888e+01	-1.458672e+03
3.700000e-07	-4.125705e-06	-2.448850e-08	-2.916324e+01	-1.454833e+03
3.800000e-07	-4.058121e-06	-2.443212e-08	-2.868551e+01	-1.450899e+03
3.900000e-07	-3.989002e-06	-2.436598e-08	-2.819694e+01	-1.446851e+03
4.000000e-07	-3.918647e-06	-2.429364e-08	-2.769962e+01	-1.442672e+03
4.100000e-07	-3.847040e-06	-2.422450e-08	-2.719346e+01	-1.438348e+03
4.200000e-07	-3.774002e-06	-2.416181e-08	-2.667718e+01	-1.433875e+03
4.300000e-07	-3.699381e-06	-2.408886e-08	-2.614970e+01	-1.429254e+03
4.400000e-07	-3.623163e-06	-2.399800e-08	-2.561094e+01	-1.424497e+03
4.500000e-07	-3.545509e-06	-2.390741e-08	-2.506203e+01	-1.419617e+03
4.600000e-07	-3.466449e-06	-2.382599e-08	-2.450318e+01	-1.414628e+03
4.700000e-07	-3.386009e-06	-2.374601e-08	-2.393458e+01	-1.409541e+03
4.800000e-07	-3.304307e-06	-2.365886e-08	-2.335705e+01	-1.404355e+03
4.900000e-07	-3.221397e-06	-2.356881e-08	-2.277099e+01	-1.399061e+03
5.000000e-07	-3.137414e-06	-2.348377e-08	-2.217734e+01	-1.393642e+03
5.100000e-07	-3.052484e-06	-2.339697e-08	-2.157700e+01	-1.388076e+03
5.200000e-07	-2.966631e-06	-2.329561e-08	-2.097014e+01	-1.382343e+03
5.300000e-07	-2.879821e-06	-2.318614e-08	-2.035650e+01	-1.376431e+03
5.400000e-07	-2.792082e-06	-2.308604e-08	-1.973631e+01	-1.370339e+03
5.500000e-07	-2.703461e-06	-2.299013e-08	-1.910987e+01	-1.364075e+03
5.600000e-07	-2.613741e-06	-2.288075e-08	-1.847567e+01	-1.357655e+03
5.700000e-07	-2.522804e-06	-2.276433e-08	-1.783286e+01	-1.351096e+03
5.800000e-07	-2.430891e-06	-2.265326e-08	-1.718317e+01	-1.344409e+03
5.900000e-07	-2.338255e-06	-2.254458e-08	-1.652835e+01	-1.337594e+03
6.000000e-07	-2.244896e-06	-2.242702e-08	-1.586843e+01	-1.330637e+03
6.100000e-07	-2.150711e-06	-2.230120e-08	-1.520266e+01	-1.323517e+03
6.200000e-07	-2.055722e-06	-2.218016e-08	-1.453122e+01	-1.316207e+03
6.300000e-07	-1.960039e-06	-2.206001e-08	-1.385487e+01	-1.308687e+03
6.400000e-07	-1.863777e-06	-2.192807e-08	-1.317442e+01	-1.300948e+03
6.500000e-07	-1.766894e-06	-2.178583e-08	-1.248959e+01	-1.292994e+03
6.600000e-07	-1.669236e-06	-2.164988e-08	-1.179928e+01	-1.284841e+03
6.700000e-07	-1.570772e-06	-2.151965e-08	-1.110327e+01	-1.276505e+03
6.800000e-07	-1.471597e-06	-2.138072e-08	-1.040223e+01	-1.268001e+03
6.900000e-07	-1.371850e-06	-2.123060e-08	-9.697156e+00	-1.259329e+03
7.000000e-07	-1.271677e-06	-2.108206e-08	-8.989067e+00	-1.250473e+03
7.100000e-07	-1.171134e-06	-2.093668e-08	-8.278362e+00	-1.241405e+03
7.200000e-07	-1.070257e-06	-2.077955e-08	-7.565291e+00	-1.232093e+03
7.300000e-07	-9.690976e-07	-2.061028e-08	-6.850231e+00	-1.222508e+03
7.400000e-07	-8.675840e-07	-2.044137e-08	-6.132665e+00	-1.212636e+03
7.500000e-07	-7.657269e-07	-2.027728e-08	-5.412670e+00	-1.202478e+03
7.600000e-07	-6.635614e-07	-2.010498e-08	-4.690496e+00	-1.192047e+03
7.700000e-07	-5.611425e-07	-1.992067e-08	-3.966531e+00	-1.181361e+03
7.800000e-07	-4.585717e-07	-1.973456e-08	-3.241492e+00	-1.170429e+03
7.900000e-07	-3.558652e-07	-1.955142e-08	-2.515494e+00	-1.159241e+03
8.000000e-07	-2.530548e-07	-1.936126e-08	-1.788761e+00	-1.147763e+03
8.100000e-07	-1.501253e-07	-1.915520e-08	-1.061186e+00	-1.135941e+03
8.200000e-07	-4.711946e-08	-1.894300e-08	-3.330719e-01	-1.123706e+03
8.300000e-07	5.585831e-08	-1.873170e-08	3.948439e-01	-1.110984e+03
8.400000e-07	1.588003e-07	-1.851314e-08	1.122507e+00	-1.097709e+03
8.500000e-07	2.617139e-07	-1.827761e-08	1.849969e+00	-1.083830e+03
8.600000e-07	3.645487e-07	-1.803219e-08	2.576874e+00	-1.069310e+03
8.700000e-07	4.672759e-07	-1.778469e-08	3.303019e+00	-1.054124e+03
8.800000e-07	5.698328e-07	-1.752467e-08	4.027960e+00	-1.038257e+03
8.900000e-07	6.721773e-07	-1.724022e-08	4.751399e+00	-1.021693e+03
9.000000e-07	7.742964e-07	-1.693840e-08	5.473246e+00	-1.004422e+03
9.100000e-07	8.761156e-07	-1.663373e-08	6.192972e+00	-9.864280e+02
9.200000e-07	9.775957e-07	-1.632214e-08	6.910301e+00	-9.676979e+02
9.300000e-07	1.078742e-06	-1.599355e-08	7.625270e+00	-9.482115e+02
9.400000e-07	1.179575e-06	-1.565196e-08	8.338026e+00	-9.279348e+02
9.500000e-07	1.280112e-06	-1.530228e-08	9.048692e+00	-9.068059e+02
9.600000e-07	1.380286e-06	-1.493527e-08	9.756785e+00	-8.847189e+02
9.700000e-07	1.479889e-06	-1.454101e-08	1.046084e+01	-8.615106e+02
9.800000e-07	1.578830e-06	-1.412030e-08	1.116023e+01	-8.369557e+02
9.900000e-07	1.677081e-06	-1.367726e-08	1.185473e+01	-8.107710e+02
1.000000e-06	1.774590e-06	-1.320445e-08	1.254399e+01	-7.826300e+02
1.010000e-06	1.871402e-06	-1.268777e-08	1.322832e+01	-7.521819e+02
1.020000e-06	1.967533e-06	-1.212388e-08	1.390784e+01	-7.190665e+02
1.030000e-06	2.063002e-06	-1.151326e-08	1.458268e+01	-6.829193e+02
1.040000e-06	2.157804e-06	-1.084776e-08	1.525280e+01	-6.433621e+02
1.050000e-06	2.251855e-06	-1.011171e-08	1.591762e+01	-5.999827e+02
1.060000e-06	2.345151e-06	-9.296471e-09	1.657710e+01	-5.523117e+02
1.070000e-06	2.437812e-06	-8.400752e-09	1.723209e+01	-4.998126e+02
1.080000e-06	2.529807e-06	-7.416520e-09	1.788237e+01	-4.418978e+02
1.090000e-06	2.620835e-06	-6.331036e-09	1.852582e+01	-3.779810e+02
1.100000e-06	2.710672e-06	-5.135799e-09	1.916085e+01	-3.075651e+02
1.110000e-06	2.799392e-06	-3.828639e-09	1.978797e+01	-2.303554e+02
1.120000e-06	2.887137e-06	-2.407628e-09	2.040822e+01	-1.463751e+02
1.130000e-06	2.973960e-06	-8.745231e-10	2.102194e+01	-5.605783e+01
1.140000e-06	3.059842e-06	7.551662e-10	2.162901e+01	3.970888e+01
1.150000e-06	3.144765e-06	2.451586e-09	2.222930e+01	1.396045e+02
1.160000e-06	3.228723e-06	4.182279e-09	2.282278e+01	2.419639e+02
1.170000e-06	3.311529e-06	5.919514e-09	2.340811e+01	3.449206e+02
1.180000e-06	3.392999e-06	7.633681e-09	2.398399e+01	4.465796e+02
1.190000e-06	3.473194e-06	9.293089e-09	2.455086e+01	5.451896e+02
1.200000e-06	3.552142e-06	1.087247e-08	2.510892e+01	6.392830e+02
1.210000e-06	3.629852e-06	1.235694e-08	2.565822e+01	7.277654e+02
1.220000e-06	3.706342e-06	1.373805e-08	2.619891e+01	8.099430e+02
1.230000e-06	3.781376e-06	1.500703e-08	2.672930e+01	8.854956e+02
1.240000e-06	3.854813e-06	1.615884e-08	2.724840e+01	9.544087e+02
1.250000e-06	3.926800e-06	1.720197e-08	2.775725e+01	1.016888e+03
1.260000e-06	3.997427e-06	1.814635e-08	2.825649e+01	1.073275e+03
1.270000e-06	4.066728e-06	1.899523e-08	2.874636e+01	1.123979e+03
1.280000e-06	4.134652e-06	1.975262e-08	2.922649e+01	1.169431e+03
1.290000e-06	4.201005e-06	2.042805e-08	2.969552e+01	1.210062e+03
1.300000e-06	4.265729e-06	2.103316e-08	3.015303e+01	1.246294e+03
1.310000e-06	4.328943e-06	2.157261e-08	3.059987e+01	1.278542e+03
1.320000e-06	4.390767e-06	2.204850e-08	3.103688e+01	1.307208e+03
1.330000e-06	4.451247e-06	2.246961e-08	3.146439e+01	1.332679e+03
1.340000e-06	4.510198e-06	2.284817e-08	3.188110e+01	1.355320e+03
1.350000e-06	4.567369e-06	2.318784e-08	3.228522e+01	1.375466e+03
1.360000e-06	4.622808e-06	2.348804e-08	3.267710e+01	1.393409e+03
1.370000e-06	4.676648e-06	2.375204e-08	3.305768e+01	1.409406e+03
1.380000e-06	4.728611e-06	2.398779e-08	3.342499e+01	1.423674e+03
1.390000e-06	4.778495e-06	2.420083e-08	3.377760e+01	1.436403e+03
1.400000e-06	4.826471e-06	2.438913e-08	3.411673e+01	1.447759e+03
1.410000e-06	4.872703e-06	2.455418e-08	3.444353e+01	1.457893e+03
1.420000e-06	4.917369e-06	2.470204e-08	3.475926e+01	1.466942e+03
1.430000e-06	4.960297e-06	2.483700e-08	3.506270e+01	1.475033e+03
1.440000e-06	5.001309e-06	2.495886e-08	3.535260e+01	1.482278e+03
1.450000e-06	5.040603e-06	2.506636e-08	3.563036e+01	1.488771e+03
1.460000e-06	5.078287e-06	2.516262e-08	3.589673e+01	1.494594e+03
1.470000e-06	5.114287e-06	2.525035e-08	3.615121e+01	1.499816e+03
1.480000e-06	5.148411e-06	2.532877e-08	3.639242e+01	1.504495e+03
1.490000e-06	5.180645e-06	2.539674e-08	3.662027e+01	1.508684e+03
1.500000e-06	5.211126e-06	2.545657e-08	3.683573e+01	1.512431e+03
1.510000e-06	5.239903e-06	2.551141e-08	3.703914e+01	1.515782e+03
1.520000e-06	5.266795e-06	2.556095e-08	3.722924e+01	1.518777e+03
1.530000e-06	5.291667e-06	2.560609e-08	3.740504e+01	1.521452e+03
1.540000e-06	5.314641e-06	2.564887e-08	3.756744e+01	1.523835e+03
1.550000e-06	5.335905e-06	2.568931e-08	3.771775e+01	1.525948e+03
1.560000e-06	5.355434e-06	2.572318e-08	3.785580e+01	1.527807e+03
1.570000e-06	5.372974e-06	2.574707e-08	3.797978e+01	1.529425e+03
1.580000e-06	5.388484e-06	2.576472e-08	3.808941e+01	1.530815e+03
1.590000e-06	5.402067e-06	2.578130e-08	3.818543e+01	1.531992e+03
1.600000e-06	5.413541e-06	2.579592e-08	3.826654e+01	1.532971e+03
1.610000e-06	5.422791e-06	2.580794e-08	3.833192e+01	1.533770e+03
1.620000e-06	5.430077e-06	2.582085e-08	3.838342e+01	1.534405e+03
1.630000e-06	5.435588e-06	2.583432e-08	3.842238e+01	1.534893e+03
1.640000e-06	5.439259e-06	2.584389e-08	3.844833e+01	1.535245e+03
1.650000e-06	5.440911e-06	2.584645e-08	3.846000e+01	1.535473e+03
1.660000e-06	5.440670e-06	2.584412e-08	3.845830e+01	1.535581e+03
1.670000e-06	5.438752e-06	2.584058e-08	3.844474e+01	1.535572e+03
1.680000e-06	5.435175e-06	2.583967e-08	3.841945e+01	1.535446e+03
1.690000e-06	5.429743e-06	2.583624e-08	3.838106e+01	1.535198e+03
1.700000e-06	5.422405e-06	2.583120e-08	3.832919e+01	1.534821e+03
1.710000e-06	5.413425e-06	2.582674e-08	3.826572e+01	1.534307e+03
1.720000e-06	5.402836e-06	2.581977e-08	3.819086e+01	1.533651e+03
1.730000e-06	5.390392e-06	2.580656e-08	3.810290e+01	1.532852e+03
1.740000e-06	5.375934e-06	2.578906e-08	3.800070e+01	1.531919e+03
1.750000e-06	5.359337e-06	2.577341e-08	3.788338e+01	1.530868e+03
1.760000e-06	5.340211e-06	2.574894e-08	3.774819e+01	1.529722e+03
1.770000e-06	5.318479e-06	2.571561e-08	3.759457e+01	1.528507e+03
1.780000e-06	5.294816e-06	2.568936e-08	3.742731e+01	1.527246e+03
1.790000e-06	5.270066e-06	2.568140e-08	3.725236e+01	1.525950e+03
1.800000e-06	5.244276e-06	2.565661e-08	3.707006e+01	1.524618e+03
1.810000e-06	5.216604e-06	2.565490e-08	3.687445e+01	1.523232e+03
1.820000e-06	5.186925e-06	2.563191e-08	3.666466e+01	1.521765e+03
1.830000e-06	5.155601e-06	2.557529e-08	3.644324e+01	1.520184e+03
1.840000e-06	5.122317e-06	2.556145e-08	3.620797e+01	1.518464e+03
1.850000e-06	5.087292e-06	2.551988e-08	3.596038e+01	1.516586e+03
1.860000e-06	5.050656e-06	2.548129e-08	3.570142e+01	1.514551e+03
1.870000e-06	5.012059e-06	2.546648e-08	3.542859e+01	1.512371e+03
1.880000e-06	4.971695e-06	2.542051e-08	3.514327e+01	1.510071e+03
1.890000e-06	4.929655e-06	2.539961e-08	3.484611e+01	1.507675e+03
1.900000e-06	4.885956e-06	2.535660e-08	3.453721e+01	1.505202e+03
1.910000e-06	4.840528e-06	2.527036e-08	3.421609e+01	1.502659e+03
1.920000e-06	4.793091e-06	2.524398e-08	3.388078e+01	1.500040e+03
1.930000e-06	4.743865e-06	2.520117e-08	3.353281e+01	1.497330e+03
1.940000e-06	4.693039e-06	2.515898e-08	3.317354e+01	1.494507e+03
1.950000e-06	4.640310e-06	2.511777e-08	3.280082e+01	1.491552e+03
1.960000e-06	4.585585e-06	2.504749e-08	3.241399e+01	1.488454e+03
1.970000e-06	4.529079e-06	2.500951e-08	3.201457e+01	1.485213e+03
1.980000e-06	4.471049e-06	2.494617e-08	3.160437e+01	1.481840e+03
1.990000e-06	4.411582e-06	2.487470e-08	3.118401e+01	1.478349e+03
2.000000e-06	4.350467e-06	2.481019e-08	3.075201e+01	1.474760e+03
2.010000e-06	4.287671e-06	2.475790e-08	3.030813e+01	1.471087e+03
2.020000e-06	4.223323e-06	2.471368e-08	2.985327e+01	1.467335e+03
2.030000e-06	4.157536e-06	2.462891e-08	2.938825e+01	1.463499e+03
2.040000e-06	4.090301e-06	2.456358e-08	2.891298e+01	1.459569e+03
2.050000e-06	4.021472e-06	2.450644e-08	2.842646e+01	1.455525e+03
2.060000e-06	3.951082e-06	2.443734e-08	2.792889e+01	1.451352e+03
2.070000e-06	3.879306e-06	2.435226e-08	2.742153e+01	1.447034e+03
2.080000e-06	3.806162e-06	2.425580e-08	2.690451e+01	1.442566e+03
2.090000e-06	3.731619e-06	2.419551e-08	2.637758e+01	1.437951e+03
2.100000e-06	3.655652e-06	2.412383e-08	2.584060e+01	1.433198e+03
2.110000e-06	3.578122e-06	2.404058e-08	2.529257e+01	1.428322e+03
2.120000e-06	3.499097e-06	2.394982e-08	2.473396e+01	1.423338e+03
2.130000e-06	3.418865e-06	2.386314e-08	2.416683e+01	1.418254e+03
2.140000e-06	3.337535e-06	2.378189e-08	2.359194e+01	1.413072e+03
2.150000e-06	3.255107e-06	2.367946e-08	2.300927e+01	1.407783e+03
2.160000e-06	3.171649e-06	2.358410e-08	2.241934e+01	1.402369e+03
2.170000e-06	3.087009e-06	2.349512e-08	2.182104e+01	1.396808e+03
2.180000e-06	3.000981e-06	2.341454e-08	2.121294e+01	1.391082e+03
2.190000e-06	2.913791e-06	2.331275e-08	2.059663e+01	1.385177e+03
2.200000e-06	2.825676e-06	2.319458e-08	1.997377e+01	1.379092e+03
2.210000e-06	2.736633e-06	2.308914e-08	1.934436e+01	1.372834e+03
2.220000e-06	2.646685e-06	2.298772e-08	1.870854e+01	1.366419e+03
2.230000e-06	2.555910e-06	2.287831e-08	1.806689e+01	1.359865e+03
2.240000e-06	2.464346e-06	2.275445e-08	1.741965e+01	1.353183e+03
2.250000e-06	2.371903e-06	2.264254e-08	1.676620e+01	1.346373e+03
2.260000e-06	2.278473e-06	2.253590e-08	1.610577e+01	1.339422e+03
2.270000e-06	2.184070e-06	2.241482e-08	1.543847e+01	1.332308e+03
2.280000e-06	2.088825e-06	2.228151e-08	1.476521e+01	1.325006e+03
2.290000e-06	1.992937e-06	2.215563e-08	1.408742e+01	1.317494e+03
2.300000e-06	1.896508e-06	2.203817e-08	1.340579e+01	1.309763e+03
2.310000e-06	1.799443e-06	2.190327e-08	1.271967e+01	1.301817e+03
2.320000e-06	1.701695e-06	2.175235e-08	1.202872e+01	1.293670e+03
2.330000e-06	1.603379e-06	2.160674e-08	1.133376e+01	1.285341e+03
2.340000e-06	1.504587e-06	2.147089e-08	1.063543e+01	1.276844e+03
2.350000e-06	1.405312e-06	2.132605e-08	9.933686e+00	1.268178e+03
2.360000e-06	1.305599e-06	2.116911e-08	9.228846e+00	1.259329e+03
2.370000e-06	1.205513e-06	2.101607e-08	8.521372e+00	1.250270e+03
2.380000e-06	1.105106e-06	2.086948e-08	7.811628e+00	1.240967e+03
2.390000e-06	1.004255e-06	2.071002e-08	7.098745e+00	1.231392e+03
2.400000e-06	9.028166e-07	2.053427e-08	6.381712e+00	1.221531e+03
2.410000e-06	8.009116e-07	2.035883e-08	5.661380e+00	1.211383e+03
2.420000e-06	6.986832e-07	2.018765e-08	4.938761e+00	1.200962e+03
2.430000e-06	5.961398e-07	2.000992e-08	4.213915e+00	1.190286e+03
2.440000e-06	4.933177e-07	1.982039e-08	3.487100e+00	1.179362e+03
2.450000e-06	3.903250e-07	1.963210e-08	2.759079e+00	1.168184e+03
2.460000e-06	2.872242e-07	1.944918e-08	2.030293e+00	1.156718e+03
2.470000e-06	1.840403e-07	1.925689e-08	1.300920e+00	1.144910e+03
2.480000e-06	8.080225e-08	1.904520e-08	5.711644e-01	1.132691e+03
2.490000e-06	-2.245150e-08	1.882279e-08	-1.587022e-01	1.119987e+03
2.500000e-06	-1.256606e-07	1.859966e-08	-8.882532e-01	1.106734e+03
2.510000e-06	-2.288019e-07	1.836764e-08	-1.617325e+00	1.092877e+03
2.520000e-06	-3.318849e-07	1.811848e-08	-2.345985e+00	1.078381e+03
2.530000e-06	-4.348528e-07	1.786030e-08	-3.073830e+00	1.063219e+03
2.540000e-06	-5.376602e-07	1.760226e-08	-3.800543e+00	1.047377e+03
2.550000e-06	-6.402329e-07	1.733322e-08	-4.525595e+00	1.030839e+03
2.560000e-06	-7.424397e-07	1.703898e-08	-5.248061e+00	1.013593e+03
2.570000e-06	-8.442175e-07	1.672741e-08	-5.967495e+00	9.956256e+02
2.580000e-06	-9.455792e-07	1.641249e-08	-6.683987e+00	9.769223e+02
2.590000e-06	-1.046544e-06	1.608927e-08	-7.397672e+00	9.574637e+02
2.600000e-06	-1.147048e-06	1.574611e-08	-8.108106e+00	9.372164e+02
2.610000e-06	-1.247062e-06	1.538743e-08	-8.815067e+00	9.161197e+02
2.620000e-06	-1.346654e-06	1.502215e-08	-9.519049e+00	8.940696e+02
2.630000e-06	-1.445786e-06	1.464074e-08	-1.021978e+01	8.709051e+02
2.640000e-06	-1.544402e-06	1.422736e-08	-1.091687e+01	8.464032e+02
2.650000e-06	-1.642577e-06	1.378107e-08	-1.161084e+01	8.202823e+02
2.660000e-06	-1.740256e-06	1.330830e-08	-1.230130e+01	7.922175e+02
2.670000e-06	-1.837325e-06	1.280227e-08	-1.298744e+01	7.618582e+02
2.680000e-06	-1.933759e-06	1.224963e-08	-1.366910e+01	7.288446e+02
2.690000e-06	-2.029593e-06	1.164638e-08	-1.434653e+01	6.928123e+02
2.700000e-06	-2.124877e-06	1.099381e-08	-1.502005e+01	6.533841e+02
2.710000e-06	-2.219402e-06	1.028039e-08	-1.568822e+01	6.101491e+02
2.720000e-06	-2.312919e-06	9.487463e-09	-1.634926e+01	5.626405e+02
2.730000e-06	-2.405494e-06	8.607140e-09	-1.700364e+01	5.103240e+02
2.740000e-06	-2.497196e-06	7.640466e-09	-1.765185e+01	4.526132e+02
2.750000e-06	-2.587983e-06	6.579335e-09	-1.829360e+01	3.889204e+02
2.760000e-06	-2.677834e-06	5.407662e-09	-1.892872e+01	3.187436e+02
2.770000e-06	-2.766733e-06	4.120610e-09	-1.955712e+01	2.417786e+02
2.780000e-06	-2.854771e-06	2.723506e-09	-2.017944e+01	1.580356e+02
2.790000e-06	-2.941951e-06	1.224901e-09	-2.079568e+01	6.793231e+01
2.800000e-06	-3.028043e-06	-3.698158e-10	-2.140424e+01	-2.765985e+01
2.810000e-06	-3.112856e-06	-2.042596e-09	-2.200375e+01	-1.274347e+02
2.820000e-06	-3.196467e-06	-3.760526e-09	-2.259477e+01	-2.297373e+02
2.830000e-06	-3.278993e-06	-5.490244e-09	-2.317812e+01	-3.327053e+02
2.840000e-06	-3.360400e-06	-7.203239e-09	-2.375356e+01	-4.344419e+02
2.850000e-06	-3.440723e-06	-8.869488e-09	-2.432134e+01	-5.331878e+02
2.860000e-06	-3.519909e-06	-1.045689e-08	-2.488107e+01	-6.274634e+02
2.870000e-06	-3.597653e-06	-1.194691e-08	-2.543062e+01	-7.161602e+02
2.880000e-06	-3.673850e-06	-1.333591e-08	-2.596923e+01	-7.985704e+02
2.890000e-06	-3.748604e-06	-1.462123e-08	-2.649765e+01	-8.743611e+02
2.900000e-06	-3.821988e-06	-1.579602e-08	-2.701637e+01	-9.435086e+02
2.910000e-06	-3.894096e-06	-1.685932e-08	-2.752608e+01	-1.006212e+03
2.920000e-06	-3.964814e-06	-1.782229e-08	-2.802596e+01	-1.062810e+03
2.930000e-06	-4.033927e-06	-1.869247e-08	-2.851450e+01	-1.113709e+03
2.940000e-06	-4.101485e-06	-1.946703e-08	-2.899205e+01	-1.159340e+03
2.950000e-06	-4.167621e-06	-2.015227e-08	-2.945953e+01	-1.200136e+03
2.960000e-06	-4.232374e-06	-2.076545e-08	-2.991725e+01	-1.236518e+03
2.970000e-06	-4.295764e-06	-2.131805e-08	-3.036534e+01	-1.268901e+03
2.980000e-06	-4.357550e-06	-2.181192e-08	-3.080208e+01	-1.297688e+03
2.990000e-06	-4.417640e-06	-2.224702e-08	-3.122684e+01	-1.323266e+03
3.000000e-06	-4.476249e-06	-2.263471e-08	-3.164113e+01	-1.346002e+03
3.010000e-06	-4.533366e-06	-2.298359e-08	-3.204487e+01	-1.366231e+03
3.020000e-06	-4.588893e-06	-2.329136e-08	-3.243737e+01	-1.384248e+03
3.030000e-06	-4.642600e-06	-2.356105e-08	-3.281700e+01	-1.400311e+03
3.040000e-06	-4.694390e-06	-2.380189e-08	-3.318309e+01	-1.414637e+03
3.050000e-06	-4.744294e-06	-2.402057e-08	-3.353584e+01	-1.427418e+03
3.060000e-06	-4.792177e-06	-2.421631e-08	-3.387431e+01	-1.438819e+03
3.070000e-06	-4.838222e-06	-2.438849e-08	-3.419979e+01	-1.448994e+03
3.080000e-06	-4.882691e-06	-2.454511e-08	-3.451413e+01	-1.458080e+03
3.090000e-06	-4.925631e-06	-2.468993e-08	-3.481766e+01	-1.466203e+03
3.100000e-06	-4.967008e-06	-2.481772e-08	-3.511014e+01	-1.473475e+03
3.110000e-06	-5.006791e-06	-2.492585e-08	-3.539135e+01	-1.479994e+03
3.120000e-06	-5.044745e-06	-2.502187e-08	-3.565963e+01	-1.485839e+03
3.130000e-06	-5.080801e-06	-2.511225e-08	-3.591450e+01	-1.491082e+03
3.140000e-06	-5.115094e-06	-2.519442e-08	-3.615691e+01	-1.495779e+03
3.150000e-06	-5.147650e-06	-2.526498e-08	-3.638704e+01	-1.499984e+03
3.160000e-06	-5.178395e-06	-2.532806e-08	-3.660436e+01	-1.503746e+03
3.170000e-06	-5.207149e-06	-2.538797e-08	-3.680762e+01	-1.507110e+03
3.180000e-06	-5.234037e-06	-2.544167e-08	-3.699768e+01	-1.510117e+03
3.190000e-06	-5.259150e-06	-2.548573e-08	-3.717520e+01	-1.512802e+03
3.200000e-06	-5.282423e-06	-2.552248e-08	-3.733971e+01	-1.515195e+03
3.210000e-06	-5.303735e-06	-2.555800e-08	-3.749035e+01	-1.517317e+03
3.220000e-06	-5.323135e-06	-2.559179e-08	-3.762748e+01	-1.519184e+03
3.230000e-06	-5.340787e-06	-2.561953e-08	-3.775226e+01	-1.520810e+03
3.240000e-06	-5.356588e-06	-2.564159e-08	-3.786395e+01	-1.522209e+03
3.250000e-06	-5.370281e-06	-2.566350e-08	-3.796074e+01	-1.523393e+03
3.260000e-06	-5.381768e-06	-2.568369e-08	-3.804194e+01	-1.524378e+03
3.270000e-06	-5.391308e-06	-2.569755e-08	-3.810937e+01	-1.525183e+03
3.280000e-06	-5.399013e-06	-2.570581e-08	-3.816384e+01	-1.525823e+03
3.290000e-06	-5.404686e-06	-2.571371e-08	-3.820394e+01	-1.526316e+03
3.300000e-06	-5.408408e-06	-2.572292e-08	-3.823025e+01	-1.526672e+03
3.310000e-06	-5.410365e-06	-2.572721e-08	-3.824408e+01	-1.526904e+03
3.320000e-06	-5.410489e-06	-2.572536e-08	-3.824496e+01	-1.527016e+03
