# Temperatura_=_55.86
# Concentracion g/m^3_=_20000.0
# C_Vs_to_Am_M_A/Vsm_=_59384043850.047264
# pendiente_HvsI_1/m_=_3716.3
# ordenada_HvsI_A/m_=_1297.0
# frecuencia_Hz_=_301150.48626951175

Tiempo_(s)	Campo_(V.s)	Magnetizacion_(V.s)	Campo_(kA/m)	Magnetizacion_(A/m)
0.000000e+00	-5.406617e-06	-2.514309e-08	-3.823140e+01	-1.492716e+03
1.000000e-08	-5.404657e-06	-2.514138e-08	-3.821754e+01	-1.492704e+03
2.000000e-08	-5.400724e-06	-2.513856e-08	-3.818972e+01	-1.492558e+03
3.000000e-08	-5.395076e-06	-2.513336e-08	-3.814979e+01	-1.492287e+03
4.000000e-08	-5.387840e-06	-2.512817e-08	-3.809862e+01	-1.491889e+03
5.000000e-08	-5.378947e-06	-2.512129e-08	-3.803574e+01	-1.491354e+03
6.000000e-08	-5.368042e-06	-2.511322e-08	-3.795863e+01	-1.490671e+03
7.000000e-08	-5.355072e-06	-2.510605e-08	-3.786691e+01	-1.489830e+03
8.000000e-08	-5.340023e-06	-2.507923e-08	-3.776050e+01	-1.488834e+03
9.000000e-08	-5.322589e-06	-2.503827e-08	-3.763722e+01	-1.487701e+03
1.000000e-07	-5.302927e-06	-2.502369e-08	-3.749818e+01	-1.486460e+03
1.100000e-07	-5.281359e-06	-2.501729e-08	-3.734567e+01	-1.485148e+03
1.200000e-07	-5.258152e-06	-2.500998e-08	-3.718157e+01	-1.483799e+03
1.300000e-07	-5.233754e-06	-2.501837e-08	-3.700904e+01	-1.482428e+03
1.400000e-07	-5.207864e-06	-2.493077e-08	-3.682597e+01	-1.481031e+03
1.500000e-07	-5.179975e-06	-2.489087e-08	-3.662876e+01	-1.479580e+03
1.600000e-07	-5.150390e-06	-2.493575e-08	-3.641956e+01	-1.478031e+03
1.700000e-07	-5.119253e-06	-2.485264e-08	-3.619938e+01	-1.476338e+03
1.800000e-07	-5.086121e-06	-2.480110e-08	-3.596510e+01	-1.474461e+03
1.900000e-07	-5.051004e-06	-2.479321e-08	-3.571678e+01	-1.472384e+03
2.000000e-07	-5.014347e-06	-2.474103e-08	-3.545757e+01	-1.470114e+03
2.100000e-07	-4.975985e-06	-2.474466e-08	-3.518630e+01	-1.467682e+03
2.200000e-07	-4.935890e-06	-2.470264e-08	-3.490278e+01	-1.465129e+03
2.300000e-07	-4.893965e-06	-2.460017e-08	-3.460632e+01	-1.462498e+03
2.400000e-07	-4.850016e-06	-2.457223e-08	-3.429555e+01	-1.459815e+03
2.500000e-07	-4.804253e-06	-2.453913e-08	-3.397195e+01	-1.457087e+03
2.600000e-07	-4.756718e-06	-2.450087e-08	-3.363581e+01	-1.454299e+03
2.700000e-07	-4.707356e-06	-2.443988e-08	-3.328677e+01	-1.451424e+03
2.800000e-07	-4.655891e-06	-2.437629e-08	-3.292285e+01	-1.448431e+03
2.900000e-07	-4.602371e-06	-2.436152e-08	-3.254439e+01	-1.445295e+03
3.000000e-07	-4.547230e-06	-2.430625e-08	-3.215448e+01	-1.442009e+03
3.100000e-07	-4.490620e-06	-2.422240e-08	-3.175418e+01	-1.438583e+03
3.200000e-07	-4.432267e-06	-2.414655e-08	-3.134155e+01	-1.435037e+03
3.300000e-07	-4.372158e-06	-2.410473e-08	-3.091651e+01	-1.431394e+03
3.400000e-07	-4.310570e-06	-2.406364e-08	-3.048101e+01	-1.427671e+03
3.500000e-07	-4.247568e-06	-2.398646e-08	-3.003550e+01	-1.423871e+03
3.600000e-07	-4.183163e-06	-2.390972e-08	-2.958008e+01	-1.419984e+03
3.700000e-07	-4.117087e-06	-2.384066e-08	-2.911284e+01	-1.415991e+03
3.800000e-07	-4.049260e-06	-2.378114e-08	-2.863322e+01	-1.411868e+03
3.900000e-07	-3.979958e-06	-2.371421e-08	-2.814317e+01	-1.407600e+03
4.000000e-07	-3.909431e-06	-2.362398e-08	-2.764446e+01	-1.403181e+03
4.100000e-07	-3.837733e-06	-2.355607e-08	-2.713747e+01	-1.398619e+03
4.200000e-07	-3.764613e-06	-2.349276e-08	-2.662042e+01	-1.393929e+03
4.300000e-07	-3.689771e-06	-2.341145e-08	-2.609120e+01	-1.389130e+03
4.400000e-07	-3.613369e-06	-2.331282e-08	-2.555094e+01	-1.384234e+03
4.500000e-07	-3.535652e-06	-2.321898e-08	-2.500138e+01	-1.379246e+03
4.600000e-07	-3.456486e-06	-2.314892e-08	-2.444159e+01	-1.374157e+03
4.700000e-07	-3.375864e-06	-2.306660e-08	-2.387149e+01	-1.368955e+03
4.800000e-07	-3.293985e-06	-2.297322e-08	-2.329250e+01	-1.363622e+03
4.900000e-07	-3.210992e-06	-2.287814e-08	-2.270564e+01	-1.358146e+03
5.000000e-07	-3.126955e-06	-2.279152e-08	-2.211140e+01	-1.352518e+03
5.100000e-07	-3.041995e-06	-2.269776e-08	-2.151063e+01	-1.346738e+03
5.200000e-07	-2.956119e-06	-2.258648e-08	-2.090337e+01	-1.340812e+03
5.300000e-07	-2.869270e-06	-2.247780e-08	-2.028925e+01	-1.334745e+03
5.400000e-07	-2.781512e-06	-2.238240e-08	-1.966869e+01	-1.328538e+03
5.500000e-07	-2.692797e-06	-2.228931e-08	-1.904137e+01	-1.322189e+03
5.600000e-07	-2.602990e-06	-2.217728e-08	-1.840632e+01	-1.315690e+03
5.700000e-07	-2.512055e-06	-2.205850e-08	-1.776330e+01	-1.309029e+03
5.800000e-07	-2.420152e-06	-2.194510e-08	-1.711344e+01	-1.302197e+03
5.900000e-07	-2.327496e-06	-2.183101e-08	-1.645824e+01	-1.295186e+03
6.000000e-07	-2.234122e-06	-2.170740e-08	-1.579798e+01	-1.287996e+03
6.100000e-07	-2.139935e-06	-2.157902e-08	-1.513196e+01	-1.280626e+03
6.200000e-07	-2.044904e-06	-2.145725e-08	-1.445997e+01	-1.273080e+03
6.300000e-07	-1.949207e-06	-2.133586e-08	-1.378328e+01	-1.265360e+03
6.400000e-07	-1.852966e-06	-2.120106e-08	-1.310274e+01	-1.257464e+03
6.500000e-07	-1.755997e-06	-2.105643e-08	-1.241705e+01	-1.249388e+03
6.600000e-07	-1.658162e-06	-2.091858e-08	-1.172524e+01	-1.241127e+03
6.700000e-07	-1.559582e-06	-2.078265e-08	-1.102815e+01	-1.232672e+03
6.800000e-07	-1.460399e-06	-2.063897e-08	-1.032680e+01	-1.224020e+03
6.900000e-07	-1.360716e-06	-2.048687e-08	-9.621928e+00	-1.215164e+03
7.000000e-07	-1.260604e-06	-2.033778e-08	-8.914009e+00	-1.206101e+03
7.100000e-07	-1.160097e-06	-2.019070e-08	-8.203304e+00	-1.196825e+03
7.200000e-07	-1.059252e-06	-2.003146e-08	-7.490209e+00	-1.187330e+03
7.300000e-07	-9.580804e-07	-1.986221e-08	-6.774801e+00	-1.177603e+03
7.400000e-07	-8.566006e-07	-1.969239e-08	-6.057214e+00	-1.167633e+03
7.500000e-07	-7.548306e-07	-1.952425e-08	-5.337576e+00	-1.157408e+03
7.600000e-07	-6.527742e-07	-1.934845e-08	-4.615912e+00	-1.146916e+03
7.700000e-07	-5.504486e-07	-1.916376e-08	-3.892345e+00	-1.136152e+03
7.800000e-07	-4.479016e-07	-1.897676e-08	-3.167212e+00	-1.125110e+03
7.900000e-07	-3.452222e-07	-1.879052e-08	-2.441143e+00	-1.113781e+03
8.000000e-07	-2.424510e-07	-1.859752e-08	-1.714425e+00	-1.102152e+03
8.100000e-07	-1.395780e-07	-1.839196e-08	-9.869869e-01	-1.090194e+03
8.200000e-07	-3.661728e-08	-1.818036e-08	-2.589290e-01	-1.077865e+03
8.300000e-07	6.635354e-08	-1.796656e-08	4.692007e-01	-1.065110e+03
8.400000e-07	1.693126e-07	-1.774692e-08	1.197247e+00	-1.051864e+03
8.500000e-07	2.722137e-07	-1.751430e-08	1.924884e+00	-1.038058e+03
8.600000e-07	3.750215e-07	-1.726979e-08	2.651861e+00	-1.023635e+03
8.700000e-07	4.777111e-07	-1.702000e-08	3.378002e+00	-1.008552e+03
8.800000e-07	5.802259e-07	-1.675915e-08	4.102907e+00	-9.927851e+02
8.900000e-07	6.825280e-07	-1.647833e-08	4.826308e+00	-9.763315e+02
9.000000e-07	7.845623e-07	-1.618221e-08	5.547815e+00	-9.592027e+02
9.100000e-07	8.863019e-07	-1.588047e-08	6.267239e+00	-9.414159e+02
9.200000e-07	9.877586e-07	-1.557366e-08	6.984662e+00	-9.229828e+02
9.300000e-07	1.088913e-06	-1.525436e-08	7.699950e+00	-9.038980e+02
9.400000e-07	1.189724e-06	-1.492234e-08	8.412805e+00	-8.841292e+02
9.500000e-07	1.290174e-06	-1.457910e-08	9.123105e+00	-8.636102e+02
9.600000e-07	1.390216e-06	-1.421898e-08	9.830527e+00	-8.422370e+02
9.700000e-07	1.489815e-06	-1.383891e-08	1.053481e+01	-8.198677e+02
9.800000e-07	1.588800e-06	-1.343785e-08	1.123476e+01	-7.963250e+02
9.900000e-07	1.687015e-06	-1.301623e-08	1.192926e+01	-7.714016e+02
1.000000e-06	1.784474e-06	-1.257112e-08	1.261841e+01	-7.448666e+02
1.010000e-06	1.881205e-06	-1.209284e-08	1.330242e+01	-7.164714e+02
1.020000e-06	1.977268e-06	-1.157427e-08	1.398170e+01	-6.859540e+02
1.030000e-06	2.072647e-06	-1.101437e-08	1.465615e+01	-6.530401e+02
1.040000e-06	2.167270e-06	-1.041102e-08	1.532525e+01	-6.174398e+02
1.050000e-06	2.261149e-06	-9.757119e-09	1.598909e+01	-5.788413e+02
1.060000e-06	2.354365e-06	-9.046467e-09	1.664824e+01	-5.369035e+02
1.070000e-06	2.446946e-06	-8.271065e-09	1.730290e+01	-4.912518e+02
1.080000e-06	2.538784e-06	-7.423278e-09	1.795231e+01	-4.414837e+02
1.090000e-06	2.629665e-06	-6.498843e-09	1.859495e+01	-3.871873e+02
1.100000e-06	2.719383e-06	-5.492088e-09	1.922937e+01	-3.279768e+02
1.110000e-06	2.807964e-06	-4.398435e-09	1.985574e+01	-2.635452e+02
1.120000e-06	2.895566e-06	-3.214712e-09	2.047519e+01	-1.937268e+02
1.130000e-06	2.982210e-06	-1.941480e-09	2.108787e+01	-1.185625e+02
1.140000e-06	3.067873e-06	-5.814399e-10	2.169361e+01	-3.835412e+01
1.150000e-06	3.152590e-06	8.559019e-10	2.229267e+01	4.630375e+01
1.160000e-06	3.236346e-06	2.351289e-09	2.288492e+01	1.345250e+02
1.170000e-06	3.319016e-06	3.884265e-09	2.346950e+01	2.251699e+02
1.180000e-06	3.400405e-06	5.435086e-09	2.404502e+01	3.169176e+02
1.190000e-06	3.480479e-06	6.980177e-09	2.461125e+01	4.083644e+02
1.200000e-06	3.559238e-06	8.495841e-09	2.516817e+01	4.981326e+02
1.210000e-06	3.636681e-06	9.958841e-09	2.571578e+01	5.849741e+02
1.220000e-06	3.712892e-06	1.135181e-08	2.625469e+01	6.678531e+02
1.230000e-06	3.787652e-06	1.266457e-08	2.678333e+01	7.459973e+02
1.240000e-06	3.860804e-06	1.388637e-08	2.730061e+01	8.189128e+02
1.250000e-06	3.932570e-06	1.501343e-08	2.780808e+01	8.863660e+02
1.260000e-06	4.003057e-06	1.604875e-08	2.830651e+01	9.483407e+02
1.270000e-06	4.072197e-06	1.699712e-08	2.879542e+01	1.004981e+03
1.280000e-06	4.139880e-06	1.786223e-08	2.927402e+01	1.056533e+03
1.290000e-06	4.205906e-06	1.864505e-08	2.974090e+01	1.103297e+03
1.300000e-06	4.270323e-06	1.935077e-08	3.019641e+01	1.145590e+03
1.310000e-06	4.333336e-06	1.998781e-08	3.064199e+01	1.183732e+03
1.320000e-06	4.394958e-06	2.056048e-08	3.107773e+01	1.218032e+03
1.330000e-06	4.455247e-06	2.107198e-08	3.150405e+01	1.248799e+03
1.340000e-06	4.514009e-06	2.152896e-08	3.191956e+01	1.276339e+03
1.350000e-06	4.570980e-06	2.193891e-08	3.232242e+01	1.300960e+03
1.360000e-06	4.626270e-06	2.230730e-08	3.271339e+01	1.322965e+03
1.370000e-06	4.679881e-06	2.263763e-08	3.309248e+01	1.342648e+03
1.380000e-06	4.731569e-06	2.293269e-08	3.345798e+01	1.360282e+03
1.390000e-06	4.781209e-06	2.319774e-08	3.380900e+01	1.376106e+03
1.400000e-06	4.828973e-06	2.343482e-08	3.414675e+01	1.390323e+03
1.410000e-06	4.875068e-06	2.364476e-08	3.447269e+01	1.403101e+03
1.420000e-06	4.919640e-06	2.383038e-08	3.478787e+01	1.414575e+03
1.430000e-06	4.962509e-06	2.399636e-08	3.509101e+01	1.424858e+03
1.440000e-06	5.003433e-06	2.414920e-08	3.538039e+01	1.434052e+03
1.450000e-06	5.042538e-06	2.428890e-08	3.565692e+01	1.442255e+03
1.460000e-06	5.079989e-06	2.441443e-08	3.592174e+01	1.449568e+03
1.470000e-06	5.115767e-06	2.452603e-08	3.617473e+01	1.456092e+03
1.480000e-06	5.149642e-06	2.462234e-08	3.641427e+01	1.461923e+03
1.490000e-06	5.181628e-06	2.470461e-08	3.664045e+01	1.467149e+03
1.500000e-06	5.211913e-06	2.477644e-08	3.685460e+01	1.471843e+03
1.510000e-06	5.240547e-06	2.484235e-08	3.705708e+01	1.476061e+03
1.520000e-06	5.267278e-06	2.490585e-08	3.724610e+01	1.479840e+03
1.530000e-06	5.291886e-06	2.496667e-08	3.742011e+01	1.483209e+03
1.540000e-06	5.314582e-06	2.502202e-08	3.758060e+01	1.486191e+03
1.550000e-06	5.335607e-06	2.506958e-08	3.772927e+01	1.488810e+03
1.560000e-06	5.354901e-06	2.510941e-08	3.786570e+01	1.491093e+03
1.570000e-06	5.372239e-06	2.514019e-08	3.798830e+01	1.493074e+03
1.580000e-06	5.387564e-06	2.516341e-08	3.809667e+01	1.494785e+03
1.590000e-06	5.400903e-06	2.518387e-08	3.819099e+01	1.496257e+03
1.600000e-06	5.412157e-06	2.520406e-08	3.827057e+01	1.497514e+03
1.610000e-06	5.421285e-06	2.522180e-08	3.833512e+01	1.498570e+03
1.620000e-06	5.428473e-06	2.523775e-08	3.838595e+01	1.499431e+03
1.630000e-06	5.433875e-06	2.525261e-08	3.842415e+01	1.500102e+03
1.640000e-06	5.437426e-06	2.526296e-08	3.844926e+01	1.500586e+03
1.650000e-06	5.438946e-06	2.526556e-08	3.846000e+01	1.500892e+03
1.660000e-06	5.438506e-06	2.526528e-08	3.845689e+01	1.501033e+03
1.670000e-06	5.436350e-06	2.526447e-08	3.844165e+01	1.501026e+03
1.680000e-06	5.432534e-06	2.526140e-08	3.841466e+01	1.500885e+03
1.690000e-06	5.426876e-06	2.525622e-08	3.837465e+01	1.500619e+03
1.700000e-06	5.419385e-06	2.525091e-08	3.832168e+01	1.500226e+03
1.710000e-06	5.410248e-06	2.524533e-08	3.825707e+01	1.499697e+03
1.720000e-06	5.399463e-06	2.523312e-08	3.818081e+01	1.499019e+03
1.730000e-06	5.386848e-06	2.520643e-08	3.809160e+01	1.498184e+03
1.740000e-06	5.372173e-06	2.521745e-08	3.798783e+01	1.497194e+03
1.750000e-06	5.355293e-06	2.521125e-08	3.786847e+01	1.496065e+03
1.760000e-06	5.335871e-06	2.516816e-08	3.773114e+01	1.494828e+03
1.770000e-06	5.313829e-06	2.513319e-08	3.757527e+01	1.493519e+03
1.780000e-06	5.289965e-06	2.505509e-08	3.740652e+01	1.492171e+03
1.790000e-06	5.265174e-06	2.508986e-08	3.723123e+01	1.490801e+03
1.800000e-06	5.239333e-06	2.511242e-08	3.704849e+01	1.489405e+03
1.810000e-06	5.211485e-06	2.500837e-08	3.685157e+01	1.487957e+03
1.820000e-06	5.181594e-06	2.503860e-08	3.664021e+01	1.486414e+03
1.830000e-06	5.150065e-06	2.502499e-08	3.641726e+01	1.484726e+03
1.840000e-06	5.116557e-06	2.494304e-08	3.618032e+01	1.482857e+03
1.850000e-06	5.081413e-06	2.496603e-08	3.593181e+01	1.480787e+03
1.860000e-06	5.044685e-06	2.486989e-08	3.567210e+01	1.478524e+03
1.870000e-06	5.005895e-06	2.480267e-08	3.539780e+01	1.476097e+03
1.880000e-06	4.965338e-06	2.484548e-08	3.511102e+01	1.473549e+03
1.890000e-06	4.923081e-06	2.476956e-08	3.481220e+01	1.470920e+03
1.900000e-06	4.879202e-06	2.472840e-08	3.450193e+01	1.468239e+03
1.910000e-06	4.833639e-06	2.466110e-08	3.417974e+01	1.465513e+03
1.920000e-06	4.785984e-06	2.459566e-08	3.384276e+01	1.462728e+03
1.930000e-06	4.736600e-06	2.461946e-08	3.349356e+01	1.459858e+03
1.940000e-06	4.685620e-06	2.450556e-08	3.313307e+01	1.456869e+03
1.950000e-06	4.632665e-06	2.444180e-08	3.275861e+01	1.453738e+03
1.960000e-06	4.577758e-06	2.443043e-08	3.237035e+01	1.450459e+03
1.970000e-06	4.521065e-06	2.436611e-08	3.196946e+01	1.447038e+03
1.980000e-06	4.462893e-06	2.431789e-08	3.155812e+01	1.443496e+03
1.990000e-06	4.403249e-06	2.420354e-08	3.113636e+01	1.439856e+03
2.000000e-06	4.341914e-06	2.416481e-08	3.070265e+01	1.436136e+03
2.010000e-06	4.278959e-06	2.412897e-08	3.025748e+01	1.432339e+03
2.020000e-06	4.214459e-06	2.403986e-08	2.980138e+01	1.428456e+03
2.030000e-06	4.148517e-06	2.398017e-08	2.933509e+01	1.424467e+03
2.040000e-06	4.081143e-06	2.388822e-08	2.885867e+01	1.420350e+03
2.050000e-06	4.012221e-06	2.385646e-08	2.837131e+01	1.416087e+03
2.060000e-06	3.941685e-06	2.377647e-08	2.787254e+01	1.411674e+03
2.070000e-06	3.869705e-06	2.365769e-08	2.736355e+01	1.407118e+03
2.080000e-06	3.796460e-06	2.358645e-08	2.684562e+01	1.402432e+03
2.090000e-06	3.721818e-06	2.351503e-08	2.631781e+01	1.397637e+03
2.100000e-06	3.645696e-06	2.346149e-08	2.577953e+01	1.392745e+03
2.110000e-06	3.567977e-06	2.335275e-08	2.522996e+01	1.387760e+03
2.120000e-06	3.488806e-06	2.325872e-08	2.467013e+01	1.382676e+03
2.130000e-06	3.408452e-06	2.318689e-08	2.410193e+01	1.377479e+03
2.140000e-06	3.326902e-06	2.309142e-08	2.352527e+01	1.372151e+03
2.150000e-06	3.244304e-06	2.298962e-08	2.294120e+01	1.366680e+03
2.160000e-06	3.160729e-06	2.288107e-08	2.235022e+01	1.361058e+03
2.170000e-06	3.075977e-06	2.280807e-08	2.175092e+01	1.355284e+03
2.180000e-06	2.989868e-06	2.272504e-08	2.114203e+01	1.349364e+03
2.190000e-06	2.902620e-06	2.260791e-08	2.052507e+01	1.343301e+03
2.200000e-06	2.814496e-06	2.248300e-08	1.990193e+01	1.337100e+03
2.210000e-06	2.725443e-06	2.237861e-08	1.927222e+01	1.330757e+03
2.220000e-06	2.635478e-06	2.228544e-08	1.863606e+01	1.324263e+03
2.230000e-06	2.544704e-06	2.216551e-08	1.799417e+01	1.317609e+03
2.240000e-06	2.453160e-06	2.203885e-08	1.734684e+01	1.310783e+03
2.250000e-06	2.360662e-06	2.193031e-08	1.669277e+01	1.303779e+03
2.260000e-06	2.267133e-06	2.182480e-08	1.603140e+01	1.296596e+03
2.270000e-06	2.172689e-06	2.169317e-08	1.536357e+01	1.289233e+03
2.280000e-06	2.077398e-06	2.154970e-08	1.468975e+01	1.281693e+03
2.290000e-06	1.981451e-06	2.142378e-08	1.401128e+01	1.273980e+03
2.300000e-06	1.884923e-06	2.130670e-08	1.332871e+01	1.266090e+03
2.310000e-06	1.787741e-06	2.116786e-08	1.264152e+01	1.258022e+03
2.320000e-06	1.689864e-06	2.101197e-08	1.194941e+01	1.249767e+03
2.330000e-06	1.591450e-06	2.086751e-08	1.125350e+01	1.241320e+03
2.340000e-06	1.492697e-06	2.073102e-08	1.055519e+01	1.232675e+03
2.350000e-06	1.393562e-06	2.058285e-08	9.854189e+00	1.223827e+03
2.360000e-06	1.293963e-06	2.042022e-08	9.149903e+00	1.214771e+03
2.370000e-06	1.193894e-06	2.026488e-08	8.442290e+00	1.205504e+03
2.380000e-06	1.093382e-06	2.011507e-08	7.731548e+00	1.196017e+03
2.390000e-06	9.923625e-07	1.994905e-08	7.017217e+00	1.186299e+03
2.400000e-06	8.908649e-07	1.976742e-08	6.299505e+00	1.176339e+03
2.410000e-06	7.889724e-07	1.959047e-08	5.579000e+00	1.166123e+03
2.420000e-06	6.867329e-07	1.942362e-08	4.856042e+00	1.155641e+03
2.430000e-06	5.842453e-07	1.924606e-08	4.131329e+00	1.144887e+03
2.440000e-06	4.815384e-07	1.905453e-08	3.405065e+00	1.133855e+03
2.450000e-06	3.786872e-07	1.886400e-08	2.677782e+00	1.122538e+03
2.460000e-06	2.757068e-07	1.867853e-08	1.949584e+00	1.110919e+03
2.470000e-06	1.725929e-07	1.848140e-08	1.220443e+00	1.098974e+03
2.480000e-06	6.944122e-08	1.826363e-08	4.910344e-01	1.086660e+03
2.490000e-06	-3.367371e-08	1.804009e-08	-2.381144e-01	1.073922e+03
2.500000e-06	-1.367509e-07	1.782030e-08	-9.669965e-01	1.060694e+03
2.510000e-06	-2.397726e-07	1.759393e-08	-1.695485e+00	1.046910e+03
2.520000e-06	-3.426914e-07	1.734824e-08	-2.423248e+00	1.032511e+03
2.530000e-06	-4.454771e-07	1.709080e-08	-3.150068e+00	1.017452e+03
2.540000e-06	-5.480934e-07	1.683329e-08	-3.875691e+00	1.001710e+03
2.550000e-06	-6.504800e-07	1.656481e-08	-4.599690e+00	9.852809e+02
2.560000e-06	-7.525137e-07	1.627230e-08	-5.321193e+00	9.681763e+02
2.570000e-06	-8.541696e-07	1.596339e-08	-6.040024e+00	9.504131e+02
2.580000e-06	-9.555271e-07	1.565200e-08	-6.756745e+00	9.320034e+02
2.590000e-06	-1.056502e-06	1.533541e-08	-7.470762e+00	9.129426e+02
2.600000e-06	-1.156917e-06	1.500276e-08	-8.180818e+00	8.931995e+02
2.610000e-06	-1.256793e-06	1.465452e-08	-8.887065e+00	8.727092e+02
2.620000e-06	-1.356232e-06	1.429923e-08	-9.590217e+00	8.513691e+02
2.630000e-06	-1.455279e-06	1.393108e-08	-1.029061e+01	8.290385e+02
2.640000e-06	-1.553918e-06	1.353517e-08	-1.098810e+01	8.055414e+02
2.650000e-06	-1.652082e-06	1.311054e-08	-1.168224e+01	7.806716e+02
2.660000e-06	-1.749692e-06	1.266465e-08	-1.237246e+01	7.541987e+02
2.670000e-06	-1.846665e-06	1.219440e-08	-1.305818e+01	7.258747e+02
2.680000e-06	-1.943034e-06	1.168550e-08	-1.373963e+01	6.954381e+02
2.690000e-06	-2.038796e-06	1.113222e-08	-1.441678e+01	6.626150e+02
2.700000e-06	-2.133932e-06	1.053927e-08	-1.508951e+01	6.271162e+02
2.710000e-06	-2.228326e-06	9.902747e-09	-1.575699e+01	5.886309e+02
2.720000e-06	-2.321729e-06	9.208244e-09	-1.641746e+01	5.468189e+02
2.730000e-06	-2.414125e-06	8.444826e-09	-1.707082e+01	5.013070e+02
2.740000e-06	-2.505670e-06	7.613354e-09	-1.771815e+01	4.516934e+02
2.750000e-06	-2.596354e-06	6.711536e-09	-1.835940e+01	3.975660e+02
2.760000e-06	-2.686034e-06	5.726100e-09	-1.899355e+01	3.385373e+02
2.770000e-06	-2.774736e-06	4.649892e-09	-1.962078e+01	2.742964e+02
2.780000e-06	-2.862584e-06	3.486246e-09	-2.024197e+01	2.046714e+02
2.790000e-06	-2.949545e-06	2.239081e-09	-2.085689e+01	1.296948e+02
2.800000e-06	-3.035418e-06	9.064411e-10	-2.146412e+01	4.965852e+01
2.810000e-06	-3.120032e-06	-5.075534e-10	-2.206244e+01	-3.485369e+01
2.820000e-06	-3.203529e-06	-1.986322e-09	-2.265287e+01	-1.229656e+02
2.830000e-06	-3.285983e-06	-3.505090e-09	-2.323592e+01	-2.135455e+02
2.840000e-06	-3.367304e-06	-5.042844e-09	-2.381096e+01	-3.052775e+02
2.850000e-06	-3.447502e-06	-6.579740e-09	-2.437805e+01	-3.967589e+02
2.860000e-06	-3.526533e-06	-8.088938e-09	-2.493690e+01	-4.866092e+02
2.870000e-06	-3.604113e-06	-9.548753e-09	-2.548549e+01	-5.735742e+02
2.880000e-06	-3.680112e-06	-1.094573e-08	-2.602289e+01	-6.566094e+02
2.890000e-06	-3.754693e-06	-1.226921e-08	-2.655028e+01	-7.349324e+02
2.900000e-06	-3.827936e-06	-1.350867e-08	-2.706819e+01	-8.080397e+02
2.910000e-06	-3.899872e-06	-1.465355e-08	-2.757687e+01	-8.756891e+02
2.920000e-06	-3.970372e-06	-1.570492e-08	-2.807539e+01	-9.378575e+02
2.930000e-06	-4.039220e-06	-1.667087e-08	-2.856223e+01	-9.946840e+02
2.940000e-06	-4.106575e-06	-1.755155e-08	-2.903851e+01	-1.046412e+03
2.950000e-06	-4.172606e-06	-1.834610e-08	-2.950543e+01	-1.093341e+03
2.960000e-06	-4.237268e-06	-1.906158e-08	-2.996267e+01	-1.135789e+03
2.970000e-06	-4.300562e-06	-1.970969e-08	-3.041024e+01	-1.174073e+03
2.980000e-06	-4.362160e-06	-2.029791e-08	-3.084581e+01	-1.208505e+03
2.990000e-06	-4.421979e-06	-2.082379e-08	-3.126880e+01	-1.239392e+03
3.000000e-06	-4.480302e-06	-2.129222e-08	-3.168122e+01	-1.267042e+03
3.010000e-06	-4.537161e-06	-2.171519e-08	-3.208328e+01	-1.291761e+03
3.020000e-06	-4.592497e-06	-2.209351e-08	-3.247457e+01	-1.313854e+03
3.030000e-06	-4.645982e-06	-2.242832e-08	-3.285278e+01	-1.333615e+03
3.040000e-06	-4.697481e-06	-2.272829e-08	-3.321694e+01	-1.351317e+03
3.050000e-06	-4.747119e-06	-2.299883e-08	-3.356794e+01	-1.367202e+03
3.060000e-06	-4.794757e-06	-2.324259e-08	-3.390480e+01	-1.381473e+03
3.070000e-06	-4.840554e-06	-2.345955e-08	-3.422864e+01	-1.394300e+03
3.080000e-06	-4.884809e-06	-2.365487e-08	-3.454158e+01	-1.405818e+03
3.090000e-06	-4.927571e-06	-2.383428e-08	-3.484396e+01	-1.416141e+03
3.100000e-06	-4.968794e-06	-2.399654e-08	-3.513545e+01	-1.425372e+03
3.110000e-06	-5.008383e-06	-2.413721e-08	-3.541539e+01	-1.433608e+03
3.120000e-06	-5.046107e-06	-2.425992e-08	-3.568215e+01	-1.440951e+03
3.130000e-06	-5.081892e-06	-2.437179e-08	-3.593519e+01	-1.447501e+03
3.140000e-06	-5.115955e-06	-2.447318e-08	-3.617606e+01	-1.453355e+03
3.150000e-06	-5.148361e-06	-2.456237e-08	-3.640521e+01	-1.458601e+03
3.160000e-06	-5.178887e-06	-2.464065e-08	-3.662106e+01	-1.463313e+03
3.170000e-06	-5.207379e-06	-2.471300e-08	-3.682254e+01	-1.467546e+03
3.180000e-06	-5.234039e-06	-2.477893e-08	-3.701106e+01	-1.471340e+03
3.190000e-06	-5.258958e-06	-2.483584e-08	-3.718727e+01	-1.474723e+03
3.200000e-06	-5.282007e-06	-2.488571e-08	-3.735025e+01	-1.477718e+03
3.210000e-06	-5.303028e-06	-2.493103e-08	-3.749890e+01	-1.480349e+03
3.220000e-06	-5.322153e-06	-2.497187e-08	-3.763413e+01	-1.482644e+03
3.230000e-06	-5.339537e-06	-2.500604e-08	-3.775706e+01	-1.484634e+03
3.240000e-06	-5.355081e-06	-2.503305e-08	-3.786698e+01	-1.486354e+03
3.250000e-06	-5.368511e-06	-2.505792e-08	-3.796194e+01	-1.487834e+03
3.260000e-06	-5.379770e-06	-2.508004e-08	-3.804155e+01	-1.489098e+03
3.270000e-06	-5.389114e-06	-2.509907e-08	-3.810763e+01	-1.490160e+03
3.280000e-06	-5.396591e-06	-2.511615e-08	-3.816050e+01	-1.491028e+03
3.290000e-06	-5.402010e-06	-2.513062e-08	-3.819882e+01	-1.491706e+03
3.300000e-06	-5.405525e-06	-2.514214e-08	-3.822368e+01	-1.492196e+03
3.310000e-06	-5.407380e-06	-2.514822e-08	-3.823679e+01	-1.492507e+03
3.320000e-06	-5.407465e-06	-2.514766e-08	-3.823739e+01	-1.492654e+03
