# Temperatura_=_68.16
# Concentracion g/m^3_=_20000.0
# C_Vs_to_Am_M_A/Vsm_=_59384043850.047264
# pendiente_HvsI_1/m_=_3716.3
# ordenada_HvsI_A/m_=_1297.0
# frecuencia_Hz_=_301148.41309370263

Tiempo_(s)	Campo_(V.s)	Magnetizacion_(V.s)	Campo_(kA/m)	Magnetizacion_(A/m)
0.000000e+00	-5.421145e-06	-2.548260e-08	-3.823030e+01	-1.512284e+03
1.000000e-08	-5.418805e-06	-2.548147e-08	-3.821380e+01	-1.512203e+03
2.000000e-08	-5.414524e-06	-2.548076e-08	-3.818360e+01	-1.511971e+03
3.000000e-08	-5.408571e-06	-2.547564e-08	-3.814162e+01	-1.511615e+03
4.000000e-08	-5.401020e-06	-2.546691e-08	-3.808838e+01	-1.511151e+03
5.000000e-08	-5.391749e-06	-2.545658e-08	-3.802300e+01	-1.510584e+03
6.000000e-08	-5.380456e-06	-2.544849e-08	-3.794336e+01	-1.509902e+03
7.000000e-08	-5.367181e-06	-2.544541e-08	-3.784974e+01	-1.509087e+03
8.000000e-08	-5.351803e-06	-2.541568e-08	-3.774130e+01	-1.508121e+03
9.000000e-08	-5.333989e-06	-2.536625e-08	-3.761567e+01	-1.507002e+03
1.000000e-07	-5.314023e-06	-2.535739e-08	-3.747487e+01	-1.505750e+03
1.100000e-07	-5.292225e-06	-2.535903e-08	-3.732115e+01	-1.504400e+03
1.200000e-07	-5.268790e-06	-2.535335e-08	-3.715588e+01	-1.503000e+03
1.300000e-07	-5.244096e-06	-2.536355e-08	-3.698174e+01	-1.501591e+03
1.400000e-07	-5.217841e-06	-2.525984e-08	-3.679659e+01	-1.500190e+03
1.500000e-07	-5.189620e-06	-2.521659e-08	-3.659757e+01	-1.498787e+03
1.600000e-07	-5.159753e-06	-2.528317e-08	-3.638694e+01	-1.497341e+03
1.700000e-07	-5.128272e-06	-2.519010e-08	-3.616494e+01	-1.495793e+03
1.800000e-07	-5.094728e-06	-2.513307e-08	-3.592838e+01	-1.494081e+03
1.900000e-07	-5.059255e-06	-2.514354e-08	-3.567822e+01	-1.492165e+03
2.000000e-07	-5.022243e-06	-2.509465e-08	-3.541721e+01	-1.490032e+03
2.100000e-07	-4.983480e-06	-2.510241e-08	-3.514386e+01	-1.487706e+03
2.200000e-07	-4.943025e-06	-2.505060e-08	-3.485856e+01	-1.485234e+03
2.300000e-07	-4.900695e-06	-2.493799e-08	-3.456005e+01	-1.482673e+03
2.400000e-07	-4.856335e-06	-2.492177e-08	-3.424722e+01	-1.480070e+03
2.500000e-07	-4.810270e-06	-2.489032e-08	-3.392237e+01	-1.477444e+03
2.600000e-07	-4.762415e-06	-2.485704e-08	-3.358489e+01	-1.474784e+03
2.700000e-07	-4.712584e-06	-2.479781e-08	-3.323348e+01	-1.472053e+03
2.800000e-07	-4.660653e-06	-2.474043e-08	-3.286725e+01	-1.469203e+03
2.900000e-07	-4.606767e-06	-2.473641e-08	-3.248725e+01	-1.466191e+03
3.000000e-07	-4.551260e-06	-2.466582e-08	-3.209581e+01	-1.462995e+03
3.100000e-07	-4.494216e-06	-2.457412e-08	-3.169353e+01	-1.459625e+03
3.200000e-07	-4.435430e-06	-2.450586e-08	-3.127897e+01	-1.456111e+03
3.300000e-07	-4.374960e-06	-2.447539e-08	-3.085253e+01	-1.452498e+03
3.400000e-07	-4.313070e-06	-2.443245e-08	-3.041607e+01	-1.448825e+03
3.500000e-07	-4.249764e-06	-2.434489e-08	-2.996964e+01	-1.445112e+03
3.600000e-07	-4.185011e-06	-2.427716e-08	-2.951300e+01	-1.441354e+03
3.700000e-07	-4.118589e-06	-2.421710e-08	-2.904458e+01	-1.437518e+03
3.800000e-07	-4.050474e-06	-2.415682e-08	-2.856423e+01	-1.433561e+03
3.900000e-07	-3.980913e-06	-2.408606e-08	-2.807368e+01	-1.429442e+03
4.000000e-07	-3.910036e-06	-2.399644e-08	-2.757385e+01	-1.425135e+03
4.100000e-07	-3.837852e-06	-2.393706e-08	-2.706481e+01	-1.420639e+03
4.200000e-07	-3.764216e-06	-2.387077e-08	-2.654552e+01	-1.415979e+03
4.300000e-07	-3.688963e-06	-2.378240e-08	-2.601483e+01	-1.411191e+03
4.400000e-07	-3.612180e-06	-2.368636e-08	-2.547335e+01	-1.406313e+03
4.500000e-07	-3.534065e-06	-2.360482e-08	-2.492248e+01	-1.401371e+03
4.600000e-07	-3.454492e-06	-2.353698e-08	-2.436132e+01	-1.396367e+03
4.700000e-07	-3.373461e-06	-2.344340e-08	-2.378988e+01	-1.391280e+03
4.800000e-07	-3.291214e-06	-2.335010e-08	-2.320988e+01	-1.386073e+03
4.900000e-07	-3.207866e-06	-2.326019e-08	-2.262210e+01	-1.380707e+03
5.000000e-07	-3.123516e-06	-2.317694e-08	-2.202726e+01	-1.375151e+03
5.100000e-07	-3.038266e-06	-2.307846e-08	-2.142606e+01	-1.369396e+03
5.200000e-07	-2.952060e-06	-2.296651e-08	-2.081814e+01	-1.363452e+03
5.300000e-07	-2.864859e-06	-2.286643e-08	-2.020319e+01	-1.357349e+03
5.400000e-07	-2.776727e-06	-2.277216e-08	-1.958168e+01	-1.351118e+03
5.500000e-07	-2.687666e-06	-2.266973e-08	-1.895361e+01	-1.344787e+03
5.600000e-07	-2.597494e-06	-2.255081e-08	-1.831771e+01	-1.338363e+03
5.700000e-07	-2.506111e-06	-2.244071e-08	-1.767327e+01	-1.331835e+03
5.800000e-07	-2.413815e-06	-2.233475e-08	-1.702239e+01	-1.325173e+03
5.900000e-07	-2.320866e-06	-2.221689e-08	-1.636691e+01	-1.318339e+03
6.000000e-07	-2.227144e-06	-2.209011e-08	-1.570598e+01	-1.311298e+03
6.100000e-07	-2.132596e-06	-2.196737e-08	-1.503922e+01	-1.304030e+03
6.200000e-07	-2.037300e-06	-2.185029e-08	-1.436719e+01	-1.296533e+03
6.300000e-07	-1.941298e-06	-2.172258e-08	-1.369017e+01	-1.288824e+03
6.400000e-07	-1.844645e-06	-2.158283e-08	-1.300857e+01	-1.280931e+03
6.500000e-07	-1.747295e-06	-2.144488e-08	-1.232205e+01	-1.272879e+03
6.600000e-07	-1.649114e-06	-2.131414e-08	-1.162967e+01	-1.264686e+03
6.700000e-07	-1.550155e-06	-2.117776e-08	-1.093181e+01	-1.256348e+03
6.800000e-07	-1.450670e-06	-2.103135e-08	-1.023023e+01	-1.247844e+03
6.900000e-07	-1.350713e-06	-2.088309e-08	-9.525321e+00	-1.239142e+03
7.000000e-07	-1.250256e-06	-2.073839e-08	-8.816893e+00	-1.230206e+03
7.100000e-07	-1.149419e-06	-2.058671e-08	-8.105784e+00	-1.221008e+03
7.200000e-07	-1.048267e-06	-2.042287e-08	-7.392451e+00	-1.211536e+03
7.300000e-07	-9.468166e-07	-2.025702e-08	-6.677018e+00	-1.201793e+03
7.400000e-07	-8.450559e-07	-2.009282e-08	-5.959394e+00	-1.191798e+03
7.500000e-07	-7.429427e-07	-1.992423e-08	-5.239285e+00	-1.181571e+03
7.600000e-07	-6.404680e-07	-1.974465e-08	-4.516626e+00	-1.171124e+03
7.700000e-07	-5.377817e-07	-1.956181e-08	-3.792475e+00	-1.160453e+03
7.800000e-07	-4.350021e-07	-1.937985e-08	-3.067666e+00	-1.149534e+03
7.900000e-07	-3.320498e-07	-1.919442e-08	-2.341639e+00	-1.138323e+03
8.000000e-07	-2.289641e-07	-1.899827e-08	-1.614671e+00	-1.126766e+03
8.100000e-07	-1.257823e-07	-1.879301e-08	-8.870259e-01	-1.114805e+03
8.200000e-07	-2.253320e-08	-1.858434e-08	-1.589057e-01	-1.102389e+03
8.300000e-07	8.071040e-08	-1.836915e-08	5.691755e-01	-1.089478e+03
8.400000e-07	1.839016e-07	-1.814450e-08	1.296887e+00	-1.076040e+03
8.500000e-07	2.870052e-07	-1.790741e-08	2.023981e+00	-1.062045e+03
8.600000e-07	3.899815e-07	-1.766404e-08	2.750177e+00	-1.047464e+03
8.700000e-07	4.928262e-07	-1.741467e-08	3.475445e+00	-1.032259e+03
8.800000e-07	5.955461e-07	-1.714927e-08	4.199834e+00	-1.016389e+03
8.900000e-07	6.980245e-07	-1.686355e-08	4.922518e+00	-9.998155e+02
9.000000e-07	8.002587e-07	-1.656728e-08	5.643481e+00	-9.825084e+02
9.100000e-07	9.022485e-07	-1.626532e-08	6.362720e+00	-9.644541e+02
9.200000e-07	1.003910e-06	-1.595021e-08	7.079644e+00	-9.456554e+02
9.300000e-07	1.105195e-06	-1.562044e-08	7.793916e+00	-9.261216e+02
9.400000e-07	1.206131e-06	-1.528123e-08	8.505722e+00	-9.058507e+02
9.500000e-07	1.306756e-06	-1.493026e-08	9.215336e+00	-8.848056e+02
9.600000e-07	1.406998e-06	-1.455941e-08	9.922251e+00	-8.628923e+02
9.700000e-07	1.506715e-06	-1.416784e-08	1.062546e+01	-8.399461e+02
9.800000e-07	1.605780e-06	-1.375650e-08	1.132407e+01	-8.157320e+02
9.900000e-07	1.704185e-06	-1.332288e-08	1.201803e+01	-7.899587e+02
1.000000e-06	1.801874e-06	-1.285794e-08	1.270694e+01	-7.623022e+02
1.010000e-06	1.898792e-06	-1.235287e-08	1.339042e+01	-7.324320e+02
1.020000e-06	1.994943e-06	-1.180279e-08	1.406848e+01	-7.000288e+02
1.030000e-06	2.090359e-06	-1.120445e-08	1.474136e+01	-6.647870e+02
1.040000e-06	2.185120e-06	-1.055318e-08	1.540962e+01	-6.264002e+02
1.050000e-06	2.279172e-06	-9.840797e-09	1.607289e+01	-5.845341e+02
1.060000e-06	2.372484e-06	-9.063191e-09	1.673093e+01	-5.387979e+02
1.070000e-06	2.465175e-06	-8.212507e-09	1.738459e+01	-4.887292e+02
1.080000e-06	2.557119e-06	-7.280333e-09	1.803298e+01	-4.338051e+02
1.090000e-06	2.648057e-06	-6.256775e-09	1.867428e+01	-3.734876e+02
1.100000e-06	2.737863e-06	-5.133932e-09	1.930760e+01	-3.073011e+02
1.110000e-06	2.826564e-06	-3.907311e-09	1.993313e+01	-2.349323e+02
1.120000e-06	2.914273e-06	-2.573035e-09	2.055166e+01	-1.563313e+02
1.130000e-06	3.001007e-06	-1.136015e-09	2.116331e+01	-7.179413e+01
1.140000e-06	3.086775e-06	3.891486e-10	2.176816e+01	1.799558e+01
1.150000e-06	3.171618e-06	1.980047e-09	2.236648e+01	1.119758e+02
1.160000e-06	3.255484e-06	3.615672e-09	2.295791e+01	2.087697e+02
1.170000e-06	3.338183e-06	5.271445e-09	2.354111e+01	3.067926e+02
1.180000e-06	3.419606e-06	6.918415e-09	2.411530e+01	4.043858e+02
1.190000e-06	3.499734e-06	8.528726e-09	2.468037e+01	4.999533e+02
1.200000e-06	3.578597e-06	1.008016e-08	2.523652e+01	5.920817e+02
1.210000e-06	3.656231e-06	1.155311e-08	2.578400e+01	6.796265e+02
1.220000e-06	3.732547e-06	1.293295e-08	2.632219e+01	7.617580e+02
1.230000e-06	3.807368e-06	1.421078e-08	2.684983e+01	8.379663e+02
1.240000e-06	3.880568e-06	1.538187e-08	2.736604e+01	9.080335e+02
1.250000e-06	3.952280e-06	1.645023e-08	2.787176e+01	9.719833e+02
1.260000e-06	4.022674e-06	1.742023e-08	2.836818e+01	1.030021e+03
1.270000e-06	4.091767e-06	1.829683e-08	2.885543e+01	1.082472e+03
1.280000e-06	4.159531e-06	1.908583e-08	2.933331e+01	1.129731e+03
1.290000e-06	4.225693e-06	1.979480e-08	2.979989e+01	1.172214e+03
1.300000e-06	4.290162e-06	2.043279e-08	3.025453e+01	1.210336e+03
1.310000e-06	4.353169e-06	2.100519e-08	3.069886e+01	1.244487e+03
1.320000e-06	4.414774e-06	2.151415e-08	3.113330e+01	1.275029e+03
1.330000e-06	4.475047e-06	2.196603e-08	3.155835e+01	1.302294e+03
1.340000e-06	4.533747e-06	2.236941e-08	3.197231e+01	1.326591e+03
1.350000e-06	4.590589e-06	2.272842e-08	3.237316e+01	1.348213e+03
1.360000e-06	4.645759e-06	2.304824e-08	3.276222e+01	1.367443e+03
1.370000e-06	4.699292e-06	2.333365e-08	3.313974e+01	1.384553e+03
1.380000e-06	4.750904e-06	2.358906e-08	3.350371e+01	1.399803e+03
1.390000e-06	4.800452e-06	2.381737e-08	3.385313e+01	1.413429e+03
1.400000e-06	4.848132e-06	2.402073e-08	3.418937e+01	1.425643e+03
1.410000e-06	4.894169e-06	2.420035e-08	3.451403e+01	1.436614e+03
1.420000e-06	4.938661e-06	2.435948e-08	3.482779e+01	1.446478e+03
1.430000e-06	4.981426e-06	2.450292e-08	3.512937e+01	1.455335e+03
1.440000e-06	5.022254e-06	2.463453e-08	3.541729e+01	1.463265e+03
1.450000e-06	5.061298e-06	2.475399e-08	3.569264e+01	1.470335e+03
1.460000e-06	5.098722e-06	2.486016e-08	3.595655e+01	1.476618e+03
1.470000e-06	5.134422e-06	2.495517e-08	3.620831e+01	1.482196e+03
1.480000e-06	5.168172e-06	2.503751e-08	3.644632e+01	1.487157e+03
1.490000e-06	5.200004e-06	2.510776e-08	3.667079e+01	1.491594e+03
1.500000e-06	5.230111e-06	2.516931e-08	3.688311e+01	1.495588e+03
1.510000e-06	5.258523e-06	2.522674e-08	3.708347e+01	1.499201e+03
1.520000e-06	5.284969e-06	2.528161e-08	3.726998e+01	1.502471e+03
1.530000e-06	5.309324e-06	2.533345e-08	3.744173e+01	1.505414e+03
1.540000e-06	5.331853e-06	2.538129e-08	3.760060e+01	1.508030e+03
1.550000e-06	5.352730e-06	2.542309e-08	3.774783e+01	1.510319e+03
1.560000e-06	5.371809e-06	2.545799e-08	3.788238e+01	1.512289e+03
1.570000e-06	5.388888e-06	2.548394e-08	3.800282e+01	1.513963e+03
1.580000e-06	5.404010e-06	2.550200e-08	3.810946e+01	1.515382e+03
1.590000e-06	5.417187e-06	2.551770e-08	3.820239e+01	1.516590e+03
1.600000e-06	5.428175e-06	2.553394e-08	3.827987e+01	1.517628e+03
1.610000e-06	5.436975e-06	2.554979e-08	3.834193e+01	1.518524e+03
1.620000e-06	5.443878e-06	2.556462e-08	3.839061e+01	1.519286e+03
1.630000e-06	5.449052e-06	2.557902e-08	3.842710e+01	1.519904e+03
1.640000e-06	5.452414e-06	2.559097e-08	3.845081e+01	1.520362e+03
1.650000e-06	5.453717e-06	2.559453e-08	3.846000e+01	1.520641e+03
1.660000e-06	5.453085e-06	2.559267e-08	3.845554e+01	1.520738e+03
1.670000e-06	5.450792e-06	2.558886e-08	3.843937e+01	1.520663e+03
1.680000e-06	5.446863e-06	2.558317e-08	3.841167e+01	1.520437e+03
1.690000e-06	5.441027e-06	2.557606e-08	3.837051e+01	1.520084e+03
1.700000e-06	5.433306e-06	2.556910e-08	3.831606e+01	1.519624e+03
1.710000e-06	5.424002e-06	2.556192e-08	3.825045e+01	1.519061e+03
1.720000e-06	5.412966e-06	2.554764e-08	3.817262e+01	1.518384e+03
1.730000e-06	5.399953e-06	2.552217e-08	3.808085e+01	1.517573e+03
1.740000e-06	5.384910e-06	2.555161e-08	3.797477e+01	1.516613e+03
1.750000e-06	5.367667e-06	2.554404e-08	3.785317e+01	1.515500e+03
1.760000e-06	5.347842e-06	2.549065e-08	3.771336e+01	1.514251e+03
1.770000e-06	5.325477e-06	2.545061e-08	3.755564e+01	1.512905e+03
1.780000e-06	5.301361e-06	2.535537e-08	3.738558e+01	1.511506e+03
1.790000e-06	5.276291e-06	2.541128e-08	3.720878e+01	1.510096e+03
1.800000e-06	5.250039e-06	2.544267e-08	3.702364e+01	1.508695e+03
1.810000e-06	5.221757e-06	2.531175e-08	3.682420e+01	1.507293e+03
1.820000e-06	5.191562e-06	2.536760e-08	3.661127e+01	1.505849e+03
1.830000e-06	5.159755e-06	2.536905e-08	3.638696e+01	1.504306e+03
1.840000e-06	5.125959e-06	2.527107e-08	3.614863e+01	1.502601e+03
1.850000e-06	5.090509e-06	2.530195e-08	3.589863e+01	1.500693e+03
1.860000e-06	5.053360e-06	2.518399e-08	3.563665e+01	1.498567e+03
1.870000e-06	5.014189e-06	2.512647e-08	3.536041e+01	1.496247e+03
1.880000e-06	4.973336e-06	2.520610e-08	3.507232e+01	1.493779e+03
1.890000e-06	4.930759e-06	2.511480e-08	3.477206e+01	1.491221e+03
1.900000e-06	4.886603e-06	2.506835e-08	3.446067e+01	1.488618e+03
1.910000e-06	4.840704e-06	2.500275e-08	3.413699e+01	1.485993e+03
1.920000e-06	4.792676e-06	2.495159e-08	3.379829e+01	1.483336e+03
1.930000e-06	4.742985e-06	2.497185e-08	3.344787e+01	1.480608e+03
1.940000e-06	4.691663e-06	2.482745e-08	3.308594e+01	1.477763e+03
1.950000e-06	4.638308e-06	2.479952e-08	3.270968e+01	1.474757e+03
1.960000e-06	4.583012e-06	2.479959e-08	3.231973e+01	1.471568e+03
1.970000e-06	4.526003e-06	2.472440e-08	3.191769e+01	1.468203e+03
1.980000e-06	4.467572e-06	2.467096e-08	3.150564e+01	1.464694e+03
1.990000e-06	4.407640e-06	2.454757e-08	3.108299e+01	1.461084e+03
2.000000e-06	4.345933e-06	2.454737e-08	3.064783e+01	1.457413e+03
2.010000e-06	4.282575e-06	2.449372e-08	3.020102e+01	1.453702e+03
2.020000e-06	4.217668e-06	2.438843e-08	2.974330e+01	1.449945e+03
2.030000e-06	4.151348e-06	2.434501e-08	2.927560e+01	1.446113e+03
2.040000e-06	4.083573e-06	2.425958e-08	2.879765e+01	1.442161e+03
2.050000e-06	4.014119e-06	2.423728e-08	2.830785e+01	1.438048e+03
2.060000e-06	3.943127e-06	2.412896e-08	2.780721e+01	1.433748e+03
2.070000e-06	3.870817e-06	2.403354e-08	2.729728e+01	1.429259e+03
2.080000e-06	3.797165e-06	2.398395e-08	2.677787e+01	1.424604e+03
2.090000e-06	3.722068e-06	2.390114e-08	2.624829e+01	1.419819e+03
2.100000e-06	3.645477e-06	2.383263e-08	2.570816e+01	1.414945e+03
2.110000e-06	3.567276e-06	2.371091e-08	2.515668e+01	1.410005e+03
2.120000e-06	3.487745e-06	2.364699e-08	2.459583e+01	1.405003e+03
2.130000e-06	3.407099e-06	2.356967e-08	2.402710e+01	1.399920e+03
2.140000e-06	3.325269e-06	2.347131e-08	2.345003e+01	1.394718e+03
2.150000e-06	3.242401e-06	2.337599e-08	2.286564e+01	1.389358e+03
2.160000e-06	3.158465e-06	2.328018e-08	2.227372e+01	1.383809e+03
2.170000e-06	3.073257e-06	2.321599e-08	2.167283e+01	1.378061e+03
2.180000e-06	2.986713e-06	2.310304e-08	2.106251e+01	1.372124e+03
2.190000e-06	2.899104e-06	2.298528e-08	2.044469e+01	1.366026e+03
2.200000e-06	2.810548e-06	2.287307e-08	1.982019e+01	1.359799e+03
2.210000e-06	2.721050e-06	2.277783e-08	1.918904e+01	1.353471e+03
2.220000e-06	2.630747e-06	2.267383e-08	1.855221e+01	1.347051e+03
2.230000e-06	2.539632e-06	2.254974e-08	1.790967e+01	1.340527e+03
2.240000e-06	2.447676e-06	2.244734e-08	1.726118e+01	1.333871e+03
2.250000e-06	2.354764e-06	2.234488e-08	1.660596e+01	1.327043e+03
2.260000e-06	2.260850e-06	2.222883e-08	1.594368e+01	1.320010e+03
2.270000e-06	2.165981e-06	2.208984e-08	1.527465e+01	1.312750e+03
2.280000e-06	2.070318e-06	2.195987e-08	1.460003e+01	1.305261e+03
2.290000e-06	1.974080e-06	2.184349e-08	1.392135e+01	1.297560e+03
2.300000e-06	1.877242e-06	2.171429e-08	1.323844e+01	1.289672e+03
2.310000e-06	1.779740e-06	2.156813e-08	1.255086e+01	1.281626e+03
2.320000e-06	1.681580e-06	2.142182e-08	1.185862e+01	1.273438e+03
2.330000e-06	1.582956e-06	2.128747e-08	1.116312e+01	1.265105e+03
2.340000e-06	1.483921e-06	2.114727e-08	1.046472e+01	1.256608e+03
2.350000e-06	1.384386e-06	2.099471e-08	9.762791e+00	1.247914e+03
2.360000e-06	1.284405e-06	2.084297e-08	9.057713e+00	1.238987e+03
2.370000e-06	1.184030e-06	2.069708e-08	8.349864e+00	1.229799e+03
2.380000e-06	1.083303e-06	2.053950e-08	7.639528e+00	1.220336e+03
2.390000e-06	9.821000e-07	2.036328e-08	6.925839e+00	1.210603e+03
2.400000e-06	8.803014e-07	2.018631e-08	6.207948e+00	1.200616e+03
2.410000e-06	7.780067e-07	2.001993e-08	5.486559e+00	1.190397e+03
2.420000e-06	6.753162e-07	1.985016e-08	4.762378e+00	1.179958e+03
2.430000e-06	5.723467e-07	1.966854e-08	4.036230e+00	1.169296e+03
2.440000e-06	4.691724e-07	1.948437e-08	3.308637e+00	1.158386e+03
2.450000e-06	3.658648e-07	1.930329e-08	2.580105e+00	1.147187e+03
2.460000e-06	2.625010e-07	1.911360e-08	1.851176e+00	1.135643e+03
2.470000e-06	1.590766e-07	1.890391e-08	1.121819e+00	1.123697e+03
2.480000e-06	5.559493e-08	1.868518e-08	3.920594e-01	1.111299e+03
2.490000e-06	-4.793060e-08	1.846803e-08	-3.380100e-01	1.098406e+03
2.500000e-06	-1.513928e-07	1.824644e-08	-1.067633e+00	1.084987e+03
2.510000e-06	-2.547659e-07	1.800997e-08	-1.796627e+00	1.071013e+03
2.520000e-06	-3.580700e-07	1.776144e-08	-2.525135e+00	1.056453e+03
2.530000e-06	-4.612173e-07	1.751010e-08	-3.252537e+00	1.041271e+03
2.540000e-06	-5.641841e-07	1.725061e-08	-3.978666e+00	1.025425e+03
2.550000e-06	-6.669215e-07	1.697093e-08	-4.703178e+00	1.008878e+03
2.560000e-06	-7.693134e-07	1.667103e-08	-5.425253e+00	9.915972e+02
2.570000e-06	-8.713429e-07	1.636312e-08	-6.144772e+00	9.735697e+02
2.580000e-06	-9.729664e-07	1.604953e-08	-6.861428e+00	9.547974e+02
2.590000e-06	-1.074097e-06	1.572013e-08	-7.574608e+00	9.352898e+02
2.600000e-06	-1.174681e-06	1.537677e-08	-8.283934e+00	9.150457e+02
2.610000e-06	-1.274763e-06	1.502630e-08	-8.989716e+00	8.940295e+02
2.620000e-06	-1.374474e-06	1.466668e-08	-9.692888e+00	8.721495e+02
2.630000e-06	-1.473744e-06	1.428482e-08	-1.039295e+01	8.492439e+02
2.640000e-06	-1.572488e-06	1.387196e-08	-1.108930e+01	8.250799e+02
2.650000e-06	-1.670745e-06	1.343400e-08	-1.178221e+01	7.993678e+02
2.660000e-06	-1.768431e-06	1.297165e-08	-1.247110e+01	7.717843e+02
2.670000e-06	-1.865446e-06	1.247300e-08	-1.315526e+01	7.419988e+02
2.680000e-06	-1.961834e-06	1.192942e-08	-1.383500e+01	7.096914e+02
2.690000e-06	-2.057716e-06	1.134321e-08	-1.451116e+01	6.745562e+02
2.700000e-06	-2.153058e-06	1.071312e-08	-1.518352e+01	6.362873e+02
2.710000e-06	-2.247593e-06	1.002276e-08	-1.585019e+01	5.945518e+02
2.720000e-06	-2.341138e-06	9.257638e-09	-1.650987e+01	5.489614e+02
2.730000e-06	-2.433722e-06	8.417419e-09	-1.716278e+01	4.990562e+02
2.740000e-06	-2.525373e-06	7.502603e-09	-1.780911e+01	4.443150e+02
2.750000e-06	-2.616125e-06	6.499816e-09	-1.844910e+01	3.841989e+02
2.760000e-06	-2.705934e-06	5.396497e-09	-1.908244e+01	3.182287e+02
2.770000e-06	-2.794780e-06	4.191591e-09	-1.970899e+01	2.460834e+02
2.780000e-06	-2.882775e-06	2.887067e-09	-2.032953e+01	1.677022e+02
2.790000e-06	-2.969861e-06	1.481950e-09	-2.094367e+01	8.336763e+01
2.800000e-06	-3.055824e-06	-1.957878e-11	-2.154989e+01	-6.250608e+00
2.810000e-06	-3.140573e-06	-1.594286e-09	-2.214754e+01	-1.001033e+02
2.820000e-06	-3.224107e-06	-3.214857e-09	-2.273663e+01	-1.968230e+02
2.830000e-06	-3.306512e-06	-4.857637e-09	-2.331776e+01	-2.948305e+02
2.840000e-06	-3.387811e-06	-6.499579e-09	-2.389108e+01	-3.924673e+02
2.850000e-06	-3.468041e-06	-8.109851e-09	-2.445687e+01	-4.881329e+02
2.860000e-06	-3.547109e-06	-9.659580e-09	-2.501446e+01	-5.804055e+02
2.870000e-06	-3.624694e-06	-1.113603e-08	-2.556160e+01	-6.681302e+02
2.880000e-06	-3.700727e-06	-1.252854e-08	-2.609779e+01	-7.504656e+02
2.890000e-06	-3.775286e-06	-1.382535e-08	-2.662359e+01	-8.268908e+02
2.900000e-06	-3.848471e-06	-1.501665e-08	-2.713969e+01	-8.971781e+02
2.910000e-06	-3.920356e-06	-1.610184e-08	-2.764663e+01	-9.613437e+02
2.920000e-06	-3.990788e-06	-1.709104e-08	-2.814332e+01	-1.019587e+03
2.930000e-06	-4.059642e-06	-1.798964e-08	-2.862888e+01	-1.072232e+03
2.940000e-06	-4.127059e-06	-1.879474e-08	-2.910431e+01	-1.119669e+03
2.950000e-06	-4.193107e-06	-1.951348e-08	-2.957008e+01	-1.162315e+03
2.960000e-06	-4.257746e-06	-2.016175e-08	-3.002593e+01	-1.200586e+03
2.970000e-06	-4.320954e-06	-2.074733e-08	-3.047168e+01	-1.234873e+03
2.980000e-06	-4.382489e-06	-2.127065e-08	-3.090562e+01	-1.265537e+03
2.990000e-06	-4.442244e-06	-2.173334e-08	-3.132702e+01	-1.292914e+03
3.000000e-06	-4.500448e-06	-2.214794e-08	-3.173748e+01	-1.317311e+03
3.010000e-06	-4.557219e-06	-2.252308e-08	-3.213783e+01	-1.339024e+03
3.020000e-06	-4.612458e-06	-2.285412e-08	-3.252738e+01	-1.358335e+03
3.030000e-06	-4.665815e-06	-2.314331e-08	-3.290366e+01	-1.375516e+03
3.040000e-06	-4.717195e-06	-2.340360e-08	-3.326599e+01	-1.390828e+03
3.050000e-06	-4.766667e-06	-2.363980e-08	-3.361488e+01	-1.404509e+03
3.060000e-06	-4.814124e-06	-2.385025e-08	-3.394955e+01	-1.416769e+03
3.070000e-06	-4.859754e-06	-2.403583e-08	-3.427133e+01	-1.427782e+03
3.080000e-06	-4.903849e-06	-2.420461e-08	-3.458229e+01	-1.437684e+03
3.090000e-06	-4.946452e-06	-2.435962e-08	-3.488273e+01	-1.446576e+03
3.100000e-06	-4.987502e-06	-2.449941e-08	-3.517222e+01	-1.454537e+03
3.110000e-06	-5.026941e-06	-2.462196e-08	-3.545035e+01	-1.461637e+03
3.120000e-06	-5.064559e-06	-2.473082e-08	-3.571563e+01	-1.467947e+03
3.130000e-06	-5.100243e-06	-2.482948e-08	-3.596727e+01	-1.473548e+03
3.140000e-06	-5.134177e-06	-2.491460e-08	-3.620658e+01	-1.478530e+03
3.150000e-06	-5.166436e-06	-2.498731e-08	-3.643407e+01	-1.482984e+03
3.160000e-06	-5.196838e-06	-2.505310e-08	-3.664847e+01	-1.486992e+03
3.170000e-06	-5.225230e-06	-2.511688e-08	-3.684869e+01	-1.490618e+03
3.180000e-06	-5.251742e-06	-2.517514e-08	-3.703566e+01	-1.493900e+03
3.190000e-06	-5.276491e-06	-2.522496e-08	-3.721019e+01	-1.496854e+03
3.200000e-06	-5.299345e-06	-2.526947e-08	-3.737136e+01	-1.499482e+03
3.210000e-06	-5.320189e-06	-2.530981e-08	-3.751835e+01	-1.501783e+03
3.220000e-06	-5.339174e-06	-2.534424e-08	-3.765223e+01	-1.503763e+03
3.230000e-06	-5.356423e-06	-2.537017e-08	-3.777388e+01	-1.505448e+03
3.240000e-06	-5.371780e-06	-2.539093e-08	-3.788218e+01	-1.506875e+03
3.250000e-06	-5.384945e-06	-2.541362e-08	-3.797502e+01	-1.508089e+03
3.260000e-06	-5.395957e-06	-2.543534e-08	-3.805267e+01	-1.509133e+03
3.270000e-06	-5.405065e-06	-2.545193e-08	-3.811690e+01	-1.510034e+03
3.280000e-06	-5.412315e-06	-2.546359e-08	-3.816803e+01	-1.510801e+03
3.290000e-06	-5.417560e-06	-2.547425e-08	-3.820502e+01	-1.511425e+03
3.300000e-06	-5.420892e-06	-2.548397e-08	-3.822851e+01	-1.511888e+03
3.310000e-06	-5.422504e-06	-2.548847e-08	-3.823989e+01	-1.512174e+03
3.320000e-06	-5.422320e-06	-2.548726e-08	-3.823859e+01	-1.512277e+03
