4.138599e+02
3.985323e+02
3.963835e+02
3.944809e+02
3.983042e+02
4.034625e+02
3.974610e+02
3.889974e+02
3.874134e+02
3.873726e+02
3.859135e+02
3.865492e+02
3.901170e+02
3.856161e+02
3.792359e+02
3.832507e+02
3.810553e+02
3.816357e+02
3.777745e+02
3.790583e+02
3.812829e+02
3.783968e+02
3.798856e+02
3.791529e+02
3.768905e+02
3.774170e+02
3.726894e+02
3.741977e+02
3.753178e+02
3.716696e+02
3.707632e+02
3.714446e+02
3.678697e+02
3.676532e+02
3.662466e+02
3.690062e+02
3.671723e+02
3.685062e+02
3.693372e+02
3.646211e+02
3.655373e+02
3.660666e+02
3.682520e+02
3.644632e+02
3.624588e+02
3.612164e+02
3.609481e+02
3.602904e+02
3.595494e+02
3.542416e+02
