# Temperatura_=_67.96
# Concentracion g/m^3_=_22000.0
# C_Vs_to_Am_M_A/Vsm_=_59384043850.047264
# pendiente_HvsI_1/m_=_3716.3
# ordenada_HvsI_A/m_=_1297.0
# frecuencia_Hz_=_301663.4935072432

Tiempo_(s)	Campo_(V.s)	Magnetizacion_(V.s)	Campo_(kA/m)	Magnetizacion_(A/m)
0.000000e+00	-8.056091e-06	-2.564085e-08	-5.686853e+01	-1.521122e+03
1.000000e-08	-8.052846e-06	-2.563394e-08	-5.684562e+01	-1.520821e+03
2.000000e-08	-8.046939e-06	-2.562768e-08	-5.680393e+01	-1.520462e+03
3.000000e-08	-8.038428e-06	-2.561773e-08	-5.674384e+01	-1.520044e+03
4.000000e-08	-8.027045e-06	-2.560684e-08	-5.666349e+01	-1.519546e+03
5.000000e-08	-8.012676e-06	-2.559483e-08	-5.656206e+01	-1.518930e+03
6.000000e-08	-7.995433e-06	-2.558469e-08	-5.644034e+01	-1.518158e+03
7.000000e-08	-7.975702e-06	-2.558095e-08	-5.630106e+01	-1.517206e+03
8.000000e-08	-7.953501e-06	-2.553009e-08	-5.614434e+01	-1.516071e+03
9.000000e-08	-7.928134e-06	-2.547545e-08	-5.596527e+01	-1.514779e+03
1.000000e-07	-7.899355e-06	-2.547644e-08	-5.576211e+01	-1.513369e+03
1.100000e-07	-7.867703e-06	-2.548360e-08	-5.553868e+01	-1.511885e+03
1.200000e-07	-7.833419e-06	-2.546821e-08	-5.529667e+01	-1.510351e+03
1.300000e-07	-7.796628e-06	-2.543018e-08	-5.503696e+01	-1.508768e+03
1.400000e-07	-7.757686e-06	-2.542458e-08	-5.476206e+01	-1.507109e+03
1.500000e-07	-7.716541e-06	-2.539381e-08	-5.447162e+01	-1.505332e+03
1.600000e-07	-7.672662e-06	-2.532940e-08	-5.416188e+01	-1.503393e+03
1.700000e-07	-7.625908e-06	-2.529554e-08	-5.383184e+01	-1.501269e+03
1.800000e-07	-7.576400e-06	-2.521153e-08	-5.348235e+01	-1.498961e+03
1.900000e-07	-7.523811e-06	-2.521411e-08	-5.311113e+01	-1.496496e+03
2.000000e-07	-7.468306e-06	-2.522726e-08	-5.271931e+01	-1.493918e+03
2.100000e-07	-7.410145e-06	-2.513908e-08	-5.230875e+01	-1.491263e+03
2.200000e-07	-7.349248e-06	-2.508818e-08	-5.187887e+01	-1.488551e+03
2.300000e-07	-7.285710e-06	-2.503155e-08	-5.143036e+01	-1.485774e+03
2.400000e-07	-7.219449e-06	-2.500632e-08	-5.096261e+01	-1.482896e+03
2.500000e-07	-7.150538e-06	-2.492525e-08	-5.047617e+01	-1.479873e+03
2.600000e-07	-7.079031e-06	-2.484874e-08	-4.997139e+01	-1.476663e+03
2.700000e-07	-7.004789e-06	-2.484024e-08	-4.944731e+01	-1.473248e+03
2.800000e-07	-6.927785e-06	-2.480688e-08	-4.890373e+01	-1.469635e+03
2.900000e-07	-6.847988e-06	-2.472951e-08	-4.834044e+01	-1.465856e+03
3.000000e-07	-6.765699e-06	-2.460848e-08	-4.775956e+01	-1.461949e+03
3.100000e-07	-6.681158e-06	-2.455955e-08	-4.716278e+01	-1.457946e+03
3.200000e-07	-6.594326e-06	-2.450286e-08	-4.654983e+01	-1.453856e+03
3.300000e-07	-6.505164e-06	-2.441559e-08	-4.592043e+01	-1.449659e+03
3.400000e-07	-6.413665e-06	-2.434323e-08	-4.527452e+01	-1.445316e+03
3.500000e-07	-6.319920e-06	-2.428516e-08	-4.461277e+01	-1.440784e+03
3.600000e-07	-6.223848e-06	-2.422726e-08	-4.393459e+01	-1.436032e+03
3.700000e-07	-6.125420e-06	-2.411911e-08	-4.323978e+01	-1.431051e+03
3.800000e-07	-6.024843e-06	-2.400851e-08	-4.252980e+01	-1.425859e+03
3.900000e-07	-5.922162e-06	-2.391459e-08	-4.180497e+01	-1.420494e+03
4.000000e-07	-5.817296e-06	-2.384301e-08	-4.106471e+01	-1.414992e+03
4.100000e-07	-5.710212e-06	-2.375263e-08	-4.030880e+01	-1.409376e+03
4.200000e-07	-5.601084e-06	-2.365332e-08	-3.953845e+01	-1.403643e+03
4.300000e-07	-5.490040e-06	-2.356351e-08	-3.875459e+01	-1.397770e+03
4.400000e-07	-5.376982e-06	-2.346557e-08	-3.795650e+01	-1.391714e+03
4.500000e-07	-5.261702e-06	-2.334680e-08	-3.714274e+01	-1.385440e+03
4.600000e-07	-5.144285e-06	-2.321847e-08	-3.631388e+01	-1.378925e+03
4.700000e-07	-5.024982e-06	-2.311136e-08	-3.547171e+01	-1.372172e+03
4.800000e-07	-4.903909e-06	-2.300480e-08	-3.461704e+01	-1.365202e+03
4.900000e-07	-4.781056e-06	-2.288660e-08	-3.374982e+01	-1.358046e+03
5.000000e-07	-4.656463e-06	-2.275593e-08	-3.287031e+01	-1.350727e+03
5.100000e-07	-4.530222e-06	-2.263207e-08	-3.197916e+01	-1.343244e+03
5.200000e-07	-4.402299e-06	-2.250365e-08	-3.107615e+01	-1.335578e+03
5.300000e-07	-4.272866e-06	-2.236396e-08	-3.016247e+01	-1.327688e+03
5.400000e-07	-4.141893e-06	-2.222161e-08	-2.923792e+01	-1.319530e+03
5.500000e-07	-4.009384e-06	-2.208452e-08	-2.830253e+01	-1.311073e+03
5.600000e-07	-3.875434e-06	-2.194562e-08	-2.735697e+01	-1.302307e+03
5.700000e-07	-3.740080e-06	-2.179065e-08	-2.640149e+01	-1.293247e+03
5.800000e-07	-3.603386e-06	-2.162649e-08	-2.543656e+01	-1.283920e+03
5.900000e-07	-3.465318e-06	-2.146388e-08	-2.446193e+01	-1.274354e+03
6.000000e-07	-3.325799e-06	-2.130373e-08	-2.347705e+01	-1.264558e+03
6.100000e-07	-3.184911e-06	-2.113193e-08	-2.248252e+01	-1.254519e+03
6.200000e-07	-3.042796e-06	-2.095698e-08	-2.147932e+01	-1.244198e+03
6.300000e-07	-2.899517e-06	-2.078276e-08	-2.046790e+01	-1.233544e+03
6.400000e-07	-2.755163e-06	-2.060113e-08	-1.944889e+01	-1.222511e+03
6.500000e-07	-2.609757e-06	-2.040303e-08	-1.842246e+01	-1.211069e+03
6.600000e-07	-2.463457e-06	-2.019616e-08	-1.738972e+01	-1.199216e+03
6.700000e-07	-2.316296e-06	-1.999253e-08	-1.635090e+01	-1.186966e+03
6.800000e-07	-2.168329e-06	-1.978577e-08	-1.530639e+01	-1.174344e+03
6.900000e-07	-2.019699e-06	-1.956867e-08	-1.425720e+01	-1.161364e+03
7.000000e-07	-1.870411e-06	-1.934198e-08	-1.320337e+01	-1.148018e+03
7.100000e-07	-1.720479e-06	-1.911446e-08	-1.214498e+01	-1.134270e+03
7.200000e-07	-1.569928e-06	-1.887664e-08	-1.108224e+01	-1.120063e+03
7.300000e-07	-1.418794e-06	-1.862247e-08	-1.001537e+01	-1.105333e+03
7.400000e-07	-1.267125e-06	-1.835803e-08	-8.944725e+00	-1.090019e+03
7.500000e-07	-1.115012e-06	-1.809129e-08	-7.870952e+00	-1.074081e+03
7.600000e-07	-9.624660e-07	-1.781658e-08	-6.794117e+00	-1.057498e+03
7.700000e-07	-8.095539e-07	-1.752461e-08	-5.714699e+00	-1.040260e+03
7.800000e-07	-6.563656e-07	-1.722256e-08	-4.633332e+00	-1.022355e+03
7.900000e-07	-5.029462e-07	-1.691281e-08	-3.550333e+00	-1.003752e+03
8.000000e-07	-3.493784e-07	-1.658918e-08	-2.466288e+00	-9.843933e+02
8.100000e-07	-1.957033e-07	-1.624393e-08	-1.381484e+00	-9.641910e+02
8.200000e-07	-4.189499e-08	-1.588379e-08	-2.957397e-01	-9.430350e+02
8.300000e-07	1.119539e-07	-1.551294e-08	7.902903e-01	-9.208025e+02
8.400000e-07	2.656980e-07	-1.512216e-08	1.875582e+00	-8.973673e+02
8.500000e-07	4.193739e-07	-1.470332e-08	2.960391e+00	-8.726029e+02
8.600000e-07	5.729426e-07	-1.425763e-08	4.044443e+00	-8.463775e+02
8.700000e-07	7.263083e-07	-1.378823e-08	5.127063e+00	-8.185427e+02
8.800000e-07	8.793631e-07	-1.329005e-08	6.207488e+00	-7.889202e+02
8.900000e-07	1.032051e-06	-1.275411e-08	7.285323e+00	-7.572908e+02
9.000000e-07	1.184328e-06	-1.217957e-08	8.360260e+00	-7.233883e+02
9.100000e-07	1.336126e-06	-1.156707e-08	9.431812e+00	-6.868987e+02
9.200000e-07	1.487472e-06	-1.090375e-08	1.050017e+01	-6.474622e+02
9.300000e-07	1.638354e-06	-1.017720e-08	1.156526e+01	-6.046753e+02
9.400000e-07	1.788614e-06	-9.382893e-09	1.262595e+01	-5.580922e+02
9.500000e-07	1.938205e-06	-8.520948e-09	1.368193e+01	-5.072290e+02
9.600000e-07	2.087113e-06	-7.580545e-09	1.473308e+01	-4.515776e+02
9.700000e-07	2.235326e-06	-6.546633e-09	1.577933e+01	-3.906373e+02
9.800000e-07	2.382782e-06	-5.416239e-09	1.682023e+01	-3.239702e+02
9.900000e-07	2.529345e-06	-4.187285e-09	1.785483e+01	-2.512807e+02
1.000000e-06	2.675018e-06	-2.856929e-09	1.888314e+01	-1.725077e+02
1.010000e-06	2.819708e-06	-1.421694e-09	1.990452e+01	-8.791380e+01
1.020000e-06	2.963361e-06	1.012194e-10	2.091858e+01	1.853496e+00
1.030000e-06	3.105953e-06	1.686875e-09	2.192515e+01	9.574687e+01
1.040000e-06	3.247358e-06	3.315975e-09	2.292334e+01	1.923651e+02
1.050000e-06	3.387526e-06	4.965657e-09	2.391279e+01	2.900575e+02
1.060000e-06	3.526361e-06	6.604030e-09	2.489284e+01	3.870731e+02
1.070000e-06	3.663805e-06	8.196527e-09	2.586306e+01	4.817257e+02
1.080000e-06	3.799902e-06	9.723598e-09	2.682378e+01	5.725467e+02
1.090000e-06	3.934641e-06	1.117012e-08	2.777492e+01	6.583944e+02
1.100000e-06	4.067909e-06	1.252026e-08	2.871566e+01	7.385072e+02
1.110000e-06	4.199716e-06	1.376146e-08	2.964610e+01	8.124943e+02
1.120000e-06	4.330067e-06	1.489642e-08	3.056625e+01	8.802788e+02
1.130000e-06	4.458851e-06	1.593225e-08	3.147535e+01	9.420133e+02
1.140000e-06	4.586113e-06	1.687059e-08	3.237370e+01	9.979911e+02
1.150000e-06	4.711784e-06	1.771675e-08	3.326083e+01	1.048574e+03
1.160000e-06	4.835801e-06	1.847937e-08	3.413627e+01	1.094145e+03
1.170000e-06	4.958136e-06	1.916716e-08	3.499984e+01	1.135090e+03
1.180000e-06	5.078655e-06	1.978536e-08	3.585059e+01	1.171791e+03
1.190000e-06	5.197274e-06	2.033434e-08	3.668794e+01	1.204636e+03
1.200000e-06	5.313956e-06	2.082199e-08	3.751160e+01	1.234019e+03
1.210000e-06	5.428543e-06	2.126152e-08	3.832048e+01	1.260332e+03
1.220000e-06	5.541006e-06	2.165801e-08	3.911436e+01	1.283952e+03
1.230000e-06	5.651468e-06	2.201240e-08	3.989412e+01	1.305222e+03
1.240000e-06	5.759968e-06	2.233029e-08	4.066003e+01	1.324442e+03
1.250000e-06	5.866439e-06	2.262113e-08	4.141162e+01	1.341858e+03
1.260000e-06	5.970798e-06	2.288633e-08	4.214829e+01	1.357672e+03
1.270000e-06	6.072988e-06	2.312697e-08	4.286966e+01	1.372049e+03
1.280000e-06	6.172979e-06	2.334585e-08	4.357551e+01	1.385134e+03
1.290000e-06	6.270661e-06	2.354634e-08	4.426505e+01	1.397058e+03
1.300000e-06	6.366022e-06	2.372987e-08	4.493821e+01	1.407949e+03
1.310000e-06	6.459184e-06	2.389446e-08	4.559585e+01	1.417924e+03
1.320000e-06	6.550132e-06	2.404415e-08	4.623786e+01	1.427088e+03
1.330000e-06	6.638742e-06	2.418367e-08	4.686336e+01	1.435529e+03
1.340000e-06	6.725063e-06	2.431537e-08	4.747270e+01	1.443315e+03
1.350000e-06	6.809112e-06	2.443543e-08	4.806601e+01	1.450502e+03
1.360000e-06	6.890685e-06	2.454314e-08	4.864184e+01	1.457133e+03
1.370000e-06	6.969728e-06	2.464243e-08	4.919981e+01	1.463252e+03
1.380000e-06	7.046296e-06	2.473501e-08	4.974031e+01	1.468902e+03
1.390000e-06	7.120204e-06	2.481989e-08	5.026203e+01	1.474130e+03
1.400000e-06	7.191443e-06	2.489686e-08	5.076491e+01	1.478980e+03
1.410000e-06	7.260210e-06	2.497205e-08	5.125035e+01	1.483491e+03
1.420000e-06	7.326310e-06	2.504481e-08	5.171695e+01	1.487693e+03
1.430000e-06	7.389719e-06	2.511062e-08	5.216456e+01	1.491609e+03
1.440000e-06	7.450627e-06	2.517112e-08	5.259451e+01	1.495251e+03
1.450000e-06	7.508984e-06	2.522853e-08	5.300646e+01	1.498633e+03
1.460000e-06	7.564722e-06	2.528283e-08	5.339992e+01	1.501768e+03
1.470000e-06	7.617514e-06	2.532963e-08	5.377258e+01	1.504671e+03
1.480000e-06	7.667077e-06	2.536974e-08	5.412245e+01	1.507360e+03
1.490000e-06	7.713707e-06	2.540880e-08	5.445161e+01	1.509848e+03
1.500000e-06	7.757655e-06	2.544653e-08	5.476185e+01	1.512142e+03
1.510000e-06	7.798832e-06	2.548094e-08	5.505252e+01	1.514244e+03
1.520000e-06	7.837200e-06	2.551035e-08	5.532336e+01	1.516150e+03
1.530000e-06	7.872842e-06	2.553963e-08	5.557496e+01	1.517855e+03
1.540000e-06	7.905735e-06	2.556751e-08	5.580715e+01	1.519361e+03
1.550000e-06	7.935864e-06	2.558875e-08	5.601984e+01	1.520681e+03
1.560000e-06	7.963296e-06	2.560378e-08	5.621348e+01	1.521834e+03
1.570000e-06	7.987874e-06	2.561695e-08	5.638698e+01	1.522843e+03
1.580000e-06	8.009629e-06	2.563103e-08	5.654055e+01	1.523724e+03
1.590000e-06	8.028658e-06	2.564283e-08	5.667488e+01	1.524484e+03
1.600000e-06	8.044796e-06	2.565078e-08	5.678879e+01	1.525117e+03
1.610000e-06	8.057952e-06	2.565781e-08	5.688167e+01	1.525606e+03
1.620000e-06	8.067979e-06	2.566466e-08	5.695244e+01	1.525934e+03
1.630000e-06	8.074984e-06	2.566644e-08	5.700190e+01	1.526093e+03
1.640000e-06	8.079224e-06	2.566482e-08	5.703183e+01	1.526090e+03
1.650000e-06	8.080594e-06	2.566185e-08	5.704150e+01	1.525949e+03
1.660000e-06	8.079171e-06	2.566333e-08	5.703145e+01	1.525705e+03
1.670000e-06	8.075203e-06	2.565886e-08	5.700344e+01	1.525387e+03
1.680000e-06	8.068562e-06	2.564948e-08	5.695656e+01	1.525012e+03
1.690000e-06	8.059229e-06	2.564049e-08	5.689068e+01	1.524577e+03
1.700000e-06	8.047107e-06	2.562890e-08	5.680511e+01	1.524052e+03
1.710000e-06	8.032116e-06	2.561403e-08	5.669929e+01	1.523400e+03
1.720000e-06	8.014640e-06	2.558983e-08	5.657592e+01	1.522584e+03
1.730000e-06	7.994938e-06	2.560848e-08	5.643685e+01	1.521584e+03
1.740000e-06	7.972529e-06	2.563932e-08	5.627866e+01	1.520406e+03
1.750000e-06	7.946723e-06	2.559913e-08	5.609649e+01	1.519080e+03
1.760000e-06	7.917296e-06	2.554233e-08	5.588876e+01	1.517647e+03
1.770000e-06	7.884668e-06	2.550216e-08	5.565844e+01	1.516149e+03
1.780000e-06	7.849484e-06	2.545900e-08	5.541008e+01	1.514603e+03
1.790000e-06	7.811757e-06	2.540532e-08	5.514375e+01	1.513003e+03
1.800000e-06	7.771833e-06	2.544304e-08	5.486193e+01	1.511318e+03
1.810000e-06	7.729904e-06	2.538547e-08	5.456595e+01	1.509503e+03
1.820000e-06	7.685335e-06	2.536053e-08	5.425134e+01	1.507519e+03
1.830000e-06	7.638073e-06	2.540022e-08	5.391771e+01	1.505347e+03
1.840000e-06	7.587941e-06	2.525944e-08	5.356382e+01	1.502995e+03
1.850000e-06	7.534636e-06	2.523958e-08	5.318754e+01	1.500497e+03
1.860000e-06	7.478526e-06	2.516341e-08	5.279146e+01	1.497896e+03
1.870000e-06	7.419800e-06	2.512535e-08	5.237690e+01	1.495225e+03
1.880000e-06	7.358464e-06	2.513951e-08	5.194393e+01	1.492499e+03
1.890000e-06	7.294388e-06	2.503805e-08	5.149161e+01	1.489699e+03
1.900000e-06	7.227577e-06	2.505600e-08	5.101998e+01	1.486789e+03
1.910000e-06	7.158049e-06	2.498216e-08	5.052919e+01	1.483721e+03
1.920000e-06	7.085745e-06	2.489503e-08	5.001879e+01	1.480460e+03
1.930000e-06	7.010824e-06	2.481520e-08	4.948991e+01	1.476993e+03
1.940000e-06	6.933124e-06	2.475143e-08	4.894142e+01	1.473334e+03
1.950000e-06	6.852834e-06	2.474368e-08	4.837465e+01	1.469518e+03
1.960000e-06	6.770190e-06	2.464861e-08	4.779126e+01	1.465585e+03
1.970000e-06	6.685065e-06	2.461696e-08	4.719036e+01	1.461560e+03
1.980000e-06	6.597413e-06	2.453649e-08	4.657162e+01	1.457445e+03
1.990000e-06	6.507414e-06	2.445637e-08	4.593630e+01	1.453215e+03
2.000000e-06	6.415297e-06	2.436302e-08	4.528604e+01	1.448828e+03
2.010000e-06	6.320823e-06	2.427075e-08	4.461915e+01	1.444242e+03
2.020000e-06	6.224077e-06	2.422100e-08	4.393621e+01	1.439431e+03
2.030000e-06	6.125160e-06	2.414282e-08	4.323795e+01	1.434394e+03
2.040000e-06	6.023985e-06	2.407089e-08	4.252374e+01	1.429155e+03
2.050000e-06	5.920572e-06	2.395354e-08	4.179374e+01	1.423752e+03
2.060000e-06	5.815017e-06	2.386773e-08	4.104862e+01	1.418219e+03
2.070000e-06	5.707523e-06	2.375682e-08	4.028982e+01	1.412574e+03
2.080000e-06	5.597990e-06	2.366193e-08	3.951661e+01	1.406809e+03
2.090000e-06	5.486347e-06	2.356402e-08	3.872852e+01	1.400893e+03
2.100000e-06	5.372619e-06	2.347343e-08	3.792570e+01	1.394785e+03
2.110000e-06	5.256845e-06	2.337924e-08	3.710845e+01	1.388451e+03
2.120000e-06	5.138928e-06	2.325471e-08	3.627606e+01	1.381875e+03
2.130000e-06	5.018992e-06	2.313811e-08	3.542943e+01	1.375064e+03
2.140000e-06	4.897299e-06	2.300667e-08	3.457039e+01	1.368045e+03
2.150000e-06	4.773853e-06	2.289785e-08	3.369898e+01	1.360845e+03
2.160000e-06	4.648746e-06	2.277293e-08	3.281584e+01	1.353485e+03
2.170000e-06	4.521945e-06	2.265680e-08	3.192074e+01	1.345959e+03
2.180000e-06	4.393544e-06	2.252822e-08	3.101435e+01	1.338240e+03
2.190000e-06	4.263583e-06	2.239563e-08	3.009694e+01	1.330286e+03
2.200000e-06	4.132068e-06	2.225094e-08	2.916857e+01	1.322055e+03
2.210000e-06	3.999137e-06	2.209654e-08	2.823020e+01	1.313519e+03
2.220000e-06	3.864733e-06	2.194858e-08	2.728143e+01	1.304677e+03
2.230000e-06	3.728864e-06	2.180089e-08	2.632232e+01	1.295547e+03
2.240000e-06	3.591667e-06	2.165182e-08	2.535384e+01	1.286157e+03
2.250000e-06	3.453117e-06	2.148937e-08	2.437580e+01	1.276533e+03
2.260000e-06	3.313262e-06	2.132594e-08	2.338855e+01	1.266678e+03
2.270000e-06	3.172199e-06	2.115168e-08	2.239278e+01	1.256572e+03
2.280000e-06	3.029866e-06	2.097147e-08	2.138805e+01	1.246172e+03
2.290000e-06	2.886387e-06	2.078409e-08	2.037522e+01	1.235426e+03
2.300000e-06	2.741925e-06	2.060015e-08	1.935545e+01	1.224292e+03
2.310000e-06	2.596510e-06	2.041016e-08	1.832895e+01	1.212746e+03
2.320000e-06	2.450154e-06	2.021182e-08	1.729581e+01	1.200791e+03
2.330000e-06	2.302893e-06	2.000343e-08	1.625629e+01	1.188445e+03
2.340000e-06	2.154868e-06	1.978824e-08	1.521137e+01	1.175732e+03
2.350000e-06	2.006222e-06	1.956722e-08	1.416207e+01	1.162661e+03
2.360000e-06	1.856866e-06	1.933474e-08	1.310775e+01	1.149218e+03
2.370000e-06	1.706710e-06	1.909974e-08	1.204779e+01	1.135361e+03
2.380000e-06	1.555857e-06	1.885962e-08	1.098290e+01	1.121029e+03
2.390000e-06	1.404460e-06	1.861474e-08	9.914184e+00	1.106157e+03
2.400000e-06	1.252629e-06	1.835527e-08	8.842395e+00	1.090689e+03
2.410000e-06	1.100422e-06	1.808287e-08	7.767960e+00	1.074591e+03
2.420000e-06	9.478379e-07	1.780078e-08	6.690856e+00	1.057844e+03
2.430000e-06	7.949224e-07	1.750843e-08	5.611415e+00	1.040440e+03
2.440000e-06	6.417477e-07	1.720235e-08	4.530144e+00	1.022364e+03
2.450000e-06	4.882658e-07	1.688479e-08	3.446704e+00	1.003578e+03
2.460000e-06	3.345981e-07	1.655966e-08	2.361952e+00	9.840166e+02
2.470000e-06	1.808767e-07	1.621740e-08	1.276822e+00	9.635861e+02
2.480000e-06	2.711057e-08	1.585433e-08	1.913754e-01	9.421720e+02
2.490000e-06	-1.266425e-07	1.547284e-08	-8.939788e-01	9.196499e+02
2.500000e-06	-2.803915e-07	1.507332e-08	-1.979304e+00	8.958936e+02
2.510000e-06	-4.339956e-07	1.465296e-08	-3.063606e+00	8.707760e+02
2.520000e-06	-5.873907e-07	1.420800e-08	-4.146433e+00	8.441623e+02
2.530000e-06	-7.405414e-07	1.373421e-08	-5.227535e+00	8.158980e+02
2.540000e-06	-8.933574e-07	1.323198e-08	-6.306274e+00	7.857953e+02
2.550000e-06	-1.045856e-06	1.269175e-08	-7.382774e+00	7.536238e+02
2.560000e-06	-1.197996e-06	1.210899e-08	-8.456740e+00	7.191050e+02
2.570000e-06	-1.349721e-06	1.148205e-08	-9.527781e+00	6.819134e+02
2.580000e-06	-1.500979e-06	1.080732e-08	-1.059552e+01	6.416781e+02
2.590000e-06	-1.651747e-06	1.007755e-08	-1.165980e+01	5.979847e+02
2.600000e-06	-1.801858e-06	9.280991e-09	-1.271945e+01	5.503775e+02
2.610000e-06	-1.951214e-06	8.414501e-09	-1.377376e+01	4.983646e+02
2.620000e-06	-2.099886e-06	7.465147e-09	-1.482325e+01	4.414358e+02
2.630000e-06	-2.247833e-06	6.421116e-09	-1.586762e+01	3.791000e+02
2.640000e-06	-2.394960e-06	5.276763e-09	-1.690619e+01	3.109468e+02
2.650000e-06	-2.541272e-06	4.031515e-09	-1.793902e+01	2.367301e+02
2.660000e-06	-2.686725e-06	2.688690e-09	-1.896579e+01	1.564623e+02
2.670000e-06	-2.831174e-06	1.250539e-09	-1.998546e+01	7.049775e+01
2.680000e-06	-2.974627e-06	-2.729868e-10	-2.099810e+01	-2.041509e+01
2.690000e-06	-3.116930e-06	-1.860284e-09	-2.200263e+01	-1.151337e+02
2.700000e-06	-3.257979e-06	-3.487075e-09	-2.299831e+01	-2.121827e+02
2.710000e-06	-3.397731e-06	-5.130242e-09	-2.398483e+01	-3.098711e+02
2.720000e-06	-3.536178e-06	-6.758905e-09	-2.496213e+01	-4.064487e+02
2.730000e-06	-3.673332e-06	-8.339496e-09	-2.593031e+01	-5.002705e+02
2.740000e-06	-3.809149e-06	-9.848409e-09	-2.688906e+01	-5.899415e+02
2.750000e-06	-3.943638e-06	-1.127167e-08	-2.783842e+01	-6.744126e+02
2.760000e-06	-4.076667e-06	-1.259897e-08	-2.877748e+01	-7.530178e+02
2.770000e-06	-4.208205e-06	-1.382290e-08	-2.970603e+01	-8.254517e+02
2.780000e-06	-4.338272e-06	-1.494178e-08	-3.062418e+01	-8.917032e+02
2.790000e-06	-4.466773e-06	-1.596149e-08	-3.153128e+01	-9.519681e+02
2.800000e-06	-4.593719e-06	-1.688808e-08	-3.242739e+01	-1.006563e+03
2.810000e-06	-4.719063e-06	-1.772384e-08	-3.331221e+01	-1.055857e+03
2.820000e-06	-4.842664e-06	-1.847359e-08	-3.418471e+01	-1.100236e+03
2.830000e-06	-4.964565e-06	-1.914531e-08	-3.504523e+01	-1.140085e+03
2.840000e-06	-5.084730e-06	-1.974887e-08	-3.589348e+01	-1.175786e+03
2.850000e-06	-5.202910e-06	-2.029318e-08	-3.672772e+01	-1.207730e+03
2.860000e-06	-5.318949e-06	-2.077970e-08	-3.754685e+01	-1.236310e+03
2.870000e-06	-5.432901e-06	-2.121588e-08	-3.835124e+01	-1.261915e+03
2.880000e-06	-5.544723e-06	-2.160810e-08	-3.914060e+01	-1.284918e+03
2.890000e-06	-5.654402e-06	-2.195901e-08	-3.991483e+01	-1.305650e+03
2.900000e-06	-5.762107e-06	-2.227603e-08	-4.067513e+01	-1.324398e+03
2.910000e-06	-5.867903e-06	-2.256423e-08	-4.142195e+01	-1.341398e+03
2.920000e-06	-5.971621e-06	-2.282819e-08	-4.215411e+01	-1.356839e+03
2.930000e-06	-6.073115e-06	-2.306962e-08	-4.287056e+01	-1.370881e+03
2.940000e-06	-6.172434e-06	-2.328846e-08	-4.357165e+01	-1.383664e+03
2.950000e-06	-6.269639e-06	-2.348649e-08	-4.425783e+01	-1.395319e+03
2.960000e-06	-6.364680e-06	-2.366610e-08	-4.492873e+01	-1.405972e+03
2.970000e-06	-6.457406e-06	-2.382968e-08	-4.558329e+01	-1.415735e+03
2.980000e-06	-6.547813e-06	-2.397951e-08	-4.622149e+01	-1.424712e+03
2.990000e-06	-6.635974e-06	-2.412125e-08	-4.684382e+01	-1.432984e+03
3.000000e-06	-6.721710e-06	-2.425391e-08	-4.744904e+01	-1.440616e+03
3.010000e-06	-6.804993e-06	-2.437603e-08	-4.803693e+01	-1.447661e+03
3.020000e-06	-6.885945e-06	-2.448857e-08	-4.860838e+01	-1.454161e+03
3.030000e-06	-6.964403e-06	-2.459313e-08	-4.916222e+01	-1.460159e+03
3.040000e-06	-7.040128e-06	-2.469150e-08	-4.969677e+01	-1.465700e+03
3.050000e-06	-7.113218e-06	-2.477867e-08	-5.021272e+01	-1.470830e+03
3.060000e-06	-7.183703e-06	-2.485593e-08	-5.071028e+01	-1.475592e+03
3.070000e-06	-7.251555e-06	-2.493095e-08	-5.118925e+01	-1.480024e+03
3.080000e-06	-7.316954e-06	-2.500358e-08	-5.165091e+01	-1.484154e+03
3.090000e-06	-7.379806e-06	-2.506894e-08	-5.209458e+01	-1.488001e+03
3.100000e-06	-7.439974e-06	-2.512591e-08	-5.251932e+01	-1.491578e+03
3.110000e-06	-7.497487e-06	-2.518206e-08	-5.292530e+01	-1.494898e+03
3.120000e-06	-7.552242e-06	-2.523774e-08	-5.331182e+01	-1.497974e+03
3.130000e-06	-7.604063e-06	-2.528799e-08	-5.367763e+01	-1.500823e+03
3.140000e-06	-7.652818e-06	-2.533308e-08	-5.402179e+01	-1.503461e+03
3.150000e-06	-7.698669e-06	-2.537308e-08	-5.434546e+01	-1.505900e+03
3.160000e-06	-7.742000e-06	-2.541111e-08	-5.465134e+01	-1.508148e+03
3.170000e-06	-7.782838e-06	-2.544719e-08	-5.493962e+01	-1.510202e+03
3.180000e-06	-7.820928e-06	-2.548080e-08	-5.520850e+01	-1.512058e+03
3.190000e-06	-7.856228e-06	-2.551012e-08	-5.545768e+01	-1.513714e+03
3.200000e-06	-7.888835e-06	-2.553486e-08	-5.568785e+01	-1.515173e+03
3.210000e-06	-7.918534e-06	-2.555632e-08	-5.589750e+01	-1.516450e+03
3.220000e-06	-7.945328e-06	-2.557637e-08	-5.608664e+01	-1.517566e+03
3.230000e-06	-7.969410e-06	-2.559588e-08	-5.625664e+01	-1.518541e+03
3.240000e-06	-7.990610e-06	-2.561127e-08	-5.640629e+01	-1.519393e+03
3.250000e-06	-8.009003e-06	-2.562500e-08	-5.653613e+01	-1.520123e+03
3.260000e-06	-8.024563e-06	-2.563743e-08	-5.664597e+01	-1.520723e+03
3.270000e-06	-8.036912e-06	-2.564545e-08	-5.673314e+01	-1.521174e+03
3.280000e-06	-8.046251e-06	-2.564842e-08	-5.679907e+01	-1.521460e+03
3.290000e-06	-8.052753e-06	-2.564825e-08	-5.684496e+01	-1.521578e+03
3.300000e-06	-8.056362e-06	-2.565080e-08	-5.687044e+01	-1.521539e+03
3.310000e-06	-8.057238e-06	-2.565040e-08	-5.687663e+01	-1.521370e+03
