# Temperatura_=_54.4
# Concentracion g/m^3_=_22000.0
# C_Vs_to_Am_M_A/Vsm_=_59384043850.047264
# pendiente_HvsI_1/m_=_3716.3
# ordenada_HvsI_A/m_=_1297.0
# frecuencia_Hz_=_301660.93004574615

Tiempo_(s)	Campo_(V.s)	Magnetizacion_(V.s)	Campo_(kA/m)	Magnetizacion_(A/m)
0.000000e+00	-8.019388e-06	-2.565913e-08	-5.686948e+01	-1.522519e+03
1.000000e-08	-8.015920e-06	-2.565452e-08	-5.684488e+01	-1.522222e+03
2.000000e-08	-8.009849e-06	-2.564955e-08	-5.680183e+01	-1.521855e+03
3.000000e-08	-8.001148e-06	-2.563969e-08	-5.674013e+01	-1.521417e+03
4.000000e-08	-7.989594e-06	-2.562873e-08	-5.665820e+01	-1.520890e+03
5.000000e-08	-7.975063e-06	-2.561903e-08	-5.655515e+01	-1.520247e+03
6.000000e-08	-7.957689e-06	-2.561035e-08	-5.643194e+01	-1.519461e+03
7.000000e-08	-7.937906e-06	-2.560900e-08	-5.629165e+01	-1.518516e+03
8.000000e-08	-7.915631e-06	-2.554182e-08	-5.613368e+01	-1.517411e+03
9.000000e-08	-7.890214e-06	-2.550351e-08	-5.595344e+01	-1.516163e+03
1.000000e-07	-7.861469e-06	-2.551273e-08	-5.574959e+01	-1.514802e+03
1.100000e-07	-7.829836e-06	-2.550494e-08	-5.552527e+01	-1.513354e+03
1.200000e-07	-7.795502e-06	-2.548530e-08	-5.528179e+01	-1.511836e+03
1.300000e-07	-7.758629e-06	-2.545075e-08	-5.502030e+01	-1.510244e+03
1.400000e-07	-7.719621e-06	-2.546297e-08	-5.474368e+01	-1.508559e+03
1.500000e-07	-7.678436e-06	-2.538569e-08	-5.445162e+01	-1.506748e+03
1.600000e-07	-7.634534e-06	-2.534937e-08	-5.414029e+01	-1.504782e+03
1.700000e-07	-7.587883e-06	-2.532536e-08	-5.380946e+01	-1.502645e+03
1.800000e-07	-7.538453e-06	-2.522794e-08	-5.345893e+01	-1.500341e+03
1.900000e-07	-7.485826e-06	-2.526911e-08	-5.308572e+01	-1.497895e+03
2.000000e-07	-7.430330e-06	-2.523983e-08	-5.269217e+01	-1.495340e+03
2.100000e-07	-7.372207e-06	-2.516464e-08	-5.228000e+01	-1.492706e+03
2.200000e-07	-7.311394e-06	-2.511035e-08	-5.184874e+01	-1.490008e+03
2.300000e-07	-7.248035e-06	-2.504440e-08	-5.139943e+01	-1.487238e+03
2.400000e-07	-7.181952e-06	-2.503922e-08	-5.093080e+01	-1.484371e+03
2.500000e-07	-7.113156e-06	-2.494003e-08	-5.044294e+01	-1.481370e+03
2.600000e-07	-7.041759e-06	-2.489031e-08	-4.993662e+01	-1.478200e+03
2.700000e-07	-6.967689e-06	-2.488595e-08	-4.941135e+01	-1.474843e+03
2.800000e-07	-6.890875e-06	-2.484152e-08	-4.886663e+01	-1.471304e+03
2.900000e-07	-6.811312e-06	-2.474337e-08	-4.830240e+01	-1.467604e+03
3.000000e-07	-6.729231e-06	-2.462602e-08	-4.772033e+01	-1.463772e+03
3.100000e-07	-6.644873e-06	-2.460982e-08	-4.712211e+01	-1.459833e+03
3.200000e-07	-6.558271e-06	-2.453570e-08	-4.650796e+01	-1.455797e+03
3.300000e-07	-6.469361e-06	-2.446034e-08	-4.587746e+01	-1.451650e+03
3.400000e-07	-6.378142e-06	-2.439520e-08	-4.523058e+01	-1.447363e+03
3.500000e-07	-6.284619e-06	-2.433536e-08	-4.456737e+01	-1.442901e+03
3.600000e-07	-6.188757e-06	-2.427066e-08	-4.388756e+01	-1.438234e+03
3.700000e-07	-6.090611e-06	-2.415129e-08	-4.319156e+01	-1.433351e+03
3.800000e-07	-5.990345e-06	-2.405553e-08	-4.248052e+01	-1.428261e+03
3.900000e-07	-5.887958e-06	-2.396557e-08	-4.175445e+01	-1.422985e+03
4.000000e-07	-5.783447e-06	-2.390247e-08	-4.101331e+01	-1.417553e+03
4.100000e-07	-5.676800e-06	-2.380183e-08	-4.025702e+01	-1.411983e+03
4.200000e-07	-5.568081e-06	-2.370591e-08	-3.948604e+01	-1.406281e+03
4.300000e-07	-5.457433e-06	-2.361845e-08	-3.870138e+01	-1.400430e+03
4.400000e-07	-5.344765e-06	-2.351758e-08	-3.790239e+01	-1.394407e+03
4.500000e-07	-5.229915e-06	-2.339887e-08	-3.708794e+01	-1.388183e+03
4.600000e-07	-5.112914e-06	-2.327535e-08	-3.625822e+01	-1.381738e+03
4.700000e-07	-4.994048e-06	-2.317812e-08	-3.541528e+01	-1.375068e+03
4.800000e-07	-4.873439e-06	-2.306708e-08	-3.455998e+01	-1.368180e+03
4.900000e-07	-4.751036e-06	-2.294708e-08	-3.369196e+01	-1.361092e+03
5.000000e-07	-4.626908e-06	-2.281397e-08	-3.281171e+01	-1.353816e+03
5.100000e-07	-4.501136e-06	-2.269510e-08	-3.191980e+01	-1.346354e+03
5.200000e-07	-4.373753e-06	-2.256357e-08	-3.101646e+01	-1.338696e+03
5.300000e-07	-4.244794e-06	-2.242139e-08	-3.010195e+01	-1.330817e+03
5.400000e-07	-4.114311e-06	-2.228274e-08	-2.917663e+01	-1.322693e+03
5.500000e-07	-3.982296e-06	-2.215457e-08	-2.824045e+01	-1.314305e+03
5.600000e-07	-3.848852e-06	-2.201910e-08	-2.729413e+01	-1.305645e+03
5.700000e-07	-3.714055e-06	-2.185969e-08	-2.633821e+01	-1.296719e+03
5.800000e-07	-3.577920e-06	-2.169767e-08	-2.537281e+01	-1.287539e+03
5.900000e-07	-3.440480e-06	-2.153575e-08	-2.439816e+01	-1.278113e+03
6.000000e-07	-3.301672e-06	-2.137543e-08	-2.341380e+01	-1.268438e+03
6.100000e-07	-3.161492e-06	-2.120265e-08	-2.241972e+01	-1.258495e+03
6.200000e-07	-3.019931e-06	-2.103339e-08	-2.141584e+01	-1.248249e+03
6.300000e-07	-2.877209e-06	-2.086682e-08	-2.040372e+01	-1.237664e+03
6.400000e-07	-2.733444e-06	-2.068870e-08	-1.938421e+01	-1.226705e+03
6.500000e-07	-2.588664e-06	-2.048880e-08	-1.835750e+01	-1.215355e+03
6.600000e-07	-2.442974e-06	-2.028013e-08	-1.732434e+01	-1.203614e+03
6.700000e-07	-2.296369e-06	-2.007731e-08	-1.628470e+01	-1.191497e+03
6.800000e-07	-2.148984e-06	-1.986616e-08	-1.523951e+01	-1.179020e+03
6.900000e-07	-2.000887e-06	-1.965035e-08	-1.418929e+01	-1.166191e+03
7.000000e-07	-1.852110e-06	-1.943164e-08	-1.313423e+01	-1.152998e+03
7.100000e-07	-1.702734e-06	-1.921224e-08	-1.207493e+01	-1.139410e+03
7.200000e-07	-1.552823e-06	-1.897528e-08	-1.101184e+01	-1.125378e+03
7.300000e-07	-1.402357e-06	-1.871870e-08	-9.944815e+00	-1.110847e+03
7.400000e-07	-1.251343e-06	-1.845648e-08	-8.873899e+00	-1.095767e+03
7.500000e-07	-1.099837e-06	-1.819432e-08	-7.799492e+00	-1.080100e+03
7.600000e-07	-9.478709e-07	-1.792376e-08	-6.721825e+00	-1.063818e+03
7.700000e-07	-7.955519e-07	-1.763671e-08	-5.641655e+00	-1.046903e+03
7.800000e-07	-6.430677e-07	-1.734492e-08	-4.560313e+00	-1.029327e+03
7.900000e-07	-4.903731e-07	-1.704466e-08	-3.477480e+00	-1.011051e+03
8.000000e-07	-3.374496e-07	-1.672494e-08	-2.393023e+00	-9.920161e+02
8.100000e-07	-1.844564e-07	-1.638042e-08	-1.308072e+00	-9.721437e+02
8.200000e-07	-3.143962e-08	-1.602565e-08	-2.229540e-01	-9.513424e+02
8.300000e-07	1.216214e-07	-1.566355e-08	8.624783e-01	-9.295143e+02
8.400000e-07	2.746652e-07	-1.528056e-08	1.947788e+00	-9.065591e+02
8.500000e-07	4.275911e-07	-1.486884e-08	3.032262e+00	-8.823723e+02
8.600000e-07	5.803483e-07	-1.443571e-08	4.115539e+00	-8.568372e+02
8.700000e-07	7.328903e-07	-1.398488e-08	5.197290e+00	-8.298132e+02
8.800000e-07	8.851645e-07	-1.350094e-08	6.277142e+00	-8.011253e+02
8.900000e-07	1.037136e-06	-1.297756e-08	7.354848e+00	-7.705576e+02
9.000000e-07	1.188758e-06	-1.242003e-08	8.430074e+00	-7.378544e+02
9.100000e-07	1.339946e-06	-1.183239e-08	9.502222e+00	-7.027242e+02
9.200000e-07	1.490656e-06	-1.119847e-08	1.057098e+01	-6.648465e+02
9.300000e-07	1.640806e-06	-1.050253e-08	1.163577e+01	-6.238739e+02
9.400000e-07	1.790334e-06	-9.745114e-09	1.269615e+01	-5.794302e+02
9.500000e-07	1.939208e-06	-8.927775e-09	1.375189e+01	-5.311059e+02
9.600000e-07	2.087398e-06	-8.037248e-09	1.480278e+01	-4.784585e+02
9.700000e-07	2.234897e-06	-7.060238e-09	1.584877e+01	-4.210280e+02
9.800000e-07	2.381610e-06	-5.997635e-09	1.688918e+01	-3.583751e+02
9.900000e-07	2.527421e-06	-4.845835e-09	1.792320e+01	-2.901449e+02
1.000000e-06	2.672315e-06	-3.598339e-09	1.895072e+01	-2.161520e+02
1.010000e-06	2.816285e-06	-2.244702e-09	1.997168e+01	-1.364693e+02
1.020000e-06	2.959218e-06	-7.987956e-10	2.098529e+01	-5.150255e+01
1.030000e-06	3.101013e-06	7.148216e-10	2.199083e+01	3.797182e+01
1.040000e-06	3.241656e-06	2.280284e-09	2.298820e+01	1.308214e+02
1.050000e-06	3.381103e-06	3.882386e-09	2.397709e+01	2.256289e+02
1.060000e-06	3.519254e-06	5.490351e-09	2.495678e+01	3.208108e+02
1.070000e-06	3.656036e-06	7.069901e-09	2.592677e+01	4.147631e+02
1.080000e-06	3.791452e-06	8.604484e-09	2.688707e+01	5.060070e+02
1.090000e-06	3.925504e-06	1.007902e-08	2.783770e+01	5.933070e+02
1.100000e-06	4.058126e-06	1.147413e-08	2.877819e+01	6.757433e+02
1.110000e-06	4.189252e-06	1.276900e-08	2.970807e+01	7.527307e+02
1.120000e-06	4.318858e-06	1.396279e-08	3.062718e+01	8.239898e+02
1.130000e-06	4.446940e-06	1.505992e-08	3.153547e+01	8.894858e+02
1.140000e-06	4.573496e-06	1.606299e-08	3.243294e+01	9.493554e+02
1.150000e-06	4.698457e-06	1.697395e-08	3.331910e+01	1.003840e+03
1.160000e-06	4.821800e-06	1.779913e-08	3.419378e+01	1.053238e+03
1.170000e-06	4.943454e-06	1.854933e-08	3.505650e+01	1.097874e+03
1.180000e-06	5.063274e-06	1.922858e-08	3.590620e+01	1.138093e+03
1.190000e-06	5.181195e-06	1.983531e-08	3.674244e+01	1.174256e+03
1.200000e-06	5.297175e-06	2.037769e-08	3.756491e+01	1.206737e+03
1.210000e-06	5.411060e-06	2.086498e-08	3.837252e+01	1.235919e+03
1.220000e-06	5.522834e-06	2.130296e-08	3.916517e+01	1.262176e+03
1.230000e-06	5.632688e-06	2.169785e-08	3.994420e+01	1.285857e+03
1.240000e-06	5.740602e-06	2.205559e-08	4.070947e+01	1.307271e+03
1.250000e-06	5.846421e-06	2.238162e-08	4.145988e+01	1.326682e+03
1.260000e-06	5.950113e-06	2.267913e-08	4.219522e+01	1.344307e+03
1.270000e-06	6.051674e-06	2.294877e-08	4.291544e+01	1.360325e+03
1.280000e-06	6.151020e-06	2.319105e-08	4.361995e+01	1.374892e+03
1.290000e-06	6.248063e-06	2.341152e-08	4.430813e+01	1.388153e+03
1.300000e-06	6.342885e-06	2.361388e-08	4.498056e+01	1.400244e+03
1.310000e-06	6.435574e-06	2.379846e-08	4.563786e+01	1.411294e+03
1.320000e-06	6.526038e-06	2.396595e-08	4.627939e+01	1.421423e+03
1.330000e-06	6.614121e-06	2.412046e-08	4.690403e+01	1.430734e+03
1.340000e-06	6.699897e-06	2.426480e-08	4.751231e+01	1.439311e+03
1.350000e-06	6.783371e-06	2.439983e-08	4.810426e+01	1.447218e+03
1.360000e-06	6.864417e-06	2.452102e-08	4.867901e+01	1.454505e+03
1.370000e-06	6.942984e-06	2.462805e-08	4.923616e+01	1.461215e+03
1.380000e-06	7.018935e-06	2.472764e-08	4.977476e+01	1.467391e+03
1.390000e-06	7.092207e-06	2.482052e-08	5.029437e+01	1.473076e+03
1.400000e-06	7.162966e-06	2.490563e-08	5.079616e+01	1.478319e+03
1.410000e-06	7.231254e-06	2.498462e-08	5.128042e+01	1.483168e+03
1.420000e-06	7.296897e-06	2.506311e-08	5.174593e+01	1.487664e+03
1.430000e-06	7.359907e-06	2.513760e-08	5.219277e+01	1.491843e+03
1.440000e-06	7.420363e-06	2.520191e-08	5.262149e+01	1.495727e+03
1.450000e-06	7.478229e-06	2.525875e-08	5.303185e+01	1.499335e+03
1.460000e-06	7.533457e-06	2.531302e-08	5.342350e+01	1.502675e+03
1.470000e-06	7.585782e-06	2.536495e-08	5.379456e+01	1.505758e+03
1.480000e-06	7.635000e-06	2.541019e-08	5.414359e+01	1.508590e+03
1.490000e-06	7.681365e-06	2.545181e-08	5.447239e+01	1.511181e+03
1.500000e-06	7.724969e-06	2.549131e-08	5.478160e+01	1.513539e+03
1.510000e-06	7.765708e-06	2.552758e-08	5.507051e+01	1.515674e+03
1.520000e-06	7.803762e-06	2.555757e-08	5.534036e+01	1.517594e+03
1.530000e-06	7.839208e-06	2.558292e-08	5.559173e+01	1.519310e+03
1.540000e-06	7.871907e-06	2.560787e-08	5.582361e+01	1.520832e+03
1.550000e-06	7.901820e-06	2.563146e-08	5.603574e+01	1.522176e+03
1.560000e-06	7.928971e-06	2.565025e-08	5.622828e+01	1.523355e+03
1.570000e-06	7.953230e-06	2.566503e-08	5.640032e+01	1.524384e+03
1.580000e-06	7.974692e-06	2.567775e-08	5.655252e+01	1.525272e+03
1.590000e-06	7.993471e-06	2.568815e-08	5.668569e+01	1.526019e+03
1.600000e-06	8.009333e-06	2.569628e-08	5.679817e+01	1.526622e+03
1.610000e-06	8.022149e-06	2.570133e-08	5.688906e+01	1.527072e+03
1.620000e-06	8.031825e-06	2.570481e-08	5.695767e+01	1.527362e+03
1.630000e-06	8.038553e-06	2.570722e-08	5.700538e+01	1.527495e+03
1.640000e-06	8.042508e-06	2.570802e-08	5.703343e+01	1.527482e+03
1.650000e-06	8.043646e-06	2.570479e-08	5.704150e+01	1.527343e+03
1.660000e-06	8.042114e-06	2.570510e-08	5.703064e+01	1.527105e+03
1.670000e-06	8.038028e-06	2.569980e-08	5.700166e+01	1.526789e+03
1.680000e-06	8.031216e-06	2.569006e-08	5.695335e+01	1.526404e+03
1.690000e-06	8.021689e-06	2.568052e-08	5.688579e+01	1.525945e+03
1.700000e-06	8.009408e-06	2.566674e-08	5.679870e+01	1.525392e+03
1.710000e-06	7.994335e-06	2.564909e-08	5.669181e+01	1.524715e+03
1.720000e-06	7.976817e-06	2.561828e-08	5.656758e+01	1.523889e+03
1.730000e-06	7.957039e-06	2.566143e-08	5.642733e+01	1.522902e+03
1.740000e-06	7.934583e-06	2.566870e-08	5.626808e+01	1.521758e+03
1.750000e-06	7.908741e-06	2.561833e-08	5.608482e+01	1.520479e+03
1.760000e-06	7.879239e-06	2.557915e-08	5.587561e+01	1.519093e+03
1.770000e-06	7.846611e-06	2.554333e-08	5.564423e+01	1.517626e+03
1.780000e-06	7.811460e-06	2.549045e-08	5.539496e+01	1.516090e+03
1.790000e-06	7.773784e-06	2.544894e-08	5.512778e+01	1.514476e+03
1.800000e-06	7.733915e-06	2.552873e-08	5.484504e+01	1.512762e+03
1.810000e-06	7.691916e-06	2.539014e-08	5.454721e+01	1.510914e+03
1.820000e-06	7.647316e-06	2.540628e-08	5.423093e+01	1.508905e+03
1.830000e-06	7.600079e-06	2.541064e-08	5.389595e+01	1.506725e+03
1.840000e-06	7.549982e-06	2.526313e-08	5.354069e+01	1.504382e+03
1.850000e-06	7.496876e-06	2.529274e-08	5.316408e+01	1.501905e+03
1.860000e-06	7.440906e-06	2.515275e-08	5.276717e+01	1.499326e+03
1.870000e-06	7.382206e-06	2.519598e-08	5.235090e+01	1.496675e+03
1.880000e-06	7.320980e-06	2.515319e-08	5.191672e+01	1.493960e+03
1.890000e-06	7.257023e-06	2.505076e-08	5.146317e+01	1.491169e+03
1.900000e-06	7.190319e-06	2.508773e-08	5.099013e+01	1.488271e+03
1.910000e-06	7.120913e-06	2.495421e-08	5.049794e+01	1.485229e+03
1.920000e-06	7.048775e-06	2.492405e-08	4.998637e+01	1.482013e+03
1.930000e-06	6.974072e-06	2.482760e-08	4.945662e+01	1.478609e+03
1.940000e-06	6.896640e-06	2.479998e-08	4.890751e+01	1.475026e+03
1.950000e-06	6.816573e-06	2.477210e-08	4.833972e+01	1.471289e+03
1.960000e-06	6.734111e-06	2.466179e-08	4.775494e+01	1.467428e+03
1.970000e-06	6.649265e-06	2.465680e-08	4.715325e+01	1.463464e+03
1.980000e-06	6.561914e-06	2.452474e-08	4.653380e+01	1.459401e+03
1.990000e-06	6.472168e-06	2.447815e-08	4.589737e+01	1.455222e+03
2.000000e-06	6.380320e-06	2.437260e-08	4.524603e+01	1.450894e+03
2.010000e-06	6.286143e-06	2.430743e-08	4.457817e+01	1.446382e+03
2.020000e-06	6.189678e-06	2.425864e-08	4.389409e+01	1.441660e+03
2.030000e-06	6.091033e-06	2.416718e-08	4.319455e+01	1.436724e+03
2.040000e-06	5.990190e-06	2.409878e-08	4.247942e+01	1.431584e+03
2.050000e-06	5.887167e-06	2.396769e-08	4.174884e+01	1.426266e+03
2.060000e-06	5.781979e-06	2.389544e-08	4.100290e+01	1.420797e+03
2.070000e-06	5.674777e-06	2.377991e-08	4.024267e+01	1.415194e+03
2.080000e-06	5.565627e-06	2.369847e-08	3.946863e+01	1.409455e+03
2.090000e-06	5.454414e-06	2.359917e-08	3.867997e+01	1.403564e+03
2.100000e-06	5.341020e-06	2.351294e-08	3.787583e+01	1.397492e+03
2.110000e-06	5.225580e-06	2.340697e-08	3.705719e+01	1.391213e+03
2.120000e-06	5.108134e-06	2.328194e-08	3.622433e+01	1.384711e+03
2.130000e-06	4.988694e-06	2.316270e-08	3.537731e+01	1.377984e+03
2.140000e-06	4.867372e-06	2.304298e-08	3.451696e+01	1.371045e+03
2.150000e-06	4.744310e-06	2.293724e-08	3.364427e+01	1.363908e+03
2.160000e-06	4.619668e-06	2.281539e-08	3.276037e+01	1.356585e+03
2.170000e-06	4.493390e-06	2.270264e-08	3.186486e+01	1.349075e+03
2.180000e-06	4.365406e-06	2.256726e-08	3.095727e+01	1.341363e+03
2.190000e-06	4.235870e-06	2.243339e-08	3.003867e+01	1.333425e+03
2.200000e-06	4.104867e-06	2.227967e-08	2.910965e+01	1.325236e+03
2.210000e-06	3.972460e-06	2.213562e-08	2.817069e+01	1.316779e+03
2.220000e-06	3.838662e-06	2.199082e-08	2.722186e+01	1.308051e+03
2.230000e-06	3.703369e-06	2.185008e-08	2.626243e+01	1.299059e+03
2.240000e-06	3.566661e-06	2.170129e-08	2.529297e+01	1.289816e+03
2.250000e-06	3.428715e-06	2.154183e-08	2.431472e+01	1.280328e+03
2.260000e-06	3.289488e-06	2.137870e-08	2.332740e+01	1.270588e+03
2.270000e-06	3.148922e-06	2.120153e-08	2.233058e+01	1.260572e+03
2.280000e-06	3.007138e-06	2.102115e-08	2.132512e+01	1.250244e+03
2.290000e-06	2.864259e-06	2.083710e-08	2.031189e+01	1.239567e+03
2.300000e-06	2.720305e-06	2.065714e-08	1.929104e+01	1.228511e+03
2.310000e-06	2.575371e-06	2.046979e-08	1.826324e+01	1.217062e+03
2.320000e-06	2.429618e-06	2.027431e-08	1.722963e+01	1.205225e+03
2.330000e-06	2.283063e-06	2.006992e-08	1.619033e+01	1.193016e+03
2.340000e-06	2.135644e-06	1.985580e-08	1.514492e+01	1.180450e+03
2.350000e-06	1.987451e-06	1.963285e-08	1.409400e+01	1.167531e+03
2.360000e-06	1.838610e-06	1.940407e-08	1.303850e+01	1.154242e+03
2.370000e-06	1.689117e-06	1.917422e-08	1.197837e+01	1.140547e+03
2.380000e-06	1.538997e-06	1.894219e-08	1.091379e+01	1.126395e+03
2.390000e-06	1.388336e-06	1.869981e-08	9.845380e+00	1.111730e+03
2.400000e-06	1.237217e-06	1.844673e-08	8.773721e+00	1.096506e+03
2.410000e-06	1.085657e-06	1.817745e-08	7.698932e+00	1.080686e+03
2.420000e-06	9.337349e-07	1.789627e-08	6.621580e+00	1.064248e+03
2.430000e-06	7.815201e-07	1.760399e-08	5.542148e+00	1.047169e+03
2.440000e-06	6.289848e-07	1.730272e-08	4.460444e+00	1.029422e+03
2.450000e-06	4.761941e-07	1.699663e-08	3.376930e+00	1.010962e+03
2.460000e-06	3.232187e-07	1.667918e-08	2.292105e+00	9.917248e+02
2.470000e-06	1.701106e-07	1.634370e-08	1.206339e+00	9.716285e+02
2.480000e-06	1.700862e-08	1.598679e-08	1.206166e-01	9.505790e+02
2.490000e-06	-1.360628e-07	1.561149e-08	-9.648892e-01	9.284779e+02
2.500000e-06	-2.891206e-07	1.521591e-08	-2.050298e+00	9.052241e+02
2.510000e-06	-4.420385e-07	1.480183e-08	-3.134715e+00	8.807112e+02
2.520000e-06	-5.947867e-07	1.437047e-08	-4.217929e+00	8.548176e+02
2.530000e-06	-7.472676e-07	1.391634e-08	-5.299247e+00	8.273948e+02
2.540000e-06	-8.994063e-07	1.343209e-08	-6.378139e+00	7.982580e+02
2.550000e-06	-1.051176e-06	1.290992e-08	-7.454410e+00	7.671812e+02
2.560000e-06	-1.202498e-06	1.234626e-08	-8.527510e+00	7.338991e+02
2.570000e-06	-1.353429e-06	1.174215e-08	-9.597843e+00	6.981124e+02
2.580000e-06	-1.503981e-06	1.109480e-08	-1.066548e+01	6.594938e+02
2.590000e-06	-1.653981e-06	1.039648e-08	-1.172920e+01	6.176892e+02
2.600000e-06	-1.803378e-06	9.639519e-09	-1.278865e+01	5.723144e+02
2.610000e-06	-1.952142e-06	8.816431e-09	-1.384361e+01	5.229512e+02
2.620000e-06	-2.100162e-06	7.917643e-09	-1.489329e+01	4.691505e+02
2.630000e-06	-2.247479e-06	6.932963e-09	-1.593799e+01	4.104529e+02
2.640000e-06	-2.394044e-06	5.858265e-09	-1.697736e+01	3.464331e+02
2.650000e-06	-2.539716e-06	4.693313e-09	-1.801039e+01	2.767703e+02
2.660000e-06	-2.684393e-06	3.434016e-09	-1.903637e+01	2.013354e+02
2.670000e-06	-2.828044e-06	2.078684e-09	-2.005507e+01	1.202787e+02
2.680000e-06	-2.970673e-06	6.348530e-10	-2.106652e+01	3.409697e+01
2.690000e-06	-3.112193e-06	-8.812318e-10	-2.207011e+01	-5.634087e+01
2.700000e-06	-3.252487e-06	-2.449717e-09	-2.306501e+01	-1.498223e+02
2.710000e-06	-3.391500e-06	-4.048505e-09	-2.405082e+01	-2.448760e+02
2.720000e-06	-3.529230e-06	-5.647012e-09	-2.502753e+01	-3.398991e+02
2.730000e-06	-3.665631e-06	-7.216432e-09	-2.599482e+01	-4.333059e+02
2.740000e-06	-3.800705e-06	-8.733474e-09	-2.695269e+01	-5.236689e+02
2.750000e-06	-3.934447e-06	-1.018320e-08	-2.790113e+01	-6.098267e+02
2.760000e-06	-4.066734e-06	-1.155159e-08	-2.883924e+01	-6.909437e+02
2.770000e-06	-4.197562e-06	-1.282814e-08	-2.976700e+01	-7.665152e+02
2.780000e-06	-4.326994e-06	-1.400990e-08	-3.068487e+01	-8.363295e+02
2.790000e-06	-4.454943e-06	-1.509430e-08	-3.159222e+01	-9.004017e+02
2.800000e-06	-4.581347e-06	-1.608458e-08	-3.248862e+01	-9.589003e+02
2.810000e-06	-4.706125e-06	-1.698430e-08	-3.337347e+01	-1.012085e+03
2.820000e-06	-4.829119e-06	-1.779760e-08	-3.424569e+01	-1.060261e+03
2.830000e-06	-4.950307e-06	-1.853131e-08	-3.510509e+01	-1.103761e+03
2.840000e-06	-5.069712e-06	-1.919336e-08	-3.595185e+01	-1.142932e+03
2.850000e-06	-5.187213e-06	-1.979336e-08	-3.678511e+01	-1.178140e+03
2.860000e-06	-5.302579e-06	-2.033227e-08	-3.760323e+01	-1.209761e+03
2.870000e-06	-5.415776e-06	-2.081379e-08	-3.840597e+01	-1.238178e+03
2.880000e-06	-5.526908e-06	-2.124630e-08	-3.919406e+01	-1.263760e+03
2.890000e-06	-5.636034e-06	-2.163426e-08	-3.996792e+01	-1.286848e+03
2.900000e-06	-5.743219e-06	-2.198665e-08	-4.072803e+01	-1.307740e+03
2.910000e-06	-5.848406e-06	-2.230959e-08	-4.147396e+01	-1.326686e+03
2.920000e-06	-5.951445e-06	-2.260405e-08	-4.220466e+01	-1.343894e+03
2.930000e-06	-6.052307e-06	-2.287147e-08	-4.291992e+01	-1.359536e+03
2.940000e-06	-6.151043e-06	-2.311476e-08	-4.362011e+01	-1.373765e+03
2.950000e-06	-6.247697e-06	-2.333504e-08	-4.430553e+01	-1.386721e+03
2.960000e-06	-6.342192e-06	-2.353524e-08	-4.497564e+01	-1.398540e+03
2.970000e-06	-6.434392e-06	-2.371500e-08	-4.562948e+01	-1.409350e+03
2.980000e-06	-6.524339e-06	-2.387984e-08	-4.626734e+01	-1.419267e+03
2.990000e-06	-6.611966e-06	-2.403641e-08	-4.688874e+01	-1.428388e+03
3.000000e-06	-6.697158e-06	-2.418254e-08	-4.749288e+01	-1.436793e+03
3.010000e-06	-6.779989e-06	-2.431666e-08	-4.808028e+01	-1.444541e+03
3.020000e-06	-6.860419e-06	-2.443825e-08	-4.865065e+01	-1.451681e+03
3.030000e-06	-6.938238e-06	-2.455126e-08	-4.920250e+01	-1.458254e+03
3.040000e-06	-7.013350e-06	-2.465662e-08	-4.973516e+01	-1.464303e+03
3.050000e-06	-7.085899e-06	-2.475173e-08	-5.024964e+01	-1.469874e+03
3.060000e-06	-7.155922e-06	-2.483879e-08	-5.074621e+01	-1.475016e+03
3.070000e-06	-7.223406e-06	-2.492037e-08	-5.122477e+01	-1.479773e+03
3.080000e-06	-7.288362e-06	-2.499496e-08	-5.168541e+01	-1.484188e+03
3.090000e-06	-7.350710e-06	-2.506279e-08	-5.212755e+01	-1.488291e+03
3.100000e-06	-7.410408e-06	-2.512638e-08	-5.255089e+01	-1.492106e+03
3.110000e-06	-7.467501e-06	-2.518808e-08	-5.295577e+01	-1.495647e+03
3.120000e-06	-7.521803e-06	-2.524498e-08	-5.334085e+01	-1.498923e+03
3.130000e-06	-7.573123e-06	-2.529785e-08	-5.370479e+01	-1.501943e+03
3.140000e-06	-7.621435e-06	-2.534663e-08	-5.404740e+01	-1.504715e+03
3.150000e-06	-7.666945e-06	-2.538898e-08	-5.437013e+01	-1.507247e+03
3.160000e-06	-7.709937e-06	-2.542567e-08	-5.467500e+01	-1.509550e+03
3.170000e-06	-7.750339e-06	-2.546055e-08	-5.496152e+01	-1.511631e+03
3.180000e-06	-7.787982e-06	-2.549441e-08	-5.522846e+01	-1.513500e+03
3.190000e-06	-7.822909e-06	-2.552663e-08	-5.547615e+01	-1.515166e+03
3.200000e-06	-7.855127e-06	-2.555430e-08	-5.570462e+01	-1.516643e+03
3.210000e-06	-7.884431e-06	-2.557832e-08	-5.591243e+01	-1.517945e+03
3.220000e-06	-7.910938e-06	-2.560010e-08	-5.610040e+01	-1.519087e+03
3.230000e-06	-7.934697e-06	-2.561773e-08	-5.626889e+01	-1.520080e+03
3.240000e-06	-7.955603e-06	-2.563189e-08	-5.641715e+01	-1.520934e+03
3.250000e-06	-7.973731e-06	-2.564468e-08	-5.654570e+01	-1.521646e+03
3.260000e-06	-7.988921e-06	-2.565625e-08	-5.665342e+01	-1.522212e+03
3.270000e-06	-8.000966e-06	-2.566352e-08	-5.673884e+01	-1.522623e+03
3.280000e-06	-8.010107e-06	-2.566688e-08	-5.680366e+01	-1.522875e+03
3.290000e-06	-8.016436e-06	-2.566892e-08	-5.684854e+01	-1.522970e+03
3.300000e-06	-8.019942e-06	-2.567414e-08	-5.687340e+01	-1.522924e+03
3.310000e-06	-8.020721e-06	-2.567201e-08	-5.687893e+01	-1.522759e+03
