# Temperatura_=_76.92
# Concentracion g/m^3_=_22000.0
# C_Vs_to_Am_M_A/Vsm_=_59384043850.047264
# pendiente_HvsI_1/m_=_3716.3
# ordenada_HvsI_A/m_=_1297.0
# frecuencia_Hz_=_301661.7381716814

Tiempo_(s)	Campo_(V.s)	Magnetizacion_(V.s)	Campo_(kA/m)	Magnetizacion_(A/m)
0.000000e+00	-8.040676e-06	-2.516307e-08	-5.687299e+01	-1.493180e+03
1.000000e-08	-8.037333e-06	-2.515486e-08	-5.684935e+01	-1.492873e+03
2.000000e-08	-8.031360e-06	-2.514696e-08	-5.680710e+01	-1.492499e+03
3.000000e-08	-8.022778e-06	-2.513640e-08	-5.674640e+01	-1.492068e+03
4.000000e-08	-8.011345e-06	-2.512556e-08	-5.666553e+01	-1.491568e+03
5.000000e-08	-7.996944e-06	-2.511596e-08	-5.656367e+01	-1.490971e+03
6.000000e-08	-7.979657e-06	-2.511118e-08	-5.644140e+01	-1.490237e+03
7.000000e-08	-7.959923e-06	-2.511556e-08	-5.630181e+01	-1.489331e+03
8.000000e-08	-7.937726e-06	-2.505778e-08	-5.614482e+01	-1.488239e+03
9.000000e-08	-7.912342e-06	-2.499326e-08	-5.596527e+01	-1.486974e+03
1.000000e-07	-7.883597e-06	-2.499583e-08	-5.576195e+01	-1.485568e+03
1.100000e-07	-7.851983e-06	-2.500572e-08	-5.553834e+01	-1.484066e+03
1.200000e-07	-7.817702e-06	-2.499200e-08	-5.529586e+01	-1.482507e+03
1.300000e-07	-7.780890e-06	-2.494593e-08	-5.503549e+01	-1.480908e+03
1.400000e-07	-7.741898e-06	-2.494868e-08	-5.475969e+01	-1.479258e+03
1.500000e-07	-7.700728e-06	-2.492651e-08	-5.446849e+01	-1.477523e+03
1.600000e-07	-7.656862e-06	-2.484433e-08	-5.415822e+01	-1.475660e+03
1.700000e-07	-7.610099e-06	-2.482599e-08	-5.382746e+01	-1.473633e+03
1.800000e-07	-7.560558e-06	-2.473299e-08	-5.347705e+01	-1.471428e+03
1.900000e-07	-7.507967e-06	-2.473916e-08	-5.310505e+01	-1.469056e+03
2.000000e-07	-7.452506e-06	-2.476857e-08	-5.271277e+01	-1.466550e+03
2.100000e-07	-7.394362e-06	-2.466104e-08	-5.230151e+01	-1.463949e+03
2.200000e-07	-7.333550e-06	-2.462684e-08	-5.187138e+01	-1.461281e+03
2.300000e-07	-7.270179e-06	-2.456485e-08	-5.142315e+01	-1.458553e+03
2.400000e-07	-7.204002e-06	-2.454581e-08	-5.095506e+01	-1.455743e+03
2.500000e-07	-7.135145e-06	-2.446487e-08	-5.046803e+01	-1.452815e+03
2.600000e-07	-7.063716e-06	-2.438051e-08	-4.996280e+01	-1.449729e+03
2.700000e-07	-6.989503e-06	-2.438014e-08	-4.943788e+01	-1.446456e+03
2.800000e-07	-6.912496e-06	-2.435294e-08	-4.889320e+01	-1.442991e+03
2.900000e-07	-6.832785e-06	-2.427536e-08	-4.832939e+01	-1.439353e+03
3.000000e-07	-6.750578e-06	-2.414465e-08	-4.774793e+01	-1.435574e+03
3.100000e-07	-6.666112e-06	-2.411544e-08	-4.715048e+01	-1.431683e+03
3.200000e-07	-6.579434e-06	-2.406588e-08	-4.653739e+01	-1.427696e+03
3.300000e-07	-6.490421e-06	-2.397171e-08	-4.590779e+01	-1.423603e+03
3.400000e-07	-6.399094e-06	-2.390267e-08	-4.526182e+01	-1.419375e+03
3.500000e-07	-6.305468e-06	-2.384999e-08	-4.459959e+01	-1.414973e+03
3.600000e-07	-6.209529e-06	-2.379409e-08	-4.392100e+01	-1.410363e+03
3.700000e-07	-6.111298e-06	-2.368427e-08	-4.322619e+01	-1.405532e+03
3.800000e-07	-6.010858e-06	-2.357686e-08	-4.251577e+01	-1.400489e+03
3.900000e-07	-5.908308e-06	-2.348677e-08	-4.179041e+01	-1.395264e+03
4.000000e-07	-5.803580e-06	-2.342236e-08	-4.104966e+01	-1.389891e+03
4.100000e-07	-5.696720e-06	-2.333468e-08	-4.029382e+01	-1.384397e+03
4.200000e-07	-5.587863e-06	-2.323345e-08	-3.952385e+01	-1.378788e+03
4.300000e-07	-5.477040e-06	-2.314393e-08	-3.873999e+01	-1.373044e+03
4.400000e-07	-5.364116e-06	-2.305186e-08	-3.794125e+01	-1.367131e+03
4.500000e-07	-5.248980e-06	-2.293791e-08	-3.712688e+01	-1.361012e+03
4.600000e-07	-5.131791e-06	-2.280969e-08	-3.629799e+01	-1.354657e+03
4.700000e-07	-5.012751e-06	-2.270467e-08	-3.545599e+01	-1.348062e+03
4.800000e-07	-4.891892e-06	-2.260461e-08	-3.460114e+01	-1.341240e+03
4.900000e-07	-4.769219e-06	-2.249244e-08	-3.373345e+01	-1.334216e+03
5.000000e-07	-4.644899e-06	-2.235964e-08	-3.285412e+01	-1.327017e+03
5.100000e-07	-4.518955e-06	-2.223729e-08	-3.196330e+01	-1.319651e+03
5.200000e-07	-4.391291e-06	-2.211320e-08	-3.106031e+01	-1.312109e+03
5.300000e-07	-4.262026e-06	-2.197641e-08	-3.014600e+01	-1.304362e+03
5.400000e-07	-4.131256e-06	-2.183311e-08	-2.922104e+01	-1.296369e+03
5.500000e-07	-3.999050e-06	-2.169861e-08	-2.828592e+01	-1.288100e+03
5.600000e-07	-3.865352e-06	-2.156552e-08	-2.734025e+01	-1.279535e+03
5.700000e-07	-3.730197e-06	-2.141476e-08	-2.638429e+01	-1.270678e+03
5.800000e-07	-3.593784e-06	-2.125326e-08	-2.541941e+01	-1.261545e+03
5.900000e-07	-3.456028e-06	-2.109305e-08	-2.444504e+01	-1.252159e+03
6.000000e-07	-3.316858e-06	-2.093822e-08	-2.346067e+01	-1.242530e+03
6.100000e-07	-3.176323e-06	-2.077067e-08	-2.246664e+01	-1.232651e+03
6.200000e-07	-3.034499e-06	-2.059815e-08	-2.146350e+01	-1.222493e+03
6.300000e-07	-2.891506e-06	-2.042468e-08	-2.045209e+01	-1.212017e+03
6.400000e-07	-2.747394e-06	-2.024826e-08	-1.943276e+01	-1.201179e+03
6.500000e-07	-2.602273e-06	-2.005406e-08	-1.840629e+01	-1.189949e+03
6.600000e-07	-2.456224e-06	-1.984917e-08	-1.737327e+01	-1.178316e+03
6.700000e-07	-2.309331e-06	-1.964771e-08	-1.633427e+01	-1.166285e+03
6.800000e-07	-2.161690e-06	-1.944558e-08	-1.528998e+01	-1.153871e+03
6.900000e-07	-2.013325e-06	-1.923376e-08	-1.424057e+01	-1.141084e+03
7.000000e-07	-1.864279e-06	-1.901010e-08	-1.318635e+01	-1.127921e+03
7.100000e-07	-1.714552e-06	-1.878522e-08	-1.212730e+01	-1.114355e+03
7.200000e-07	-1.564193e-06	-1.855050e-08	-1.106379e+01	-1.100339e+03
7.300000e-07	-1.413373e-06	-1.830108e-08	-9.997015e+00	-1.085818e+03
7.400000e-07	-1.262103e-06	-1.804044e-08	-8.927056e+00	-1.070734e+03
7.500000e-07	-1.110275e-06	-1.777704e-08	-7.853156e+00	-1.055041e+03
7.600000e-07	-9.579442e-07	-1.750506e-08	-6.775693e+00	-1.038702e+03
7.700000e-07	-8.052674e-07	-1.721763e-08	-5.695786e+00	-1.021692e+03
7.800000e-07	-6.523085e-07	-1.691882e-08	-4.613883e+00	-1.003982e+03
7.900000e-07	-4.991072e-07	-1.661145e-08	-3.530266e+00	-9.855368e+02
8.000000e-07	-3.457392e-07	-1.629114e-08	-2.445469e+00	-9.662997e+02
8.100000e-07	-1.923025e-07	-1.594796e-08	-1.360186e+00	-9.461955e+02
8.200000e-07	-3.882081e-08	-1.558871e-08	-2.745858e-01	-9.251300e+02
8.300000e-07	1.147142e-07	-1.521836e-08	8.113921e-01	-9.029948e+02
8.400000e-07	2.681835e-07	-1.482952e-08	1.896905e+00	-8.796701e+02
8.500000e-07	4.215488e-07	-1.441257e-08	2.981683e+00	-8.550237e+02
8.600000e-07	5.748075e-07	-1.396848e-08	4.065706e+00	-8.289060e+02
8.700000e-07	7.279183e-07	-1.349972e-08	5.148683e+00	-8.011424e+02
8.800000e-07	8.807400e-07	-1.300106e-08	6.229616e+00	-7.715263e+02
8.900000e-07	1.033160e-06	-1.246325e-08	7.307706e+00	-7.398136e+02
9.000000e-07	1.185134e-06	-1.188371e-08	8.382642e+00	-7.057214e+02
9.100000e-07	1.336617e-06	-1.126550e-08	9.454108e+00	-6.689266e+02
9.200000e-07	1.487619e-06	-1.059707e-08	1.052217e+01	-6.290651e+02
9.300000e-07	1.638123e-06	-9.863840e-09	1.158671e+01	-5.857282e+02
9.400000e-07	1.788098e-06	-9.058950e-09	1.264750e+01	-5.384590e+02
9.500000e-07	1.937450e-06	-8.181017e-09	1.370389e+01	-4.867557e+02
9.600000e-07	2.086095e-06	-7.220316e-09	1.475529e+01	-4.300900e+02
9.700000e-07	2.234007e-06	-6.165057e-09	1.580149e+01	-3.679488e+02
9.800000e-07	2.381123e-06	-5.011983e-09	1.684207e+01	-2.999041e+02
9.900000e-07	2.527384e-06	-3.759014e-09	1.787659e+01	-2.257044e+02
1.000000e-06	2.672725e-06	-2.405469e-09	1.890461e+01	-1.453761e+02
1.010000e-06	2.817049e-06	-9.469500e-10	1.992544e+01	-5.931031e+01
1.020000e-06	2.960365e-06	5.988600e-10	2.093914e+01	3.168713e+01
1.030000e-06	3.102669e-06	2.203040e-09	2.194568e+01	1.264031e+02
1.040000e-06	3.243775e-06	3.837648e-09	2.294374e+01	2.232893e+02
1.050000e-06	3.383601e-06	5.480076e-09	2.393275e+01	3.205933e+02
1.060000e-06	3.522140e-06	7.099438e-09	2.491266e+01	4.165249e+02
1.070000e-06	3.659324e-06	8.660393e-09	2.588299e+01	5.094286e+02
1.080000e-06	3.795111e-06	1.014521e-08	2.684343e+01	5.979279e+02
1.090000e-06	3.929494e-06	1.154334e-08	2.779394e+01	6.810171e+02
1.100000e-06	4.062505e-06	1.284426e-08	2.873475e+01	7.580875e+02
1.110000e-06	4.194055e-06	1.403492e-08	2.966523e+01	8.288936e+02
1.120000e-06	4.324111e-06	1.511620e-08	3.058514e+01	8.934764e+02
1.130000e-06	4.452595e-06	1.609730e-08	3.149392e+01	9.520698e+02
1.140000e-06	4.579493e-06	1.698563e-08	3.239149e+01	1.005013e+03
1.150000e-06	4.704874e-06	1.778358e-08	3.327833e+01	1.052690e+03
1.160000e-06	4.828606e-06	1.849873e-08	3.415350e+01	1.095492e+03
1.170000e-06	4.950613e-06	1.914209e-08	3.501648e+01	1.133813e+03
1.180000e-06	5.070785e-06	1.971914e-08	3.586648e+01	1.168051e+03
1.190000e-06	5.189089e-06	2.023076e-08	3.670326e+01	1.198615e+03
1.200000e-06	5.305502e-06	2.068460e-08	3.752667e+01	1.225916e+03
1.210000e-06	5.419864e-06	2.109417e-08	3.833557e+01	1.250358e+03
1.220000e-06	5.532119e-06	2.146463e-08	3.912957e+01	1.272313e+03
1.230000e-06	5.642353e-06	2.179523e-08	3.990927e+01	1.292106e+03
1.240000e-06	5.750652e-06	2.209217e-08	4.067528e+01	1.310002e+03
1.250000e-06	5.856948e-06	2.236327e-08	4.142714e+01	1.326213e+03
1.260000e-06	5.961074e-06	2.260990e-08	4.216364e+01	1.340909e+03
1.270000e-06	6.063027e-06	2.283247e-08	4.288476e+01	1.354240e+03
1.280000e-06	6.162742e-06	2.303332e-08	4.359007e+01	1.366348e+03
1.290000e-06	6.260145e-06	2.321907e-08	4.427901e+01	1.377377e+03
1.300000e-06	6.355331e-06	2.338978e-08	4.495228e+01	1.387466e+03
1.310000e-06	6.448360e-06	2.354299e-08	4.561029e+01	1.396741e+03
1.320000e-06	6.539132e-06	2.368281e-08	4.625234e+01	1.405303e+03
1.330000e-06	6.627499e-06	2.381286e-08	4.687736e+01	1.413223e+03
1.340000e-06	6.713572e-06	2.393535e-08	4.748618e+01	1.420542e+03
1.350000e-06	6.797383e-06	2.404721e-08	4.807898e+01	1.427288e+03
1.360000e-06	6.878741e-06	2.414766e-08	4.865444e+01	1.433484e+03
1.370000e-06	6.957588e-06	2.424065e-08	4.921214e+01	1.439169e+03
1.380000e-06	7.033951e-06	2.432838e-08	4.975226e+01	1.444395e+03
1.390000e-06	7.107629e-06	2.440906e-08	5.027340e+01	1.449228e+03
1.400000e-06	7.178685e-06	2.448150e-08	5.077600e+01	1.453735e+03
1.410000e-06	7.247259e-06	2.455248e-08	5.126103e+01	1.457967e+03
1.420000e-06	7.313160e-06	2.462213e-08	5.172716e+01	1.461956e+03
1.430000e-06	7.376456e-06	2.468581e-08	5.217486e+01	1.465706e+03
1.440000e-06	7.437256e-06	2.474300e-08	5.260491e+01	1.469206e+03
1.450000e-06	7.495377e-06	2.479571e-08	5.301601e+01	1.472439e+03
1.460000e-06	7.550822e-06	2.484615e-08	5.340818e+01	1.475400e+03
1.470000e-06	7.603438e-06	2.489162e-08	5.378034e+01	1.478098e+03
1.480000e-06	7.652876e-06	2.493018e-08	5.413002e+01	1.480563e+03
1.490000e-06	7.699373e-06	2.496541e-08	5.445890e+01	1.482830e+03
1.500000e-06	7.743250e-06	2.499959e-08	5.476925e+01	1.484933e+03
1.510000e-06	7.784336e-06	2.503156e-08	5.505986e+01	1.486891e+03
1.520000e-06	7.822559e-06	2.506014e-08	5.533022e+01	1.488706e+03
1.530000e-06	7.858128e-06	2.508734e-08	5.558180e+01	1.490365e+03
1.540000e-06	7.890945e-06	2.511364e-08	5.581392e+01	1.491850e+03
1.550000e-06	7.920966e-06	2.513468e-08	5.602627e+01	1.493146e+03
1.560000e-06	7.948274e-06	2.514950e-08	5.621942e+01	1.494254e+03
1.570000e-06	7.972696e-06	2.516130e-08	5.639216e+01	1.495188e+03
1.580000e-06	7.994301e-06	2.517280e-08	5.654497e+01	1.495971e+03
1.590000e-06	8.013243e-06	2.518240e-08	5.667896e+01	1.496625e+03
1.600000e-06	8.029309e-06	2.518920e-08	5.679259e+01	1.497162e+03
1.610000e-06	8.042304e-06	2.519597e-08	5.688451e+01	1.497584e+03
1.620000e-06	8.052154e-06	2.520165e-08	5.695418e+01	1.497878e+03
1.630000e-06	8.059074e-06	2.520381e-08	5.700313e+01	1.498033e+03
1.640000e-06	8.063235e-06	2.520286e-08	5.703256e+01	1.498043e+03
1.650000e-06	8.064499e-06	2.519843e-08	5.704150e+01	1.497916e+03
1.660000e-06	8.063030e-06	2.520114e-08	5.703111e+01	1.497676e+03
1.670000e-06	8.059009e-06	2.519637e-08	5.700267e+01	1.497350e+03
1.680000e-06	8.052292e-06	2.518598e-08	5.695516e+01	1.496960e+03
1.690000e-06	8.042908e-06	2.517791e-08	5.688878e+01	1.496513e+03
1.700000e-06	8.030745e-06	2.516657e-08	5.680275e+01	1.495992e+03
1.710000e-06	8.015774e-06	2.515170e-08	5.669686e+01	1.495364e+03
1.720000e-06	7.998363e-06	2.512242e-08	5.657370e+01	1.494588e+03
1.730000e-06	7.978665e-06	2.514301e-08	5.643438e+01	1.493636e+03
1.740000e-06	7.956252e-06	2.518065e-08	5.627585e+01	1.492498e+03
1.750000e-06	7.930483e-06	2.513703e-08	5.609358e+01	1.491192e+03
1.760000e-06	7.901081e-06	2.507644e-08	5.588562e+01	1.489757e+03
1.770000e-06	7.868481e-06	2.503920e-08	5.565503e+01	1.488238e+03
1.780000e-06	7.833292e-06	2.500149e-08	5.540613e+01	1.486668e+03
1.790000e-06	7.795554e-06	2.492623e-08	5.513921e+01	1.485057e+03
1.800000e-06	7.755651e-06	2.499438e-08	5.485697e+01	1.483389e+03
1.810000e-06	7.713682e-06	2.492436e-08	5.456012e+01	1.481625e+03
1.820000e-06	7.669070e-06	2.488094e-08	5.424457e+01	1.479724e+03
1.830000e-06	7.621819e-06	2.495976e-08	5.391035e+01	1.477652e+03
1.840000e-06	7.571732e-06	2.478323e-08	5.355608e+01	1.475402e+03
1.850000e-06	7.518565e-06	2.478344e-08	5.318002e+01	1.472992e+03
1.860000e-06	7.462607e-06	2.470268e-08	5.278422e+01	1.470458e+03
1.870000e-06	7.403924e-06	2.466102e-08	5.236914e+01	1.467838e+03
1.880000e-06	7.342651e-06	2.469623e-08	5.193575e+01	1.465154e+03
1.890000e-06	7.278694e-06	2.456917e-08	5.148337e+01	1.462408e+03
1.900000e-06	7.212042e-06	2.460400e-08	5.101193e+01	1.459572e+03
1.910000e-06	7.142630e-06	2.451988e-08	5.052097e+01	1.456607e+03
1.920000e-06	7.070374e-06	2.443361e-08	5.000989e+01	1.453475e+03
1.930000e-06	6.995525e-06	2.436491e-08	4.948047e+01	1.450153e+03
1.940000e-06	6.917918e-06	2.430404e-08	4.893154e+01	1.446642e+03
1.950000e-06	6.837714e-06	2.431119e-08	4.836425e+01	1.442964e+03
1.960000e-06	6.755145e-06	2.419969e-08	4.778023e+01	1.439154e+03
1.970000e-06	6.670121e-06	2.417536e-08	4.717884e+01	1.435238e+03
1.980000e-06	6.582665e-06	2.408591e-08	4.656025e+01	1.431225e+03
1.990000e-06	6.492834e-06	2.400306e-08	4.592486e+01	1.427101e+03
2.000000e-06	6.400804e-06	2.391774e-08	4.527392e+01	1.422833e+03
2.010000e-06	6.306485e-06	2.382945e-08	4.460679e+01	1.418380e+03
2.020000e-06	6.209859e-06	2.379096e-08	4.392333e+01	1.413715e+03
2.030000e-06	6.111056e-06	2.370730e-08	4.322448e+01	1.408828e+03
2.040000e-06	6.010062e-06	2.363793e-08	4.251014e+01	1.403736e+03
2.050000e-06	5.906900e-06	2.351866e-08	4.178045e+01	1.398470e+03
2.060000e-06	5.801592e-06	2.343960e-08	4.103559e+01	1.393064e+03
2.070000e-06	5.694303e-06	2.332647e-08	4.027672e+01	1.387541e+03
2.080000e-06	5.585004e-06	2.323509e-08	3.950363e+01	1.381900e+03
2.090000e-06	5.473600e-06	2.313974e-08	3.871565e+01	1.376117e+03
2.100000e-06	5.360097e-06	2.305378e-08	3.791283e+01	1.370155e+03
2.110000e-06	5.244508e-06	2.296001e-08	3.709525e+01	1.363978e+03
2.120000e-06	5.126812e-06	2.283503e-08	3.626277e+01	1.357562e+03
2.130000e-06	5.007135e-06	2.272224e-08	3.541627e+01	1.350908e+03
2.140000e-06	4.885652e-06	2.259318e-08	3.455700e+01	1.344031e+03
2.150000e-06	4.762427e-06	2.248872e-08	3.368541e+01	1.336961e+03
2.160000e-06	4.637533e-06	2.236261e-08	3.280201e+01	1.329719e+03
2.170000e-06	4.510936e-06	2.225060e-08	3.190657e+01	1.322311e+03
2.180000e-06	4.382741e-06	2.212184e-08	3.099983e+01	1.314720e+03
2.190000e-06	4.253069e-06	2.199273e-08	3.008264e+01	1.306914e+03
2.200000e-06	4.121874e-06	2.184878e-08	2.915468e+01	1.298855e+03
2.210000e-06	3.989184e-06	2.170045e-08	2.821614e+01	1.290511e+03
2.220000e-06	3.855081e-06	2.155527e-08	2.726761e+01	1.281872e+03
2.230000e-06	3.719559e-06	2.141163e-08	2.630904e+01	1.272943e+03
2.240000e-06	3.582628e-06	2.126559e-08	2.534051e+01	1.263745e+03
2.250000e-06	3.444384e-06	2.110655e-08	2.436268e+01	1.254296e+03
2.260000e-06	3.304881e-06	2.094478e-08	2.337596e+01	1.244606e+03
2.270000e-06	3.164033e-06	2.077260e-08	2.237972e+01	1.234659e+03
2.280000e-06	3.021951e-06	2.059611e-08	2.137474e+01	1.224425e+03
2.290000e-06	2.878796e-06	2.041132e-08	2.036219e+01	1.213861e+03
2.300000e-06	2.734532e-06	2.023194e-08	1.934179e+01	1.202927e+03
2.310000e-06	2.589260e-06	2.004382e-08	1.831426e+01	1.191596e+03
2.320000e-06	2.443153e-06	1.984853e-08	1.728081e+01	1.179862e+03
2.330000e-06	2.296181e-06	1.964173e-08	1.624126e+01	1.167732e+03
2.340000e-06	2.148372e-06	1.943214e-08	1.519578e+01	1.155224e+03
2.350000e-06	1.999862e-06	1.921401e-08	1.414535e+01	1.142344e+03
2.360000e-06	1.850685e-06	1.898716e-08	1.309019e+01	1.129083e+03
2.370000e-06	1.700788e-06	1.875664e-08	1.202995e+01	1.115408e+03
2.380000e-06	1.550290e-06	1.852080e-08	1.096545e+01	1.101271e+03
2.390000e-06	1.399334e-06	1.827694e-08	9.897715e+00	1.086614e+03
2.400000e-06	1.247908e-06	1.801789e-08	8.826657e+00	1.071381e+03
2.410000e-06	1.096046e-06	1.774866e-08	7.752507e+00	1.055528e+03
2.420000e-06	9.437875e-07	1.747071e-08	6.675561e+00	1.039023e+03
2.430000e-06	7.911311e-07	1.718414e-08	5.595798e+00	1.021840e+03
2.440000e-06	6.381870e-07	1.688267e-08	4.514000e+00	1.003950e+03
2.450000e-06	4.850404e-07	1.657108e-08	3.430769e+00	9.853116e+02
2.460000e-06	3.316674e-07	1.624793e-08	2.345937e+00	9.658648e+02
2.470000e-06	1.781226e-07	1.590526e-08	1.259890e+00	9.455289e+02
2.480000e-06	2.452852e-08	1.554082e-08	1.734942e-01	9.242059e+02
2.490000e-06	-1.290727e-07	1.515885e-08	-9.129522e-01	9.017843e+02
2.500000e-06	-2.826550e-07	1.476054e-08	-1.999264e+00	8.781414e+02
2.510000e-06	-4.360935e-07	1.434322e-08	-3.084559e+00	8.531413e+02
2.520000e-06	-5.893501e-07	1.390333e-08	-4.168568e+00	8.266289e+02
2.530000e-06	-7.423519e-07	1.343386e-08	-5.250775e+00	7.984222e+02
2.540000e-06	-8.949501e-07	1.293047e-08	-6.330126e+00	7.683056e+02
2.550000e-06	-1.047147e-06	1.238826e-08	-7.406642e+00	7.360254e+02
2.560000e-06	-1.198897e-06	1.180131e-08	-8.479992e+00	7.012886e+02
2.570000e-06	-1.350196e-06	1.116698e-08	-9.550153e+00	6.637622e+02
2.580000e-06	-1.501092e-06	1.048337e-08	-1.061746e+01	6.230713e+02
2.590000e-06	-1.651472e-06	9.743775e-09	-1.168113e+01	5.787953e+02
2.600000e-06	-1.801237e-06	8.938217e-09	-1.274044e+01	5.304654e+02
2.610000e-06	-1.950341e-06	8.056670e-09	-1.379508e+01	4.775706e+02
2.620000e-06	-2.098784e-06	7.089430e-09	-1.484504e+01	4.195815e+02
2.630000e-06	-2.246442e-06	6.024526e-09	-1.588944e+01	3.559986e+02
2.640000e-06	-2.393267e-06	4.856463e-09	-1.692796e+01	2.864288e+02
2.650000e-06	-2.539331e-06	3.585073e-09	-1.796110e+01	2.106808e+02
2.660000e-06	-2.684478e-06	2.215534e-09	-1.898774e+01	1.288650e+02
2.670000e-06	-2.828605e-06	7.540180e-10	-2.000718e+01	4.147350e+01
2.680000e-06	-2.971683e-06	-7.868833e-10	-2.101919e+01	-5.058285e+01
2.690000e-06	-3.113593e-06	-2.384486e-09	-2.202294e+01	-1.459978e+02
2.700000e-06	-3.254236e-06	-4.013966e-09	-2.301774e+01	-2.431581e+02
2.710000e-06	-3.393579e-06	-5.647740e-09	-2.400333e+01	-3.402851e+02
2.720000e-06	-3.531687e-06	-7.255555e-09	-2.498019e+01	-4.356069e+02
2.730000e-06	-3.668564e-06	-8.806950e-09	-2.594834e+01	-5.275258e+02
2.740000e-06	-3.804100e-06	-1.027778e-08	-2.690701e+01	-6.147521e+02
2.750000e-06	-3.938234e-06	-1.165208e-08	-2.785576e+01	-6.963792e+02
2.760000e-06	-4.070979e-06	-1.292460e-08	-2.879469e+01	-7.718946e+02
2.770000e-06	-4.202231e-06	-1.409323e-08	-2.972306e+01	-8.411326e+02
2.780000e-06	-4.332029e-06	-1.515820e-08	-3.064114e+01	-9.041914e+02
2.790000e-06	-4.460390e-06	-1.612486e-08	-3.154906e+01	-9.613387e+02
2.800000e-06	-4.587138e-06	-1.700133e-08	-3.244556e+01	-1.012930e+03
2.810000e-06	-4.712220e-06	-1.779100e-08	-3.333029e+01	-1.059352e+03
2.820000e-06	-4.835565e-06	-1.849473e-08	-3.420273e+01	-1.100997e+03
2.830000e-06	-4.957179e-06	-1.912204e-08	-3.506292e+01	-1.138261e+03
2.840000e-06	-5.077034e-06	-1.968360e-08	-3.591068e+01	-1.171542e+03
2.850000e-06	-5.194949e-06	-2.018815e-08	-3.674471e+01	-1.201252e+03
2.860000e-06	-5.310739e-06	-2.063943e-08	-3.756371e+01	-1.227802e+03
2.870000e-06	-5.424369e-06	-2.104349e-08	-3.836744e+01	-1.251590e+03
2.880000e-06	-5.535903e-06	-2.140669e-08	-3.915633e+01	-1.272977e+03
2.890000e-06	-5.645334e-06	-2.173359e-08	-3.993036e+01	-1.292274e+03
2.900000e-06	-5.752778e-06	-2.202906e-08	-4.069033e+01	-1.309732e+03
2.910000e-06	-5.858298e-06	-2.229678e-08	-4.143668e+01	-1.325550e+03
2.920000e-06	-5.961739e-06	-2.254031e-08	-4.216834e+01	-1.339892e+03
2.930000e-06	-6.062986e-06	-2.276247e-08	-4.288447e+01	-1.352904e+03
2.940000e-06	-6.162049e-06	-2.296551e-08	-4.358516e+01	-1.364730e+03
2.950000e-06	-6.259046e-06	-2.314871e-08	-4.427124e+01	-1.375511e+03
2.960000e-06	-6.353889e-06	-2.331615e-08	-4.494208e+01	-1.385387e+03
2.970000e-06	-6.446367e-06	-2.347008e-08	-4.559619e+01	-1.394476e+03
2.980000e-06	-6.536549e-06	-2.361264e-08	-4.623406e+01	-1.402873e+03
2.990000e-06	-6.624486e-06	-2.374544e-08	-4.685606e+01	-1.410641e+03
3.000000e-06	-6.710041e-06	-2.386720e-08	-4.746120e+01	-1.417815e+03
3.010000e-06	-6.793165e-06	-2.398039e-08	-4.804915e+01	-1.424421e+03
3.020000e-06	-6.873926e-06	-2.408593e-08	-4.862039e+01	-1.430487e+03
3.030000e-06	-6.952148e-06	-2.418451e-08	-4.917366e+01	-1.436052e+03
3.040000e-06	-7.027675e-06	-2.427440e-08	-4.970788e+01	-1.441174e+03
3.050000e-06	-7.100648e-06	-2.435375e-08	-5.022402e+01	-1.445920e+03
3.060000e-06	-7.171026e-06	-2.442756e-08	-5.072182e+01	-1.450355e+03
3.070000e-06	-7.238769e-06	-2.449692e-08	-5.120098e+01	-1.454525e+03
3.080000e-06	-7.303972e-06	-2.455951e-08	-5.166217e+01	-1.458455e+03
3.090000e-06	-7.366623e-06	-2.461802e-08	-5.210531e+01	-1.462145e+03
3.100000e-06	-7.426670e-06	-2.467650e-08	-5.253003e+01	-1.465580e+03
3.110000e-06	-7.484081e-06	-2.473608e-08	-5.293611e+01	-1.468746e+03
3.120000e-06	-7.538715e-06	-2.478857e-08	-5.332254e+01	-1.471640e+03
3.130000e-06	-7.590428e-06	-2.483449e-08	-5.368832e+01	-1.474278e+03
3.140000e-06	-7.639014e-06	-2.487653e-08	-5.403197e+01	-1.476691e+03
3.150000e-06	-7.684674e-06	-2.491307e-08	-5.435494e+01	-1.478914e+03
3.160000e-06	-7.727888e-06	-2.494396e-08	-5.466060e+01	-1.480981e+03
3.170000e-06	-7.768644e-06	-2.497197e-08	-5.494887e+01	-1.482904e+03
3.180000e-06	-7.806602e-06	-2.500339e-08	-5.521735e+01	-1.484683e+03
3.190000e-06	-7.841745e-06	-2.503610e-08	-5.546593e+01	-1.486301e+03
3.200000e-06	-7.874273e-06	-2.506363e-08	-5.569600e+01	-1.487740e+03
3.210000e-06	-7.903899e-06	-2.508597e-08	-5.590555e+01	-1.488990e+03
3.220000e-06	-7.930612e-06	-2.510779e-08	-5.609450e+01	-1.490053e+03
3.230000e-06	-7.954635e-06	-2.512729e-08	-5.626441e+01	-1.490948e+03
3.240000e-06	-7.975766e-06	-2.514093e-08	-5.641388e+01	-1.491697e+03
3.250000e-06	-7.994047e-06	-2.514852e-08	-5.654318e+01	-1.492322e+03
3.260000e-06	-8.009479e-06	-2.515592e-08	-5.665234e+01	-1.492832e+03
3.270000e-06	-8.021770e-06	-2.516316e-08	-5.673927e+01	-1.493223e+03
3.280000e-06	-8.031081e-06	-2.516830e-08	-5.680513e+01	-1.493485e+03
3.290000e-06	-8.037530e-06	-2.516909e-08	-5.685074e+01	-1.493604e+03
3.300000e-06	-8.041078e-06	-2.517181e-08	-5.687583e+01	-1.493579e+03
3.310000e-06	-8.041900e-06	-2.517413e-08	-5.688165e+01	-1.493422e+03
