# Configuracion:
# Concentracion g/m^3_=_11000.0
# C_Vs_to_Am_M_A/Vsm_=_59384043850.047264
# pendiente_HvsI_1/m_=_3716.3
# ordenada_HvsI_A/m_=_1297.0
# frecuencia_ref_Hz_=_301252.31521768845
# 
Resultados:
# tau_ns_=_(1.21+/-0.01)e+02
# dphi_rad_=_6.51+/-0.00
# SAR_W/g_=_188.22+/-1.76
# Hc_kA/m_=_10.29+/-0.08
# Mr_A/m_=_55.80+/-0.79
# Magnetizacion_max_=_196.44+/-2.02
# Suceptibilidad_a_M=0_=_(5.845+/-0.102)e-03

Nombre_archivo	Time_m_(s)	Temperatura_(ºC)	Mr_(A/m)	Hc_(kA/m)	Campo_max_(A/m)	Mag_max_(A/m)	f0	mag0	dphi0	SAR_(W/g)	Tau_(ns)	N	xi_M_0
300kHz_100dA_100Mss_bobN1C4-0011.txt	5.6	23.86	54.80	10.23	38460.00	195.97	3.012696e+05	1.496885e+01	6.507714e+00	187.12	120.655572	4647	5.714e-03
300kHz_100dA_100Mss_bobN1C4-0012.txt	6.06	24.14	54.61	10.08	38460.00	197.79	3.012696e+05	1.506347e+01	6.503220e+00	184.60	118.159848	4647	5.924e-03
300kHz_100dA_100Mss_bobN1C4-0013.txt	6.51	24.41	54.37	10.25	38460.00	194.09	3.012696e+05	1.483366e+01	6.507184e+00	185.00	120.360321	4647	5.746e-03
300kHz_100dA_100Mss_bobN1C4-0014.txt	6.96	24.68	54.58	10.23	38460.00	193.76	3.012696e+05	1.478385e+01	6.509232e+00	186.04	121.499077	4647	5.719e-03
300kHz_100dA_100Mss_bobN1C4-0015.txt	7.42	24.83	54.31	10.23	38460.00	193.09	3.012696e+05	1.476136e+01	6.507135e+00	184.06	120.333557	4647	5.651e-03
300kHz_100dA_100Mss_bobN1C4-0016.txt	7.86	24.96	54.76	10.15	38460.00	195.71	3.012696e+05	1.495490e+01	6.505816e+00	185.40	119.600573	4647	5.763e-03
300kHz_100dA_100Mss_bobN1C4-0017.txt	8.35	25.10	55.30	10.31	38460.00	194.19	3.012696e+05	1.485828e+01	6.509718e+00	187.37	121.768798	4647	5.756e-03
300kHz_100dA_100Mss_bobN1C4-0018.txt	8.83	25.25	55.41	10.16	38460.00	198.56	3.012696e+05	1.514282e+01	6.505783e+00	187.70	119.583136	4647	5.885e-03
300kHz_100dA_100Mss_bobN1C4-0019.txt	9.74	25.60	54.44	10.31	38460.00	193.90	3.012696e+05	1.483675e+01	6.507844e+00	185.58	120.728371	4647	5.687e-03
300kHz_100dA_100Mss_bobN1C4-0020.txt	10.21	25.76	55.13	10.39	38460.00	194.25	3.012696e+05	1.482369e+01	6.510862e+00	187.86	122.407087	4647	5.766e-03
300kHz_100dA_100Mss_bobN1C4-0021.txt	10.67	25.90	55.31	10.35	38460.00	194.42	3.012696e+05	1.486776e+01	6.510336e+00	187.99	122.115111	4647	5.685e-03
300kHz_100dA_100Mss_bobN1C4-0022.txt	11.15	26.04	55.31	10.22	38460.00	196.49	3.012696e+05	1.498017e+01	6.507327e+00	186.95	120.441413	4647	5.862e-03
300kHz_100dA_100Mss_bobN1C4-0023.txt	11.6	26.18	55.19	10.29	38460.00	194.59	3.012696e+05	1.487232e+01	6.509616e+00	187.46	121.713940	4647	5.722e-03
300kHz_100dA_100Mss_bobN1C4-0024.txt	12.11	26.31	54.86	10.25	38460.00	195.77	3.012696e+05	1.498248e+01	6.507138e+00	186.82	120.337406	4647	5.779e-03
300kHz_100dA_100Mss_bobN1C4-0025.txt	12.56	26.36	55.62	10.39	38460.00	194.14	3.012696e+05	1.486899e+01	6.510768e+00	188.36	122.356241	4647	5.780e-03
300kHz_100dA_100Mss_bobN1C4-0026.txt	13.03	26.42	54.50	10.14	38460.00	196.49	3.012696e+05	1.502105e+01	6.503141e+00	184.01	118.117483	4647	5.753e-03
300kHz_100dA_100Mss_bobN1C4-0027.txt	13.49	26.64	55.12	10.33	38460.00	194.81	3.012696e+05	1.492741e+01	6.509074e+00	187.72	121.412781	4647	5.731e-03
300kHz_100dA_100Mss_bobN1C4-0028.txt	13.95	26.88	55.51	10.21	38460.00	195.92	3.012696e+05	1.499492e+01	6.507934e+00	187.63	120.779233	4647	5.807e-03
300kHz_100dA_100Mss_bobN1C4-0029.txt	14.39	27.10	55.13	10.26	38460.00	195.19	3.012696e+05	1.494920e+01	6.508261e+00	187.33	120.960542	4647	5.782e-03
300kHz_100dA_100Mss_bobN1C4-0030.txt	14.84	27.32	55.75	10.26	38460.00	197.53	3.012696e+05	1.510659e+01	6.507525e+00	188.69	120.552161	4647	5.831e-03
300kHz_100dA_100Mss_bobN1C4-0031.txt	15.29	27.49	55.76	10.33	38460.00	195.54	3.012696e+05	1.497020e+01	6.508595e+00	187.86	121.147101	4647	5.821e-03
300kHz_100dA_100Mss_bobN1C4-0032.txt	15.74	27.62	56.17	10.25	38460.00	197.32	3.012696e+05	1.510888e+01	6.506943e+00	188.24	120.229621	4647	5.947e-03
300kHz_100dA_100Mss_bobN1C4-0033.txt	16.21	27.74	55.63	10.35	38460.00	196.01	3.012696e+05	1.498566e+01	6.509350e+00	188.68	121.567152	4647	5.861e-03
300kHz_100dA_100Mss_bobN1C4-0034.txt	16.69	27.84	55.98	10.34	38460.00	196.23	3.012696e+05	1.502929e+01	6.509081e+00	189.00	121.417669	4647	5.830e-03
300kHz_100dA_100Mss_bobN1C4-0035.txt	17.16	27.95	55.76	10.38	38460.00	194.70	3.012696e+05	1.490543e+01	6.510088e+00	188.27	121.977245	4647	5.772e-03
300kHz_100dA_100Mss_bobN1C4-0036.txt	17.61	28.08	56.32	10.48	38460.00	194.64	3.012696e+05	1.492392e+01	6.511391e+00	189.56	122.703234	4647	5.701e-03
300kHz_100dA_100Mss_bobN1C4-0037.txt	18.06	28.22	56.16	10.51	38460.00	193.95	3.012696e+05	1.489985e+01	6.511432e+00	189.29	122.726404	4647	5.827e-03
300kHz_100dA_100Mss_bobN1C4-0038.txt	18.96	28.49	56.49	10.30	38460.00	196.58	3.012696e+05	1.505208e+01	6.509562e+00	189.69	121.685236	4647	5.941e-03
300kHz_100dA_100Mss_bobN1C4-0039.txt	19.42	28.58	56.39	10.36	38460.00	196.10	3.012696e+05	1.502888e+01	6.509786e+00	189.58	121.810582	4647	5.886e-03
300kHz_100dA_100Mss_bobN1C4-0040.txt	19.88	28.68	55.85	10.32	38460.00	195.46	3.012696e+05	1.496435e+01	6.509229e+00	188.31	121.500119	4647	5.829e-03
300kHz_100dA_100Mss_bobN1C4-0041.txt	20.33	28.80	55.97	10.30	38460.00	196.67	3.012696e+05	1.507983e+01	6.507304e+00	188.17	120.429813	4647	5.903e-03
300kHz_100dA_100Mss_bobN1C4-0042.txt	20.79	28.94	55.65	10.23	38460.00	197.77	3.012696e+05	1.515194e+01	6.506207e+00	188.16	119.820375	4647	5.861e-03
300kHz_100dA_100Mss_bobN1C4-0043.txt	21.24	29.05	56.19	10.36	38460.00	194.94	3.012696e+05	1.493950e+01	6.510232e+00	188.82	122.058650	4647	5.806e-03
300kHz_100dA_100Mss_bobN1C4-0044.txt	21.72	29.14	56.59	10.32	38460.00	196.54	3.012696e+05	1.503343e+01	6.508292e+00	188.41	120.979640	4647	5.909e-03
300kHz_100dA_100Mss_bobN1C4-0045.txt	22.18	29.22	56.30	10.31	38460.00	195.38	3.012696e+05	1.497281e+01	6.510021e+00	189.06	121.940746	4647	5.820e-03
300kHz_100dA_100Mss_bobN1C4-0046.txt	22.63	29.26	56.18	10.31	38460.00	196.76	3.012696e+05	1.507729e+01	6.508031e+00	188.74	120.834519	4647	5.863e-03
300kHz_100dA_100Mss_bobN1C4-0047.txt	23.1	29.34	56.38	10.35	38460.00	197.77	3.012696e+05	1.515432e+01	6.508211e+00	189.85	120.934601	4647	5.888e-03
300kHz_100dA_100Mss_bobN1C4-0048.txt	23.56	29.52	55.92	10.27	38460.00	196.80	3.012696e+05	1.506393e+01	6.506901e+00	187.64	120.205778	4647	5.852e-03
300kHz_100dA_100Mss_bobN1C4-0049.txt	24.01	29.70	56.46	10.38	38460.00	196.48	3.012696e+05	1.510184e+01	6.508914e+00	189.78	121.323902	4647	5.825e-03
300kHz_100dA_100Mss_bobN1C4-0050.txt	24.47	29.84	56.08	10.25	38460.00	197.27	3.012696e+05	1.511919e+01	6.507182e+00	188.56	120.362381	4647	5.936e-03
300kHz_100dA_100Mss_bobN1C4-0051.txt	24.92	29.98	55.95	10.34	38460.00	195.88	3.012696e+05	1.502054e+01	6.508486e+00	188.40	121.087545	4647	5.839e-03
300kHz_100dA_100Mss_bobN1C4-0052.txt	25.36	30.11	56.28	10.25	38460.00	197.75	3.012696e+05	1.517562e+01	6.506173e+00	188.43	119.800595	4647	5.914e-03
300kHz_100dA_100Mss_bobN1C4-0053.txt	25.81	30.24	56.62	10.31	38460.00	198.52	3.012696e+05	1.522794e+01	6.507490e+00	190.18	120.532058	4647	5.956e-03
300kHz_100dA_100Mss_bobN1C4-0054.txt	26.29	30.39	57.23	10.19	38460.00	201.21	3.012696e+05	1.542595e+01	6.506180e+00	191.54	119.804266	4647	6.080e-03
300kHz_100dA_100Mss_bobN1C4-0055.txt	26.74	30.52	56.55	10.26	38460.00	198.62	3.012696e+05	1.523564e+01	6.505890e+00	188.94	119.642760	4647	5.984e-03
300kHz_100dA_100Mss_bobN1C4-0056.txt	27.19	30.60	57.05	10.23	38460.00	200.79	3.012696e+05	1.538552e+01	6.505019e+00	190.06	119.158653	4647	6.050e-03
300kHz_100dA_100Mss_bobN1C4-0057.txt	28.09	30.64	57.18	10.39	38460.00	198.29	3.012696e+05	1.521998e+01	6.510191e+00	192.33	122.033535	4647	5.970e-03
300kHz_100dA_100Mss_bobN1C4-0058.txt	28.55	30.82	57.07	10.30	38460.00	199.32	3.012696e+05	1.528644e+01	6.507335e+00	190.78	120.445061	4647	5.983e-03
300kHz_100dA_100Mss_bobN1C4-0059.txt	29.09	31.02	57.04	10.30	38460.00	198.84	3.012696e+05	1.525441e+01	6.507715e+00	190.69	120.657110	4647	5.990e-03
300kHz_100dA_100Mss_bobN1C4-0060.txt	29.54	31.11	56.72	10.08	38460.00	203.08	3.012696e+05	1.556461e+01	6.502856e+00	190.43	117.958764	4647	6.073e-03
