# Temperatura_=_86.74
# Concentracion g/m^3_=_20000.0
# C_Vs_to_Am_M_A/Vsm_=_59384043850.047264
# pendiente_HvsI_1/m_=_3716.3
# ordenada_HvsI_A/m_=_1297.0
# frecuencia_Hz_=_301566.65121318016

Tiempo_(s)	Campo_(V.s)	Magnetizacion_(V.s)	Campo_(kA/m)	Magnetizacion_(A/m)
0.000000e+00	-8.100414e-06	-2.711077e-08	-5.692720e+01	-1.611135e+03
1.000000e-08	-8.097952e-06	-2.710670e-08	-5.690989e+01	-1.610727e+03
2.000000e-08	-8.092817e-06	-2.710004e-08	-5.687381e+01	-1.610048e+03
3.000000e-08	-8.085146e-06	-2.709202e-08	-5.681990e+01	-1.609270e+03
4.000000e-08	-8.074613e-06	-2.708560e-08	-5.674588e+01	-1.608573e+03
5.000000e-08	-8.061073e-06	-2.707885e-08	-5.665072e+01	-1.608061e+03
6.000000e-08	-8.044606e-06	-2.707260e-08	-5.653499e+01	-1.607717e+03
7.000000e-08	-8.025539e-06	-2.706774e-08	-5.640100e+01	-1.607409e+03
8.000000e-08	-8.003970e-06	-2.704000e-08	-5.624942e+01	-1.606950e+03
9.000000e-08	-7.979247e-06	-2.699217e-08	-5.607567e+01	-1.606185e+03
1.000000e-07	-7.951152e-06	-2.698330e-08	-5.587823e+01	-1.605056e+03
1.100000e-07	-7.920174e-06	-2.700178e-08	-5.566053e+01	-1.603631e+03
1.200000e-07	-7.886496e-06	-2.700021e-08	-5.542385e+01	-1.602074e+03
1.300000e-07	-7.850277e-06	-2.697584e-08	-5.516931e+01	-1.600568e+03
1.400000e-07	-7.811883e-06	-2.696750e-08	-5.489949e+01	-1.599236e+03
1.500000e-07	-7.771335e-06	-2.694440e-08	-5.461454e+01	-1.598084e+03
1.600000e-07	-7.728091e-06	-2.689480e-08	-5.431063e+01	-1.596996e+03
1.700000e-07	-7.681934e-06	-2.687351e-08	-5.398625e+01	-1.595787e+03
1.800000e-07	-7.632913e-06	-2.682570e-08	-5.364175e+01	-1.594287e+03
1.900000e-07	-7.580748e-06	-2.681939e-08	-5.327515e+01	-1.592416e+03
2.000000e-07	-7.525695e-06	-2.682093e-08	-5.288825e+01	-1.590224e+03
2.100000e-07	-7.467911e-06	-2.676411e-08	-5.248216e+01	-1.587871e+03
2.200000e-07	-7.407402e-06	-2.672859e-08	-5.205692e+01	-1.585559e+03
2.300000e-07	-7.344318e-06	-2.668710e-08	-5.161359e+01	-1.583442e+03
2.400000e-07	-7.278493e-06	-2.666240e-08	-5.115099e+01	-1.581558e+03
2.500000e-07	-7.209921e-06	-2.662707e-08	-5.066909e+01	-1.579811e+03
2.600000e-07	-7.138709e-06	-2.658169e-08	-5.016863e+01	-1.578006e+03
2.700000e-07	-7.064804e-06	-2.656251e-08	-4.964925e+01	-1.575937e+03
2.800000e-07	-6.988152e-06	-2.653450e-08	-4.911057e+01	-1.573469e+03
2.900000e-07	-6.908734e-06	-2.648181e-08	-4.855244e+01	-1.570600e+03
3.000000e-07	-6.826752e-06	-2.640312e-08	-4.797630e+01	-1.567457e+03
3.100000e-07	-6.742481e-06	-2.636527e-08	-4.738407e+01	-1.564245e+03
3.200000e-07	-6.655956e-06	-2.633595e-08	-4.677599e+01	-1.561153e+03
3.300000e-07	-6.567103e-06	-2.627800e-08	-4.615157e+01	-1.558273e+03
3.400000e-07	-6.475879e-06	-2.623244e-08	-4.551047e+01	-1.555560e+03
3.500000e-07	-6.382296e-06	-2.619009e-08	-4.485280e+01	-1.552849e+03
3.600000e-07	-6.286344e-06	-2.614032e-08	-4.417848e+01	-1.549931e+03
3.700000e-07	-6.188113e-06	-2.606663e-08	-4.348814e+01	-1.546639e+03
3.800000e-07	-6.087686e-06	-2.599694e-08	-4.278237e+01	-1.542923e+03
3.900000e-07	-5.985067e-06	-2.593905e-08	-4.206120e+01	-1.538872e+03
4.000000e-07	-5.880227e-06	-2.588665e-08	-4.132441e+01	-1.534673e+03
4.100000e-07	-5.773258e-06	-2.582798e-08	-4.057267e+01	-1.530525e+03
4.200000e-07	-5.664351e-06	-2.575866e-08	-3.980730e+01	-1.526558e+03
4.300000e-07	-5.553430e-06	-2.569724e-08	-3.902779e+01	-1.522765e+03
4.400000e-07	-5.440352e-06	-2.563017e-08	-3.823311e+01	-1.519014e+03
4.500000e-07	-5.325055e-06	-2.555349e-08	-3.742284e+01	-1.515097e+03
4.600000e-07	-5.207664e-06	-2.547155e-08	-3.659785e+01	-1.510829e+03
4.700000e-07	-5.088347e-06	-2.539695e-08	-3.575932e+01	-1.506124e+03
4.800000e-07	-4.967190e-06	-2.532458e-08	-3.490788e+01	-1.501037e+03
4.900000e-07	-4.844268e-06	-2.524359e-08	-3.404401e+01	-1.495736e+03
5.000000e-07	-4.719569e-06	-2.515618e-08	-3.316767e+01	-1.490431e+03
5.100000e-07	-4.593233e-06	-2.507234e-08	-3.227982e+01	-1.485271e+03
5.200000e-07	-4.465228e-06	-2.498893e-08	-3.138024e+01	-1.480284e+03
5.300000e-07	-4.335617e-06	-2.489730e-08	-3.046937e+01	-1.475350e+03
5.400000e-07	-4.204527e-06	-2.480147e-08	-2.954811e+01	-1.470259e+03
5.500000e-07	-4.071837e-06	-2.470653e-08	-2.861561e+01	-1.464798e+03
5.600000e-07	-3.937681e-06	-2.461092e-08	-2.767280e+01	-1.458844e+03
5.700000e-07	-3.802107e-06	-2.450726e-08	-2.672003e+01	-1.452422e+03
5.800000e-07	-3.665147e-06	-2.440194e-08	-2.575751e+01	-1.445694e+03
5.900000e-07	-3.526876e-06	-2.429709e-08	-2.478579e+01	-1.438890e+03
6.000000e-07	-3.387168e-06	-2.419140e-08	-2.380397e+01	-1.432200e+03
6.100000e-07	-3.245898e-06	-2.408067e-08	-2.281117e+01	-1.425690e+03
6.200000e-07	-3.103295e-06	-2.396407e-08	-2.180899e+01	-1.419267e+03
6.300000e-07	-2.959664e-06	-2.384781e-08	-2.079960e+01	-1.412712e+03
6.400000e-07	-2.814963e-06	-2.372903e-08	-1.978268e+01	-1.405776e+03
6.500000e-07	-2.669255e-06	-2.360122e-08	-1.875870e+01	-1.398286e+03
6.600000e-07	-2.522622e-06	-2.346839e-08	-1.772821e+01	-1.390228e+03
6.700000e-07	-2.375072e-06	-2.333810e-08	-1.669127e+01	-1.381750e+03
6.800000e-07	-2.226713e-06	-2.320676e-08	-1.564865e+01	-1.373103e+03
6.900000e-07	-2.077630e-06	-2.307048e-08	-1.460094e+01	-1.364526e+03
7.000000e-07	-1.927834e-06	-2.292985e-08	-1.354822e+01	-1.356138e+03
7.100000e-07	-1.777431e-06	-2.278618e-08	-1.249123e+01	-1.347875e+03
7.200000e-07	-1.626471e-06	-2.263656e-08	-1.143033e+01	-1.339510e+03
7.300000e-07	-1.474797e-06	-2.247863e-08	-1.036442e+01	-1.330749e+03
7.400000e-07	-1.322497e-06	-2.231498e-08	-9.294097e+00	-1.321357e+03
7.500000e-07	-1.169697e-06	-2.215226e-08	-8.220269e+00	-1.311266e+03
7.600000e-07	-1.016538e-06	-2.198909e-08	-7.143915e+00	-1.300606e+03
7.700000e-07	-8.630973e-07	-2.182080e-08	-6.065580e+00	-1.289656e+03
7.800000e-07	-7.093405e-07	-2.164563e-08	-4.985025e+00	-1.278716e+03
7.900000e-07	-5.553067e-07	-2.146328e-08	-3.902523e+00	-1.267961e+03
8.000000e-07	-4.010346e-07	-2.127554e-08	-2.818347e+00	-1.257345e+03
8.100000e-07	-2.466422e-07	-2.108112e-08	-1.733325e+00	-1.246600e+03
8.200000e-07	-9.216823e-08	-2.087892e-08	-6.477298e-01	-1.235327e+03
8.300000e-07	6.233765e-08	-2.066897e-08	4.380897e-01	-1.223155e+03
8.400000e-07	2.168033e-07	-2.045305e-08	1.523627e+00	-1.209902e+03
8.500000e-07	3.711793e-07	-2.023127e-08	2.608533e+00	-1.195652e+03
8.600000e-07	5.254109e-07	-2.000032e-08	3.692425e+00	-1.180725e+03
8.700000e-07	6.794622e-07	-1.975695e-08	4.775049e+00	-1.165532e+03
8.800000e-07	8.332461e-07	-1.950160e-08	5.855795e+00	-1.150377e+03
8.900000e-07	9.867479e-07	-1.923575e-08	6.934559e+00	-1.135293e+03
9.000000e-07	1.139963e-06	-1.896045e-08	8.011309e+00	-1.119972e+03
9.100000e-07	1.292797e-06	-1.867238e-08	9.085376e+00	-1.103844e+03
9.200000e-07	1.445174e-06	-1.836964e-08	1.015624e+01	-1.086270e+03
9.300000e-07	1.597025e-06	-1.805098e-08	1.122339e+01	-1.066766e+03
9.400000e-07	1.748208e-06	-1.771191e-08	1.228586e+01	-1.045163e+03
9.500000e-07	1.898678e-06	-1.734599e-08	1.334332e+01	-1.021609e+03
9.600000e-07	2.048399e-06	-1.694174e-08	1.439552e+01	-9.963878e+02
9.700000e-07	2.197354e-06	-1.648975e-08	1.544232e+01	-9.695855e+02
9.800000e-07	2.345575e-06	-1.597994e-08	1.648397e+01	-9.407316e+02
9.900000e-07	2.492971e-06	-1.539576e-08	1.751983e+01	-9.085380e+02
1.000000e-06	2.639467e-06	-1.471894e-08	1.854936e+01	-8.708601e+02
1.010000e-06	2.785066e-06	-1.392420e-08	1.957258e+01	-8.249250e+02
1.020000e-06	2.929736e-06	-1.297758e-08	2.058928e+01	-7.677900e+02
1.030000e-06	3.073347e-06	-1.183480e-08	2.159853e+01	-6.969098e+02
1.040000e-06	3.215788e-06	-1.044068e-08	2.259956e+01	-6.106552e+02
1.050000e-06	3.356983e-06	-8.738619e-09	2.359183e+01	-5.086396e+02
1.060000e-06	3.496865e-06	-6.697245e-09	2.457488e+01	-3.917744e+02
1.070000e-06	3.635442e-06	-4.368778e-09	2.554876e+01	-2.620642e+02
1.080000e-06	3.772686e-06	-1.891474e-09	2.651327e+01	-1.222349e+02
1.090000e-06	3.908508e-06	6.144364e-10	2.746778e+01	2.467034e+01
1.100000e-06	4.042892e-06	3.113572e-09	2.841219e+01	1.755991e+02
1.110000e-06	4.175807e-06	5.615254e-09	2.934628e+01	3.276317e+02
1.120000e-06	4.307192e-06	8.124451e-09	3.026961e+01	4.779650e+02
1.130000e-06	4.437059e-06	1.062642e-08	3.118227e+01	6.238189e+02
1.140000e-06	4.565347e-06	1.306999e-08	3.208384e+01	7.623742e+02
1.150000e-06	4.691969e-06	1.533657e-08	3.297371e+01	8.908375e+02
1.160000e-06	4.816936e-06	1.730612e-08	3.385194e+01	1.006665e+03
1.170000e-06	4.940236e-06	1.895228e-08	3.471845e+01	1.107904e+03
1.180000e-06	5.061823e-06	2.030881e-08	3.557293e+01	1.193536e+03
1.190000e-06	5.181543e-06	2.142129e-08	3.641428e+01	1.263708e+03
1.200000e-06	5.299291e-06	2.233558e-08	3.724177e+01	1.319731e+03
1.210000e-06	5.415037e-06	2.308615e-08	3.805520e+01	1.363831e+03
1.220000e-06	5.528721e-06	2.369968e-08	3.885414e+01	1.398708e+03
1.230000e-06	5.640331e-06	2.420085e-08	3.963850e+01	1.427007e+03
1.240000e-06	5.749888e-06	2.461461e-08	4.040843e+01	1.450876e+03
1.250000e-06	5.857426e-06	2.495900e-08	4.116417e+01	1.471709e+03
1.260000e-06	5.962932e-06	2.524239e-08	4.190564e+01	1.490139e+03
1.270000e-06	6.066270e-06	2.547915e-08	4.263187e+01	1.506245e+03
1.280000e-06	6.167360e-06	2.568461e-08	4.334229e+01	1.519876e+03
1.290000e-06	6.266236e-06	2.586066e-08	4.403717e+01	1.530968e+03
1.300000e-06	6.362777e-06	2.600875e-08	4.471563e+01	1.539731e+03
1.310000e-06	6.457069e-06	2.613676e-08	4.537828e+01	1.546677e+03
1.320000e-06	6.549171e-06	2.625242e-08	4.602554e+01	1.552492e+03
1.330000e-06	6.638934e-06	2.635306e-08	4.665637e+01	1.557822e+03
1.340000e-06	6.726311e-06	2.643769e-08	4.727043e+01	1.563089e+03
1.350000e-06	6.811429e-06	2.651264e-08	4.786861e+01	1.568395e+03
1.360000e-06	6.894244e-06	2.658068e-08	4.845061e+01	1.573561e+03
1.370000e-06	6.974542e-06	2.664348e-08	4.901492e+01	1.578269e+03
1.380000e-06	7.052250e-06	2.669959e-08	4.956103e+01	1.582240e+03
1.390000e-06	7.127341e-06	2.675312e-08	5.008875e+01	1.585376e+03
1.400000e-06	7.199778e-06	2.680389e-08	5.059781e+01	1.587812e+03
1.410000e-06	7.269591e-06	2.685073e-08	5.108843e+01	1.589853e+03
1.420000e-06	7.336825e-06	2.689281e-08	5.156093e+01	1.591849e+03
1.430000e-06	7.401424e-06	2.692892e-08	5.201491e+01	1.594046e+03
1.440000e-06	7.463493e-06	2.696202e-08	5.245112e+01	1.596499e+03
1.450000e-06	7.522984e-06	2.699195e-08	5.286920e+01	1.599063e+03
1.460000e-06	7.579787e-06	2.702025e-08	5.326839e+01	1.601476e+03
1.470000e-06	7.633828e-06	2.704634e-08	5.364817e+01	1.603483e+03
1.480000e-06	7.684765e-06	2.706943e-08	5.400615e+01	1.604953e+03
1.490000e-06	7.732558e-06	2.709126e-08	5.434202e+01	1.605935e+03
1.500000e-06	7.777555e-06	2.711265e-08	5.465825e+01	1.606629e+03
1.510000e-06	7.819864e-06	2.713210e-08	5.495558e+01	1.607301e+03
1.520000e-06	7.859375e-06	2.714764e-08	5.523325e+01	1.608162e+03
1.530000e-06	7.896167e-06	2.715938e-08	5.549182e+01	1.609286e+03
1.540000e-06	7.930273e-06	2.716928e-08	5.573150e+01	1.610579e+03
1.550000e-06	7.961560e-06	2.717807e-08	5.595138e+01	1.611837e+03
1.560000e-06	7.990075e-06	2.718655e-08	5.615177e+01	1.612835e+03
1.570000e-06	8.015741e-06	2.719383e-08	5.633214e+01	1.613431e+03
1.580000e-06	8.038498e-06	2.719934e-08	5.649207e+01	1.613625e+03
1.590000e-06	8.058524e-06	2.720415e-08	5.663281e+01	1.613556e+03
1.600000e-06	8.075751e-06	2.720580e-08	5.675388e+01	1.613435e+03
1.610000e-06	8.089972e-06	2.720368e-08	5.685381e+01	1.613449e+03
1.620000e-06	8.101044e-06	2.720217e-08	5.693162e+01	1.613684e+03
1.630000e-06	8.109046e-06	2.720202e-08	5.698786e+01	1.614083e+03
1.640000e-06	8.114266e-06	2.719961e-08	5.702455e+01	1.614485e+03
1.650000e-06	8.116678e-06	2.719430e-08	5.704150e+01	1.614696e+03
1.660000e-06	8.116237e-06	2.719091e-08	5.703840e+01	1.614578e+03
1.670000e-06	8.113202e-06	2.718842e-08	5.701707e+01	1.614111e+03
1.680000e-06	8.107492e-06	2.718111e-08	5.697694e+01	1.613400e+03
1.690000e-06	8.099020e-06	2.717041e-08	5.691740e+01	1.612625e+03
1.700000e-06	8.087914e-06	2.716028e-08	5.683935e+01	1.611957e+03
1.710000e-06	8.073978e-06	2.714941e-08	5.674142e+01	1.611479e+03
1.720000e-06	8.057354e-06	2.713274e-08	5.662458e+01	1.611153e+03
1.730000e-06	8.038453e-06	2.713008e-08	5.649176e+01	1.610832e+03
1.740000e-06	8.016992e-06	2.716082e-08	5.634093e+01	1.610328e+03
1.750000e-06	7.992269e-06	2.714447e-08	5.616719e+01	1.609498e+03
1.760000e-06	7.963891e-06	2.708550e-08	5.596776e+01	1.608308e+03
1.770000e-06	7.932155e-06	2.704508e-08	5.574473e+01	1.606845e+03
1.780000e-06	7.897699e-06	2.701029e-08	5.550258e+01	1.605284e+03
1.790000e-06	7.860789e-06	2.697409e-08	5.524319e+01	1.603803e+03
1.800000e-06	7.821611e-06	2.699931e-08	5.496786e+01	1.602506e+03
1.810000e-06	7.780203e-06	2.697845e-08	5.467685e+01	1.601376e+03
1.820000e-06	7.736242e-06	2.692751e-08	5.436791e+01	1.600281e+03
1.830000e-06	7.689697e-06	2.694194e-08	5.404081e+01	1.599031e+03
1.840000e-06	7.640329e-06	2.686361e-08	5.369387e+01	1.597467e+03
1.850000e-06	7.587879e-06	2.683009e-08	5.332526e+01	1.595531e+03
1.860000e-06	7.532529e-06	2.679522e-08	5.293628e+01	1.593296e+03
1.870000e-06	7.474416e-06	2.675195e-08	5.252788e+01	1.590935e+03
1.880000e-06	7.413687e-06	2.677364e-08	5.210109e+01	1.588649e+03
1.890000e-06	7.350228e-06	2.671124e-08	5.165512e+01	1.586574e+03
1.900000e-06	7.284015e-06	2.668246e-08	5.118980e+01	1.584725e+03
1.910000e-06	7.215073e-06	2.663724e-08	5.070530e+01	1.582983e+03
1.920000e-06	7.143351e-06	2.658090e-08	5.020126e+01	1.581146e+03
1.930000e-06	7.069000e-06	2.654133e-08	4.967874e+01	1.579011e+03
1.940000e-06	6.991920e-06	2.648648e-08	4.913705e+01	1.576468e+03
1.950000e-06	6.912172e-06	2.648514e-08	4.857660e+01	1.573536e+03
1.960000e-06	6.829987e-06	2.642303e-08	4.799903e+01	1.570365e+03
1.970000e-06	6.745355e-06	2.638066e-08	4.740426e+01	1.567163e+03
1.980000e-06	6.658199e-06	2.632850e-08	4.679176e+01	1.564105e+03
1.990000e-06	6.568633e-06	2.625384e-08	4.616232e+01	1.561262e+03
2.000000e-06	6.476832e-06	2.621139e-08	4.551717e+01	1.558564e+03
2.010000e-06	6.382689e-06	2.614616e-08	4.485556e+01	1.555831e+03
2.020000e-06	6.286208e-06	2.611033e-08	4.417752e+01	1.552855e+03
2.030000e-06	6.187515e-06	2.604737e-08	4.348394e+01	1.549487e+03
2.040000e-06	6.086668e-06	2.599611e-08	4.277521e+01	1.545701e+03
2.050000e-06	5.983623e-06	2.592959e-08	4.205105e+01	1.541608e+03
2.060000e-06	5.878393e-06	2.585739e-08	4.131153e+01	1.537404e+03
2.070000e-06	5.771094e-06	2.579228e-08	4.055746e+01	1.533282e+03
2.080000e-06	5.661754e-06	2.571691e-08	3.978905e+01	1.529350e+03
2.090000e-06	5.550342e-06	2.565141e-08	3.900609e+01	1.525578e+03
2.100000e-06	5.436784e-06	2.557137e-08	3.820803e+01	1.521812e+03
2.110000e-06	5.321119e-06	2.550449e-08	3.739517e+01	1.517845e+03
2.120000e-06	5.203419e-06	2.542798e-08	3.656802e+01	1.513501e+03
2.130000e-06	5.083696e-06	2.535215e-08	3.572664e+01	1.508719e+03
2.140000e-06	4.962095e-06	2.526773e-08	3.487206e+01	1.503579e+03
2.150000e-06	4.838730e-06	2.519073e-08	3.400510e+01	1.498262e+03
2.160000e-06	4.713630e-06	2.510627e-08	3.312593e+01	1.492974e+03
2.170000e-06	4.586867e-06	2.501609e-08	3.223508e+01	1.487848e+03
2.180000e-06	4.458417e-06	2.492389e-08	3.133238e+01	1.482882e+03
2.190000e-06	4.328421e-06	2.483071e-08	3.041880e+01	1.477937e+03
2.200000e-06	4.196935e-06	2.474101e-08	2.949476e+01	1.472794e+03
2.210000e-06	4.063894e-06	2.464050e-08	2.855979e+01	1.467249e+03
2.220000e-06	3.929443e-06	2.454301e-08	2.761491e+01	1.461205e+03
2.230000e-06	3.793541e-06	2.443842e-08	2.665983e+01	1.454713e+03
2.240000e-06	3.656191e-06	2.433634e-08	2.569458e+01	1.447955e+03
2.250000e-06	3.517513e-06	2.422384e-08	2.471999e+01	1.441159e+03
2.260000e-06	3.377484e-06	2.411022e-08	2.373591e+01	1.434500e+03
2.270000e-06	3.236186e-06	2.399304e-08	2.274291e+01	1.428017e+03
2.280000e-06	3.093688e-06	2.387355e-08	2.174148e+01	1.421589e+03
2.290000e-06	2.949993e-06	2.375240e-08	2.073164e+01	1.414983e+03
2.300000e-06	2.805170e-06	2.362798e-08	1.971387e+01	1.407956e+03
2.310000e-06	2.659425e-06	2.350208e-08	1.868962e+01	1.400361e+03
2.320000e-06	2.512848e-06	2.337122e-08	1.765952e+01	1.392213e+03
2.330000e-06	2.365288e-06	2.323622e-08	1.662251e+01	1.383685e+03
2.340000e-06	2.216776e-06	2.309422e-08	1.557881e+01	1.375034e+03
2.350000e-06	2.067529e-06	2.294971e-08	1.452996e+01	1.366487e+03
2.360000e-06	1.917652e-06	2.280146e-08	1.347666e+01	1.358131e+03
2.370000e-06	1.767121e-06	2.265138e-08	1.241878e+01	1.349870e+03
2.380000e-06	1.616002e-06	2.249596e-08	1.135676e+01	1.341456e+03
2.390000e-06	1.464369e-06	2.233891e-08	1.029113e+01	1.332596e+03
2.400000e-06	1.312162e-06	2.217893e-08	9.221467e+00	1.323078e+03
2.410000e-06	1.159385e-06	2.201473e-08	8.147795e+00	1.312869e+03
2.420000e-06	1.006183e-06	2.184350e-08	7.071141e+00	1.302134e+03
2.430000e-06	8.526381e-07	2.166711e-08	5.992076e+00	1.291166e+03
2.440000e-06	6.987995e-07	2.148724e-08	4.910947e+00	1.280251e+03
2.450000e-06	5.447354e-07	2.130229e-08	3.828232e+00	1.269531e+03
2.460000e-06	3.905167e-07	2.111046e-08	2.744430e+00	1.258917e+03
2.470000e-06	2.362136e-07	2.091247e-08	1.660036e+00	1.248109e+03
2.480000e-06	8.182328e-08	2.071023e-08	5.750287e-01	1.236698e+03
2.490000e-06	-7.262259e-08	2.049956e-08	-5.103690e-01	1.224339e+03
2.500000e-06	-2.270601e-07	2.027843e-08	-1.595708e+00	1.210894e+03
2.510000e-06	-3.814277e-07	2.004927e-08	-2.680556e+00	1.196494e+03
2.520000e-06	-5.356446e-07	1.981444e-08	-3.764344e+00	1.181490e+03
2.530000e-06	-6.895964e-07	1.956831e-08	-4.846270e+00	1.166287e+03
2.540000e-06	-8.432234e-07	1.930836e-08	-5.925913e+00	1.151152e+03
2.550000e-06	-9.965291e-07	1.903453e-08	-7.003298e+00	1.136057e+03
2.560000e-06	-1.149480e-06	1.875072e-08	-8.078193e+00	1.120638e+03
2.570000e-06	-1.301996e-06	1.845621e-08	-9.150027e+00	1.104298e+03
2.580000e-06	-1.454022e-06	1.814668e-08	-1.021842e+01	1.086406e+03
2.590000e-06	-1.605575e-06	1.782014e-08	-1.128349e+01	1.066529e+03
2.600000e-06	-1.756555e-06	1.747410e-08	-1.234452e+01	1.044559e+03
2.610000e-06	-1.906866e-06	1.710246e-08	-1.340087e+01	1.020688e+03
2.620000e-06	-2.056483e-06	1.669190e-08	-1.445233e+01	9.951888e+02
2.630000e-06	-2.205424e-06	1.623075e-08	-1.549904e+01	9.680756e+02
2.640000e-06	-2.353607e-06	1.571237e-08	-1.654042e+01	9.387452e+02
2.650000e-06	-2.500885e-06	1.512274e-08	-1.757545e+01	9.057520e+02
2.660000e-06	-2.647255e-06	1.443723e-08	-1.860409e+01	8.668145e+02
2.670000e-06	-2.792646e-06	1.362676e-08	-1.962585e+01	8.190912e+02
2.680000e-06	-2.937024e-06	1.266192e-08	-2.064050e+01	7.596678e+02
2.690000e-06	-3.080335e-06	1.150202e-08	-2.164764e+01	6.861285e+02
2.700000e-06	-3.222497e-06	1.009031e-08	-2.264671e+01	5.970492e+02
2.710000e-06	-3.363468e-06	8.369739e-09	-2.363741e+01	4.922793e+02
2.720000e-06	-3.503150e-06	6.318681e-09	-2.461905e+01	3.729468e+02
2.730000e-06	-3.641487e-06	4.015190e-09	-2.559124e+01	2.412153e+02
2.740000e-06	-3.778454e-06	1.603672e-09	-2.655380e+01	9.989559e+01
2.750000e-06	-3.914056e-06	-8.250653e-10	-2.750677e+01	-4.794929e+01
2.760000e-06	-4.048234e-06	-3.252484e-09	-2.844974e+01	-1.992853e+02
2.770000e-06	-4.180992e-06	-5.679857e-09	-2.938271e+01	-3.512182e+02
2.780000e-06	-4.312224e-06	-8.109021e-09	-3.030498e+01	-5.009566e+02
2.790000e-06	-4.441876e-06	-1.053764e-08	-3.121613e+01	-6.457152e+02
2.800000e-06	-4.570011e-06	-1.292758e-08	-3.211662e+01	-7.826701e+02
2.810000e-06	-4.696521e-06	-1.515675e-08	-3.300569e+01	-9.090517e+02
2.820000e-06	-4.821375e-06	-1.709761e-08	-3.388313e+01	-1.022395e+03
2.830000e-06	-4.944443e-06	-1.872243e-08	-3.474801e+01	-1.120890e+03
2.840000e-06	-5.065673e-06	-2.006622e-08	-3.559998e+01	-1.203716e+03
2.850000e-06	-5.185148e-06	-2.117039e-08	-3.643961e+01	-1.271235e+03
2.860000e-06	-5.302712e-06	-2.207608e-08	-3.726582e+01	-1.324945e+03
2.870000e-06	-5.418074e-06	-2.282172e-08	-3.807654e+01	-1.367195e+03
2.880000e-06	-5.531190e-06	-2.343265e-08	-3.887149e+01	-1.400713e+03
2.890000e-06	-5.642174e-06	-2.393295e-08	-3.965145e+01	-1.428083e+03
2.900000e-06	-5.751118e-06	-2.434738e-08	-4.041707e+01	-1.451331e+03
2.910000e-06	-5.858173e-06	-2.469263e-08	-4.116942e+01	-1.471708e+03
2.920000e-06	-5.963263e-06	-2.498052e-08	-4.190797e+01	-1.489729e+03
2.930000e-06	-6.066165e-06	-2.522177e-08	-4.263113e+01	-1.505406e+03
2.940000e-06	-6.166783e-06	-2.542827e-08	-4.333824e+01	-1.518583e+03
2.950000e-06	-6.265190e-06	-2.560769e-08	-4.402981e+01	-1.529233e+03
2.960000e-06	-6.361470e-06	-2.576432e-08	-4.470644e+01	-1.537627e+03
2.970000e-06	-6.455520e-06	-2.590171e-08	-4.536739e+01	-1.544320e+03
2.980000e-06	-6.547228e-06	-2.602262e-08	-4.601189e+01	-1.550005e+03
2.990000e-06	-6.636612e-06	-2.612738e-08	-4.664005e+01	-1.555302e+03
3.000000e-06	-6.723664e-06	-2.621643e-08	-4.725182e+01	-1.560578e+03
3.010000e-06	-6.808318e-06	-2.629324e-08	-4.784675e+01	-1.565879e+03
3.020000e-06	-6.890592e-06	-2.636360e-08	-4.842494e+01	-1.570988e+03
3.030000e-06	-6.970410e-06	-2.643148e-08	-4.898588e+01	-1.575581e+03
3.040000e-06	-7.047577e-06	-2.649635e-08	-4.952819e+01	-1.579404e+03
3.050000e-06	-7.122061e-06	-2.655641e-08	-5.005164e+01	-1.582399e+03
3.060000e-06	-7.193917e-06	-2.661124e-08	-5.055662e+01	-1.584739e+03
3.070000e-06	-7.263167e-06	-2.666092e-08	-5.104328e+01	-1.586748e+03
3.080000e-06	-7.329883e-06	-2.670398e-08	-5.151214e+01	-1.588766e+03
3.090000e-06	-7.394090e-06	-2.674144e-08	-5.196338e+01	-1.591012e+03
3.100000e-06	-7.455656e-06	-2.677601e-08	-5.239604e+01	-1.593500e+03
3.110000e-06	-7.514569e-06	-2.680996e-08	-5.281006e+01	-1.596058e+03
3.120000e-06	-7.570750e-06	-2.684248e-08	-5.320488e+01	-1.598416e+03
3.130000e-06	-7.624000e-06	-2.687337e-08	-5.357911e+01	-1.600332e+03
3.140000e-06	-7.674230e-06	-2.690164e-08	-5.393211e+01	-1.601706e+03
3.150000e-06	-7.721423e-06	-2.692752e-08	-5.426377e+01	-1.602618e+03
3.160000e-06	-7.765910e-06	-2.695123e-08	-5.457641e+01	-1.603289e+03
3.170000e-06	-7.807958e-06	-2.697162e-08	-5.487191e+01	-1.603983e+03
3.180000e-06	-7.847357e-06	-2.698869e-08	-5.514879e+01	-1.604891e+03
3.190000e-06	-7.883957e-06	-2.700429e-08	-5.540601e+01	-1.606056e+03
3.200000e-06	-7.917863e-06	-2.701960e-08	-5.564428e+01	-1.607361e+03
3.210000e-06	-7.948917e-06	-2.703491e-08	-5.586253e+01	-1.608588e+03
3.220000e-06	-7.976997e-06	-2.705099e-08	-5.605986e+01	-1.609521e+03
3.230000e-06	-8.002347e-06	-2.706698e-08	-5.623801e+01	-1.610041e+03
3.240000e-06	-8.024913e-06	-2.708017e-08	-5.639660e+01	-1.610175e+03
3.250000e-06	-8.044582e-06	-2.708905e-08	-5.653483e+01	-1.610081e+03
3.260000e-06	-8.061385e-06	-2.709427e-08	-5.665292e+01	-1.609972e+03
3.270000e-06	-8.075113e-06	-2.709749e-08	-5.674939e+01	-1.610024e+03
3.280000e-06	-8.085772e-06	-2.710169e-08	-5.682430e+01	-1.610296e+03
3.290000e-06	-8.093569e-06	-2.710573e-08	-5.687909e+01	-1.610710e+03
3.300000e-06	-8.098462e-06	-2.710983e-08	-5.691348e+01	-1.611092e+03
3.310000e-06	-8.100541e-06	-2.711250e-08	-5.692809e+01	-1.611252e+03
