# Temperatura_=_48.83
# Concentracion g/m^3_=_22500.0
# C_Vs_to_Am_M_A/Vsm_=_59384043850.047264
# pendiente_HvsI_1/m_=_3716.3
# ordenada_HvsI_A/m_=_1297.0
# frecuencia_Hz_=_301199.4338984346

Tiempo_(s)	Campo_(V.s)	Magnetizacion_(V.s)	Campo_(kA/m)	Magnetizacion_(A/m)
0.000000e+00	-5.350761e-06	-2.164879e-08	-3.823454e+01	-1.284067e+03
1.000000e-08	-5.349599e-06	-2.163439e-08	-3.822624e+01	-1.283799e+03
2.000000e-08	-5.346463e-06	-2.162661e-08	-3.820383e+01	-1.283463e+03
3.000000e-08	-5.341562e-06	-2.162339e-08	-3.816881e+01	-1.283046e+03
4.000000e-08	-5.334998e-06	-2.161355e-08	-3.812191e+01	-1.282479e+03
5.000000e-08	-5.326873e-06	-2.160004e-08	-3.806385e+01	-1.281661e+03
6.000000e-08	-5.316850e-06	-2.157872e-08	-3.799223e+01	-1.280494e+03
7.000000e-08	-5.304754e-06	-2.156043e-08	-3.790580e+01	-1.278916e+03
8.000000e-08	-5.290951e-06	-2.156291e-08	-3.780717e+01	-1.276935e+03
9.000000e-08	-5.274807e-06	-2.148592e-08	-3.769181e+01	-1.274627e+03
1.000000e-07	-5.256097e-06	-2.137254e-08	-3.755811e+01	-1.272123e+03
1.100000e-07	-5.235372e-06	-2.134781e-08	-3.741002e+01	-1.269566e+03
1.200000e-07	-5.212932e-06	-2.133877e-08	-3.724967e+01	-1.267068e+03
1.300000e-07	-5.189080e-06	-2.134189e-08	-3.707923e+01	-1.264673e+03
1.400000e-07	-5.164104e-06	-2.140612e-08	-3.690076e+01	-1.262344e+03
1.500000e-07	-5.137394e-06	-2.116726e-08	-3.670990e+01	-1.259979e+03
1.600000e-07	-5.108617e-06	-2.106868e-08	-3.650427e+01	-1.257442e+03
1.700000e-07	-5.078450e-06	-2.126013e-08	-3.628871e+01	-1.254610e+03
1.800000e-07	-5.046809e-06	-2.106138e-08	-3.606261e+01	-1.251412e+03
1.900000e-07	-5.012865e-06	-2.095245e-08	-3.582007e+01	-1.247843e+03
2.000000e-07	-4.977043e-06	-2.094125e-08	-3.556410e+01	-1.243963e+03
2.100000e-07	-4.939807e-06	-2.082682e-08	-3.529802e+01	-1.239865e+03
2.200000e-07	-4.900683e-06	-2.091316e-08	-3.501845e+01	-1.235636e+03
2.300000e-07	-4.860062e-06	-2.080851e-08	-3.472819e+01	-1.231327e+03
2.400000e-07	-4.817566e-06	-2.056152e-08	-3.442453e+01	-1.226935e+03
2.500000e-07	-4.772997e-06	-2.059255e-08	-3.410606e+01	-1.222411e+03
2.600000e-07	-4.726801e-06	-2.053785e-08	-3.377596e+01	-1.217678e+03
2.700000e-07	-4.678792e-06	-2.046588e-08	-3.343290e+01	-1.212672e+03
2.800000e-07	-4.628848e-06	-2.033430e-08	-3.307602e+01	-1.207363e+03
2.900000e-07	-4.576797e-06	-2.018758e-08	-3.270408e+01	-1.201768e+03
3.000000e-07	-4.522855e-06	-2.021938e-08	-3.231864e+01	-1.195942e+03
3.100000e-07	-4.467327e-06	-2.011253e-08	-3.192186e+01	-1.189955e+03
3.200000e-07	-4.410363e-06	-1.992546e-08	-3.151481e+01	-1.183864e+03
3.300000e-07	-4.351635e-06	-1.977849e-08	-3.109516e+01	-1.177688e+03
3.400000e-07	-4.291265e-06	-1.976391e-08	-3.066378e+01	-1.171403e+03
3.500000e-07	-4.229591e-06	-1.969101e-08	-3.022308e+01	-1.164950e+03
3.600000e-07	-4.166413e-06	-1.947661e-08	-2.977164e+01	-1.158264e+03
3.700000e-07	-4.101855e-06	-1.935002e-08	-2.931033e+01	-1.151292e+03
3.800000e-07	-4.035622e-06	-1.925041e-08	-2.883705e+01	-1.144021e+03
3.900000e-07	-3.967653e-06	-1.913291e-08	-2.835137e+01	-1.136472e+03
4.000000e-07	-3.898347e-06	-1.899472e-08	-2.785613e+01	-1.128698e+03
4.100000e-07	-3.827782e-06	-1.882090e-08	-2.735190e+01	-1.120753e+03
4.200000e-07	-3.755968e-06	-1.872612e-08	-2.683875e+01	-1.112672e+03
4.300000e-07	-3.682852e-06	-1.861525e-08	-2.631628e+01	-1.104457e+03
4.400000e-07	-3.608135e-06	-1.845030e-08	-2.578239e+01	-1.096076e+03
4.500000e-07	-3.531784e-06	-1.827233e-08	-2.523681e+01	-1.087478e+03
4.600000e-07	-3.454092e-06	-1.813543e-08	-2.468165e+01	-1.078616e+03
4.700000e-07	-3.374981e-06	-1.802796e-08	-2.411635e+01	-1.069465e+03
4.800000e-07	-3.294404e-06	-1.783916e-08	-2.354058e+01	-1.060035e+03
4.900000e-07	-3.212631e-06	-1.765607e-08	-2.295626e+01	-1.050363e+03
5.000000e-07	-3.129765e-06	-1.749437e-08	-2.236413e+01	-1.040500e+03
5.100000e-07	-3.045873e-06	-1.736218e-08	-2.176467e+01	-1.030488e+03
5.200000e-07	-2.961194e-06	-1.719318e-08	-2.115959e+01	-1.020341e+03
5.300000e-07	-2.875625e-06	-1.698353e-08	-2.054814e+01	-1.010039e+03
5.400000e-07	-2.789113e-06	-1.680917e-08	-1.992996e+01	-9.995347e+02
5.500000e-07	-2.701683e-06	-1.664953e-08	-1.930522e+01	-9.887732e+02
5.600000e-07	-2.613282e-06	-1.646746e-08	-1.867354e+01	-9.777128e+02
5.700000e-07	-2.523946e-06	-1.624406e-08	-1.803518e+01	-9.663416e+02
5.800000e-07	-2.433568e-06	-1.605146e-08	-1.738937e+01	-9.546811e+02
5.900000e-07	-2.342136e-06	-1.588186e-08	-1.673603e+01	-9.427771e+02
6.000000e-07	-2.249893e-06	-1.568368e-08	-1.607689e+01	-9.306801e+02
6.100000e-07	-2.156957e-06	-1.545316e-08	-1.541281e+01	-9.184246e+02
6.200000e-07	-2.063296e-06	-1.523502e-08	-1.474354e+01	-9.060146e+02
6.300000e-07	-1.968899e-06	-1.504483e-08	-1.406902e+01	-8.934217e+02
6.400000e-07	-1.873777e-06	-1.483319e-08	-1.338931e+01	-8.805960e+02
6.500000e-07	-1.778074e-06	-1.459398e-08	-1.270545e+01	-8.674849e+02
6.600000e-07	-1.681805e-06	-1.436080e-08	-1.201755e+01	-8.540525e+02
6.700000e-07	-1.584895e-06	-1.415016e-08	-1.132507e+01	-8.402916e+02
6.800000e-07	-1.487292e-06	-1.392230e-08	-1.062763e+01	-8.262233e+02
6.900000e-07	-1.388965e-06	-1.366635e-08	-9.925026e+00	-8.118852e+02
7.000000e-07	-1.289999e-06	-1.341347e-08	-9.217849e+00	-7.973128e+02
7.100000e-07	-1.190540e-06	-1.318003e-08	-8.507155e+00	-7.825225e+02
7.200000e-07	-1.090689e-06	-1.293838e-08	-7.793656e+00	-7.675014e+02
7.300000e-07	-9.904969e-07	-1.266991e-08	-7.077722e+00	-7.522097e+02
7.400000e-07	-8.899753e-07	-1.239790e-08	-6.359432e+00	-7.365932e+02
7.500000e-07	-7.891252e-07	-1.213596e-08	-5.638795e+00	-7.206004e+02
7.600000e-07	-6.880508e-07	-1.187083e-08	-4.916555e+00	-7.041982e+02
7.700000e-07	-5.868196e-07	-1.158227e-08	-4.193194e+00	-6.873785e+02
7.800000e-07	-4.854133e-07	-1.128614e-08	-3.468583e+00	-6.701540e+02
7.900000e-07	-3.838059e-07	-1.100031e-08	-2.742534e+00	-6.525446e+02
8.000000e-07	-2.820602e-07	-1.071422e-08	-2.015497e+00	-6.345592e+02
8.100000e-07	-1.801848e-07	-1.039890e-08	-1.287534e+00	-6.161802e+02
8.200000e-07	-7.823244e-08	-1.006456e-08	-5.590199e-01	-5.973555e+02
8.300000e-07	2.371724e-08	-9.737075e-09	1.694746e-01	-5.780010e+02
8.400000e-07	1.256295e-07	-9.410718e-09	8.977019e-01	-5.580116e+02
8.500000e-07	2.274936e-07	-9.066319e-09	1.625584e+00	-5.372768e+02
8.600000e-07	3.292975e-07	-8.698973e-09	2.353037e+00	-5.156953e+02
8.700000e-07	4.309809e-07	-8.328015e-09	3.079629e+00	-4.931841e+02
8.800000e-07	5.325029e-07	-7.946047e-09	3.805067e+00	-4.696801e+02
8.900000e-07	6.338538e-07	-7.533452e-09	4.529283e+00	-4.451350e+02
9.000000e-07	7.349767e-07	-7.087863e-09	5.251870e+00	-4.195055e+02
9.100000e-07	8.358669e-07	-6.630939e-09	5.972793e+00	-3.927418e+02
9.200000e-07	9.365382e-07	-6.167706e-09	6.692153e+00	-3.647766e+02
9.300000e-07	1.036956e-06	-5.677066e-09	7.409702e+00	-3.355148e+02
9.400000e-07	1.137088e-06	-5.155604e-09	8.125205e+00	-3.048254e+02
9.500000e-07	1.236777e-06	-4.612945e-09	8.837551e+00	-2.725353e+02
9.600000e-07	1.335879e-06	-4.047516e-09	9.545695e+00	-2.384261e+02
9.700000e-07	1.434437e-06	-3.436274e-09	1.024996e+01	-2.022393e+02
9.800000e-07	1.532420e-06	-2.771986e-09	1.095010e+01	-1.636918e+02
9.900000e-07	1.629762e-06	-2.069466e-09	1.164567e+01	-1.225042e+02
1.000000e-06	1.726466e-06	-1.334429e-09	1.233668e+01	-7.844214e+01
1.010000e-06	1.822477e-06	-5.471389e-10	1.302274e+01	-3.136592e+01
1.020000e-06	1.917859e-06	3.055290e-10	1.370431e+01	1.872184e+01
1.030000e-06	2.012633e-06	1.208148e-09	1.438153e+01	7.163944e+01
1.040000e-06	2.106724e-06	2.140805e-09	1.505387e+01	1.270114e+02
1.050000e-06	2.200128e-06	3.105647e-09	1.572130e+01	1.842811e+02
1.060000e-06	2.292897e-06	4.102521e-09	1.638419e+01	2.427516e+02
1.070000e-06	2.385005e-06	5.106900e-09	1.704236e+01	3.016464e+02
1.080000e-06	2.476199e-06	6.093064e-09	1.769400e+01	3.601808e+02
1.090000e-06	2.566265e-06	7.057553e-09	1.833757e+01	4.176286e+02
1.100000e-06	2.655355e-06	8.000863e-09	1.897417e+01	4.733742e+02
1.110000e-06	2.743482e-06	8.908524e-09	1.960390e+01	5.269419e+02
1.120000e-06	2.830601e-06	9.762385e-09	2.022642e+01	5.780028e+02
1.130000e-06	2.916798e-06	1.056701e-08	2.084235e+01	6.263615e+02
1.140000e-06	3.002038e-06	1.133692e-08	2.145144e+01	6.719325e+02
1.150000e-06	3.086426e-06	1.206499e-08	2.205445e+01	7.147122e+02
1.160000e-06	3.169826e-06	1.273709e-08	2.265039e+01	7.547537e+02
1.170000e-06	3.251989e-06	1.335955e-08	2.323750e+01	7.921487e+02
1.180000e-06	3.332958e-06	1.394679e-08	2.381608e+01	8.270140e+02
1.190000e-06	3.412792e-06	1.449902e-08	2.438654e+01	8.594835e+02
1.200000e-06	3.491382e-06	1.500752e-08	2.494811e+01	8.897022e+02
1.210000e-06	3.568696e-06	1.547550e-08	2.550057e+01	9.178209e+02
1.220000e-06	3.644791e-06	1.591564e-08	2.604432e+01	9.439903e+02
1.230000e-06	3.719387e-06	1.632764e-08	2.657735e+01	9.683574e+02
1.240000e-06	3.792392e-06	1.670875e-08	2.709902e+01	9.910615e+02
1.250000e-06	3.863965e-06	1.705856e-08	2.761045e+01	1.012233e+03
1.260000e-06	3.934195e-06	1.738988e-08	2.811229e+01	1.031995e+03
1.270000e-06	4.003202e-06	1.770630e-08	2.860539e+01	1.050461e+03
1.280000e-06	4.070894e-06	1.799904e-08	2.908909e+01	1.067734e+03
1.290000e-06	4.136969e-06	1.826668e-08	2.956124e+01	1.083909e+03
1.300000e-06	4.201436e-06	1.851809e-08	3.002189e+01	1.099068e+03
1.310000e-06	4.264496e-06	1.876099e-08	3.047250e+01	1.113281e+03
1.320000e-06	4.326109e-06	1.898721e-08	3.091277e+01	1.126605e+03
1.330000e-06	4.386430e-06	1.919092e-08	3.134380e+01	1.139094e+03
1.340000e-06	4.445185e-06	1.938431e-08	3.176363e+01	1.150795e+03
1.350000e-06	4.502072e-06	1.957515e-08	3.217013e+01	1.161762e+03
1.360000e-06	4.557362e-06	1.975523e-08	3.256521e+01	1.172049e+03
1.370000e-06	4.611083e-06	1.991503e-08	3.294908e+01	1.181714e+03
1.380000e-06	4.662972e-06	2.006336e-08	3.331986e+01	1.190810e+03
1.390000e-06	4.712832e-06	2.020703e-08	3.367614e+01	1.199377e+03
1.400000e-06	4.760815e-06	2.034200e-08	3.401901e+01	1.207442e+03
1.410000e-06	4.807119e-06	2.046436e-08	3.434988e+01	1.215016e+03
1.420000e-06	4.851949e-06	2.057693e-08	3.467022e+01	1.222100e+03
1.430000e-06	4.895058e-06	2.068888e-08	3.497826e+01	1.228697e+03
1.440000e-06	4.936188e-06	2.079428e-08	3.527216e+01	1.234819e+03
1.450000e-06	4.975595e-06	2.088790e-08	3.555374e+01	1.240495e+03
1.460000e-06	5.013323e-06	2.097125e-08	3.582334e+01	1.245770e+03
1.470000e-06	5.049472e-06	2.105198e-08	3.608165e+01	1.250696e+03
1.480000e-06	5.083677e-06	2.113113e-08	3.632606e+01	1.255319e+03
1.490000e-06	5.115916e-06	2.120209e-08	3.655643e+01	1.259669e+03
1.500000e-06	5.146578e-06	2.126763e-08	3.677553e+01	1.263749e+03
1.510000e-06	5.175654e-06	2.133207e-08	3.698329e+01	1.267542e+03
1.520000e-06	5.202858e-06	2.139271e-08	3.717769e+01	1.271021e+03
1.530000e-06	5.227951e-06	2.144528e-08	3.735699e+01	1.274164e+03
1.540000e-06	5.251210e-06	2.148888e-08	3.752319e+01	1.276969e+03
1.550000e-06	5.272724e-06	2.153079e-08	3.767692e+01	1.279459e+03
1.560000e-06	5.292531e-06	2.157216e-08	3.781846e+01	1.281676e+03
1.570000e-06	5.310457e-06	2.160819e-08	3.794655e+01	1.283672e+03
1.580000e-06	5.326313e-06	2.163805e-08	3.805985e+01	1.285481e+03
1.590000e-06	5.340237e-06	2.166387e-08	3.815934e+01	1.287113e+03
1.600000e-06	5.352229e-06	2.168867e-08	3.824504e+01	1.288547e+03
1.610000e-06	5.362030e-06	2.170681e-08	3.831507e+01	1.289736e+03
1.620000e-06	5.369756e-06	2.171616e-08	3.837027e+01	1.290635e+03
1.630000e-06	5.375650e-06	2.172400e-08	3.841239e+01	1.291218e+03
1.640000e-06	5.379884e-06	2.173247e-08	3.844264e+01	1.291496e+03
1.650000e-06	5.382133e-06	2.173522e-08	3.845872e+01	1.291519e+03
1.660000e-06	5.382313e-06	2.173114e-08	3.846000e+01	1.291362e+03
1.670000e-06	5.380879e-06	2.173001e-08	3.844975e+01	1.291096e+03
1.680000e-06	5.377916e-06	2.172361e-08	3.842858e+01	1.290761e+03
1.690000e-06	5.373246e-06	2.171804e-08	3.839521e+01	1.290346e+03
1.700000e-06	5.366637e-06	2.170486e-08	3.834799e+01	1.289785e+03
1.710000e-06	5.358240e-06	2.168466e-08	3.828799e+01	1.288977e+03
1.720000e-06	5.348195e-06	2.166573e-08	3.821621e+01	1.287822e+03
1.730000e-06	5.336401e-06	2.162482e-08	3.813194e+01	1.286258e+03
1.740000e-06	5.322582e-06	2.156981e-08	3.803319e+01	1.284289e+03
1.750000e-06	5.306787e-06	2.162934e-08	3.792032e+01	1.281989e+03
1.760000e-06	5.288792e-06	2.160657e-08	3.779174e+01	1.279489e+03
1.770000e-06	5.268056e-06	2.151517e-08	3.764357e+01	1.276930e+03
1.780000e-06	5.244980e-06	2.145171e-08	3.747867e+01	1.274428e+03
1.790000e-06	5.220566e-06	2.125445e-08	3.730422e+01	1.272028e+03
1.800000e-06	5.195401e-06	2.142723e-08	3.712440e+01	1.269697e+03
1.810000e-06	5.168882e-06	2.141512e-08	3.693490e+01	1.267334e+03
1.820000e-06	5.140083e-06	2.112223e-08	3.672912e+01	1.264804e+03
1.830000e-06	5.109526e-06	2.134682e-08	3.651077e+01	1.261983e+03
1.840000e-06	5.077286e-06	2.126668e-08	3.628039e+01	1.258797e+03
1.850000e-06	5.042977e-06	2.110944e-08	3.603523e+01	1.255239e+03
1.860000e-06	5.007345e-06	2.122147e-08	3.578062e+01	1.251368e+03
1.870000e-06	4.969802e-06	2.082876e-08	3.551235e+01	1.247274e+03
1.880000e-06	4.930221e-06	2.079437e-08	3.522952e+01	1.243048e+03
1.890000e-06	4.889174e-06	2.102610e-08	3.493621e+01	1.238740e+03
1.900000e-06	4.846360e-06	2.078035e-08	3.463028e+01	1.234351e+03
1.910000e-06	4.802135e-06	2.075712e-08	3.431426e+01	1.229831e+03
1.920000e-06	4.756061e-06	2.056463e-08	3.398504e+01	1.225106e+03
1.930000e-06	4.707775e-06	2.050288e-08	3.364000e+01	1.220109e+03
1.940000e-06	4.657991e-06	2.058938e-08	3.328427e+01	1.214810e+03
1.950000e-06	4.606546e-06	2.019794e-08	3.291666e+01	1.209222e+03
1.960000e-06	4.553107e-06	2.020915e-08	3.253480e+01	1.203402e+03
1.970000e-06	4.497807e-06	2.022841e-08	3.213965e+01	1.197419e+03
1.980000e-06	4.440746e-06	2.009783e-08	3.173191e+01	1.191329e+03
1.990000e-06	4.382257e-06	1.996333e-08	3.131398e+01	1.185155e+03
2.000000e-06	4.322373e-06	1.969764e-08	3.088607e+01	1.178874e+03
2.010000e-06	4.260835e-06	1.982679e-08	3.044634e+01	1.172427e+03
2.020000e-06	4.197563e-06	1.969303e-08	2.999422e+01	1.165749e+03
2.030000e-06	4.132792e-06	1.947497e-08	2.953139e+01	1.158787e+03
2.040000e-06	4.066670e-06	1.939614e-08	2.905891e+01	1.151524e+03
2.050000e-06	3.999115e-06	1.924556e-08	2.857619e+01	1.143984e+03
2.060000e-06	3.930138e-06	1.927710e-08	2.808330e+01	1.136216e+03
2.070000e-06	3.859528e-06	1.900075e-08	2.757875e+01	1.128275e+03
2.080000e-06	3.787486e-06	1.882859e-08	2.706396e+01	1.120197e+03
2.090000e-06	3.714204e-06	1.875732e-08	2.654032e+01	1.111985e+03
2.100000e-06	3.639449e-06	1.861361e-08	2.600614e+01	1.103610e+03
2.110000e-06	3.563269e-06	1.848752e-08	2.546179e+01	1.095019e+03
2.120000e-06	3.485460e-06	1.822909e-08	2.490580e+01	1.086166e+03
2.130000e-06	3.406254e-06	1.818032e-08	2.433982e+01	1.077024e+03
2.140000e-06	3.325958e-06	1.803829e-08	2.376606e+01	1.067602e+03
2.150000e-06	3.244549e-06	1.783445e-08	2.318433e+01	1.057937e+03
2.160000e-06	3.162103e-06	1.762330e-08	2.259521e+01	1.048079e+03
2.170000e-06	3.078603e-06	1.745489e-08	2.199855e+01	1.038071e+03
2.180000e-06	2.994077e-06	1.738111e-08	2.139456e+01	1.027927e+03
2.190000e-06	2.908248e-06	1.715444e-08	2.078126e+01	1.017630e+03
2.200000e-06	2.821159e-06	1.694610e-08	2.015895e+01	1.007133e+03
2.210000e-06	2.733172e-06	1.676735e-08	1.953023e+01	9.963799e+02
2.220000e-06	2.644359e-06	1.663617e-08	1.889560e+01	9.853294e+02
2.230000e-06	2.554742e-06	1.643413e-08	1.825523e+01	9.739678e+02
2.240000e-06	2.464293e-06	1.617370e-08	1.760892e+01	9.623156e+02
2.250000e-06	2.372992e-06	1.599854e-08	1.695652e+01	9.504181e+02
2.260000e-06	2.280854e-06	1.583425e-08	1.629813e+01	9.383260e+02
2.270000e-06	2.188002e-06	1.562928e-08	1.563465e+01	9.260746e+02
2.280000e-06	2.094273e-06	1.536517e-08	1.496489e+01	9.136692e+02
2.290000e-06	1.999526e-06	1.515594e-08	1.428787e+01	9.010824e+02
2.300000e-06	1.904067e-06	1.498709e-08	1.360575e+01	8.882647e+02
2.310000e-06	1.808055e-06	1.476681e-08	1.291969e+01	8.751633e+02
2.320000e-06	1.711502e-06	1.449872e-08	1.222976e+01	8.617414e+02
2.330000e-06	1.614392e-06	1.425997e-08	1.153585e+01	8.479908e+02
2.340000e-06	1.516712e-06	1.406238e-08	1.083786e+01	8.339316e+02
2.350000e-06	1.418496e-06	1.382773e-08	1.013604e+01	8.196011e+02
2.360000e-06	1.319833e-06	1.354732e-08	9.431033e+00	8.050355e+02
2.370000e-06	1.220754e-06	1.328518e-08	8.723051e+00	7.902517e+02
2.380000e-06	1.121279e-06	1.306505e-08	8.012239e+00	7.752381e+02
2.390000e-06	1.021416e-06	1.281894e-08	7.298655e+00	7.599557e+02
2.400000e-06	9.212324e-07	1.252673e-08	6.582783e+00	7.443505e+02
2.410000e-06	8.207938e-07	1.223842e-08	5.865087e+00	7.283706e+02
2.420000e-06	7.200637e-07	1.198886e-08	5.145307e+00	7.119820e+02
2.430000e-06	6.189877e-07	1.172325e-08	4.423055e+00	6.951758e+02
2.440000e-06	5.176600e-07	1.140903e-08	3.699006e+00	6.779641e+02
2.450000e-06	4.161810e-07	1.109335e-08	2.973874e+00	6.603669e+02
2.460000e-06	3.144736e-07	1.080977e-08	2.247111e+00	6.423938e+02
2.470000e-06	2.125430e-07	1.052385e-08	1.518753e+00	6.240283e+02
2.480000e-06	1.105566e-07	1.019013e-08	7.899961e-01	6.052196e+02
2.490000e-06	8.600356e-09	9.842192e-09	6.145494e-02	5.858844e+02
2.500000e-06	-9.337513e-08	9.515613e-09	-6.672238e-01	5.659183e+02
2.510000e-06	-1.953737e-07	9.187010e-09	-1.396067e+00	5.452107e+02
2.520000e-06	-2.971904e-07	8.813731e-09	-2.123612e+00	5.236597e+02
2.530000e-06	-3.987690e-07	8.412116e-09	-2.849455e+00	5.011817e+02
2.540000e-06	-5.002123e-07	8.025087e-09	-3.574331e+00	4.777128e+02
2.550000e-06	-6.013943e-07	7.632494e-09	-4.297340e+00	4.532044e+02
2.560000e-06	-7.022798e-07	7.194272e-09	-5.018229e+00	4.276131e+02
2.570000e-06	-8.028687e-07	6.720214e-09	-5.737001e+00	4.008897e+02
2.580000e-06	-9.031757e-07	6.251508e-09	-6.453757e+00	3.729675e+02
2.590000e-06	-1.003256e-06	5.782086e-09	-7.168893e+00	3.437528e+02
2.600000e-06	-1.102961e-06	5.267609e-09	-7.881350e+00	3.131159e+02
2.610000e-06	-1.202191e-06	4.711817e-09	-8.590412e+00	2.808851e+02
2.620000e-06	-1.300986e-06	4.141181e-09	-9.296359e+00	2.468438e+02
2.630000e-06	-1.399370e-06	3.552342e-09	-9.999377e+00	2.107348e+02
2.640000e-06	-1.497335e-06	2.910572e-09	-1.069940e+01	1.722753e+02
2.650000e-06	-1.594726e-06	2.203178e-09	-1.139532e+01	1.311851e+02
2.660000e-06	-1.691530e-06	1.459775e-09	-1.208704e+01	8.722761e+01
2.670000e-06	-1.787900e-06	6.836773e-10	-1.277566e+01	4.025870e+01
2.680000e-06	-1.883832e-06	-1.481791e-10	-1.346116e+01	-9.724766e+00
2.690000e-06	-1.979152e-06	-1.042274e-09	-1.414228e+01	-6.254788e+01
2.700000e-06	-2.073597e-06	-1.972249e-09	-1.481715e+01	-1.178420e+02
2.710000e-06	-2.167127e-06	-2.916986e-09	-1.548549e+01	-1.750566e+02
2.720000e-06	-2.259896e-06	-3.889404e-09	-1.614838e+01	-2.334985e+02
2.730000e-06	-2.351836e-06	-4.888828e-09	-1.680534e+01	-2.923931e+02
2.740000e-06	-2.442870e-06	-5.884811e-09	-1.745584e+01	-3.509547e+02
2.750000e-06	-2.533027e-06	-6.848532e-09	-1.810007e+01	-4.084540e+02
2.760000e-06	-2.622182e-06	-7.782929e-09	-1.873714e+01	-4.642706e+02
2.770000e-06	-2.710414e-06	-8.693624e-09	-1.936761e+01	-5.179240e+02
2.780000e-06	-2.797939e-06	-9.563597e-09	-1.999303e+01	-5.690797e+02
2.790000e-06	-2.884479e-06	-1.037377e-08	-2.061141e+01	-6.175383e+02
2.800000e-06	-2.969771e-06	-1.113375e-08	-2.122087e+01	-6.632106e+02
2.810000e-06	-3.053940e-06	-1.186080e-08	-2.182232e+01	-7.060905e+02
2.820000e-06	-3.136998e-06	-1.254633e-08	-2.241582e+01	-7.462298e+02
2.830000e-06	-3.219047e-06	-1.317848e-08	-2.300211e+01	-7.837187e+02
2.840000e-06	-3.300055e-06	-1.376313e-08	-2.358097e+01	-8.186733e+02
2.850000e-06	-3.379970e-06	-1.431833e-08	-2.415201e+01	-8.512272e+02
2.860000e-06	-3.458757e-06	-1.483887e-08	-2.471499e+01	-8.815250e+02
2.870000e-06	-3.536087e-06	-1.530997e-08	-2.526756e+01	-9.097173e+02
2.880000e-06	-3.611846e-06	-1.574095e-08	-2.580891e+01	-9.359551e+02
2.890000e-06	-3.686177e-06	-1.615045e-08	-2.634005e+01	-9.603854e+02
2.900000e-06	-3.759142e-06	-1.654013e-08	-2.686143e+01	-9.831478e+02
2.910000e-06	-3.830857e-06	-1.690108e-08	-2.737387e+01	-1.004374e+03
2.920000e-06	-3.901247e-06	-1.723510e-08	-2.787686e+01	-1.024185e+03
2.930000e-06	-3.970028e-06	-1.755170e-08	-2.836834e+01	-1.042696e+03
2.940000e-06	-4.037346e-06	-1.785222e-08	-2.884937e+01	-1.060012e+03
2.950000e-06	-4.103332e-06	-1.812735e-08	-2.932088e+01	-1.076226e+03
2.960000e-06	-4.167934e-06	-1.837534e-08	-2.978250e+01	-1.091421e+03
2.970000e-06	-4.231197e-06	-1.860920e-08	-3.023456e+01	-1.105668e+03
2.980000e-06	-4.292807e-06	-1.883545e-08	-3.067480e+01	-1.119024e+03
2.990000e-06	-4.352658e-06	-1.904781e-08	-3.110247e+01	-1.131543e+03
3.000000e-06	-4.411054e-06	-1.924442e-08	-3.151975e+01	-1.143273e+03
3.010000e-06	-4.467970e-06	-1.943245e-08	-3.192644e+01	-1.154266e+03
3.020000e-06	-4.523407e-06	-1.961157e-08	-3.232258e+01	-1.164578e+03
3.030000e-06	-4.577020e-06	-1.977588e-08	-3.270568e+01	-1.174266e+03
3.040000e-06	-4.628573e-06	-1.992464e-08	-3.307406e+01	-1.183382e+03
3.050000e-06	-4.678379e-06	-2.006644e-08	-3.342995e+01	-1.191969e+03
3.060000e-06	-4.726266e-06	-2.020389e-08	-3.377214e+01	-1.200053e+03
3.070000e-06	-4.772263e-06	-2.033275e-08	-3.410081e+01	-1.207646e+03
3.080000e-06	-4.816725e-06	-2.045083e-08	-3.441852e+01	-1.214748e+03
3.090000e-06	-4.859657e-06	-2.056967e-08	-3.472530e+01	-1.221364e+03
3.100000e-06	-4.901040e-06	-2.068395e-08	-3.502101e+01	-1.227503e+03
3.110000e-06	-4.940931e-06	-2.078396e-08	-3.530605e+01	-1.233196e+03
3.120000e-06	-4.979026e-06	-2.086855e-08	-3.557826e+01	-1.238485e+03
3.130000e-06	-5.015158e-06	-2.094536e-08	-3.583645e+01	-1.243425e+03
3.140000e-06	-5.049574e-06	-2.102383e-08	-3.608237e+01	-1.248060e+03
3.150000e-06	-5.082332e-06	-2.110097e-08	-3.631645e+01	-1.252420e+03
3.160000e-06	-5.113285e-06	-2.117203e-08	-3.653763e+01	-1.256511e+03
3.170000e-06	-5.142136e-06	-2.123662e-08	-3.674379e+01	-1.260316e+03
3.180000e-06	-5.169180e-06	-2.129847e-08	-3.693703e+01	-1.263808e+03
3.190000e-06	-5.194523e-06	-2.135653e-08	-3.711812e+01	-1.266965e+03
3.200000e-06	-5.218137e-06	-2.140313e-08	-3.728686e+01	-1.269783e+03
3.210000e-06	-5.239714e-06	-2.143878e-08	-3.744104e+01	-1.272284e+03
3.220000e-06	-5.259274e-06	-2.147205e-08	-3.758081e+01	-1.274512e+03
3.230000e-06	-5.277269e-06	-2.150554e-08	-3.770940e+01	-1.276516e+03
3.240000e-06	-5.293543e-06	-2.153869e-08	-3.782568e+01	-1.278333e+03
3.250000e-06	-5.307622e-06	-2.156640e-08	-3.792629e+01	-1.279973e+03
3.260000e-06	-5.319387e-06	-2.159152e-08	-3.801036e+01	-1.281415e+03
3.270000e-06	-5.329276e-06	-2.161295e-08	-3.808102e+01	-1.282615e+03
3.280000e-06	-5.337441e-06	-2.163069e-08	-3.813936e+01	-1.283527e+03
3.290000e-06	-5.343636e-06	-2.163954e-08	-3.818363e+01	-1.284122e+03
3.300000e-06	-5.347791e-06	-2.164265e-08	-3.821332e+01	-1.284412e+03
3.310000e-06	-5.350244e-06	-2.164621e-08	-3.823085e+01	-1.284444e+03
3.320000e-06	-5.350970e-06	-2.164822e-08	-3.823604e+01	-1.284293e+03
