# Temperatura_=_53.98
# Concentracion g/m^3_=_22500.0
# C_Vs_to_Am_M_A/Vsm_=_59384043850.047264
# pendiente_HvsI_1/m_=_3716.3
# ordenada_HvsI_A/m_=_1297.0
# frecuencia_Hz_=_301198.0706760471

Tiempo_(s)	Campo_(V.s)	Magnetizacion_(V.s)	Campo_(kA/m)	Magnetizacion_(A/m)
0.000000e+00	-5.375794e-06	-2.171213e-08	-3.823005e+01	-1.288597e+03
1.000000e-08	-5.374448e-06	-2.170290e-08	-3.822048e+01	-1.288307e+03
2.000000e-08	-5.371083e-06	-2.169317e-08	-3.819655e+01	-1.287863e+03
3.000000e-08	-5.366030e-06	-2.168538e-08	-3.816061e+01	-1.287298e+03
4.000000e-08	-5.359386e-06	-2.167302e-08	-3.811336e+01	-1.286617e+03
5.000000e-08	-5.351088e-06	-2.165643e-08	-3.805435e+01	-1.285789e+03
6.000000e-08	-5.340907e-06	-2.163654e-08	-3.798195e+01	-1.284762e+03
7.000000e-08	-5.328685e-06	-2.162095e-08	-3.789503e+01	-1.283476e+03
8.000000e-08	-5.314598e-06	-2.160490e-08	-3.779486e+01	-1.281891e+03
9.000000e-08	-5.298261e-06	-2.155625e-08	-3.767867e+01	-1.280004e+03
1.000000e-07	-5.279520e-06	-2.147970e-08	-3.754540e+01	-1.277855e+03
1.100000e-07	-5.258774e-06	-2.144895e-08	-3.739786e+01	-1.275513e+03
1.200000e-07	-5.236178e-06	-2.144345e-08	-3.723717e+01	-1.273060e+03
1.300000e-07	-5.212115e-06	-2.142394e-08	-3.706604e+01	-1.270558e+03
1.400000e-07	-5.186908e-06	-2.141563e-08	-3.688678e+01	-1.268030e+03
1.500000e-07	-5.160016e-06	-2.130448e-08	-3.669554e+01	-1.265452e+03
1.600000e-07	-5.131152e-06	-2.122146e-08	-3.649027e+01	-1.262761e+03
1.700000e-07	-5.100761e-06	-2.128089e-08	-3.627415e+01	-1.259876e+03
1.800000e-07	-5.068700e-06	-2.116948e-08	-3.604614e+01	-1.256729e+03
1.900000e-07	-5.034426e-06	-2.105049e-08	-3.580241e+01	-1.253284e+03
2.000000e-07	-4.998453e-06	-2.104846e-08	-3.554658e+01	-1.249552e+03
2.100000e-07	-4.961015e-06	-2.096868e-08	-3.528034e+01	-1.245576e+03
2.200000e-07	-4.921764e-06	-2.095216e-08	-3.500121e+01	-1.241417e+03
2.300000e-07	-4.880823e-06	-2.088282e-08	-3.471005e+01	-1.237129e+03
2.400000e-07	-4.837896e-06	-2.071235e-08	-3.440478e+01	-1.232733e+03
2.500000e-07	-4.793014e-06	-2.066459e-08	-3.408560e+01	-1.228214e+03
2.600000e-07	-4.746447e-06	-2.062215e-08	-3.375444e+01	-1.223525e+03
2.700000e-07	-4.698118e-06	-2.053147e-08	-3.341075e+01	-1.218610e+03
2.800000e-07	-4.647804e-06	-2.042542e-08	-3.305294e+01	-1.213422e+03
2.900000e-07	-4.595343e-06	-2.032283e-08	-3.267986e+01	-1.207946e+03
3.000000e-07	-4.541065e-06	-2.026305e-08	-3.229386e+01	-1.202199e+03
3.100000e-07	-4.485338e-06	-2.015419e-08	-3.189756e+01	-1.196226e+03
3.200000e-07	-4.428056e-06	-2.001567e-08	-3.149019e+01	-1.190079e+03
3.300000e-07	-4.368920e-06	-1.990055e-08	-3.106965e+01	-1.183797e+03
3.400000e-07	-4.308153e-06	-1.983002e-08	-3.063751e+01	-1.177389e+03
3.500000e-07	-4.246022e-06	-1.975467e-08	-3.019565e+01	-1.170837e+03
3.600000e-07	-4.182502e-06	-1.959945e-08	-2.974394e+01	-1.164098e+03
3.700000e-07	-4.117490e-06	-1.945884e-08	-2.928160e+01	-1.157129e+03
3.800000e-07	-4.050768e-06	-1.935689e-08	-2.880710e+01	-1.149901e+03
3.900000e-07	-3.982429e-06	-1.923881e-08	-2.832111e+01	-1.142410e+03
4.000000e-07	-3.912751e-06	-1.910385e-08	-2.782559e+01	-1.134678e+03
4.100000e-07	-3.841817e-06	-1.895098e-08	-2.732115e+01	-1.126740e+03
4.200000e-07	-3.769640e-06	-1.883667e-08	-2.680786e+01	-1.118629e+03
4.300000e-07	-3.695986e-06	-1.872014e-08	-2.628407e+01	-1.110358e+03
4.400000e-07	-3.620655e-06	-1.856630e-08	-2.574835e+01	-1.101917e+03
4.500000e-07	-3.543857e-06	-1.839575e-08	-2.520220e+01	-1.093273e+03
4.600000e-07	-3.465638e-06	-1.824621e-08	-2.464594e+01	-1.084386e+03
4.700000e-07	-3.385944e-06	-1.811473e-08	-2.407920e+01	-1.075227e+03
4.800000e-07	-3.305001e-06	-1.794521e-08	-2.350357e+01	-1.065789e+03
4.900000e-07	-3.222880e-06	-1.776890e-08	-2.291957e+01	-1.056092e+03
5.000000e-07	-3.139665e-06	-1.760884e-08	-2.232778e+01	-1.046176e+03
5.100000e-07	-3.055428e-06	-1.745962e-08	-2.172873e+01	-1.036083e+03
5.200000e-07	-2.970269e-06	-1.728716e-08	-2.112312e+01	-1.025839e+03
5.300000e-07	-2.884230e-06	-1.709345e-08	-2.051125e+01	-1.015445e+03
5.400000e-07	-2.797242e-06	-1.691275e-08	-1.989263e+01	-1.004873e+03
5.500000e-07	-2.709368e-06	-1.674318e-08	-1.926772e+01	-9.940761e+02
5.600000e-07	-2.620487e-06	-1.655573e-08	-1.863564e+01	-9.830085e+02
5.700000e-07	-2.530505e-06	-1.634865e-08	-1.799573e+01	-9.716406e+02
5.800000e-07	-2.439539e-06	-1.615330e-08	-1.734882e+01	-9.599707e+02
5.900000e-07	-2.347653e-06	-1.597117e-08	-1.669537e+01	-9.480244e+02
6.000000e-07	-2.254974e-06	-1.577397e-08	-1.603628e+01	-9.358432e+02
6.100000e-07	-2.161642e-06	-1.555440e-08	-1.537255e+01	-9.234665e+02
6.200000e-07	-2.067573e-06	-1.533742e-08	-1.470358e+01	-9.109154e+02
6.300000e-07	-1.972756e-06	-1.513118e-08	-1.402929e+01	-8.981833e+02
6.400000e-07	-1.877303e-06	-1.491530e-08	-1.335047e+01	-8.852377e+02
6.500000e-07	-1.781224e-06	-1.468235e-08	-1.266720e+01	-8.720327e+02
6.600000e-07	-1.684394e-06	-1.445201e-08	-1.197860e+01	-8.585261e+02
6.700000e-07	-1.586760e-06	-1.423242e-08	-1.128427e+01	-8.446941e+02
6.800000e-07	-1.488409e-06	-1.400338e-08	-1.058484e+01	-8.305385e+02
6.900000e-07	-1.389506e-06	-1.375379e-08	-9.881495e+00	-8.160825e+02
7.000000e-07	-1.290111e-06	-1.350000e-08	-9.174643e+00	-8.013578e+02
7.100000e-07	-1.190224e-06	-1.325397e-08	-8.464300e+00	-7.863881e+02
7.200000e-07	-1.089928e-06	-1.300167e-08	-7.751044e+00	-7.711757e+02
7.300000e-07	-9.892568e-07	-1.273609e-08	-7.035117e+00	-7.556968e+02
7.400000e-07	-8.882788e-07	-1.246622e-08	-6.317009e+00	-7.399073e+02
7.500000e-07	-7.870015e-07	-1.219955e-08	-5.596775e+00	-7.237558e+02
7.600000e-07	-6.854691e-07	-1.192881e-08	-4.874725e+00	-7.071996e+02
7.700000e-07	-5.837190e-07	-1.164158e-08	-4.151127e+00	-6.902151e+02
7.800000e-07	-4.817643e-07	-1.134371e-08	-3.426075e+00	-6.728003e+02
7.900000e-07	-3.796661e-07	-1.104774e-08	-2.700002e+00	-6.549661e+02
8.000000e-07	-2.774317e-07	-1.075051e-08	-1.972960e+00	-6.367203e+02
8.100000e-07	-1.750835e-07	-1.043527e-08	-1.245110e+00	-6.180512e+02
8.200000e-07	-7.263693e-08	-1.010348e-08	-5.165587e-01	-5.989147e+02
8.300000e-07	2.982494e-08	-9.768562e-09	2.121006e-01	-5.792320e+02
8.400000e-07	1.322179e-07	-9.431758e-09	9.402702e-01	-5.588962e+02
8.500000e-07	2.346087e-07	-9.080750e-09	1.668424e+00	-5.377881e+02
8.600000e-07	3.369614e-07	-8.709773e-09	2.396307e+00	-5.157933e+02
8.700000e-07	4.391284e-07	-8.325314e-09	3.122869e+00	-4.928162e+02
8.800000e-07	5.411169e-07	-7.926851e-09	3.848162e+00	-4.687869e+02
8.900000e-07	6.429418e-07	-7.505159e-09	4.572291e+00	-4.436572e+02
9.000000e-07	7.445419e-07	-7.054522e-09	5.294822e+00	-4.173902e+02
9.100000e-07	8.458787e-07	-6.586993e-09	6.015480e+00	-3.899427e+02
9.200000e-07	9.469355e-07	-6.107779e-09	6.734148e+00	-3.612480e+02
9.300000e-07	1.047660e-06	-5.604695e-09	7.450453e+00	-3.311997e+02
9.400000e-07	1.148051e-06	-5.071571e-09	8.164383e+00	-2.996415e+02
9.500000e-07	1.248044e-06	-4.510264e-09	8.875489e+00	-2.663625e+02
9.600000e-07	1.347620e-06	-3.916347e-09	9.583621e+00	-2.311023e+02
9.700000e-07	1.446737e-06	-3.280217e-09	1.028850e+01	-1.935649e+02
9.800000e-07	1.545233e-06	-2.595203e-09	1.098895e+01	-1.534441e+02
9.900000e-07	1.643084e-06	-1.862639e-09	1.168482e+01	-1.104599e+02
1.000000e-06	1.740227e-06	-1.085500e-09	1.237566e+01	-6.440465e+01
1.010000e-06	1.836620e-06	-2.566271e-10	1.306116e+01	-1.519103e+01
1.020000e-06	1.932381e-06	6.271950e-10	1.374216e+01	3.710321e+01
1.030000e-06	2.027493e-06	1.560710e-09	1.441855e+01	9.220613e+01
1.040000e-06	2.121940e-06	2.533518e-09	1.509021e+01	1.496456e+02
1.050000e-06	2.215713e-06	3.535514e-09	1.575708e+01	2.087716e+02
1.060000e-06	2.308784e-06	4.554136e-09	1.641895e+01	2.688061e+02
1.070000e-06	2.401187e-06	5.570655e-09	1.707608e+01	3.289125e+02
1.080000e-06	2.492889e-06	6.569572e-09	1.772822e+01	3.882726e+02
1.090000e-06	2.583596e-06	7.541572e-09	1.837329e+01	4.461567e+02
1.100000e-06	2.673081e-06	8.482772e-09	1.900966e+01	5.019743e+02
1.110000e-06	2.761487e-06	9.382070e-09	1.963836e+01	5.552979e+02
1.120000e-06	2.848927e-06	1.022973e-08	2.026019e+01	6.058608e+02
1.130000e-06	2.935468e-06	1.102723e-08	2.087563e+01	6.535331e+02
1.140000e-06	3.021096e-06	1.178055e-08	2.148457e+01	6.982874e+02
1.150000e-06	3.105754e-06	1.248923e-08	2.208662e+01	7.401645e+02
1.160000e-06	3.189414e-06	1.314896e-08	2.268157e+01	7.792465e+02
1.170000e-06	3.271882e-06	1.376016e-08	2.326804e+01	8.156409e+02
1.180000e-06	3.353141e-06	1.432725e-08	2.384592e+01	8.494745e+02
1.190000e-06	3.433247e-06	1.485463e-08	2.441559e+01	8.808919e+02
1.200000e-06	3.512146e-06	1.534215e-08	2.497668e+01	9.100548e+02
1.210000e-06	3.589803e-06	1.579537e-08	2.552895e+01	9.371365e+02
1.220000e-06	3.666153e-06	1.621853e-08	2.607191e+01	9.623128e+02
1.230000e-06	3.741068e-06	1.661578e-08	2.660467e+01	9.857515e+02
1.240000e-06	3.814338e-06	1.698513e-08	2.712573e+01	1.007603e+03
1.250000e-06	3.886115e-06	1.732609e-08	2.763617e+01	1.027994e+03
1.260000e-06	3.956560e-06	1.764362e-08	2.813714e+01	1.047034e+03
1.270000e-06	4.025743e-06	1.794244e-08	2.862914e+01	1.064815e+03
1.280000e-06	4.093665e-06	1.822167e-08	2.911217e+01	1.081425e+03
1.290000e-06	4.160016e-06	1.847982e-08	2.958402e+01	1.096950e+03
1.300000e-06	4.224674e-06	1.872208e-08	3.004384e+01	1.111478e+03
1.310000e-06	4.287840e-06	1.895298e-08	3.049304e+01	1.125094e+03
1.320000e-06	4.349608e-06	1.917096e-08	3.093231e+01	1.137873e+03
1.330000e-06	4.410061e-06	1.937225e-08	3.136222e+01	1.149879e+03
1.340000e-06	4.469016e-06	1.956119e-08	3.178148e+01	1.161162e+03
1.350000e-06	4.526192e-06	1.974136e-08	3.218809e+01	1.171757e+03
1.360000e-06	4.581654e-06	1.991166e-08	3.258251e+01	1.181697e+03
1.370000e-06	4.635521e-06	2.006699e-08	3.296558e+01	1.191012e+03
1.380000e-06	4.687564e-06	2.021023e-08	3.333569e+01	1.199741e+03
1.390000e-06	4.737541e-06	2.034639e-08	3.369110e+01	1.207925e+03
1.400000e-06	4.785640e-06	2.047452e-08	3.403316e+01	1.215607e+03
1.410000e-06	4.832053e-06	2.059552e-08	3.436323e+01	1.222824e+03
1.420000e-06	4.876982e-06	2.070855e-08	3.468274e+01	1.229604e+03
1.430000e-06	4.920224e-06	2.081514e-08	3.499026e+01	1.235960e+03
1.440000e-06	4.961507e-06	2.091528e-08	3.528384e+01	1.241900e+03
1.450000e-06	5.000986e-06	2.100698e-08	3.556460e+01	1.247430e+03
1.460000e-06	5.038813e-06	2.108993e-08	3.583360e+01	1.252563e+03
1.470000e-06	5.075001e-06	2.116745e-08	3.609096e+01	1.257324e+03
1.480000e-06	5.109271e-06	2.124173e-08	3.633466e+01	1.261744e+03
1.490000e-06	5.141637e-06	2.131236e-08	3.656484e+01	1.265860e+03
1.500000e-06	5.172323e-06	2.137988e-08	3.678306e+01	1.269701e+03
1.510000e-06	5.201403e-06	2.144186e-08	3.698986e+01	1.273282e+03
1.520000e-06	5.228623e-06	2.149766e-08	3.718344e+01	1.276601e+03
1.530000e-06	5.253713e-06	2.154648e-08	3.736187e+01	1.279644e+03
1.540000e-06	5.276955e-06	2.158915e-08	3.752715e+01	1.282394e+03
1.550000e-06	5.298522e-06	2.162911e-08	3.768053e+01	1.284845e+03
1.560000e-06	5.318351e-06	2.166785e-08	3.782154e+01	1.287004e+03
1.570000e-06	5.336247e-06	2.170296e-08	3.794881e+01	1.288897e+03
1.580000e-06	5.352163e-06	2.173236e-08	3.806200e+01	1.290560e+03
1.590000e-06	5.366184e-06	2.175734e-08	3.816171e+01	1.292026e+03
1.600000e-06	5.378188e-06	2.177965e-08	3.824708e+01	1.293314e+03
1.610000e-06	5.387986e-06	2.179683e-08	3.831675e+01	1.294420e+03
1.620000e-06	5.395687e-06	2.180692e-08	3.837152e+01	1.295323e+03
1.630000e-06	5.401549e-06	2.181464e-08	3.841321e+01	1.295992e+03
1.640000e-06	5.405705e-06	2.182310e-08	3.844276e+01	1.296404e+03
1.650000e-06	5.407932e-06	2.182833e-08	3.845860e+01	1.296553e+03
1.660000e-06	5.408129e-06	2.182764e-08	3.846000e+01	1.296461e+03
1.670000e-06	5.406558e-06	2.182490e-08	3.844883e+01	1.296170e+03
1.680000e-06	5.403410e-06	2.181975e-08	3.842644e+01	1.295725e+03
1.690000e-06	5.398507e-06	2.181034e-08	3.839157e+01	1.295159e+03
1.700000e-06	5.391625e-06	2.179506e-08	3.834263e+01	1.294477e+03
1.710000e-06	5.383034e-06	2.177724e-08	3.828154e+01	1.293648e+03
1.720000e-06	5.372852e-06	2.175770e-08	3.820912e+01	1.292619e+03
1.730000e-06	5.360893e-06	2.173121e-08	3.812408e+01	1.291331e+03
1.740000e-06	5.346966e-06	2.170299e-08	3.802504e+01	1.289746e+03
1.750000e-06	5.331009e-06	2.172846e-08	3.791156e+01	1.287858e+03
1.760000e-06	5.312805e-06	2.170634e-08	3.778210e+01	1.285707e+03
1.770000e-06	5.291923e-06	2.163339e-08	3.763360e+01	1.283364e+03
1.780000e-06	5.268694e-06	2.155776e-08	3.746840e+01	1.280910e+03
1.790000e-06	5.244099e-06	2.142549e-08	3.729350e+01	1.278406e+03
1.800000e-06	5.218650e-06	2.147683e-08	3.711251e+01	1.275877e+03
1.810000e-06	5.191764e-06	2.152062e-08	3.692132e+01	1.273298e+03
1.820000e-06	5.162667e-06	2.134592e-08	3.671439e+01	1.270606e+03
1.830000e-06	5.131796e-06	2.135455e-08	3.649485e+01	1.267719e+03
1.840000e-06	5.099274e-06	2.134238e-08	3.626358e+01	1.264571e+03
1.850000e-06	5.064843e-06	2.122297e-08	3.601871e+01	1.261126e+03
1.860000e-06	5.028922e-06	2.121358e-08	3.576326e+01	1.257392e+03
1.870000e-06	4.991116e-06	2.103642e-08	3.549441e+01	1.253414e+03
1.880000e-06	4.951403e-06	2.096472e-08	3.521199e+01	1.249255e+03
1.890000e-06	4.910051e-06	2.105968e-08	3.491791e+01	1.244966e+03
1.900000e-06	4.866882e-06	2.092622e-08	3.461091e+01	1.240568e+03
1.910000e-06	4.822210e-06	2.080286e-08	3.429323e+01	1.236048e+03
1.920000e-06	4.775710e-06	2.070962e-08	3.396254e+01	1.231358e+03
1.930000e-06	4.727185e-06	2.064552e-08	3.361746e+01	1.226441e+03
1.940000e-06	4.677090e-06	2.062664e-08	3.326120e+01	1.221252e+03
1.950000e-06	4.625221e-06	2.042536e-08	3.289234e+01	1.215775e+03
1.960000e-06	4.571341e-06	2.035473e-08	3.250917e+01	1.210027e+03
1.970000e-06	4.515583e-06	2.034023e-08	3.211264e+01	1.204053e+03
1.980000e-06	4.458166e-06	2.021327e-08	3.170432e+01	1.197905e+03
1.990000e-06	4.399349e-06	2.007576e-08	3.128605e+01	1.191621e+03
2.000000e-06	4.339003e-06	1.989380e-08	3.085689e+01	1.185212e+03
2.010000e-06	4.276941e-06	1.987051e-08	3.041554e+01	1.178658e+03
2.020000e-06	4.213247e-06	1.978084e-08	2.996258e+01	1.171918e+03
2.030000e-06	4.148092e-06	1.959455e-08	2.949923e+01	1.164949e+03
2.040000e-06	4.081603e-06	1.949028e-08	2.902639e+01	1.157719e+03
2.050000e-06	4.013657e-06	1.937190e-08	2.854319e+01	1.150227e+03
2.060000e-06	3.944127e-06	1.930065e-08	2.804873e+01	1.142494e+03
2.070000e-06	3.873060e-06	1.910571e-08	2.754333e+01	1.134555e+03
2.080000e-06	3.800627e-06	1.892067e-08	2.702822e+01	1.126442e+03
2.090000e-06	3.726897e-06	1.883185e-08	2.650389e+01	1.118170e+03
2.100000e-06	3.651765e-06	1.870338e-08	2.596959e+01	1.109728e+03
2.110000e-06	3.575132e-06	1.855620e-08	2.542461e+01	1.101082e+03
2.120000e-06	3.496898e-06	1.835508e-08	2.486825e+01	1.092194e+03
2.130000e-06	3.417344e-06	1.823855e-08	2.430250e+01	1.083034e+03
2.140000e-06	3.336646e-06	1.811096e-08	2.372862e+01	1.073595e+03
2.150000e-06	3.254860e-06	1.791713e-08	2.314699e+01	1.063897e+03
2.160000e-06	3.172076e-06	1.772825e-08	2.255827e+01	1.053980e+03
2.170000e-06	3.088248e-06	1.756037e-08	2.196213e+01	1.043885e+03
2.180000e-06	3.003240e-06	1.743509e-08	2.135759e+01	1.033640e+03
2.190000e-06	2.916905e-06	1.724008e-08	2.074362e+01	1.023245e+03
2.200000e-06	2.829447e-06	1.703090e-08	2.012166e+01	1.012671e+03
2.210000e-06	2.741055e-06	1.685816e-08	1.949306e+01	1.001873e+03
2.220000e-06	2.651776e-06	1.669998e-08	1.885815e+01	9.908047e+02
2.230000e-06	2.561708e-06	1.650779e-08	1.821763e+01	9.794356e+02
2.240000e-06	2.470904e-06	1.627341e-08	1.757188e+01	9.677645e+02
2.250000e-06	2.379274e-06	1.608278e-08	1.692025e+01	9.558169e+02
2.260000e-06	2.286676e-06	1.590349e-08	1.626173e+01	9.436344e+02
2.270000e-06	2.193180e-06	1.569365e-08	1.559684e+01	9.312566e+02
2.280000e-06	2.098878e-06	1.545193e-08	1.492621e+01	9.187043e+02
2.290000e-06	2.003755e-06	1.523343e-08	1.424974e+01	9.059709e+02
2.300000e-06	1.907874e-06	1.504492e-08	1.356788e+01	8.930241e+02
2.310000e-06	1.811352e-06	1.482365e-08	1.288146e+01	8.798179e+02
2.320000e-06	1.714286e-06	1.457228e-08	1.219117e+01	8.663101e+02
2.330000e-06	1.616663e-06	1.433432e-08	1.149693e+01	8.524768e+02
2.340000e-06	1.518496e-06	1.411983e-08	1.079881e+01	8.383200e+02
2.350000e-06	1.419860e-06	1.388041e-08	1.009736e+01	8.238628e+02
2.360000e-06	1.320877e-06	1.360946e-08	9.393438e+00	8.091369e+02
2.370000e-06	1.221516e-06	1.334790e-08	8.686828e+00	7.941660e+02
2.380000e-06	1.121698e-06	1.311048e-08	7.976974e+00	7.789523e+02
2.390000e-06	1.021459e-06	1.285904e-08	7.264122e+00	7.634722e+02
2.400000e-06	9.208109e-07	1.257543e-08	6.548362e+00	7.476815e+02
2.410000e-06	8.197509e-07	1.229434e-08	5.829672e+00	7.315288e+02
2.420000e-06	7.182661e-07	1.203068e-08	5.107961e+00	7.149713e+02
2.430000e-06	6.165158e-07	1.175479e-08	4.384363e+00	6.979857e+02
2.440000e-06	5.146092e-07	1.144519e-08	3.659652e+00	6.805697e+02
2.450000e-06	4.124692e-07	1.112997e-08	2.933282e+00	6.627342e+02
2.460000e-06	3.101505e-07	1.083187e-08	2.205641e+00	6.444872e+02
2.470000e-06	2.076993e-07	1.053144e-08	1.477057e+00	6.258168e+02
2.480000e-06	1.051435e-07	1.020260e-08	7.477298e-01	6.066792e+02
2.490000e-06	2.586154e-09	9.860362e-09	1.839148e-02	5.869952e+02
2.500000e-06	-9.998794e-08	9.525588e-09	-7.110659e-01	5.666582e+02
2.510000e-06	-2.024995e-07	9.181963e-09	-1.440079e+00	5.455489e+02
2.520000e-06	-3.048339e-07	8.804917e-09	-2.167832e+00	5.235529e+02
2.530000e-06	-4.069843e-07	8.400644e-09	-2.894276e+00	5.005746e+02
2.540000e-06	-5.089993e-07	7.997527e-09	-3.619757e+00	4.765440e+02
2.550000e-06	-6.109055e-07	7.586900e-09	-4.344465e+00	4.514132e+02
2.560000e-06	-7.124963e-07	7.142803e-09	-5.066929e+00	4.251449e+02
2.570000e-06	-8.136979e-07	6.668426e-09	-5.786627e+00	3.976962e+02
2.580000e-06	-9.145587e-07	6.186641e-09	-6.503900e+00	3.690002e+02
2.590000e-06	-1.014999e-06	5.695681e-09	-7.218184e+00	3.389508e+02
2.600000e-06	-1.114967e-06	5.166214e-09	-7.929110e+00	3.073913e+02
2.610000e-06	-1.214474e-06	4.597434e-09	-8.636750e+00	2.741111e+02
2.620000e-06	-1.313531e-06	4.005425e-09	-9.341194e+00	2.388497e+02
2.630000e-06	-1.412198e-06	3.385639e-09	-1.004287e+01	2.013111e+02
2.640000e-06	-1.510481e-06	2.715695e-09	-1.074181e+01	1.611890e+02
2.650000e-06	-1.608295e-06	1.985789e-09	-1.143742e+01	1.182037e+02
2.660000e-06	-1.705586e-06	1.210804e-09	-1.212930e+01	7.214717e+01
2.670000e-06	-1.802297e-06	3.938823e-10	-1.281707e+01	2.293233e+01
2.680000e-06	-1.898442e-06	-4.778484e-10	-1.350080e+01	-2.936314e+01
2.690000e-06	-1.993980e-06	-1.405162e-09	-1.418023e+01	-8.446727e+01
2.700000e-06	-2.088842e-06	-2.369806e-09	-1.485483e+01	-1.419079e+02
2.710000e-06	-2.182890e-06	-3.354127e-09	-1.552366e+01	-2.010352e+02
2.720000e-06	-2.276024e-06	-4.358149e-09	-1.618598e+01	-2.610709e+02
2.730000e-06	-2.368214e-06	-5.374782e-09	-1.684159e+01	-3.211785e+02
2.740000e-06	-2.459463e-06	-6.379732e-09	-1.749051e+01	-3.805398e+02
2.750000e-06	-2.549849e-06	-7.351012e-09	-1.813329e+01	-4.384252e+02
2.760000e-06	-2.639342e-06	-8.286804e-09	-1.876972e+01	-4.942440e+02
2.770000e-06	-2.727934e-06	-9.189577e-09	-1.939975e+01	-5.475688e+02
2.780000e-06	-2.815694e-06	-1.004663e-08	-2.002386e+01	-5.981330e+02
2.790000e-06	-2.902589e-06	-1.084740e-08	-2.064181e+01	-6.458064e+02
2.800000e-06	-2.988432e-06	-1.159625e-08	-2.125228e+01	-6.905619e+02
2.810000e-06	-3.073085e-06	-1.230353e-08	-2.185430e+01	-7.324403e+02
2.820000e-06	-3.156505e-06	-1.296724e-08	-2.244754e+01	-7.715235e+02
2.830000e-06	-3.238829e-06	-1.358102e-08	-2.303299e+01	-8.079191e+02
2.840000e-06	-3.320108e-06	-1.415016e-08	-2.361100e+01	-8.417539e+02
2.850000e-06	-3.400310e-06	-1.468495e-08	-2.418136e+01	-8.731726e+02
2.860000e-06	-3.479408e-06	-1.518300e-08	-2.474387e+01	-9.023367e+02
2.870000e-06	-3.557045e-06	-1.563806e-08	-2.529598e+01	-9.294196e+02
2.880000e-06	-3.633030e-06	-1.605695e-08	-2.583635e+01	-9.545971e+02
2.890000e-06	-3.707609e-06	-1.644977e-08	-2.636672e+01	-9.780370e+02
2.900000e-06	-3.780864e-06	-1.682214e-08	-2.688768e+01	-9.998893e+02
2.910000e-06	-3.852835e-06	-1.717055e-08	-2.739950e+01	-1.020282e+03
2.920000e-06	-3.923473e-06	-1.749367e-08	-2.790185e+01	-1.039323e+03
2.930000e-06	-3.992499e-06	-1.779732e-08	-2.839273e+01	-1.057105e+03
2.940000e-06	-4.059990e-06	-1.808094e-08	-2.887269e+01	-1.073716e+03
2.950000e-06	-4.126166e-06	-1.834107e-08	-2.934330e+01	-1.089243e+03
2.960000e-06	-4.190962e-06	-1.858143e-08	-2.980409e+01	-1.103772e+03
2.970000e-06	-4.254290e-06	-1.880868e-08	-3.025446e+01	-1.117389e+03
2.980000e-06	-4.316020e-06	-1.902584e-08	-3.069345e+01	-1.130169e+03
2.990000e-06	-4.376070e-06	-1.923069e-08	-3.112049e+01	-1.142177e+03
3.000000e-06	-4.434656e-06	-1.942160e-08	-3.153713e+01	-1.153461e+03
3.010000e-06	-4.491847e-06	-1.960118e-08	-3.194385e+01	-1.164058e+03
3.020000e-06	-4.547471e-06	-1.977027e-08	-3.233942e+01	-1.173998e+03
3.030000e-06	-4.601267e-06	-1.992671e-08	-3.272199e+01	-1.183315e+03
3.040000e-06	-4.653108e-06	-2.006881e-08	-3.309065e+01	-1.192045e+03
3.050000e-06	-4.703097e-06	-2.020401e-08	-3.344615e+01	-1.200230e+03
3.060000e-06	-4.751143e-06	-2.033605e-08	-3.378783e+01	-1.207913e+03
3.070000e-06	-4.797260e-06	-2.046092e-08	-3.411580e+01	-1.215132e+03
3.080000e-06	-4.841765e-06	-2.057580e-08	-3.443230e+01	-1.221912e+03
3.090000e-06	-4.884811e-06	-2.068694e-08	-3.473841e+01	-1.228270e+03
3.100000e-06	-4.926406e-06	-2.079186e-08	-3.503422e+01	-1.234211e+03
3.110000e-06	-4.966428e-06	-2.088629e-08	-3.531883e+01	-1.239742e+03
3.120000e-06	-5.004618e-06	-2.096890e-08	-3.559043e+01	-1.244877e+03
3.130000e-06	-5.040813e-06	-2.104428e-08	-3.584783e+01	-1.249638e+03
3.140000e-06	-5.075191e-06	-2.111979e-08	-3.609230e+01	-1.254060e+03
3.150000e-06	-5.107944e-06	-2.119184e-08	-3.632523e+01	-1.258178e+03
3.160000e-06	-5.138902e-06	-2.125673e-08	-3.654539e+01	-1.262020e+03
3.170000e-06	-5.167845e-06	-2.131724e-08	-3.675121e+01	-1.265602e+03
3.180000e-06	-5.194930e-06	-2.137602e-08	-3.694383e+01	-1.268922e+03
3.190000e-06	-5.220273e-06	-2.142871e-08	-3.712406e+01	-1.271966e+03
3.200000e-06	-5.243821e-06	-2.147244e-08	-3.729152e+01	-1.274718e+03
3.210000e-06	-5.265353e-06	-2.150868e-08	-3.744465e+01	-1.277169e+03
3.220000e-06	-5.284920e-06	-2.154456e-08	-3.758380e+01	-1.279330e+03
3.230000e-06	-5.302848e-06	-2.157998e-08	-3.771129e+01	-1.281224e+03
3.240000e-06	-5.319074e-06	-2.160986e-08	-3.782668e+01	-1.282889e+03
3.250000e-06	-5.333179e-06	-2.163378e-08	-3.792699e+01	-1.284356e+03
3.260000e-06	-5.345041e-06	-2.165560e-08	-3.801135e+01	-1.285645e+03
3.270000e-06	-5.354964e-06	-2.167584e-08	-3.808192e+01	-1.286752e+03
3.280000e-06	-5.363089e-06	-2.169121e-08	-3.813970e+01	-1.287656e+03
3.290000e-06	-5.369188e-06	-2.169990e-08	-3.818307e+01	-1.288327e+03
3.300000e-06	-5.373238e-06	-2.170590e-08	-3.821187e+01	-1.288739e+03
3.310000e-06	-5.375554e-06	-2.171148e-08	-3.822834e+01	-1.288890e+03
3.320000e-06	-5.376125e-06	-2.171359e-08	-3.823240e+01	-1.288799e+03
