# Temperatura_=_67.8
# Concentracion g/m^3_=_22500.0
# C_Vs_to_Am_M_A/Vsm_=_59384043850.047264
# pendiente_HvsI_1/m_=_3716.3
# ordenada_HvsI_A/m_=_1297.0
# frecuencia_Hz_=_301192.2554820925

Tiempo_(s)	Campo_(V.s)	Magnetizacion_(V.s)	Campo_(kA/m)	Magnetizacion_(A/m)
0.000000e+00	-5.347057e-06	-2.193907e-08	-3.822624e+01	-1.301168e+03
1.000000e-08	-5.345682e-06	-2.192397e-08	-3.821640e+01	-1.300852e+03
2.000000e-08	-5.342295e-06	-2.191567e-08	-3.819219e+01	-1.300437e+03
3.000000e-08	-5.337073e-06	-2.191067e-08	-3.815486e+01	-1.299918e+03
4.000000e-08	-5.330266e-06	-2.189903e-08	-3.810619e+01	-1.299254e+03
5.000000e-08	-5.321990e-06	-2.188257e-08	-3.804703e+01	-1.298372e+03
6.000000e-08	-5.311825e-06	-2.186275e-08	-3.797436e+01	-1.297200e+03
7.000000e-08	-5.299546e-06	-2.184933e-08	-3.788657e+01	-1.295690e+03
8.000000e-08	-5.285446e-06	-2.183882e-08	-3.778577e+01	-1.293848e+03
9.000000e-08	-5.269034e-06	-2.176055e-08	-3.766845e+01	-1.291729e+03
1.000000e-07	-5.250138e-06	-2.167023e-08	-3.753336e+01	-1.289434e+03
1.100000e-07	-5.229302e-06	-2.165675e-08	-3.738440e+01	-1.287070e+03
1.200000e-07	-5.206734e-06	-2.165012e-08	-3.722306e+01	-1.284720e+03
1.300000e-07	-5.182744e-06	-2.165782e-08	-3.705156e+01	-1.282414e+03
1.400000e-07	-5.157599e-06	-2.165485e-08	-3.687180e+01	-1.280114e+03
1.500000e-07	-5.130661e-06	-2.146130e-08	-3.667922e+01	-1.277732e+03
1.600000e-07	-5.101686e-06	-2.143127e-08	-3.647207e+01	-1.275151e+03
1.700000e-07	-5.071369e-06	-2.151701e-08	-3.625533e+01	-1.272271e+03
1.800000e-07	-5.039464e-06	-2.133033e-08	-3.602724e+01	-1.269035e+03
1.900000e-07	-5.005301e-06	-2.126121e-08	-3.578301e+01	-1.265447e+03
2.000000e-07	-4.969391e-06	-2.122762e-08	-3.552629e+01	-1.261565e+03
2.100000e-07	-4.931991e-06	-2.114799e-08	-3.525892e+01	-1.257473e+03
2.200000e-07	-4.892769e-06	-2.119882e-08	-3.497852e+01	-1.253251e+03
2.300000e-07	-4.851991e-06	-2.106400e-08	-3.468700e+01	-1.248945e+03
2.400000e-07	-4.809242e-06	-2.087438e-08	-3.438138e+01	-1.244547e+03
2.500000e-07	-4.764450e-06	-2.088382e-08	-3.406117e+01	-1.240006e+03
2.600000e-07	-4.717951e-06	-2.082131e-08	-3.372874e+01	-1.235248e+03
2.700000e-07	-4.669712e-06	-2.073381e-08	-3.338388e+01	-1.230207e+03
2.800000e-07	-4.619589e-06	-2.061126e-08	-3.302555e+01	-1.224850e+03
2.900000e-07	-4.567269e-06	-2.049915e-08	-3.265151e+01	-1.219189e+03
3.000000e-07	-4.513096e-06	-2.047702e-08	-3.226423e+01	-1.213277e+03
3.100000e-07	-4.457407e-06	-2.035174e-08	-3.186610e+01	-1.207181e+03
3.200000e-07	-4.400263e-06	-2.017769e-08	-3.145759e+01	-1.200956e+03
3.300000e-07	-4.341332e-06	-2.004901e-08	-3.103628e+01	-1.194623e+03
3.400000e-07	-4.280684e-06	-2.002224e-08	-3.060271e+01	-1.188161e+03
3.500000e-07	-4.218759e-06	-1.993169e-08	-3.016000e+01	-1.181515e+03
3.600000e-07	-4.155438e-06	-1.974093e-08	-2.970732e+01	-1.174618e+03
3.700000e-07	-4.090699e-06	-1.962466e-08	-2.924451e+01	-1.167420e+03
3.800000e-07	-4.024262e-06	-1.952291e-08	-2.876954e+01	-1.159906e+03
3.900000e-07	-3.956160e-06	-1.939572e-08	-2.828268e+01	-1.152099e+03
4.000000e-07	-3.886770e-06	-1.923954e-08	-2.778661e+01	-1.144056e+03
4.100000e-07	-3.816099e-06	-1.907389e-08	-2.728138e+01	-1.135836e+03
4.200000e-07	-3.744192e-06	-1.897008e-08	-2.676732e+01	-1.127481e+03
4.300000e-07	-3.670962e-06	-1.885190e-08	-2.624379e+01	-1.118996e+03
4.400000e-07	-3.596111e-06	-1.868812e-08	-2.570868e+01	-1.110349e+03
4.500000e-07	-3.519645e-06	-1.851544e-08	-2.516203e+01	-1.101483e+03
4.600000e-07	-3.441818e-06	-1.838006e-08	-2.460564e+01	-1.092340e+03
4.700000e-07	-3.362633e-06	-1.824793e-08	-2.403954e+01	-1.082882e+03
4.800000e-07	-3.282012e-06	-1.805517e-08	-2.346318e+01	-1.073110e+03
4.900000e-07	-3.200116e-06	-1.786829e-08	-2.287770e+01	-1.063062e+03
5.000000e-07	-3.117154e-06	-1.770213e-08	-2.228461e+01	-1.052795e+03
5.100000e-07	-3.033190e-06	-1.755508e-08	-2.168435e+01	-1.042363e+03
5.200000e-07	-2.948428e-06	-1.737763e-08	-2.107838e+01	-1.031796e+03
5.300000e-07	-2.862783e-06	-1.717367e-08	-2.046611e+01	-1.021085e+03
5.400000e-07	-2.776166e-06	-1.699664e-08	-1.984688e+01	-1.010188e+03
5.500000e-07	-2.688651e-06	-1.682593e-08	-1.922123e+01	-9.990422e+02
5.600000e-07	-2.600241e-06	-1.663028e-08	-1.858919e+01	-9.875931e+02
5.700000e-07	-2.510839e-06	-1.640801e-08	-1.795005e+01	-9.758125e+02
5.800000e-07	-2.420283e-06	-1.620981e-08	-1.730266e+01	-9.637095e+02
5.900000e-07	-2.328660e-06	-1.602394e-08	-1.664764e+01	-9.513257e+02
6.000000e-07	-2.236287e-06	-1.581440e-08	-1.598727e+01	-9.387174e+02
6.100000e-07	-2.143327e-06	-1.558342e-08	-1.532270e+01	-9.259322e+02
6.200000e-07	-2.049604e-06	-1.536212e-08	-1.465267e+01	-9.129886e+02
6.300000e-07	-1.955117e-06	-1.515895e-08	-1.397718e+01	-8.998680e+02
6.400000e-07	-1.859990e-06	-1.493583e-08	-1.329711e+01	-8.865207e+02
6.500000e-07	-1.764247e-06	-1.469042e-08	-1.261264e+01	-8.728838e+02
6.600000e-07	-1.667936e-06	-1.445072e-08	-1.192411e+01	-8.589044e+02
6.700000e-07	-1.571028e-06	-1.422478e-08	-1.123132e+01	-8.445578e+02
6.800000e-07	-1.473441e-06	-1.398376e-08	-1.053366e+01	-8.298545e+02
6.900000e-07	-1.375131e-06	-1.372060e-08	-9.830840e+00	-8.148329e+02
7.000000e-07	-1.276209e-06	-1.345944e-08	-9.123650e+00	-7.995413e+02
7.100000e-07	-1.176736e-06	-1.320912e-08	-8.412510e+00	-7.840159e+02
7.200000e-07	-1.076842e-06	-1.295000e-08	-7.698369e+00	-7.682635e+02
7.300000e-07	-9.766456e-07	-1.267207e-08	-6.982062e+00	-7.522559e+02
7.400000e-07	-8.761226e-07	-1.239162e-08	-6.263421e+00	-7.359372e+02
7.500000e-07	-7.753531e-07	-1.211814e-08	-5.543017e+00	-7.192411e+02
7.600000e-07	-6.743520e-07	-1.183759e-08	-4.820958e+00	-7.021107e+02
7.700000e-07	-5.731621e-07	-1.153630e-08	-4.097549e+00	-6.845135e+02
7.800000e-07	-4.717688e-07	-1.122744e-08	-3.372686e+00	-6.664445e+02
7.900000e-07	-3.702016e-07	-1.092411e-08	-2.646580e+00	-6.479167e+02
8.000000e-07	-2.685582e-07	-1.061585e-08	-1.919929e+00	-6.289426e+02
8.100000e-07	-1.668100e-07	-1.028329e-08	-1.192529e+00	-6.095124e+02
8.200000e-07	-6.494368e-08	-9.935594e-09	-4.642839e-01	-5.895784e+02
8.300000e-07	3.695478e-08	-9.590314e-09	2.641906e-01	-5.690499e+02
8.400000e-07	1.388383e-07	-9.241359e-09	9.925580e-01	-5.478020e+02
8.500000e-07	2.406879e-07	-8.871037e-09	1.720683e+00	-5.256939e+02
8.600000e-07	3.424425e-07	-8.478126e-09	2.448130e+00	-5.025916e+02
8.700000e-07	4.440893e-07	-8.076543e-09	3.174805e+00	-4.783869e+02
8.800000e-07	5.455702e-07	-7.659470e-09	3.900294e+00	-4.530064e+02
8.900000e-07	6.468484e-07	-7.211313e-09	4.624334e+00	-4.264063e+02
9.000000e-07	7.478586e-07	-6.732034e-09	5.346459e+00	-3.985553e+02
9.100000e-07	8.486527e-07	-6.238029e-09	6.067038e+00	-3.694085e+02
9.200000e-07	9.492836e-07	-5.730493e-09	6.786450e+00	-3.388787e+02
9.300000e-07	1.049639e-06	-5.189918e-09	7.503893e+00	-3.068135e+02
9.400000e-07	1.149638e-06	-4.614651e-09	8.218791e+00	-2.729835e+02
9.500000e-07	1.249221e-06	-4.010636e-09	8.930713e+00	-2.370857e+02
9.600000e-07	1.348265e-06	-3.370385e-09	9.638779e+00	-1.987651e+02
9.700000e-07	1.446664e-06	-2.675854e-09	1.034223e+01	-1.576519e+02
9.800000e-07	1.544385e-06	-1.919633e-09	1.104085e+01	-1.134126e+02
9.900000e-07	1.641493e-06	-1.112484e-09	1.173507e+01	-6.580757e+01
1.000000e-06	1.738061e-06	-2.551891e-10	1.242544e+01	-1.474687e+01
1.010000e-06	1.834040e-06	6.626842e-10	1.311159e+01	3.966344e+01
1.020000e-06	1.929306e-06	1.639953e-09	1.379265e+01	9.709532e+01
1.030000e-06	2.023895e-06	2.658344e-09	1.446888e+01	1.569990e+02
1.040000e-06	2.117834e-06	3.695610e-09	1.514045e+01	2.186327e+02
1.050000e-06	2.211106e-06	4.747986e-09	1.580725e+01	2.811201e+02
1.060000e-06	2.303801e-06	5.807261e-09	1.646992e+01	3.435265e+02
1.070000e-06	2.395812e-06	6.848910e-09	1.712772e+01	4.049432e+02
1.080000e-06	2.486823e-06	7.851632e-09	1.777835e+01	4.645646e+02
1.090000e-06	2.576697e-06	8.812608e-09	1.842087e+01	5.217465e+02
1.100000e-06	2.665568e-06	9.729516e-09	1.905621e+01	5.760368e+02
1.110000e-06	2.753490e-06	1.059308e-08	1.968477e+01	6.271760e+02
1.120000e-06	2.840518e-06	1.139398e-08	2.030693e+01	6.750727e+02
1.130000e-06	2.926629e-06	1.213982e-08	2.092254e+01	7.197632e+02
1.140000e-06	3.011774e-06	1.284193e-08	2.153124e+01	7.613649e+02
1.150000e-06	3.096036e-06	1.349614e-08	2.213363e+01	8.000362e+02
1.160000e-06	3.179243e-06	1.409847e-08	2.272848e+01	8.359474e+02
1.170000e-06	3.261206e-06	1.465630e-08	2.331444e+01	8.692661e+02
1.180000e-06	3.342002e-06	1.517686e-08	2.389205e+01	9.001540e+02
1.190000e-06	3.421609e-06	1.565903e-08	2.446117e+01	9.287698e+02
1.200000e-06	3.499978e-06	1.610279e-08	2.502142e+01	9.552750e+02
1.210000e-06	3.577149e-06	1.651248e-08	2.557312e+01	9.798350e+02
1.220000e-06	3.653030e-06	1.689552e-08	2.611559e+01	1.002618e+03
1.230000e-06	3.727339e-06	1.725356e-08	2.664683e+01	1.023787e+03
1.240000e-06	3.800062e-06	1.758491e-08	2.716673e+01	1.043497e+03
1.250000e-06	3.871441e-06	1.789074e-08	2.767702e+01	1.061887e+03
1.260000e-06	3.941459e-06	1.817884e-08	2.817758e+01	1.079076e+03
1.270000e-06	4.010203e-06	1.844966e-08	2.866904e+01	1.095165e+03
1.280000e-06	4.077587e-06	1.870227e-08	2.915076e+01	1.110241e+03
1.290000e-06	4.143309e-06	1.893735e-08	2.962061e+01	1.124376e+03
1.300000e-06	4.207494e-06	1.916082e-08	3.007947e+01	1.137636e+03
1.310000e-06	4.270277e-06	1.937532e-08	3.052831e+01	1.150079e+03
1.320000e-06	4.331694e-06	1.957467e-08	3.096738e+01	1.161757e+03
1.330000e-06	4.391818e-06	1.975583e-08	3.139721e+01	1.172724e+03
1.340000e-06	4.450310e-06	1.992546e-08	3.181537e+01	1.183028e+03
1.350000e-06	4.507008e-06	2.008764e-08	3.222070e+01	1.192716e+03
1.360000e-06	4.562163e-06	2.023964e-08	3.261501e+01	1.201836e+03
1.370000e-06	4.615697e-06	2.038008e-08	3.299773e+01	1.210428e+03
1.380000e-06	4.667220e-06	2.051449e-08	3.336606e+01	1.218528e+03
1.390000e-06	4.716741e-06	2.064393e-08	3.372009e+01	1.226162e+03
1.400000e-06	4.764530e-06	2.076547e-08	3.406174e+01	1.233345e+03
1.410000e-06	4.810637e-06	2.087728e-08	3.439135e+01	1.240087e+03
1.420000e-06	4.855260e-06	2.098010e-08	3.471036e+01	1.246390e+03
1.430000e-06	4.898141e-06	2.107863e-08	3.501693e+01	1.252265e+03
1.440000e-06	4.939017e-06	2.116869e-08	3.530915e+01	1.257730e+03
1.450000e-06	4.978213e-06	2.124927e-08	3.558936e+01	1.262816e+03
1.460000e-06	5.015824e-06	2.132490e-08	3.585824e+01	1.267564e+03
1.470000e-06	5.051757e-06	2.139981e-08	3.611513e+01	1.272017e+03
1.480000e-06	5.085752e-06	2.147378e-08	3.635816e+01	1.276209e+03
1.490000e-06	5.117811e-06	2.154247e-08	3.658735e+01	1.280158e+03
1.500000e-06	5.148213e-06	2.160604e-08	3.680470e+01	1.283864e+03
1.510000e-06	5.177027e-06	2.166531e-08	3.701069e+01	1.287304e+03
1.520000e-06	5.203891e-06	2.171727e-08	3.720273e+01	1.290453e+03
1.530000e-06	5.228609e-06	2.175873e-08	3.737945e+01	1.293288e+03
1.540000e-06	5.251559e-06	2.179533e-08	3.754352e+01	1.295807e+03
1.550000e-06	5.272857e-06	2.183496e-08	3.769578e+01	1.298031e+03
1.560000e-06	5.292430e-06	2.187407e-08	3.783570e+01	1.299999e+03
1.570000e-06	5.310063e-06	2.190691e-08	3.796177e+01	1.301758e+03
1.580000e-06	5.325700e-06	2.193368e-08	3.807356e+01	1.303346e+03
1.590000e-06	5.339454e-06	2.195795e-08	3.817188e+01	1.304779e+03
1.600000e-06	5.351142e-06	2.197991e-08	3.825544e+01	1.306044e+03
1.610000e-06	5.360611e-06	2.199341e-08	3.832313e+01	1.307105e+03
1.620000e-06	5.368099e-06	2.199932e-08	3.837666e+01	1.307922e+03
1.630000e-06	5.373806e-06	2.200547e-08	3.841746e+01	1.308464e+03
1.640000e-06	5.377789e-06	2.201332e-08	3.844594e+01	1.308730e+03
1.650000e-06	5.379756e-06	2.201582e-08	3.846000e+01	1.308748e+03
1.660000e-06	5.379693e-06	2.201174e-08	3.845955e+01	1.308573e+03
1.670000e-06	5.377983e-06	2.201073e-08	3.844733e+01	1.308261e+03
1.680000e-06	5.374732e-06	2.200538e-08	3.842408e+01	1.307847e+03
1.690000e-06	5.369709e-06	2.199589e-08	3.838817e+01	1.307331e+03
1.700000e-06	5.362757e-06	2.197889e-08	3.833847e+01	1.306672e+03
1.710000e-06	5.354107e-06	2.195847e-08	3.827664e+01	1.305798e+03
1.720000e-06	5.343855e-06	2.193768e-08	3.820335e+01	1.304635e+03
1.730000e-06	5.331854e-06	2.189724e-08	3.811755e+01	1.303137e+03
1.740000e-06	5.317777e-06	2.186689e-08	3.801691e+01	1.301304e+03
1.750000e-06	5.301660e-06	2.191455e-08	3.790169e+01	1.299192e+03
1.760000e-06	5.283305e-06	2.188773e-08	3.777047e+01	1.296900e+03
1.770000e-06	5.262240e-06	2.180731e-08	3.761988e+01	1.294535e+03
1.780000e-06	5.239021e-06	2.171117e-08	3.745388e+01	1.292183e+03
1.790000e-06	5.214553e-06	2.157640e-08	3.727896e+01	1.289874e+03
1.800000e-06	5.189222e-06	2.171869e-08	3.709787e+01	1.287574e+03
1.810000e-06	5.162401e-06	2.168972e-08	3.690613e+01	1.285194e+03
1.820000e-06	5.133369e-06	2.148914e-08	3.669857e+01	1.282621e+03
1.830000e-06	5.102607e-06	2.162188e-08	3.647866e+01	1.279752e+03
1.840000e-06	5.070126e-06	2.154105e-08	3.624645e+01	1.276528e+03
1.850000e-06	5.035674e-06	2.143784e-08	3.600015e+01	1.272950e+03
1.860000e-06	4.999849e-06	2.146435e-08	3.574404e+01	1.269075e+03
1.870000e-06	4.962088e-06	2.115793e-08	3.547408e+01	1.264988e+03
1.880000e-06	4.922333e-06	2.116069e-08	3.518987e+01	1.260769e+03
1.890000e-06	4.881074e-06	2.129801e-08	3.489491e+01	1.256464e+03
1.900000e-06	4.838034e-06	2.108840e-08	3.458722e+01	1.252068e+03
1.910000e-06	4.793443e-06	2.103280e-08	3.426843e+01	1.247532e+03
1.920000e-06	4.746992e-06	2.088489e-08	3.393636e+01	1.242782e+03
1.930000e-06	4.698539e-06	2.083823e-08	3.358997e+01	1.237750e+03
1.940000e-06	4.648576e-06	2.084417e-08	3.323278e+01	1.232403e+03
1.950000e-06	4.596960e-06	2.054912e-08	3.286377e+01	1.226751e+03
1.960000e-06	4.543330e-06	2.054732e-08	3.248037e+01	1.220845e+03
1.970000e-06	4.487682e-06	2.053969e-08	3.208254e+01	1.214753e+03
1.980000e-06	4.430381e-06	2.041622e-08	3.167290e+01	1.208530e+03
1.990000e-06	4.371750e-06	2.025625e-08	3.125374e+01	1.202200e+03
2.000000e-06	4.311648e-06	2.004621e-08	3.082407e+01	1.195743e+03
2.010000e-06	4.249888e-06	2.011138e-08	3.038255e+01	1.189103e+03
2.020000e-06	4.186430e-06	1.996296e-08	2.992888e+01	1.182215e+03
2.030000e-06	4.121492e-06	1.976771e-08	2.946464e+01	1.175026e+03
2.040000e-06	4.055152e-06	1.967085e-08	2.899038e+01	1.167521e+03
2.050000e-06	3.987512e-06	1.954046e-08	2.850682e+01	1.159723e+03
2.060000e-06	3.918387e-06	1.950966e-08	2.801264e+01	1.151686e+03
2.070000e-06	3.847536e-06	1.925563e-08	2.750613e+01	1.143470e+03
2.080000e-06	3.775332e-06	1.909450e-08	2.698994e+01	1.135118e+03
2.090000e-06	3.701886e-06	1.900337e-08	2.646487e+01	1.126636e+03
2.100000e-06	3.627048e-06	1.885989e-08	2.592985e+01	1.117995e+03
2.110000e-06	3.550725e-06	1.871175e-08	2.538422e+01	1.109137e+03
2.120000e-06	3.472685e-06	1.848504e-08	2.482631e+01	1.100002e+03
2.130000e-06	3.393281e-06	1.840536e-08	2.425864e+01	1.090554e+03
2.140000e-06	3.312774e-06	1.824907e-08	2.368310e+01	1.080792e+03
2.150000e-06	3.231193e-06	1.804808e-08	2.309987e+01	1.070751e+03
2.160000e-06	3.148651e-06	1.783981e-08	2.250978e+01	1.060489e+03
2.170000e-06	3.065070e-06	1.767367e-08	2.191226e+01	1.050062e+03
2.180000e-06	2.980409e-06	1.756585e-08	2.130701e+01	1.039498e+03
2.190000e-06	2.894422e-06	1.733991e-08	2.069229e+01	1.028791e+03
2.200000e-06	2.807275e-06	1.712995e-08	2.006927e+01	1.017900e+03
2.210000e-06	2.719234e-06	1.694871e-08	1.943987e+01	1.006763e+03
2.220000e-06	2.630323e-06	1.679878e-08	1.880424e+01	9.953239e+02
2.230000e-06	2.540616e-06	1.658407e-08	1.816292e+01	9.835538e+02
2.240000e-06	2.450111e-06	1.633154e-08	1.751590e+01	9.714603e+02
2.250000e-06	2.358816e-06	1.614609e-08	1.686323e+01	9.590842e+02
2.260000e-06	2.266727e-06	1.596524e-08	1.620488e+01	9.464816e+02
2.270000e-06	2.173821e-06	1.574689e-08	1.554069e+01	9.337007e+02
2.280000e-06	2.080005e-06	1.548493e-08	1.487001e+01	9.207614e+02
2.290000e-06	1.985242e-06	1.526981e-08	1.419254e+01	9.076464e+02
2.300000e-06	1.889682e-06	1.508121e-08	1.350938e+01	8.943068e+02
2.310000e-06	1.793548e-06	1.484711e-08	1.282212e+01	8.806799e+02
2.320000e-06	1.696933e-06	1.457730e-08	1.213142e+01	8.667120e+02
2.330000e-06	1.599754e-06	1.433480e-08	1.143668e+01	8.523771e+02
2.340000e-06	1.502008e-06	1.412006e-08	1.073789e+01	8.376845e+02
2.350000e-06	1.403775e-06	1.386957e-08	1.003562e+01	8.226720e+02
2.360000e-06	1.305053e-06	1.358255e-08	9.329857e+00	8.073879e+02
2.370000e-06	1.205940e-06	1.331322e-08	8.621292e+00	7.918691e+02
2.380000e-06	1.106520e-06	1.307558e-08	7.910534e+00	7.761236e+02
2.390000e-06	1.006793e-06	1.281215e-08	7.197589e+00	7.601246e+02
2.400000e-06	9.067858e-07	1.251186e-08	6.482633e+00	7.438167e+02
2.410000e-06	8.064942e-07	1.221776e-08	5.765646e+00	7.271337e+02
2.420000e-06	7.059008e-07	1.195226e-08	5.046501e+00	7.100181e+02
2.430000e-06	6.049531e-07	1.166791e-08	4.324824e+00	6.924364e+02
2.440000e-06	5.036666e-07	1.134391e-08	3.600724e+00	6.743826e+02
2.450000e-06	4.021204e-07	1.101859e-08	2.874768e+00	6.558695e+02
2.460000e-06	3.003621e-07	1.071683e-08	2.147296e+00	6.369099e+02
2.470000e-06	1.984380e-07	1.040767e-08	1.418638e+00	6.174951e+02
2.480000e-06	9.638541e-08	1.005668e-08	6.890615e-01	5.975790e+02
2.490000e-06	-5.603802e-09	9.695532e-09	-4.006171e-02	5.770723e+02
2.500000e-06	-1.075484e-07	9.347289e-09	-7.688660e-01	5.558510e+02
2.510000e-06	-2.094800e-07	8.990787e-09	-1.497577e+00	5.337746e+02
2.520000e-06	-3.111741e-07	8.591965e-09	-2.224591e+00	5.107084e+02
2.530000e-06	-4.126321e-07	8.167084e-09	-2.949917e+00	4.865432e+02
2.540000e-06	-5.139135e-07	7.749413e-09	-3.673979e+00	4.612041e+02
2.550000e-06	-6.150047e-07	7.317757e-09	-4.396683e+00	4.346467e+02
2.560000e-06	-7.158100e-07	6.842285e-09	-5.117343e+00	4.068396e+02
2.570000e-06	-8.162669e-07	6.333861e-09	-5.835511e+00	3.777388e+02
2.580000e-06	-9.164096e-07	5.824884e-09	-6.551434e+00	3.472591e+02
2.590000e-06	-1.016233e-06	5.305742e-09	-7.265077e+00	3.152508e+02
2.600000e-06	-1.115745e-06	4.738475e-09	-7.976489e+00	2.814873e+02
2.610000e-06	-1.214881e-06	4.124934e-09	-8.685213e+00	2.456678e+02
2.620000e-06	-1.313563e-06	3.485459e-09	-9.390691e+00	2.074387e+02
2.630000e-06	-1.411851e-06	2.811869e-09	-1.009336e+01	1.664299e+02
2.640000e-06	-1.509738e-06	2.072451e-09	-1.079315e+01	1.223057e+02
2.650000e-06	-1.607097e-06	1.261727e-09	-1.148917e+01	7.482201e+01
2.660000e-06	-1.703853e-06	4.046406e-10	-1.218089e+01	2.388274e+01
2.670000e-06	-1.800051e-06	-4.943292e-10	-1.286860e+01	-3.041367e+01
2.680000e-06	-1.895715e-06	-1.449798e-09	-1.355251e+01	-8.774726e+01
2.690000e-06	-1.990798e-06	-2.460063e-09	-1.423226e+01	-1.475758e+02
2.700000e-06	-2.085159e-06	-3.495597e-09	-1.490685e+01	-2.091637e+02
2.710000e-06	-2.178580e-06	-4.533643e-09	-1.557472e+01	-2.716380e+02
2.720000e-06	-2.271101e-06	-5.578057e-09	-1.623616e+01	-3.340648e+02
2.730000e-06	-2.362759e-06	-6.621871e-09	-1.689142e+01	-3.955330e+02
2.740000e-06	-2.453491e-06	-7.635452e-09	-1.754006e+01	-4.552321e+02
2.750000e-06	-2.543377e-06	-8.595819e-09	-1.818266e+01	-5.125116e+02
2.760000e-06	-2.632365e-06	-9.507931e-09	-1.881884e+01	-5.669121e+02
2.770000e-06	-2.720495e-06	-1.037898e-08	-1.944888e+01	-6.181677e+02
2.780000e-06	-2.807852e-06	-1.119492e-08	-2.007340e+01	-6.661817e+02
2.790000e-06	-2.894214e-06	-1.194447e-08	-2.069080e+01	-7.109864e+02
2.800000e-06	-2.979365e-06	-1.263964e-08	-2.129955e+01	-7.526973e+02
2.810000e-06	-3.063391e-06	-1.329709e-08	-2.190026e+01	-7.914717e+02
2.820000e-06	-3.146307e-06	-1.391272e-08	-2.249302e+01	-8.274800e+02
2.830000e-06	-3.228132e-06	-1.447633e-08	-2.307799e+01	-8.608900e+02
2.840000e-06	-3.308952e-06	-1.499499e-08	-2.365577e+01	-8.918633e+02
2.850000e-06	-3.388795e-06	-1.548315e-08	-2.422658e+01	-9.205590e+02
2.860000e-06	-3.467343e-06	-1.593878e-08	-2.478812e+01	-9.471382e+02
2.870000e-06	-3.544269e-06	-1.635263e-08	-2.533806e+01	-9.717662e+02
2.880000e-06	-3.619662e-06	-1.673189e-08	-2.587704e+01	-9.946108e+02
2.890000e-06	-3.693705e-06	-1.709054e-08	-2.640638e+01	-1.015837e+03
2.900000e-06	-3.766500e-06	-1.743079e-08	-2.692679e+01	-1.035598e+03
2.910000e-06	-3.838039e-06	-1.774388e-08	-2.743823e+01	-1.054034e+03
2.920000e-06	-3.908125e-06	-1.803153e-08	-2.793927e+01	-1.071265e+03
2.930000e-06	-3.976655e-06	-1.830564e-08	-2.842920e+01	-1.087394e+03
2.940000e-06	-4.043717e-06	-1.856701e-08	-2.890862e+01	-1.102506e+03
2.950000e-06	-4.109322e-06	-1.880648e-08	-2.937764e+01	-1.116675e+03
2.960000e-06	-4.173662e-06	-1.902374e-08	-2.983761e+01	-1.129967e+03
2.970000e-06	-4.236624e-06	-1.923087e-08	-3.028772e+01	-1.142439e+03
2.980000e-06	-4.297847e-06	-1.943167e-08	-3.072541e+01	-1.154145e+03
2.990000e-06	-4.357414e-06	-1.961889e-08	-3.115125e+01	-1.165138e+03
3.000000e-06	-4.415567e-06	-1.979135e-08	-3.156699e+01	-1.175466e+03
3.010000e-06	-4.472321e-06	-1.995559e-08	-3.197272e+01	-1.185177e+03
3.020000e-06	-4.527531e-06	-2.011448e-08	-3.236742e+01	-1.194317e+03
3.030000e-06	-4.580901e-06	-2.026352e-08	-3.274897e+01	-1.202929e+03
3.040000e-06	-4.632277e-06	-2.039708e-08	-3.311625e+01	-1.211048e+03
3.050000e-06	-4.681784e-06	-2.052443e-08	-3.347018e+01	-1.218700e+03
3.060000e-06	-4.729353e-06	-2.064964e-08	-3.381026e+01	-1.225900e+03
3.070000e-06	-4.775084e-06	-2.076682e-08	-3.413719e+01	-1.232659e+03
3.080000e-06	-4.819344e-06	-2.087297e-08	-3.445360e+01	-1.238979e+03
3.090000e-06	-4.862161e-06	-2.097551e-08	-3.475970e+01	-1.244871e+03
3.100000e-06	-4.903373e-06	-2.107358e-08	-3.505433e+01	-1.250352e+03
3.110000e-06	-4.942980e-06	-2.116243e-08	-3.533748e+01	-1.255452e+03
3.120000e-06	-4.980775e-06	-2.123918e-08	-3.560767e+01	-1.260213e+03
3.130000e-06	-5.016639e-06	-2.130942e-08	-3.586407e+01	-1.264676e+03
3.140000e-06	-5.050826e-06	-2.138137e-08	-3.610847e+01	-1.268878e+03
3.150000e-06	-5.083309e-06	-2.145122e-08	-3.634069e+01	-1.272838e+03
3.160000e-06	-5.113912e-06	-2.151291e-08	-3.655947e+01	-1.276554e+03
3.170000e-06	-5.142558e-06	-2.156948e-08	-3.676426e+01	-1.280006e+03
3.180000e-06	-5.169428e-06	-2.162540e-08	-3.695636e+01	-1.283166e+03
3.190000e-06	-5.194559e-06	-2.167716e-08	-3.713602e+01	-1.286015e+03
3.200000e-06	-5.217871e-06	-2.171865e-08	-3.730268e+01	-1.288546e+03
3.210000e-06	-5.239152e-06	-2.175055e-08	-3.745482e+01	-1.290781e+03
3.220000e-06	-5.258461e-06	-2.178242e-08	-3.759286e+01	-1.292759e+03
3.230000e-06	-5.276106e-06	-2.181552e-08	-3.771900e+01	-1.294526e+03
3.240000e-06	-5.292040e-06	-2.184506e-08	-3.783292e+01	-1.296122e+03
3.250000e-06	-5.305826e-06	-2.186781e-08	-3.793147e+01	-1.297562e+03
3.260000e-06	-5.317344e-06	-2.188852e-08	-3.801381e+01	-1.298834e+03
3.270000e-06	-5.326992e-06	-2.190800e-08	-3.808279e+01	-1.299905e+03
3.280000e-06	-5.334913e-06	-2.192336e-08	-3.813942e+01	-1.300733e+03
3.290000e-06	-5.340885e-06	-2.193079e-08	-3.818211e+01	-1.301287e+03
3.300000e-06	-5.344827e-06	-2.193552e-08	-3.821029e+01	-1.301563e+03
3.310000e-06	-5.347006e-06	-2.194217e-08	-3.822587e+01	-1.301591e+03
3.320000e-06	-5.347467e-06	-2.194403e-08	-3.822917e+01	-1.301423e+03
