# Temperatura_=_65.05
# Concentracion g/m^3_=_22500.0
# C_Vs_to_Am_M_A/Vsm_=_59384043850.047264
# pendiente_HvsI_1/m_=_3716.3
# ordenada_HvsI_A/m_=_1297.0
# frecuencia_Hz_=_301196.86629893153

Tiempo_(s)	Campo_(V.s)	Magnetizacion_(V.s)	Campo_(kA/m)	Magnetizacion_(A/m)
0.000000e+00	-5.357820e-06	-2.164118e-08	-3.822963e+01	-1.284351e+03
1.000000e-08	-5.356774e-06	-2.162753e-08	-3.822217e+01	-1.284045e+03
2.000000e-08	-5.353738e-06	-2.161832e-08	-3.820051e+01	-1.283611e+03
3.000000e-08	-5.348899e-06	-2.161550e-08	-3.816598e+01	-1.283072e+03
4.000000e-08	-5.342448e-06	-2.160778e-08	-3.811995e+01	-1.282414e+03
5.000000e-08	-5.334396e-06	-2.159314e-08	-3.806250e+01	-1.281593e+03
6.000000e-08	-5.324453e-06	-2.157240e-08	-3.799155e+01	-1.280545e+03
7.000000e-08	-5.312405e-06	-2.155727e-08	-3.790559e+01	-1.279215e+03
8.000000e-08	-5.298538e-06	-2.155318e-08	-3.780664e+01	-1.277579e+03
9.000000e-08	-5.282507e-06	-2.148874e-08	-3.769226e+01	-1.275655e+03
1.000000e-07	-5.264005e-06	-2.138344e-08	-3.756024e+01	-1.273506e+03
1.100000e-07	-5.243418e-06	-2.136513e-08	-3.741334e+01	-1.271215e+03
1.200000e-07	-5.221062e-06	-2.137728e-08	-3.725383e+01	-1.268859e+03
1.300000e-07	-5.197247e-06	-2.137278e-08	-3.708390e+01	-1.266482e+03
1.400000e-07	-5.172220e-06	-2.140479e-08	-3.690533e+01	-1.264079e+03
1.500000e-07	-5.145491e-06	-2.121834e-08	-3.671460e+01	-1.261597e+03
1.600000e-07	-5.116804e-06	-2.111700e-08	-3.650992e+01	-1.258950e+03
1.700000e-07	-5.086687e-06	-2.126869e-08	-3.629502e+01	-1.256056e+03
1.800000e-07	-5.055034e-06	-2.109991e-08	-3.606917e+01	-1.252857e+03
1.900000e-07	-5.021196e-06	-2.096734e-08	-3.582772e+01	-1.249347e+03
2.000000e-07	-4.985507e-06	-2.098490e-08	-3.557307e+01	-1.245563e+03
2.100000e-07	-4.948312e-06	-2.088153e-08	-3.530768e+01	-1.241575e+03
2.200000e-07	-4.909309e-06	-2.092272e-08	-3.502938e+01	-1.237454e+03
2.300000e-07	-4.868650e-06	-2.084387e-08	-3.473926e+01	-1.233246e+03
2.400000e-07	-4.826055e-06	-2.061975e-08	-3.443534e+01	-1.228955e+03
2.500000e-07	-4.781483e-06	-2.061533e-08	-3.411730e+01	-1.224541e+03
2.600000e-07	-4.735218e-06	-2.057279e-08	-3.378719e+01	-1.219941e+03
2.700000e-07	-4.687181e-06	-2.048974e-08	-3.344443e+01	-1.215087e+03
2.800000e-07	-4.637175e-06	-2.037185e-08	-3.308762e+01	-1.209939e+03
2.900000e-07	-4.585043e-06	-2.024221e-08	-3.271564e+01	-1.204491e+03
3.000000e-07	-4.531094e-06	-2.022985e-08	-3.233070e+01	-1.198779e+03
3.100000e-07	-4.475592e-06	-2.012150e-08	-3.193468e+01	-1.192857e+03
3.200000e-07	-4.418555e-06	-1.995098e-08	-3.152770e+01	-1.186779e+03
3.300000e-07	-4.359814e-06	-1.981599e-08	-3.110857e+01	-1.180573e+03
3.400000e-07	-4.299440e-06	-1.977851e-08	-3.067778e+01	-1.174233e+03
3.500000e-07	-4.237625e-06	-1.971799e-08	-3.023671e+01	-1.167722e+03
3.600000e-07	-4.174459e-06	-1.953099e-08	-2.978600e+01	-1.160990e+03
3.700000e-07	-4.109899e-06	-1.939939e-08	-2.932535e+01	-1.153994e+03
3.800000e-07	-4.043609e-06	-1.930665e-08	-2.885235e+01	-1.146719e+03
3.900000e-07	-3.975605e-06	-1.918977e-08	-2.836712e+01	-1.139182e+03
4.000000e-07	-3.906241e-06	-1.904889e-08	-2.787219e+01	-1.131427e+03
4.100000e-07	-3.835686e-06	-1.887634e-08	-2.736876e+01	-1.123504e+03
4.200000e-07	-3.763927e-06	-1.877337e-08	-2.685674e+01	-1.115448e+03
4.300000e-07	-3.690716e-06	-1.866969e-08	-2.633435e+01	-1.107263e+03
4.400000e-07	-3.615817e-06	-1.851331e-08	-2.579993e+01	-1.098919e+03
4.500000e-07	-3.539406e-06	-1.833625e-08	-2.525472e+01	-1.090365e+03
4.600000e-07	-3.461660e-06	-1.819352e-08	-2.469997e+01	-1.081544e+03
4.700000e-07	-3.382488e-06	-1.807896e-08	-2.413506e+01	-1.072423e+03
4.800000e-07	-3.301909e-06	-1.790072e-08	-2.356010e+01	-1.062998e+03
4.900000e-07	-3.220098e-06	-1.771684e-08	-2.297636e+01	-1.053302e+03
5.000000e-07	-3.137176e-06	-1.755292e-08	-2.238468e+01	-1.043387e+03
5.100000e-07	-3.053242e-06	-1.741163e-08	-2.178579e+01	-1.033304e+03
5.200000e-07	-2.968479e-06	-1.724139e-08	-2.118098e+01	-1.023082e+03
5.300000e-07	-2.882892e-06	-1.703737e-08	-2.057029e+01	-1.012715e+03
5.400000e-07	-2.796303e-06	-1.685888e-08	-1.995245e+01	-1.002162e+03
5.500000e-07	-2.708733e-06	-1.669925e-08	-1.932761e+01	-9.913661e+02
5.600000e-07	-2.620304e-06	-1.651898e-08	-1.869665e+01	-9.802711e+02
5.700000e-07	-2.530871e-06	-1.630192e-08	-1.805852e+01	-9.688465e+02
5.800000e-07	-2.440287e-06	-1.610261e-08	-1.741217e+01	-9.570971e+02
5.900000e-07	-2.348753e-06	-1.592132e-08	-1.675905e+01	-9.450598e+02
6.000000e-07	-2.256469e-06	-1.571907e-08	-1.610058e+01	-9.327886e+02
6.100000e-07	-2.163447e-06	-1.549033e-08	-1.543684e+01	-9.203324e+02
6.200000e-07	-2.069710e-06	-1.527071e-08	-1.476800e+01	-9.077152e+02
6.300000e-07	-1.975221e-06	-1.507529e-08	-1.409379e+01	-8.949266e+02
6.400000e-07	-1.880062e-06	-1.486696e-08	-1.341480e+01	-8.819256e+02
6.500000e-07	-1.784303e-06	-1.462891e-08	-1.273153e+01	-8.686561e+02
6.600000e-07	-1.687888e-06	-1.439022e-08	-1.204358e+01	-8.550674e+02
6.700000e-07	-1.590723e-06	-1.416928e-08	-1.135028e+01	-8.411322e+02
6.800000e-07	-1.492812e-06	-1.393669e-08	-1.065165e+01	-8.268542e+02
6.900000e-07	-1.394288e-06	-1.367917e-08	-9.948659e+00	-8.122628e+02
7.000000e-07	-1.295173e-06	-1.342048e-08	-9.241445e+00	-7.973981e+02
7.100000e-07	-1.195620e-06	-1.317909e-08	-8.531102e+00	-7.822915e+02
7.200000e-07	-1.095717e-06	-1.293352e-08	-7.818267e+00	-7.669499e+02
7.300000e-07	-9.954724e-07	-1.266537e-08	-7.102991e+00	-7.513499e+02
7.400000e-07	-8.949177e-07	-1.238833e-08	-6.385503e+00	-7.354435e+02
7.500000e-07	-7.940483e-07	-1.211972e-08	-5.665771e+00	-7.191726e+02
7.600000e-07	-6.929087e-07	-1.184893e-08	-4.944109e+00	-7.024864e+02
7.700000e-07	-5.915409e-07	-1.155632e-08	-4.220820e+00	-6.853543e+02
7.800000e-07	-4.899775e-07	-1.125265e-08	-3.496135e+00	-6.677692e+02
7.900000e-07	-3.882444e-07	-1.095571e-08	-2.770239e+00	-6.497398e+02
8.000000e-07	-2.864002e-07	-1.065915e-08	-2.043550e+00	-6.312743e+02
8.100000e-07	-1.844584e-07	-1.033875e-08	-1.316166e+00	-6.123625e+02
8.200000e-07	-8.241848e-08	-1.000040e-08	-5.880803e-01	-5.929620e+02
8.300000e-07	1.968525e-08	-9.663070e-09	1.404601e-01	-5.729940e+02
8.400000e-07	1.217773e-07	-9.324967e-09	8.689173e-01	-5.523495e+02
8.500000e-07	2.238007e-07	-8.966306e-09	1.596884e+00	-5.309045e+02
8.600000e-07	3.257713e-07	-8.582710e-09	2.324475e+00	-5.085374e+02
8.700000e-07	4.276509e-07	-8.191596e-09	3.051416e+00	-4.851450e+02
8.800000e-07	5.293881e-07	-7.789342e-09	3.777341e+00	-4.606498e+02
8.900000e-07	6.309711e-07	-7.358518e-09	4.502166e+00	-4.349975e+02
9.000000e-07	7.323547e-07	-6.895205e-09	5.225568e+00	-4.081455e+02
9.100000e-07	8.334758e-07	-6.418237e-09	5.947097e+00	-3.800438e+02
9.200000e-07	9.342503e-07	-5.932032e-09	6.666153e+00	-3.506147e+02
9.300000e-07	1.034709e-06	-5.415361e-09	7.382954e+00	-3.197332e+02
9.400000e-07	1.134868e-06	-4.860435e-09	8.097617e+00	-2.872148e+02
9.500000e-07	1.234630e-06	-4.275533e-09	8.809450e+00	-2.528124e+02
9.600000e-07	1.333981e-06	-3.661107e-09	9.518352e+00	-2.162251e+02
9.700000e-07	1.432838e-06	-3.001260e-09	1.022373e+01	-1.771212e+02
9.800000e-07	1.531043e-06	-2.286000e-09	1.092445e+01	-1.351745e+02
9.900000e-07	1.628487e-06	-1.521647e-09	1.161974e+01	-9.011245e+01
1.000000e-06	1.725208e-06	-7.123521e-10	1.230987e+01	-4.176928e+01
1.010000e-06	1.821368e-06	1.531279e-10	1.299600e+01	9.861707e+00
1.020000e-06	1.916992e-06	1.081614e-09	1.367831e+01	6.458869e+01
1.030000e-06	2.011979e-06	2.058579e-09	1.435607e+01	1.220035e+02
1.040000e-06	2.106254e-06	3.065166e-09	1.502875e+01	1.814925e+02
1.050000e-06	2.199822e-06	4.092558e-09	1.569638e+01	2.422776e+02
1.060000e-06	2.292683e-06	5.131025e-09	1.635898e+01	3.034827e+02
1.070000e-06	2.384864e-06	6.160168e-09	1.701672e+01	3.642148e+02
1.080000e-06	2.476316e-06	7.158132e-09	1.766925e+01	4.236449e+02
1.090000e-06	2.566810e-06	8.119926e-09	1.831495e+01	4.810747e+02
1.100000e-06	2.656098e-06	9.046729e-09	1.895205e+01	5.359781e+02
1.110000e-06	2.744311e-06	9.928917e-09	1.958147e+01	5.880122e+02
1.120000e-06	2.831639e-06	1.075364e-08	2.020459e+01	6.370024e+02
1.130000e-06	2.918030e-06	1.152180e-08	2.082101e+01	6.829080e+02
1.140000e-06	3.003466e-06	1.224404e-08	2.143063e+01	7.257808e+02
1.150000e-06	3.087945e-06	1.292143e-08	2.203340e+01	7.657266e+02
1.160000e-06	3.171482e-06	1.354669e-08	2.262947e+01	8.028783e+02
1.170000e-06	3.253784e-06	1.412290e-08	2.321671e+01	8.373802e+02
1.180000e-06	3.334838e-06	1.465983e-08	2.379506e+01	8.693838e+02
1.190000e-06	3.414827e-06	1.516011e-08	2.436581e+01	8.990483e+02
1.200000e-06	3.493569e-06	1.562122e-08	2.492765e+01	9.265409e+02
1.210000e-06	3.570994e-06	1.604612e-08	2.548010e+01	9.520344e+02
1.220000e-06	3.647131e-06	1.644414e-08	2.602336e+01	9.757005e+02
1.230000e-06	3.721870e-06	1.681805e-08	2.655665e+01	9.977023e+02
1.240000e-06	3.795041e-06	1.716330e-08	2.707875e+01	1.018187e+03
1.250000e-06	3.866788e-06	1.747968e-08	2.759068e+01	1.037282e+03
1.260000e-06	3.937196e-06	1.777551e-08	2.809306e+01	1.055100e+03
1.270000e-06	4.006222e-06	1.805462e-08	2.858558e+01	1.071738e+03
1.280000e-06	4.073966e-06	1.831676e-08	2.906896e+01	1.087289e+03
1.290000e-06	4.140140e-06	1.856020e-08	2.954113e+01	1.101839e+03
1.300000e-06	4.204643e-06	1.878938e-08	3.000137e+01	1.115473e+03
1.310000e-06	4.267743e-06	1.900841e-08	3.045161e+01	1.128268e+03
1.320000e-06	4.329474e-06	1.921219e-08	3.089208e+01	1.140292e+03
1.330000e-06	4.389923e-06	1.939755e-08	3.132341e+01	1.151601e+03
1.340000e-06	4.448887e-06	1.957174e-08	3.174413e+01	1.162238e+03
1.350000e-06	4.506008e-06	1.974077e-08	3.215170e+01	1.172239e+03
1.360000e-06	4.561446e-06	1.990168e-08	3.254727e+01	1.181638e+03
1.370000e-06	4.615280e-06	2.004974e-08	3.293140e+01	1.190469e+03
1.380000e-06	4.667371e-06	2.018635e-08	3.330307e+01	1.198765e+03
1.390000e-06	4.717400e-06	2.031689e-08	3.366005e+01	1.206564e+03
1.400000e-06	4.765449e-06	2.044020e-08	3.400290e+01	1.213897e+03
1.410000e-06	4.811926e-06	2.055479e-08	3.433452e+01	1.220786e+03
1.420000e-06	4.856855e-06	2.066126e-08	3.465510e+01	1.227248e+03
1.430000e-06	4.900101e-06	2.076253e-08	3.496367e+01	1.233292e+03
1.440000e-06	4.941380e-06	2.085725e-08	3.525822e+01	1.238929e+03
1.450000e-06	4.980846e-06	2.094400e-08	3.553981e+01	1.244176e+03
1.460000e-06	5.018747e-06	2.102350e-08	3.581025e+01	1.249061e+03
1.470000e-06	5.055093e-06	2.109926e-08	3.606959e+01	1.253619e+03
1.480000e-06	5.089494e-06	2.117388e-08	3.631505e+01	1.257890e+03
1.490000e-06	5.121890e-06	2.124360e-08	3.654621e+01	1.261905e+03
1.500000e-06	5.152667e-06	2.130835e-08	3.676581e+01	1.265680e+03
1.510000e-06	5.181802e-06	2.136802e-08	3.697370e+01	1.269210e+03
1.520000e-06	5.209131e-06	2.142184e-08	3.716870e+01	1.272475e+03
1.530000e-06	5.234399e-06	2.146909e-08	3.734899e+01	1.275451e+03
1.540000e-06	5.257724e-06	2.151080e-08	3.751542e+01	1.278117e+03
1.550000e-06	5.279296e-06	2.155224e-08	3.766934e+01	1.280475e+03
1.560000e-06	5.299172e-06	2.159240e-08	3.781116e+01	1.282547e+03
1.570000e-06	5.317143e-06	2.162588e-08	3.793940e+01	1.284369e+03
1.580000e-06	5.333104e-06	2.165274e-08	3.805328e+01	1.285986e+03
1.590000e-06	5.347224e-06	2.167622e-08	3.815403e+01	1.287428e+03
1.600000e-06	5.359382e-06	2.169751e-08	3.824078e+01	1.288704e+03
1.610000e-06	5.369267e-06	2.171414e-08	3.831132e+01	1.289799e+03
1.620000e-06	5.377068e-06	2.172478e-08	3.836697e+01	1.290680e+03
1.630000e-06	5.383123e-06	2.173359e-08	3.841018e+01	1.291311e+03
1.640000e-06	5.387471e-06	2.174151e-08	3.844121e+01	1.291673e+03
1.650000e-06	5.389810e-06	2.174340e-08	3.845790e+01	1.291774e+03
1.660000e-06	5.390105e-06	2.173866e-08	3.846000e+01	1.291648e+03
1.670000e-06	5.388761e-06	2.173679e-08	3.845041e+01	1.291346e+03
1.680000e-06	5.385843e-06	2.173171e-08	3.842959e+01	1.290915e+03
1.690000e-06	5.381234e-06	2.172108e-08	3.839670e+01	1.290378e+03
1.700000e-06	5.374622e-06	2.170494e-08	3.834952e+01	1.289724e+03
1.710000e-06	5.366211e-06	2.168765e-08	3.828951e+01	1.288908e+03
1.720000e-06	5.356267e-06	2.167003e-08	3.821856e+01	1.287868e+03
1.730000e-06	5.344600e-06	2.163279e-08	3.813531e+01	1.286548e+03
1.740000e-06	5.330917e-06	2.158984e-08	3.803768e+01	1.284921e+03
1.750000e-06	5.315216e-06	2.165662e-08	3.792564e+01	1.283006e+03
1.760000e-06	5.297334e-06	2.164488e-08	3.779805e+01	1.280862e+03
1.770000e-06	5.276740e-06	2.155164e-08	3.765111e+01	1.278573e+03
1.780000e-06	5.253736e-06	2.147257e-08	3.748697e+01	1.276217e+03
1.790000e-06	5.229350e-06	2.128347e-08	3.731296e+01	1.273839e+03
1.800000e-06	5.204200e-06	2.142460e-08	3.713351e+01	1.271437e+03
1.810000e-06	5.177657e-06	2.147581e-08	3.694412e+01	1.268957e+03
1.820000e-06	5.148835e-06	2.118343e-08	3.673846e+01	1.266317e+03
1.830000e-06	5.118270e-06	2.130315e-08	3.652037e+01	1.263431e+03
1.840000e-06	5.086089e-06	2.128930e-08	3.629075e+01	1.260243e+03
1.850000e-06	5.051843e-06	2.112158e-08	3.604640e+01	1.256742e+03
1.860000e-06	5.016142e-06	2.119393e-08	3.579166e+01	1.252966e+03
1.870000e-06	4.978677e-06	2.090797e-08	3.552434e+01	1.248982e+03
1.880000e-06	4.939204e-06	2.084008e-08	3.524269e+01	1.244864e+03
1.890000e-06	4.898047e-06	2.103563e-08	3.494902e+01	1.240657e+03
1.900000e-06	4.855111e-06	2.083026e-08	3.464266e+01	1.236368e+03
1.910000e-06	4.810762e-06	2.074738e-08	3.432622e+01	1.231959e+03
1.920000e-06	4.764652e-06	2.061543e-08	3.399721e+01	1.227365e+03
1.930000e-06	4.716440e-06	2.055117e-08	3.365320e+01	1.222520e+03
1.940000e-06	4.666685e-06	2.061631e-08	3.329818e+01	1.217381e+03
1.950000e-06	4.615207e-06	2.030332e-08	3.293087e+01	1.211942e+03
1.960000e-06	4.561685e-06	2.026908e-08	3.254897e+01	1.206238e+03
1.970000e-06	4.506259e-06	2.030196e-08	3.215349e+01	1.200321e+03
1.980000e-06	4.449162e-06	2.016737e-08	3.174609e+01	1.194247e+03
1.990000e-06	4.390732e-06	2.003116e-08	3.132918e+01	1.188044e+03
2.000000e-06	4.330810e-06	1.978599e-08	3.090162e+01	1.181708e+03
2.010000e-06	4.269149e-06	1.984125e-08	3.046164e+01	1.175203e+03
2.020000e-06	4.205776e-06	1.974187e-08	3.000946e+01	1.168478e+03
2.030000e-06	4.140985e-06	1.952429e-08	2.954716e+01	1.161490e+03
2.040000e-06	4.074906e-06	1.943792e-08	2.907567e+01	1.154224e+03
2.050000e-06	4.007369e-06	1.929738e-08	2.859377e+01	1.146695e+03
2.060000e-06	3.938303e-06	1.928203e-08	2.810096e+01	1.138946e+03
2.070000e-06	3.867613e-06	1.904702e-08	2.759657e+01	1.131027e+03
2.080000e-06	3.795534e-06	1.885638e-08	2.708226e+01	1.122973e+03
2.090000e-06	3.722149e-06	1.878733e-08	2.655864e+01	1.114792e+03
2.100000e-06	3.647392e-06	1.865491e-08	2.602522e+01	1.106453e+03
2.110000e-06	3.571209e-06	1.852438e-08	2.548163e+01	1.097906e+03
2.120000e-06	3.493394e-06	1.828765e-08	2.492640e+01	1.089095e+03
2.130000e-06	3.414188e-06	1.819941e-08	2.436125e+01	1.079983e+03
2.140000e-06	3.333802e-06	1.807198e-08	2.378767e+01	1.070567e+03
2.150000e-06	3.252333e-06	1.787416e-08	2.320636e+01	1.060879e+03
2.160000e-06	3.169903e-06	1.767443e-08	2.261820e+01	1.050969e+03
2.170000e-06	3.086435e-06	1.749948e-08	2.202263e+01	1.040890e+03
2.180000e-06	3.001819e-06	1.740564e-08	2.141887e+01	1.030672e+03
2.190000e-06	2.915937e-06	1.719783e-08	2.080608e+01	1.020309e+03
2.200000e-06	2.828862e-06	1.698342e-08	2.018477e+01	1.009763e+03
2.210000e-06	2.740791e-06	1.680514e-08	1.955636e+01	9.989755e+02
2.220000e-06	2.651854e-06	1.666410e-08	1.892177e+01	9.878907e+02
2.230000e-06	2.562138e-06	1.647139e-08	1.828162e+01	9.764768e+02
2.240000e-06	2.471634e-06	1.621593e-08	1.763584e+01	9.647371e+02
2.250000e-06	2.380327e-06	1.602802e-08	1.698434e+01	9.527079e+02
2.260000e-06	2.288118e-06	1.585973e-08	1.632640e+01	9.404429e+02
2.270000e-06	2.195032e-06	1.565519e-08	1.566221e+01	9.279915e+02
2.280000e-06	2.101143e-06	1.539726e-08	1.499228e+01	9.153787e+02
2.290000e-06	2.006404e-06	1.517530e-08	1.431629e+01	9.025955e+02
2.300000e-06	1.910854e-06	1.499766e-08	1.363451e+01	8.896018e+02
2.310000e-06	1.814592e-06	1.477948e-08	1.294765e+01	8.763416e+02
2.320000e-06	1.717825e-06	1.451452e-08	1.225719e+01	8.627637e+02
2.330000e-06	1.620595e-06	1.426967e-08	1.156343e+01	8.488397e+02
2.340000e-06	1.522762e-06	1.406434e-08	1.086536e+01	8.345723e+02
2.350000e-06	1.424359e-06	1.382993e-08	1.016322e+01	8.199901e+02
2.360000e-06	1.325581e-06	1.354854e-08	9.458411e+00	8.051332e+02
2.370000e-06	1.226503e-06	1.327832e-08	8.751463e+00	7.900337e+02
2.380000e-06	1.127058e-06	1.304796e-08	8.041891e+00	7.746995e+02
2.390000e-06	1.027249e-06	1.280088e-08	7.329728e+00	7.591082e+02
2.400000e-06	9.270558e-07	1.250766e-08	6.614818e+00	7.432125e+02
2.410000e-06	8.264472e-07	1.221347e-08	5.896946e+00	7.269543e+02
2.420000e-06	7.253914e-07	1.195199e-08	5.175883e+00	7.102823e+02
2.430000e-06	6.239662e-07	1.168186e-08	4.452184e+00	6.931651e+02
2.440000e-06	5.223196e-07	1.136831e-08	3.726906e+00	6.755948e+02
2.450000e-06	4.204775e-07	1.104614e-08	3.000232e+00	6.575798e+02
2.460000e-06	3.184477e-07	1.075139e-08	2.272219e+00	6.391286e+02
2.470000e-06	2.162539e-07	1.045564e-08	1.543036e+00	6.202320e+02
2.480000e-06	1.140168e-07	1.011480e-08	8.135437e-01	6.008488e+02
2.490000e-06	1.177374e-08	9.755390e-09	8.400910e-02	5.809016e+02
2.500000e-06	-9.046279e-08	9.414996e-09	-6.454789e-01	5.602821e+02
2.510000e-06	-1.926109e-07	9.076480e-09	-1.374336e+00	5.388665e+02
2.520000e-06	-2.946309e-07	8.696957e-09	-2.102279e+00	5.165331e+02
2.530000e-06	-3.965211e-07	8.283233e-09	-2.829296e+00	4.931775e+02
2.540000e-06	-4.983092e-07	7.877077e-09	-3.555584e+00	4.687215e+02
2.550000e-06	-5.998931e-07	7.465250e-09	-4.280416e+00	4.431100e+02
2.560000e-06	-7.011451e-07	7.009587e-09	-5.002879e+00	4.163003e+02
2.570000e-06	-8.019215e-07	6.513873e-09	-5.721948e+00	3.882431e+02
2.580000e-06	-9.021974e-07	6.017720e-09	-6.437446e+00	3.588619e+02
2.590000e-06	-1.002149e-06	5.522246e-09	-7.150632e+00	3.280338e+02
2.600000e-06	-1.101796e-06	4.982886e-09	-7.861644e+00	2.955765e+02
2.610000e-06	-1.201067e-06	4.392648e-09	-8.569972e+00	2.612451e+02
2.620000e-06	-1.299979e-06	3.778757e-09	-9.275735e+00	2.247401e+02
2.630000e-06	-1.398568e-06	3.140169e-09	-9.979199e+00	1.857306e+02
2.640000e-06	-1.496670e-06	2.442012e-09	-1.067919e+01	1.438894e+02
2.650000e-06	-1.594251e-06	1.671860e-09	-1.137546e+01	9.894099e+01
2.660000e-06	-1.691376e-06	8.553250e-10	-1.206847e+01	5.071492e+01
2.670000e-06	-1.787957e-06	1.617700e-12	-1.275761e+01	-8.019472e-01
2.680000e-06	-1.883894e-06	-9.068818e-10	-1.344214e+01	-5.542536e+01
2.690000e-06	-1.979151e-06	-1.875099e-09	-1.412183e+01	-1.127549e+02
2.700000e-06	-2.073800e-06	-2.876236e-09	-1.479718e+01	-1.721837e+02
2.710000e-06	-2.167759e-06	-3.886653e-09	-1.546760e+01	-2.329384e+02
2.720000e-06	-2.260761e-06	-4.910778e-09	-1.613120e+01	-2.941453e+02
2.730000e-06	-2.352667e-06	-5.941842e-09	-1.678698e+01	-3.549104e+02
2.740000e-06	-2.443662e-06	-6.952534e-09	-1.743625e+01	-4.144013e+02
2.750000e-06	-2.533818e-06	-7.917817e-09	-1.807955e+01	-4.719140e+02
2.760000e-06	-2.623113e-06	-8.839054e-09	-1.871669e+01	-5.269158e+02
2.770000e-06	-2.711574e-06	-9.724917e-09	-1.934789e+01	-5.790576e+02
2.780000e-06	-2.799154e-06	-1.056075e-08	-1.997279e+01	-6.281591e+02
2.790000e-06	-2.885895e-06	-1.133121e-08	-2.059172e+01	-6.741758e+02
2.800000e-06	-2.971512e-06	-1.204561e-08	-2.120262e+01	-7.171565e+02
2.810000e-06	-3.055796e-06	-1.272157e-08	-2.180401e+01	-7.572059e+02
2.820000e-06	-3.138965e-06	-1.335587e-08	-2.239745e+01	-7.944562e+02
2.830000e-06	-3.221121e-06	-1.393955e-08	-2.298366e+01	-8.290515e+02
2.840000e-06	-3.302277e-06	-1.447740e-08	-2.356272e+01	-8.611429e+02
2.850000e-06	-3.382362e-06	-1.498502e-08	-2.413415e+01	-8.908894e+02
2.860000e-06	-3.461269e-06	-1.545970e-08	-2.469718e+01	-9.184579e+02
2.870000e-06	-3.538698e-06	-1.588746e-08	-2.524966e+01	-9.440210e+02
2.880000e-06	-3.614524e-06	-1.627768e-08	-2.579070e+01	-9.677508e+02
2.890000e-06	-3.688996e-06	-1.664833e-08	-2.632208e+01	-9.898106e+02
2.900000e-06	-3.762161e-06	-1.700240e-08	-2.684414e+01	-1.010348e+03
2.910000e-06	-3.834075e-06	-1.732870e-08	-2.735726e+01	-1.029493e+03
2.920000e-06	-3.904654e-06	-1.762681e-08	-2.786087e+01	-1.047355e+03
2.930000e-06	-3.973527e-06	-1.791109e-08	-2.835230e+01	-1.064036e+03
2.940000e-06	-4.040878e-06	-1.818159e-08	-2.883286e+01	-1.079625e+03
2.950000e-06	-4.106962e-06	-1.842651e-08	-2.930440e+01	-1.094211e+03
2.960000e-06	-4.171630e-06	-1.864807e-08	-2.976582e+01	-1.107877e+03
2.970000e-06	-4.234932e-06	-1.886048e-08	-3.021750e+01	-1.120702e+03
2.980000e-06	-4.296624e-06	-1.906868e-08	-3.065769e+01	-1.132754e+03
2.990000e-06	-4.356556e-06	-1.926446e-08	-3.108532e+01	-1.144089e+03
3.000000e-06	-4.415001e-06	-1.944284e-08	-3.150235e+01	-1.154750e+03
3.010000e-06	-4.472018e-06	-1.961232e-08	-3.190917e+01	-1.164775e+03
3.020000e-06	-4.527619e-06	-1.977540e-08	-3.230591e+01	-1.174196e+03
3.030000e-06	-4.581392e-06	-1.992457e-08	-3.268959e+01	-1.183048e+03
3.040000e-06	-4.633126e-06	-2.005656e-08	-3.305873e+01	-1.191364e+03
3.050000e-06	-4.683101e-06	-2.018309e-08	-3.341532e+01	-1.199181e+03
3.060000e-06	-4.731029e-06	-2.031182e-08	-3.375730e+01	-1.206531e+03
3.070000e-06	-4.776988e-06	-2.043446e-08	-3.408522e+01	-1.213437e+03
3.080000e-06	-4.821446e-06	-2.054386e-08	-3.440245e+01	-1.219916e+03
3.090000e-06	-4.864471e-06	-2.064804e-08	-3.470944e+01	-1.225976e+03
3.100000e-06	-4.906023e-06	-2.074911e-08	-3.500593e+01	-1.231629e+03
3.110000e-06	-4.946026e-06	-2.084015e-08	-3.529136e+01	-1.236890e+03
3.120000e-06	-4.984234e-06	-2.091676e-08	-3.556399e+01	-1.241788e+03
3.130000e-06	-5.020531e-06	-2.098590e-08	-3.582298e+01	-1.246359e+03
3.140000e-06	-5.055062e-06	-2.105782e-08	-3.606937e+01	-1.250641e+03
3.150000e-06	-5.087869e-06	-2.113005e-08	-3.630346e+01	-1.254666e+03
3.160000e-06	-5.118926e-06	-2.119556e-08	-3.652505e+01	-1.258451e+03
3.170000e-06	-5.147950e-06	-2.125372e-08	-3.673215e+01	-1.261991e+03
3.180000e-06	-5.175100e-06	-2.131104e-08	-3.692588e+01	-1.265268e+03
3.190000e-06	-5.200582e-06	-2.136622e-08	-3.710770e+01	-1.268255e+03
3.200000e-06	-5.224226e-06	-2.141088e-08	-3.727641e+01	-1.270934e+03
3.210000e-06	-5.245859e-06	-2.144421e-08	-3.743076e+01	-1.273304e+03
3.220000e-06	-5.265581e-06	-2.147547e-08	-3.757149e+01	-1.275386e+03
3.230000e-06	-5.283645e-06	-2.150806e-08	-3.770038e+01	-1.277218e+03
3.240000e-06	-5.299965e-06	-2.153802e-08	-3.781683e+01	-1.278843e+03
3.250000e-06	-5.314137e-06	-2.156134e-08	-3.791795e+01	-1.280292e+03
3.260000e-06	-5.326038e-06	-2.158350e-08	-3.800286e+01	-1.281576e+03
3.270000e-06	-5.336032e-06	-2.160556e-08	-3.807417e+01	-1.282679e+03
3.280000e-06	-5.344273e-06	-2.162286e-08	-3.813298e+01	-1.283569e+03
3.290000e-06	-5.350536e-06	-2.163114e-08	-3.817766e+01	-1.284211e+03
3.300000e-06	-5.354732e-06	-2.163553e-08	-3.820760e+01	-1.284584e+03
3.310000e-06	-5.357176e-06	-2.164152e-08	-3.822504e+01	-1.284695e+03
3.320000e-06	-5.357936e-06	-2.164345e-08	-3.823046e+01	-1.284577e+03
