# Temperatura_=_46.4
# Concentracion g/m^3_=_22500.0
# C_Vs_to_Am_M_A/Vsm_=_59384043850.047264
# pendiente_HvsI_1/m_=_3716.3
# ordenada_HvsI_A/m_=_1297.0
# frecuencia_Hz_=_301200.9965590888

Tiempo_(s)	Campo_(V.s)	Magnetizacion_(V.s)	Campo_(kA/m)	Magnetizacion_(A/m)
0.000000e+00	-5.361396e-06	-2.153531e-08	-3.822675e+01	-1.277581e+03
1.000000e-08	-5.359902e-06	-2.152977e-08	-3.821609e+01	-1.277392e+03
2.000000e-08	-5.356440e-06	-2.152424e-08	-3.819141e+01	-1.277050e+03
3.000000e-08	-5.351283e-06	-2.151784e-08	-3.815465e+01	-1.276546e+03
4.000000e-08	-5.344432e-06	-2.150606e-08	-3.810579e+01	-1.275860e+03
5.000000e-08	-5.335983e-06	-2.148996e-08	-3.804555e+01	-1.274962e+03
6.000000e-08	-5.325640e-06	-2.146988e-08	-3.797181e+01	-1.273827e+03
7.000000e-08	-5.313205e-06	-2.144968e-08	-3.788315e+01	-1.272441e+03
8.000000e-08	-5.298902e-06	-2.142434e-08	-3.778116e+01	-1.270814e+03
9.000000e-08	-5.282342e-06	-2.137003e-08	-3.766310e+01	-1.268975e+03
1.000000e-07	-5.263367e-06	-2.132882e-08	-3.752780e+01	-1.266969e+03
1.100000e-07	-5.242380e-06	-2.130801e-08	-3.737817e+01	-1.264844e+03
1.200000e-07	-5.219633e-06	-2.127667e-08	-3.721598e+01	-1.262635e+03
1.300000e-07	-5.195526e-06	-2.126938e-08	-3.704409e+01	-1.260357e+03
1.400000e-07	-5.170195e-06	-2.123434e-08	-3.686348e+01	-1.257995e+03
1.500000e-07	-5.143078e-06	-2.111964e-08	-3.667014e+01	-1.255511e+03
1.600000e-07	-5.114058e-06	-2.109693e-08	-3.646323e+01	-1.252852e+03
1.700000e-07	-5.083545e-06	-2.106944e-08	-3.624567e+01	-1.249967e+03
1.800000e-07	-5.051330e-06	-2.097281e-08	-3.601598e+01	-1.246819e+03
1.900000e-07	-5.016970e-06	-2.093859e-08	-3.577099e+01	-1.243395e+03
2.000000e-07	-4.980910e-06	-2.085582e-08	-3.551388e+01	-1.239709e+03
2.100000e-07	-4.943250e-06	-2.081149e-08	-3.524537e+01	-1.235791e+03
2.200000e-07	-4.903843e-06	-2.079011e-08	-3.496439e+01	-1.231679e+03
2.300000e-07	-4.862781e-06	-2.067068e-08	-3.467163e+01	-1.227404e+03
2.400000e-07	-4.819752e-06	-2.056762e-08	-3.436482e+01	-1.222984e+03
2.500000e-07	-4.774839e-06	-2.051098e-08	-3.404460e+01	-1.218415e+03
2.600000e-07	-4.728152e-06	-2.045031e-08	-3.371172e+01	-1.213679e+03
2.700000e-07	-4.679655e-06	-2.037916e-08	-3.336593e+01	-1.208750e+03
2.800000e-07	-4.629293e-06	-2.025965e-08	-3.300686e+01	-1.203602e+03
2.900000e-07	-4.576828e-06	-2.016648e-08	-3.263278e+01	-1.198222e+03
3.000000e-07	-4.522446e-06	-2.010535e-08	-3.224503e+01	-1.192606e+03
3.100000e-07	-4.466644e-06	-1.999446e-08	-3.184717e+01	-1.186763e+03
3.200000e-07	-4.409288e-06	-1.985999e-08	-3.143822e+01	-1.180708e+03
3.300000e-07	-4.350079e-06	-1.975310e-08	-3.101606e+01	-1.174454e+03
3.400000e-07	-4.289294e-06	-1.968769e-08	-3.058266e+01	-1.168012e+03
3.500000e-07	-4.227137e-06	-1.957329e-08	-3.013948e+01	-1.161382e+03
3.600000e-07	-4.163619e-06	-1.943225e-08	-2.968660e+01	-1.154560e+03
3.700000e-07	-4.098558e-06	-1.930707e-08	-2.922272e+01	-1.147538e+03
3.800000e-07	-4.031817e-06	-1.919085e-08	-2.874685e+01	-1.140311e+03
3.900000e-07	-3.963545e-06	-1.907378e-08	-2.826007e+01	-1.132873e+03
4.000000e-07	-3.893893e-06	-1.892761e-08	-2.776345e+01	-1.125224e+03
4.100000e-07	-3.822978e-06	-1.879400e-08	-2.725783e+01	-1.117363e+03
4.200000e-07	-3.750877e-06	-1.868083e-08	-2.674375e+01	-1.109291e+03
4.300000e-07	-3.677242e-06	-1.855253e-08	-2.621873e+01	-1.101003e+03
4.400000e-07	-3.601971e-06	-1.839238e-08	-2.568205e+01	-1.092496e+03
4.500000e-07	-3.525330e-06	-1.822763e-08	-2.513560e+01	-1.083764e+03
4.600000e-07	-3.447206e-06	-1.808750e-08	-2.457858e+01	-1.074806e+03
4.700000e-07	-3.367561e-06	-1.794538e-08	-2.401071e+01	-1.065625e+03
4.800000e-07	-3.286625e-06	-1.777818e-08	-2.343363e+01	-1.056227e+03
4.900000e-07	-3.204499e-06	-1.760752e-08	-2.284808e+01	-1.046623e+03
5.000000e-07	-3.121234e-06	-1.745342e-08	-2.225439e+01	-1.036819e+03
5.100000e-07	-3.037032e-06	-1.730131e-08	-2.165403e+01	-1.026819e+03
5.200000e-07	-2.951983e-06	-1.712305e-08	-2.104764e+01	-1.016617e+03
5.300000e-07	-2.866050e-06	-1.693401e-08	-2.043493e+01	-1.006204e+03
5.400000e-07	-2.779195e-06	-1.675794e-08	-1.981566e+01	-9.955628e+02
5.500000e-07	-2.691494e-06	-1.658531e-08	-1.919035e+01	-9.846819e+02
5.600000e-07	-2.602800e-06	-1.639406e-08	-1.855796e+01	-9.735540e+02
5.700000e-07	-2.512966e-06	-1.618889e-08	-1.791745e+01	-9.621806e+02
5.800000e-07	-2.422105e-06	-1.599683e-08	-1.726961e+01	-9.505705e+02
5.900000e-07	-2.330385e-06	-1.581128e-08	-1.661564e+01	-9.387364e+02
6.000000e-07	-2.237879e-06	-1.560884e-08	-1.595608e+01	-9.266890e+02
6.100000e-07	-2.144630e-06	-1.539324e-08	-1.529121e+01	-9.144327e+02
6.200000e-07	-2.050667e-06	-1.518443e-08	-1.462125e+01	-9.019630e+02
6.300000e-07	-1.955939e-06	-1.498040e-08	-1.394584e+01	-8.892676e+02
6.400000e-07	-1.860580e-06	-1.476056e-08	-1.326594e+01	-8.763302e+02
6.500000e-07	-1.764659e-06	-1.452564e-08	-1.258202e+01	-8.631356e+02
6.600000e-07	-1.668029e-06	-1.429474e-08	-1.189304e+01	-8.496742e+02
6.700000e-07	-1.570681e-06	-1.407320e-08	-1.119895e+01	-8.359435e+02
6.800000e-07	-1.472565e-06	-1.384321e-08	-1.049939e+01	-8.219469e+02
6.900000e-07	-1.373744e-06	-1.359882e-08	-9.794796e+00	-8.076893e+02
7.000000e-07	-1.274443e-06	-1.335362e-08	-9.086775e+00	-7.931724e+02
7.100000e-07	-1.174724e-06	-1.311153e-08	-8.375784e+00	-7.783908e+02
7.200000e-07	-1.074615e-06	-1.286038e-08	-7.662001e+00	-7.633307e+02
7.300000e-07	-9.741611e-07	-1.259425e-08	-6.945768e+00	-7.479718e+02
7.400000e-07	-8.734030e-07	-1.232512e-08	-6.227362e+00	-7.322916e+02
7.500000e-07	-7.723871e-07	-1.205913e-08	-5.507119e+00	-7.162698e+02
7.600000e-07	-6.711539e-07	-1.179097e-08	-4.785327e+00	-6.998911e+02
7.700000e-07	-5.696629e-07	-1.151125e-08	-4.061696e+00	-6.831450e+02
7.800000e-07	-4.679555e-07	-1.122153e-08	-3.336522e+00	-6.660229e+02
7.900000e-07	-3.660783e-07	-1.093287e-08	-2.610138e+00	-6.485116e+02
8.000000e-07	-2.641429e-07	-1.063832e-08	-1.883339e+00	-6.305880e+02
8.100000e-07	-1.621275e-07	-1.032634e-08	-1.155969e+00	-6.122139e+02
8.200000e-07	-5.999753e-08	-9.998535e-09	-4.277824e-01	-5.933346e+02
8.300000e-07	4.219409e-08	-9.667765e-09	3.008438e-01	-5.738807e+02
8.400000e-07	1.444008e-07	-9.333742e-09	1.029577e+00	-5.537723e+02
8.500000e-07	2.465232e-07	-8.986323e-09	1.757710e+00	-5.329250e+02
8.600000e-07	3.485486e-07	-8.622140e-09	2.485151e+00	-5.112553e+02
8.700000e-07	4.504301e-07	-8.245129e-09	3.211566e+00	-4.886852e+02
8.800000e-07	5.521680e-07	-7.854411e-09	3.936957e+00	-4.651446e+02
8.900000e-07	6.537467e-07	-7.440684e-09	4.661213e+00	-4.405704e+02
9.000000e-07	7.550809e-07	-7.000698e-09	5.383726e+00	-4.149042e+02
9.100000e-07	8.561426e-07	-6.542885e-09	6.104296e+00	-3.880861e+02
9.200000e-07	9.569581e-07	-6.073522e-09	6.823110e+00	-3.600463e+02
9.300000e-07	1.057501e-06	-5.581227e-09	7.539984e+00	-3.306939e+02
9.400000e-07	1.157726e-06	-5.061342e-09	8.254586e+00	-2.999049e+02
9.500000e-07	1.257561e-06	-4.513924e-09	8.966406e+00	-2.675121e+02
9.600000e-07	1.356948e-06	-3.938107e-09	9.675040e+00	-2.333003e+02
9.700000e-07	1.455805e-06	-3.325494e-09	1.037988e+01	-1.970113e+02
9.800000e-07	1.553945e-06	-2.666267e-09	1.107963e+01	-1.583627e+02
9.900000e-07	1.651313e-06	-1.962862e-09	1.177386e+01	-1.170802e+02
1.000000e-06	1.748018e-06	-1.217183e-09	1.246337e+01	-7.294112e+01
1.010000e-06	1.844030e-06	-4.247355e-10	1.314793e+01	-2.582430e+01
1.020000e-06	1.939403e-06	4.206228e-10	1.382794e+01	2.424490e+01
1.030000e-06	2.034216e-06	1.315631e-09	1.450396e+01	7.706286e+01
1.040000e-06	2.128358e-06	2.250292e-09	1.517519e+01	1.322381e+02
1.050000e-06	2.221810e-06	3.213234e-09	1.584150e+01	1.892080e+02
1.060000e-06	2.314601e-06	4.195975e-09	1.650311e+01	2.472803e+02
1.070000e-06	2.406778e-06	5.184501e-09	1.716032e+01	3.056934e+02
1.080000e-06	2.498166e-06	6.160738e-09	1.781192e+01	3.636839e+02
1.090000e-06	2.588436e-06	7.116943e-09	1.845554e+01	4.205496e+02
1.100000e-06	2.677542e-06	8.046965e-09	1.909087e+01	4.756987e+02
1.110000e-06	2.765620e-06	8.940071e-09	1.971886e+01	5.286765e+02
1.120000e-06	2.852743e-06	9.785641e-09	2.034006e+01	5.791715e+02
1.130000e-06	2.938890e-06	1.058539e-08	2.095428e+01	6.270014e+02
1.140000e-06	3.024093e-06	1.134377e-08	2.156178e+01	6.720887e+02
1.150000e-06	3.108449e-06	1.205989e-08	2.216324e+01	7.144324e+02
1.160000e-06	3.191839e-06	1.272965e-08	2.275781e+01	7.540832e+02
1.170000e-06	3.273947e-06	1.335127e-08	2.334324e+01	7.911250e+02
1.180000e-06	3.354761e-06	1.392928e-08	2.391944e+01	8.256649e+02
1.190000e-06	3.434476e-06	1.446861e-08	2.448781e+01	8.578273e+02
1.200000e-06	3.512947e-06	1.497020e-08	2.504731e+01	8.877519e+02
1.210000e-06	3.590138e-06	1.543563e-08	2.559768e+01	9.155896e+02
1.220000e-06	3.666162e-06	1.587074e-08	2.613973e+01	9.414974e+02
1.230000e-06	3.740647e-06	1.627936e-08	2.667081e+01	9.656312e+02
1.240000e-06	3.813460e-06	1.666039e-08	2.718997e+01	9.881383e+02
1.250000e-06	3.884933e-06	1.701276e-08	2.769957e+01	1.009152e+03
1.260000e-06	3.955108e-06	1.733984e-08	2.819991e+01	1.028788e+03
1.270000e-06	4.023926e-06	1.764665e-08	2.869059e+01	1.047147e+03
1.280000e-06	4.091429e-06	1.793408e-08	2.917188e+01	1.064318e+03
1.290000e-06	4.157350e-06	1.820110e-08	2.964190e+01	1.080382e+03
1.300000e-06	4.221668e-06	1.845170e-08	3.010049e+01	1.095417e+03
1.310000e-06	4.284593e-06	1.869068e-08	3.054914e+01	1.109498e+03
1.320000e-06	4.346086e-06	1.891619e-08	3.098759e+01	1.122699e+03
1.330000e-06	4.406276e-06	1.912436e-08	3.141675e+01	1.135088e+03
1.340000e-06	4.464894e-06	1.931707e-08	3.183469e+01	1.146726e+03
1.350000e-06	4.521644e-06	1.950070e-08	3.223932e+01	1.157665e+03
1.360000e-06	4.576769e-06	1.967580e-08	3.263236e+01	1.167946e+03
1.370000e-06	4.630313e-06	1.983756e-08	3.301413e+01	1.177603e+03
1.380000e-06	4.681994e-06	1.998598e-08	3.338261e+01	1.186663e+03
1.390000e-06	4.731585e-06	2.012583e-08	3.373620e+01	1.195151e+03
1.400000e-06	4.779318e-06	2.025959e-08	3.407653e+01	1.203092e+03
1.410000e-06	4.825417e-06	2.038339e-08	3.440522e+01	1.210511e+03
1.420000e-06	4.870037e-06	2.049692e-08	3.472336e+01	1.217436e+03
1.430000e-06	4.912937e-06	2.060282e-08	3.502924e+01	1.223899e+03
1.440000e-06	4.953868e-06	2.070330e-08	3.532107e+01	1.229928e+03
1.450000e-06	4.993074e-06	2.079716e-08	3.560061e+01	1.235555e+03
1.460000e-06	5.030563e-06	2.088361e-08	3.586791e+01	1.240807e+03
1.470000e-06	5.066409e-06	2.096416e-08	3.612349e+01	1.245707e+03
1.480000e-06	5.100392e-06	2.104205e-08	3.636579e+01	1.250273e+03
1.490000e-06	5.132448e-06	2.111471e-08	3.659435e+01	1.254520e+03
1.500000e-06	5.162875e-06	2.118052e-08	3.681130e+01	1.258455e+03
1.510000e-06	5.191708e-06	2.123980e-08	3.701687e+01	1.262084e+03
1.520000e-06	5.218648e-06	2.129452e-08	3.720895e+01	1.265411e+03
1.530000e-06	5.243471e-06	2.134450e-08	3.738594e+01	1.268445e+03
1.540000e-06	5.266447e-06	2.138941e-08	3.754976e+01	1.271195e+03
1.550000e-06	5.287742e-06	2.143229e-08	3.770159e+01	1.273675e+03
1.560000e-06	5.307237e-06	2.147125e-08	3.784059e+01	1.275899e+03
1.570000e-06	5.324826e-06	2.150565e-08	3.796601e+01	1.277881e+03
1.580000e-06	5.340470e-06	2.153351e-08	3.807755e+01	1.279629e+03
1.590000e-06	5.354194e-06	2.155734e-08	3.817540e+01	1.281147e+03
1.600000e-06	5.365821e-06	2.157787e-08	3.825830e+01	1.282433e+03
1.610000e-06	5.375236e-06	2.159369e-08	3.832543e+01	1.283482e+03
1.620000e-06	5.382721e-06	2.160266e-08	3.837880e+01	1.284290e+03
1.630000e-06	5.388383e-06	2.160930e-08	3.841916e+01	1.284864e+03
1.640000e-06	5.392224e-06	2.161662e-08	3.844655e+01	1.285215e+03
1.650000e-06	5.394110e-06	2.161945e-08	3.846000e+01	1.285364e+03
1.660000e-06	5.394030e-06	2.161776e-08	3.845943e+01	1.285334e+03
1.670000e-06	5.392217e-06	2.161473e-08	3.844650e+01	1.285144e+03
1.680000e-06	5.388914e-06	2.161019e-08	3.842295e+01	1.284801e+03
1.690000e-06	5.383795e-06	2.160253e-08	3.838645e+01	1.284297e+03
1.700000e-06	5.376664e-06	2.158823e-08	3.833561e+01	1.283610e+03
1.710000e-06	5.367956e-06	2.156907e-08	3.827352e+01	1.282712e+03
1.720000e-06	5.357640e-06	2.154884e-08	3.819997e+01	1.281576e+03
1.730000e-06	5.345500e-06	2.152117e-08	3.811341e+01	1.280189e+03
1.740000e-06	5.331379e-06	2.151362e-08	3.801273e+01	1.278562e+03
1.750000e-06	5.315199e-06	2.150174e-08	3.789736e+01	1.276722e+03
1.760000e-06	5.296736e-06	2.146554e-08	3.776572e+01	1.274715e+03
1.770000e-06	5.275590e-06	2.142142e-08	3.761495e+01	1.272589e+03
1.780000e-06	5.252206e-06	2.133327e-08	3.744822e+01	1.270380e+03
1.790000e-06	5.227566e-06	2.129341e-08	3.727254e+01	1.268101e+03
1.800000e-06	5.202074e-06	2.133441e-08	3.709078e+01	1.265739e+03
1.810000e-06	5.174954e-06	2.124847e-08	3.689741e+01	1.263254e+03
1.820000e-06	5.145647e-06	2.119262e-08	3.668846e+01	1.260594e+03
1.830000e-06	5.114800e-06	2.120701e-08	3.646852e+01	1.257708e+03
1.840000e-06	5.082121e-06	2.111744e-08	3.623552e+01	1.254560e+03
1.850000e-06	5.047497e-06	2.109421e-08	3.598865e+01	1.251135e+03
1.860000e-06	5.011404e-06	2.101605e-08	3.573131e+01	1.247448e+03
1.870000e-06	4.973432e-06	2.086621e-08	3.546057e+01	1.243530e+03
1.880000e-06	4.933646e-06	2.086580e-08	3.517689e+01	1.239417e+03
1.890000e-06	4.892178e-06	2.083021e-08	3.488123e+01	1.235142e+03
1.900000e-06	4.848961e-06	2.073517e-08	3.457309e+01	1.230721e+03
1.910000e-06	4.804229e-06	2.064769e-08	3.425415e+01	1.226151e+03
1.920000e-06	4.757583e-06	2.052698e-08	3.392156e+01	1.221414e+03
1.930000e-06	4.708992e-06	2.050912e-08	3.357511e+01	1.216484e+03
1.940000e-06	4.658844e-06	2.040879e-08	3.321755e+01	1.211336e+03
1.950000e-06	4.606831e-06	2.025665e-08	3.284670e+01	1.205955e+03
1.960000e-06	4.552888e-06	2.021383e-08	3.246209e+01	1.200339e+03
1.970000e-06	4.497129e-06	2.014565e-08	3.206453e+01	1.194495e+03
1.980000e-06	4.439692e-06	2.005179e-08	3.165500e+01	1.188439e+03
1.990000e-06	4.380880e-06	1.988090e-08	3.123567e+01	1.182185e+03
2.000000e-06	4.320539e-06	1.976644e-08	3.080544e+01	1.175742e+03
2.010000e-06	4.258520e-06	1.971995e-08	3.036324e+01	1.169111e+03
2.020000e-06	4.194884e-06	1.959303e-08	2.990952e+01	1.162288e+03
2.030000e-06	4.129792e-06	1.945806e-08	2.944541e+01	1.155266e+03
2.040000e-06	4.063351e-06	1.931635e-08	2.897169e+01	1.148038e+03
2.050000e-06	3.995416e-06	1.922705e-08	2.848731e+01	1.140600e+03
2.060000e-06	3.925892e-06	1.911976e-08	2.799161e+01	1.132950e+03
2.070000e-06	3.854824e-06	1.893879e-08	2.748489e+01	1.125089e+03
2.080000e-06	3.782423e-06	1.879641e-08	2.696867e+01	1.117015e+03
2.090000e-06	3.708688e-06	1.867611e-08	2.644294e+01	1.108727e+03
2.100000e-06	3.633564e-06	1.855831e-08	2.590731e+01	1.100219e+03
2.110000e-06	3.556872e-06	1.837865e-08	2.536050e+01	1.091486e+03
2.120000e-06	3.478569e-06	1.820530e-08	2.480219e+01	1.082528e+03
2.130000e-06	3.399055e-06	1.808723e-08	2.423526e+01	1.073346e+03
2.140000e-06	3.318356e-06	1.794210e-08	2.365987e+01	1.063948e+03
2.150000e-06	3.236575e-06	1.775864e-08	2.307678e+01	1.054342e+03
2.160000e-06	3.153865e-06	1.756224e-08	2.248705e+01	1.044538e+03
2.170000e-06	3.070122e-06	1.741983e-08	2.188997e+01	1.034537e+03
2.180000e-06	2.985138e-06	1.727132e-08	2.128403e+01	1.024335e+03
2.190000e-06	2.898873e-06	1.707436e-08	2.066896e+01	1.013921e+03
2.200000e-06	2.811567e-06	1.687195e-08	2.004647e+01	1.003279e+03
2.210000e-06	2.723231e-06	1.670156e-08	1.941663e+01	9.923975e+02
2.220000e-06	2.634019e-06	1.654291e-08	1.878055e+01	9.812690e+02
2.230000e-06	2.544044e-06	1.633726e-08	1.813903e+01	9.698949e+02
2.240000e-06	2.453287e-06	1.611763e-08	1.749193e+01	9.582841e+02
2.250000e-06	2.361832e-06	1.592740e-08	1.683986e+01	9.464493e+02
2.260000e-06	2.269469e-06	1.574728e-08	1.618132e+01	9.344012e+02
2.270000e-06	2.176035e-06	1.553119e-08	1.551513e+01	9.221442e+02
2.280000e-06	2.081789e-06	1.529703e-08	1.484316e+01	9.096739e+02
2.290000e-06	1.986857e-06	1.509234e-08	1.416629e+01	8.969778e+02
2.300000e-06	1.891135e-06	1.490081e-08	1.348379e+01	8.840397e+02
2.310000e-06	1.794742e-06	1.467510e-08	1.279651e+01	8.708445e+02
2.320000e-06	1.697838e-06	1.442427e-08	1.210558e+01	8.573824e+02
2.330000e-06	1.600407e-06	1.419218e-08	1.141090e+01	8.436510e+02
2.340000e-06	1.502358e-06	1.397557e-08	1.071181e+01	8.296537e+02
2.350000e-06	1.403823e-06	1.373689e-08	1.000926e+01	8.153954e+02
2.360000e-06	1.304993e-06	1.347542e-08	9.304602e+00	8.008779e+02
2.370000e-06	1.205853e-06	1.322794e-08	8.597732e+00	7.860956e+02
2.380000e-06	1.106332e-06	1.299341e-08	7.888146e+00	7.710348e+02
2.390000e-06	1.006330e-06	1.273653e-08	7.175129e+00	7.556752e+02
2.400000e-06	9.058616e-07	1.245147e-08	6.458792e+00	7.399944e+02
2.410000e-06	8.050328e-07	1.217177e-08	5.739883e+00	7.239719e+02
2.420000e-06	7.037882e-07	1.190954e-08	5.018009e+00	7.075924e+02
2.430000e-06	6.021881e-07	1.163651e-08	4.293600e+00	6.908457e+02
2.440000e-06	5.003934e-07	1.133682e-08	3.567805e+00	6.737229e+02
2.450000e-06	3.983904e-07	1.103431e-08	2.840523e+00	6.562110e+02
2.460000e-06	2.962028e-07	1.074503e-08	2.111926e+00	6.382867e+02
2.470000e-06	1.939171e-07	1.044330e-08	1.382629e+00	6.199119e+02
2.480000e-06	9.156382e-08	1.011321e-08	6.528500e-01	6.010319e+02
2.490000e-06	-1.078486e-08	9.774102e-09	-7.689607e-02	5.815773e+02
2.500000e-06	-1.130609e-07	9.443115e-09	-8.061244e-01	5.614683e+02
2.510000e-06	-2.152753e-07	9.104111e-09	-1.534913e+00	5.406202e+02
2.520000e-06	-3.173831e-07	8.735276e-09	-2.262941e+00	5.189498e+02
2.530000e-06	-4.193151e-07	8.346714e-09	-2.989716e+00	4.963791e+02
2.540000e-06	-5.210962e-07	7.955554e-09	-3.715415e+00	4.728378e+02
2.550000e-06	-6.226205e-07	7.550003e-09	-4.439284e+00	4.482629e+02
2.560000e-06	-7.237831e-07	7.109847e-09	-5.160573e+00	4.225961e+02
2.570000e-06	-8.245523e-07	6.644816e-09	-5.879057e+00	3.957773e+02
2.580000e-06	-9.249426e-07	6.176479e-09	-6.594840e+00	3.677368e+02
2.590000e-06	-1.025014e-06	5.696165e-09	-7.308345e+00	3.383837e+02
2.600000e-06	-1.124681e-06	5.180970e-09	-8.018974e+00	3.075941e+02
2.610000e-06	-1.223915e-06	4.631777e-09	-8.726515e+00	2.752006e+02
2.620000e-06	-1.322776e-06	4.058614e-09	-9.431390e+00	2.409880e+02
2.630000e-06	-1.421264e-06	3.456964e-09	-1.013361e+01	2.046984e+02
2.640000e-06	-1.519316e-06	2.808063e-09	-1.083272e+01	1.660492e+02
2.650000e-06	-1.616843e-06	2.106198e-09	-1.152809e+01	1.247659e+02
2.660000e-06	-1.713769e-06	1.363102e-09	-1.221917e+01	8.062619e+01
2.670000e-06	-1.810168e-06	5.804764e-10	-1.290650e+01	3.350869e+01
2.680000e-06	-1.906026e-06	-2.531986e-10	-1.358996e+01	-1.656119e+01
2.690000e-06	-2.001272e-06	-1.139228e-09	-1.426907e+01	-6.937983e+01
2.700000e-06	-2.095894e-06	-2.064306e-09	-1.494372e+01	-1.245558e+02
2.710000e-06	-2.189682e-06	-3.014434e-09	-1.561243e+01	-1.815263e+02
2.720000e-06	-2.282494e-06	-3.987528e-09	-1.627418e+01	-2.395993e+02
2.730000e-06	-2.374317e-06	-4.977021e-09	-1.692888e+01	-2.980131e+02
2.740000e-06	-2.465252e-06	-5.960429e-09	-1.757724e+01	-3.560043e+02
2.750000e-06	-2.555371e-06	-6.917813e-09	-1.821979e+01	-4.128707e+02
2.760000e-06	-2.644539e-06	-7.843944e-09	-1.885556e+01	-4.680204e+02
2.770000e-06	-2.732741e-06	-8.738766e-09	-1.948444e+01	-5.209989e+02
2.780000e-06	-2.820206e-06	-9.592967e-09	-2.010806e+01	-5.714946e+02
2.790000e-06	-2.906875e-06	-1.039499e-08	-2.072602e+01	-6.193252e+02
2.800000e-06	-2.992277e-06	-1.114857e-08	-2.133493e+01	-6.644131e+02
2.810000e-06	-3.076326e-06	-1.186333e-08	-2.193420e+01	-7.067575e+02
2.820000e-06	-3.159312e-06	-1.253835e-08	-2.252589e+01	-7.464090e+02
2.830000e-06	-3.241289e-06	-1.316690e-08	-2.311039e+01	-7.834515e+02
2.840000e-06	-3.322203e-06	-1.375083e-08	-2.368730e+01	-8.179920e+02
2.850000e-06	-3.402068e-06	-1.429909e-08	-2.425674e+01	-8.501552e+02
2.860000e-06	-3.480785e-06	-1.480877e-08	-2.481799e+01	-8.800804e+02
2.870000e-06	-3.557953e-06	-1.527461e-08	-2.536820e+01	-9.079188e+02
2.880000e-06	-3.633510e-06	-1.570204e-08	-2.590692e+01	-9.338272e+02
2.890000e-06	-3.707710e-06	-1.610496e-08	-2.643597e+01	-9.579617e+02
2.900000e-06	-3.780576e-06	-1.648842e-08	-2.695550e+01	-9.804695e+02
2.910000e-06	-3.852208e-06	-1.684939e-08	-2.746624e+01	-1.001484e+03
2.920000e-06	-3.922446e-06	-1.718571e-08	-2.796703e+01	-1.021120e+03
2.930000e-06	-3.991029e-06	-1.750069e-08	-2.845603e+01	-1.039480e+03
2.940000e-06	-4.058202e-06	-1.779492e-08	-2.893497e+01	-1.056652e+03
2.950000e-06	-4.124051e-06	-1.806532e-08	-2.940448e+01	-1.072717e+03
2.960000e-06	-4.188500e-06	-1.831288e-08	-2.986400e+01	-1.087752e+03
2.970000e-06	-4.251560e-06	-1.854360e-08	-3.031362e+01	-1.101834e+03
2.980000e-06	-4.312897e-06	-1.876458e-08	-3.075095e+01	-1.115036e+03
2.990000e-06	-4.372536e-06	-1.897606e-08	-3.117618e+01	-1.127426e+03
3.000000e-06	-4.430807e-06	-1.917595e-08	-3.159165e+01	-1.139065e+03
3.010000e-06	-4.487619e-06	-1.936518e-08	-3.199672e+01	-1.150004e+03
3.020000e-06	-4.542835e-06	-1.954165e-08	-3.239041e+01	-1.160285e+03
3.030000e-06	-4.596168e-06	-1.970386e-08	-3.277068e+01	-1.169943e+03
3.040000e-06	-4.647538e-06	-1.985301e-08	-3.313694e+01	-1.179004e+03
3.050000e-06	-4.697170e-06	-1.999229e-08	-3.349082e+01	-1.187493e+03
3.060000e-06	-4.744747e-06	-2.012562e-08	-3.383004e+01	-1.195434e+03
3.070000e-06	-4.790450e-06	-2.025235e-08	-3.415590e+01	-1.202854e+03
3.080000e-06	-4.834727e-06	-2.037312e-08	-3.447160e+01	-1.209780e+03
3.090000e-06	-4.877453e-06	-2.049096e-08	-3.477623e+01	-1.216243e+03
3.100000e-06	-4.918649e-06	-2.059978e-08	-3.506996e+01	-1.222273e+03
3.110000e-06	-4.958392e-06	-2.069562e-08	-3.535333e+01	-1.227901e+03
3.120000e-06	-4.996268e-06	-2.077912e-08	-3.562339e+01	-1.233153e+03
3.130000e-06	-5.032122e-06	-2.085596e-08	-3.587903e+01	-1.238054e+03
3.140000e-06	-5.066284e-06	-2.093110e-08	-3.612260e+01	-1.242621e+03
3.150000e-06	-5.098762e-06	-2.100437e-08	-3.635417e+01	-1.246868e+03
3.160000e-06	-5.129349e-06	-2.107230e-08	-3.657225e+01	-1.250804e+03
3.170000e-06	-5.157962e-06	-2.113618e-08	-3.677626e+01	-1.254433e+03
3.180000e-06	-5.184766e-06	-2.119578e-08	-3.696737e+01	-1.257762e+03
3.190000e-06	-5.209742e-06	-2.124872e-08	-3.714546e+01	-1.260796e+03
3.200000e-06	-5.232937e-06	-2.129369e-08	-3.731084e+01	-1.263547e+03
3.210000e-06	-5.254139e-06	-2.133050e-08	-3.746200e+01	-1.266027e+03
3.220000e-06	-5.273393e-06	-2.136536e-08	-3.759929e+01	-1.268252e+03
3.230000e-06	-5.291025e-06	-2.139870e-08	-3.772500e+01	-1.270234e+03
3.240000e-06	-5.306950e-06	-2.142985e-08	-3.783855e+01	-1.271984e+03
3.250000e-06	-5.320665e-06	-2.145758e-08	-3.793634e+01	-1.273503e+03
3.260000e-06	-5.332082e-06	-2.148106e-08	-3.801774e+01	-1.274789e+03
3.270000e-06	-5.341680e-06	-2.150185e-08	-3.808617e+01	-1.275838e+03
3.280000e-06	-5.349532e-06	-2.151783e-08	-3.814216e+01	-1.276647e+03
3.290000e-06	-5.355316e-06	-2.152725e-08	-3.818340e+01	-1.277222e+03
3.300000e-06	-5.359144e-06	-2.153263e-08	-3.821069e+01	-1.277573e+03
3.310000e-06	-5.361329e-06	-2.153493e-08	-3.822627e+01	-1.277723e+03
3.320000e-06	-5.361788e-06	-2.153598e-08	-3.822955e+01	-1.277694e+03
