# Temperatura_=_35.56
# Concentracion g/m^3_=_22500.0
# C_Vs_to_Am_M_A/Vsm_=_59384043850.047264
# pendiente_HvsI_1/m_=_3716.3
# ordenada_HvsI_A/m_=_1297.0
# frecuencia_Hz_=_301199.54867260874

Tiempo_(s)	Campo_(V.s)	Magnetizacion_(V.s)	Campo_(kA/m)	Magnetizacion_(A/m)
0.000000e+00	-5.352532e-06	-2.114970e-08	-3.823036e+01	-1.254530e+03
1.000000e-08	-5.351205e-06	-2.113497e-08	-3.822089e+01	-1.254193e+03
2.000000e-08	-5.347870e-06	-2.112915e-08	-3.819707e+01	-1.253772e+03
3.000000e-08	-5.342776e-06	-2.112591e-08	-3.816068e+01	-1.253280e+03
4.000000e-08	-5.336078e-06	-2.111454e-08	-3.811285e+01	-1.252677e+03
5.000000e-08	-5.327840e-06	-2.110237e-08	-3.805401e+01	-1.251878e+03
6.000000e-08	-5.317748e-06	-2.108289e-08	-3.798192e+01	-1.250780e+03
7.000000e-08	-5.305530e-06	-2.106181e-08	-3.789466e+01	-1.249303e+03
8.000000e-08	-5.291493e-06	-2.105628e-08	-3.779440e+01	-1.247419e+03
9.000000e-08	-5.275167e-06	-2.099465e-08	-3.767779e+01	-1.245172e+03
1.000000e-07	-5.256379e-06	-2.088840e-08	-3.754359e+01	-1.242666e+03
1.100000e-07	-5.235596e-06	-2.085106e-08	-3.739516e+01	-1.240035e+03
1.200000e-07	-5.213086e-06	-2.085145e-08	-3.723438e+01	-1.237402e+03
1.300000e-07	-5.189150e-06	-2.084018e-08	-3.706342e+01	-1.234840e+03
1.400000e-07	-5.164022e-06	-2.089442e-08	-3.688394e+01	-1.232349e+03
1.500000e-07	-5.137126e-06	-2.070015e-08	-3.669184e+01	-1.229856e+03
1.600000e-07	-5.108188e-06	-2.056795e-08	-3.648514e+01	-1.227245e+03
1.700000e-07	-5.077887e-06	-2.075033e-08	-3.626872e+01	-1.224398e+03
1.800000e-07	-5.046040e-06	-2.059918e-08	-3.604125e+01	-1.221230e+03
1.900000e-07	-5.011950e-06	-2.045886e-08	-3.579777e+01	-1.217718e+03
2.000000e-07	-4.976138e-06	-2.046246e-08	-3.554198e+01	-1.213902e+03
2.100000e-07	-4.938857e-06	-2.035806e-08	-3.527570e+01	-1.209862e+03
2.200000e-07	-4.899703e-06	-2.042084e-08	-3.499605e+01	-1.205687e+03
2.300000e-07	-4.858899e-06	-2.033213e-08	-3.470460e+01	-1.201434e+03
2.400000e-07	-4.816130e-06	-2.008688e-08	-3.439913e+01	-1.197111e+03
2.500000e-07	-4.771391e-06	-2.010210e-08	-3.407958e+01	-1.192672e+03
2.600000e-07	-4.724953e-06	-2.002785e-08	-3.374789e+01	-1.188041e+03
2.700000e-07	-4.676704e-06	-1.995212e-08	-3.340327e+01	-1.183141e+03
2.800000e-07	-4.626596e-06	-1.985887e-08	-3.304538e+01	-1.177926e+03
2.900000e-07	-4.574376e-06	-1.970038e-08	-3.267240e+01	-1.172399e+03
3.000000e-07	-4.520215e-06	-1.969597e-08	-3.228556e+01	-1.166609e+03
3.100000e-07	-4.464578e-06	-1.960024e-08	-3.188817e+01	-1.160631e+03
3.200000e-07	-4.407511e-06	-1.941280e-08	-3.148057e+01	-1.154537e+03
3.300000e-07	-4.348656e-06	-1.925149e-08	-3.106020e+01	-1.148367e+03
3.400000e-07	-4.288126e-06	-1.922748e-08	-3.062787e+01	-1.142113e+03
3.500000e-07	-4.226184e-06	-1.917734e-08	-3.018545e+01	-1.135727e+03
3.600000e-07	-4.162901e-06	-1.898946e-08	-2.973345e+01	-1.129136e+03
3.700000e-07	-4.098247e-06	-1.886312e-08	-2.927166e+01	-1.122277e+03
3.800000e-07	-4.031842e-06	-1.875066e-08	-2.879736e+01	-1.115120e+03
3.900000e-07	-3.963719e-06	-1.862379e-08	-2.831080e+01	-1.107674e+03
4.000000e-07	-3.894264e-06	-1.850286e-08	-2.781471e+01	-1.099989e+03
4.100000e-07	-3.823571e-06	-1.832736e-08	-2.730979e+01	-1.092127e+03
4.200000e-07	-3.751635e-06	-1.821407e-08	-2.679599e+01	-1.084141e+03
4.300000e-07	-3.678348e-06	-1.811520e-08	-2.627253e+01	-1.076049e+03
4.400000e-07	-3.603430e-06	-1.798302e-08	-2.573743e+01	-1.067829e+03
4.500000e-07	-3.526948e-06	-1.781782e-08	-2.519116e+01	-1.059426e+03
4.600000e-07	-3.449091e-06	-1.766005e-08	-2.463507e+01	-1.050778e+03
4.700000e-07	-3.369785e-06	-1.754249e-08	-2.406863e+01	-1.041836e+03
4.800000e-07	-3.289169e-06	-1.737048e-08	-2.349283e+01	-1.032587e+03
4.900000e-07	-3.207399e-06	-1.719556e-08	-2.290879e+01	-1.023057e+03
5.000000e-07	-3.124501e-06	-1.702473e-08	-2.231670e+01	-1.013301e+03
5.100000e-07	-3.040517e-06	-1.689179e-08	-2.171684e+01	-1.003377e+03
5.200000e-07	-2.955659e-06	-1.673892e-08	-2.111075e+01	-9.933247e+02
5.300000e-07	-2.870002e-06	-1.653978e-08	-2.049894e+01	-9.831478e+02
5.400000e-07	-2.783384e-06	-1.635788e-08	-1.988027e+01	-9.728118e+02
5.500000e-07	-2.695754e-06	-1.619290e-08	-1.925438e+01	-9.622579e+02
5.600000e-07	-2.607165e-06	-1.602333e-08	-1.862163e+01	-9.514263e+02
5.700000e-07	-2.517663e-06	-1.581337e-08	-1.798236e+01	-9.402798e+02
5.800000e-07	-2.427150e-06	-1.561372e-08	-1.733587e+01	-9.288181e+02
5.900000e-07	-2.335537e-06	-1.543234e-08	-1.668154e+01	-9.170780e+02
6.000000e-07	-2.243115e-06	-1.524384e-08	-1.602141e+01	-9.051183e+02
6.100000e-07	-2.150122e-06	-1.503019e-08	-1.535721e+01	-8.929967e+02
6.200000e-07	-2.056440e-06	-1.481590e-08	-1.468809e+01	-8.807463e+02
6.300000e-07	-1.961998e-06	-1.462156e-08	-1.401353e+01	-8.683628e+02
6.400000e-07	-1.866888e-06	-1.441730e-08	-1.333421e+01	-8.558055e+02
6.500000e-07	-1.771177e-06	-1.418924e-08	-1.265060e+01	-8.430118e+02
6.600000e-07	-1.674760e-06	-1.395687e-08	-1.196194e+01	-8.299203e+02
6.700000e-07	-1.577597e-06	-1.374092e-08	-1.126796e+01	-8.164922e+02
6.800000e-07	-1.479835e-06	-1.351897e-08	-1.056969e+01	-8.027233e+02
6.900000e-07	-1.381542e-06	-1.328032e-08	-9.867643e+00	-7.886423e+02
7.000000e-07	-1.282581e-06	-1.303312e-08	-9.160814e+00	-7.742969e+02
7.100000e-07	-1.182995e-06	-1.279487e-08	-8.449520e+00	-7.597320e+02
7.200000e-07	-1.082992e-06	-1.255405e-08	-7.735248e+00	-7.449704e+02
7.300000e-07	-9.826618e-07	-1.229881e-08	-7.018645e+00	-7.300017e+02
7.400000e-07	-8.820501e-07	-1.203431e-08	-6.300027e+00	-7.147840e+02
7.500000e-07	-7.811932e-07	-1.177250e-08	-5.579659e+00	-6.992571e+02
7.600000e-07	-6.800753e-07	-1.151328e-08	-4.857426e+00	-6.833613e+02
7.700000e-07	-5.787326e-07	-1.124139e-08	-4.133588e+00	-6.670545e+02
7.800000e-07	-4.772592e-07	-1.095885e-08	-3.408816e+00	-6.503210e+02
7.900000e-07	-3.756336e-07	-1.067340e-08	-2.682957e+00	-6.331685e+02
8.000000e-07	-2.738678e-07	-1.038975e-08	-1.956096e+00	-6.156143e+02
8.100000e-07	-1.720281e-07	-1.008755e-08	-1.228707e+00	-5.976665e+02
8.200000e-07	-7.006520e-08	-9.766459e-09	-5.004395e-01	-5.793064e+02
8.300000e-07	3.196609e-08	-9.443574e-09	2.283172e-01	-5.604792e+02
8.400000e-07	1.339148e-07	-9.122250e-09	9.564838e-01	-5.410945e+02
8.500000e-07	2.357784e-07	-8.791041e-09	1.684043e+00	-5.210384e+02
8.600000e-07	3.375934e-07	-8.440147e-09	2.411255e+00	-5.001914e+02
8.700000e-07	4.393355e-07	-8.077083e-09	3.137946e+00	-4.784472e+02
8.800000e-07	5.409275e-07	-7.700664e-09	3.863565e+00	-4.557258e+02
8.900000e-07	6.423620e-07	-7.304611e-09	4.588059e+00	-4.319780e+02
9.000000e-07	7.435885e-07	-6.880056e-09	5.311068e+00	-4.071792e+02
9.100000e-07	8.445589e-07	-6.436883e-09	6.032248e+00	-3.813155e+02
9.200000e-07	9.452250e-07	-5.984643e-09	6.751253e+00	-3.543637e+02
9.300000e-07	1.045608e-06	-5.514433e-09	7.468236e+00	-3.262712e+02
9.400000e-07	1.145704e-06	-5.020746e-09	8.183169e+00	-2.969398e+02
9.500000e-07	1.245324e-06	-4.502974e-09	8.894708e+00	-2.662157e+02
9.600000e-07	1.344431e-06	-3.959545e-09	9.602575e+00	-2.338893e+02
9.700000e-07	1.442944e-06	-3.381335e-09	1.030621e+01	-1.997056e+02
9.800000e-07	1.540838e-06	-2.762040e-09	1.100541e+01	-1.633857e+02
9.900000e-07	1.638137e-06	-2.105228e-09	1.170037e+01	-1.246576e+02
1.000000e-06	1.734813e-06	-1.409976e-09	1.239087e+01	-8.329447e+01
1.010000e-06	1.830821e-06	-6.665559e-10	1.307661e+01	-3.915548e+01
1.020000e-06	1.926175e-06	1.319560e-10	1.375767e+01	7.777255e+00
1.030000e-06	2.020901e-06	9.810018e-10	1.443425e+01	5.737134e+01
1.040000e-06	2.114980e-06	1.861218e-09	1.510621e+01	1.093326e+02
1.050000e-06	2.208409e-06	2.769159e-09	1.577352e+01	1.632129e+02
1.060000e-06	2.301151e-06	3.702110e-09	1.643593e+01	2.184372e+02
1.070000e-06	2.393152e-06	4.649808e-09	1.709305e+01	2.743467e+02
1.080000e-06	2.484254e-06	5.595004e-09	1.774374e+01	3.302511e+02
1.090000e-06	2.574319e-06	6.526590e-09	1.838703e+01	3.854816e+02
1.100000e-06	2.663360e-06	7.436594e-09	1.902300e+01	4.394378e+02
1.110000e-06	2.751410e-06	8.315164e-09	1.965190e+01	4.916214e+02
1.120000e-06	2.838539e-06	9.153287e-09	2.027421e+01	5.416537e+02
1.130000e-06	2.924729e-06	9.950527e-09	2.088983e+01	5.892788e+02
1.140000e-06	3.009967e-06	1.070902e-08	2.149864e+01	6.343531e+02
1.150000e-06	3.094322e-06	1.142446e-08	2.210114e+01	6.768277e+02
1.160000e-06	3.177610e-06	1.209413e-08	2.269603e+01	7.167256e+02
1.170000e-06	3.259706e-06	1.272228e-08	2.328239e+01	7.541202e+02
1.180000e-06	3.340603e-06	1.331183e-08	2.386020e+01	7.891156e+02
1.190000e-06	3.420327e-06	1.386289e-08	2.442963e+01	8.218310e+02
1.200000e-06	3.498847e-06	1.437626e-08	2.499045e+01	8.523907e+02
1.210000e-06	3.576095e-06	1.485451e-08	2.554220e+01	8.809177e+02
1.220000e-06	3.652090e-06	1.530285e-08	2.608499e+01	9.075322e+02
1.230000e-06	3.726574e-06	1.571829e-08	2.661699e+01	9.323526e+02
1.240000e-06	3.799437e-06	1.610664e-08	2.713741e+01	9.554981e+02
1.250000e-06	3.870930e-06	1.646863e-08	2.764805e+01	9.770903e+02
1.260000e-06	3.941083e-06	1.680643e-08	2.814912e+01	9.972527e+02
1.270000e-06	4.009928e-06	1.712182e-08	2.864084e+01	1.016107e+03
1.280000e-06	4.077510e-06	1.741767e-08	2.912355e+01	1.033770e+03
1.290000e-06	4.143498e-06	1.769388e-08	2.959486e+01	1.050340e+03
1.300000e-06	4.207839e-06	1.795462e-08	3.005441e+01	1.065901e+03
1.310000e-06	4.270782e-06	1.820341e-08	3.050398e+01	1.080516e+03
1.320000e-06	4.332367e-06	1.843572e-08	3.094386e+01	1.094231e+03
1.330000e-06	4.392650e-06	1.865025e-08	3.137443e+01	1.107086e+03
1.340000e-06	4.451344e-06	1.885162e-08	3.179365e+01	1.119119e+03
1.350000e-06	4.508200e-06	1.904358e-08	3.219974e+01	1.130380e+03
1.360000e-06	4.563391e-06	1.922115e-08	3.259394e+01	1.140927e+03
1.370000e-06	4.616953e-06	1.938372e-08	3.297651e+01	1.150827e+03
1.380000e-06	4.668755e-06	1.953834e-08	3.334650e+01	1.160141e+03
1.390000e-06	4.718472e-06	1.968660e-08	3.370160e+01	1.168921e+03
1.400000e-06	4.766234e-06	1.982542e-08	3.404275e+01	1.177195e+03
1.410000e-06	4.812448e-06	1.995456e-08	3.437283e+01	1.184971e+03
1.420000e-06	4.857158e-06	2.007428e-08	3.469217e+01	1.192244e+03
1.430000e-06	4.900178e-06	2.018738e-08	3.499944e+01	1.199006e+03
1.440000e-06	4.941252e-06	2.029033e-08	3.529281e+01	1.205262e+03
1.450000e-06	4.980592e-06	2.038266e-08	3.557379e+01	1.211037e+03
1.460000e-06	5.018232e-06	2.046936e-08	3.584263e+01	1.216381e+03
1.470000e-06	5.054258e-06	2.055277e-08	3.609995e+01	1.221355e+03
1.480000e-06	5.088409e-06	2.063193e-08	3.634388e+01	1.226020e+03
1.490000e-06	5.120558e-06	2.070444e-08	3.657350e+01	1.230415e+03
1.500000e-06	5.151137e-06	2.077336e-08	3.679191e+01	1.234552e+03
1.510000e-06	5.180059e-06	2.084010e-08	3.699848e+01	1.238414e+03
1.520000e-06	5.207171e-06	2.090014e-08	3.719213e+01	1.241965e+03
1.530000e-06	5.232256e-06	2.095122e-08	3.737130e+01	1.245168e+03
1.540000e-06	5.255334e-06	2.099665e-08	3.753613e+01	1.248008e+03
1.550000e-06	5.276664e-06	2.104062e-08	3.768848e+01	1.250497e+03
1.560000e-06	5.296359e-06	2.108127e-08	3.782915e+01	1.252679e+03
1.570000e-06	5.314147e-06	2.111503e-08	3.795621e+01	1.254613e+03
1.580000e-06	5.329887e-06	2.114380e-08	3.806863e+01	1.256353e+03
1.590000e-06	5.343703e-06	2.117151e-08	3.816731e+01	1.257928e+03
1.600000e-06	5.355505e-06	2.119702e-08	3.825160e+01	1.259332e+03
1.610000e-06	5.365065e-06	2.121381e-08	3.831989e+01	1.260527e+03
1.620000e-06	5.372588e-06	2.122269e-08	3.837362e+01	1.261460e+03
1.630000e-06	5.378323e-06	2.123118e-08	3.841458e+01	1.262088e+03
1.640000e-06	5.382485e-06	2.123879e-08	3.844431e+01	1.262399e+03
1.650000e-06	5.384627e-06	2.124082e-08	3.845961e+01	1.262425e+03
1.660000e-06	5.384682e-06	2.123576e-08	3.846000e+01	1.262230e+03
1.670000e-06	5.383187e-06	2.123419e-08	3.844932e+01	1.261892e+03
1.680000e-06	5.380094e-06	2.122824e-08	3.842723e+01	1.261469e+03
1.690000e-06	5.375162e-06	2.122130e-08	3.839200e+01	1.260975e+03
1.700000e-06	5.368246e-06	2.120625e-08	3.834260e+01	1.260370e+03
1.710000e-06	5.359597e-06	2.118598e-08	3.828083e+01	1.259569e+03
1.720000e-06	5.349384e-06	2.116830e-08	3.820788e+01	1.258470e+03
1.730000e-06	5.337503e-06	2.113675e-08	3.812302e+01	1.256991e+03
1.740000e-06	5.323506e-06	2.106416e-08	3.802305e+01	1.255106e+03
1.750000e-06	5.307524e-06	2.112218e-08	3.790890e+01	1.252857e+03
1.760000e-06	5.289353e-06	2.111621e-08	3.777911e+01	1.250349e+03
1.770000e-06	5.268411e-06	2.101588e-08	3.762954e+01	1.247716e+03
1.780000e-06	5.245259e-06	2.098361e-08	3.746417e+01	1.245082e+03
1.790000e-06	5.220708e-06	2.075356e-08	3.728882e+01	1.242518e+03
1.800000e-06	5.195339e-06	2.084433e-08	3.710762e+01	1.240025e+03
1.810000e-06	5.168616e-06	2.092405e-08	3.691675e+01	1.237530e+03
1.820000e-06	5.139559e-06	2.065159e-08	3.670921e+01	1.234918e+03
1.830000e-06	5.108773e-06	2.079701e-08	3.648932e+01	1.232069e+03
1.840000e-06	5.076367e-06	2.075429e-08	3.625786e+01	1.228899e+03
1.850000e-06	5.041963e-06	2.056580e-08	3.601213e+01	1.225385e+03
1.860000e-06	5.006129e-06	2.067010e-08	3.575619e+01	1.221568e+03
1.870000e-06	4.968332e-06	2.033154e-08	3.548623e+01	1.217527e+03
1.880000e-06	4.928567e-06	2.024695e-08	3.520221e+01	1.213350e+03
1.890000e-06	4.887337e-06	2.048765e-08	3.490772e+01	1.209095e+03
1.900000e-06	4.844294e-06	2.029391e-08	3.460028e+01	1.204770e+03
1.910000e-06	4.799854e-06	2.026432e-08	3.428287e+01	1.200329e+03
1.920000e-06	4.753590e-06	2.006462e-08	3.395243e+01	1.195696e+03
1.930000e-06	4.705138e-06	1.994847e-08	3.360637e+01	1.190795e+03
1.940000e-06	4.655186e-06	2.009491e-08	3.324959e+01	1.185578e+03
1.950000e-06	4.603525e-06	1.975906e-08	3.288060e+01	1.180049e+03
1.960000e-06	4.549903e-06	1.970806e-08	3.249760e+01	1.174258e+03
1.970000e-06	4.494382e-06	1.974631e-08	3.210105e+01	1.168278e+03
1.980000e-06	4.437159e-06	1.963808e-08	3.169233e+01	1.162183e+03
1.990000e-06	4.378669e-06	1.952803e-08	3.127456e+01	1.156011e+03
2.000000e-06	4.318667e-06	1.923408e-08	3.084601e+01	1.149755e+03
2.010000e-06	4.256892e-06	1.930448e-08	3.040478e+01	1.143367e+03
2.020000e-06	4.193430e-06	1.921097e-08	2.995150e+01	1.136774e+03
2.030000e-06	4.128511e-06	1.901781e-08	2.948782e+01	1.129914e+03
2.040000e-06	4.062330e-06	1.893896e-08	2.901512e+01	1.122755e+03
2.050000e-06	3.994703e-06	1.876104e-08	2.853210e+01	1.115308e+03
2.060000e-06	3.925590e-06	1.880222e-08	2.803846e+01	1.107621e+03
2.070000e-06	3.854818e-06	1.857084e-08	2.753297e+01	1.099757e+03
2.080000e-06	3.782617e-06	1.835676e-08	2.701727e+01	1.091770e+03
2.090000e-06	3.709156e-06	1.825478e-08	2.649258e+01	1.083676e+03
2.100000e-06	3.634253e-06	1.812464e-08	2.595759e+01	1.075454e+03
2.110000e-06	3.557946e-06	1.805123e-08	2.541257e+01	1.067050e+03
2.120000e-06	3.480043e-06	1.779935e-08	2.485615e+01	1.058400e+03
2.130000e-06	3.400760e-06	1.770151e-08	2.428987e+01	1.049456e+03
2.140000e-06	3.320272e-06	1.756786e-08	2.371498e+01	1.040205e+03
2.150000e-06	3.238696e-06	1.739196e-08	2.313233e+01	1.030673e+03
2.160000e-06	3.156215e-06	1.718948e-08	2.254321e+01	1.020915e+03
2.170000e-06	3.072679e-06	1.699031e-08	2.194655e+01	1.010990e+03
2.180000e-06	2.988000e-06	1.691819e-08	2.134174e+01	1.000936e+03
2.190000e-06	2.902028e-06	1.673006e-08	2.072768e+01	9.907574e+02
2.200000e-06	2.814876e-06	1.652195e-08	2.010520e+01	9.804196e+02
2.210000e-06	2.726849e-06	1.631468e-08	1.947647e+01	9.698640e+02
2.220000e-06	2.637974e-06	1.617233e-08	1.884168e+01	9.590307e+02
2.230000e-06	2.548265e-06	1.600590e-08	1.820094e+01	9.478825e+02
2.240000e-06	2.457792e-06	1.576303e-08	1.755474e+01	9.364191e+02
2.250000e-06	2.366485e-06	1.556800e-08	1.690258e+01	9.246773e+02
2.260000e-06	2.274223e-06	1.539530e-08	1.624360e+01	9.127159e+02
2.270000e-06	2.181177e-06	1.521110e-08	1.557902e+01	9.005925e+02
2.280000e-06	2.087365e-06	1.496142e-08	1.490897e+01	8.883404e+02
2.290000e-06	1.992651e-06	1.473044e-08	1.423247e+01	8.759553e+02
2.300000e-06	1.897124e-06	1.455008e-08	1.355018e+01	8.633962e+02
2.310000e-06	1.800978e-06	1.435353e-08	1.286345e+01	8.506008e+02
2.320000e-06	1.704312e-06	1.411122e-08	1.217302e+01	8.375076e+02
2.330000e-06	1.607105e-06	1.386611e-08	1.147872e+01	8.240778e+02
2.340000e-06	1.509319e-06	1.365633e-08	1.078028e+01	8.103072e+02
2.350000e-06	1.410999e-06	1.343744e-08	1.007804e+01	7.962245e+02
2.360000e-06	1.312224e-06	1.317585e-08	9.372538e+00	7.818774e+02
2.370000e-06	1.213066e-06	1.290697e-08	8.664301e+00	7.673108e+02
2.380000e-06	1.113534e-06	1.267290e-08	7.953398e+00	7.525475e+02
2.390000e-06	1.013645e-06	1.244049e-08	7.239942e+00	7.375771e+02
2.400000e-06	9.134254e-07	1.217211e-08	6.524125e+00	7.223577e+02
2.410000e-06	8.128847e-07	1.188739e-08	5.806015e+00	7.068291e+02
2.420000e-06	7.120622e-07	1.162861e-08	5.085892e+00	6.909315e+02
2.430000e-06	6.109100e-07	1.137267e-08	4.363414e+00	6.746230e+02
2.440000e-06	5.094818e-07	1.108196e-08	3.638965e+00	6.578879e+02
2.450000e-06	4.079411e-07	1.077032e-08	2.913712e+00	6.407336e+02
2.460000e-06	3.061825e-07	1.047729e-08	2.186903e+00	6.231777e+02
2.470000e-06	2.041952e-07	1.019746e-08	1.458461e+00	6.052281e+02
2.480000e-06	1.021575e-07	9.886067e-09	7.296581e-01	5.868664e+02
2.490000e-06	1.798383e-10	9.549890e-09	1.284492e-03	5.680375e+02
2.500000e-06	-1.018207e-07	9.220201e-09	-7.272529e-01	5.486510e+02
2.510000e-06	-2.038665e-07	8.898656e-09	-1.456113e+00	5.285932e+02
2.520000e-06	-3.056832e-07	8.550694e-09	-2.183337e+00	5.077446e+02
2.530000e-06	-4.072948e-07	8.167557e-09	-2.909096e+00	4.859987e+02
2.540000e-06	-5.087913e-07	7.780998e-09	-3.634033e+00	4.632755e+02
2.550000e-06	-6.100593e-07	7.393884e-09	-4.357338e+00	4.395260e+02
2.560000e-06	-7.109933e-07	6.979590e-09	-5.078257e+00	4.147255e+02
2.570000e-06	-8.115925e-07	6.528696e-09	-5.796785e+00	3.888601e+02
2.580000e-06	-9.119118e-07	6.066219e-09	-6.513314e+00	3.619065e+02
2.590000e-06	-1.011915e-06	5.606092e-09	-7.227583e+00	3.338124e+02
2.600000e-06	-1.111494e-06	5.120701e-09	-7.938824e+00	3.044793e+02
2.610000e-06	-1.210685e-06	4.597794e-09	-8.647300e+00	2.737534e+02
2.620000e-06	-1.309494e-06	4.050052e-09	-9.353039e+00	2.414253e+02
2.630000e-06	-1.407857e-06	3.483122e-09	-1.005559e+01	2.072399e+02
2.640000e-06	-1.505729e-06	2.879455e-09	-1.075464e+01	1.709183e+02
2.650000e-06	-1.603026e-06	2.220626e-09	-1.144959e+01	1.321885e+02
2.660000e-06	-1.699810e-06	1.518333e-09	-1.214086e+01	9.082367e+01
2.670000e-06	-1.796161e-06	7.827823e-10	-1.282905e+01	4.668298e+01
2.680000e-06	-1.891980e-06	5.461785e-12	-1.351343e+01	-2.514744e-01
2.690000e-06	-1.987194e-06	-8.241526e-10	-1.419350e+01	-4.984727e+01
2.700000e-06	-2.081676e-06	-1.697545e-09	-1.486833e+01	-1.018102e+02
2.710000e-06	-2.175282e-06	-2.595984e-09	-1.553691e+01	-1.556922e+02
2.720000e-06	-2.268010e-06	-3.514394e-09	-1.619922e+01	-2.109183e+02
2.730000e-06	-2.359853e-06	-4.453542e-09	-1.685521e+01	-2.668295e+02
2.740000e-06	-2.450798e-06	-5.402577e-09	-1.750478e+01	-3.227355e+02
2.750000e-06	-2.540889e-06	-6.335831e-09	-1.814825e+01	-3.779677e+02
2.760000e-06	-2.630041e-06	-7.240435e-09	-1.878502e+01	-4.319257e+02
2.770000e-06	-2.718307e-06	-8.119792e-09	-1.941546e+01	-4.841110e+02
2.780000e-06	-2.805750e-06	-8.970123e-09	-2.004002e+01	-5.341450e+02
2.790000e-06	-2.892194e-06	-9.775243e-09	-2.065745e+01	-5.817718e+02
2.800000e-06	-2.977506e-06	-1.052816e-08	-2.126679e+01	-6.268479e+02
2.810000e-06	-3.061570e-06	-1.123904e-08	-2.186721e+01	-6.693241e+02
2.820000e-06	-3.144532e-06	-1.191451e-08	-2.245976e+01	-7.092238e+02
2.830000e-06	-3.226527e-06	-1.255019e-08	-2.304541e+01	-7.466201e+02
2.840000e-06	-3.307458e-06	-1.314101e-08	-2.362346e+01	-7.816172e+02
2.850000e-06	-3.387303e-06	-1.369593e-08	-2.419375e+01	-8.143343e+02
2.860000e-06	-3.465953e-06	-1.421835e-08	-2.475551e+01	-8.448957e+02
2.870000e-06	-3.543126e-06	-1.469938e-08	-2.530671e+01	-8.734244e+02
2.880000e-06	-3.618722e-06	-1.514042e-08	-2.584666e+01	-9.000406e+02
2.890000e-06	-3.692943e-06	-1.555180e-08	-2.637678e+01	-9.248627e+02
2.900000e-06	-3.765898e-06	-1.594378e-08	-2.689786e+01	-9.480100e+02
2.910000e-06	-3.837586e-06	-1.631497e-08	-2.740989e+01	-9.696039e+02
2.920000e-06	-3.907920e-06	-1.666061e-08	-2.791225e+01	-9.897680e+02
2.930000e-06	-3.976641e-06	-1.698356e-08	-2.840309e+01	-1.008624e+03
2.940000e-06	-4.043823e-06	-1.728764e-08	-2.888294e+01	-1.026288e+03
2.950000e-06	-4.109719e-06	-1.756900e-08	-2.935360e+01	-1.042860e+03
2.960000e-06	-4.174220e-06	-1.782352e-08	-2.981429e+01	-1.058423e+03
2.970000e-06	-4.237292e-06	-1.806056e-08	-3.026478e+01	-1.073040e+03
2.980000e-06	-4.298750e-06	-1.828872e-08	-3.070375e+01	-1.086757e+03
2.990000e-06	-4.358524e-06	-1.850992e-08	-3.113068e+01	-1.099613e+03
3.000000e-06	-4.416851e-06	-1.871766e-08	-3.154728e+01	-1.111648e+03
3.010000e-06	-4.473685e-06	-1.891135e-08	-3.195322e+01	-1.122911e+03
3.020000e-06	-4.529012e-06	-1.909065e-08	-3.234839e+01	-1.133460e+03
3.030000e-06	-4.582491e-06	-1.925794e-08	-3.273036e+01	-1.143361e+03
3.040000e-06	-4.633988e-06	-1.941300e-08	-3.309818e+01	-1.152677e+03
3.050000e-06	-4.683756e-06	-1.955547e-08	-3.345365e+01	-1.161458e+03
3.060000e-06	-4.731531e-06	-1.969060e-08	-3.379488e+01	-1.169734e+03
3.070000e-06	-4.777387e-06	-1.982430e-08	-3.412240e+01	-1.177512e+03
3.080000e-06	-4.821723e-06	-1.995249e-08	-3.443907e+01	-1.184787e+03
3.090000e-06	-4.864588e-06	-2.007663e-08	-3.474524e+01	-1.191551e+03
3.100000e-06	-4.905975e-06	-2.018927e-08	-3.504084e+01	-1.197808e+03
3.110000e-06	-4.945756e-06	-2.028792e-08	-3.532498e+01	-1.203585e+03
3.120000e-06	-4.983683e-06	-2.037518e-08	-3.559587e+01	-1.208931e+03
3.130000e-06	-5.019738e-06	-2.045397e-08	-3.585339e+01	-1.213907e+03
3.140000e-06	-5.054052e-06	-2.053035e-08	-3.609848e+01	-1.218573e+03
3.150000e-06	-5.086573e-06	-2.060529e-08	-3.633076e+01	-1.222969e+03
3.160000e-06	-5.117334e-06	-2.067942e-08	-3.655047e+01	-1.227109e+03
3.170000e-06	-5.146139e-06	-2.074725e-08	-3.675621e+01	-1.230972e+03
3.180000e-06	-5.173025e-06	-2.080779e-08	-3.694824e+01	-1.234525e+03
3.190000e-06	-5.198163e-06	-2.086326e-08	-3.712779e+01	-1.237730e+03
3.200000e-06	-5.221578e-06	-2.091151e-08	-3.729503e+01	-1.240571e+03
3.210000e-06	-5.243013e-06	-2.095068e-08	-3.744813e+01	-1.243062e+03
3.220000e-06	-5.262503e-06	-2.098325e-08	-3.758734e+01	-1.245245e+03
3.230000e-06	-5.280408e-06	-2.101307e-08	-3.771522e+01	-1.247181e+03
3.240000e-06	-5.296540e-06	-2.104481e-08	-3.783045e+01	-1.248923e+03
3.250000e-06	-5.310466e-06	-2.107246e-08	-3.792991e+01	-1.250500e+03
3.260000e-06	-5.322137e-06	-2.109749e-08	-3.801327e+01	-1.251906e+03
3.270000e-06	-5.331940e-06	-2.111813e-08	-3.808329e+01	-1.253102e+03
3.280000e-06	-5.339972e-06	-2.113668e-08	-3.814066e+01	-1.254037e+03
3.290000e-06	-5.345994e-06	-2.114917e-08	-3.818367e+01	-1.254666e+03
3.300000e-06	-5.350034e-06	-2.115280e-08	-3.821252e+01	-1.254980e+03
3.310000e-06	-5.352362e-06	-2.115451e-08	-3.822915e+01	-1.255007e+03
3.320000e-06	-5.352910e-06	-2.115359e-08	-3.823306e+01	-1.254814e+03
