# Temperatura_=_37.4
# Concentracion g/m^3_=_11000.0
# C_Vs_to_Am_M_A/Vsm_=_59384043850.047264
# pendiente_HvsI_1/m_=_3716.3
# ordenada_HvsI_A/m_=_1297.0
# frecuencia_Hz_=_301648.2612349156

Tiempo_(s)	Campo_(V.s)	Magnetizacion_(V.s)	Campo_(kA/m)	Magnetizacion_(A/m)
0.000000e+00	-8.041089e-06	-4.888893e-09	-5.685369e+01	-2.894997e+02
1.000000e-08	-8.037437e-06	-4.887406e-09	-5.682787e+01	-2.894666e+02
2.000000e-08	-8.031166e-06	-4.885588e-09	-5.678352e+01	-2.893704e+02
3.000000e-08	-8.022230e-06	-4.884225e-09	-5.672035e+01	-2.892360e+02
4.000000e-08	-8.010384e-06	-4.881372e-09	-5.663659e+01	-2.890821e+02
5.000000e-08	-7.995586e-06	-4.878109e-09	-5.653196e+01	-2.889130e+02
6.000000e-08	-7.977945e-06	-4.876743e-09	-5.640723e+01	-2.887167e+02
7.000000e-08	-7.957856e-06	-4.880823e-09	-5.626520e+01	-2.884703e+02
8.000000e-08	-7.935324e-06	-4.874095e-09	-5.610589e+01	-2.881501e+02
9.000000e-08	-7.909653e-06	-4.825850e-09	-5.592438e+01	-2.877422e+02
1.000000e-07	-7.880649e-06	-4.813978e-09	-5.571931e+01	-2.872484e+02
1.100000e-07	-7.848819e-06	-4.842035e-09	-5.549426e+01	-2.866858e+02
1.200000e-07	-7.814278e-06	-4.845433e-09	-5.525004e+01	-2.860794e+02
1.300000e-07	-7.777123e-06	-4.817608e-09	-5.498734e+01	-2.854519e+02
1.400000e-07	-7.737760e-06	-4.815392e-09	-5.470903e+01	-2.848134e+02
1.500000e-07	-7.696133e-06	-4.843356e-09	-5.441471e+01	-2.841574e+02
1.600000e-07	-7.651795e-06	-4.765434e-09	-5.410122e+01	-2.834638e+02
1.700000e-07	-7.604702e-06	-4.772308e-09	-5.376826e+01	-2.827073e+02
1.800000e-07	-7.554856e-06	-4.743414e-09	-5.341583e+01	-2.818684e+02
1.900000e-07	-7.501883e-06	-4.701971e-09	-5.304129e+01	-2.809428e+02
2.000000e-07	-7.445997e-06	-4.766580e-09	-5.264615e+01	-2.799432e+02
2.100000e-07	-7.387471e-06	-4.708131e-09	-5.223235e+01	-2.788949e+02
2.200000e-07	-7.326308e-06	-4.688928e-09	-5.179990e+01	-2.778254e+02
2.300000e-07	-7.262485e-06	-4.672603e-09	-5.134865e+01	-2.767535e+02
2.400000e-07	-7.195819e-06	-4.660056e-09	-5.087729e+01	-2.756814e+02
2.500000e-07	-7.126511e-06	-4.635708e-09	-5.038726e+01	-2.745939e+02
2.600000e-07	-7.054638e-06	-4.579951e-09	-4.987908e+01	-2.734649e+02
2.700000e-07	-6.980041e-06	-4.588962e-09	-4.935166e+01	-2.722680e+02
2.800000e-07	-6.902687e-06	-4.582619e-09	-4.880473e+01	-2.709879e+02
2.900000e-07	-6.822650e-06	-4.559814e-09	-4.823884e+01	-2.696262e+02
3.000000e-07	-6.740151e-06	-4.504525e-09	-4.765554e+01	-2.682010e+02
3.100000e-07	-6.655399e-06	-4.474975e-09	-4.705631e+01	-2.667388e+02
3.200000e-07	-6.568416e-06	-4.480484e-09	-4.644130e+01	-2.652630e+02
3.300000e-07	-6.479079e-06	-4.438192e-09	-4.580965e+01	-2.637842e+02
3.400000e-07	-6.387361e-06	-4.407507e-09	-4.516117e+01	-2.622949e+02
3.500000e-07	-6.293382e-06	-4.391002e-09	-4.449670e+01	-2.607725e+02
3.600000e-07	-6.197174e-06	-4.381279e-09	-4.381648e+01	-2.591885e+02
3.700000e-07	-6.098631e-06	-4.349845e-09	-4.311974e+01	-2.575198e+02
3.800000e-07	-5.997835e-06	-4.296219e-09	-4.240707e+01	-2.557584e+02
3.900000e-07	-5.894920e-06	-4.265726e-09	-4.167942e+01	-2.539146e+02
4.000000e-07	-5.789892e-06	-4.244302e-09	-4.093683e+01	-2.520121e+02
4.100000e-07	-5.682735e-06	-4.222979e-09	-4.017919e+01	-2.500776e+02
4.200000e-07	-5.573579e-06	-4.174394e-09	-3.940741e+01	-2.481292e+02
4.300000e-07	-5.462461e-06	-4.142386e-09	-3.862177e+01	-2.461676e+02
4.400000e-07	-5.349294e-06	-4.121993e-09	-3.782163e+01	-2.441745e+02
4.500000e-07	-5.234013e-06	-4.085156e-09	-3.700655e+01	-2.421186e+02
4.600000e-07	-5.116561e-06	-4.036563e-09	-3.617612e+01	-2.399673e+02
4.700000e-07	-4.997141e-06	-3.993958e-09	-3.533177e+01	-2.376985e+02
4.800000e-07	-4.875947e-06	-3.965235e-09	-3.447488e+01	-2.353085e+02
4.900000e-07	-4.752993e-06	-3.923292e-09	-3.360554e+01	-2.328129e+02
5.000000e-07	-4.628340e-06	-3.871184e-09	-3.272420e+01	-2.302395e+02
5.100000e-07	-4.502088e-06	-3.820123e-09	-3.183154e+01	-2.276164e+02
5.200000e-07	-4.374207e-06	-3.784093e-09	-3.092738e+01	-2.249600e+02
5.300000e-07	-4.244735e-06	-3.744984e-09	-3.001196e+01	-2.222683e+02
5.400000e-07	-4.113764e-06	-3.691574e-09	-2.908594e+01	-2.195202e+02
5.500000e-07	-3.981291e-06	-3.639342e-09	-2.814930e+01	-2.166833e+02
5.600000e-07	-3.847292e-06	-3.594888e-09	-2.720188e+01	-2.137251e+02
5.700000e-07	-3.711859e-06	-3.545729e-09	-2.624432e+01	-2.106240e+02
5.800000e-07	-3.575219e-06	-3.480069e-09	-2.527821e+01	-2.073763e+02
5.900000e-07	-3.437364e-06	-3.418253e-09	-2.430353e+01	-2.039948e+02
6.000000e-07	-3.298010e-06	-3.368169e-09	-2.331824e+01	-2.005027e+02
6.100000e-07	-3.157117e-06	-3.316883e-09	-2.232207e+01	-1.969228e+02
6.200000e-07	-3.015044e-06	-3.251977e-09	-2.131756e+01	-1.932681e+02
6.300000e-07	-2.871913e-06	-3.183822e-09	-2.030556e+01	-1.895370e+02
6.400000e-07	-2.727614e-06	-3.121121e-09	-1.928531e+01	-1.857139e+02
6.500000e-07	-2.582231e-06	-3.053880e-09	-1.825739e+01	-1.817757e+02
6.600000e-07	-2.435910e-06	-2.979335e-09	-1.722285e+01	-1.777008e+02
6.700000e-07	-2.288791e-06	-2.905788e-09	-1.618266e+01	-1.734759e+02
6.800000e-07	-2.140897e-06	-2.841346e-09	-1.513699e+01	-1.691000e+02
6.900000e-07	-1.992276e-06	-2.770809e-09	-1.408618e+01	-1.645820e+02
7.000000e-07	-1.843042e-06	-2.691714e-09	-1.303103e+01	-1.599355e+02
7.100000e-07	-1.693220e-06	-2.609235e-09	-1.197174e+01	-1.551713e+02
7.200000e-07	-1.542856e-06	-2.528243e-09	-1.090861e+01	-1.502927e+02
7.300000e-07	-1.391954e-06	-2.445811e-09	-9.841670e+00	-1.452940e+02
7.400000e-07	-1.240533e-06	-2.355125e-09	-8.771061e+00	-1.401629e+02
7.500000e-07	-1.088673e-06	-2.263072e-09	-7.697351e+00	-1.348856e+02
7.600000e-07	-9.363824e-07	-2.174122e-09	-6.620595e+00	-1.294518e+02
7.700000e-07	-7.837024e-07	-2.088127e-09	-5.541087e+00	-1.238575e+02
7.800000e-07	-6.307970e-07	-1.993287e-09	-4.459985e+00	-1.181044e+02
7.900000e-07	-4.777357e-07	-1.891001e-09	-3.377780e+00	-1.121970e+02
8.000000e-07	-3.244766e-07	-1.789264e-09	-2.294178e+00	-1.061382e+02
8.100000e-07	-1.710662e-07	-1.687071e-09	-1.209505e+00	-9.992722e+01
8.200000e-07	-1.759607e-08	-1.578326e-09	-1.244112e-01	-9.355947e+01
8.300000e-07	1.358496e-07	-1.463533e-09	9.605102e-01	-8.702936e+01
8.400000e-07	2.892401e-07	-1.350512e-09	2.045042e+00	-8.033478e+01
8.500000e-07	4.424878e-07	-1.238983e-09	3.128564e+00	-7.348074e+01
8.600000e-07	5.955303e-07	-1.123666e-09	4.210635e+00	-6.648050e+01
8.700000e-07	7.484044e-07	-1.002355e-09	5.291516e+00	-5.935333e+01
8.800000e-07	9.010496e-07	-8.802918e-10	6.370778e+00	-5.211984e+01
8.900000e-07	1.053421e-06	-7.598007e-10	7.448104e+00	-4.479653e+01
9.000000e-07	1.205369e-06	-6.350155e-10	8.522435e+00	-3.739214e+01
9.100000e-07	1.356794e-06	-5.050203e-10	9.593071e+00	-2.990695e+01
9.200000e-07	1.507746e-06	-3.761288e-10	1.066036e+01	-2.233549e+01
9.300000e-07	1.658174e-06	-2.490630e-10	1.172394e+01	-1.467089e+01
9.400000e-07	1.808035e-06	-1.213214e-10	1.278352e+01	-6.908893e+00
9.500000e-07	1.957276e-06	8.818998e-12	1.383872e+01	9.505598e-01
9.600000e-07	2.105846e-06	1.425947e-10	1.488916e+01	8.905110e+00
9.700000e-07	2.253700e-06	2.774717e-10	1.593455e+01	1.695417e+01
9.800000e-07	2.400728e-06	4.147439e-10	1.697410e+01	2.510338e+01
9.900000e-07	2.546930e-06	5.585014e-10	1.800781e+01	3.336675e+01
1.000000e-06	2.692228e-06	7.049539e-10	1.903512e+01	4.176458e+01
1.010000e-06	2.836467e-06	8.491060e-10	2.005494e+01	5.031721e+01
1.020000e-06	2.979623e-06	9.924652e-10	2.106711e+01	5.903617e+01
1.030000e-06	3.121745e-06	1.140646e-09	2.207197e+01	6.791606e+01
1.040000e-06	3.262747e-06	1.292765e-09	2.306892e+01	7.693010e+01
1.050000e-06	3.402443e-06	1.444263e-09	2.405662e+01	8.603137e+01
1.060000e-06	3.540745e-06	1.595033e-09	2.503447e+01	9.515934e+01
1.070000e-06	3.677679e-06	1.749935e-09	2.600265e+01	1.042495e+02
1.080000e-06	3.813293e-06	1.906640e-09	2.696149e+01	1.132429e+02
1.090000e-06	3.947523e-06	2.057628e-09	2.791056e+01	1.220914e+02
1.100000e-06	4.080359e-06	2.200569e-09	2.884976e+01	1.307584e+02
1.110000e-06	4.211678e-06	2.341981e-09	2.977823e+01	1.392150e+02
1.120000e-06	4.341392e-06	2.481174e-09	3.069536e+01	1.474333e+02
1.130000e-06	4.469614e-06	2.610803e-09	3.160195e+01	1.553822e+02
1.140000e-06	4.596313e-06	2.735408e-09	3.249775e+01	1.630269e+02
1.150000e-06	4.721501e-06	2.858566e-09	3.338288e+01	1.703326e+02
1.160000e-06	4.845014e-06	2.978948e-09	3.425617e+01	1.772730e+02
1.170000e-06	4.966672e-06	3.089022e-09	3.511634e+01	1.838371e+02
1.180000e-06	5.086618e-06	3.190932e-09	3.596441e+01	1.900338e+02
1.190000e-06	5.204762e-06	3.289326e-09	3.679973e+01	1.958898e+02
1.200000e-06	5.320884e-06	3.383078e-09	3.762076e+01	2.014421e+02
1.210000e-06	5.434919e-06	3.469333e-09	3.842703e+01	2.067270e+02
1.220000e-06	5.546838e-06	3.549091e-09	3.921834e+01	2.117707e+02
1.230000e-06	5.656812e-06	3.629439e-09	3.999590e+01	2.165835e+02
1.240000e-06	5.764891e-06	3.709344e-09	4.076006e+01	2.211623e+02
1.250000e-06	5.870869e-06	3.784382e-09	4.150937e+01	2.254984e+02
1.260000e-06	5.974662e-06	3.853547e-09	4.224323e+01	2.295876e+02
1.270000e-06	6.076360e-06	3.920263e-09	4.296227e+01	2.334396e+02
1.280000e-06	6.175851e-06	3.984302e-09	4.366571e+01	2.370801e+02
1.290000e-06	6.272998e-06	4.042407e-09	4.435258e+01	2.405465e+02
1.300000e-06	6.367912e-06	4.094751e-09	4.502366e+01	2.438770e+02
1.310000e-06	6.460724e-06	4.146565e-09	4.567988e+01	2.470983e+02
1.320000e-06	6.551273e-06	4.199333e-09	4.632010e+01	2.502162e+02
1.330000e-06	6.639410e-06	4.251748e-09	4.694326e+01	2.532146e+02
1.340000e-06	6.725295e-06	4.301595e-09	4.755050e+01	2.560618e+02
1.350000e-06	6.808878e-06	4.347571e-09	4.814146e+01	2.587244e+02
1.360000e-06	6.889995e-06	4.390862e-09	4.871499e+01	2.611812e+02
1.370000e-06	6.968665e-06	4.429161e-09	4.927123e+01	2.634338e+02
1.380000e-06	7.044760e-06	4.461000e-09	4.980924e+01	2.655079e+02
1.390000e-06	7.118086e-06	4.490376e-09	5.032769e+01	2.674460e+02
1.400000e-06	7.188873e-06	4.522372e-09	5.082818e+01	2.692929e+02
1.410000e-06	7.257213e-06	4.554838e-09	5.131137e+01	2.710811e+02
1.420000e-06	7.322924e-06	4.584874e-09	5.177597e+01	2.728202e+02
1.430000e-06	7.386024e-06	4.612085e-09	5.222212e+01	2.744956e+02
1.440000e-06	7.446642e-06	4.638522e-09	5.265071e+01	2.760768e+02
1.450000e-06	7.504631e-06	4.663772e-09	5.306072e+01	2.775311e+02
1.460000e-06	7.559904e-06	4.686052e-09	5.345152e+01	2.788391e+02
1.470000e-06	7.612209e-06	4.705112e-09	5.382133e+01	2.800033e+02
1.480000e-06	7.661260e-06	4.724009e-09	5.416814e+01	2.810488e+02
1.490000e-06	7.707457e-06	4.743099e-09	5.449478e+01	2.820144e+02
1.500000e-06	7.750999e-06	4.759503e-09	5.480264e+01	2.829388e+02
1.510000e-06	7.791668e-06	4.774626e-09	5.509018e+01	2.838461e+02
1.520000e-06	7.829616e-06	4.788264e-09	5.535849e+01	2.847383e+02
1.530000e-06	7.864979e-06	4.800898e-09	5.560852e+01	2.855954e+02
1.540000e-06	7.897514e-06	4.812772e-09	5.583856e+01	2.863855e+02
1.550000e-06	7.927314e-06	4.824263e-09	5.604925e+01	2.870779e+02
1.560000e-06	7.954387e-06	4.834852e-09	5.624067e+01	2.876568e+02
1.570000e-06	7.978495e-06	4.843067e-09	5.641113e+01	2.881270e+02
1.580000e-06	7.999828e-06	4.847651e-09	5.656195e+01	2.885125e+02
1.590000e-06	8.018459e-06	4.851130e-09	5.669368e+01	2.888467e+02
1.600000e-06	8.034157e-06	4.857425e-09	5.680467e+01	2.891593e+02
1.610000e-06	8.046801e-06	4.864988e-09	5.689407e+01	2.894649e+02
1.620000e-06	8.056303e-06	4.869916e-09	5.696126e+01	2.897586e+02
1.630000e-06	8.062849e-06	4.872287e-09	5.700754e+01	2.900193e+02
1.640000e-06	8.066651e-06	4.874608e-09	5.703442e+01	2.902194e+02
1.650000e-06	8.067652e-06	4.875779e-09	5.704150e+01	2.903371e+02
1.660000e-06	8.065936e-06	4.876622e-09	5.702937e+01	2.903653e+02
1.670000e-06	8.061582e-06	4.876802e-09	5.699858e+01	2.903143e+02
1.680000e-06	8.054506e-06	4.875325e-09	5.694855e+01	2.902063e+02
1.690000e-06	8.044727e-06	4.872036e-09	5.687941e+01	2.900658e+02
1.700000e-06	8.032165e-06	4.868641e-09	5.679059e+01	2.899085e+02
1.710000e-06	8.016875e-06	4.864679e-09	5.668248e+01	2.897344e+02
1.720000e-06	7.999204e-06	4.853165e-09	5.655755e+01	2.895280e+02
1.730000e-06	7.979183e-06	4.836877e-09	5.641599e+01	2.892652e+02
1.740000e-06	7.956242e-06	4.886266e-09	5.625379e+01	2.889240e+02
1.750000e-06	7.929744e-06	4.895334e-09	5.606644e+01	2.884938e+02
1.760000e-06	7.899593e-06	4.850501e-09	5.585325e+01	2.879808e+02
1.770000e-06	7.866465e-06	4.829896e-09	5.561903e+01	2.874049e+02
1.780000e-06	7.830915e-06	4.827163e-09	5.536768e+01	2.867915e+02
1.790000e-06	7.792936e-06	4.761720e-09	5.509915e+01	2.861610e+02
1.800000e-06	7.752908e-06	4.779615e-09	5.481613e+01	2.855195e+02
1.810000e-06	7.710740e-06	4.835181e-09	5.451799e+01	2.848565e+02
1.820000e-06	7.665827e-06	4.736606e-09	5.420043e+01	2.841495e+02
1.830000e-06	7.618240e-06	4.819241e-09	5.386397e+01	2.833738e+02
1.840000e-06	7.567635e-06	4.776112e-09	5.350618e+01	2.825131e+02
1.850000e-06	7.513920e-06	4.713968e-09	5.312639e+01	2.815673e+02
1.860000e-06	7.457510e-06	4.741745e-09	5.272755e+01	2.805529e+02
1.870000e-06	7.398395e-06	4.664561e-09	5.230958e+01	2.794969e+02
1.880000e-06	7.336733e-06	4.720467e-09	5.187361e+01	2.784257e+02
1.890000e-06	7.272344e-06	4.662747e-09	5.141836e+01	2.773543e+02
1.900000e-06	7.205203e-06	4.669109e-09	5.094364e+01	2.762805e+02
1.910000e-06	7.135320e-06	4.674211e-09	5.044954e+01	2.751853e+02
1.920000e-06	7.062656e-06	4.589642e-09	4.993578e+01	2.740417e+02
1.930000e-06	6.987405e-06	4.609582e-09	4.940372e+01	2.728249e+02
1.940000e-06	6.909399e-06	4.552139e-09	4.885219e+01	2.715236e+02
1.950000e-06	6.828820e-06	4.576916e-09	4.828246e+01	2.701440e+02
1.960000e-06	6.745861e-06	4.541934e-09	4.769591e+01	2.687070e+02
1.970000e-06	6.660446e-06	4.504918e-09	4.709199e+01	2.672396e+02
1.980000e-06	6.572570e-06	4.509113e-09	4.647068e+01	2.657628e+02
1.990000e-06	6.482318e-06	4.441803e-09	4.583256e+01	2.642829e+02
2.000000e-06	6.389942e-06	4.440975e-09	4.517943e+01	2.627879e+02
2.010000e-06	6.295258e-06	4.389900e-09	4.450997e+01	2.612529e+02
2.020000e-06	6.198267e-06	4.392051e-09	4.382420e+01	2.596494e+02
2.030000e-06	6.099102e-06	4.366295e-09	4.312307e+01	2.579577e+02
2.040000e-06	5.997749e-06	4.332485e-09	4.240647e+01	2.561742e+02
2.050000e-06	5.894163e-06	4.298544e-09	4.167407e+01	2.543132e+02
2.060000e-06	5.788465e-06	4.248697e-09	4.092674e+01	2.524004e+02
2.070000e-06	5.680849e-06	4.230571e-09	4.016586e+01	2.504614e+02
2.080000e-06	5.571175e-06	4.184580e-09	3.939042e+01	2.485105e+02
2.090000e-06	5.459437e-06	4.165860e-09	3.860038e+01	2.465435e+02
2.100000e-06	5.345556e-06	4.133783e-09	3.779520e+01	2.445379e+02
2.110000e-06	5.229602e-06	4.106612e-09	3.697536e+01	2.424612e+02
2.120000e-06	5.111607e-06	4.061899e-09	3.614109e+01	2.402820e+02
2.130000e-06	4.991575e-06	4.016854e-09	3.529241e+01	2.379825e+02
2.140000e-06	4.869763e-06	3.972896e-09	3.443115e+01	2.355641e+02
2.150000e-06	4.746247e-06	3.933603e-09	3.355785e+01	2.330463e+02
2.160000e-06	4.621054e-06	3.897121e-09	3.267269e+01	2.304582e+02
2.170000e-06	4.494158e-06	3.854744e-09	3.177548e+01	2.278259e+02
2.180000e-06	4.365626e-06	3.815347e-09	3.086671e+01	2.251618e+02
2.190000e-06	4.235604e-06	3.770079e-09	2.994740e+01	2.224587e+02
2.200000e-06	4.104123e-06	3.723776e-09	2.901778e+01	2.196917e+02
2.210000e-06	3.971217e-06	3.665676e-09	2.807808e+01	2.168273e+02
2.220000e-06	3.836802e-06	3.617875e-09	2.712771e+01	2.138348e+02
2.230000e-06	3.700813e-06	3.566571e-09	2.616622e+01	2.106968e+02
2.240000e-06	3.563538e-06	3.514788e-09	2.519563e+01	2.074140e+02
2.250000e-06	3.425080e-06	3.457476e-09	2.421667e+01	2.040026e+02
2.260000e-06	3.285323e-06	3.397894e-09	2.322853e+01	2.004867e+02
2.270000e-06	3.144264e-06	3.342374e-09	2.223119e+01	1.968875e+02
2.280000e-06	3.001966e-06	3.277312e-09	2.122509e+01	1.932146e+02
2.290000e-06	2.858524e-06	3.213060e-09	2.021090e+01	1.894625e+02
2.300000e-06	2.714019e-06	3.147814e-09	1.918919e+01	1.856129e+02
2.310000e-06	2.568643e-06	3.083350e-09	1.816132e+01	1.816424e+02
2.320000e-06	2.422411e-06	3.013403e-09	1.712741e+01	1.775308e+02
2.330000e-06	2.275284e-06	2.940295e-09	1.608716e+01	1.732679e+02
2.340000e-06	2.127327e-06	2.867861e-09	1.504105e+01	1.688554e+02
2.350000e-06	1.978667e-06	2.791551e-09	1.398996e+01	1.643041e+02
2.360000e-06	1.829388e-06	2.714462e-09	1.293450e+01	1.596275e+02
2.370000e-06	1.679451e-06	2.631087e-09	1.187438e+01	1.548348e+02
2.380000e-06	1.528919e-06	2.547150e-09	1.081006e+01	1.499271e+02
2.390000e-06	1.377842e-06	2.463631e-09	9.741890e+00	1.448967e+02
2.400000e-06	1.226185e-06	2.377032e-09	8.669615e+00	1.397303e+02
2.410000e-06	1.074035e-06	2.287209e-09	7.593851e+00	1.344147e+02
2.420000e-06	9.214890e-07	2.193629e-09	6.515293e+00	1.289410e+02
2.430000e-06	7.686774e-07	2.098825e-09	5.434854e+00	1.233068e+02
2.440000e-06	6.156529e-07	2.000164e-09	4.352910e+00	1.175148e+02
2.450000e-06	4.624265e-07	1.898234e-09	3.269539e+00	1.115694e+02
2.460000e-06	3.090645e-07	1.796327e-09	2.185208e+00	1.054729e+02
2.470000e-06	1.555844e-07	1.692034e-09	1.100044e+00	9.922339e+01
2.480000e-06	2.047509e-09	1.584106e-09	1.447670e-02	9.281559e+01
2.490000e-06	-1.514629e-07	1.469876e-09	-1.070903e+00	8.624441e+01
2.500000e-06	-3.048970e-07	1.354427e-09	-2.155742e+00	7.950924e+01
2.510000e-06	-4.582246e-07	1.240756e-09	-3.239830e+00	7.261719e+01
2.520000e-06	-6.114100e-07	1.124229e-09	-4.322911e+00	6.558335e+01
2.530000e-06	-7.643371e-07	1.003795e-09	-5.404166e+00	5.842782e+01
2.540000e-06	-9.169684e-07	8.799754e-10	-6.483330e+00	5.117067e+01
2.550000e-06	-1.069268e-06	7.573206e-10	-7.560146e+00	4.382670e+01
2.560000e-06	-1.221162e-06	6.318723e-10	-8.634099e+00	3.640244e+01
2.570000e-06	-1.372535e-06	5.000301e-10	-9.704369e+00	2.889642e+01
2.580000e-06	-1.523352e-06	3.688364e-10	-1.077070e+01	2.130235e+01
2.590000e-06	-1.673629e-06	2.401267e-10	-1.183322e+01	1.361371e+01
2.600000e-06	-1.823236e-06	1.108014e-10	-1.289100e+01	5.827293e+00
2.610000e-06	-1.972168e-06	-2.317593e-11	-1.394401e+01	-2.056090e+00
2.620000e-06	-2.120441e-06	-1.603116e-10	-1.499236e+01	-1.003407e+01
2.630000e-06	-2.267990e-06	-2.959292e-10	-1.603559e+01	-1.810724e+01
2.640000e-06	-2.414772e-06	-4.335721e-10	-1.707340e+01	-2.628328e+01
2.650000e-06	-2.560670e-06	-5.747356e-10	-1.810496e+01	-3.457814e+01
2.660000e-06	-2.705638e-06	-7.188428e-10	-1.912993e+01	-4.301288e+01
2.670000e-06	-2.849716e-06	-8.638473e-10	-2.014862e+01	-5.160647e+01
2.680000e-06	-2.992762e-06	-1.010602e-09	-2.116001e+01	-6.036688e+01
2.690000e-06	-3.134541e-06	-1.163461e-09	-2.216245e+01	-6.928359e+01
2.700000e-06	-3.274994e-06	-1.318782e-09	-2.315551e+01	-7.832445e+01
2.710000e-06	-3.414215e-06	-1.472491e-09	-2.413985e+01	-8.743831e+01
2.720000e-06	-3.552175e-06	-1.624233e-09	-2.511528e+01	-9.656273e+01
2.730000e-06	-3.688843e-06	-1.776206e-09	-2.608159e+01	-1.056338e+02
2.740000e-06	-3.824232e-06	-1.928580e-09	-2.703884e+01	-1.145949e+02
2.750000e-06	-3.958158e-06	-2.076886e-09	-2.798575e+01	-1.234010e+02
2.760000e-06	-4.090599e-06	-2.223047e-09	-2.892215e+01	-1.320179e+02
2.770000e-06	-4.221642e-06	-2.369016e-09	-2.984868e+01	-1.404174e+02
2.780000e-06	-4.351235e-06	-2.510988e-09	-3.076496e+01	-1.485714e+02
2.790000e-06	-4.479374e-06	-2.643463e-09	-3.167095e+01	-1.564476e+02
2.800000e-06	-4.605852e-06	-2.766528e-09	-3.256520e+01	-1.640105e+02
2.810000e-06	-4.730594e-06	-2.885876e-09	-3.344718e+01	-1.712268e+02
2.820000e-06	-4.853727e-06	-3.003037e-09	-3.431777e+01	-1.780733e+02
2.830000e-06	-4.975158e-06	-3.113996e-09	-3.517634e+01	-1.845439e+02
2.840000e-06	-5.094710e-06	-3.219307e-09	-3.602162e+01	-1.906523e+02
2.850000e-06	-5.212246e-06	-3.320346e-09	-3.685264e+01	-1.964287e+02
2.860000e-06	-5.327754e-06	-3.415618e-09	-3.766933e+01	-2.019109e+02
2.870000e-06	-5.441081e-06	-3.502576e-09	-3.847060e+01	-2.071335e+02
2.880000e-06	-5.552176e-06	-3.582672e-09	-3.925608e+01	-2.121190e+02
2.890000e-06	-5.661253e-06	-3.659791e-09	-4.002730e+01	-2.168739e+02
2.900000e-06	-5.768444e-06	-3.735376e-09	-4.078518e+01	-2.213928e+02
2.910000e-06	-5.873728e-06	-3.807971e-09	-4.152959e+01	-2.256671e+02
2.920000e-06	-5.976927e-06	-3.875340e-09	-4.225924e+01	-2.296954e+02
2.930000e-06	-6.077834e-06	-3.938435e-09	-4.297270e+01	-2.334914e+02
2.940000e-06	-6.176509e-06	-3.999483e-09	-4.367037e+01	-2.370845e+02
2.950000e-06	-6.273149e-06	-4.058336e-09	-4.435365e+01	-2.405136e+02
2.960000e-06	-6.367582e-06	-4.113890e-09	-4.502133e+01	-2.438149e+02
2.970000e-06	-6.459686e-06	-4.166435e-09	-4.567254e+01	-2.470106e+02
2.980000e-06	-6.549599e-06	-4.216999e-09	-4.630826e+01	-2.501008e+02
2.990000e-06	-6.637267e-06	-4.266123e-09	-4.692811e+01	-2.530646e+02
3.000000e-06	-6.722412e-06	-4.312759e-09	-4.753012e+01	-2.558685e+02
3.010000e-06	-6.805092e-06	-4.356998e-09	-4.811470e+01	-2.584808e+02
3.020000e-06	-6.885549e-06	-4.397643e-09	-4.868356e+01	-2.608854e+02
3.030000e-06	-6.963421e-06	-4.435048e-09	-4.923415e+01	-2.630900e+02
3.040000e-06	-7.038532e-06	-4.469476e-09	-4.976521e+01	-2.651256e+02
3.050000e-06	-7.111137e-06	-4.502166e-09	-5.027856e+01	-2.670369e+02
3.060000e-06	-7.181146e-06	-4.532522e-09	-5.077355e+01	-2.688668e+02
3.070000e-06	-7.248514e-06	-4.562636e-09	-5.124987e+01	-2.706428e+02
3.080000e-06	-7.313406e-06	-4.592249e-09	-5.170868e+01	-2.723680e+02
3.090000e-06	-7.375735e-06	-4.620334e-09	-5.214937e+01	-2.740230e+02
3.100000e-06	-7.435405e-06	-4.646247e-09	-5.257126e+01	-2.755751e+02
3.110000e-06	-7.492461e-06	-4.669950e-09	-5.297467e+01	-2.769939e+02
3.120000e-06	-7.546711e-06	-4.690145e-09	-5.335824e+01	-2.782647e+02
3.130000e-06	-7.598016e-06	-4.706198e-09	-5.372099e+01	-2.793960e+02
3.140000e-06	-7.646231e-06	-4.721947e-09	-5.406188e+01	-2.804175e+02
3.150000e-06	-7.691543e-06	-4.739617e-09	-5.438226e+01	-2.813695e+02
3.160000e-06	-7.734446e-06	-4.756953e-09	-5.468560e+01	-2.822881e+02
3.170000e-06	-7.774803e-06	-4.771207e-09	-5.497094e+01	-2.831923e+02
3.180000e-06	-7.812303e-06	-4.784260e-09	-5.523608e+01	-2.840782e+02
3.190000e-06	-7.847068e-06	-4.798019e-09	-5.548188e+01	-2.849216e+02
3.200000e-06	-7.879163e-06	-4.812373e-09	-5.570881e+01	-2.856897e+02
3.210000e-06	-7.908302e-06	-4.825071e-09	-5.591483e+01	-2.863544e+02
3.220000e-06	-7.934593e-06	-4.836050e-09	-5.610072e+01	-2.869047e+02
3.230000e-06	-7.958213e-06	-4.844901e-09	-5.626772e+01	-2.873508e+02
3.240000e-06	-7.978915e-06	-4.851591e-09	-5.641410e+01	-2.877203e+02
3.250000e-06	-7.996800e-06	-4.856244e-09	-5.654055e+01	-2.880466e+02
3.260000e-06	-8.011914e-06	-4.860266e-09	-5.664741e+01	-2.883567e+02
3.270000e-06	-8.023867e-06	-4.865603e-09	-5.673192e+01	-2.886605e+02
3.280000e-06	-8.032803e-06	-4.874167e-09	-5.679510e+01	-2.889483e+02
3.290000e-06	-8.038861e-06	-4.880846e-09	-5.683793e+01	-2.891963e+02
3.300000e-06	-8.042055e-06	-4.884085e-09	-5.686052e+01	-2.893773e+02
3.310000e-06	-8.042600e-06	-4.887029e-09	-5.686437e+01	-2.894726e+02
