# Temperatura_=_38.6
# Concentracion g/m^3_=_11000.0
# C_Vs_to_Am_M_A/Vsm_=_59384043850.047264
# pendiente_HvsI_1/m_=_3716.3
# ordenada_HvsI_A/m_=_1297.0
# frecuencia_Hz_=_301647.4333528664

Tiempo_(s)	Campo_(V.s)	Magnetizacion_(V.s)	Campo_(kA/m)	Magnetizacion_(A/m)
0.000000e+00	-8.039493e-06	-4.964343e-09	-5.685184e+01	-2.941313e+02
1.000000e-08	-8.035734e-06	-4.962934e-09	-5.682526e+01	-2.941284e+02
2.000000e-08	-8.029310e-06	-4.959922e-09	-5.677983e+01	-2.940736e+02
3.000000e-08	-8.020298e-06	-4.957534e-09	-5.671610e+01	-2.939702e+02
4.000000e-08	-8.008490e-06	-4.954198e-09	-5.663260e+01	-2.938197e+02
5.000000e-08	-7.993692e-06	-4.949784e-09	-5.652795e+01	-2.936216e+02
6.000000e-08	-7.976008e-06	-4.946727e-09	-5.640290e+01	-2.933742e+02
7.000000e-08	-7.955872e-06	-4.945570e-09	-5.626050e+01	-2.930763e+02
8.000000e-08	-7.933291e-06	-4.943679e-09	-5.610082e+01	-2.927284e+02
9.000000e-08	-7.907569e-06	-4.910165e-09	-5.591893e+01	-2.923324e+02
1.000000e-07	-7.878522e-06	-4.889119e-09	-5.571352e+01	-2.918903e+02
1.100000e-07	-7.846653e-06	-4.900999e-09	-5.548816e+01	-2.914011e+02
1.200000e-07	-7.812044e-06	-4.905747e-09	-5.524341e+01	-2.908602e+02
1.300000e-07	-7.774867e-06	-4.891442e-09	-5.498052e+01	-2.902586e+02
1.400000e-07	-7.735579e-06	-4.878354e-09	-5.470269e+01	-2.895860e+02
1.500000e-07	-7.693990e-06	-4.890349e-09	-5.440859e+01	-2.888346e+02
1.600000e-07	-7.649657e-06	-4.856603e-09	-5.409508e+01	-2.880036e+02
1.700000e-07	-7.602602e-06	-4.835737e-09	-5.376233e+01	-2.871017e+02
1.800000e-07	-7.552718e-06	-4.815635e-09	-5.340957e+01	-2.861459e+02
1.900000e-07	-7.499679e-06	-4.781489e-09	-5.303450e+01	-2.851576e+02
2.000000e-07	-7.443817e-06	-4.801185e-09	-5.263947e+01	-2.841559e+02
2.100000e-07	-7.385264e-06	-4.786467e-09	-5.222541e+01	-2.831511e+02
2.200000e-07	-7.324035e-06	-4.763003e-09	-5.179243e+01	-2.821413e+02
2.300000e-07	-7.260286e-06	-4.743320e-09	-5.134162e+01	-2.811124e+02
2.400000e-07	-7.193777e-06	-4.723997e-09	-5.087130e+01	-2.800437e+02
2.500000e-07	-7.124580e-06	-4.712779e-09	-5.038197e+01	-2.789152e+02
2.600000e-07	-7.052814e-06	-4.661193e-09	-4.987447e+01	-2.777148e+02
2.700000e-07	-6.978244e-06	-4.638863e-09	-4.934714e+01	-2.764432e+02
2.800000e-07	-6.900900e-06	-4.639210e-09	-4.880020e+01	-2.751128e+02
2.900000e-07	-6.820805e-06	-4.625548e-09	-4.823380e+01	-2.737428e+02
3.000000e-07	-6.738134e-06	-4.585493e-09	-4.764918e+01	-2.723505e+02
3.100000e-07	-6.653292e-06	-4.544894e-09	-4.704922e+01	-2.709437e+02
3.200000e-07	-6.566271e-06	-4.541365e-09	-4.643385e+01	-2.695169e+02
3.300000e-07	-6.476967e-06	-4.509407e-09	-4.580232e+01	-2.680521e+02
3.400000e-07	-6.385326e-06	-4.477323e-09	-4.515428e+01	-2.665251e+02
3.500000e-07	-6.291367e-06	-4.450907e-09	-4.448984e+01	-2.649144e+02
3.600000e-07	-6.195090e-06	-4.433625e-09	-4.380901e+01	-2.632096e+02
3.700000e-07	-6.096475e-06	-4.411793e-09	-4.311165e+01	-2.614145e+02
3.800000e-07	-5.995687e-06	-4.365996e-09	-4.239892e+01	-2.595461e+02
3.900000e-07	-5.892839e-06	-4.327338e-09	-4.167162e+01	-2.576276e+02
4.000000e-07	-5.787828e-06	-4.295066e-09	-4.092903e+01	-2.556789e+02
4.100000e-07	-5.680622e-06	-4.273727e-09	-4.017092e+01	-2.537085e+02
4.200000e-07	-5.571464e-06	-4.231564e-09	-3.939900e+01	-2.517104e+02
4.300000e-07	-5.460397e-06	-4.193882e-09	-3.861358e+01	-2.496655e+02
4.400000e-07	-5.347233e-06	-4.168008e-09	-3.781333e+01	-2.475492e+02
4.500000e-07	-5.231840e-06	-4.136701e-09	-3.699732e+01	-2.453408e+02
4.600000e-07	-5.114378e-06	-4.090807e-09	-3.616668e+01	-2.430305e+02
4.700000e-07	-4.995080e-06	-4.041032e-09	-3.532306e+01	-2.406229e+02
4.800000e-07	-4.873942e-06	-4.004721e-09	-3.446642e+01	-2.381337e+02
4.900000e-07	-4.751018e-06	-3.965776e-09	-3.359715e+01	-2.355827e+02
5.000000e-07	-4.626359e-06	-3.916135e-09	-3.271562e+01	-2.329840e+02
5.100000e-07	-4.500040e-06	-3.861740e-09	-3.182235e+01	-2.303398e+02
5.200000e-07	-4.372120e-06	-3.820690e-09	-3.091775e+01	-2.276379e+02
5.300000e-07	-4.242689e-06	-3.781602e-09	-3.000247e+01	-2.248553e+02
5.400000e-07	-4.111703e-06	-3.733114e-09	-2.907620e+01	-2.219662e+02
5.500000e-07	-3.979138e-06	-3.676794e-09	-2.813876e+01	-2.189511e+02
5.600000e-07	-3.845148e-06	-3.626176e-09	-2.719124e+01	-2.158029e+02
5.700000e-07	-3.709779e-06	-3.573583e-09	-2.623396e+01	-2.125287e+02
5.800000e-07	-3.573081e-06	-3.507205e-09	-2.526729e+01	-2.091456e+02
5.900000e-07	-3.435117e-06	-3.439616e-09	-2.429167e+01	-2.056732e+02
6.000000e-07	-3.295744e-06	-3.383058e-09	-2.330609e+01	-2.021251e+02
6.100000e-07	-3.154912e-06	-3.334199e-09	-2.231018e+01	-1.985032e+02
6.200000e-07	-3.012867e-06	-3.274826e-09	-2.130570e+01	-1.947971e+02
6.300000e-07	-2.869709e-06	-3.209782e-09	-2.029335e+01	-1.909879e+02
6.400000e-07	-2.725364e-06	-3.144799e-09	-1.927260e+01	-1.870553e+02
6.500000e-07	-2.579929e-06	-3.076763e-09	-1.824415e+01	-1.829848e+02
6.600000e-07	-2.433635e-06	-2.998867e-09	-1.720962e+01	-1.787720e+02
6.700000e-07	-2.286565e-06	-2.916501e-09	-1.616961e+01	-1.744226e+02
6.800000e-07	-2.138737e-06	-2.844121e-09	-1.512423e+01	-1.699480e+02
6.900000e-07	-1.990204e-06	-2.774318e-09	-1.407387e+01	-1.653594e+02
7.000000e-07	-1.841033e-06	-2.698683e-09	-1.301899e+01	-1.606618e+02
7.100000e-07	-1.691258e-06	-2.617370e-09	-1.195985e+01	-1.558515e+02
7.200000e-07	-1.540943e-06	-2.536035e-09	-1.089689e+01	-1.509176e+02
7.300000e-07	-1.390137e-06	-2.453148e-09	-9.830453e+00	-1.458458e+02
7.400000e-07	-1.238838e-06	-2.361813e-09	-8.760528e+00	-1.406240e+02
7.500000e-07	-1.087023e-06	-2.265745e-09	-7.686958e+00	-1.352462e+02
7.600000e-07	-9.347279e-07	-2.172474e-09	-6.609994e+00	-1.297130e+02
7.700000e-07	-7.820333e-07	-2.083173e-09	-5.530204e+00	-1.240290e+02
7.800000e-07	-6.290423e-07	-1.989930e-09	-4.448317e+00	-1.181984e+02
7.900000e-07	-4.758529e-07	-1.888745e-09	-3.365027e+00	-1.122206e+02
8.000000e-07	-3.224922e-07	-1.785497e-09	-2.280526e+00	-1.060891e+02
8.100000e-07	-1.690579e-07	-1.682420e-09	-1.195505e+00	-9.979283e+01
8.200000e-07	-1.559308e-08	-1.573878e-09	-1.102675e-01	-9.332171e+01
8.300000e-07	1.378802e-07	-1.458458e-09	9.750298e-01	-8.667201e+01
8.400000e-07	2.912756e-07	-1.342387e-09	2.059776e+00	-7.985060e+01
8.500000e-07	4.445871e-07	-1.229221e-09	3.143929e+00	-7.287531e+01
8.600000e-07	5.977448e-07	-1.112364e-09	4.226994e+00	-6.577111e+01
8.700000e-07	7.506782e-07	-9.887503e-10	5.308474e+00	-5.856338e+01
8.800000e-07	9.033798e-07	-8.634836e-10	6.388313e+00	-5.127088e+01
8.900000e-07	1.055784e-06	-7.415037e-10	7.466047e+00	-4.390120e+01
9.000000e-07	1.207729e-06	-6.183752e-10	8.540538e+00	-3.645042e+01
9.100000e-07	1.359103e-06	-4.900709e-10	9.610989e+00	-2.890728e+01
9.200000e-07	1.509924e-06	-3.600577e-10	1.067753e+01	-2.125969e+01
9.300000e-07	1.660246e-06	-2.315203e-10	1.174055e+01	-1.350108e+01
9.400000e-07	1.810107e-06	-1.038454e-10	1.280030e+01	-5.633460e+00
9.500000e-07	1.959468e-06	2.933791e-11	1.385651e+01	2.334110e+00
9.600000e-07	2.108129e-06	1.679284e-10	1.490778e+01	1.039112e+01
9.700000e-07	2.255928e-06	3.057169e-10	1.595295e+01	1.853292e+01
9.800000e-07	2.402901e-06	4.425840e-10	1.699228e+01	2.676642e+01
9.900000e-07	2.549064e-06	5.842741e-10	1.802589e+01	3.511130e+01
1.000000e-06	2.694297e-06	7.313367e-10	1.905291e+01	4.359540e+01
1.010000e-06	2.838529e-06	8.762606e-10	2.007286e+01	5.224560e+01
1.020000e-06	2.981732e-06	1.020044e-09	2.108553e+01	6.107674e+01
1.030000e-06	3.123835e-06	1.168764e-09	2.209042e+01	7.008275e+01
1.040000e-06	3.264712e-06	1.324174e-09	2.308664e+01	7.923285e+01
1.050000e-06	3.404253e-06	1.480984e-09	2.407342e+01	8.847426e+01
1.060000e-06	3.542479e-06	1.635128e-09	2.505089e+01	9.774049e+01
1.070000e-06	3.679361e-06	1.790973e-09	2.601886e+01	1.069621e+02
1.080000e-06	3.814891e-06	1.948571e-09	2.697727e+01	1.160766e+02
1.090000e-06	3.949114e-06	2.102226e-09	2.792644e+01	1.250337e+02
1.100000e-06	4.081917e-06	2.245746e-09	2.886557e+01	1.337965e+02
1.110000e-06	4.213225e-06	2.385746e-09	2.979411e+01	1.423368e+02
1.120000e-06	4.343034e-06	2.525066e-09	3.071207e+01	1.506297e+02
1.130000e-06	4.471271e-06	2.658154e-09	3.161890e+01	1.586494e+02
1.140000e-06	4.597951e-06	2.785025e-09	3.251473e+01	1.663677e+02
1.150000e-06	4.723079e-06	2.908972e-09	3.339958e+01	1.737574e+02
1.160000e-06	4.846533e-06	3.031483e-09	3.427260e+01	1.807974e+02
1.170000e-06	4.968212e-06	3.145732e-09	3.513306e+01	1.874784e+02
1.180000e-06	5.088071e-06	3.249767e-09	3.598065e+01	1.938053e+02
1.190000e-06	5.206126e-06	3.347333e-09	3.681548e+01	1.997961e+02
1.200000e-06	5.322203e-06	3.441292e-09	3.763633e+01	2.054763e+02
1.210000e-06	5.436115e-06	3.530659e-09	3.844187e+01	2.108718e+02
1.220000e-06	5.547994e-06	3.614560e-09	3.923303e+01	2.160023e+02
1.230000e-06	5.657995e-06	3.695930e-09	4.001091e+01	2.208788e+02
1.240000e-06	5.766013e-06	3.776321e-09	4.077476e+01	2.255048e+02
1.250000e-06	5.871883e-06	3.852357e-09	4.152344e+01	2.298816e+02
1.260000e-06	5.975621e-06	3.922213e-09	4.225702e+01	2.340141e+02
1.270000e-06	6.077246e-06	3.989789e-09	4.297567e+01	2.379159e+02
1.280000e-06	6.176639e-06	4.054739e-09	4.367854e+01	2.416099e+02
1.290000e-06	6.273758e-06	4.114321e-09	4.436532e+01	2.451244e+02
1.300000e-06	6.368686e-06	4.168391e-09	4.503661e+01	2.484863e+02
1.310000e-06	6.461400e-06	4.222582e-09	4.569225e+01	2.517141e+02
1.320000e-06	6.551793e-06	4.277718e-09	4.633146e+01	2.548133e+02
1.330000e-06	6.639875e-06	4.330438e-09	4.695434e+01	2.577766e+02
1.340000e-06	6.725757e-06	4.379610e-09	4.756166e+01	2.605883e+02
1.350000e-06	6.809344e-06	4.425528e-09	4.815275e+01	2.632325e+02
1.360000e-06	6.890451e-06	4.468448e-09	4.872630e+01	2.657009e+02
1.370000e-06	6.969029e-06	4.507450e-09	4.928198e+01	2.679974e+02
1.380000e-06	7.045030e-06	4.541696e-09	4.981942e+01	2.701383e+02
1.390000e-06	7.118382e-06	4.573595e-09	5.033813e+01	2.721479e+02
1.400000e-06	7.189193e-06	4.607288e-09	5.083888e+01	2.740508e+02
1.410000e-06	7.257495e-06	4.640451e-09	5.132189e+01	2.758648e+02
1.420000e-06	7.323164e-06	4.670830e-09	5.178627e+01	2.775966e+02
1.430000e-06	7.386274e-06	4.698194e-09	5.223255e+01	2.792418e+02
1.440000e-06	7.446843e-06	4.723019e-09	5.266087e+01	2.807894e+02
1.450000e-06	7.504740e-06	4.746882e-09	5.307030e+01	2.822284e+02
1.460000e-06	7.559873e-06	4.769547e-09	5.346017e+01	2.835539e+02
1.470000e-06	7.611954e-06	4.790529e-09	5.382847e+01	2.847703e+02
1.480000e-06	7.660874e-06	4.810946e-09	5.417441e+01	2.858904e+02
1.490000e-06	7.706987e-06	4.830331e-09	5.450050e+01	2.869309e+02
1.500000e-06	7.750387e-06	4.847411e-09	5.480741e+01	2.879068e+02
1.510000e-06	7.791021e-06	4.862381e-09	5.509475e+01	2.888265e+02
1.520000e-06	7.829035e-06	4.876665e-09	5.536357e+01	2.896893e+02
1.530000e-06	7.864284e-06	4.890522e-09	5.561284e+01	2.904877e+02
1.540000e-06	7.896676e-06	4.901538e-09	5.584190e+01	2.912114e+02
1.550000e-06	7.926437e-06	4.911259e-09	5.605235e+01	2.918527e+02
1.560000e-06	7.953399e-06	4.920227e-09	5.624302e+01	2.924104e+02
1.570000e-06	7.977405e-06	4.927458e-09	5.641278e+01	2.928909e+02
1.580000e-06	7.998723e-06	4.933041e-09	5.656353e+01	2.933062e+02
1.590000e-06	8.017295e-06	4.938217e-09	5.669486e+01	2.936697e+02
1.600000e-06	8.032933e-06	4.945055e-09	5.680545e+01	2.939919e+02
1.610000e-06	8.045548e-06	4.951661e-09	5.689465e+01	2.942773e+02
1.620000e-06	8.055025e-06	4.956876e-09	5.696168e+01	2.945245e+02
1.630000e-06	8.061603e-06	4.958811e-09	5.700819e+01	2.947273e+02
1.640000e-06	8.065402e-06	4.959944e-09	5.703505e+01	2.948790e+02
1.650000e-06	8.066313e-06	4.961768e-09	5.704150e+01	2.949747e+02
1.660000e-06	8.064533e-06	4.961758e-09	5.702891e+01	2.950134e+02
1.670000e-06	8.060186e-06	4.963346e-09	5.699817e+01	2.949973e+02
1.680000e-06	8.053125e-06	4.963573e-09	5.694824e+01	2.949302e+02
1.690000e-06	8.043342e-06	4.962143e-09	5.687906e+01	2.948151e+02
1.700000e-06	8.030729e-06	4.961207e-09	5.678986e+01	2.946529e+02
1.710000e-06	8.015375e-06	4.958104e-09	5.668129e+01	2.944428e+02
1.720000e-06	7.997629e-06	4.949937e-09	5.655580e+01	2.941829e+02
1.730000e-06	7.977489e-06	4.932749e-09	5.641337e+01	2.938725e+02
1.740000e-06	7.954471e-06	4.959888e-09	5.625060e+01	2.935125e+02
1.750000e-06	7.927930e-06	4.974745e-09	5.606292e+01	2.931050e+02
1.760000e-06	7.897708e-06	4.946639e-09	5.584920e+01	2.926514e+02
1.770000e-06	7.864510e-06	4.925732e-09	5.561444e+01	2.921500e+02
1.780000e-06	7.828935e-06	4.921655e-09	5.536286e+01	2.915950e+02
1.790000e-06	7.790897e-06	4.892847e-09	5.509387e+01	2.909767e+02
1.800000e-06	7.750810e-06	4.873273e-09	5.481040e+01	2.902850e+02
1.810000e-06	7.708641e-06	4.911394e-09	5.451219e+01	2.895136e+02
1.820000e-06	7.663746e-06	4.854224e-09	5.419472e+01	2.886638e+02
1.830000e-06	7.616147e-06	4.864069e-09	5.385812e+01	2.877467e+02
1.840000e-06	7.565514e-06	4.861356e-09	5.350006e+01	2.867809e+02
1.850000e-06	7.511724e-06	4.803433e-09	5.311968e+01	2.857878e+02
1.860000e-06	7.455209e-06	4.811225e-09	5.272004e+01	2.847849e+02
1.870000e-06	7.396104e-06	4.755891e-09	5.230207e+01	2.837797e+02
1.880000e-06	7.334410e-06	4.780498e-09	5.186579e+01	2.827669e+02
1.890000e-06	7.269874e-06	4.752210e-09	5.140942e+01	2.817302e+02
1.900000e-06	7.202647e-06	4.728099e-09	5.093402e+01	2.806484e+02
1.910000e-06	7.132672e-06	4.754931e-09	5.043919e+01	2.795026e+02
1.920000e-06	7.059887e-06	4.690837e-09	4.992449e+01	2.782840e+02
1.930000e-06	6.984588e-06	4.677662e-09	4.939200e+01	2.769962e+02
1.940000e-06	6.906543e-06	4.631157e-09	4.884011e+01	2.756543e+02
1.950000e-06	6.825947e-06	4.632518e-09	4.827016e+01	2.742774e+02
1.960000e-06	6.742981e-06	4.618880e-09	4.768346e+01	2.728813e+02
1.970000e-06	6.657513e-06	4.580953e-09	4.707907e+01	2.714707e+02
1.980000e-06	6.569619e-06	4.586513e-09	4.645752e+01	2.700366e+02
1.990000e-06	6.479461e-06	4.533339e-09	4.581996e+01	2.685586e+02
2.000000e-06	6.387086e-06	4.522641e-09	4.516672e+01	2.670125e+02
2.010000e-06	6.292315e-06	4.471809e-09	4.449655e+01	2.653789e+02
2.020000e-06	6.195348e-06	4.450360e-09	4.381084e+01	2.636507e+02
2.030000e-06	6.096248e-06	4.429213e-09	4.311004e+01	2.618354e+02
2.040000e-06	5.994892e-06	4.396925e-09	4.239330e+01	2.599524e+02
2.050000e-06	5.891273e-06	4.372743e-09	4.166055e+01	2.580249e+02
2.060000e-06	5.785566e-06	4.322522e-09	4.091304e+01	2.560706e+02
2.070000e-06	5.677937e-06	4.303318e-09	4.015193e+01	2.540946e+02
2.080000e-06	5.568260e-06	4.260566e-09	3.937634e+01	2.520871e+02
2.090000e-06	5.456526e-06	4.231754e-09	3.858621e+01	2.500267e+02
2.100000e-06	5.342640e-06	4.191623e-09	3.778085e+01	2.478892e+02
2.110000e-06	5.226611e-06	4.157970e-09	3.696035e+01	2.456558e+02
2.120000e-06	5.108531e-06	4.116672e-09	3.612534e+01	2.433203e+02
2.130000e-06	4.988557e-06	4.070703e-09	3.527693e+01	2.408906e+02
2.140000e-06	4.866831e-06	4.026768e-09	3.441614e+01	2.383843e+02
2.150000e-06	4.743353e-06	3.988645e-09	3.354295e+01	2.358205e+02
2.160000e-06	4.618144e-06	3.953956e-09	3.265753e+01	2.332110e+02
2.170000e-06	4.491186e-06	3.907503e-09	3.175973e+01	2.305542e+02
2.180000e-06	4.362638e-06	3.859930e-09	3.085070e+01	2.278346e+02
2.190000e-06	4.232668e-06	3.808543e-09	2.993161e+01	2.250278e+02
2.200000e-06	4.101251e-06	3.764604e-09	2.900228e+01	2.221087e+02
2.210000e-06	3.968362e-06	3.702640e-09	2.806255e+01	2.190606e+02
2.220000e-06	3.833975e-06	3.649635e-09	2.711222e+01	2.158798e+02
2.230000e-06	3.698096e-06	3.597723e-09	2.615134e+01	2.125766e+02
2.240000e-06	3.560916e-06	3.551008e-09	2.518127e+01	2.091696e+02
2.250000e-06	3.422436e-06	3.493713e-09	2.420200e+01	2.056775e+02
2.260000e-06	3.282619e-06	3.427049e-09	2.321327e+01	2.021114e+02
2.270000e-06	3.141559e-06	3.367200e-09	2.221575e+01	1.984700e+02
2.280000e-06	2.999287e-06	3.299356e-09	2.120967e+01	1.947402e+02
2.290000e-06	2.855854e-06	3.230475e-09	2.019537e+01	1.909020e+02
2.300000e-06	2.711364e-06	3.157835e-09	1.917360e+01	1.869361e+02
2.310000e-06	2.566026e-06	3.091856e-09	1.814583e+01	1.828301e+02
2.320000e-06	2.419875e-06	3.026874e-09	1.711232e+01	1.785824e+02
2.330000e-06	2.272834e-06	2.956179e-09	1.607250e+01	1.742007e+02
2.340000e-06	2.124957e-06	2.882261e-09	1.502678e+01	1.696968e+02
2.350000e-06	1.976387e-06	2.803998e-09	1.397616e+01	1.650809e+02
2.360000e-06	1.827177e-06	2.722454e-09	1.292101e+01	1.603559e+02
2.370000e-06	1.677329e-06	2.634851e-09	1.186135e+01	1.555161e+02
2.380000e-06	1.526839e-06	2.545219e-09	1.079715e+01	1.505491e+02
2.390000e-06	1.375737e-06	2.461751e-09	9.728620e+00	1.454409e+02
2.400000e-06	1.224078e-06	2.377212e-09	8.656152e+00	1.401806e+02
2.410000e-06	1.071912e-06	2.288024e-09	7.580100e+00	1.347638e+02
2.420000e-06	9.193562e-07	2.193138e-09	6.501292e+00	1.291925e+02
2.430000e-06	7.665210e-07	2.096307e-09	5.420507e+00	1.234716e+02
2.440000e-06	6.134944e-07	1.997404e-09	4.338369e+00	1.176046e+02
2.450000e-06	4.603405e-07	1.891477e-09	3.255330e+00	1.115894e+02
2.460000e-06	3.070395e-07	1.783794e-09	2.171251e+00	1.054179e+02
2.470000e-06	1.536171e-07	1.675467e-09	1.086314e+00	9.907881e+01
2.480000e-06	1.682096e-10	1.567269e-09	1.189506e-03	9.256314e+01
2.490000e-06	-1.532536e-07	1.454743e-09	-1.083743e+00	8.586953e+01
2.500000e-06	-3.065988e-07	1.336456e-09	-2.168135e+00	7.900772e+01
2.510000e-06	-4.598251e-07	1.218610e-09	-3.251686e+00	7.199783e+01
2.520000e-06	-6.129267e-07	1.102127e-09	-4.334354e+00	6.486563e+01
2.530000e-06	-7.658535e-07	9.814920e-10	-5.415786e+00	5.763545e+01
2.540000e-06	-9.185057e-07	8.560380e-10	-6.495278e+00	5.032354e+01
2.550000e-06	-1.070813e-06	7.294653e-10	-7.572326e+00	4.293445e+01
2.560000e-06	-1.222662e-06	6.010021e-10	-8.646137e+00	3.546191e+01
2.570000e-06	-1.374001e-06	4.681210e-10	-9.716348e+00	2.789378e+01
2.580000e-06	-1.524784e-06	3.347298e-10	-1.078261e+01	2.021885e+01
2.590000e-06	-1.674963e-06	2.048798e-10	-1.184462e+01	1.243258e+01
2.600000e-06	-1.824572e-06	7.565316e-11	-1.290259e+01	4.539062e+00
2.610000e-06	-1.973610e-06	-5.701172e-11	-1.395652e+01	-3.451634e+00
2.620000e-06	-2.121978e-06	-1.951858e-10	-1.500572e+01	-1.152978e+01
2.630000e-06	-2.269545e-06	-3.352455e-10	-1.604925e+01	-1.969322e+01
2.640000e-06	-2.416212e-06	-4.767830e-10	-1.708641e+01	-2.795217e+01
2.650000e-06	-2.561984e-06	-6.209970e-10	-1.811725e+01	-3.632898e+01
2.660000e-06	-2.706941e-06	-7.670657e-10	-1.914233e+01	-4.485226e+01
2.670000e-06	-2.850950e-06	-9.141671e-10	-2.016069e+01	-5.354688e+01
2.680000e-06	-2.993859e-06	-1.061903e-09	-2.117129e+01	-6.242314e+01
2.690000e-06	-3.135616e-06	-1.213567e-09	-2.217373e+01	-7.146890e+01
2.700000e-06	-3.276106e-06	-1.369171e-09	-2.316721e+01	-8.064736e+01
2.710000e-06	-3.415308e-06	-1.524924e-09	-2.415159e+01	-8.990140e+01
2.720000e-06	-3.553240e-06	-1.679994e-09	-2.512698e+01	-9.916275e+01
2.730000e-06	-3.689939e-06	-1.834665e-09	-2.609366e+01	-1.083629e+02
2.740000e-06	-3.825284e-06	-1.990589e-09	-2.705076e+01	-1.174421e+02
2.750000e-06	-3.959176e-06	-2.143491e-09	-2.799759e+01	-1.263536e+02
2.760000e-06	-4.091681e-06	-2.290661e-09	-2.893461e+01	-1.350630e+02
2.770000e-06	-4.222694e-06	-2.434879e-09	-2.986108e+01	-1.435437e+02
2.780000e-06	-4.352225e-06	-2.574601e-09	-3.077706e+01	-1.517707e+02
2.790000e-06	-4.480285e-06	-2.707043e-09	-3.168265e+01	-1.597176e+02
2.800000e-06	-4.606721e-06	-2.832493e-09	-3.257675e+01	-1.673561e+02
2.810000e-06	-4.731509e-06	-2.955046e-09	-3.345920e+01	-1.746598e+02
2.820000e-06	-4.854630e-06	-3.075653e-09	-3.432986e+01	-1.816103e+02
2.830000e-06	-4.976021e-06	-3.190529e-09	-3.518828e+01	-1.882016e+02
2.840000e-06	-5.095583e-06	-3.298123e-09	-3.603377e+01	-1.944423e+02
2.850000e-06	-5.213134e-06	-3.399447e-09	-3.686504e+01	-2.003528e+02
2.860000e-06	-5.328589e-06	-3.495697e-09	-3.768149e+01	-2.059594e+02
2.870000e-06	-5.441916e-06	-3.584189e-09	-3.848289e+01	-2.112870e+02
2.880000e-06	-5.553082e-06	-3.665826e-09	-3.926901e+01	-2.163532e+02
2.890000e-06	-5.662197e-06	-3.745192e-09	-4.004063e+01	-2.211668e+02
2.900000e-06	-5.769375e-06	-3.822507e-09	-4.079854e+01	-2.257303e+02
2.910000e-06	-5.874628e-06	-3.895169e-09	-4.154285e+01	-2.300451e+02
2.920000e-06	-5.977771e-06	-3.964278e-09	-4.227223e+01	-2.341181e+02
2.930000e-06	-6.078627e-06	-4.029924e-09	-4.298544e+01	-2.379655e+02
2.940000e-06	-6.177285e-06	-4.089991e-09	-4.368310e+01	-2.416118e+02
2.950000e-06	-6.273867e-06	-4.145799e-09	-4.436609e+01	-2.450857e+02
2.960000e-06	-6.368257e-06	-4.199580e-09	-4.503357e+01	-2.484127e+02
2.970000e-06	-6.460296e-06	-4.251252e-09	-4.568444e+01	-2.516082e+02
2.980000e-06	-6.550088e-06	-4.300652e-09	-4.631941e+01	-2.546745e+02
2.990000e-06	-6.637681e-06	-4.348434e-09	-4.693883e+01	-2.576013e+02
3.000000e-06	-6.722844e-06	-4.395261e-09	-4.754107e+01	-2.603724e+02
3.010000e-06	-6.805545e-06	-4.440278e-09	-4.812589e+01	-2.629729e+02
3.020000e-06	-6.885934e-06	-4.480031e-09	-4.869436e+01	-2.653973e+02
3.030000e-06	-6.963758e-06	-4.515556e-09	-4.924470e+01	-2.676528e+02
3.040000e-06	-7.038851e-06	-4.549976e-09	-4.977573e+01	-2.697584e+02
3.050000e-06	-7.111357e-06	-4.583492e-09	-5.028846e+01	-2.717390e+02
3.060000e-06	-7.181295e-06	-4.613911e-09	-5.078303e+01	-2.736183e+02
3.070000e-06	-7.248641e-06	-4.641721e-09	-5.125927e+01	-2.754115e+02
3.080000e-06	-7.313440e-06	-4.669825e-09	-5.171750e+01	-2.771223e+02
3.090000e-06	-7.375699e-06	-4.699517e-09	-5.215778e+01	-2.787441e+02
3.100000e-06	-7.435361e-06	-4.727872e-09	-5.257968e+01	-2.802653e+02
3.110000e-06	-7.492334e-06	-4.752395e-09	-5.298257e+01	-2.816760e+02
3.120000e-06	-7.546448e-06	-4.770893e-09	-5.336523e+01	-2.829733e+02
3.130000e-06	-7.597609e-06	-4.787311e-09	-5.372702e+01	-2.841641e+02
3.140000e-06	-7.645711e-06	-4.804672e-09	-5.406718e+01	-2.852625e+02
3.150000e-06	-7.690908e-06	-4.822239e-09	-5.438680e+01	-2.862856e+02
3.160000e-06	-7.733646e-06	-4.838910e-09	-5.468902e+01	-2.872469e+02
3.170000e-06	-7.773910e-06	-4.855282e-09	-5.497375e+01	-2.881526e+02
3.180000e-06	-7.811381e-06	-4.870833e-09	-5.523873e+01	-2.890001e+02
3.190000e-06	-7.846092e-06	-4.882938e-09	-5.548419e+01	-2.897807e+02
3.200000e-06	-7.878106e-06	-4.893133e-09	-5.571058e+01	-2.904842e+02
3.210000e-06	-7.907241e-06	-4.903481e-09	-5.591661e+01	-2.911043e+02
3.220000e-06	-7.933547e-06	-4.915399e-09	-5.610263e+01	-2.916417e+02
3.230000e-06	-7.957145e-06	-4.925250e-09	-5.626951e+01	-2.921045e+02
3.240000e-06	-7.977879e-06	-4.932013e-09	-5.641613e+01	-2.925055e+02
3.250000e-06	-7.995705e-06	-4.937078e-09	-5.654219e+01	-2.928578e+02
3.260000e-06	-8.010664e-06	-4.941621e-09	-5.664797e+01	-2.931705e+02
3.270000e-06	-8.022541e-06	-4.946188e-09	-5.673196e+01	-2.934466e+02
3.280000e-06	-8.031434e-06	-4.950627e-09	-5.679485e+01	-2.936832e+02
3.290000e-06	-8.037457e-06	-4.954706e-09	-5.683744e+01	-2.938737e+02
3.300000e-06	-8.040618e-06	-4.957598e-09	-5.685979e+01	-2.940116e+02
3.310000e-06	-8.041097e-06	-4.960957e-09	-5.686318e+01	-2.940929e+02
