# Temperatura_=_32.1
# Concentracion g/m^3_=_11000.0
# C_Vs_to_Am_M_A/Vsm_=_59384043850.047264
# pendiente_HvsI_1/m_=_3716.3
# ordenada_HvsI_A/m_=_1297.0
# frecuencia_Hz_=_301651.04757498036

Tiempo_(s)	Campo_(V.s)	Magnetizacion_(V.s)	Campo_(kA/m)	Magnetizacion_(A/m)
0.000000e+00	-8.044454e-06	-4.818230e-09	-5.685332e+01	-2.855704e+02
1.000000e-08	-8.040837e-06	-4.816980e-09	-5.682776e+01	-2.855901e+02
2.000000e-08	-8.034584e-06	-4.816815e-09	-5.678357e+01	-2.855444e+02
3.000000e-08	-8.025725e-06	-4.815792e-09	-5.672096e+01	-2.854371e+02
4.000000e-08	-8.014014e-06	-4.811261e-09	-5.663819e+01	-2.852757e+02
5.000000e-08	-7.999322e-06	-4.804887e-09	-5.653436e+01	-2.850682e+02
6.000000e-08	-7.981754e-06	-4.800447e-09	-5.641020e+01	-2.848212e+02
7.000000e-08	-7.961766e-06	-4.800642e-09	-5.626894e+01	-2.845388e+02
8.000000e-08	-7.939261e-06	-4.793482e-09	-5.610988e+01	-2.842220e+02
9.000000e-08	-7.913600e-06	-4.753323e-09	-5.592853e+01	-2.838694e+02
1.000000e-07	-7.884679e-06	-4.744332e-09	-5.572413e+01	-2.834772e+02
1.100000e-07	-7.852912e-06	-4.770161e-09	-5.549962e+01	-2.830396e+02
1.200000e-07	-7.818401e-06	-4.773798e-09	-5.525572e+01	-2.825488e+02
1.300000e-07	-7.781279e-06	-4.750461e-09	-5.499336e+01	-2.819966e+02
1.400000e-07	-7.741995e-06	-4.740690e-09	-5.471573e+01	-2.813760e+02
1.500000e-07	-7.700441e-06	-4.761119e-09	-5.442205e+01	-2.806841e+02
1.600000e-07	-7.656142e-06	-4.710422e-09	-5.410897e+01	-2.799244e+02
1.700000e-07	-7.609159e-06	-4.701295e-09	-5.377692e+01	-2.791077e+02
1.800000e-07	-7.559404e-06	-4.678841e-09	-5.342528e+01	-2.782498e+02
1.900000e-07	-7.506454e-06	-4.647345e-09	-5.305107e+01	-2.773683e+02
2.000000e-07	-7.450620e-06	-4.687245e-09	-5.265646e+01	-2.764763e+02
2.100000e-07	-7.392089e-06	-4.647519e-09	-5.224280e+01	-2.755781e+02
2.200000e-07	-7.330954e-06	-4.625350e-09	-5.181074e+01	-2.746670e+02
2.300000e-07	-7.267290e-06	-4.615386e-09	-5.136080e+01	-2.737272e+02
2.400000e-07	-7.200793e-06	-4.607003e-09	-5.089084e+01	-2.727392e+02
2.500000e-07	-7.131611e-06	-4.588802e-09	-5.040191e+01	-2.716870e+02
2.600000e-07	-7.059835e-06	-4.533710e-09	-4.989464e+01	-2.705643e+02
2.700000e-07	-6.985321e-06	-4.527354e-09	-4.936802e+01	-2.693773e+02
2.800000e-07	-6.908050e-06	-4.518436e-09	-4.882191e+01	-2.681422e+02
2.900000e-07	-6.828069e-06	-4.495376e-09	-4.825665e+01	-2.668786e+02
3.000000e-07	-6.745615e-06	-4.455807e-09	-4.767392e+01	-2.656006e+02
3.100000e-07	-6.660878e-06	-4.433046e-09	-4.707505e+01	-2.643100e+02
3.200000e-07	-6.573921e-06	-4.440101e-09	-4.646049e+01	-2.629938e+02
3.300000e-07	-6.484656e-06	-4.407025e-09	-4.582962e+01	-2.616277e+02
3.400000e-07	-6.393058e-06	-4.376238e-09	-4.518226e+01	-2.601850e+02
3.500000e-07	-6.299208e-06	-4.348703e-09	-4.451898e+01	-2.586466e+02
3.600000e-07	-6.203033e-06	-4.328464e-09	-4.383928e+01	-2.570092e+02
3.700000e-07	-6.104531e-06	-4.297041e-09	-4.314312e+01	-2.552874e+02
3.800000e-07	-6.003816e-06	-4.249946e-09	-4.243133e+01	-2.535090e+02
3.900000e-07	-5.900931e-06	-4.224062e-09	-4.170420e+01	-2.517044e+02
4.000000e-07	-5.795860e-06	-4.204798e-09	-4.096163e+01	-2.498948e+02
4.100000e-07	-5.688730e-06	-4.186119e-09	-4.020450e+01	-2.480835e+02
4.200000e-07	-5.579597e-06	-4.142186e-09	-3.943321e+01	-2.462533e+02
4.300000e-07	-5.468429e-06	-4.107640e-09	-3.864754e+01	-2.443724e+02
4.400000e-07	-5.355119e-06	-4.082426e-09	-3.784674e+01	-2.424055e+02
4.500000e-07	-5.239690e-06	-4.046571e-09	-3.703095e+01	-2.403267e+02
4.600000e-07	-5.122318e-06	-4.001399e-09	-3.620144e+01	-2.381289e+02
4.700000e-07	-5.003065e-06	-3.960589e-09	-3.535863e+01	-2.358252e+02
4.800000e-07	-4.881928e-06	-3.931325e-09	-3.450251e+01	-2.334427e+02
4.900000e-07	-4.759035e-06	-3.892396e-09	-3.363398e+01	-2.310112e+02
5.000000e-07	-4.634518e-06	-3.845621e-09	-3.275396e+01	-2.285495e+02
5.100000e-07	-4.508326e-06	-3.796023e-09	-3.186212e+01	-2.260576e+02
5.200000e-07	-4.380458e-06	-3.754522e-09	-3.095842e+01	-2.235151e+02
5.300000e-07	-4.250917e-06	-3.713841e-09	-3.004291e+01	-2.208890e+02
5.400000e-07	-4.119877e-06	-3.664738e-09	-2.911679e+01	-2.181458e+02
5.500000e-07	-3.987432e-06	-3.612928e-09	-2.818076e+01	-2.152640e+02
5.600000e-07	-3.853472e-06	-3.567052e-09	-2.723400e+01	-2.122416e+02
5.700000e-07	-3.718040e-06	-3.519008e-09	-2.627685e+01	-2.090961e+02
5.800000e-07	-3.581314e-06	-3.458866e-09	-2.531056e+01	-2.058560e+02
5.900000e-07	-3.443214e-06	-3.398052e-09	-2.433455e+01	-2.025481e+02
6.000000e-07	-3.303757e-06	-3.344450e-09	-2.334895e+01	-1.991862e+02
6.100000e-07	-3.163012e-06	-3.294135e-09	-2.235425e+01	-1.957647e+02
6.200000e-07	-3.020922e-06	-3.234140e-09	-2.135004e+01	-1.922609e+02
6.300000e-07	-2.877640e-06	-3.169528e-09	-2.033742e+01	-1.886441e+02
6.400000e-07	-2.733218e-06	-3.107119e-09	-1.931673e+01	-1.848884e+02
6.500000e-07	-2.587844e-06	-3.041992e-09	-1.828931e+01	-1.809833e+02
6.600000e-07	-2.441649e-06	-2.969314e-09	-1.725609e+01	-1.769368e+02
6.700000e-07	-2.294523e-06	-2.893831e-09	-1.621630e+01	-1.727716e+02
6.800000e-07	-2.146614e-06	-2.826822e-09	-1.517097e+01	-1.685141e+02
6.900000e-07	-1.998040e-06	-2.758734e-09	-1.412093e+01	-1.641810e+02
7.000000e-07	-1.848820e-06	-2.685978e-09	-1.306634e+01	-1.597709e+02
7.100000e-07	-1.698993e-06	-2.609237e-09	-1.200746e+01	-1.552622e+02
7.200000e-07	-1.548530e-06	-2.531884e-09	-1.094407e+01	-1.506202e+02
7.300000e-07	-1.397464e-06	-2.451772e-09	-9.876429e+00	-1.458102e+02
7.400000e-07	-1.245904e-06	-2.363403e-09	-8.805292e+00	-1.408104e+02
7.500000e-07	-1.093888e-06	-2.272435e-09	-7.730939e+00	-1.356204e+02
7.600000e-07	-9.414683e-07	-2.183784e-09	-6.653727e+00	-1.302607e+02
7.700000e-07	-7.886971e-07	-2.098186e-09	-5.574033e+00	-1.247635e+02
7.800000e-07	-6.356288e-07	-2.007502e-09	-4.492239e+00	-1.191582e+02
7.900000e-07	-4.823297e-07	-1.910724e-09	-3.408814e+00	-1.134583e+02
8.000000e-07	-3.288035e-07	-1.812320e-09	-2.323784e+00	-1.076543e+02
8.100000e-07	-1.751468e-07	-1.712698e-09	-1.237831e+00	-1.017161e+02
8.200000e-07	-2.150415e-08	-1.607930e-09	-1.519783e-01	-9.560507e+01
8.300000e-07	1.321263e-07	-1.497833e-09	9.337889e-01	-8.928960e+01
8.400000e-07	2.857417e-07	-1.388033e-09	2.019449e+00	-8.275956e+01
8.500000e-07	4.392585e-07	-1.279500e-09	3.104413e+00	-7.603258e+01
8.600000e-07	5.925552e-07	-1.166678e-09	4.187821e+00	-6.914999e+01
8.700000e-07	7.455771e-07	-1.047505e-09	5.269287e+00	-6.216367e+01
8.800000e-07	8.983515e-07	-9.275315e-10	6.349004e+00	-5.511883e+01
8.900000e-07	1.050829e-06	-8.103197e-10	7.426621e+00	-4.803945e+01
9.000000e-07	1.202941e-06	-6.919063e-10	8.501661e+00	-4.092196e+01
9.100000e-07	1.354675e-06	-5.686774e-10	9.574022e+00	-3.373951e+01
9.200000e-07	1.505951e-06	-4.445433e-10	1.064315e+01	-2.645494e+01
9.300000e-07	1.656636e-06	-3.218430e-10	1.170810e+01	-1.903692e+01
9.400000e-07	1.806606e-06	-1.986994e-10	1.276800e+01	-1.147270e+01
9.500000e-07	1.955848e-06	-7.000139e-11	1.382275e+01	-3.772276e+00
9.600000e-07	2.104396e-06	6.274182e-11	1.487260e+01	4.037695e+00
9.700000e-07	2.252234e-06	1.940041e-10	1.591743e+01	1.192754e+01
9.800000e-07	2.399366e-06	3.261264e-10	1.695727e+01	1.987990e+01
9.900000e-07	2.545674e-06	4.634588e-10	1.799128e+01	2.790009e+01
1.000000e-06	2.690998e-06	6.069464e-10	1.901835e+01	3.601685e+01
1.010000e-06	2.835324e-06	7.470787e-10	2.003835e+01	4.427256e+01
1.020000e-06	2.978620e-06	8.848511e-10	2.105108e+01	5.270635e+01
1.030000e-06	3.120773e-06	1.026967e-09	2.205573e+01	6.133644e+01
1.040000e-06	3.261756e-06	1.173534e-09	2.305211e+01	7.014840e+01
1.050000e-06	3.401544e-06	1.320067e-09	2.404005e+01	7.909392e+01
1.060000e-06	3.540053e-06	1.467947e-09	2.501895e+01	8.810024e+01
1.070000e-06	3.677185e-06	1.623364e-09	2.598812e+01	9.708689e+01
1.080000e-06	3.812938e-06	1.780624e-09	2.694753e+01	1.059830e+02
1.090000e-06	3.947306e-06	1.932324e-09	2.789717e+01	1.147391e+02
1.100000e-06	4.080269e-06	2.074607e-09	2.883687e+01	1.233290e+02
1.110000e-06	4.211772e-06	2.211384e-09	2.976625e+01	1.317429e+02
1.120000e-06	4.341722e-06	2.345019e-09	3.068466e+01	1.399735e+02
1.130000e-06	4.470107e-06	2.473868e-09	3.159200e+01	1.480041e+02
1.140000e-06	4.596873e-06	2.602050e-09	3.248791e+01	1.558014e+02
1.150000e-06	4.722044e-06	2.730098e-09	3.337254e+01	1.633181e+02
1.160000e-06	4.845623e-06	2.856381e-09	3.424593e+01	1.705037e+02
1.170000e-06	4.967465e-06	2.975218e-09	3.510703e+01	1.773186e+02
1.180000e-06	5.087497e-06	3.082329e-09	3.595535e+01	1.837467e+02
1.190000e-06	5.205666e-06	3.180503e-09	3.679049e+01	1.898002e+02
1.200000e-06	5.321873e-06	3.272381e-09	3.761177e+01	1.955153e+02
1.210000e-06	5.436009e-06	3.359180e-09	3.841842e+01	2.009397e+02
1.220000e-06	5.548056e-06	3.441998e-09	3.921030e+01	2.061176e+02
1.230000e-06	5.658134e-06	3.525583e-09	3.998826e+01	2.110768e+02
1.240000e-06	5.766275e-06	3.610659e-09	4.075253e+01	2.158239e+02
1.250000e-06	5.872295e-06	3.693305e-09	4.150182e+01	2.203484e+02
1.260000e-06	5.976105e-06	3.767961e-09	4.223549e+01	2.246333e+02
1.270000e-06	6.077766e-06	3.835574e-09	4.295397e+01	2.286685e+02
1.280000e-06	6.177262e-06	3.897624e-09	4.365714e+01	2.324601e+02
1.290000e-06	6.274459e-06	3.954115e-09	4.434407e+01	2.360326e+02
1.300000e-06	6.369419e-06	4.006281e-09	4.501520e+01	2.394228e+02
1.310000e-06	6.462234e-06	4.060162e-09	4.567115e+01	2.426685e+02
1.320000e-06	6.552735e-06	4.118552e-09	4.631076e+01	2.457956e+02
1.330000e-06	6.640925e-06	4.175532e-09	4.693403e+01	2.488109e+02
1.340000e-06	6.726907e-06	4.227560e-09	4.754170e+01	2.517012e+02
1.350000e-06	6.810622e-06	4.275447e-09	4.813335e+01	2.544413e+02
1.360000e-06	6.891941e-06	4.318261e-09	4.870806e+01	2.570062e+02
1.370000e-06	6.970708e-06	4.355559e-09	4.926474e+01	2.593825e+02
1.380000e-06	7.046813e-06	4.389265e-09	4.980260e+01	2.615760e+02
1.390000e-06	7.120224e-06	4.422868e-09	5.032143e+01	2.636105e+02
1.400000e-06	7.191046e-06	4.458921e-09	5.082195e+01	2.655201e+02
1.410000e-06	7.259412e-06	4.493550e-09	5.130512e+01	2.673374e+02
1.420000e-06	7.325092e-06	4.524142e-09	5.176931e+01	2.690827e+02
1.430000e-06	7.388151e-06	4.553302e-09	5.221498e+01	2.707581e+02
1.440000e-06	7.448849e-06	4.581989e-09	5.264395e+01	2.723495e+02
1.450000e-06	7.506920e-06	4.606998e-09	5.305436e+01	2.738340e+02
1.460000e-06	7.562202e-06	4.628634e-09	5.344506e+01	2.751913e+02
1.470000e-06	7.614560e-06	4.649196e-09	5.381510e+01	2.764133e+02
1.480000e-06	7.663732e-06	4.669666e-09	5.416261e+01	2.775081e+02
1.490000e-06	7.709962e-06	4.688103e-09	5.448934e+01	2.784982e+02
1.500000e-06	7.753570e-06	4.703820e-09	5.479753e+01	2.794126e+02
1.510000e-06	7.794466e-06	4.719278e-09	5.508656e+01	2.802766e+02
1.520000e-06	7.832570e-06	4.735046e-09	5.535586e+01	2.811039e+02
1.530000e-06	7.867922e-06	4.748524e-09	5.560570e+01	2.818934e+02
1.540000e-06	7.900481e-06	4.758945e-09	5.583581e+01	2.826311e+02
1.550000e-06	7.930301e-06	4.768386e-09	5.604656e+01	2.832978e+02
1.560000e-06	7.957342e-06	4.777573e-09	5.623767e+01	2.838775e+02
1.570000e-06	7.981482e-06	4.785305e-09	5.640828e+01	2.843642e+02
1.580000e-06	8.002865e-06	4.790395e-09	5.655940e+01	2.847647e+02
1.590000e-06	8.021537e-06	4.795503e-09	5.669136e+01	2.850954e+02
1.600000e-06	8.037339e-06	4.803660e-09	5.680304e+01	2.853772e+02
1.610000e-06	8.050089e-06	4.810924e-09	5.689315e+01	2.856275e+02
1.620000e-06	8.059669e-06	4.813612e-09	5.696086e+01	2.858554e+02
1.630000e-06	8.066269e-06	4.813303e-09	5.700750e+01	2.860600e+02
1.640000e-06	8.070081e-06	4.813319e-09	5.703444e+01	2.862318e+02
1.650000e-06	8.071080e-06	4.814228e-09	5.704150e+01	2.863577e+02
1.660000e-06	8.069386e-06	4.816001e-09	5.702953e+01	2.864257e+02
1.670000e-06	8.065078e-06	4.820139e-09	5.699908e+01	2.864292e+02
1.680000e-06	8.058036e-06	4.821921e-09	5.694931e+01	2.863678e+02
1.690000e-06	8.048302e-06	4.821072e-09	5.688052e+01	2.862464e+02
1.700000e-06	8.035736e-06	4.819310e-09	5.679171e+01	2.860729e+02
1.710000e-06	8.020425e-06	4.813829e-09	5.668350e+01	2.858552e+02
1.720000e-06	8.002783e-06	4.801596e-09	5.655882e+01	2.855993e+02
1.730000e-06	7.982795e-06	4.788111e-09	5.641755e+01	2.853085e+02
1.740000e-06	7.959900e-06	4.826559e-09	5.625575e+01	2.849832e+02
1.750000e-06	7.933489e-06	4.834182e-09	5.606909e+01	2.846213e+02
1.760000e-06	7.903433e-06	4.796848e-09	5.585668e+01	2.842187e+02
1.770000e-06	7.870327e-06	4.778236e-09	5.562270e+01	2.837687e+02
1.780000e-06	7.834827e-06	4.777471e-09	5.537181e+01	2.832636e+02
1.790000e-06	7.796893e-06	4.740486e-09	5.510371e+01	2.826950e+02
1.800000e-06	7.756854e-06	4.743134e-09	5.482074e+01	2.820568e+02
1.810000e-06	7.714736e-06	4.774771e-09	5.452307e+01	2.813476e+02
1.820000e-06	7.669881e-06	4.699743e-09	5.420607e+01	2.805726e+02
1.830000e-06	7.622323e-06	4.739249e-09	5.386996e+01	2.797441e+02
1.840000e-06	7.571729e-06	4.709118e-09	5.351239e+01	2.788790e+02
1.850000e-06	7.517972e-06	4.662977e-09	5.313247e+01	2.779941e+02
1.860000e-06	7.461521e-06	4.687001e-09	5.273351e+01	2.771008e+02
1.870000e-06	7.402420e-06	4.630103e-09	5.231581e+01	2.762006e+02
1.880000e-06	7.340750e-06	4.662415e-09	5.187997e+01	2.752843e+02
1.890000e-06	7.276357e-06	4.612996e-09	5.142488e+01	2.743345e+02
1.900000e-06	7.209294e-06	4.603196e-09	5.095092e+01	2.733319e+02
1.910000e-06	7.139481e-06	4.616684e-09	5.045752e+01	2.722623e+02
1.920000e-06	7.066851e-06	4.557806e-09	4.994422e+01	2.711227e+02
1.930000e-06	6.991585e-06	4.565971e-09	4.941228e+01	2.699221e+02
1.940000e-06	6.913522e-06	4.521457e-09	4.886058e+01	2.686783e+02
1.950000e-06	6.832932e-06	4.531717e-09	4.829102e+01	2.674104e+02
1.960000e-06	6.749960e-06	4.498910e-09	4.770463e+01	2.661299e+02
1.970000e-06	6.664501e-06	4.462532e-09	4.710065e+01	2.648348e+02
1.980000e-06	6.576607e-06	4.463587e-09	4.647947e+01	2.635089e+02
1.990000e-06	6.486471e-06	4.410890e-09	4.584245e+01	2.621262e+02
2.000000e-06	6.394155e-06	4.410029e-09	4.519001e+01	2.606611e+02
2.010000e-06	6.299408e-06	4.366395e-09	4.452040e+01	2.590977e+02
2.020000e-06	6.202442e-06	4.357549e-09	4.383510e+01	2.574375e+02
2.030000e-06	6.103314e-06	4.330137e-09	4.313452e+01	2.556988e+02
2.040000e-06	6.001917e-06	4.297156e-09	4.241791e+01	2.539114e+02
2.050000e-06	5.898340e-06	4.266547e-09	4.168589e+01	2.521043e+02
2.060000e-06	5.792703e-06	4.219431e-09	4.093932e+01	2.502950e+02
2.070000e-06	5.685044e-06	4.201693e-09	4.017845e+01	2.484815e+02
2.080000e-06	5.575295e-06	4.160801e-09	3.940281e+01	2.466422e+02
2.090000e-06	5.463466e-06	4.142118e-09	3.861246e+01	2.447431e+02
2.100000e-06	5.349512e-06	4.110322e-09	3.780711e+01	2.427503e+02
2.110000e-06	5.233493e-06	4.078887e-09	3.698716e+01	2.406419e+02
2.120000e-06	5.115460e-06	4.032825e-09	3.615297e+01	2.384158e+02
2.130000e-06	4.995529e-06	3.987709e-09	3.530537e+01	2.360897e+02
2.140000e-06	4.873804e-06	3.945873e-09	3.444509e+01	2.336927e+02
2.150000e-06	4.750326e-06	3.907912e-09	3.357243e+01	2.312527e+02
2.160000e-06	4.625116e-06	3.872342e-09	3.268751e+01	2.287845e+02
2.170000e-06	4.498293e-06	3.831057e-09	3.179121e+01	2.262827e+02
2.180000e-06	4.369899e-06	3.792023e-09	3.088380e+01	2.237229e+02
2.190000e-06	4.239878e-06	3.746305e-09	2.996489e+01	2.210706e+02
2.200000e-06	4.108306e-06	3.700928e-09	2.903502e+01	2.182943e+02
2.210000e-06	3.975202e-06	3.641762e-09	2.809432e+01	2.153768e+02
2.220000e-06	3.840726e-06	3.593033e-09	2.714392e+01	2.123216e+02
2.230000e-06	3.704871e-06	3.541448e-09	2.618378e+01	2.091499e+02
2.240000e-06	3.567640e-06	3.489045e-09	2.521392e+01	2.058908e+02
2.250000e-06	3.429112e-06	3.429596e-09	2.423489e+01	2.025691e+02
2.260000e-06	3.289274e-06	3.369425e-09	2.324660e+01	1.991938e+02
2.270000e-06	3.148145e-06	3.316753e-09	2.224918e+01	1.957545e+02
2.280000e-06	3.005803e-06	3.257165e-09	2.124319e+01	1.922256e+02
2.290000e-06	2.862400e-06	3.197627e-09	2.022971e+01	1.885762e+02
2.300000e-06	2.717981e-06	3.133428e-09	1.920904e+01	1.847837e+02
2.310000e-06	2.572667e-06	3.068291e-09	1.818205e+01	1.808419e+02
2.320000e-06	2.426496e-06	2.998680e-09	1.714900e+01	1.767635e+02
2.330000e-06	2.279391e-06	2.925471e-09	1.610935e+01	1.725732e+02
2.340000e-06	2.131451e-06	2.853722e-09	1.506381e+01	1.682960e+02
2.350000e-06	1.982798e-06	2.781661e-09	1.401322e+01	1.639448e+02
2.360000e-06	1.833354e-06	2.708819e-09	1.295704e+01	1.595130e+02
2.370000e-06	1.683158e-06	2.630952e-09	1.189554e+01	1.549747e+02
2.380000e-06	1.532475e-06	2.550361e-09	1.083060e+01	1.502939e+02
2.390000e-06	1.381382e-06	2.469444e-09	9.762768e+00	1.454379e+02
2.400000e-06	1.229823e-06	2.384829e-09	8.691643e+00	1.403899e+02
2.410000e-06	1.077855e-06	2.294733e-09	7.617628e+00	1.351551e+02
2.420000e-06	9.255213e-07	2.200785e-09	6.541024e+00	1.297580e+02
2.430000e-06	7.728433e-07	2.107518e-09	5.461988e+00	1.242316e+02
2.440000e-06	6.198566e-07	2.013717e-09	4.380770e+00	1.186025e+02
2.450000e-06	4.666629e-07	1.916581e-09	3.298091e+00	1.128786e+02
2.460000e-06	3.133351e-07	1.817107e-09	2.214462e+00	1.070447e+02
2.470000e-06	1.598352e-07	1.716671e-09	1.129618e+00	1.010671e+02
2.480000e-06	6.232168e-09	1.613466e-09	4.404519e-02	9.490749e+01
2.490000e-06	-1.473716e-07	1.502737e-09	-1.041533e+00	8.853848e+01
2.500000e-06	-3.008883e-07	1.387820e-09	-2.126496e+00	8.195669e+01
2.510000e-06	-4.542080e-07	1.275618e-09	-3.210067e+00	7.518645e+01
2.520000e-06	-6.073076e-07	1.163691e-09	-4.292082e+00	6.827323e+01
2.530000e-06	-7.601453e-07	1.047191e-09	-5.372246e+00	6.126888e+01
2.540000e-06	-9.126857e-07	9.267766e-10	-6.450309e+00	5.421441e+01
2.550000e-06	-1.064908e-06	8.068772e-10	-7.526127e+00	4.712711e+01
2.560000e-06	-1.216754e-06	6.843553e-10	-8.599281e+00	3.999678e+01
2.570000e-06	-1.368162e-06	5.560494e-10	-9.669338e+00	3.279254e+01
2.580000e-06	-1.519098e-06	4.277595e-10	-1.073606e+01	2.547719e+01
2.590000e-06	-1.669524e-06	3.039955e-10	-1.179918e+01	1.802312e+01
2.600000e-06	-1.819350e-06	1.818090e-10	-1.285806e+01	1.042329e+01
2.610000e-06	-1.968470e-06	5.335167e-11	-1.391195e+01	2.692807e+00
2.620000e-06	-2.116902e-06	-8.023176e-11	-1.496098e+01	-5.139473e+00
2.630000e-06	-2.264616e-06	-2.152261e-10	-1.600493e+01	-1.304560e+01
2.640000e-06	-2.411486e-06	-3.528313e-10	-1.704292e+01	-2.101321e+01
2.650000e-06	-2.557496e-06	-4.920010e-10	-1.807483e+01	-2.905387e+01
2.660000e-06	-2.702536e-06	-6.321543e-10	-1.909988e+01	-3.720100e+01
2.670000e-06	-2.846543e-06	-7.714303e-10	-2.011764e+01	-4.549789e+01
2.680000e-06	-2.989537e-06	-9.128525e-10	-2.112823e+01	-5.397999e+01
2.690000e-06	-3.131404e-06	-1.059308e-09	-2.213086e+01	-6.265808e+01
2.700000e-06	-3.272070e-06	-1.209308e-09	-2.312501e+01	-7.150894e+01
2.710000e-06	-3.411506e-06	-1.360384e-09	-2.411046e+01	-8.047689e+01
2.720000e-06	-3.549662e-06	-1.512209e-09	-2.508686e+01	-8.948553e+01
2.730000e-06	-3.686474e-06	-1.664299e-09	-2.605376e+01	-9.845528e+01
2.740000e-06	-3.821889e-06	-1.816248e-09	-2.701080e+01	-1.073199e+02
2.750000e-06	-3.955930e-06	-1.965024e-09	-2.795812e+01	-1.160358e+02
2.760000e-06	-4.088535e-06	-2.109681e-09	-2.889529e+01	-1.245821e+02
2.770000e-06	-4.219657e-06	-2.251111e-09	-2.982198e+01	-1.329508e+02
2.780000e-06	-4.349342e-06	-2.390193e-09	-3.073851e+01	-1.411334e+02
2.790000e-06	-4.477527e-06	-2.524696e-09	-3.164445e+01	-1.491093e+02
2.800000e-06	-4.604152e-06	-2.653539e-09	-3.253936e+01	-1.568410e+02
2.810000e-06	-4.729136e-06	-2.781280e-09	-3.342266e+01	-1.642793e+02
2.820000e-06	-4.852431e-06	-2.906249e-09	-3.429404e+01	-1.713749e+02
2.830000e-06	-4.973942e-06	-3.022852e-09	-3.515281e+01	-1.780933e+02
2.840000e-06	-5.093587e-06	-3.128606e-09	-3.599839e+01	-1.844253e+02
2.850000e-06	-5.211332e-06	-3.228161e-09	-3.683053e+01	-1.903899e+02
2.860000e-06	-5.326972e-06	-3.324245e-09	-3.764781e+01	-1.960276e+02
2.870000e-06	-5.440432e-06	-3.415003e-09	-3.844968e+01	-2.013865e+02
2.880000e-06	-5.551749e-06	-3.499230e-09	-3.923640e+01	-2.065077e+02
2.890000e-06	-5.661009e-06	-3.581201e-09	-4.000858e+01	-2.114139e+02
2.900000e-06	-5.768333e-06	-3.663017e-09	-4.076708e+01	-2.161066e+02
2.910000e-06	-5.873654e-06	-3.739819e-09	-4.151143e+01	-2.205725e+02
2.920000e-06	-5.976867e-06	-3.809100e-09	-4.224088e+01	-2.247952e+02
2.930000e-06	-6.077915e-06	-3.873779e-09	-4.295502e+01	-2.287680e+02
2.940000e-06	-6.176815e-06	-3.936740e-09	-4.365398e+01	-2.325016e+02
2.950000e-06	-6.273604e-06	-3.996436e-09	-4.433803e+01	-2.360246e+02
2.960000e-06	-6.368180e-06	-4.051102e-09	-4.500643e+01	-2.393753e+02
2.970000e-06	-6.460405e-06	-4.103520e-09	-4.565823e+01	-2.425893e+02
2.980000e-06	-6.550356e-06	-4.156815e-09	-4.629395e+01	-2.456885e+02
2.990000e-06	-6.638099e-06	-4.207901e-09	-4.691406e+01	-2.486741e+02
3.000000e-06	-6.723400e-06	-4.253951e-09	-4.751691e+01	-2.515293e+02
3.010000e-06	-6.806260e-06	-4.296333e-09	-4.810252e+01	-2.542275e+02
3.020000e-06	-6.886800e-06	-4.335905e-09	-4.867173e+01	-2.567456e+02
3.030000e-06	-6.964750e-06	-4.373029e-09	-4.922263e+01	-2.590747e+02
3.040000e-06	-7.039931e-06	-4.407703e-09	-4.975397e+01	-2.612254e+02
3.050000e-06	-7.112557e-06	-4.442224e-09	-5.026724e+01	-2.632251e+02
3.060000e-06	-7.182698e-06	-4.475833e-09	-5.076295e+01	-2.651087e+02
3.070000e-06	-7.250269e-06	-4.507246e-09	-5.124051e+01	-2.669065e+02
3.080000e-06	-7.315299e-06	-4.535996e-09	-5.170010e+01	-2.686347e+02
3.090000e-06	-7.377731e-06	-4.561124e-09	-5.214133e+01	-2.702907e+02
3.100000e-06	-7.437501e-06	-4.584829e-09	-5.256375e+01	-2.718574e+02
3.110000e-06	-7.494571e-06	-4.608124e-09	-5.296709e+01	-2.733114e+02
3.120000e-06	-7.548865e-06	-4.627712e-09	-5.335080e+01	-2.746349e+02
3.130000e-06	-7.600226e-06	-4.645367e-09	-5.371379e+01	-2.758235e+02
3.140000e-06	-7.648399e-06	-4.664841e-09	-5.405425e+01	-2.768894e+02
3.150000e-06	-7.693705e-06	-4.684862e-09	-5.437444e+01	-2.778576e+02
3.160000e-06	-7.736603e-06	-4.700239e-09	-5.467762e+01	-2.787571e+02
3.170000e-06	-7.777001e-06	-4.712106e-09	-5.496313e+01	-2.796110e+02
3.180000e-06	-7.814667e-06	-4.724210e-09	-5.522933e+01	-2.804294e+02
3.190000e-06	-7.849560e-06	-4.736960e-09	-5.547593e+01	-2.812074e+02
3.200000e-06	-7.881701e-06	-4.749091e-09	-5.570308e+01	-2.819289e+02
3.210000e-06	-7.910921e-06	-4.759489e-09	-5.590959e+01	-2.825748e+02
3.220000e-06	-7.937305e-06	-4.770718e-09	-5.609606e+01	-2.831312e+02
3.230000e-06	-7.960967e-06	-4.780677e-09	-5.626329e+01	-2.835951e+02
3.240000e-06	-7.981765e-06	-4.787307e-09	-5.641027e+01	-2.839760e+02
3.250000e-06	-7.999747e-06	-4.791328e-09	-5.653736e+01	-2.842924e+02
3.260000e-06	-8.014895e-06	-4.796557e-09	-5.664442e+01	-2.845647e+02
3.270000e-06	-8.026883e-06	-4.803187e-09	-5.672914e+01	-2.848087e+02
3.280000e-06	-8.035851e-06	-4.807713e-09	-5.679253e+01	-2.850311e+02
3.290000e-06	-8.042012e-06	-4.809455e-09	-5.683607e+01	-2.852284e+02
3.300000e-06	-8.045308e-06	-4.812022e-09	-5.685936e+01	-2.853898e+02
3.310000e-06	-8.045904e-06	-4.815910e-09	-5.686357e+01	-2.855019e+02
