# Temperatura_=_29.84
# Concentracion g/m^3_=_11000.0
# C_Vs_to_Am_M_A/Vsm_=_59384043850.047264
# pendiente_HvsI_1/m_=_3716.3
# ordenada_HvsI_A/m_=_1297.0
# frecuencia_Hz_=_301650.4082585481

Tiempo_(s)	Campo_(V.s)	Magnetizacion_(V.s)	Campo_(kA/m)	Magnetizacion_(A/m)
0.000000e+00	-8.078969e-06	-4.766842e-09	-5.685139e+01	-2.817693e+02
1.000000e-08	-8.075337e-06	-4.765816e-09	-5.682584e+01	-2.819159e+02
2.000000e-08	-8.069092e-06	-4.766274e-09	-5.678189e+01	-2.820368e+02
3.000000e-08	-8.060228e-06	-4.767775e-09	-5.671952e+01	-2.820861e+02
4.000000e-08	-8.048528e-06	-4.765923e-09	-5.663718e+01	-2.820256e+02
5.000000e-08	-8.033896e-06	-4.761937e-09	-5.653422e+01	-2.818379e+02
6.000000e-08	-8.016378e-06	-4.759064e-09	-5.641094e+01	-2.815330e+02
7.000000e-08	-7.996354e-06	-4.758084e-09	-5.627004e+01	-2.811453e+02
8.000000e-08	-7.973837e-06	-4.747501e-09	-5.611159e+01	-2.807210e+02
9.000000e-08	-7.948200e-06	-4.695602e-09	-5.593118e+01	-2.803017e+02
1.000000e-07	-7.919275e-06	-4.688364e-09	-5.572764e+01	-2.799095e+02
1.100000e-07	-7.887461e-06	-4.725079e-09	-5.550376e+01	-2.795391e+02
1.200000e-07	-7.852879e-06	-4.733915e-09	-5.526041e+01	-2.791602e+02
1.300000e-07	-7.815737e-06	-4.708663e-09	-5.499904e+01	-2.787290e+02
1.400000e-07	-7.776440e-06	-4.701198e-09	-5.472251e+01	-2.782051e+02
1.500000e-07	-7.734832e-06	-4.735962e-09	-5.442971e+01	-2.775668e+02
1.600000e-07	-7.690456e-06	-4.664273e-09	-5.411744e+01	-2.768195e+02
1.700000e-07	-7.643242e-06	-4.652214e-09	-5.378520e+01	-2.759940e+02
1.800000e-07	-7.593203e-06	-4.627940e-09	-5.343308e+01	-2.751346e+02
1.900000e-07	-7.540052e-06	-4.588603e-09	-5.305906e+01	-2.742822e+02
2.000000e-07	-7.484002e-06	-4.651617e-09	-5.266464e+01	-2.734583e+02
2.100000e-07	-7.425280e-06	-4.605065e-09	-5.225141e+01	-2.726565e+02
2.200000e-07	-7.363924e-06	-4.581392e-09	-5.181965e+01	-2.718443e+02
2.300000e-07	-7.299977e-06	-4.568530e-09	-5.136966e+01	-2.709753e+02
2.400000e-07	-7.233235e-06	-4.558124e-09	-5.090000e+01	-2.700068e+02
2.500000e-07	-7.163872e-06	-4.542154e-09	-5.041189e+01	-2.689163e+02
2.600000e-07	-7.091894e-06	-4.475802e-09	-4.990539e+01	-2.677108e+02
2.700000e-07	-7.017108e-06	-4.474485e-09	-4.937912e+01	-2.664246e+02
2.800000e-07	-6.939539e-06	-4.479218e-09	-4.883327e+01	-2.651066e+02
2.900000e-07	-6.859215e-06	-4.460857e-09	-4.826804e+01	-2.638022e+02
3.000000e-07	-6.776385e-06	-4.402915e-09	-4.768516e+01	-2.625356e+02
3.100000e-07	-6.691344e-06	-4.372945e-09	-4.708673e+01	-2.613004e+02
3.200000e-07	-6.604023e-06	-4.392206e-09	-4.647226e+01	-2.600614e+02
3.300000e-07	-6.514363e-06	-4.351663e-09	-4.584132e+01	-2.587678e+02
3.400000e-07	-6.422416e-06	-4.315840e-09	-4.519430e+01	-2.573719e+02
3.500000e-07	-6.328158e-06	-4.297620e-09	-4.453101e+01	-2.558471e+02
3.600000e-07	-6.231548e-06	-4.286365e-09	-4.385117e+01	-2.541980e+02
3.700000e-07	-6.132604e-06	-4.254122e-09	-4.315490e+01	-2.524583e+02
3.800000e-07	-6.031468e-06	-4.198178e-09	-4.244321e+01	-2.506781e+02
3.900000e-07	-5.928177e-06	-4.168499e-09	-4.171635e+01	-2.489040e+02
4.000000e-07	-5.822755e-06	-4.148482e-09	-4.097450e+01	-2.471620e+02
4.100000e-07	-5.715230e-06	-4.134384e-09	-4.021785e+01	-2.454461e+02
4.200000e-07	-5.605649e-06	-4.090527e-09	-3.944674e+01	-2.437215e+02
4.300000e-07	-5.494084e-06	-4.060107e-09	-3.866166e+01	-2.419363e+02
4.400000e-07	-5.380460e-06	-4.038013e-09	-3.786209e+01	-2.400417e+02
4.500000e-07	-5.264679e-06	-3.999577e-09	-3.704735e+01	-2.380091e+02
4.600000e-07	-5.146797e-06	-3.948969e-09	-3.621781e+01	-2.358407e+02
4.700000e-07	-5.026992e-06	-3.904004e-09	-3.537475e+01	-2.335672e+02
4.800000e-07	-4.905352e-06	-3.879895e-09	-3.451878e+01	-2.312344e+02
4.900000e-07	-4.781938e-06	-3.845303e-09	-3.365032e+01	-2.288849e+02
5.000000e-07	-4.656817e-06	-3.799042e-09	-3.276984e+01	-2.265405e+02
5.100000e-07	-4.530065e-06	-3.749202e-09	-3.187789e+01	-2.241926e+02
5.200000e-07	-4.401705e-06	-3.714420e-09	-3.097463e+01	-2.218052e+02
5.300000e-07	-4.271710e-06	-3.674896e-09	-3.005986e+01	-2.193275e+02
5.400000e-07	-4.140186e-06	-3.622091e-09	-2.913433e+01	-2.167132e+02
5.500000e-07	-4.007158e-06	-3.571554e-09	-2.819822e+01	-2.139365e+02
5.600000e-07	-3.872627e-06	-3.532593e-09	-2.725153e+01	-2.110013e+02
5.700000e-07	-3.736615e-06	-3.487135e-09	-2.629442e+01	-2.079376e+02
5.800000e-07	-3.599279e-06	-3.421881e-09	-2.532799e+01	-2.047888e+02
5.900000e-07	-3.460704e-06	-3.359768e-09	-2.435284e+01	-2.015927e+02
6.000000e-07	-3.320721e-06	-3.310895e-09	-2.336779e+01	-1.983664e+02
6.100000e-07	-3.179220e-06	-3.264020e-09	-2.237205e+01	-1.950986e+02
6.200000e-07	-3.036428e-06	-3.202663e-09	-2.136723e+01	-1.917533e+02
6.300000e-07	-2.892525e-06	-3.141044e-09	-2.035459e+01	-1.882840e+02
6.400000e-07	-2.747507e-06	-3.086057e-09	-1.933410e+01	-1.846512e+02
6.500000e-07	-2.601562e-06	-3.023815e-09	-1.830709e+01	-1.808374e+02
6.600000e-07	-2.454764e-06	-2.947983e-09	-1.727408e+01	-1.768531e+02
6.700000e-07	-2.307103e-06	-2.872631e-09	-1.623500e+01	-1.727322e+02
6.800000e-07	-2.158638e-06	-2.810248e-09	-1.519025e+01	-1.685170e+02
6.900000e-07	-2.009441e-06	-2.744228e-09	-1.414036e+01	-1.642412e+02
7.000000e-07	-1.859575e-06	-2.669429e-09	-1.308576e+01	-1.599150e+02
7.100000e-07	-1.709123e-06	-2.593344e-09	-1.202703e+01	-1.555205e+02
7.200000e-07	-1.558122e-06	-2.521433e-09	-1.096444e+01	-1.510171e+02
7.300000e-07	-1.406505e-06	-2.446510e-09	-9.897520e+00	-1.463568e+02
7.400000e-07	-1.254356e-06	-2.360610e-09	-8.826858e+00	-1.415015e+02
7.500000e-07	-1.101744e-06	-2.272743e-09	-7.752930e+00	-1.364365e+02
7.600000e-07	-9.486482e-07	-2.188326e-09	-6.675601e+00	-1.311754e+02
7.700000e-07	-7.951540e-07	-2.105200e-09	-5.595469e+00	-1.257527e+02
7.800000e-07	-6.414281e-07	-2.013436e-09	-4.513705e+00	-1.202094e+02
7.900000e-07	-4.875439e-07	-1.915061e-09	-3.430828e+00	-1.145755e+02
8.000000e-07	-3.334788e-07	-1.818377e-09	-2.346677e+00	-1.088569e+02
8.100000e-07	-1.793170e-07	-1.723215e-09	-1.261847e+00	-1.030329e+02
8.200000e-07	-2.510145e-08	-1.622887e-09	-1.766380e-01	-9.706293e+01
8.300000e-07	1.291116e-07	-1.514890e-09	9.085537e-01	-9.090296e+01
8.400000e-07	2.832999e-07	-1.409243e-09	1.993570e+00	-8.452264e+01
8.500000e-07	4.373618e-07	-1.303602e-09	3.077698e+00	-7.791828e+01
8.600000e-07	5.912452e-07	-1.190715e-09	4.160570e+00	-7.111581e+01
8.700000e-07	7.450022e-07	-1.070653e-09	5.242552e+00	-6.416307e+01
8.800000e-07	8.985050e-07	-9.526087e-10	6.322745e+00	-5.711412e+01
8.900000e-07	1.051695e-06	-8.379156e-10	7.400740e+00	-5.001175e+01
9.000000e-07	1.204453e-06	-7.194280e-10	8.475693e+00	-4.287456e+01
9.100000e-07	1.356727e-06	-5.958403e-10	9.547234e+00	-3.569345e+01
9.200000e-07	1.508491e-06	-4.723348e-10	1.061520e+01	-2.843829e+01
9.300000e-07	1.659695e-06	-3.515608e-10	1.167921e+01	-2.107201e+01
9.400000e-07	1.810362e-06	-2.289695e-10	1.273945e+01	-1.356621e+01
9.500000e-07	1.960374e-06	-1.005415e-10	1.379508e+01	-5.912209e+00
9.600000e-07	2.109621e-06	3.197479e-11	1.484532e+01	1.876653e+00
9.700000e-07	2.258118e-06	1.631703e-10	1.589029e+01	9.772277e+00
9.800000e-07	2.405790e-06	2.959493e-10	1.692945e+01	1.774531e+01
9.900000e-07	2.552592e-06	4.317903e-10	1.796250e+01	2.577939e+01
1.000000e-06	2.698559e-06	5.708525e-10	1.898966e+01	3.388003e+01
1.010000e-06	2.843577e-06	7.085125e-10	2.001014e+01	4.207440e+01
1.020000e-06	2.987570e-06	8.473621e-10	2.102342e+01	5.040145e+01
1.030000e-06	3.130461e-06	9.897264e-10	2.202894e+01	5.889574e+01
1.040000e-06	3.272166e-06	1.135119e-09	2.302611e+01	6.757076e+01
1.050000e-06	3.412578e-06	1.281925e-09	2.401418e+01	7.640775e+01
1.060000e-06	3.551630e-06	1.429894e-09	2.499268e+01	8.535406e+01
1.070000e-06	3.689342e-06	1.582003e-09	2.596176e+01	9.433163e+01
1.080000e-06	3.825690e-06	1.734428e-09	2.692123e+01	1.032528e+02
1.090000e-06	3.960609e-06	1.883410e-09	2.787066e+01	1.120375e+02
1.100000e-06	4.094072e-06	2.025216e-09	2.880983e+01	1.206269e+02
1.110000e-06	4.226102e-06	2.164786e-09	2.973892e+01	1.289884e+02
1.120000e-06	4.356639e-06	2.302549e-09	3.065750e+01	1.371115e+02
1.130000e-06	4.485658e-06	2.433127e-09	3.156541e+01	1.449970e+02
1.140000e-06	4.613139e-06	2.557827e-09	3.246248e+01	1.526440e+02
1.150000e-06	4.738939e-06	2.680363e-09	3.334773e+01	1.600405e+02
1.160000e-06	4.863017e-06	2.801894e-09	3.422087e+01	1.671600e+02
1.170000e-06	4.985372e-06	2.916591e-09	3.508187e+01	1.739666e+02
1.180000e-06	5.105959e-06	3.022688e-09	3.593044e+01	1.804255e+02
1.190000e-06	5.224646e-06	3.123297e-09	3.676563e+01	1.865150e+02
1.200000e-06	5.341341e-06	3.218981e-09	3.758681e+01	1.922348e+02
1.210000e-06	5.455987e-06	3.309186e-09	3.839357e+01	1.976083e+02
1.220000e-06	5.568550e-06	3.391777e-09	3.918567e+01	2.026768e+02
1.230000e-06	5.679156e-06	3.469929e-09	3.996400e+01	2.074887e+02
1.240000e-06	5.787852e-06	3.548242e-09	4.072889e+01	2.120862e+02
1.250000e-06	5.894454e-06	3.626133e-09	4.147904e+01	2.164961e+02
1.260000e-06	5.998873e-06	3.699746e-09	4.221384e+01	2.207256e+02
1.270000e-06	6.101120e-06	3.769141e-09	4.293335e+01	2.247657e+02
1.280000e-06	6.201142e-06	3.834138e-09	4.363720e+01	2.286001e+02
1.290000e-06	6.298923e-06	3.894062e-09	4.432528e+01	2.322161e+02
1.300000e-06	6.394388e-06	3.948494e-09	4.499706e+01	2.356127e+02
1.310000e-06	6.487640e-06	4.000646e-09	4.565327e+01	2.388047e+02
1.320000e-06	6.578656e-06	4.053120e-09	4.629375e+01	2.418187e+02
1.330000e-06	6.667301e-06	4.103301e-09	4.691755e+01	2.446862e+02
1.340000e-06	6.753578e-06	4.150240e-09	4.752467e+01	2.474331e+02
1.350000e-06	6.837563e-06	4.194704e-09	4.811567e+01	2.500723e+02
1.360000e-06	6.919247e-06	4.237918e-09	4.869048e+01	2.526006e+02
1.370000e-06	6.998426e-06	4.278375e-09	4.924766e+01	2.550021e+02
1.380000e-06	7.074986e-06	4.315074e-09	4.978641e+01	2.572561e+02
1.390000e-06	7.148848e-06	4.349707e-09	5.030617e+01	2.593470e+02
1.400000e-06	7.220133e-06	4.382349e-09	5.080780e+01	2.612721e+02
1.410000e-06	7.288908e-06	4.412386e-09	5.129177e+01	2.630448e+02
1.420000e-06	7.355005e-06	4.439041e-09	5.175689e+01	2.646918e+02
1.430000e-06	7.418482e-06	4.463655e-09	5.220357e+01	2.662450e+02
1.440000e-06	7.479462e-06	4.489440e-09	5.263269e+01	2.677314e+02
1.450000e-06	7.537883e-06	4.515450e-09	5.304379e+01	2.691648e+02
1.460000e-06	7.593597e-06	4.539659e-09	5.343585e+01	2.705421e+02
1.470000e-06	7.646269e-06	4.561610e-09	5.380650e+01	2.718456e+02
1.480000e-06	7.695709e-06	4.582628e-09	5.415441e+01	2.730515e+02
1.490000e-06	7.742243e-06	4.602180e-09	5.448187e+01	2.741405e+02
1.500000e-06	7.786124e-06	4.619388e-09	5.479066e+01	2.751067e+02
1.510000e-06	7.827227e-06	4.634767e-09	5.507990e+01	2.759627e+02
1.520000e-06	7.865522e-06	4.648587e-09	5.534937e+01	2.767365e+02
1.530000e-06	7.901082e-06	4.661014e-09	5.559962e+01	2.774637e+02
1.540000e-06	7.933839e-06	4.671626e-09	5.583012e+01	2.781751e+02
1.550000e-06	7.963857e-06	4.681568e-09	5.604136e+01	2.788861e+02
1.560000e-06	7.991098e-06	4.691449e-09	5.623305e+01	2.795909e+02
1.570000e-06	8.015430e-06	4.701627e-09	5.640428e+01	2.802636e+02
1.580000e-06	8.037011e-06	4.711594e-09	5.655614e+01	2.808672e+02
1.590000e-06	8.055800e-06	4.720375e-09	5.668836e+01	2.813668e+02
1.600000e-06	8.071662e-06	4.727272e-09	5.679997e+01	2.817422e+02
1.610000e-06	8.084506e-06	4.732333e-09	5.689036e+01	2.819967e+02
1.620000e-06	8.094217e-06	4.735179e-09	5.695870e+01	2.821568e+02
1.630000e-06	8.100967e-06	4.735813e-09	5.700619e+01	2.822642e+02
1.640000e-06	8.104926e-06	4.736187e-09	5.703405e+01	2.823617e+02
1.650000e-06	8.105984e-06	4.737386e-09	5.704150e+01	2.824786e+02
1.660000e-06	8.104278e-06	4.742809e-09	5.702949e+01	2.826199e+02
1.670000e-06	8.099944e-06	4.749862e-09	5.699900e+01	2.827646e+02
1.680000e-06	8.092904e-06	4.752419e-09	5.694946e+01	2.828723e+02
1.690000e-06	8.083212e-06	4.751571e-09	5.688125e+01	2.828976e+02
1.700000e-06	8.070648e-06	4.749460e-09	5.679284e+01	2.828063e+02
1.710000e-06	8.055292e-06	4.745105e-09	5.668478e+01	2.825877e+02
1.720000e-06	8.037576e-06	4.733868e-09	5.656011e+01	2.822586e+02
1.730000e-06	8.017556e-06	4.721191e-09	5.641923e+01	2.818578e+02
1.740000e-06	7.994653e-06	4.770890e-09	5.625806e+01	2.814318e+02
1.750000e-06	7.968148e-06	4.774292e-09	5.607155e+01	2.810187e+02
1.760000e-06	7.937935e-06	4.727393e-09	5.585894e+01	2.806339e+02
1.770000e-06	7.904733e-06	4.709598e-09	5.562530e+01	2.802655e+02
1.780000e-06	7.869117e-06	4.711396e-09	5.537468e+01	2.798782e+02
1.790000e-06	7.831063e-06	4.666933e-09	5.510689e+01	2.794275e+02
1.800000e-06	7.790978e-06	4.673886e-09	5.482481e+01	2.788765e+02
1.810000e-06	7.748770e-06	4.727390e-09	5.452780e+01	2.782097e+02
1.820000e-06	7.703738e-06	4.634069e-09	5.421091e+01	2.774397e+02
1.830000e-06	7.656021e-06	4.693770e-09	5.387512e+01	2.766018e+02
1.840000e-06	7.605365e-06	4.666859e-09	5.351866e+01	2.757413e+02
1.850000e-06	7.551482e-06	4.601075e-09	5.313949e+01	2.748954e+02
1.860000e-06	7.494902e-06	4.629146e-09	5.274134e+01	2.740792e+02
1.870000e-06	7.435689e-06	4.565362e-09	5.232466e+01	2.732791e+02
1.880000e-06	7.373819e-06	4.618521e-09	5.188928e+01	2.724577e+02
1.890000e-06	7.309237e-06	4.566213e-09	5.143482e+01	2.715678e+02
1.900000e-06	7.241920e-06	4.562955e-09	5.096111e+01	2.705702e+02
1.910000e-06	7.171801e-06	4.580439e-09	5.046769e+01	2.694496e+02
1.920000e-06	7.098837e-06	4.502072e-09	4.995424e+01	2.682202e+02
1.930000e-06	7.023248e-06	4.504621e-09	4.942233e+01	2.669217e+02
1.940000e-06	6.944902e-06	4.453387e-09	4.887101e+01	2.656039e+02
1.950000e-06	6.864014e-06	4.477282e-09	4.830180e+01	2.643082e+02
1.960000e-06	6.780747e-06	4.450072e-09	4.771585e+01	2.630518e+02
1.970000e-06	6.694985e-06	4.415774e-09	4.711235e+01	2.618202e+02
1.980000e-06	6.606817e-06	4.422903e-09	4.649192e+01	2.605730e+02
1.990000e-06	6.516331e-06	4.362574e-09	4.585517e+01	2.592582e+02
2.000000e-06	6.423632e-06	4.359627e-09	4.520285e+01	2.578318e+02
2.010000e-06	6.328607e-06	4.307835e-09	4.453416e+01	2.562747e+02
2.020000e-06	6.231340e-06	4.304061e-09	4.384970e+01	2.545993e+02
2.030000e-06	6.131868e-06	4.280754e-09	4.314972e+01	2.528450e+02
2.040000e-06	6.030152e-06	4.250355e-09	4.243395e+01	2.510629e+02
2.050000e-06	5.926212e-06	4.219796e-09	4.170253e+01	2.492960e+02
2.060000e-06	5.820110e-06	4.170753e-09	4.095589e+01	2.475628e+02
2.070000e-06	5.711980e-06	4.155300e-09	4.019499e+01	2.458494e+02
2.080000e-06	5.601813e-06	4.113182e-09	3.941975e+01	2.441152e+02
2.090000e-06	5.489588e-06	4.097931e-09	3.863002e+01	2.423071e+02
2.100000e-06	5.375207e-06	4.065921e-09	3.782513e+01	2.403799e+02
2.110000e-06	5.258767e-06	4.041993e-09	3.700574e+01	2.383124e+02
2.120000e-06	5.140277e-06	3.998233e-09	3.617194e+01	2.361145e+02
2.130000e-06	5.019795e-06	3.953029e-09	3.532411e+01	2.338220e+02
2.140000e-06	4.897511e-06	3.907896e-09	3.446360e+01	2.314820e+02
2.150000e-06	4.773503e-06	3.874741e-09	3.359096e+01	2.291333e+02
2.160000e-06	4.647810e-06	3.843875e-09	3.270646e+01	2.267905e+02
2.170000e-06	4.520416e-06	3.806790e-09	3.181000e+01	2.244374e+02
2.180000e-06	4.391406e-06	3.770181e-09	3.090215e+01	2.220328e+02
2.190000e-06	4.260895e-06	3.725970e-09	2.998376e+01	2.195252e+02
2.200000e-06	4.128937e-06	3.682577e-09	2.905517e+01	2.168720e+02
2.210000e-06	3.995498e-06	3.622239e-09	2.811617e+01	2.140546e+02
2.220000e-06	3.860568e-06	3.576481e-09	2.716667e+01	2.110841e+02
2.230000e-06	3.724080e-06	3.526217e-09	2.620621e+01	2.079954e+02
2.240000e-06	3.586221e-06	3.481782e-09	2.523610e+01	2.048322e+02
2.250000e-06	3.447068e-06	3.426508e-09	2.425689e+01	2.016285e+02
2.260000e-06	3.306614e-06	3.373028e-09	2.326851e+01	1.983944e+02
2.270000e-06	3.164907e-06	3.319915e-09	2.227133e+01	1.951117e+02
2.280000e-06	3.022038e-06	3.258421e-09	2.126596e+01	1.917403e+02
2.290000e-06	2.878077e-06	3.196460e-09	2.025292e+01	1.882336e+02
2.300000e-06	2.733027e-06	3.133945e-09	1.923220e+01	1.845565e+02
2.310000e-06	2.587077e-06	3.073888e-09	1.820516e+01	1.806985e+02
2.320000e-06	2.440252e-06	3.007101e-09	1.717196e+01	1.766767e+02
2.330000e-06	2.292531e-06	2.938568e-09	1.613245e+01	1.725287e+02
2.340000e-06	2.143974e-06	2.868361e-09	1.508707e+01	1.682964e+02
2.350000e-06	1.994665e-06	2.795600e-09	1.403638e+01	1.640086e+02
2.360000e-06	1.844663e-06	2.717931e-09	1.298082e+01	1.596685e+02
2.370000e-06	1.694103e-06	2.640215e-09	1.192134e+01	1.552516e+02
2.380000e-06	1.543007e-06	2.562790e-09	1.085808e+01	1.507138e+02
2.390000e-06	1.391337e-06	2.486539e-09	9.790788e+00	1.460080e+02
2.400000e-06	1.239144e-06	2.404137e-09	8.719808e+00	1.411009e+02
2.410000e-06	1.086389e-06	2.318687e-09	7.644879e+00	1.359851e+02
2.420000e-06	9.331944e-07	2.227668e-09	6.566853e+00	1.306802e+02
2.430000e-06	7.797187e-07	2.133896e-09	5.486851e+00	1.252241e+02
2.440000e-06	6.259688e-07	2.037275e-09	4.404919e+00	1.196566e+02
2.450000e-06	4.720561e-07	1.938350e-09	3.321841e+00	1.140024e+02
2.460000e-06	3.180446e-07	1.841177e-09	2.238068e+00	1.082609e+02
2.470000e-06	1.639343e-07	1.742081e-09	1.153599e+00	1.024050e+02
2.480000e-06	9.779457e-09	1.642131e-09	6.881766e-02	9.639190e+01
2.490000e-06	-1.443640e-07	1.537808e-09	-1.015884e+00	9.017923e+01
2.500000e-06	-2.984750e-07	1.429027e-09	-2.100357e+00	8.374250e+01
2.510000e-06	-4.524672e-07	1.317169e-09	-3.183995e+00	7.708555e+01
2.520000e-06	-6.063229e-07	1.202456e-09	-4.266671e+00	7.024091e+01
2.530000e-06	-7.600380e-07	1.081904e-09	-5.348359e+00	6.325964e+01
2.540000e-06	-9.134617e-07	9.603339e-10	-6.427995e+00	5.619455e+01
2.550000e-06	-1.066489e-06	8.386586e-10	-7.504845e+00	4.908327e+01
2.560000e-06	-1.219049e-06	7.168152e-10	-8.578404e+00	4.193740e+01
2.570000e-06	-1.371088e-06	5.938554e-10	-9.648295e+00	3.474158e+01
2.580000e-06	-1.522615e-06	4.704948e-10	-1.071458e+01	2.746247e+01
2.590000e-06	-1.673652e-06	3.482356e-10	-1.177743e+01	2.006376e+01
2.600000e-06	-1.824098e-06	2.225411e-10	-1.283611e+01	1.252126e+01
2.610000e-06	-1.973858e-06	9.080345e-11	-1.388997e+01	4.831967e+00
2.620000e-06	-2.122897e-06	-4.574814e-11	-1.493874e+01	-2.986092e+00
2.630000e-06	-2.271184e-06	-1.808825e-10	-1.598224e+01	-1.090310e+01
2.640000e-06	-2.418653e-06	-3.170373e-10	-1.701997e+01	-1.889173e+01
2.650000e-06	-2.565246e-06	-4.548828e-10	-1.805154e+01	-2.694056e+01
2.660000e-06	-2.710998e-06	-5.922607e-10	-1.907719e+01	-3.506096e+01
2.670000e-06	-2.855760e-06	-7.300092e-10	-2.009587e+01	-4.328428e+01
2.680000e-06	-2.999397e-06	-8.698973e-10	-2.110664e+01	-5.165003e+01
2.690000e-06	-3.141893e-06	-1.016435e-09	-2.210938e+01	-6.018893e+01
2.700000e-06	-3.283196e-06	-1.167333e-09	-2.310373e+01	-6.890714e+01
2.710000e-06	-3.423226e-06	-1.317884e-09	-2.408911e+01	-7.777718e+01
2.720000e-06	-3.561956e-06	-1.468987e-09	-2.506535e+01	-8.673886e+01
2.730000e-06	-3.699382e-06	-1.619860e-09	-2.603241e+01	-9.571009e+01
2.740000e-06	-3.835411e-06	-1.770214e-09	-2.698964e+01	-1.046035e+02
2.750000e-06	-3.969993e-06	-1.917119e-09	-2.793669e+01	-1.133435e+02
2.760000e-06	-4.103186e-06	-2.060440e-09	-2.887397e+01	-1.218776e+02
2.770000e-06	-4.234994e-06	-2.203007e-09	-2.980149e+01	-1.301794e+02
2.780000e-06	-4.365295e-06	-2.341786e-09	-3.071842e+01	-1.382424e+02
2.790000e-06	-4.494043e-06	-2.473477e-09	-3.162441e+01	-1.460682e+02
2.800000e-06	-4.621229e-06	-2.599891e-09	-3.251941e+01	-1.536539e+02
2.810000e-06	-4.746744e-06	-2.725479e-09	-3.340266e+01	-1.609837e+02
2.820000e-06	-4.870521e-06	-2.848706e-09	-3.427367e+01	-1.680280e+02
2.830000e-06	-4.992571e-06	-2.963736e-09	-3.513253e+01	-1.747502e+02
2.840000e-06	-5.112845e-06	-3.070650e-09	-3.597889e+01	-1.811176e+02
2.850000e-06	-5.231210e-06	-3.173684e-09	-3.681183e+01	-1.871133e+02
2.860000e-06	-5.347495e-06	-3.271485e-09	-3.763012e+01	-1.927431e+02
2.870000e-06	-5.461561e-06	-3.361251e-09	-3.843280e+01	-1.980355e+02
2.880000e-06	-5.573312e-06	-3.443754e-09	-3.921918e+01	-2.030350e+02
2.890000e-06	-5.682940e-06	-3.523333e-09	-3.999063e+01	-2.077893e+02
2.900000e-06	-5.790660e-06	-3.601843e-09	-4.074865e+01	-2.123378e+02
2.910000e-06	-5.896422e-06	-3.675522e-09	-4.149290e+01	-2.167022e+02
2.920000e-06	-6.000105e-06	-3.743529e-09	-4.222251e+01	-2.208852e+02
2.930000e-06	-6.101579e-06	-3.809324e-09	-4.293658e+01	-2.248750e+02
2.940000e-06	-6.200850e-06	-3.873326e-09	-4.363515e+01	-2.286552e+02
2.950000e-06	-6.298008e-06	-3.933869e-09	-4.431884e+01	-2.322154e+02
2.960000e-06	-6.393000e-06	-3.989660e-09	-4.498730e+01	-2.355585e+02
2.970000e-06	-6.485708e-06	-4.040805e-09	-4.563968e+01	-2.387027e+02
2.980000e-06	-6.576143e-06	-4.091336e-09	-4.627607e+01	-2.416768e+02
2.990000e-06	-6.664284e-06	-4.140021e-09	-4.689631e+01	-2.445117e+02
3.000000e-06	-6.749999e-06	-4.184758e-09	-4.749948e+01	-2.472306e+02
3.010000e-06	-6.833238e-06	-4.228935e-09	-4.808523e+01	-2.498425e+02
3.020000e-06	-6.914079e-06	-4.270494e-09	-4.865411e+01	-2.523405e+02
3.030000e-06	-6.992454e-06	-4.309075e-09	-4.920563e+01	-2.547066e+02
3.040000e-06	-7.068178e-06	-4.346439e-09	-4.973850e+01	-2.569205e+02
3.050000e-06	-7.141229e-06	-4.381682e-09	-5.025256e+01	-2.589691e+02
3.060000e-06	-7.211665e-06	-4.413099e-09	-5.074821e+01	-2.608538e+02
3.070000e-06	-7.279500e-06	-4.442458e-09	-5.122556e+01	-2.625918e+02
3.080000e-06	-7.344805e-06	-4.469573e-09	-5.168511e+01	-2.642119e+02
3.090000e-06	-7.407539e-06	-4.495235e-09	-5.212657e+01	-2.657458e+02
3.100000e-06	-7.467601e-06	-4.520194e-09	-5.254922e+01	-2.672180e+02
3.110000e-06	-7.525019e-06	-4.544665e-09	-5.295327e+01	-2.686379e+02
3.120000e-06	-7.579667e-06	-4.565656e-09	-5.333782e+01	-2.699983e+02
3.130000e-06	-7.631350e-06	-4.583781e-09	-5.370152e+01	-2.712792e+02
3.140000e-06	-7.679941e-06	-4.602846e-09	-5.404345e+01	-2.724569e+02
3.150000e-06	-7.725592e-06	-4.621043e-09	-5.436469e+01	-2.735146e+02
3.160000e-06	-7.768728e-06	-4.636055e-09	-5.466824e+01	-2.744510e+02
3.170000e-06	-7.809371e-06	-4.649177e-09	-5.495425e+01	-2.752829e+02
3.180000e-06	-7.847283e-06	-4.662493e-09	-5.522103e+01	-2.760412e+02
3.190000e-06	-7.882426e-06	-4.675628e-09	-5.546833e+01	-2.767615e+02
3.200000e-06	-7.914814e-06	-4.687972e-09	-5.569624e+01	-2.774717e+02
3.210000e-06	-7.944256e-06	-4.699360e-09	-5.590342e+01	-2.781822e+02
3.220000e-06	-7.970746e-06	-4.712897e-09	-5.608984e+01	-2.788816e+02
3.230000e-06	-7.994482e-06	-4.726514e-09	-5.625686e+01	-2.795402e+02
3.240000e-06	-8.015444e-06	-4.737028e-09	-5.640437e+01	-2.801203e+02
3.250000e-06	-8.033607e-06	-4.744450e-09	-5.653219e+01	-2.805894e+02
3.260000e-06	-8.048884e-06	-4.750424e-09	-5.663969e+01	-2.809329e+02
3.270000e-06	-8.061037e-06	-4.754442e-09	-5.672521e+01	-2.811601e+02
3.280000e-06	-8.070216e-06	-4.757939e-09	-5.678980e+01	-2.813024e+02
3.290000e-06	-8.076487e-06	-4.759725e-09	-5.683393e+01	-2.814031e+02
3.300000e-06	-8.079848e-06	-4.760286e-09	-5.685758e+01	-2.815031e+02
3.310000e-06	-8.080473e-06	-4.763673e-09	-5.686198e+01	-2.816262e+02
