# Temperatura_=_37.67
# Concentracion g/m^3_=_11000.0
# C_Vs_to_Am_M_A/Vsm_=_59384043850.047264
# pendiente_HvsI_1/m_=_3716.3
# ordenada_HvsI_A/m_=_1297.0
# frecuencia_Hz_=_301646.95804553595

Tiempo_(s)	Campo_(V.s)	Magnetizacion_(V.s)	Campo_(kA/m)	Magnetizacion_(A/m)
0.000000e+00	-8.034464e-06	-4.910444e-09	-5.685095e+01	-2.910474e+02
1.000000e-08	-8.030719e-06	-4.907220e-09	-5.682445e+01	-2.910064e+02
2.000000e-08	-8.024364e-06	-4.904241e-09	-5.677949e+01	-2.909250e+02
3.000000e-08	-8.015381e-06	-4.902903e-09	-5.671593e+01	-2.908219e+02
4.000000e-08	-8.003520e-06	-4.901779e-09	-5.663200e+01	-2.907024e+02
5.000000e-08	-7.988693e-06	-4.899636e-09	-5.652709e+01	-2.905554e+02
6.000000e-08	-7.971040e-06	-4.897906e-09	-5.640217e+01	-2.903578e+02
7.000000e-08	-7.950971e-06	-4.899780e-09	-5.626017e+01	-2.900848e+02
8.000000e-08	-7.928394e-06	-4.894802e-09	-5.610041e+01	-2.897208e+02
9.000000e-08	-7.902628e-06	-4.852312e-09	-5.591810e+01	-2.892667e+02
1.000000e-07	-7.873551e-06	-4.829882e-09	-5.571235e+01	-2.887402e+02
1.100000e-07	-7.841696e-06	-4.845447e-09	-5.548695e+01	-2.881691e+02
1.200000e-07	-7.807151e-06	-4.851101e-09	-5.524251e+01	-2.875792e+02
1.300000e-07	-7.770052e-06	-4.832464e-09	-5.498001e+01	-2.869833e+02
1.400000e-07	-7.730778e-06	-4.826487e-09	-5.470211e+01	-2.863755e+02
1.500000e-07	-7.689212e-06	-4.848731e-09	-5.440799e+01	-2.857325e+02
1.600000e-07	-7.644904e-06	-4.797905e-09	-5.409447e+01	-2.850236e+02
1.700000e-07	-7.597829e-06	-4.788489e-09	-5.376137e+01	-2.842233e+02
1.800000e-07	-7.548002e-06	-4.764984e-09	-5.340881e+01	-2.833234e+02
1.900000e-07	-7.495009e-06	-4.727527e-09	-5.303383e+01	-2.823374e+02
2.000000e-07	-7.439130e-06	-4.765375e-09	-5.263844e+01	-2.812971e+02
2.100000e-07	-7.380585e-06	-4.728282e-09	-5.222418e+01	-2.802407e+02
2.200000e-07	-7.319379e-06	-4.703879e-09	-5.179110e+01	-2.791984e+02
2.300000e-07	-7.255602e-06	-4.691312e-09	-5.133982e+01	-2.781807e+02
2.400000e-07	-7.189067e-06	-4.679016e-09	-5.086902e+01	-2.771733e+02
2.500000e-07	-7.119876e-06	-4.659846e-09	-5.037943e+01	-2.761430e+02
2.600000e-07	-7.048084e-06	-4.611052e-09	-4.987144e+01	-2.750498e+02
2.700000e-07	-6.973557e-06	-4.607063e-09	-4.934410e+01	-2.738625e+02
2.800000e-07	-6.896247e-06	-4.599524e-09	-4.879706e+01	-2.725706e+02
2.900000e-07	-6.816229e-06	-4.573916e-09	-4.823086e+01	-2.711877e+02
3.000000e-07	-6.733742e-06	-4.528216e-09	-4.764719e+01	-2.697461e+02
3.100000e-07	-6.648957e-06	-4.496905e-09	-4.704726e+01	-2.682835e+02
3.200000e-07	-6.561880e-06	-4.499277e-09	-4.643112e+01	-2.668277e+02
3.300000e-07	-6.472540e-06	-4.467002e-09	-4.579896e+01	-2.653856e+02
3.400000e-07	-6.380917e-06	-4.436251e-09	-4.515064e+01	-2.639407e+02
3.500000e-07	-6.287047e-06	-4.414492e-09	-4.448643e+01	-2.624595e+02
3.600000e-07	-6.190912e-06	-4.398364e-09	-4.380619e+01	-2.609047e+02
3.700000e-07	-6.092428e-06	-4.369909e-09	-4.310933e+01	-2.592498e+02
3.800000e-07	-5.991707e-06	-4.322127e-09	-4.239664e+01	-2.574889e+02
3.900000e-07	-5.888838e-06	-4.290980e-09	-4.166875e+01	-2.556377e+02
4.000000e-07	-5.783825e-06	-4.266329e-09	-4.092569e+01	-2.537259e+02
4.100000e-07	-5.676699e-06	-4.244169e-09	-4.016767e+01	-2.517838e+02
4.200000e-07	-5.567580e-06	-4.199195e-09	-3.939556e+01	-2.498288e+02
4.300000e-07	-5.456485e-06	-4.164088e-09	-3.860947e+01	-2.478572e+02
4.400000e-07	-5.343368e-06	-4.140801e-09	-3.780907e+01	-2.458442e+02
4.500000e-07	-5.228165e-06	-4.107228e-09	-3.699390e+01	-2.437535e+02
4.600000e-07	-5.110854e-06	-4.061184e-09	-3.616382e+01	-2.415504e+02
4.700000e-07	-4.991614e-06	-4.016700e-09	-3.532009e+01	-2.392152e+02
4.800000e-07	-4.870572e-06	-3.985251e-09	-3.446362e+01	-2.367502e+02
4.900000e-07	-4.747731e-06	-3.944696e-09	-3.359441e+01	-2.341783e+02
5.000000e-07	-4.623184e-06	-3.894672e-09	-3.271313e+01	-2.315332e+02
5.100000e-07	-4.497021e-06	-3.842562e-09	-3.182041e+01	-2.288460e+02
5.200000e-07	-4.369195e-06	-3.801092e-09	-3.091593e+01	-2.261326e+02
5.300000e-07	-4.239775e-06	-3.759486e-09	-3.000016e+01	-2.233875e+02
5.400000e-07	-4.108878e-06	-3.709688e-09	-2.907396e+01	-2.205857e+02
5.500000e-07	-3.976496e-06	-3.657705e-09	-2.813723e+01	-2.176925e+02
5.600000e-07	-3.842594e-06	-3.609137e-09	-2.718976e+01	-2.146756e+02
5.700000e-07	-3.707245e-06	-3.557054e-09	-2.623205e+01	-2.115167e+02
5.800000e-07	-3.570666e-06	-3.494429e-09	-2.526563e+01	-2.082166e+02
5.900000e-07	-3.432852e-06	-3.433949e-09	-2.429047e+01	-2.047922e+02
6.000000e-07	-3.293576e-06	-3.379849e-09	-2.330497e+01	-2.012679e+02
6.100000e-07	-3.152829e-06	-3.326499e-09	-2.230906e+01	-1.976642e+02
6.200000e-07	-3.010854e-06	-3.264581e-09	-2.130446e+01	-1.939885e+02
6.300000e-07	-2.867772e-06	-3.198589e-09	-2.029203e+01	-1.902315e+02
6.400000e-07	-2.723543e-06	-3.134316e-09	-1.927148e+01	-1.863704e+02
6.500000e-07	-2.578308e-06	-3.065364e-09	-1.824381e+01	-1.823780e+02
6.600000e-07	-2.432191e-06	-2.990719e-09	-1.720991e+01	-1.782323e+02
6.700000e-07	-2.285168e-06	-2.916308e-09	-1.616959e+01	-1.739246e+02
6.800000e-07	-2.137341e-06	-2.847356e-09	-1.512358e+01	-1.694614e+02
6.900000e-07	-1.988821e-06	-2.773622e-09	-1.407267e+01	-1.648608e+02
7.000000e-07	-1.839641e-06	-2.695087e-09	-1.301709e+01	-1.601443e+02
7.100000e-07	-1.689823e-06	-2.614031e-09	-1.195699e+01	-1.553282e+02
7.200000e-07	-1.539423e-06	-2.529958e-09	-1.089278e+01	-1.504167e+02
7.300000e-07	-1.388554e-06	-2.444597e-09	-9.825253e+00	-1.454011e+02
7.400000e-07	-1.237304e-06	-2.356566e-09	-8.755025e+00	-1.402631e+02
7.500000e-07	-1.085620e-06	-2.267312e-09	-7.681727e+00	-1.349813e+02
7.600000e-07	-9.334181e-07	-2.176699e-09	-6.604760e+00	-1.295383e+02
7.700000e-07	-7.808299e-07	-2.086827e-09	-5.525064e+00	-1.239254e+02
7.800000e-07	-6.280140e-07	-1.992002e-09	-4.443756e+00	-1.181427e+02
7.900000e-07	-4.750191e-07	-1.891218e-09	-3.361181e+00	-1.121967e+02
8.000000e-07	-3.218244e-07	-1.787347e-09	-2.277193e+00	-1.060956e+02
8.100000e-07	-1.685309e-07	-1.681342e-09	-1.192505e+00	-9.984451e+01
8.200000e-07	-1.521265e-08	-1.573693e-09	-1.076430e-01	-9.344446e+01
8.300000e-07	1.381006e-07	-1.463684e-09	9.771839e-01	-8.689306e+01
8.400000e-07	2.913659e-07	-1.352069e-09	2.061672e+00	-8.018793e+01
8.500000e-07	4.445403e-07	-1.239106e-09	3.145517e+00	-7.333048e+01
8.600000e-07	5.975352e-07	-1.123185e-09	4.228091e+00	-6.632812e+01
8.700000e-07	7.503205e-07	-1.002949e-09	5.309182e+00	-5.919415e+01
8.800000e-07	9.028916e-07	-8.804197e-10	6.388758e+00	-5.194519e+01
8.900000e-07	1.055131e-06	-7.574060e-10	7.465987e+00	-4.459742e+01
9.000000e-07	1.206895e-06	-6.323703e-10	8.539854e+00	-3.716324e+01
9.100000e-07	1.358192e-06	-5.038432e-10	9.610411e+00	-2.964949e+01
9.200000e-07	1.509053e-06	-3.742749e-10	1.067789e+01	-2.205780e+01
9.300000e-07	1.659516e-06	-2.463752e-10	1.174254e+01	-1.438622e+01
9.400000e-07	1.809475e-06	-1.193796e-10	1.280364e+01	-6.631085e+00
9.500000e-07	1.958719e-06	1.045475e-11	1.385967e+01	1.212098e+00
9.600000e-07	2.107166e-06	1.446813e-10	1.491007e+01	9.149277e+00
9.700000e-07	2.254865e-06	2.804054e-10	1.595517e+01	1.718933e+01
9.800000e-07	2.401822e-06	4.168500e-10	1.699502e+01	2.534523e+01
9.900000e-07	2.547882e-06	5.581714e-10	1.802852e+01	3.363344e+01
1.000000e-06	2.692941e-06	7.049299e-10	1.905495e+01	4.207092e+01
1.010000e-06	2.837041e-06	8.523150e-10	2.007458e+01	5.066996e+01
1.020000e-06	2.980190e-06	9.977772e-10	2.108749e+01	5.943242e+01
1.030000e-06	3.122245e-06	1.144871e-09	2.209265e+01	6.834527e+01
1.040000e-06	3.263050e-06	1.296297e-09	2.308897e+01	7.737919e+01
1.050000e-06	3.402532e-06	1.449734e-09	2.407593e+01	8.649090e+01
1.060000e-06	3.540666e-06	1.601545e-09	2.505335e+01	9.562829e+01
1.070000e-06	3.677475e-06	1.755589e-09	2.602139e+01	1.047368e+02
1.080000e-06	3.812945e-06	1.911745e-09	2.697997e+01	1.137646e+02
1.090000e-06	3.947117e-06	2.064451e-09	2.792935e+01	1.226651e+02
1.100000e-06	4.079873e-06	2.207568e-09	2.886872e+01	1.313964e+02
1.110000e-06	4.211090e-06	2.345736e-09	2.979720e+01	1.399194e+02
1.120000e-06	4.340803e-06	2.484067e-09	3.071503e+01	1.481953e+02
1.130000e-06	4.469010e-06	2.617393e-09	3.162221e+01	1.561855e+02
1.140000e-06	4.595695e-06	2.744862e-09	3.251862e+01	1.638548e+02
1.150000e-06	4.720779e-06	2.867914e-09	3.340370e+01	1.711761e+02
1.160000e-06	4.844169e-06	2.988923e-09	3.427679e+01	1.781358e+02
1.170000e-06	4.965771e-06	3.101146e-09	3.513723e+01	1.847367e+02
1.180000e-06	5.085596e-06	3.203825e-09	3.598510e+01	1.909967e+02
1.190000e-06	5.203541e-06	3.300332e-09	3.681967e+01	1.969433e+02
1.200000e-06	5.319411e-06	3.393668e-09	3.763955e+01	2.026049e+02
1.210000e-06	5.433211e-06	3.483368e-09	3.844478e+01	2.080028e+02
1.220000e-06	5.545056e-06	3.568083e-09	3.923619e+01	2.131460e+02
1.230000e-06	5.654986e-06	3.650353e-09	4.001404e+01	2.180323e+02
1.240000e-06	5.762912e-06	3.730521e-09	4.077771e+01	2.226543e+02
1.250000e-06	5.868760e-06	3.806452e-09	4.152668e+01	2.270076e+02
1.260000e-06	5.972480e-06	3.875752e-09	4.226059e+01	2.310998e+02
1.270000e-06	6.074031e-06	3.940078e-09	4.297915e+01	2.349537e+02
1.280000e-06	6.173310e-06	4.001559e-09	4.368164e+01	2.386050e+02
1.290000e-06	6.270293e-06	4.060790e-09	4.436788e+01	2.420934e+02
1.300000e-06	6.365087e-06	4.115591e-09	4.503863e+01	2.454521e+02
1.310000e-06	6.457729e-06	4.168059e-09	4.569416e+01	2.486977e+02
1.320000e-06	6.548093e-06	4.222148e-09	4.633356e+01	2.518263e+02
1.330000e-06	6.636130e-06	4.274997e-09	4.695650e+01	2.548174e+02
1.340000e-06	6.721951e-06	4.322816e-09	4.756376e+01	2.576432e+02
1.350000e-06	6.805467e-06	4.367627e-09	4.815471e+01	2.602814e+02
1.360000e-06	6.886509e-06	4.410669e-09	4.872815e+01	2.627261e+02
1.370000e-06	6.965052e-06	4.450037e-09	4.928392e+01	2.649911e+02
1.380000e-06	7.040959e-06	4.484856e-09	4.982103e+01	2.671073e+02
1.390000e-06	7.114195e-06	4.518612e-09	5.033924e+01	2.691115e+02
1.400000e-06	7.184902e-06	4.552535e-09	5.083955e+01	2.710341e+02
1.410000e-06	7.253090e-06	4.585214e-09	5.132204e+01	2.728885e+02
1.420000e-06	7.318674e-06	4.615036e-09	5.178610e+01	2.746682e+02
1.430000e-06	7.381689e-06	4.643638e-09	5.223200e+01	2.763507e+02
1.440000e-06	7.442251e-06	4.671614e-09	5.266053e+01	2.779089e+02
1.450000e-06	7.500172e-06	4.696536e-09	5.307037e+01	2.793239e+02
1.460000e-06	7.555334e-06	4.718491e-09	5.346069e+01	2.805942e+02
1.470000e-06	7.607481e-06	4.738474e-09	5.382967e+01	2.817381e+02
1.480000e-06	7.656433e-06	4.757256e-09	5.417605e+01	2.827882e+02
1.490000e-06	7.702598e-06	4.774809e-09	5.450271e+01	2.837796e+02
1.500000e-06	7.746097e-06	4.791100e-09	5.481050e+01	2.847377e+02
1.510000e-06	7.786724e-06	4.807188e-09	5.509798e+01	2.856691e+02
1.520000e-06	7.824621e-06	4.823032e-09	5.536613e+01	2.865610e+02
1.530000e-06	7.859846e-06	4.837457e-09	5.561537e+01	2.873877e+02
1.540000e-06	7.892231e-06	4.849532e-09	5.584453e+01	2.881223e+02
1.550000e-06	7.921897e-06	4.858650e-09	5.605444e+01	2.887489e+02
1.560000e-06	7.948792e-06	4.866642e-09	5.624475e+01	2.892697e+02
1.570000e-06	7.972810e-06	4.872388e-09	5.641470e+01	2.897047e+02
1.580000e-06	7.994131e-06	4.875330e-09	5.656557e+01	2.900844e+02
1.590000e-06	8.012703e-06	4.878487e-09	5.669697e+01	2.904376e+02
1.600000e-06	8.028318e-06	4.885286e-09	5.680746e+01	2.907808e+02
1.610000e-06	8.040849e-06	4.894376e-09	5.689613e+01	2.911123e+02
1.620000e-06	8.050241e-06	4.901988e-09	5.696259e+01	2.914143e+02
1.630000e-06	8.056751e-06	4.905732e-09	5.700865e+01	2.916612e+02
1.640000e-06	8.060495e-06	4.907827e-09	5.703515e+01	2.918311e+02
1.650000e-06	8.061393e-06	4.909012e-09	5.704150e+01	2.919147e+02
1.660000e-06	8.059614e-06	4.907504e-09	5.702891e+01	2.919198e+02
1.670000e-06	8.055229e-06	4.905635e-09	5.699788e+01	2.918665e+02
1.680000e-06	8.048156e-06	4.903824e-09	5.694783e+01	2.917783e+02
1.690000e-06	8.038383e-06	4.902904e-09	5.687868e+01	2.916713e+02
1.700000e-06	8.025787e-06	4.902633e-09	5.678955e+01	2.915466e+02
1.710000e-06	8.010423e-06	4.900196e-09	5.668084e+01	2.913894e+02
1.720000e-06	7.992668e-06	4.890358e-09	5.655521e+01	2.911751e+02
1.730000e-06	7.972569e-06	4.874821e-09	5.641299e+01	2.908802e+02
1.740000e-06	7.949600e-06	4.909747e-09	5.625047e+01	2.904929e+02
1.750000e-06	7.923129e-06	4.921476e-09	5.606316e+01	2.900185e+02
1.760000e-06	7.893034e-06	4.885463e-09	5.585021e+01	2.894781e+02
1.770000e-06	7.859930e-06	4.862524e-09	5.561597e+01	2.889002e+02
1.780000e-06	7.824313e-06	4.859782e-09	5.536395e+01	2.883083e+02
1.790000e-06	7.786281e-06	4.814548e-09	5.509484e+01	2.877108e+02
1.800000e-06	7.746242e-06	4.811505e-09	5.481153e+01	2.870969e+02
1.810000e-06	7.704065e-06	4.855774e-09	5.451309e+01	2.864403e+02
1.820000e-06	7.659126e-06	4.784141e-09	5.419510e+01	2.857104e+02
1.830000e-06	7.611496e-06	4.824327e-09	5.385808e+01	2.848852e+02
1.840000e-06	7.560852e-06	4.800638e-09	5.349973e+01	2.839616e+02
1.850000e-06	7.507043e-06	4.740010e-09	5.311899e+01	2.829586e+02
1.860000e-06	7.450547e-06	4.760959e-09	5.271923e+01	2.819107e+02
1.870000e-06	7.391438e-06	4.705047e-09	5.230098e+01	2.808557e+02
1.880000e-06	7.329793e-06	4.732274e-09	5.186479e+01	2.798195e+02
1.890000e-06	7.265395e-06	4.692744e-09	5.140911e+01	2.788066e+02
1.900000e-06	7.198230e-06	4.684372e-09	5.093385e+01	2.777972e+02
1.910000e-06	7.128311e-06	4.691639e-09	5.043912e+01	2.767548e+02
1.920000e-06	7.055624e-06	4.619170e-09	4.992479e+01	2.756403e+02
1.930000e-06	6.980337e-06	4.628521e-09	4.939207e+01	2.744269e+02
1.940000e-06	6.902280e-06	4.588608e-09	4.883975e+01	2.731101e+02
1.950000e-06	6.821706e-06	4.595247e-09	4.826962e+01	2.717090e+02
1.960000e-06	6.738792e-06	4.572473e-09	4.768292e+01	2.702588e+02
1.970000e-06	6.653364e-06	4.530851e-09	4.707845e+01	2.687960e+02
1.980000e-06	6.565506e-06	4.527699e-09	4.645677e+01	2.673439e+02
1.990000e-06	6.475359e-06	4.468559e-09	4.581891e+01	2.659035e+02
2.000000e-06	6.383034e-06	4.462104e-09	4.516562e+01	2.644531e+02
2.010000e-06	6.288355e-06	4.420595e-09	4.449569e+01	2.629567e+02
2.020000e-06	6.191435e-06	4.414209e-09	4.380989e+01	2.613787e+02
2.030000e-06	6.092350e-06	4.395572e-09	4.310877e+01	2.596970e+02
2.040000e-06	5.990993e-06	4.359624e-09	4.239159e+01	2.579113e+02
2.050000e-06	5.887423e-06	4.327463e-09	4.165874e+01	2.560419e+02
2.060000e-06	5.781772e-06	4.279405e-09	4.091116e+01	2.541200e+02
2.070000e-06	5.674185e-06	4.259264e-09	4.014989e+01	2.521738e+02
2.080000e-06	5.564528e-06	4.215925e-09	3.937397e+01	2.502159e+02
2.090000e-06	5.452831e-06	4.192930e-09	3.858361e+01	2.482369e+02
2.100000e-06	5.339011e-06	4.163460e-09	3.777824e+01	2.462081e+02
2.110000e-06	5.223089e-06	4.131651e-09	3.695799e+01	2.440921e+02
2.120000e-06	5.105102e-06	4.083824e-09	3.612312e+01	2.418571e+02
2.130000e-06	4.985140e-06	4.036926e-09	3.527428e+01	2.394883e+02
2.140000e-06	4.863409e-06	3.996159e-09	3.441293e+01	2.369938e+02
2.150000e-06	4.739971e-06	3.957724e-09	3.353949e+01	2.344004e+02
2.160000e-06	4.614884e-06	3.918034e-09	3.265440e+01	2.317423e+02
2.170000e-06	4.488109e-06	3.872320e-09	3.175735e+01	2.290478e+02
2.180000e-06	4.359709e-06	3.830365e-09	3.084881e+01	2.263278e+02
2.190000e-06	4.229741e-06	3.783922e-09	2.992917e+01	2.235715e+02
2.200000e-06	4.098261e-06	3.735797e-09	2.899883e+01	2.207502e+02
2.210000e-06	3.965394e-06	3.679366e-09	2.805867e+01	2.178287e+02
2.220000e-06	3.831087e-06	3.632107e-09	2.710833e+01	2.147773e+02
2.230000e-06	3.695275e-06	3.582091e-09	2.614735e+01	2.115824e+02
2.240000e-06	3.558127e-06	3.528517e-09	2.517690e+01	2.082491e+02
2.250000e-06	3.419701e-06	3.468792e-09	2.419742e+01	2.047974e+02
2.260000e-06	3.280006e-06	3.406906e-09	2.320895e+01	2.012517e+02
2.270000e-06	3.139081e-06	3.349221e-09	2.221178e+01	1.976300e+02
2.280000e-06	2.996909e-06	3.285048e-09	2.120578e+01	1.939355e+02
2.290000e-06	2.853560e-06	3.220274e-09	2.019146e+01	1.901549e+02
2.300000e-06	2.709170e-06	3.155224e-09	1.916978e+01	1.862636e+02
2.310000e-06	2.563878e-06	3.087521e-09	1.814171e+01	1.822344e+02
2.320000e-06	2.417768e-06	3.017275e-09	1.710785e+01	1.780485e+02
2.330000e-06	2.270797e-06	2.943202e-09	1.606790e+01	1.737007e+02
2.340000e-06	2.122997e-06	2.870753e-09	1.502209e+01	1.692012e+02
2.350000e-06	1.974511e-06	2.793427e-09	1.397141e+01	1.645697e+02
2.360000e-06	1.825366e-06	2.714360e-09	1.291608e+01	1.598272e+02
2.370000e-06	1.675608e-06	2.632096e-09	1.185641e+01	1.549873e+02
2.380000e-06	1.525296e-06	2.545382e-09	1.079282e+01	1.500511e+02
2.390000e-06	1.374426e-06	2.459454e-09	9.725282e+00	1.450068e+02
2.400000e-06	1.223018e-06	2.371566e-09	8.653934e+00	1.398348e+02
2.410000e-06	1.071095e-06	2.282185e-09	7.578946e+00	1.345141e+02
2.420000e-06	9.186652e-07	2.188861e-09	6.500370e+00	1.290291e+02
2.430000e-06	7.659013e-07	2.095644e-09	5.419431e+00	1.233734e+02
2.440000e-06	6.129183e-07	1.998848e-09	4.336940e+00	1.175491e+02
2.450000e-06	4.597133e-07	1.897286e-09	3.252879e+00	1.115637e+02
2.460000e-06	3.063868e-07	1.791717e-09	2.167958e+00	1.054247e+02
2.470000e-06	1.530105e-07	1.683591e-09	1.082685e+00	9.913649e+01
2.480000e-06	-4.129516e-10	1.573653e-09	-2.921999e-03	9.269890e+01
2.490000e-06	-1.538515e-07	1.459678e-09	-1.088636e+00	8.610921e+01
2.500000e-06	-3.072215e-07	1.343045e-09	-2.173864e+00	7.936566e+01
2.510000e-06	-4.604854e-07	1.228816e-09	-3.258343e+00	7.247103e+01
2.520000e-06	-6.135524e-07	1.115249e-09	-4.341427e+00	6.543434e+01
2.530000e-06	-7.663544e-07	9.975496e-10	-5.422637e+00	5.827002e+01
2.540000e-06	-9.189047e-07	8.740165e-10	-6.502065e+00	5.099495e+01
2.550000e-06	-1.071091e-06	7.472110e-10	-7.578919e+00	4.362462e+01
2.560000e-06	-1.222802e-06	6.185091e-10	-8.652405e+00	3.617013e+01
2.570000e-06	-1.373985e-06	4.850379e-10	-9.722161e+00	2.863693e+01
2.580000e-06	-1.524644e-06	3.533708e-10	-1.078821e+01	2.102555e+01
2.590000e-06	-1.674767e-06	2.267013e-10	-1.185046e+01	1.333346e+01
2.600000e-06	-1.824254e-06	1.013004e-10	-1.290822e+01	5.556777e+00
2.610000e-06	-1.973091e-06	-3.013040e-11	-1.396137e+01	-2.309256e+00
2.620000e-06	-2.121271e-06	-1.674784e-10	-1.500987e+01	-1.027117e+01
2.630000e-06	-2.268686e-06	-3.060236e-10	-1.605297e+01	-1.833880e+01
2.640000e-06	-2.415304e-06	-4.451460e-10	-1.709042e+01	-2.652613e+01
2.650000e-06	-2.561104e-06	-5.877710e-10	-1.812208e+01	-3.485015e+01
2.660000e-06	-2.706074e-06	-7.332839e-10	-1.914787e+01	-4.332718e+01
2.670000e-06	-2.850015e-06	-8.782378e-10	-2.016638e+01	-5.196742e+01
2.680000e-06	-2.992781e-06	-1.024255e-09	-2.117658e+01	-6.076933e+01
2.690000e-06	-3.134401e-06	-1.174950e-09	-2.217867e+01	-6.971580e+01
2.700000e-06	-3.274773e-06	-1.329313e-09	-2.317192e+01	-7.877368e+01
2.710000e-06	-3.413856e-06	-1.482797e-09	-2.415605e+01	-8.789688e+01
2.720000e-06	-3.551704e-06	-1.635076e-09	-2.513145e+01	-9.703214e+01
2.730000e-06	-3.688275e-06	-1.786842e-09	-2.609782e+01	-1.061251e+02
2.740000e-06	-3.823484e-06	-1.939909e-09	-2.705454e+01	-1.151252e+02
2.750000e-06	-3.957245e-06	-2.091873e-09	-2.800101e+01	-1.239872e+02
2.760000e-06	-4.089575e-06	-2.241364e-09	-2.893737e+01	-1.326701e+02
2.770000e-06	-4.220504e-06	-2.386403e-09	-2.986381e+01	-1.411350e+02
2.780000e-06	-4.349964e-06	-2.524500e-09	-3.077985e+01	-1.493430e+02
2.790000e-06	-4.477961e-06	-2.655902e-09	-3.168554e+01	-1.572560e+02
2.800000e-06	-4.604318e-06	-2.780829e-09	-3.257963e+01	-1.648404e+02
2.810000e-06	-4.728988e-06	-2.901598e-09	-3.346178e+01	-1.720720e+02
2.820000e-06	-4.852048e-06	-3.018775e-09	-3.433254e+01	-1.789411e+02
2.830000e-06	-4.973427e-06	-3.130361e-09	-3.519140e+01	-1.854545e+02
2.840000e-06	-5.092956e-06	-3.236701e-09	-3.603718e+01	-1.916334e+02
2.850000e-06	-5.210372e-06	-3.337811e-09	-3.686800e+01	-1.975063e+02
2.860000e-06	-5.325715e-06	-3.433725e-09	-3.768415e+01	-2.031004e+02
2.870000e-06	-5.438918e-06	-3.523467e-09	-3.848516e+01	-2.084342e+02
2.880000e-06	-5.549913e-06	-3.607881e-09	-3.927055e+01	-2.135137e+02
2.890000e-06	-5.658903e-06	-3.688278e-09	-4.004175e+01	-2.183347e+02
2.900000e-06	-5.765985e-06	-3.764007e-09	-4.079945e+01	-2.228895e+02
2.910000e-06	-5.871150e-06	-3.835460e-09	-4.154359e+01	-2.271763e+02
2.920000e-06	-5.974204e-06	-3.903253e-09	-4.227279e+01	-2.312062e+02
2.930000e-06	-6.074974e-06	-3.967925e-09	-4.298583e+01	-2.350058e+02
2.940000e-06	-6.173548e-06	-4.029131e-09	-4.368332e+01	-2.386126e+02
2.950000e-06	-6.270081e-06	-4.087583e-09	-4.436638e+01	-2.420661e+02
2.960000e-06	-6.364420e-06	-4.142996e-09	-4.503391e+01	-2.453957e+02
2.970000e-06	-6.456462e-06	-4.195399e-09	-4.568519e+01	-2.486132e+02
2.980000e-06	-6.546289e-06	-4.245968e-09	-4.632080e+01	-2.517098e+02
2.990000e-06	-6.633814e-06	-4.294433e-09	-4.694011e+01	-2.546622e+02
3.000000e-06	-6.718864e-06	-4.340864e-09	-4.754192e+01	-2.574427e+02
3.010000e-06	-6.801473e-06	-4.385353e-09	-4.812645e+01	-2.600323e+02
3.020000e-06	-6.881805e-06	-4.425426e-09	-4.869487e+01	-2.624299e+02
3.030000e-06	-6.959625e-06	-4.461947e-09	-4.924552e+01	-2.646544e+02
3.040000e-06	-7.034677e-06	-4.496875e-09	-4.977658e+01	-2.667392e+02
3.050000e-06	-7.107134e-06	-4.529214e-09	-5.028927e+01	-2.687207e+02
3.060000e-06	-7.177062e-06	-4.558240e-09	-5.078408e+01	-2.706258e+02
3.070000e-06	-7.244388e-06	-4.587639e-09	-5.126046e+01	-2.724629e+02
3.080000e-06	-7.309168e-06	-4.617033e-09	-5.171885e+01	-2.742207e+02
3.090000e-06	-7.371372e-06	-4.646213e-09	-5.215899e+01	-2.758746e+02
3.100000e-06	-7.430908e-06	-4.673888e-09	-5.258026e+01	-2.773982e+02
3.110000e-06	-7.487782e-06	-4.698161e-09	-5.298269e+01	-2.787764e+02
3.120000e-06	-7.541905e-06	-4.716330e-09	-5.336566e+01	-2.800126e+02
3.130000e-06	-7.593052e-06	-4.731207e-09	-5.372757e+01	-2.811297e+02
3.140000e-06	-7.641024e-06	-4.746698e-09	-5.406702e+01	-2.821620e+02
3.150000e-06	-7.686157e-06	-4.763762e-09	-5.438638e+01	-2.831434e+02
3.160000e-06	-7.728925e-06	-4.780059e-09	-5.468900e+01	-2.840949e+02
3.170000e-06	-7.769233e-06	-4.794753e-09	-5.497421e+01	-2.850183e+02
3.180000e-06	-7.806718e-06	-4.809719e-09	-5.523945e+01	-2.858966e+02
3.190000e-06	-7.841398e-06	-4.824734e-09	-5.548484e+01	-2.867026e+02
3.200000e-06	-7.873414e-06	-4.838035e-09	-5.571138e+01	-2.874110e+02
3.210000e-06	-7.902522e-06	-4.848380e-09	-5.591735e+01	-2.880102e+02
3.220000e-06	-7.928742e-06	-4.859485e-09	-5.610288e+01	-2.885070e+02
3.230000e-06	-7.952274e-06	-4.868900e-09	-5.626939e+01	-2.889252e+02
3.240000e-06	-7.972935e-06	-4.874838e-09	-5.641558e+01	-2.892959e+02
3.250000e-06	-7.990772e-06	-4.879794e-09	-5.654179e+01	-2.896457e+02
3.260000e-06	-8.005799e-06	-4.886363e-09	-5.664813e+01	-2.899868e+02
3.270000e-06	-8.017658e-06	-4.893833e-09	-5.673204e+01	-2.903132e+02
3.280000e-06	-8.026493e-06	-4.900606e-09	-5.679455e+01	-2.906039e+02
3.290000e-06	-8.032468e-06	-4.905038e-09	-5.683683e+01	-2.908332e+02
3.300000e-06	-8.035590e-06	-4.907853e-09	-5.685892e+01	-2.909817e+02
3.310000e-06	-8.036051e-06	-4.910084e-09	-5.686218e+01	-2.910444e+02
