# Temperatura_=_26.16
# Concentracion g/m^3_=_11000.0
# C_Vs_to_Am_M_A/Vsm_=_59384043850.047264
# pendiente_HvsI_1/m_=_3716.3
# ordenada_HvsI_A/m_=_1297.0
# frecuencia_Hz_=_301649.2623067344

Tiempo_(s)	Campo_(V.s)	Magnetizacion_(V.s)	Campo_(kA/m)	Magnetizacion_(A/m)
0.000000e+00	-8.043071e-06	-4.726347e-09	-5.685114e+01	-2.807779e+02
1.000000e-08	-8.039436e-06	-4.728241e-09	-5.682545e+01	-2.808061e+02
2.000000e-08	-8.033180e-06	-4.730423e-09	-5.678123e+01	-2.807614e+02
3.000000e-08	-8.024293e-06	-4.730775e-09	-5.671841e+01	-2.806662e+02
4.000000e-08	-8.012538e-06	-4.725997e-09	-5.663533e+01	-2.805407e+02
5.000000e-08	-7.997812e-06	-4.719830e-09	-5.653123e+01	-2.803942e+02
6.000000e-08	-7.980231e-06	-4.718832e-09	-5.640697e+01	-2.802206e+02
7.000000e-08	-7.960235e-06	-4.725963e-09	-5.626563e+01	-2.800020e+02
8.000000e-08	-7.937764e-06	-4.743005e-09	-5.610680e+01	-2.797172e+02
9.000000e-08	-7.912177e-06	-4.705940e-09	-5.592594e+01	-2.793530e+02
1.000000e-07	-7.883299e-06	-4.681693e-09	-5.572182e+01	-2.789114e+02
1.100000e-07	-7.851522e-06	-4.696983e-09	-5.549721e+01	-2.784113e+02
1.200000e-07	-7.817024e-06	-4.694836e-09	-5.525337e+01	-2.778825e+02
1.300000e-07	-7.779963e-06	-4.665840e-09	-5.499141e+01	-2.773551e+02
1.400000e-07	-7.740749e-06	-4.641318e-09	-5.471423e+01	-2.768482e+02
1.500000e-07	-7.699250e-06	-4.695683e-09	-5.442090e+01	-2.763625e+02
1.600000e-07	-7.654997e-06	-4.650775e-09	-5.410810e+01	-2.758793e+02
1.700000e-07	-7.608032e-06	-4.643117e-09	-5.377614e+01	-2.753670e+02
1.800000e-07	-7.558300e-06	-4.632939e-09	-5.342462e+01	-2.747916e+02
1.900000e-07	-7.505391e-06	-4.572237e-09	-5.305064e+01	-2.741274e+02
2.000000e-07	-7.449614e-06	-4.623177e-09	-5.265639e+01	-2.733642e+02
2.100000e-07	-7.391200e-06	-4.582567e-09	-5.224350e+01	-2.725081e+02
2.200000e-07	-7.330134e-06	-4.564355e-09	-5.181186e+01	-2.715767e+02
2.300000e-07	-7.266466e-06	-4.561176e-09	-5.136184e+01	-2.705916e+02
2.400000e-07	-7.199990e-06	-4.548316e-09	-5.089196e+01	-2.695703e+02
2.500000e-07	-7.130830e-06	-4.545244e-09	-5.040311e+01	-2.685219e+02
2.600000e-07	-7.059066e-06	-4.479670e-09	-4.989586e+01	-2.674468e+02
2.700000e-07	-6.984565e-06	-4.469565e-09	-4.936927e+01	-2.663402e+02
2.800000e-07	-6.907313e-06	-4.462532e-09	-4.882322e+01	-2.651968e+02
2.900000e-07	-6.827322e-06	-4.449660e-09	-4.825782e+01	-2.640137e+02
3.000000e-07	-6.744837e-06	-4.416632e-09	-4.767479e+01	-2.627912e+02
3.100000e-07	-6.660133e-06	-4.381666e-09	-4.707607e+01	-2.615302e+02
3.200000e-07	-6.573182e-06	-4.397196e-09	-4.646147e+01	-2.602297e+02
3.300000e-07	-6.483858e-06	-4.361176e-09	-4.583010e+01	-2.588838e+02
3.400000e-07	-6.392190e-06	-4.324963e-09	-4.518216e+01	-2.574831e+02
3.500000e-07	-6.298249e-06	-4.298378e-09	-4.451815e+01	-2.560185e+02
3.600000e-07	-6.202053e-06	-4.284543e-09	-4.383820e+01	-2.544854e+02
3.700000e-07	-6.103573e-06	-4.264571e-09	-4.314211e+01	-2.528879e+02
3.800000e-07	-6.002852e-06	-4.217605e-09	-4.243019e+01	-2.512385e+02
3.900000e-07	-5.900026e-06	-4.195376e-09	-4.170338e+01	-2.495541e+02
4.000000e-07	-5.795049e-06	-4.172630e-09	-4.096136e+01	-2.478488e+02
4.100000e-07	-5.687964e-06	-4.155451e-09	-4.020445e+01	-2.461264e+02
4.200000e-07	-5.578895e-06	-4.109900e-09	-3.943351e+01	-2.443769e+02
4.300000e-07	-5.467844e-06	-4.077574e-09	-3.864857e+01	-2.425777e+02
4.400000e-07	-5.354716e-06	-4.054861e-09	-3.784894e+01	-2.407005e+02
4.500000e-07	-5.239421e-06	-4.022290e-09	-3.703400e+01	-2.387214e+02
4.600000e-07	-5.122099e-06	-3.981610e-09	-3.620473e+01	-2.366294e+02
4.700000e-07	-5.002880e-06	-3.940403e-09	-3.536204e+01	-2.344311e+02
4.800000e-07	-4.881757e-06	-3.912918e-09	-3.450591e+01	-2.321471e+02
4.900000e-07	-4.758868e-06	-3.871348e-09	-3.363729e+01	-2.298036e+02
5.000000e-07	-4.634305e-06	-3.823507e-09	-3.275683e+01	-2.274207e+02
5.100000e-07	-4.508073e-06	-3.775826e-09	-3.186458e+01	-2.250026e+02
5.200000e-07	-4.380205e-06	-3.744389e-09	-3.096077e+01	-2.225347e+02
5.300000e-07	-4.250653e-06	-3.708150e-09	-3.004505e+01	-2.199881e+02
5.400000e-07	-4.119621e-06	-3.659724e-09	-2.911887e+01	-2.173304e+02
5.500000e-07	-3.987187e-06	-3.608886e-09	-2.818278e+01	-2.145384e+02
5.600000e-07	-3.853230e-06	-3.562738e-09	-2.723593e+01	-2.116075e+02
5.700000e-07	-3.717821e-06	-3.512891e-09	-2.627882e+01	-2.085535e+02
5.800000e-07	-3.581154e-06	-3.450235e-09	-2.531281e+01	-2.054056e+02
5.900000e-07	-3.443216e-06	-3.394055e-09	-2.433782e+01	-2.021942e+02
6.000000e-07	-3.303817e-06	-3.346706e-09	-2.335250e+01	-1.989368e+02
6.100000e-07	-3.163068e-06	-3.298807e-09	-2.235763e+01	-1.956298e+02
6.200000e-07	-3.021052e-06	-3.238845e-09	-2.135382e+01	-1.922485e+02
6.300000e-07	-2.877750e-06	-3.175662e-09	-2.034091e+01	-1.887561e+02
6.400000e-07	-2.733327e-06	-3.115310e-09	-1.932008e+01	-1.851183e+02
6.500000e-07	-2.587984e-06	-3.049934e-09	-1.829274e+01	-1.813170e+02
6.600000e-07	-2.441808e-06	-2.978770e-09	-1.725952e+01	-1.773578e+02
6.700000e-07	-2.294773e-06	-2.908500e-09	-1.622023e+01	-1.732676e+02
6.800000e-07	-2.146878e-06	-2.846166e-09	-1.517486e+01	-1.690831e+02
6.900000e-07	-1.998250e-06	-2.776797e-09	-1.412431e+01	-1.648344e+02
7.000000e-07	-1.848979e-06	-2.700827e-09	-1.306921e+01	-1.605316e+02
7.100000e-07	-1.699069e-06	-2.624522e-09	-1.200959e+01	-1.561579e+02
7.200000e-07	-1.548528e-06	-2.552637e-09	-1.094552e+01	-1.516753e+02
7.300000e-07	-1.397466e-06	-2.479025e-09	-9.877761e+00	-1.470379e+02
7.400000e-07	-1.246020e-06	-2.394948e-09	-8.807288e+00	-1.422098e+02
7.500000e-07	-1.094203e-06	-2.308470e-09	-7.734199e+00	-1.371788e+02
7.600000e-07	-9.419382e-07	-2.222027e-09	-6.657938e+00	-1.319612e+02
7.700000e-07	-7.892182e-07	-2.135416e-09	-5.578461e+00	-1.265944e+02
7.800000e-07	-6.361985e-07	-2.042389e-09	-4.496866e+00	-1.211211e+02
7.900000e-07	-4.829343e-07	-1.947571e-09	-3.413543e+00	-1.155710e+02
8.000000e-07	-3.294279e-07	-1.854542e-09	-2.328508e+00	-1.099476e+02
8.100000e-07	-1.757857e-07	-1.762622e-09	-1.242513e+00	-1.042254e+02
8.200000e-07	-2.212768e-08	-1.665377e-09	-1.564059e-01	-9.835992e+01
8.300000e-07	1.315164e-07	-1.561216e-09	9.296021e-01	-9.230539e+01
8.400000e-07	2.851224e-07	-1.454844e-09	2.015342e+00	-8.603419e+01
8.500000e-07	4.385700e-07	-1.347320e-09	3.099961e+00	-7.954946e+01
8.600000e-07	5.917926e-07	-1.236064e-09	4.182990e+00	-7.288591e+01
8.700000e-07	7.448093e-07	-1.119124e-09	5.264564e+00	-6.609827e+01
8.800000e-07	8.975704e-07	-1.004227e-09	6.344331e+00	-5.924191e+01
8.900000e-07	1.050015e-06	-8.905570e-10	7.421858e+00	-5.235326e+01
9.000000e-07	1.202057e-06	-7.746105e-10	8.496544e+00	-4.543807e+01
9.100000e-07	1.353629e-06	-6.543051e-10	9.567904e+00	-3.847185e+01
9.200000e-07	1.504733e-06	-5.337951e-10	1.063596e+01	-3.141251e+01
9.300000e-07	1.655327e-06	-4.154264e-10	1.170041e+01	-2.421952e+01
9.400000e-07	1.805329e-06	-2.953913e-10	1.276068e+01	-1.687184e+01
9.500000e-07	1.954576e-06	-1.697647e-10	1.381560e+01	-9.377000e+00
9.600000e-07	2.103115e-06	-4.181599e-11	1.486553e+01	-1.767515e+00
9.700000e-07	2.250986e-06	8.504742e-11	1.591073e+01	5.913881e+00
9.800000e-07	2.397993e-06	2.150160e-10	1.694982e+01	1.363400e+01
9.900000e-07	2.544122e-06	3.491512e-10	1.798272e+01	2.138561e+01
1.000000e-06	2.689452e-06	4.859572e-10	1.900995e+01	2.919335e+01
1.010000e-06	2.833856e-06	6.183305e-10	2.003065e+01	3.710625e+01
1.020000e-06	2.977146e-06	7.506611e-10	2.104347e+01	4.517930e+01
1.030000e-06	3.119258e-06	8.882064e-10	2.204797e+01	5.345112e+01
1.040000e-06	3.260135e-06	1.029224e-09	2.304373e+01	6.192626e+01
1.050000e-06	3.399797e-06	1.170682e-09	2.403092e+01	7.056912e+01
1.060000e-06	3.538238e-06	1.313866e-09	2.500946e+01	7.931148e+01
1.070000e-06	3.675312e-06	1.464841e-09	2.597835e+01	8.807073e+01
1.080000e-06	3.810977e-06	1.619140e-09	2.693728e+01	9.677118e+01
1.090000e-06	3.945234e-06	1.767959e-09	2.788625e+01	1.053604e+02
1.100000e-06	4.078062e-06	1.907341e-09	2.882512e+01	1.138140e+02
1.110000e-06	4.209469e-06	2.042902e-09	2.975395e+01	1.221285e+02
1.120000e-06	4.339423e-06	2.178184e-09	3.067250e+01	1.303049e+02
1.130000e-06	4.467804e-06	2.307614e-09	3.157995e+01	1.383317e+02
1.140000e-06	4.594620e-06	2.434569e-09	3.247633e+01	1.461743e+02
1.150000e-06	4.719834e-06	2.563743e-09	3.336138e+01	1.537757e+02
1.160000e-06	4.843357e-06	2.692667e-09	3.423449e+01	1.610695e+02
1.170000e-06	4.965245e-06	2.812364e-09	3.509603e+01	1.679988e+02
1.180000e-06	5.085335e-06	2.920219e-09	3.594487e+01	1.745337e+02
1.190000e-06	5.203439e-06	3.022336e-09	3.677967e+01	1.806811e+02
1.200000e-06	5.319581e-06	3.119023e-09	3.760059e+01	1.864806e+02
1.210000e-06	5.433767e-06	3.206980e-09	3.840770e+01	1.919904e+02
1.220000e-06	5.545858e-06	3.288402e-09	3.919999e+01	1.972660e+02
1.230000e-06	5.655915e-06	3.372207e-09	3.997792e+01	2.023428e+02
1.240000e-06	5.764011e-06	3.460174e-09	4.074197e+01	2.072273e+02
1.250000e-06	5.870043e-06	3.545219e-09	4.149145e+01	2.119009e+02
1.260000e-06	5.973904e-06	3.621624e-09	4.222557e+01	2.163342e+02
1.270000e-06	6.075612e-06	3.694529e-09	4.294448e+01	2.205054e+02
1.280000e-06	6.175173e-06	3.762592e-09	4.364821e+01	2.244149e+02
1.290000e-06	6.272470e-06	3.822292e-09	4.433594e+01	2.280902e+02
1.300000e-06	6.367537e-06	3.875801e-09	4.500790e+01	2.315784e+02
1.310000e-06	6.460370e-06	3.930187e-09	4.566408e+01	2.349306e+02
1.320000e-06	6.550965e-06	3.988064e-09	4.630443e+01	2.381833e+02
1.330000e-06	6.639220e-06	4.044991e-09	4.692825e+01	2.413463e+02
1.340000e-06	6.725108e-06	4.100657e-09	4.753534e+01	2.444001e+02
1.350000e-06	6.808682e-06	4.154292e-09	4.812607e+01	2.473060e+02
1.360000e-06	6.889822e-06	4.203551e-09	4.869959e+01	2.500234e+02
1.370000e-06	6.968485e-06	4.244570e-09	4.925561e+01	2.525279e+02
1.380000e-06	7.044622e-06	4.279227e-09	4.979377e+01	2.548222e+02
1.390000e-06	7.118072e-06	4.313419e-09	5.031294e+01	2.569367e+02
1.400000e-06	7.188959e-06	4.347588e-09	5.081399e+01	2.589183e+02
1.410000e-06	7.257351e-06	4.381111e-09	5.129741e+01	2.608129e+02
1.420000e-06	7.323137e-06	4.415266e-09	5.176241e+01	2.626490e+02
1.430000e-06	7.386370e-06	4.449664e-09	5.220936e+01	2.644283e+02
1.440000e-06	7.447055e-06	4.481196e-09	5.263830e+01	2.661278e+02
1.450000e-06	7.505123e-06	4.507298e-09	5.304874e+01	2.677118e+02
1.460000e-06	7.560479e-06	4.529653e-09	5.344002e+01	2.691484e+02
1.470000e-06	7.612877e-06	4.551218e-09	5.381039e+01	2.704254e+02
1.480000e-06	7.662110e-06	4.572370e-09	5.415838e+01	2.715559e+02
1.490000e-06	7.708410e-06	4.590750e-09	5.448564e+01	2.725754e+02
1.500000e-06	7.752044e-06	4.606490e-09	5.479406e+01	2.735283e+02
1.510000e-06	7.792865e-06	4.624024e-09	5.508260e+01	2.744518e+02
1.520000e-06	7.830892e-06	4.642047e-09	5.535139e+01	2.753627e+02
1.530000e-06	7.866292e-06	4.656222e-09	5.560161e+01	2.762526e+02
1.540000e-06	7.898957e-06	4.668104e-09	5.583250e+01	2.770936e+02
1.550000e-06	7.928878e-06	4.681450e-09	5.604399e+01	2.778513e+02
1.560000e-06	7.956037e-06	4.694378e-09	5.623596e+01	2.784997e+02
1.570000e-06	7.980286e-06	4.703173e-09	5.640735e+01	2.790325e+02
1.580000e-06	8.001726e-06	4.707918e-09	5.655890e+01	2.794657e+02
1.590000e-06	8.020421e-06	4.712232e-09	5.669105e+01	2.798307e+02
1.600000e-06	8.036172e-06	4.719520e-09	5.680238e+01	2.801617e+02
1.610000e-06	8.048844e-06	4.726798e-09	5.689195e+01	2.804826e+02
1.620000e-06	8.058405e-06	4.731838e-09	5.695953e+01	2.807982e+02
1.630000e-06	8.065089e-06	4.736375e-09	5.700677e+01	2.810944e+02
1.640000e-06	8.069000e-06	4.742139e-09	5.703442e+01	2.813449e+02
1.650000e-06	8.070002e-06	4.745285e-09	5.704150e+01	2.815239e+02
1.660000e-06	8.068302e-06	4.743174e-09	5.702948e+01	2.816167e+02
1.670000e-06	8.064019e-06	4.743820e-09	5.699921e+01	2.816252e+02
1.680000e-06	8.057038e-06	4.744341e-09	5.694986e+01	2.815660e+02
1.690000e-06	8.047382e-06	4.741354e-09	5.688161e+01	2.814618e+02
1.700000e-06	8.034894e-06	4.739608e-09	5.679335e+01	2.813311e+02
1.710000e-06	8.019629e-06	4.738591e-09	5.668544e+01	2.811793e+02
1.720000e-06	8.001942e-06	4.730054e-09	5.656043e+01	2.809967e+02
1.730000e-06	7.981925e-06	4.689968e-09	5.641894e+01	2.807636e+02
1.740000e-06	7.959087e-06	4.716662e-09	5.625752e+01	2.804600e+02
1.750000e-06	7.932685e-06	4.734767e-09	5.607090e+01	2.800759e+02
1.760000e-06	7.902607e-06	4.707046e-09	5.585830e+01	2.796176e+02
1.770000e-06	7.869517e-06	4.696046e-09	5.562441e+01	2.791076e+02
1.780000e-06	7.834000e-06	4.707667e-09	5.537336e+01	2.785768e+02
1.790000e-06	7.796050e-06	4.675614e-09	5.510512e+01	2.780537e+02
1.800000e-06	7.756025e-06	4.642989e-09	5.482220e+01	2.775531e+02
1.810000e-06	7.713865e-06	4.695170e-09	5.452421e+01	2.770707e+02
1.820000e-06	7.668932e-06	4.613144e-09	5.420660e+01	2.765838e+02
1.830000e-06	7.621327e-06	4.673845e-09	5.387012e+01	2.760590e+02
1.840000e-06	7.570777e-06	4.685028e-09	5.351281e+01	2.754635e+02
1.850000e-06	7.517123e-06	4.618635e-09	5.313356e+01	2.747752e+02
1.860000e-06	7.460748e-06	4.659338e-09	5.273509e+01	2.739879e+02
1.870000e-06	7.401675e-06	4.581216e-09	5.231754e+01	2.731113e+02
1.880000e-06	7.340023e-06	4.609807e-09	5.188176e+01	2.721648e+02
1.890000e-06	7.275676e-06	4.565189e-09	5.142694e+01	2.711696e+02
1.900000e-06	7.208619e-06	4.546323e-09	5.095295e+01	2.701413e+02
1.910000e-06	7.138781e-06	4.577724e-09	5.045931e+01	2.690867e+02
1.920000e-06	7.066129e-06	4.511783e-09	4.994579e+01	2.680045e+02
1.930000e-06	6.990937e-06	4.533545e-09	4.941431e+01	2.668895e+02
1.940000e-06	6.913006e-06	4.478378e-09	4.886346e+01	2.657365e+02
1.950000e-06	6.832491e-06	4.477049e-09	4.829435e+01	2.645437e+02
1.960000e-06	6.749575e-06	4.451237e-09	4.770828e+01	2.633118e+02
1.970000e-06	6.664189e-06	4.405143e-09	4.710474e+01	2.620416e+02
1.980000e-06	6.576387e-06	4.422276e-09	4.648413e+01	2.607306e+02
1.990000e-06	6.486269e-06	4.368673e-09	4.584714e+01	2.593723e+02
2.000000e-06	6.393986e-06	4.377192e-09	4.519485e+01	2.579567e+02
2.010000e-06	6.299349e-06	4.328894e-09	4.452593e+01	2.564753e+02
2.020000e-06	6.202391e-06	4.316881e-09	4.384059e+01	2.549257e+02
2.030000e-06	6.103184e-06	4.285804e-09	4.313936e+01	2.533140e+02
2.040000e-06	6.001768e-06	4.249360e-09	4.242253e+01	2.516546e+02
2.050000e-06	5.898193e-06	4.224350e-09	4.169042e+01	2.499642e+02
2.060000e-06	5.792528e-06	4.184417e-09	4.094354e+01	2.482550e+02
2.070000e-06	5.684912e-06	4.177083e-09	4.018288e+01	2.465276e+02
2.080000e-06	5.575235e-06	4.137902e-09	3.940764e+01	2.447685e+02
2.090000e-06	5.463492e-06	4.120781e-09	3.861781e+01	2.429527e+02
2.100000e-06	5.349603e-06	4.078478e-09	3.781280e+01	2.410522e+02
2.110000e-06	5.233591e-06	4.045141e-09	3.699279e+01	2.390455e+02
2.120000e-06	5.115576e-06	3.997369e-09	3.615862e+01	2.369259e+02
2.130000e-06	4.995629e-06	3.963395e-09	3.531079e+01	2.347041e+02
2.140000e-06	4.873858e-06	3.928526e-09	3.445008e+01	2.324031e+02
2.150000e-06	4.750306e-06	3.896677e-09	3.357676e+01	2.300487e+02
2.160000e-06	4.625024e-06	3.862119e-09	3.269123e+01	2.276576e+02
2.170000e-06	4.498103e-06	3.817327e-09	3.179411e+01	2.252294e+02
2.180000e-06	4.369657e-06	3.774032e-09	3.088621e+01	2.227452e+02
2.190000e-06	4.239711e-06	3.723304e-09	2.996771e+01	2.201740e+02
2.200000e-06	4.108248e-06	3.678547e-09	2.903849e+01	2.174845e+02
2.210000e-06	3.975213e-06	3.626326e-09	2.809815e+01	2.146577e+02
2.220000e-06	3.840767e-06	3.584808e-09	2.714784e+01	2.116941e+02
2.230000e-06	3.704999e-06	3.534990e-09	2.618819e+01	2.086139e+02
2.240000e-06	3.567813e-06	3.481206e-09	2.521851e+01	2.054479e+02
2.250000e-06	3.429327e-06	3.421479e-09	2.423964e+01	2.022243e+02
2.260000e-06	3.289566e-06	3.365712e-09	2.325177e+01	1.989560e+02
2.270000e-06	3.148410e-06	3.314012e-09	2.225403e+01	1.956337e+02
2.280000e-06	3.006078e-06	3.257449e-09	2.124798e+01	1.922285e+02
2.290000e-06	2.862729e-06	3.197222e-09	2.023473e+01	1.887028e+02
2.300000e-06	2.718287e-06	3.136245e-09	1.921377e+01	1.850253e+02
2.310000e-06	2.572864e-06	3.070884e-09	1.818587e+01	1.811833e+02
2.320000e-06	2.426635e-06	3.000864e-09	1.715228e+01	1.771885e+02
2.330000e-06	2.279641e-06	2.927614e-09	1.611327e+01	1.730715e+02
2.340000e-06	2.131752e-06	2.860030e-09	1.506794e+01	1.688690e+02
2.350000e-06	1.983024e-06	2.792966e-09	1.401668e+01	1.646071e+02
2.360000e-06	1.833599e-06	2.722865e-09	1.296050e+01	1.602894e+02
2.370000e-06	1.683567e-06	2.646425e-09	1.190002e+01	1.558930e+02
2.380000e-06	1.532967e-06	2.564810e-09	1.083553e+01	1.513761e+02
2.390000e-06	1.381893e-06	2.483690e-09	9.767688e+00	1.466940e+02
2.400000e-06	1.230415e-06	2.399148e-09	8.696988e+00	1.418155e+02
2.410000e-06	1.078471e-06	2.313866e-09	7.622995e+00	1.367356e+02
2.420000e-06	9.260689e-07	2.225664e-09	6.545768e+00	1.314769e+02
2.430000e-06	7.733250e-07	2.139604e-09	5.466122e+00	1.260799e+02
2.440000e-06	6.203039e-07	2.048906e-09	4.384517e+00	1.205858e+02
2.450000e-06	4.670317e-07	1.952671e-09	3.301138e+00	1.150185e+02
2.460000e-06	3.135746e-07	1.852836e-09	2.216451e+00	1.093740e+02
2.470000e-06	1.600163e-07	1.752772e-09	1.131049e+00	1.036209e+02
2.480000e-06	6.407812e-09	1.652170e-09	4.529258e-02	9.771230e+01
2.490000e-06	-1.472277e-07	1.547573e-09	-1.040655e+00	9.160540e+01
2.500000e-06	-3.007836e-07	1.440850e-09	-2.126040e+00	8.527948e+01
2.510000e-06	-4.541717e-07	1.334981e-09	-3.210239e+00	7.874601e+01
2.520000e-06	-6.073583e-07	1.225748e-09	-4.293014e+00	7.204620e+01
2.530000e-06	-7.602704e-07	1.109517e-09	-5.373848e+00	6.523690e+01
2.540000e-06	-9.128740e-07	9.903587e-10	-6.452502e+00	5.837041e+01
2.550000e-06	-1.065089e-06	8.746402e-10	-7.528406e+00	5.147616e+01
2.560000e-06	-1.216780e-06	7.585398e-10	-8.600615e+00	4.455176e+01
2.570000e-06	-1.367982e-06	6.361178e-10	-9.669357e+00	3.756678e+01
2.580000e-06	-1.518747e-06	5.140061e-10	-1.073501e+01	3.047760e+01
2.590000e-06	-1.669015e-06	3.953376e-10	-1.179716e+01	2.324713e+01
2.600000e-06	-1.818686e-06	2.743586e-10	-1.285509e+01	1.586110e+01
2.610000e-06	-1.967746e-06	1.442644e-10	-1.390869e+01	8.334114e+00
2.620000e-06	-2.116167e-06	1.144275e-11	-1.495778e+01	7.029534e-01
2.630000e-06	-2.263762e-06	-1.179339e-10	-1.600104e+01	-6.990164e+00
2.640000e-06	-2.410490e-06	-2.484021e-10	-1.703816e+01	-1.471731e+01
2.650000e-06	-2.556441e-06	-3.822245e-10	-1.806979e+01	-2.247918e+01
2.660000e-06	-2.701461e-06	-5.161088e-10	-1.909484e+01	-3.030772e+01
2.670000e-06	-2.845443e-06	-6.492030e-10	-2.011255e+01	-3.825550e+01
2.680000e-06	-2.988399e-06	-7.857208e-10	-2.112302e+01	-4.637544e+01
2.690000e-06	-3.130274e-06	-9.284562e-10	-2.212583e+01	-5.469896e+01
2.700000e-06	-3.270978e-06	-1.073580e-09	-2.312038e+01	-6.322059e+01
2.710000e-06	-3.410361e-06	-1.217414e-09	-2.410558e+01	-7.189537e+01
2.720000e-06	-3.548421e-06	-1.363601e-09	-2.508144e+01	-8.064950e+01
2.730000e-06	-3.685155e-06	-1.512121e-09	-2.604792e+01	-8.940017e+01
2.740000e-06	-3.820545e-06	-1.660707e-09	-2.700490e+01	-9.807633e+01
2.750000e-06	-3.954554e-06	-1.805669e-09	-2.795212e+01	-1.066326e+02
2.760000e-06	-4.087134e-06	-1.947189e-09	-2.888924e+01	-1.150510e+02
2.770000e-06	-4.218282e-06	-2.089033e-09	-2.981624e+01	-1.233308e+02
2.780000e-06	-4.347945e-06	-2.228360e-09	-3.073274e+01	-1.314715e+02
2.790000e-06	-4.476078e-06	-2.361592e-09	-3.163843e+01	-1.394562e+02
2.800000e-06	-4.602624e-06	-2.490571e-09	-3.253290e+01	-1.472441e+02
2.810000e-06	-4.727561e-06	-2.619337e-09	-3.341600e+01	-1.547746e+02
2.820000e-06	-4.850797e-06	-2.745518e-09	-3.428707e+01	-1.619815e+02
2.830000e-06	-4.972291e-06	-2.861767e-09	-3.514583e+01	-1.688133e+02
2.840000e-06	-5.091996e-06	-2.969460e-09	-3.599195e+01	-1.752490e+02
2.850000e-06	-5.209729e-06	-3.072933e-09	-3.682413e+01	-1.813044e+02
2.860000e-06	-5.325307e-06	-3.170725e-09	-3.764107e+01	-1.870255e+02
2.870000e-06	-5.438694e-06	-3.261946e-09	-3.844253e+01	-1.924718e+02
2.880000e-06	-5.549998e-06	-3.349197e-09	-3.922926e+01	-1.976952e+02
2.890000e-06	-5.659273e-06	-3.435000e-09	-4.000165e+01	-2.027242e+02
2.900000e-06	-5.766611e-06	-3.517833e-09	-4.076035e+01	-2.075581e+02
2.910000e-06	-5.871961e-06	-3.593719e-09	-4.150501e+01	-2.121742e+02
2.920000e-06	-5.975159e-06	-3.663495e-09	-4.223444e+01	-2.165430e+02
2.930000e-06	-6.076202e-06	-3.730220e-09	-4.294865e+01	-2.206474e+02
2.940000e-06	-6.175067e-06	-3.794718e-09	-4.364746e+01	-2.244946e+02
2.950000e-06	-6.271766e-06	-3.856243e-09	-4.433096e+01	-2.281179e+02
2.960000e-06	-6.366296e-06	-3.915159e-09	-4.499913e+01	-2.315673e+02
2.970000e-06	-6.458514e-06	-3.971960e-09	-4.565096e+01	-2.348918e+02
2.980000e-06	-6.548469e-06	-4.025388e-09	-4.628679e+01	-2.381221e+02
2.990000e-06	-6.636134e-06	-4.074371e-09	-4.690644e+01	-2.412603e+02
3.000000e-06	-6.721436e-06	-4.120092e-09	-4.750938e+01	-2.442809e+02
3.010000e-06	-6.804324e-06	-4.165832e-09	-4.809526e+01	-2.471428e+02
3.020000e-06	-6.884767e-06	-4.209645e-09	-4.866386e+01	-2.498081e+02
3.030000e-06	-6.962745e-06	-4.250654e-09	-4.921504e+01	-2.522583e+02
3.040000e-06	-7.038030e-06	-4.289823e-09	-4.974717e+01	-2.545037e+02
3.050000e-06	-7.110680e-06	-4.325582e-09	-5.026068e+01	-2.565800e+02
3.060000e-06	-7.180807e-06	-4.357114e-09	-5.075637e+01	-2.585357e+02
3.070000e-06	-7.248309e-06	-4.387181e-09	-5.123349e+01	-2.604137e+02
3.080000e-06	-7.313285e-06	-4.416418e-09	-5.169277e+01	-2.622362e+02
3.090000e-06	-7.375740e-06	-4.444929e-09	-5.213422e+01	-2.639982e+02
3.100000e-06	-7.435484e-06	-4.471640e-09	-5.255651e+01	-2.656721e+02
3.110000e-06	-7.492526e-06	-4.496727e-09	-5.295971e+01	-2.672214e+02
3.120000e-06	-7.546835e-06	-4.518282e-09	-5.334358e+01	-2.686180e+02
3.130000e-06	-7.598214e-06	-4.536680e-09	-5.370674e+01	-2.698558e+02
3.140000e-06	-7.646525e-06	-4.554820e-09	-5.404822e+01	-2.709544e+02
3.150000e-06	-7.691954e-06	-4.573265e-09	-5.436933e+01	-2.719528e+02
3.160000e-06	-7.734912e-06	-4.590740e-09	-5.467297e+01	-2.728952e+02
3.170000e-06	-7.775401e-06	-4.606319e-09	-5.495916e+01	-2.738147e+02
3.180000e-06	-7.813124e-06	-4.618960e-09	-5.522580e+01	-2.747217e+02
3.190000e-06	-7.848075e-06	-4.630245e-09	-5.547285e+01	-2.756023e+02
3.200000e-06	-7.880256e-06	-4.642739e-09	-5.570031e+01	-2.764253e+02
3.210000e-06	-7.909500e-06	-4.654892e-09	-5.590702e+01	-2.771572e+02
3.220000e-06	-7.935901e-06	-4.666498e-09	-5.609363e+01	-2.777761e+02
3.230000e-06	-7.959563e-06	-4.676371e-09	-5.626088e+01	-2.782815e+02
3.240000e-06	-7.980350e-06	-4.685287e-09	-5.640781e+01	-2.786941e+02
3.250000e-06	-7.998331e-06	-4.693338e-09	-5.653491e+01	-2.790472e+02
3.260000e-06	-8.013463e-06	-4.699545e-09	-5.664186e+01	-2.793739e+02
3.270000e-06	-8.025477e-06	-4.703290e-09	-5.672678e+01	-2.796935e+02
3.280000e-06	-8.034485e-06	-4.707155e-09	-5.679045e+01	-2.800060e+02
3.290000e-06	-8.040617e-06	-4.711514e-09	-5.683380e+01	-2.802931e+02
3.300000e-06	-8.043947e-06	-4.714709e-09	-5.685734e+01	-2.805276e+02
3.310000e-06	-8.044567e-06	-4.719663e-09	-5.686172e+01	-2.806856e+02
