# Temperatura_=_26.95
# Concentracion g/m^3_=_11000.0
# C_Vs_to_Am_M_A/Vsm_=_59384043850.047264
# pendiente_HvsI_1/m_=_3716.3
# ordenada_HvsI_A/m_=_1297.0
# frecuencia_Hz_=_301650.7308952795

Tiempo_(s)	Campo_(V.s)	Magnetizacion_(V.s)	Campo_(kA/m)	Magnetizacion_(A/m)
0.000000e+00	-8.072957e-06	-4.699671e-09	-5.684792e+01	-2.785109e+02
1.000000e-08	-8.069146e-06	-4.699825e-09	-5.682108e+01	-2.785423e+02
2.000000e-08	-8.062731e-06	-4.697614e-09	-5.677591e+01	-2.784984e+02
3.000000e-08	-8.053614e-06	-4.694881e-09	-5.671171e+01	-2.783928e+02
4.000000e-08	-8.041638e-06	-4.690289e-09	-5.662738e+01	-2.782434e+02
5.000000e-08	-8.026698e-06	-4.688593e-09	-5.652217e+01	-2.780653e+02
6.000000e-08	-8.008920e-06	-4.686843e-09	-5.639699e+01	-2.778659e+02
7.000000e-08	-7.988762e-06	-4.677925e-09	-5.625504e+01	-2.776424e+02
8.000000e-08	-7.966090e-06	-4.685746e-09	-5.609539e+01	-2.773843e+02
9.000000e-08	-7.940205e-06	-4.675606e-09	-5.591311e+01	-2.770777e+02
1.000000e-07	-7.911046e-06	-4.651019e-09	-5.570778e+01	-2.767103e+02
1.100000e-07	-7.878982e-06	-4.646328e-09	-5.548200e+01	-2.762752e+02
1.200000e-07	-7.844207e-06	-4.645306e-09	-5.523712e+01	-2.757726e+02
1.300000e-07	-7.806941e-06	-4.640248e-09	-5.497470e+01	-2.752083e+02
1.400000e-07	-7.767521e-06	-4.622499e-09	-5.469711e+01	-2.745909e+02
1.500000e-07	-7.725731e-06	-4.644070e-09	-5.440284e+01	-2.739284e+02
1.600000e-07	-7.681143e-06	-4.622424e-09	-5.408886e+01	-2.732261e+02
1.700000e-07	-7.633822e-06	-4.591972e-09	-5.375564e+01	-2.724860e+02
1.800000e-07	-7.583610e-06	-4.599824e-09	-5.340205e+01	-2.717074e+02
1.900000e-07	-7.530249e-06	-4.550349e-09	-5.302630e+01	-2.708888e+02
2.000000e-07	-7.474082e-06	-4.551845e-09	-5.263078e+01	-2.700295e+02
2.100000e-07	-7.415302e-06	-4.545464e-09	-5.221687e+01	-2.691299e+02
2.200000e-07	-7.353855e-06	-4.518764e-09	-5.178417e+01	-2.681918e+02
2.300000e-07	-7.289713e-06	-4.527481e-09	-5.133249e+01	-2.672171e+02
2.400000e-07	-7.222807e-06	-4.496663e-09	-5.086136e+01	-2.662070e+02
2.500000e-07	-7.153266e-06	-4.480412e-09	-5.037167e+01	-2.651610e+02
2.600000e-07	-7.081099e-06	-4.452318e-09	-4.986348e+01	-2.640773e+02
2.700000e-07	-7.006190e-06	-4.423495e-09	-4.933599e+01	-2.629534e+02
2.800000e-07	-6.928444e-06	-4.401534e-09	-4.878852e+01	-2.617865e+02
2.900000e-07	-6.847985e-06	-4.387947e-09	-4.822195e+01	-2.605746e+02
3.000000e-07	-6.765124e-06	-4.383334e-09	-4.763846e+01	-2.593163e+02
3.100000e-07	-6.679998e-06	-4.336724e-09	-4.703902e+01	-2.580109e+02
3.200000e-07	-6.592544e-06	-4.328443e-09	-4.642319e+01	-2.566579e+02
3.300000e-07	-6.502719e-06	-4.310081e-09	-4.579067e+01	-2.552574e+02
3.400000e-07	-6.410628e-06	-4.272452e-09	-4.514218e+01	-2.538100e+02
3.500000e-07	-6.316327e-06	-4.248277e-09	-4.447813e+01	-2.523172e+02
3.600000e-07	-6.219631e-06	-4.224501e-09	-4.379722e+01	-2.507814e+02
3.700000e-07	-6.120564e-06	-4.205380e-09	-4.309962e+01	-2.492054e+02
3.800000e-07	-6.019340e-06	-4.166797e-09	-4.238682e+01	-2.475914e+02
3.900000e-07	-5.915953e-06	-4.142239e-09	-4.165879e+01	-2.459396e+02
4.000000e-07	-5.810432e-06	-4.110671e-09	-4.091573e+01	-2.442472e+02
4.100000e-07	-5.702843e-06	-4.086180e-09	-4.015812e+01	-2.425083e+02
4.200000e-07	-5.593266e-06	-4.053464e-09	-3.938650e+01	-2.407149e+02
4.300000e-07	-5.481600e-06	-4.019981e-09	-3.860017e+01	-2.388589e+02
4.400000e-07	-5.367771e-06	-3.992560e-09	-3.779862e+01	-2.369348e+02
4.500000e-07	-5.251827e-06	-3.956292e-09	-3.698217e+01	-2.349406e+02
4.600000e-07	-5.133831e-06	-3.918934e-09	-3.615127e+01	-2.328787e+02
4.700000e-07	-5.013913e-06	-3.877527e-09	-3.530683e+01	-2.307537e+02
4.800000e-07	-4.892218e-06	-3.845885e-09	-3.444989e+01	-2.285698e+02
4.900000e-07	-4.768784e-06	-3.808976e-09	-3.358069e+01	-2.263283e+02
5.000000e-07	-4.643621e-06	-3.769479e-09	-3.269932e+01	-2.240252e+02
5.100000e-07	-4.516830e-06	-3.723666e-09	-3.180648e+01	-2.216517e+02
5.200000e-07	-4.388407e-06	-3.682988e-09	-3.090216e+01	-2.191966e+02
5.300000e-07	-4.258394e-06	-3.641514e-09	-2.998664e+01	-2.166494e+02
5.400000e-07	-4.126813e-06	-3.594405e-09	-2.906007e+01	-2.140039e+02
5.500000e-07	-3.993742e-06	-3.545381e-09	-2.812302e+01	-2.112602e+02
5.600000e-07	-3.859185e-06	-3.500127e-09	-2.717550e+01	-2.084235e+02
5.700000e-07	-3.723151e-06	-3.454233e-09	-2.621758e+01	-2.055013e+02
5.800000e-07	-3.585859e-06	-3.399933e-09	-2.525080e+01	-2.024994e+02
5.900000e-07	-3.447257e-06	-3.346692e-09	-2.427480e+01	-1.994178e+02
6.000000e-07	-3.307149e-06	-3.294597e-09	-2.328819e+01	-1.962500e+02
6.100000e-07	-3.165601e-06	-3.243288e-09	-2.229144e+01	-1.929836e+02
6.200000e-07	-3.022855e-06	-3.183700e-09	-2.128626e+01	-1.896047e+02
6.300000e-07	-2.879032e-06	-3.121494e-09	-2.027349e+01	-1.861026e+02
6.400000e-07	-2.734116e-06	-3.060785e-09	-1.925302e+01	-1.824734e+02
6.500000e-07	-2.588165e-06	-3.000267e-09	-1.822526e+01	-1.787211e+02
6.600000e-07	-2.441316e-06	-2.933817e-09	-1.719119e+01	-1.748549e+02
6.700000e-07	-2.293687e-06	-2.865047e-09	-1.615162e+01	-1.708850e+02
6.800000e-07	-2.145256e-06	-2.800810e-09	-1.510640e+01	-1.668171e+02
6.900000e-07	-1.996085e-06	-2.730936e-09	-1.405597e+01	-1.626487e+02
7.000000e-07	-1.846278e-06	-2.655839e-09	-1.300107e+01	-1.583695e+02
7.100000e-07	-1.695874e-06	-2.580182e-09	-1.194196e+01	-1.539644e+02
7.200000e-07	-1.544834e-06	-2.506608e-09	-1.087837e+01	-1.494190e+02
7.300000e-07	-1.393149e-06	-2.430377e-09	-9.810236e+00	-1.447256e+02
7.400000e-07	-1.241033e-06	-2.348648e-09	-8.739069e+00	-1.398854e+02
7.500000e-07	-1.088554e-06	-2.264055e-09	-7.665348e+00	-1.349082e+02
7.600000e-07	-9.355988e-07	-2.179674e-09	-6.588274e+00	-1.298068e+02
7.700000e-07	-7.822305e-07	-2.095422e-09	-5.508289e+00	-1.245906e+02
7.800000e-07	-6.286411e-07	-2.004981e-09	-4.426748e+00	-1.192595e+02
7.900000e-07	-4.748644e-07	-1.910375e-09	-3.343887e+00	-1.138020e+02
8.000000e-07	-3.208518e-07	-1.816614e-09	-2.259365e+00	-1.081974e+02
8.100000e-07	-1.666957e-07	-1.722430e-09	-1.173833e+00	-1.024232e+02
8.200000e-07	-1.250778e-08	-1.621355e-09	-8.807695e-02	-9.646301e+01
8.300000e-07	1.416511e-07	-1.516057e-09	9.974746e-01	-9.031418e+01
8.400000e-07	2.956986e-07	-1.411434e-09	2.082242e+00	-8.398983e+01
8.500000e-07	4.496116e-07	-1.306588e-09	3.166062e+00	-7.751576e+01
8.600000e-07	6.033573e-07	-1.197018e-09	4.248705e+00	-7.092243e+01
8.700000e-07	7.568608e-07	-1.082128e-09	5.329641e+00	-6.423538e+01
8.800000e-07	9.101292e-07	-9.667780e-10	6.408923e+00	-5.746763e+01
8.900000e-07	1.063123e-06	-8.520871e-10	7.486268e+00	-5.061718e+01
9.000000e-07	1.215673e-06	-7.346763e-10	8.560493e+00	-4.367058e+01
9.100000e-07	1.367723e-06	-6.129843e-10	9.631194e+00	-3.661115e+01
9.200000e-07	1.519318e-06	-4.919165e-10	1.069869e+01	-2.942837e+01
9.300000e-07	1.670398e-06	-3.724040e-10	1.176256e+01	-2.212449e+01
9.400000e-07	1.820950e-06	-2.529026e-10	1.282271e+01	-1.471536e+01
9.500000e-07	1.970831e-06	-1.289697e-10	1.387814e+01	-7.224748e+00
9.600000e-07	2.119882e-06	-1.280521e-16	1.492772e+01	3.256435e-01
9.700000e-07	2.268237e-06	1.298566e-10	1.597241e+01	7.926710e+00
9.800000e-07	2.415864e-06	2.605111e-10	1.701196e+01	1.558841e+01
9.900000e-07	2.562548e-06	3.944124e-10	1.804488e+01	2.333924e+01
1.000000e-06	2.708276e-06	5.299100e-10	1.907106e+01	3.121825e+01
1.010000e-06	2.853076e-06	6.630563e-10	2.009071e+01	3.926211e+01
1.020000e-06	2.996828e-06	7.974110e-10	2.110298e+01	4.749168e+01
1.030000e-06	3.139471e-06	9.373035e-10	2.210744e+01	5.590289e+01
1.040000e-06	3.280904e-06	1.082118e-09	2.310338e+01	6.446509e+01
1.050000e-06	3.421072e-06	1.226817e-09	2.409041e+01	7.312740e+01
1.060000e-06	3.559952e-06	1.370682e-09	2.506837e+01	8.183027e+01
1.070000e-06	3.697426e-06	1.519159e-09	2.603643e+01	9.051796e+01
1.080000e-06	3.833520e-06	1.668583e-09	2.699477e+01	9.914712e+01
1.090000e-06	3.968303e-06	1.813743e-09	2.794388e+01	1.076886e+02
1.100000e-06	4.101691e-06	1.952750e-09	2.888317e+01	1.161224e+02
1.110000e-06	4.233575e-06	2.091607e-09	2.981187e+01	1.244285e+02
1.120000e-06	4.363859e-06	2.230219e-09	3.072930e+01	1.325782e+02
1.130000e-06	4.492497e-06	2.360190e-09	3.163514e+01	1.405299e+02
1.140000e-06	4.619616e-06	2.485056e-09	3.253028e+01	1.482321e+02
1.150000e-06	4.745209e-06	2.608733e-09	3.341468e+01	1.556325e+02
1.160000e-06	4.869144e-06	2.731729e-09	3.428740e+01	1.626901e+02
1.170000e-06	4.991301e-06	2.846312e-09	3.514760e+01	1.693853e+02
1.180000e-06	5.111655e-06	2.950690e-09	3.599511e+01	1.757239e+02
1.190000e-06	5.230168e-06	3.048612e-09	3.682965e+01	1.817331e+02
1.200000e-06	5.346731e-06	3.143564e-09	3.765046e+01	1.874508e+02
1.210000e-06	5.461143e-06	3.234180e-09	3.845612e+01	1.929118e+02
1.220000e-06	5.573414e-06	3.317840e-09	3.924671e+01	1.981370e+02
1.230000e-06	5.683767e-06	3.400008e-09	4.002379e+01	2.031288e+02
1.240000e-06	5.792155e-06	3.482543e-09	4.078704e+01	2.078747e+02
1.250000e-06	5.898441e-06	3.560561e-09	4.153548e+01	2.123581e+02
1.260000e-06	6.002634e-06	3.631394e-09	4.226918e+01	2.165702e+02
1.270000e-06	6.104721e-06	3.698854e-09	4.298805e+01	2.205203e+02
1.280000e-06	6.204566e-06	3.763272e-09	4.369114e+01	2.242375e+02
1.290000e-06	6.302083e-06	3.822803e-09	4.437783e+01	2.277652e+02
1.300000e-06	6.397319e-06	3.876857e-09	4.504846e+01	2.311484e+02
1.310000e-06	6.490392e-06	3.930673e-09	4.570386e+01	2.344202e+02
1.320000e-06	6.581158e-06	3.986114e-09	4.634301e+01	2.375916e+02
1.330000e-06	6.669546e-06	4.039554e-09	4.696542e+01	2.406495e+02
1.340000e-06	6.755641e-06	4.088526e-09	4.757169e+01	2.435635e+02
1.350000e-06	6.839461e-06	4.135257e-09	4.816192e+01	2.462993e+02
1.360000e-06	6.920887e-06	4.179754e-09	4.873531e+01	2.488332e+02
1.370000e-06	6.999746e-06	4.218867e-09	4.929061e+01	2.511629e+02
1.380000e-06	7.076054e-06	4.253616e-09	4.982796e+01	2.533100e+02
1.390000e-06	7.149709e-06	4.286782e-09	5.034662e+01	2.553136e+02
1.400000e-06	7.220748e-06	4.320886e-09	5.084686e+01	2.572170e+02
1.410000e-06	7.289329e-06	4.355149e-09	5.132979e+01	2.590541e+02
1.420000e-06	7.355303e-06	4.386629e-09	5.179437e+01	2.608382e+02
1.430000e-06	7.418593e-06	4.414391e-09	5.224004e+01	2.625603e+02
1.440000e-06	7.479352e-06	4.440772e-09	5.266789e+01	2.641946e+02
1.450000e-06	7.537503e-06	4.465989e-09	5.307738e+01	2.657111e+02
1.460000e-06	7.592902e-06	4.489714e-09	5.346748e+01	2.670889e+02
1.470000e-06	7.645254e-06	4.511389e-09	5.383614e+01	2.683257e+02
1.480000e-06	7.694419e-06	4.531983e-09	5.418235e+01	2.694395e+02
1.490000e-06	7.740713e-06	4.551035e-09	5.450833e+01	2.704633e+02
1.500000e-06	7.784272e-06	4.567861e-09	5.481507e+01	2.714329e+02
1.510000e-06	7.825044e-06	4.584230e-09	5.510218e+01	2.723747e+02
1.520000e-06	7.863094e-06	4.598771e-09	5.537012e+01	2.732970e+02
1.530000e-06	7.898441e-06	4.611756e-09	5.561902e+01	2.741879e+02
1.540000e-06	7.930967e-06	4.623058e-09	5.584806e+01	2.750218e+02
1.550000e-06	7.960712e-06	4.634088e-09	5.605752e+01	2.757692e+02
1.560000e-06	7.987661e-06	4.646266e-09	5.624729e+01	2.764093e+02
1.570000e-06	8.011710e-06	4.657084e-09	5.641663e+01	2.769371e+02
1.580000e-06	8.033015e-06	4.664318e-09	5.656666e+01	2.773658e+02
1.590000e-06	8.051620e-06	4.668457e-09	5.669767e+01	2.777214e+02
1.600000e-06	8.067307e-06	4.673604e-09	5.680814e+01	2.780333e+02
1.610000e-06	8.079917e-06	4.679765e-09	5.689693e+01	2.783242e+02
1.620000e-06	8.089350e-06	4.683749e-09	5.696336e+01	2.786030e+02
1.630000e-06	8.095845e-06	4.684197e-09	5.700909e+01	2.788630e+02
1.640000e-06	8.099582e-06	4.687293e-09	5.703541e+01	2.790864e+02
1.650000e-06	8.100447e-06	4.695578e-09	5.704150e+01	2.792519e+02
1.660000e-06	8.098644e-06	4.698916e-09	5.702880e+01	2.793434e+02
1.670000e-06	8.094245e-06	4.700700e-09	5.699783e+01	2.793554e+02
1.680000e-06	8.087079e-06	4.699565e-09	5.694737e+01	2.792948e+02
1.690000e-06	8.077183e-06	4.695860e-09	5.687768e+01	2.791768e+02
1.700000e-06	8.064425e-06	4.692179e-09	5.678784e+01	2.790194e+02
1.710000e-06	8.048901e-06	4.690013e-09	5.667853e+01	2.788360e+02
1.720000e-06	8.030996e-06	4.694002e-09	5.655244e+01	2.786314e+02
1.730000e-06	8.010726e-06	4.682417e-09	5.640970e+01	2.784007e+02
1.740000e-06	7.987533e-06	4.681828e-09	5.624639e+01	2.781321e+02
1.750000e-06	7.960764e-06	4.696586e-09	5.605789e+01	2.778116e+02
1.760000e-06	7.930400e-06	4.686843e-09	5.584407e+01	2.774279e+02
1.770000e-06	7.897093e-06	4.666854e-09	5.560953e+01	2.769759e+02
1.780000e-06	7.861278e-06	4.661757e-09	5.535733e+01	2.764575e+02
1.790000e-06	7.823043e-06	4.652825e-09	5.508809e+01	2.758794e+02
1.800000e-06	7.782815e-06	4.607112e-09	5.480481e+01	2.752503e+02
1.810000e-06	7.740413e-06	4.650341e-09	5.450623e+01	2.745777e+02
1.820000e-06	7.695209e-06	4.614941e-09	5.418791e+01	2.738662e+02
1.830000e-06	7.647231e-06	4.579203e-09	5.385006e+01	2.731169e+02
1.840000e-06	7.596211e-06	4.618966e-09	5.349079e+01	2.723287e+02
1.850000e-06	7.542114e-06	4.555551e-09	5.310985e+01	2.715002e+02
1.860000e-06	7.485357e-06	4.581880e-09	5.271018e+01	2.706310e+02
1.870000e-06	7.425876e-06	4.541600e-09	5.229133e+01	2.697219e+02
1.880000e-06	7.363797e-06	4.505566e-09	5.185418e+01	2.687748e+02
1.890000e-06	7.299056e-06	4.526321e-09	5.139829e+01	2.677915e+02
1.900000e-06	7.231539e-06	4.484735e-09	5.092285e+01	2.667727e+02
1.910000e-06	7.161265e-06	4.498746e-09	5.042799e+01	2.657178e+02
1.920000e-06	7.088187e-06	4.460486e-09	4.991340e+01	2.646246e+02
1.930000e-06	7.012435e-06	4.458328e-09	4.937997e+01	2.634904e+02
1.940000e-06	6.933970e-06	4.433836e-09	4.882743e+01	2.623127e+02
1.950000e-06	6.853002e-06	4.386706e-09	4.825728e+01	2.610896e+02
1.960000e-06	6.769622e-06	4.399439e-09	4.767013e+01	2.598199e+02
1.970000e-06	6.683748e-06	4.347139e-09	4.706543e+01	2.585028e+02
1.980000e-06	6.595479e-06	4.352664e-09	4.644386e+01	2.571383e+02
1.990000e-06	6.504894e-06	4.318145e-09	4.580598e+01	2.557262e+02
2.000000e-06	6.412074e-06	4.293438e-09	4.515236e+01	2.542676e+02
2.010000e-06	6.316887e-06	4.269997e-09	4.448208e+01	2.527640e+02
2.020000e-06	6.219415e-06	4.232861e-09	4.379570e+01	2.512182e+02
2.030000e-06	6.119707e-06	4.223478e-09	4.309358e+01	2.496328e+02
2.040000e-06	6.017795e-06	4.177505e-09	4.237594e+01	2.480097e+02
2.050000e-06	5.913742e-06	4.165166e-09	4.164322e+01	2.463485e+02
2.060000e-06	5.807595e-06	4.127628e-09	4.089576e+01	2.446454e+02
2.070000e-06	5.699428e-06	4.108425e-09	4.013407e+01	2.428939e+02
2.080000e-06	5.589179e-06	4.071821e-09	3.935773e+01	2.410858e+02
2.090000e-06	5.476888e-06	4.040743e-09	3.856699e+01	2.392135e+02
2.100000e-06	5.362372e-06	4.010798e-09	3.776060e+01	2.372722e+02
2.110000e-06	5.245761e-06	3.971710e-09	3.693945e+01	2.352610e+02
2.120000e-06	5.127201e-06	3.938855e-09	3.610458e+01	2.331831e+02
2.130000e-06	5.006713e-06	3.898724e-09	3.525613e+01	2.310433e+02
2.140000e-06	4.884426e-06	3.867837e-09	3.439502e+01	2.288454e+02
2.150000e-06	4.760328e-06	3.827796e-09	3.352114e+01	2.265893e+02
2.160000e-06	4.634571e-06	3.796082e-09	3.263559e+01	2.242699e+02
2.170000e-06	4.507187e-06	3.754716e-09	3.173858e+01	2.218774e+02
2.180000e-06	4.378249e-06	3.715509e-09	3.083063e+01	2.194004e+02
2.190000e-06	4.247760e-06	3.668516e-09	2.991176e+01	2.168292e+02
2.200000e-06	4.115668e-06	3.623466e-09	2.898160e+01	2.141593e+02
2.210000e-06	3.982080e-06	3.576172e-09	2.804090e+01	2.113919e+02
2.220000e-06	3.847103e-06	3.528167e-09	2.709042e+01	2.085334e+02
2.230000e-06	3.710766e-06	3.479125e-09	2.613037e+01	2.055912e+02
2.240000e-06	3.572993e-06	3.428285e-09	2.516020e+01	2.025699e+02
2.250000e-06	3.433809e-06	3.378899e-09	2.418010e+01	1.994679e+02
2.260000e-06	3.293350e-06	3.323777e-09	2.319102e+01	1.962770e+02
2.270000e-06	3.151624e-06	3.271692e-09	2.219301e+01	1.929840e+02
2.280000e-06	3.008713e-06	3.213579e-09	2.118667e+01	1.895754e+02
2.290000e-06	2.864732e-06	3.153832e-09	2.017279e+01	1.860418e+02
2.300000e-06	2.719717e-06	3.090859e-09	1.915162e+01	1.823815e+02
2.310000e-06	2.573763e-06	3.024464e-09	1.812385e+01	1.786000e+02
2.320000e-06	2.426858e-06	2.957774e-09	1.708938e+01	1.747073e+02
2.330000e-06	2.279111e-06	2.890908e-09	1.604898e+01	1.707129e+02
2.340000e-06	2.130571e-06	2.827068e-09	1.500300e+01	1.666207e+02
2.350000e-06	1.981258e-06	2.759010e-09	1.395157e+01	1.624262e+02
2.360000e-06	1.831313e-06	2.687072e-09	1.289569e+01	1.581173e+02
2.370000e-06	1.680801e-06	2.611857e-09	1.183582e+01	1.536785e+02
2.380000e-06	1.529716e-06	2.530479e-09	1.077191e+01	1.490968e+02
2.390000e-06	1.378101e-06	2.446833e-09	9.704271e+00	1.443664e+02
2.400000e-06	1.225978e-06	2.362578e-09	8.633056e+00	1.394912e+02
2.410000e-06	1.073381e-06	2.280359e-09	7.558505e+00	1.344820e+02
2.420000e-06	9.203404e-07	2.196240e-09	6.480827e+00	1.293516e+02
2.430000e-06	7.669369e-07	2.109700e-09	5.400595e+00	1.241074e+02
2.440000e-06	6.132820e-07	2.019841e-09	4.318592e+00	1.187465e+02
2.450000e-06	4.594135e-07	1.926167e-09	3.235085e+00	1.132546e+02
2.460000e-06	3.053720e-07	1.828960e-09	2.150360e+00	1.076100e+02
2.470000e-06	1.512330e-07	1.728916e-09	1.064948e+00	1.017906e+02
2.480000e-06	-2.917759e-09	1.626445e-09	-2.054619e-02	9.578317e+01
2.490000e-06	-1.570441e-07	1.520032e-09	-1.105869e+00	8.958891e+01
2.500000e-06	-3.111027e-07	1.412175e-09	-2.190715e+00	8.322465e+01
2.510000e-06	-4.650184e-07	1.305264e-09	-3.274553e+00	7.671821e+01
2.520000e-06	-6.187424e-07	1.196100e-09	-4.357043e+00	7.009972e+01
2.530000e-06	-7.722242e-07	1.081997e-09	-5.437827e+00	6.339215e+01
2.540000e-06	-9.254378e-07	9.651908e-10	-6.516722e+00	5.660475e+01
2.550000e-06	-1.078322e-06	8.496484e-10	-7.593299e+00	4.973209e+01
2.560000e-06	-1.230719e-06	7.305709e-10	-8.666444e+00	4.275903e+01
2.570000e-06	-1.382609e-06	6.072580e-10	-9.736020e+00	3.566960e+01
2.580000e-06	-1.534025e-06	4.843517e-10	-1.080226e+01	2.845605e+01
2.590000e-06	-1.684922e-06	3.616534e-10	-1.186484e+01	2.112420e+01
2.600000e-06	-1.835225e-06	2.377145e-10	-1.292324e+01	1.369263e+01
2.610000e-06	-1.984842e-06	1.095687e-10	-1.397681e+01	6.185651e+00
2.620000e-06	-2.133690e-06	-1.983045e-11	-1.502496e+01	-1.377305e+00
2.630000e-06	-2.281762e-06	-1.496046e-10	-1.606765e+01	-8.991524e+00
2.640000e-06	-2.429027e-06	-2.810428e-10	-1.710465e+01	-1.667196e+01
2.650000e-06	-2.575434e-06	-4.142219e-10	-1.813562e+01	-2.445074e+01
2.660000e-06	-2.720990e-06	-5.486833e-10	-1.916059e+01	-3.236766e+01
2.670000e-06	-2.865529e-06	-6.839065e-10	-2.017840e+01	-4.045658e+01
2.680000e-06	-3.009001e-06	-8.231686e-10	-2.118870e+01	-4.873274e+01
2.690000e-06	-3.151341e-06	-9.673315e-10	-2.219102e+01	-5.718524e+01
2.700000e-06	-3.292382e-06	-1.114463e-09	-2.318420e+01	-6.577752e+01
2.710000e-06	-3.432191e-06	-1.261541e-09	-2.416871e+01	-7.445532e+01
2.720000e-06	-3.570735e-06	-1.407674e-09	-2.514430e+01	-8.315897e+01
2.730000e-06	-3.707951e-06	-1.553747e-09	-2.611054e+01	-9.183523e+01
2.740000e-06	-3.843774e-06	-1.698793e-09	-2.706698e+01	-1.004444e+02
2.750000e-06	-3.978177e-06	-1.841811e-09	-2.801341e+01	-1.089604e+02
2.760000e-06	-4.111102e-06	-1.983838e-09	-2.894944e+01	-1.173641e+02
2.770000e-06	-4.242597e-06	-2.125923e-09	-2.987540e+01	-1.256340e+02
2.780000e-06	-4.372716e-06	-2.264250e-09	-3.079167e+01	-1.337383e+02
2.790000e-06	-4.501298e-06	-2.395854e-09	-3.169712e+01	-1.416324e+02
2.800000e-06	-4.628249e-06	-2.522109e-09	-3.259107e+01	-1.492636e+02
2.810000e-06	-4.753494e-06	-2.646316e-09	-3.347302e+01	-1.565812e+02
2.820000e-06	-4.877060e-06	-2.767184e-09	-3.434315e+01	-1.635487e+02
2.830000e-06	-4.998940e-06	-2.880567e-09	-3.520140e+01	-1.701530e+02
2.840000e-06	-5.118981e-06	-2.987496e-09	-3.604670e+01	-1.764057e+02
2.850000e-06	-5.237026e-06	-3.089342e-09	-3.687794e+01	-1.823381e+02
2.860000e-06	-5.352979e-06	-3.185574e-09	-3.769446e+01	-1.879885e+02
2.870000e-06	-5.466729e-06	-3.274297e-09	-3.849546e+01	-1.933890e+02
2.880000e-06	-5.578221e-06	-3.359280e-09	-3.928056e+01	-1.985561e+02
2.890000e-06	-5.687674e-06	-3.442934e-09	-4.005131e+01	-2.034877e+02
2.900000e-06	-5.795245e-06	-3.523114e-09	-4.080880e+01	-2.081692e+02
2.910000e-06	-5.900862e-06	-3.597796e-09	-4.155253e+01	-2.125847e+02
2.920000e-06	-6.004405e-06	-3.667723e-09	-4.228165e+01	-2.167294e+02
2.930000e-06	-6.105672e-06	-3.733017e-09	-4.299475e+01	-2.206175e+02
2.940000e-06	-6.204708e-06	-3.792003e-09	-4.369214e+01	-2.242826e+02
2.950000e-06	-6.301677e-06	-3.846887e-09	-4.437497e+01	-2.277699e+02
2.960000e-06	-6.396414e-06	-3.902575e-09	-4.504209e+01	-2.311227e+02
2.970000e-06	-6.488815e-06	-3.958579e-09	-4.569275e+01	-2.343690e+02
2.980000e-06	-6.578965e-06	-4.011778e-09	-4.632757e+01	-2.375139e+02
2.990000e-06	-6.666851e-06	-4.062484e-09	-4.694644e+01	-2.405388e+02
3.000000e-06	-6.752268e-06	-4.111570e-09	-4.754793e+01	-2.434110e+02
3.010000e-06	-6.835188e-06	-4.158576e-09	-4.813183e+01	-2.460975e+02
3.020000e-06	-6.915807e-06	-4.198316e-09	-4.869954e+01	-2.485794e+02
3.030000e-06	-6.993911e-06	-4.231581e-09	-4.924953e+01	-2.508603e+02
3.040000e-06	-7.069262e-06	-4.263571e-09	-4.978013e+01	-2.529672e+02
3.050000e-06	-7.142030e-06	-4.297547e-09	-5.029255e+01	-2.549415e+02
3.060000e-06	-7.212220e-06	-4.328466e-09	-5.078681e+01	-2.568256e+02
3.070000e-06	-7.279796e-06	-4.357985e-09	-5.126266e+01	-2.586487e+02
3.080000e-06	-7.344892e-06	-4.389411e-09	-5.172105e+01	-2.604187e+02
3.090000e-06	-7.407419e-06	-4.420466e-09	-5.216135e+01	-2.621214e+02
3.100000e-06	-7.467239e-06	-4.448210e-09	-5.258259e+01	-2.637287e+02
3.110000e-06	-7.524387e-06	-4.470687e-09	-5.298502e+01	-2.652116e+02
3.120000e-06	-7.578735e-06	-4.488983e-09	-5.336773e+01	-2.665533e+02
3.130000e-06	-7.630137e-06	-4.506144e-09	-5.372969e+01	-2.677566e+02
3.140000e-06	-7.678455e-06	-4.523791e-09	-5.406993e+01	-2.688442e+02
3.150000e-06	-7.723828e-06	-4.541779e-09	-5.438943e+01	-2.698510e+02
3.160000e-06	-7.766724e-06	-4.560134e-09	-5.469150e+01	-2.708115e+02
3.170000e-06	-7.807173e-06	-4.577865e-09	-5.497633e+01	-2.717482e+02
3.180000e-06	-7.844816e-06	-4.593604e-09	-5.524141e+01	-2.726641e+02
3.190000e-06	-7.879668e-06	-4.607400e-09	-5.548683e+01	-2.735433e+02
3.200000e-06	-7.911838e-06	-4.621296e-09	-5.571336e+01	-2.743578e+02
3.210000e-06	-7.941069e-06	-4.635052e-09	-5.591920e+01	-2.750796e+02
3.220000e-06	-7.967434e-06	-4.647116e-09	-5.610485e+01	-2.756910e+02
3.230000e-06	-7.991000e-06	-4.655312e-09	-5.627080e+01	-2.761919e+02
3.240000e-06	-8.011635e-06	-4.661650e-09	-5.641611e+01	-2.765993e+02
3.250000e-06	-8.029442e-06	-4.667396e-09	-5.654150e+01	-2.769411e+02
3.260000e-06	-8.044388e-06	-4.672934e-09	-5.664674e+01	-2.772458e+02
3.270000e-06	-8.056265e-06	-4.678122e-09	-5.673038e+01	-2.775332e+02
3.280000e-06	-8.065153e-06	-4.683980e-09	-5.679297e+01	-2.778081e+02
3.290000e-06	-8.071137e-06	-4.690245e-09	-5.683511e+01	-2.780607e+02
3.300000e-06	-8.074302e-06	-4.693688e-09	-5.685740e+01	-2.782712e+02
3.310000e-06	-8.074719e-06	-4.695269e-09	-5.686033e+01	-2.784192e+02
