# Temperatura_=_30.21
# Concentracion g/m^3_=_11000.0
# C_Vs_to_Am_M_A/Vsm_=_59384043850.047264
# pendiente_HvsI_1/m_=_3716.3
# ordenada_HvsI_A/m_=_1297.0
# frecuencia_Hz_=_301650.23192837584

Tiempo_(s)	Campo_(V.s)	Magnetizacion_(V.s)	Campo_(kA/m)	Magnetizacion_(A/m)
0.000000e+00	-8.063317e-06	-4.743897e-09	-5.685576e+01	-2.809304e+02
1.000000e-08	-8.059689e-06	-4.743322e-09	-5.683018e+01	-2.809715e+02
2.000000e-08	-8.053455e-06	-4.741961e-09	-5.678622e+01	-2.809466e+02
3.000000e-08	-8.044595e-06	-4.739719e-09	-5.672375e+01	-2.808557e+02
4.000000e-08	-8.032877e-06	-4.733493e-09	-5.664113e+01	-2.807032e+02
5.000000e-08	-8.018148e-06	-4.727836e-09	-5.653726e+01	-2.804953e+02
6.000000e-08	-8.000573e-06	-4.726561e-09	-5.641334e+01	-2.802387e+02
7.000000e-08	-7.980584e-06	-4.729961e-09	-5.627240e+01	-2.799388e+02
8.000000e-08	-7.958082e-06	-4.726211e-09	-5.611373e+01	-2.795997e+02
9.000000e-08	-7.932384e-06	-4.682769e-09	-5.593253e+01	-2.792235e+02
1.000000e-07	-7.903389e-06	-4.669781e-09	-5.572808e+01	-2.788099e+02
1.100000e-07	-7.871550e-06	-4.694057e-09	-5.550358e+01	-2.783556e+02
1.200000e-07	-7.836990e-06	-4.695870e-09	-5.525989e+01	-2.778545e+02
1.300000e-07	-7.799856e-06	-4.670618e-09	-5.499805e+01	-2.772983e+02
1.400000e-07	-7.760512e-06	-4.662829e-09	-5.472063e+01	-2.766795e+02
1.500000e-07	-7.718890e-06	-4.695982e-09	-5.442715e+01	-2.759938e+02
1.600000e-07	-7.674513e-06	-4.635596e-09	-5.411424e+01	-2.752427e+02
1.700000e-07	-7.627354e-06	-4.626688e-09	-5.378172e+01	-2.744349e+02
1.800000e-07	-7.577432e-06	-4.612370e-09	-5.342971e+01	-2.735843e+02
1.900000e-07	-7.524374e-06	-4.572351e-09	-5.305559e+01	-2.727069e+02
2.000000e-07	-7.468466e-06	-4.620927e-09	-5.266137e+01	-2.718150e+02
2.100000e-07	-7.409913e-06	-4.573350e-09	-5.224850e+01	-2.709129e+02
2.200000e-07	-7.348717e-06	-4.545934e-09	-5.181700e+01	-2.699954e+02
2.300000e-07	-7.284931e-06	-4.537748e-09	-5.136724e+01	-2.690488e+02
2.400000e-07	-7.218319e-06	-4.527443e-09	-5.089754e+01	-2.680569e+02
2.500000e-07	-7.149034e-06	-4.513808e-09	-5.040900e+01	-2.670065e+02
2.600000e-07	-7.077152e-06	-4.461291e-09	-4.990215e+01	-2.658936e+02
2.700000e-07	-7.002499e-06	-4.462613e-09	-4.937576e+01	-2.647250e+02
2.800000e-07	-6.925008e-06	-4.455168e-09	-4.882936e+01	-2.635160e+02
2.900000e-07	-6.844749e-06	-4.429804e-09	-4.826344e+01	-2.622837e+02
3.000000e-07	-6.762041e-06	-4.383032e-09	-4.768025e+01	-2.610394e+02
3.100000e-07	-6.677105e-06	-4.354535e-09	-4.708135e+01	-2.597832e+02
3.200000e-07	-6.589942e-06	-4.368400e-09	-4.646675e+01	-2.585018e+02
3.300000e-07	-6.500469e-06	-4.334684e-09	-4.583587e+01	-2.571734e+02
3.400000e-07	-6.408657e-06	-4.302533e-09	-4.518848e+01	-2.557754e+02
3.500000e-07	-6.314574e-06	-4.281139e-09	-4.452509e+01	-2.542934e+02
3.600000e-07	-6.218141e-06	-4.265640e-09	-4.384512e+01	-2.527277e+02
3.700000e-07	-6.119333e-06	-4.233902e-09	-4.314841e+01	-2.510936e+02
3.800000e-07	-6.018317e-06	-4.183116e-09	-4.243613e+01	-2.494155e+02
3.900000e-07	-5.915178e-06	-4.158666e-09	-4.170889e+01	-2.477174e+02
4.000000e-07	-5.809893e-06	-4.140877e-09	-4.096650e+01	-2.460124e+02
4.100000e-07	-5.702507e-06	-4.124320e-09	-4.020931e+01	-2.442960e+02
4.200000e-07	-5.593159e-06	-4.081525e-09	-3.943827e+01	-2.425467e+02
4.300000e-07	-5.481803e-06	-4.051555e-09	-3.865309e+01	-2.407331e+02
4.400000e-07	-5.368314e-06	-4.029917e-09	-3.785285e+01	-2.388253e+02
4.500000e-07	-5.252674e-06	-3.992356e-09	-3.703746e+01	-2.368066e+02
4.600000e-07	-5.134970e-06	-3.944120e-09	-3.620751e+01	-2.346796e+02
4.700000e-07	-5.015413e-06	-3.901582e-09	-3.536449e+01	-2.324654e+02
4.800000e-07	-4.894070e-06	-3.873604e-09	-3.450888e+01	-2.301943e+02
4.900000e-07	-4.770900e-06	-3.835153e-09	-3.364039e+01	-2.278934e+02
5.000000e-07	-4.646018e-06	-3.791510e-09	-3.275983e+01	-2.255747e+02
5.100000e-07	-4.519522e-06	-3.748149e-09	-3.186788e+01	-2.232282e+02
5.200000e-07	-4.391365e-06	-3.715405e-09	-3.096423e+01	-2.208250e+02
5.300000e-07	-4.261581e-06	-3.676773e-09	-3.004910e+01	-2.183267e+02
5.400000e-07	-4.130242e-06	-3.625021e-09	-2.912301e+01	-2.156994e+02
5.500000e-07	-3.997432e-06	-3.572484e-09	-2.818654e+01	-2.129264e+02
5.600000e-07	-3.863141e-06	-3.527951e-09	-2.723963e+01	-2.100131e+02
5.700000e-07	-3.727328e-06	-3.480582e-09	-2.628200e+01	-2.069846e+02
5.800000e-07	-3.590272e-06	-3.420029e-09	-2.531559e+01	-2.038738e+02
5.900000e-07	-3.452014e-06	-3.363867e-09	-2.434071e+01	-2.007078e+02
6.000000e-07	-3.312235e-06	-3.317446e-09	-2.335511e+01	-1.974955e+02
6.100000e-07	-3.170948e-06	-3.270661e-09	-2.235887e+01	-1.942232e+02
6.200000e-07	-3.028419e-06	-3.210103e-09	-2.135387e+01	-1.908590e+02
6.300000e-07	-2.884758e-06	-3.147576e-09	-2.034089e+01	-1.873654e+02
6.400000e-07	-2.739944e-06	-3.088262e-09	-1.931979e+01	-1.837133e+02
6.500000e-07	-2.594154e-06	-3.023245e-09	-1.829180e+01	-1.798931e+02
6.600000e-07	-2.447570e-06	-2.950336e-09	-1.725821e+01	-1.759183e+02
6.700000e-07	-2.300197e-06	-2.878247e-09	-1.621906e+01	-1.718185e+02
6.800000e-07	-2.152019e-06	-2.815070e-09	-1.517424e+01	-1.676268e+02
6.900000e-07	-2.003084e-06	-2.747853e-09	-1.412407e+01	-1.633648e+02
7.000000e-07	-1.853502e-06	-2.675044e-09	-1.306935e+01	-1.590330e+02
7.100000e-07	-1.703424e-06	-2.601189e-09	-1.201112e+01	-1.546092e+02
7.200000e-07	-1.552828e-06	-2.528483e-09	-1.094924e+01	-1.500564e+02
7.300000e-07	-1.401493e-06	-2.450396e-09	-9.882155e+00	-1.453372e+02
7.400000e-07	-1.249532e-06	-2.362747e-09	-8.810655e+00	-1.404278e+02
7.500000e-07	-1.097147e-06	-2.272627e-09	-7.736159e+00	-1.353271e+02
7.600000e-07	-9.443803e-07	-2.186406e-09	-6.658979e+00	-1.300561e+02
7.700000e-07	-7.913214e-07	-2.102494e-09	-5.579736e+00	-1.246478e+02
7.800000e-07	-6.380080e-07	-2.011814e-09	-4.498698e+00	-1.191331e+02
7.900000e-07	-4.844949e-07	-1.917767e-09	-3.416252e+00	-1.135263e+02
8.000000e-07	-3.308116e-07	-1.823989e-09	-2.332607e+00	-1.078185e+02
8.100000e-07	-1.769679e-07	-1.727254e-09	-1.247830e+00	-1.019805e+02
8.200000e-07	-2.304209e-08	-1.622420e-09	-1.624735e-01	-9.597406e+01
8.300000e-07	1.308762e-07	-1.511326e-09	9.228296e-01	-8.976827e+01
8.400000e-07	2.847266e-07	-1.403482e-09	2.007654e+00	-8.335304e+01
8.500000e-07	4.384508e-07	-1.297797e-09	3.091588e+00	-7.674493e+01
8.600000e-07	5.919400e-07	-1.188345e-09	4.173865e+00	-6.998257e+01
8.700000e-07	7.451766e-07	-1.073502e-09	5.254362e+00	-6.311353e+01
8.800000e-07	8.981606e-07	-9.580624e-10	6.333076e+00	-5.617779e+01
8.900000e-07	1.050869e-06	-8.417302e-10	7.409846e+00	-4.919452e+01
9.000000e-07	1.203289e-06	-7.207695e-10	8.484588e+00	-4.215733e+01
9.100000e-07	1.355308e-06	-5.956034e-10	9.556497e+00	-3.503986e+01
9.200000e-07	1.506747e-06	-4.717766e-10	1.062432e+01	-2.780914e+01
9.300000e-07	1.657553e-06	-3.503595e-10	1.168767e+01	-2.044115e+01
9.400000e-07	1.807757e-06	-2.291395e-10	1.274679e+01	-1.293181e+01
9.500000e-07	1.957407e-06	-1.049919e-10	1.380199e+01	-5.298921e+00
9.600000e-07	2.106426e-06	2.567216e-11	1.485275e+01	2.426102e+00
9.700000e-07	2.254722e-06	1.569287e-10	1.589841e+01	1.021308e+01
9.800000e-07	2.402193e-06	2.907499e-10	1.693826e+01	1.804841e+01
9.900000e-07	2.548744e-06	4.291354e-10	1.797161e+01	2.594408e+01
1.000000e-06	2.694431e-06	5.694110e-10	1.899887e+01	3.393628e+01
1.010000e-06	2.839164e-06	7.050756e-10	2.001940e+01	4.207327e+01
1.020000e-06	2.982802e-06	8.393468e-10	2.103222e+01	5.039690e+01
1.030000e-06	3.125361e-06	9.802930e-10	2.203743e+01	5.892440e+01
1.040000e-06	3.266726e-06	1.127301e-09	2.303422e+01	6.763752e+01
1.050000e-06	3.406764e-06	1.276051e-09	2.402165e+01	7.648295e+01
1.060000e-06	3.545467e-06	1.425889e-09	2.499966e+01	8.538378e+01
1.070000e-06	3.682836e-06	1.579016e-09	2.596827e+01	9.425771e+01
1.080000e-06	3.818850e-06	1.732232e-09	2.692734e+01	1.030350e+02
1.090000e-06	3.953482e-06	1.879942e-09	2.787665e+01	1.116694e+02
1.100000e-06	4.086758e-06	2.018224e-09	2.881639e+01	1.201394e+02
1.110000e-06	4.218577e-06	2.153707e-09	2.974588e+01	1.284385e+02
1.120000e-06	4.348807e-06	2.288346e-09	3.066414e+01	1.365617e+02
1.130000e-06	4.477499e-06	2.419760e-09	3.157158e+01	1.444913e+02
1.140000e-06	4.604679e-06	2.549341e-09	3.246834e+01	1.521920e+02
1.150000e-06	4.730275e-06	2.676407e-09	3.335394e+01	1.596135e+02
1.160000e-06	4.854239e-06	2.799050e-09	3.422803e+01	1.667032e+02
1.170000e-06	4.976416e-06	2.912697e-09	3.508952e+01	1.734212e+02
1.180000e-06	5.096722e-06	3.017118e-09	3.593781e+01	1.797529e+02
1.190000e-06	5.215198e-06	3.114197e-09	3.677321e+01	1.857138e+02
1.200000e-06	5.331717e-06	3.205656e-09	3.759480e+01	1.913432e+02
1.210000e-06	5.446115e-06	3.293608e-09	3.840144e+01	1.966914e+02
1.220000e-06	5.558447e-06	3.378416e-09	3.919351e+01	2.018032e+02
1.230000e-06	5.668793e-06	3.462569e-09	3.997159e+01	2.067050e+02
1.240000e-06	5.777255e-06	3.546274e-09	4.073636e+01	2.114007e+02
1.250000e-06	5.883688e-06	3.625514e-09	4.148684e+01	2.158764e+02
1.260000e-06	5.987917e-06	3.697470e-09	4.222178e+01	2.201128e+02
1.270000e-06	6.089971e-06	3.764447e-09	4.294138e+01	2.240985e+02
1.280000e-06	6.189795e-06	3.826861e-09	4.364525e+01	2.278399e+02
1.290000e-06	6.287274e-06	3.884842e-09	4.433259e+01	2.313631e+02
1.300000e-06	6.382466e-06	3.937456e-09	4.500381e+01	2.347072e+02
1.310000e-06	6.475549e-06	3.989284e-09	4.566015e+01	2.379113e+02
1.320000e-06	6.566378e-06	4.044540e-09	4.630060e+01	2.410023e+02
1.330000e-06	6.654853e-06	4.099721e-09	4.692445e+01	2.439864e+02
1.340000e-06	6.741047e-06	4.151628e-09	4.753222e+01	2.468495e+02
1.350000e-06	6.825001e-06	4.197988e-09	4.812419e+01	2.495651e+02
1.360000e-06	6.906551e-06	4.239822e-09	4.869922e+01	2.521070e+02
1.370000e-06	6.985547e-06	4.277623e-09	4.925623e+01	2.544618e+02
1.380000e-06	7.061947e-06	4.310580e-09	4.979494e+01	2.566357e+02
1.390000e-06	7.135610e-06	4.342345e-09	5.031434e+01	2.586532e+02
1.400000e-06	7.206655e-06	4.377315e-09	5.081529e+01	2.605490e+02
1.410000e-06	7.275220e-06	4.413285e-09	5.129876e+01	2.623560e+02
1.420000e-06	7.341171e-06	4.446055e-09	5.176379e+01	2.640939e+02
1.430000e-06	7.404475e-06	4.473198e-09	5.221016e+01	2.657639e+02
1.440000e-06	7.465275e-06	4.497081e-09	5.263887e+01	2.673507e+02
1.450000e-06	7.523528e-06	4.519884e-09	5.304962e+01	2.688312e+02
1.460000e-06	7.579082e-06	4.541995e-09	5.344134e+01	2.701851e+02
1.470000e-06	7.631614e-06	4.562666e-09	5.381175e+01	2.714054e+02
1.480000e-06	7.680943e-06	4.583483e-09	5.415958e+01	2.725019e+02
1.490000e-06	7.727378e-06	4.605274e-09	5.448700e+01	2.734993e+02
1.500000e-06	7.771142e-06	4.624629e-09	5.479559e+01	2.744281e+02
1.510000e-06	7.812094e-06	4.640190e-09	5.508434e+01	2.753144e+02
1.520000e-06	7.850262e-06	4.652532e-09	5.535347e+01	2.761717e+02
1.530000e-06	7.885731e-06	4.663589e-09	5.560358e+01	2.769968e+02
1.540000e-06	7.918367e-06	4.674599e-09	5.583370e+01	2.777734e+02
1.550000e-06	7.948290e-06	4.684993e-09	5.604468e+01	2.784788e+02
1.560000e-06	7.975464e-06	4.695941e-09	5.623630e+01	2.790938e+02
1.570000e-06	7.999681e-06	4.706412e-09	5.640705e+01	2.796099e+02
1.580000e-06	8.021117e-06	4.713787e-09	5.655820e+01	2.800320e+02
1.590000e-06	8.039862e-06	4.719083e-09	5.669038e+01	2.803768e+02
1.600000e-06	8.055709e-06	4.724656e-09	5.680211e+01	2.806661e+02
1.610000e-06	8.068460e-06	4.730579e-09	5.689202e+01	2.809201e+02
1.620000e-06	8.078026e-06	4.734129e-09	5.695947e+01	2.811512e+02
1.630000e-06	8.084664e-06	4.734840e-09	5.700628e+01	2.813612e+02
1.640000e-06	8.088578e-06	4.737092e-09	5.703388e+01	2.815430e+02
1.650000e-06	8.089659e-06	4.741290e-09	5.704150e+01	2.816841e+02
1.660000e-06	8.088036e-06	4.745643e-09	5.703006e+01	2.817719e+02
1.670000e-06	8.083786e-06	4.749089e-09	5.700009e+01	2.817970e+02
1.680000e-06	8.076787e-06	4.747865e-09	5.695074e+01	2.817556e+02
1.690000e-06	8.067105e-06	4.744665e-09	5.688247e+01	2.816491e+02
1.700000e-06	8.054584e-06	4.741852e-09	5.679418e+01	2.814824e+02
1.710000e-06	8.039272e-06	4.737357e-09	5.668621e+01	2.812621e+02
1.720000e-06	8.021563e-06	4.728133e-09	5.656135e+01	2.809944e+02
1.730000e-06	8.001565e-06	4.716558e-09	5.642034e+01	2.806846e+02
1.740000e-06	7.978755e-06	4.758225e-09	5.625950e+01	2.803365e+02
1.750000e-06	7.952339e-06	4.763766e-09	5.607324e+01	2.799513e+02
1.760000e-06	7.922214e-06	4.721778e-09	5.586082e+01	2.795283e+02
1.770000e-06	7.889084e-06	4.703414e-09	5.562722e+01	2.790632e+02
1.780000e-06	7.853492e-06	4.704269e-09	5.537625e+01	2.785493e+02
1.790000e-06	7.815490e-06	4.662659e-09	5.510829e+01	2.779784e+02
1.800000e-06	7.775440e-06	4.663525e-09	5.482589e+01	2.773434e+02
1.810000e-06	7.733245e-06	4.711295e-09	5.452837e+01	2.766412e+02
1.820000e-06	7.688275e-06	4.623689e-09	5.421128e+01	2.758751e+02
1.830000e-06	7.640624e-06	4.662729e-09	5.387528e+01	2.750554e+02
1.840000e-06	7.590015e-06	4.638625e-09	5.351843e+01	2.741970e+02
1.850000e-06	7.536251e-06	4.582849e-09	5.313933e+01	2.733153e+02
1.860000e-06	7.479770e-06	4.616682e-09	5.274108e+01	2.724210e+02
1.870000e-06	7.420648e-06	4.557602e-09	5.232420e+01	2.715162e+02
1.880000e-06	7.358971e-06	4.595528e-09	5.188930e+01	2.705932e+02
1.890000e-06	7.294535e-06	4.547287e-09	5.143495e+01	2.696371e+02
1.900000e-06	7.227312e-06	4.535297e-09	5.096096e+01	2.686318e+02
1.910000e-06	7.157308e-06	4.544493e-09	5.046734e+01	2.675659e+02
1.920000e-06	7.084517e-06	4.474859e-09	4.995408e+01	2.664383e+02
1.930000e-06	7.009099e-06	4.488715e-09	4.942229e+01	2.652583e+02
1.940000e-06	6.930877e-06	4.446230e-09	4.887074e+01	2.640422e+02
1.950000e-06	6.850127e-06	4.460813e-09	4.830136e+01	2.628065e+02
1.960000e-06	6.767013e-06	4.429332e-09	4.771531e+01	2.615601e+02
1.970000e-06	6.681397e-06	4.388536e-09	4.711161e+01	2.602995e+02
1.980000e-06	6.593320e-06	4.393430e-09	4.649057e+01	2.590089e+02
1.990000e-06	6.502954e-06	4.340214e-09	4.585338e+01	2.576653e+02
2.000000e-06	6.410403e-06	4.339360e-09	4.520079e+01	2.562474e+02
2.010000e-06	6.315519e-06	4.295395e-09	4.453175e+01	2.547441e+02
2.020000e-06	6.218437e-06	4.288509e-09	4.384721e+01	2.531596e+02
2.030000e-06	6.119104e-06	4.262775e-09	4.314680e+01	2.515123e+02
2.040000e-06	6.017503e-06	4.227337e-09	4.243039e+01	2.498275e+02
2.050000e-06	5.913720e-06	4.198432e-09	4.169860e+01	2.481274e+02
2.060000e-06	5.807832e-06	4.154327e-09	4.095197e+01	2.464209e+02
2.070000e-06	5.699926e-06	4.140161e-09	4.019110e+01	2.446991e+02
2.080000e-06	5.589981e-06	4.099327e-09	3.941586e+01	2.429371e+02
2.090000e-06	5.477993e-06	4.080267e-09	3.862622e+01	2.411026e+02
2.100000e-06	5.363823e-06	4.048867e-09	3.782119e+01	2.391683e+02
2.110000e-06	5.247585e-06	4.020055e-09	3.700158e+01	2.371217e+02
2.120000e-06	5.129317e-06	3.976981e-09	3.616765e+01	2.349707e+02
2.130000e-06	5.009108e-06	3.935629e-09	3.532004e+01	2.327395e+02
2.140000e-06	4.887092e-06	3.896460e-09	3.445968e+01	2.304591e+02
2.150000e-06	4.763298e-06	3.860490e-09	3.358679e+01	2.281538e+02
2.160000e-06	4.637795e-06	3.826233e-09	3.270185e+01	2.258301e+02
2.170000e-06	4.510577e-06	3.784888e-09	3.180481e+01	2.234731e+02
2.180000e-06	4.381804e-06	3.747712e-09	3.089681e+01	2.210500e+02
2.190000e-06	4.251515e-06	3.702417e-09	2.997812e+01	2.185224e+02
2.200000e-06	4.119719e-06	3.659554e-09	2.904881e+01	2.158597e+02
2.210000e-06	3.986466e-06	3.603267e-09	2.810922e+01	2.130505e+02
2.220000e-06	3.851768e-06	3.557769e-09	2.715944e+01	2.101058e+02
2.230000e-06	3.715572e-06	3.507779e-09	2.619911e+01	2.070538e+02
2.240000e-06	3.577986e-06	3.458215e-09	2.522896e+01	2.039276e+02
2.250000e-06	3.439127e-06	3.402247e-09	2.424984e+01	2.007503e+02
2.260000e-06	3.298997e-06	3.345078e-09	2.326177e+01	1.975254e+02
2.270000e-06	3.157574e-06	3.294695e-09	2.226457e+01	1.942338e+02
2.280000e-06	3.014901e-06	3.236070e-09	2.125856e+01	1.908410e+02
2.290000e-06	2.871129e-06	3.176976e-09	2.024480e+01	1.873101e+02
2.300000e-06	2.726342e-06	3.112422e-09	1.922388e+01	1.836162e+02
2.310000e-06	2.580666e-06	3.048847e-09	1.819670e+01	1.797556e+02
2.320000e-06	2.434081e-06	2.980568e-09	1.716310e+01	1.757467e+02
2.330000e-06	2.286597e-06	2.910649e-09	1.612317e+01	1.716212e+02
2.340000e-06	2.138333e-06	2.842738e-09	1.507773e+01	1.674109e+02
2.350000e-06	1.989389e-06	2.772553e-09	1.402750e+01	1.631327e+02
2.360000e-06	1.839736e-06	2.698446e-09	1.297228e+01	1.587810e+02
2.370000e-06	1.689386e-06	2.619293e-09	1.191214e+01	1.543290e+02
2.380000e-06	1.538447e-06	2.538194e-09	1.084784e+01	1.497380e+02
2.390000e-06	1.386957e-06	2.457720e-09	9.779657e+00	1.449729e+02
2.400000e-06	1.234904e-06	2.375191e-09	8.707507e+00	1.400152e+02
2.410000e-06	1.082374e-06	2.290532e-09	7.631993e+00	1.348695e+02
2.420000e-06	9.294545e-07	2.201400e-09	6.553735e+00	1.295611e+02
2.430000e-06	7.762526e-07	2.109674e-09	5.473483e+00	1.241241e+02
2.440000e-06	6.228735e-07	2.014025e-09	4.391982e+00	1.185861e+02
2.450000e-06	4.693277e-07	1.914572e-09	3.309306e+00	1.129561e+02
2.460000e-06	3.155723e-07	1.816750e-09	2.225152e+00	1.072194e+02
2.470000e-06	1.616889e-07	1.718745e-09	1.140095e+00	1.013431e+02
2.480000e-06	7.822386e-09	1.618749e-09	5.515691e-02	9.528936e+01
2.490000e-06	-1.459677e-07	1.511958e-09	-1.029242e+00	8.903140e+01
2.500000e-06	-2.996514e-07	1.401830e-09	-2.112891e+00	8.256565e+01
2.510000e-06	-4.532735e-07	1.289510e-09	-3.196105e+00	7.591500e+01
2.520000e-06	-6.067889e-07	1.173051e-09	-4.278567e+00	6.912180e+01
2.530000e-06	-7.601059e-07	1.053307e-09	-5.359630e+00	6.223324e+01
2.540000e-06	-9.131886e-07	9.352243e-10	-6.439042e+00	5.528509e+01
2.550000e-06	-1.065994e-06	8.204133e-10	-7.516494e+00	4.829016e+01
2.560000e-06	-1.218391e-06	7.019463e-10	-8.591075e+00	4.123617e+01
2.570000e-06	-1.370208e-06	5.774752e-10	-9.661557e+00	3.409365e+01
2.580000e-06	-1.521486e-06	4.521973e-10	-1.072824e+01	2.683048e+01
2.590000e-06	-1.672280e-06	3.276942e-10	-1.179152e+01	1.942690e+01
2.600000e-06	-1.822443e-06	2.007739e-10	-1.285034e+01	1.188453e+01
2.610000e-06	-1.971877e-06	7.001540e-11	-1.390402e+01	4.225695e+00
2.620000e-06	-2.120560e-06	-6.149395e-11	-1.495241e+01	-3.516966e+00
2.630000e-06	-2.268535e-06	-1.922990e-10	-1.599581e+01	-1.131612e+01
2.640000e-06	-2.415707e-06	-3.263536e-10	-1.703354e+01	-1.916408e+01
2.650000e-06	-2.561963e-06	-4.639021e-10	-1.806482e+01	-2.707947e+01
2.660000e-06	-2.707356e-06	-6.001209e-10	-1.909001e+01	-3.510299e+01
2.670000e-06	-2.851787e-06	-7.359416e-10	-2.010841e+01	-4.328314e+01
2.680000e-06	-2.995169e-06	-8.765977e-10	-2.111942e+01	-5.165713e+01
2.690000e-06	-3.137404e-06	-1.023752e-09	-2.212234e+01	-6.023395e+01
2.700000e-06	-3.278340e-06	-1.171965e-09	-2.311611e+01	-6.898607e+01
2.710000e-06	-3.417996e-06	-1.319037e-09	-2.410085e+01	-7.785283e+01
2.720000e-06	-3.556413e-06	-1.468958e-09	-2.507684e+01	-8.675417e+01
2.730000e-06	-3.693565e-06	-1.619633e-09	-2.604393e+01	-9.560940e+01
2.740000e-06	-3.829368e-06	-1.767401e-09	-2.700150e+01	-1.043540e+02
2.750000e-06	-3.963751e-06	-1.911296e-09	-2.794906e+01	-1.129482e+02
2.760000e-06	-4.096688e-06	-2.054734e-09	-2.888641e+01	-1.213755e+02
2.770000e-06	-4.228145e-06	-2.197409e-09	-2.981334e+01	-1.296312e+02
2.780000e-06	-4.358101e-06	-2.334502e-09	-3.072968e+01	-1.377080e+02
2.790000e-06	-4.486588e-06	-2.464144e-09	-3.163566e+01	-1.455842e+02
2.800000e-06	-4.613499e-06	-2.590121e-09	-3.253053e+01	-1.532199e+02
2.810000e-06	-4.738697e-06	-2.715159e-09	-3.341333e+01	-1.605629e+02
2.820000e-06	-4.862192e-06	-2.836531e-09	-3.428411e+01	-1.675623e+02
2.830000e-06	-4.983998e-06	-2.949571e-09	-3.514298e+01	-1.741836e+02
2.840000e-06	-5.104040e-06	-3.056468e-09	-3.598942e+01	-1.804198e+02
2.850000e-06	-5.222090e-06	-3.158266e-09	-3.682180e+01	-1.862931e+02
2.860000e-06	-5.338026e-06	-3.252686e-09	-3.763929e+01	-1.918472e+02
2.870000e-06	-5.451810e-06	-3.339445e-09	-3.844160e+01	-1.971324e+02
2.880000e-06	-5.563370e-06	-3.422947e-09	-3.922823e+01	-2.021898e+02
2.890000e-06	-5.672838e-06	-3.506264e-09	-4.000011e+01	-2.070403e+02
2.900000e-06	-5.780405e-06	-3.584618e-09	-4.075858e+01	-2.116825e+02
2.910000e-06	-5.886061e-06	-3.655637e-09	-4.150357e+01	-2.160999e+02
2.920000e-06	-5.989642e-06	-3.723793e-09	-4.223394e+01	-2.202738e+02
2.930000e-06	-6.090939e-06	-3.791424e-09	-4.294820e+01	-2.241967e+02
2.940000e-06	-6.189990e-06	-3.854002e-09	-4.364662e+01	-2.278801e+02
2.950000e-06	-6.286977e-06	-3.911888e-09	-4.433050e+01	-2.313544e+02
2.960000e-06	-6.381807e-06	-3.967173e-09	-4.499916e+01	-2.346598e+02
2.970000e-06	-6.474280e-06	-4.021123e-09	-4.565120e+01	-2.378336e+02
2.980000e-06	-6.564436e-06	-4.071876e-09	-4.628691e+01	-2.408979e+02
2.990000e-06	-6.652357e-06	-4.118219e-09	-4.690685e+01	-2.438535e+02
3.000000e-06	-6.737916e-06	-4.164725e-09	-4.751014e+01	-2.466822e+02
3.010000e-06	-6.821025e-06	-4.211194e-09	-4.809615e+01	-2.493562e+02
3.020000e-06	-6.901761e-06	-4.252211e-09	-4.866544e+01	-2.518516e+02
3.030000e-06	-6.979943e-06	-4.288465e-09	-4.921671e+01	-2.541596e+02
3.040000e-06	-7.055374e-06	-4.323943e-09	-4.974859e+01	-2.562912e+02
3.050000e-06	-7.128189e-06	-4.359825e-09	-5.026202e+01	-2.582746e+02
3.060000e-06	-7.198476e-06	-4.390778e-09	-5.075762e+01	-2.601452e+02
3.070000e-06	-7.266204e-06	-4.418801e-09	-5.123519e+01	-2.619335e+02
3.080000e-06	-7.331388e-06	-4.447394e-09	-5.169481e+01	-2.636547e+02
3.090000e-06	-7.393982e-06	-4.475714e-09	-5.213617e+01	-2.653056e+02
3.100000e-06	-7.453907e-06	-4.502410e-09	-5.255871e+01	-2.668679e+02
3.110000e-06	-7.511165e-06	-4.525730e-09	-5.296245e+01	-2.683179e+02
3.120000e-06	-7.565694e-06	-4.546091e-09	-5.334694e+01	-2.696382e+02
3.130000e-06	-7.617287e-06	-4.564672e-09	-5.371073e+01	-2.708257e+02
3.140000e-06	-7.665724e-06	-4.582868e-09	-5.405227e+01	-2.718945e+02
3.150000e-06	-7.711221e-06	-4.599294e-09	-5.437307e+01	-2.728715e+02
3.160000e-06	-7.754237e-06	-4.614485e-09	-5.467638e+01	-2.737873e+02
3.170000e-06	-7.794752e-06	-4.628593e-09	-5.496207e+01	-2.746655e+02
3.180000e-06	-7.832513e-06	-4.640554e-09	-5.522832e+01	-2.755154e+02
3.190000e-06	-7.867528e-06	-4.653152e-09	-5.547522e+01	-2.763301e+02
3.200000e-06	-7.899794e-06	-4.667642e-09	-5.570273e+01	-2.770907e+02
3.210000e-06	-7.929133e-06	-4.681492e-09	-5.590961e+01	-2.777748e+02
3.220000e-06	-7.955617e-06	-4.694124e-09	-5.609635e+01	-2.783651e+02
3.230000e-06	-7.979362e-06	-4.704042e-09	-5.626378e+01	-2.788564e+02
3.240000e-06	-8.000251e-06	-4.711211e-09	-5.641107e+01	-2.792570e+02
3.250000e-06	-8.018345e-06	-4.715817e-09	-5.653866e+01	-2.795855e+02
3.260000e-06	-8.033598e-06	-4.717738e-09	-5.664620e+01	-2.798641e+02
3.270000e-06	-8.045666e-06	-4.720072e-09	-5.673130e+01	-2.801113e+02
3.280000e-06	-8.054717e-06	-4.725640e-09	-5.679512e+01	-2.803371e+02
3.290000e-06	-8.060915e-06	-4.731202e-09	-5.683882e+01	-2.805407e+02
3.300000e-06	-8.064238e-06	-4.735086e-09	-5.686226e+01	-2.807133e+02
3.310000e-06	-8.064840e-06	-4.739438e-09	-5.686650e+01	-2.808420e+02
