# Temperatura_=_33.4
# Concentracion g/m^3_=_11000.0
# C_Vs_to_Am_M_A/Vsm_=_59384043850.047264
# pendiente_HvsI_1/m_=_3716.3
# ordenada_HvsI_A/m_=_1297.0
# frecuencia_Hz_=_301650.0627204774

Tiempo_(s)	Campo_(V.s)	Magnetizacion_(V.s)	Campo_(kA/m)	Magnetizacion_(A/m)
0.000000e+00	-8.063738e-06	-4.792893e-09	-5.685089e+01	-2.843603e+02
1.000000e-08	-8.059651e-06	-4.793527e-09	-5.682207e+01	-2.843644e+02
2.000000e-08	-8.052967e-06	-4.792590e-09	-5.677494e+01	-2.843281e+02
3.000000e-08	-8.043591e-06	-4.790017e-09	-5.670885e+01	-2.842560e+02
4.000000e-08	-8.031369e-06	-4.786617e-09	-5.662268e+01	-2.841485e+02
5.000000e-08	-8.016189e-06	-4.785430e-09	-5.651565e+01	-2.840008e+02
6.000000e-08	-7.998179e-06	-4.786906e-09	-5.638868e+01	-2.838054e+02
7.000000e-08	-7.977735e-06	-4.786214e-09	-5.624455e+01	-2.835556e+02
8.000000e-08	-7.954713e-06	-4.760925e-09	-5.608224e+01	-2.832474e+02
9.000000e-08	-7.928467e-06	-4.738510e-09	-5.589720e+01	-2.828810e+02
1.000000e-07	-7.898865e-06	-4.744961e-09	-5.568850e+01	-2.824591e+02
1.100000e-07	-7.866447e-06	-4.752044e-09	-5.545994e+01	-2.819846e+02
1.200000e-07	-7.831397e-06	-4.742845e-09	-5.521284e+01	-2.814573e+02
1.300000e-07	-7.793848e-06	-4.726730e-09	-5.494811e+01	-2.808729e+02
1.400000e-07	-7.754175e-06	-4.734346e-09	-5.466840e+01	-2.802243e+02
1.500000e-07	-7.712151e-06	-4.726393e-09	-5.437213e+01	-2.795045e+02
1.600000e-07	-7.667303e-06	-4.697728e-09	-5.405594e+01	-2.787117e+02
1.700000e-07	-7.619713e-06	-4.683961e-09	-5.372043e+01	-2.778516e+02
1.800000e-07	-7.569281e-06	-4.646530e-09	-5.336487e+01	-2.769390e+02
1.900000e-07	-7.515724e-06	-4.650139e-09	-5.298728e+01	-2.759942e+02
2.000000e-07	-7.459380e-06	-4.659278e-09	-5.259004e+01	-2.750380e+02
2.100000e-07	-7.400357e-06	-4.620942e-09	-5.217392e+01	-2.740852e+02
2.200000e-07	-7.338684e-06	-4.604303e-09	-5.173911e+01	-2.731397e+02
2.300000e-07	-7.274373e-06	-4.597324e-09	-5.128571e+01	-2.721930e+02
2.400000e-07	-7.207254e-06	-4.592223e-09	-5.081251e+01	-2.712271e+02
2.500000e-07	-7.137493e-06	-4.549042e-09	-5.032068e+01	-2.702202e+02
2.600000e-07	-7.065097e-06	-4.519854e-09	-4.981027e+01	-2.691537e+02
2.700000e-07	-6.989941e-06	-4.515283e-09	-4.928041e+01	-2.680181e+02
2.800000e-07	-6.912033e-06	-4.500975e-09	-4.873115e+01	-2.668149e+02
2.900000e-07	-6.831419e-06	-4.475599e-09	-4.816280e+01	-2.655547e+02
3.000000e-07	-6.748354e-06	-4.437302e-09	-4.757717e+01	-2.642521e+02
3.100000e-07	-6.663067e-06	-4.427260e-09	-4.697589e+01	-2.629195e+02
3.200000e-07	-6.575525e-06	-4.415523e-09	-4.635870e+01	-2.615618e+02
3.300000e-07	-6.485672e-06	-4.385110e-09	-4.572522e+01	-2.601746e+02
3.400000e-07	-6.393469e-06	-4.348632e-09	-4.507517e+01	-2.587460e+02
3.500000e-07	-6.298946e-06	-4.326727e-09	-4.440877e+01	-2.572612e+02
3.600000e-07	-6.202073e-06	-4.310759e-09	-4.372580e+01	-2.557082e+02
3.700000e-07	-6.102882e-06	-4.276699e-09	-4.302647e+01	-2.540823e+02
3.800000e-07	-6.001547e-06	-4.240815e-09	-4.231204e+01	-2.523867e+02
3.900000e-07	-5.898035e-06	-4.214615e-09	-4.158227e+01	-2.506313e+02
4.000000e-07	-5.792345e-06	-4.197018e-09	-4.083713e+01	-2.488275e+02
4.100000e-07	-5.684599e-06	-4.165156e-09	-4.007750e+01	-2.469839e+02
4.200000e-07	-5.574916e-06	-4.122264e-09	-3.930422e+01	-2.451019e+02
4.300000e-07	-5.463222e-06	-4.089623e-09	-3.851675e+01	-2.431753e+02
4.400000e-07	-5.349366e-06	-4.063179e-09	-3.771405e+01	-2.411923e+02
4.500000e-07	-5.233311e-06	-4.027995e-09	-3.689584e+01	-2.391389e+02
4.600000e-07	-5.115258e-06	-3.985671e-09	-3.606354e+01	-2.370041e+02
4.700000e-07	-4.995387e-06	-3.949709e-09	-3.521843e+01	-2.347822e+02
4.800000e-07	-4.873673e-06	-3.916129e-09	-3.436032e+01	-2.324745e+02
4.900000e-07	-4.750164e-06	-3.874102e-09	-3.348956e+01	-2.300868e+02
5.000000e-07	-4.624932e-06	-3.822519e-09	-3.260665e+01	-2.276271e+02
5.100000e-07	-4.498094e-06	-3.776444e-09	-3.171242e+01	-2.251016e+02
5.200000e-07	-4.369642e-06	-3.738037e-09	-3.080681e+01	-2.225122e+02
5.300000e-07	-4.239618e-06	-3.697270e-09	-2.989011e+01	-2.198558e+02
5.400000e-07	-4.108017e-06	-3.648117e-09	-2.896230e+01	-2.171249e+02
5.500000e-07	-3.974886e-06	-3.600724e-09	-2.802370e+01	-2.143095e+02
5.600000e-07	-3.840320e-06	-3.555791e-09	-2.707498e+01	-2.113992e+02
5.700000e-07	-3.704322e-06	-3.501795e-09	-2.611618e+01	-2.083853e+02
5.800000e-07	-3.567054e-06	-3.439774e-09	-2.514841e+01	-2.052613e+02
5.900000e-07	-3.428538e-06	-3.383079e-09	-2.417185e+01	-2.020239e+02
6.000000e-07	-3.288534e-06	-3.335767e-09	-2.318479e+01	-1.986720e+02
6.100000e-07	-3.147038e-06	-3.283842e-09	-2.218722e+01	-1.952072e+02
6.200000e-07	-3.004383e-06	-3.222181e-09	-2.118147e+01	-1.916328e+02
6.300000e-07	-2.860670e-06	-3.155971e-09	-2.016826e+01	-1.879531e+02
6.400000e-07	-2.715784e-06	-3.090557e-09	-1.914679e+01	-1.841723e+02
6.500000e-07	-2.569819e-06	-3.023156e-09	-1.811771e+01	-1.802924e+02
6.600000e-07	-2.423033e-06	-2.953926e-09	-1.708284e+01	-1.763123e+02
6.700000e-07	-2.275489e-06	-2.886993e-09	-1.604263e+01	-1.722263e+02
6.800000e-07	-2.127168e-06	-2.822928e-09	-1.499694e+01	-1.680241e+02
6.900000e-07	-1.978128e-06	-2.753777e-09	-1.394618e+01	-1.636933e+02
7.000000e-07	-1.828435e-06	-2.675183e-09	-1.289081e+01	-1.592219e+02
7.100000e-07	-1.678175e-06	-2.593598e-09	-1.183145e+01	-1.546023e+02
7.200000e-07	-1.527318e-06	-2.511436e-09	-1.076788e+01	-1.498333e+02
7.300000e-07	-1.375809e-06	-2.429350e-09	-9.699718e+00	-1.449205e+02
7.400000e-07	-1.223781e-06	-2.346764e-09	-8.627892e+00	-1.398742e+02
7.500000e-07	-1.071344e-06	-2.263159e-09	-7.553180e+00	-1.347046e+02
7.600000e-07	-9.184820e-07	-2.176784e-09	-6.475473e+00	-1.294172e+02
7.700000e-07	-7.652749e-07	-2.087046e-09	-5.395333e+00	-1.240087e+02
7.800000e-07	-6.118462e-07	-1.992963e-09	-4.313632e+00	-1.184665e+02
7.900000e-07	-4.582149e-07	-1.894616e-09	-3.230502e+00	-1.127719e+02
8.000000e-07	-3.043770e-07	-1.795523e-09	-2.145916e+00	-1.069058e+02
8.100000e-07	-1.504432e-07	-1.695813e-09	-1.060653e+00	-1.008552e+02
8.200000e-07	3.530201e-09	-1.592374e-09	2.488859e-02	-9.461876e+01
8.300000e-07	1.575529e-07	-1.484356e-09	1.110778e+00	-8.820780e+01
8.400000e-07	3.114861e-07	-1.375024e-09	2.196036e+00	-8.164356e+01
8.500000e-07	4.652610e-07	-1.264699e-09	3.280179e+00	-7.495063e+01
8.600000e-07	6.188398e-07	-1.151832e-09	4.362938e+00	-6.814946e+01
8.700000e-07	7.721830e-07	-1.035077e-09	5.444037e+00	-6.125058e+01
8.800000e-07	9.252765e-07	-9.162681e-10	6.523375e+00	-5.425294e+01
8.900000e-07	1.077984e-06	-7.980818e-10	7.599995e+00	-4.714705e+01
9.000000e-07	1.230253e-06	-6.770301e-10	8.673514e+00	-3.992163e+01
9.100000e-07	1.382120e-06	-5.509993e-10	9.744205e+00	-3.257106e+01
9.200000e-07	1.533542e-06	-4.242001e-10	1.081176e+01	-2.510045e+01
9.300000e-07	1.684417e-06	-2.990597e-10	1.187546e+01	-1.752588e+01
9.400000e-07	1.834630e-06	-1.737760e-10	1.293449e+01	-9.869420e+00
9.500000e-07	1.984131e-06	-4.500841e-11	1.398850e+01	-2.150431e+00
9.600000e-07	2.132931e-06	8.653220e-11	1.503757e+01	5.623368e+00
9.700000e-07	2.281025e-06	2.181558e-10	1.608166e+01	1.346155e+01
9.800000e-07	2.428339e-06	3.514547e-10	1.712025e+01	2.139067e+01
9.900000e-07	2.574812e-06	4.912875e-10	1.815291e+01	2.944755e+01
1.000000e-06	2.720346e-06	6.335409e-10	1.917896e+01	3.766803e+01
1.010000e-06	2.864877e-06	7.742905e-10	2.019793e+01	4.607506e+01
1.020000e-06	3.008434e-06	9.155397e-10	2.121003e+01	5.466986e+01
1.030000e-06	3.150798e-06	1.061698e-09	2.221372e+01	6.342947e+01
1.040000e-06	3.291893e-06	1.211863e-09	2.320847e+01	7.231085e+01
1.050000e-06	3.431813e-06	1.360251e-09	2.419493e+01	8.126011e+01
1.060000e-06	3.570413e-06	1.509992e-09	2.517209e+01	9.022291e+01
1.070000e-06	3.707641e-06	1.664287e-09	2.613958e+01	9.915239e+01
1.080000e-06	3.843517e-06	1.818294e-09	2.709753e+01	1.080118e+02
1.090000e-06	3.977951e-06	1.966013e-09	2.804531e+01	1.167715e+02
1.100000e-06	4.110923e-06	2.106790e-09	2.898279e+01	1.254022e+02
1.110000e-06	4.242443e-06	2.246108e-09	2.991003e+01	1.338685e+02
1.120000e-06	4.372431e-06	2.384102e-09	3.082647e+01	1.421253e+02
1.130000e-06	4.500880e-06	2.515184e-09	3.173206e+01	1.501202e+02
1.140000e-06	4.627781e-06	2.642112e-09	3.262674e+01	1.578006e+02
1.150000e-06	4.753055e-06	2.766917e-09	3.350994e+01	1.651247e+02
1.160000e-06	4.876676e-06	2.887908e-09	3.438149e+01	1.720698e+02
1.170000e-06	4.998566e-06	2.998953e-09	3.524084e+01	1.786367e+02
1.180000e-06	5.118622e-06	3.099617e-09	3.608726e+01	1.848474e+02
1.190000e-06	5.236756e-06	3.196022e-09	3.692012e+01	1.907364e+02
1.200000e-06	5.352878e-06	3.289771e-09	3.773881e+01	1.963396e+02
1.210000e-06	5.466910e-06	3.377959e-09	3.854275e+01	2.016834e+02
1.220000e-06	5.578890e-06	3.461449e-09	3.933224e+01	2.067800e+02
1.230000e-06	5.688921e-06	3.544173e-09	4.010797e+01	2.116280e+02
1.240000e-06	5.796977e-06	3.625418e-09	4.086979e+01	2.162197e+02
1.250000e-06	5.902955e-06	3.700704e-09	4.161696e+01	2.205509e+02
1.260000e-06	6.006781e-06	3.768662e-09	4.234895e+01	2.246288e+02
1.270000e-06	6.108433e-06	3.832502e-09	4.306562e+01	2.284755e+02
1.280000e-06	6.207875e-06	3.893407e-09	4.376670e+01	2.321244e+02
1.290000e-06	6.305017e-06	3.950271e-09	4.445157e+01	2.356121e+02
1.300000e-06	6.399873e-06	4.003938e-09	4.512032e+01	2.389676e+02
1.310000e-06	6.492580e-06	4.059460e-09	4.577392e+01	2.422046e+02
1.320000e-06	6.583030e-06	4.117090e-09	4.641161e+01	2.453183e+02
1.330000e-06	6.671125e-06	4.171025e-09	4.703270e+01	2.482898e+02
1.340000e-06	6.756900e-06	4.219112e-09	4.763743e+01	2.510949e+02
1.350000e-06	6.840392e-06	4.262813e-09	4.822606e+01	2.537154e+02
1.360000e-06	6.921477e-06	4.302293e-09	4.879773e+01	2.561473e+02
1.370000e-06	7.000018e-06	4.338018e-09	4.935146e+01	2.584037e+02
1.380000e-06	7.075938e-06	4.370978e-09	4.988671e+01	2.605112e+02
1.390000e-06	7.149161e-06	4.404579e-09	5.040294e+01	2.625017e+02
1.400000e-06	7.219842e-06	4.440296e-09	5.090126e+01	2.644013e+02
1.410000e-06	7.288038e-06	4.475738e-09	5.138205e+01	2.662238e+02
1.420000e-06	7.353616e-06	4.506996e-09	5.184439e+01	2.679669e+02
1.430000e-06	7.416602e-06	4.533470e-09	5.228846e+01	2.696166e+02
1.440000e-06	7.477042e-06	4.557553e-09	5.271457e+01	2.711546e+02
1.450000e-06	7.534724e-06	4.579066e-09	5.312123e+01	2.725674e+02
1.460000e-06	7.589640e-06	4.598603e-09	5.350840e+01	2.738530e+02
1.470000e-06	7.641551e-06	4.617831e-09	5.387439e+01	2.750225e+02
1.480000e-06	7.690251e-06	4.639562e-09	5.421773e+01	2.760971e+02
1.490000e-06	7.736152e-06	4.661270e-09	5.454134e+01	2.771005e+02
1.500000e-06	7.779401e-06	4.677649e-09	5.484625e+01	2.780517e+02
1.510000e-06	7.819815e-06	4.690622e-09	5.513118e+01	2.789589e+02
1.520000e-06	7.857466e-06	4.703342e-09	5.539663e+01	2.798187e+02
1.530000e-06	7.892480e-06	4.716016e-09	5.564348e+01	2.806195e+02
1.540000e-06	7.924712e-06	4.727642e-09	5.587072e+01	2.813477e+02
1.550000e-06	7.954195e-06	4.738233e-09	5.607859e+01	2.819938e+02
1.560000e-06	7.980952e-06	4.749070e-09	5.626723e+01	2.825568e+02
1.570000e-06	8.004802e-06	4.758894e-09	5.643538e+01	2.830441e+02
1.580000e-06	8.025835e-06	4.764253e-09	5.658366e+01	2.834687e+02
1.590000e-06	8.044111e-06	4.766805e-09	5.671251e+01	2.838439e+02
1.600000e-06	8.059427e-06	4.772086e-09	5.682049e+01	2.841786e+02
1.610000e-06	8.071621e-06	4.779509e-09	5.690646e+01	2.844748e+02
1.620000e-06	8.080692e-06	4.784314e-09	5.697042e+01	2.847286e+02
1.630000e-06	8.086862e-06	4.785419e-09	5.701391e+01	2.849329e+02
1.640000e-06	8.090225e-06	4.787932e-09	5.703762e+01	2.850819e+02
1.650000e-06	8.090775e-06	4.792276e-09	5.704150e+01	2.851744e+02
1.660000e-06	8.088653e-06	4.795935e-09	5.702654e+01	2.852138e+02
1.670000e-06	8.083870e-06	4.794827e-09	5.699282e+01	2.852073e+02
1.680000e-06	8.076400e-06	4.792531e-09	5.694015e+01	2.851618e+02
1.690000e-06	8.066286e-06	4.792795e-09	5.686885e+01	2.850812e+02
1.700000e-06	8.053314e-06	4.791110e-09	5.677739e+01	2.849643e+02
1.710000e-06	8.037585e-06	4.785802e-09	5.666650e+01	2.848055e+02
1.720000e-06	8.019510e-06	4.776051e-09	5.653907e+01	2.845973e+02
1.730000e-06	7.999014e-06	4.792980e-09	5.639457e+01	2.843332e+02
1.740000e-06	7.975552e-06	4.813274e-09	5.622915e+01	2.840104e+02
1.750000e-06	7.948486e-06	4.796186e-09	5.603833e+01	2.836299e+02
1.760000e-06	7.917788e-06	4.771117e-09	5.582191e+01	2.831948e+02
1.770000e-06	7.884206e-06	4.756928e-09	5.558515e+01	2.827074e+02
1.780000e-06	7.848138e-06	4.741103e-09	5.533087e+01	2.821665e+02
1.790000e-06	7.809660e-06	4.714951e-09	5.505959e+01	2.815669e+02
1.800000e-06	7.769196e-06	4.735663e-09	5.477430e+01	2.809011e+02
1.810000e-06	7.726539e-06	4.720080e-09	5.447357e+01	2.801631e+02
1.820000e-06	7.681124e-06	4.703744e-09	5.415339e+01	2.793526e+02
1.830000e-06	7.632969e-06	4.716816e-09	5.381388e+01	2.784779e+02
1.840000e-06	7.581712e-06	4.665642e-09	5.345251e+01	2.775553e+02
1.850000e-06	7.527373e-06	4.656285e-09	5.306941e+01	2.766059e+02
1.860000e-06	7.470385e-06	4.633906e-09	5.266764e+01	2.756497e+02
1.870000e-06	7.410683e-06	4.627596e-09	5.224672e+01	2.746990e+02
1.880000e-06	7.348405e-06	4.617787e-09	5.180765e+01	2.737545e+02
1.890000e-06	7.283445e-06	4.580940e-09	5.134967e+01	2.728051e+02
1.900000e-06	7.215784e-06	4.601917e-09	5.087265e+01	2.718311e+02
1.910000e-06	7.145379e-06	4.572909e-09	5.037628e+01	2.708109e+02
1.920000e-06	7.072170e-06	4.548780e-09	4.986014e+01	2.697277e+02
1.930000e-06	6.996328e-06	4.524089e-09	4.932544e+01	2.685748e+02
1.940000e-06	6.917718e-06	4.506177e-09	4.877123e+01	2.673561e+02
1.950000e-06	6.836625e-06	4.501053e-09	4.819950e+01	2.660840e+02
1.960000e-06	6.753099e-06	4.463270e-09	4.761063e+01	2.647731e+02
1.970000e-06	6.666978e-06	4.450479e-09	4.700346e+01	2.634343e+02
1.980000e-06	6.578472e-06	4.420025e-09	4.637948e+01	2.620701e+02
1.990000e-06	6.487787e-06	4.402558e-09	4.574013e+01	2.606740e+02
2.000000e-06	6.394887e-06	4.377411e-09	4.508517e+01	2.592328e+02
2.010000e-06	6.299546e-06	4.351003e-09	4.441300e+01	2.577320e+02
2.020000e-06	6.202032e-06	4.333482e-09	4.372550e+01	2.561610e+02
2.030000e-06	6.102317e-06	4.305293e-09	4.302250e+01	2.545172e+02
2.040000e-06	6.000280e-06	4.275783e-09	4.230311e+01	2.528057e+02
2.050000e-06	5.896051e-06	4.233508e-09	4.156828e+01	2.510372e+02
2.060000e-06	5.789788e-06	4.206969e-09	4.081911e+01	2.492230e+02
2.070000e-06	5.681592e-06	4.179840e-09	4.005630e+01	2.473701e+02
2.080000e-06	5.571288e-06	4.153910e-09	3.927864e+01	2.454779e+02
2.090000e-06	5.458872e-06	4.120197e-09	3.848608e+01	2.435387e+02
2.100000e-06	5.344300e-06	4.087408e-09	3.767833e+01	2.415394e+02
2.110000e-06	5.227728e-06	4.046752e-09	3.685647e+01	2.394666e+02
2.120000e-06	5.109161e-06	4.005920e-09	3.602055e+01	2.373104e+02
2.130000e-06	4.988590e-06	3.966607e-09	3.517051e+01	2.350669e+02
2.140000e-06	4.866218e-06	3.932992e-09	3.430776e+01	2.327385e+02
2.150000e-06	4.742109e-06	3.902902e-09	3.343277e+01	2.303322e+02
2.160000e-06	4.616291e-06	3.861765e-09	3.254573e+01	2.278557e+02
2.170000e-06	4.488819e-06	3.819331e-09	3.164703e+01	2.253144e+02
2.180000e-06	4.359835e-06	3.770670e-09	3.073766e+01	2.227089e+02
2.190000e-06	4.229276e-06	3.728148e-09	2.981720e+01	2.200348e+02
2.200000e-06	4.097196e-06	3.677677e-09	2.888601e+01	2.172839e+02
2.210000e-06	3.963686e-06	3.628019e-09	2.794474e+01	2.144458e+02
2.220000e-06	3.828701e-06	3.581771e-09	2.699307e+01	2.115105e+02
2.230000e-06	3.692209e-06	3.536558e-09	2.603077e+01	2.084696e+02
2.240000e-06	3.554400e-06	3.485092e-09	2.505919e+01	2.053176e+02
2.250000e-06	3.415284e-06	3.425309e-09	2.407840e+01	2.020517e+02
2.260000e-06	3.274850e-06	3.367580e-09	2.308832e+01	1.986714e+02
2.270000e-06	3.133180e-06	3.312747e-09	2.208951e+01	1.951790e+02
2.280000e-06	2.990308e-06	3.252841e-09	2.108224e+01	1.915780e+02
2.290000e-06	2.846309e-06	3.186724e-09	2.006702e+01	1.878728e+02
2.300000e-06	2.701303e-06	3.121562e-09	1.904470e+01	1.840672e+02
2.310000e-06	2.555451e-06	3.055481e-09	1.801642e+01	1.801627e+02
2.320000e-06	2.408687e-06	2.987870e-09	1.698170e+01	1.761570e+02
2.330000e-06	2.261051e-06	2.916008e-09	1.594084e+01	1.720431e+02
2.340000e-06	2.112611e-06	2.847237e-09	1.489431e+01	1.678100e+02
2.350000e-06	1.963413e-06	2.778388e-09	1.384244e+01	1.634452e+02
2.360000e-06	1.813543e-06	2.704284e-09	1.278582e+01	1.589374e+02
2.370000e-06	1.663072e-06	2.622754e-09	1.172498e+01	1.542804e+02
2.380000e-06	1.512064e-06	2.536762e-09	1.066034e+01	1.494748e+02
2.390000e-06	1.360570e-06	2.452084e-09	9.592278e+00	1.445277e+02
2.400000e-06	1.208549e-06	2.365036e-09	8.520499e+00	1.394498e+02
2.410000e-06	1.056007e-06	2.276296e-09	7.445047e+00	1.342507e+02
2.420000e-06	9.030972e-07	2.188129e-09	6.367007e+00	1.289338e+02
2.430000e-06	7.499088e-07	2.100710e-09	5.286999e+00	1.234934e+02
2.440000e-06	5.964519e-07	2.009292e-09	4.205099e+00	1.179152e+02
2.450000e-06	4.428104e-07	1.909139e-09	3.121897e+00	1.121795e+02
2.460000e-06	2.890608e-07	1.804579e-09	2.037934e+00	1.062682e+02
2.470000e-06	1.351812e-07	1.697867e-09	9.530529e-01	1.001709e+02
2.480000e-06	-1.878789e-08	1.589976e-09	-1.324582e-01	9.388939e+01
2.490000e-06	-1.727464e-07	1.480983e-09	-1.217895e+00	8.743797e+01
2.500000e-06	-3.265943e-07	1.372155e-09	-2.302552e+00	8.083940e+01
2.510000e-06	-4.802973e-07	1.262746e-09	-3.386187e+00	7.411793e+01
2.520000e-06	-6.338289e-07	1.149340e-09	-4.468614e+00	6.729192e+01
2.530000e-06	-7.871560e-07	1.030132e-09	-5.549599e+00	6.036898e+01
2.540000e-06	-9.401825e-07	9.073928e-10	-6.628465e+00	5.334549e+01
2.550000e-06	-1.092779e-06	7.850849e-10	-7.704296e+00	4.621079e+01
2.560000e-06	-1.244927e-06	6.609841e-10	-8.776973e+00	3.895435e+01
2.570000e-06	-1.396606e-06	5.331379e-10	-9.846336e+00	3.157294e+01
2.580000e-06	-1.547791e-06	4.057102e-10	-1.091222e+01	2.407459e+01
2.590000e-06	-1.698421e-06	2.810645e-10	-1.197419e+01	1.647754e+01
2.600000e-06	-1.848408e-06	1.547694e-10	-1.303163e+01	8.804060e+00
2.610000e-06	-1.997719e-06	2.244277e-11	-1.408430e+01	1.071378e+00
2.620000e-06	-2.146309e-06	-1.126916e-10	-1.513189e+01	-6.716783e+00
2.630000e-06	-2.294134e-06	-2.466154e-10	-1.617408e+01	-1.457454e+01
2.640000e-06	-2.441177e-06	-3.819305e-10	-1.721076e+01	-2.253186e+01
2.650000e-06	-2.587411e-06	-5.198154e-10	-1.824174e+01	-3.062647e+01
2.660000e-06	-2.732642e-06	-6.604946e-10	-1.926565e+01	-3.889206e+01
2.670000e-06	-2.876838e-06	-8.027175e-10	-2.028225e+01	-4.734676e+01
2.680000e-06	-3.020019e-06	-9.469875e-10	-2.129171e+01	-5.598571e+01
2.690000e-06	-3.162061e-06	-1.094881e-09	-2.229313e+01	-6.478028e+01
2.700000e-06	-3.302873e-06	-1.245014e-09	-2.328588e+01	-7.368376e+01
2.710000e-06	-3.442423e-06	-1.396038e-09	-2.426974e+01	-8.264119e+01
2.720000e-06	-3.580724e-06	-1.547230e-09	-2.524479e+01	-9.159954e+01
2.730000e-06	-3.717633e-06	-1.698057e-09	-2.621002e+01	-1.005145e+02
2.740000e-06	-3.853170e-06	-1.849029e-09	-2.716558e+01	-1.093514e+02
2.750000e-06	-3.987338e-06	-1.997498e-09	-2.811149e+01	-1.180816e+02
2.760000e-06	-4.120065e-06	-2.142842e-09	-2.904724e+01	-1.266749e+02
2.770000e-06	-4.251344e-06	-2.285927e-09	-2.997279e+01	-1.350933e+02
2.780000e-06	-4.381062e-06	-2.424772e-09	-3.088732e+01	-1.432896e+02
2.790000e-06	-4.509244e-06	-2.557665e-09	-3.179103e+01	-1.512104e+02
2.800000e-06	-4.635910e-06	-2.684935e-09	-3.268405e+01	-1.588050e+02
2.810000e-06	-4.760920e-06	-2.808546e-09	-3.356539e+01	-1.660354e+02
2.820000e-06	-4.884209e-06	-2.927519e-09	-3.443460e+01	-1.728848e+02
2.830000e-06	-5.005699e-06	-3.038078e-09	-3.529113e+01	-1.793598e+02
2.840000e-06	-5.125336e-06	-3.141349e-09	-3.613459e+01	-1.854865e+02
2.850000e-06	-5.243059e-06	-3.239012e-09	-3.696456e+01	-1.913008e+02
2.860000e-06	-5.358671e-06	-3.332152e-09	-3.777965e+01	-1.968371e+02
2.870000e-06	-5.472072e-06	-3.420456e-09	-3.857915e+01	-2.021184e+02
2.880000e-06	-5.583283e-06	-3.502971e-09	-3.936321e+01	-2.071533e+02
2.890000e-06	-5.692424e-06	-3.582177e-09	-4.013267e+01	-2.119378e+02
2.900000e-06	-5.799657e-06	-3.659444e-09	-4.088868e+01	-2.164643e+02
2.910000e-06	-5.904934e-06	-3.733127e-09	-4.163091e+01	-2.207308e+02
2.920000e-06	-6.008120e-06	-3.801245e-09	-4.235838e+01	-2.247482e+02
2.930000e-06	-6.109125e-06	-3.864413e-09	-4.307049e+01	-2.285419e+02
2.940000e-06	-6.207946e-06	-3.924463e-09	-4.376720e+01	-2.321471e+02
2.950000e-06	-6.304613e-06	-3.980931e-09	-4.444872e+01	-2.355994e+02
2.960000e-06	-6.399029e-06	-4.034852e-09	-4.511437e+01	-2.389246e+02
2.970000e-06	-6.491134e-06	-4.087170e-09	-4.576373e+01	-2.421318e+02
2.980000e-06	-6.580971e-06	-4.137113e-09	-4.639710e+01	-2.452120e+02
2.990000e-06	-6.668526e-06	-4.186323e-09	-4.701437e+01	-2.481440e+02
3.000000e-06	-6.753656e-06	-4.232565e-09	-4.761456e+01	-2.509041e+02
3.010000e-06	-6.836354e-06	-4.277302e-09	-4.819759e+01	-2.534770e+02
3.020000e-06	-6.916675e-06	-4.318196e-09	-4.876387e+01	-2.558631e+02
3.030000e-06	-6.994443e-06	-4.353405e-09	-4.931215e+01	-2.580793e+02
3.040000e-06	-7.069494e-06	-4.386722e-09	-4.984128e+01	-2.601545e+02
3.050000e-06	-7.141927e-06	-4.418792e-09	-5.035194e+01	-2.621200e+02
3.060000e-06	-7.211799e-06	-4.448413e-09	-5.084455e+01	-2.639996e+02
3.070000e-06	-7.279056e-06	-4.477093e-09	-5.131873e+01	-2.658029e+02
3.080000e-06	-7.343738e-06	-4.506995e-09	-5.177475e+01	-2.675242e+02
3.090000e-06	-7.405836e-06	-4.536506e-09	-5.221255e+01	-2.691475e+02
3.100000e-06	-7.465315e-06	-4.564073e-09	-5.263189e+01	-2.706550e+02
3.110000e-06	-7.522092e-06	-4.587599e-09	-5.303218e+01	-2.720356e+02
3.120000e-06	-7.576025e-06	-4.604787e-09	-5.341242e+01	-2.732904e+02
3.130000e-06	-7.626970e-06	-4.619842e-09	-5.377159e+01	-2.744339e+02
3.140000e-06	-7.674850e-06	-4.636520e-09	-5.410915e+01	-2.754884e+02
3.150000e-06	-7.719917e-06	-4.654741e-09	-5.442688e+01	-2.764773e+02
3.160000e-06	-7.762520e-06	-4.672288e-09	-5.472724e+01	-2.774171e+02
3.170000e-06	-7.802609e-06	-4.688199e-09	-5.500988e+01	-2.783130e+02
3.180000e-06	-7.839925e-06	-4.702320e-09	-5.527296e+01	-2.791592e+02
3.190000e-06	-7.874478e-06	-4.714347e-09	-5.551657e+01	-2.799430e+02
3.200000e-06	-7.906264e-06	-4.725691e-09	-5.574066e+01	-2.806512e+02
3.210000e-06	-7.935114e-06	-4.736359e-09	-5.594406e+01	-2.812761e+02
3.220000e-06	-7.961125e-06	-4.746614e-09	-5.612744e+01	-2.818190e+02
3.230000e-06	-7.984408e-06	-4.755785e-09	-5.629159e+01	-2.822892e+02
3.240000e-06	-8.004818e-06	-4.764065e-09	-5.643549e+01	-2.827002e+02
3.250000e-06	-8.022413e-06	-4.771032e-09	-5.655954e+01	-2.830646e+02
3.260000e-06	-8.037113e-06	-4.776173e-09	-5.666317e+01	-2.833896e+02
3.270000e-06	-8.048652e-06	-4.781520e-09	-5.674452e+01	-2.836757e+02
3.280000e-06	-8.057189e-06	-4.787894e-09	-5.680471e+01	-2.839176e+02
3.290000e-06	-8.062825e-06	-4.792261e-09	-5.684445e+01	-2.841084e+02
3.300000e-06	-8.065642e-06	-4.794166e-09	-5.686431e+01	-2.842432e+02
3.310000e-06	-8.065748e-06	-4.794051e-09	-5.686506e+01	-2.843217e+02
