# Temperatura_=_24.69
# Concentracion g/m^3_=_11000.0
# C_Vs_to_Am_M_A/Vsm_=_59384043850.047264
# pendiente_HvsI_1/m_=_3716.3
# ordenada_HvsI_A/m_=_1297.0
# frecuencia_Hz_=_301650.8668544719

Tiempo_(s)	Campo_(V.s)	Magnetizacion_(V.s)	Campo_(kA/m)	Magnetizacion_(A/m)
0.000000e+00	-8.065685e-06	-4.695492e-09	-5.684831e+01	-2.784292e+02
1.000000e-08	-8.061831e-06	-4.697072e-09	-5.682115e+01	-2.784919e+02
2.000000e-08	-8.055379e-06	-4.697126e-09	-5.677568e+01	-2.785117e+02
3.000000e-08	-8.046286e-06	-4.695438e-09	-5.671158e+01	-2.784926e+02
4.000000e-08	-8.034331e-06	-4.691407e-09	-5.662732e+01	-2.784327e+02
5.000000e-08	-8.019373e-06	-4.687988e-09	-5.652190e+01	-2.783251e+02
6.000000e-08	-8.001562e-06	-4.687499e-09	-5.639636e+01	-2.781610e+02
7.000000e-08	-7.981372e-06	-4.687172e-09	-5.625406e+01	-2.779342e+02
8.000000e-08	-7.958684e-06	-4.686809e-09	-5.609415e+01	-2.776451e+02
9.000000e-08	-7.932807e-06	-4.668252e-09	-5.591177e+01	-2.773012e+02
1.000000e-07	-7.903612e-06	-4.653835e-09	-5.570600e+01	-2.769144e+02
1.100000e-07	-7.871574e-06	-4.654239e-09	-5.548018e+01	-2.764955e+02
1.200000e-07	-7.836850e-06	-4.649753e-09	-5.523545e+01	-2.760487e+02
1.300000e-07	-7.799555e-06	-4.636820e-09	-5.497258e+01	-2.755678e+02
1.400000e-07	-7.760076e-06	-4.628155e-09	-5.469433e+01	-2.750376e+02
1.500000e-07	-7.718269e-06	-4.648953e-09	-5.439967e+01	-2.744396e+02
1.600000e-07	-7.673694e-06	-4.620177e-09	-5.408550e+01	-2.737593e+02
1.700000e-07	-7.626418e-06	-4.604899e-09	-5.375229e+01	-2.729942e+02
1.800000e-07	-7.576291e-06	-4.585873e-09	-5.339898e+01	-2.721564e+02
1.900000e-07	-7.522948e-06	-4.548453e-09	-5.302301e+01	-2.712699e+02
2.000000e-07	-7.466815e-06	-4.564108e-09	-5.262738e+01	-2.703627e+02
2.100000e-07	-7.408062e-06	-4.536953e-09	-5.221328e+01	-2.694565e+02
2.200000e-07	-7.346625e-06	-4.524591e-09	-5.178026e+01	-2.685579e+02
2.300000e-07	-7.282547e-06	-4.526203e-09	-5.132863e+01	-2.676552e+02
2.400000e-07	-7.215676e-06	-4.513799e-09	-5.085731e+01	-2.667226e+02
2.500000e-07	-7.146154e-06	-4.490120e-09	-5.036731e+01	-2.657297e+02
2.600000e-07	-7.074035e-06	-4.450084e-09	-4.985899e+01	-2.646534e+02
2.700000e-07	-6.999105e-06	-4.429377e-09	-4.933087e+01	-2.634875e+02
2.800000e-07	-6.921355e-06	-4.406991e-09	-4.878288e+01	-2.622455e+02
2.900000e-07	-6.840960e-06	-4.394440e-09	-4.821624e+01	-2.609550e+02
3.000000e-07	-6.758142e-06	-4.375839e-09	-4.763253e+01	-2.596467e+02
3.100000e-07	-6.673093e-06	-4.350627e-09	-4.703309e+01	-2.583418e+02
3.200000e-07	-6.585741e-06	-4.345246e-09	-4.641742e+01	-2.570422e+02
3.300000e-07	-6.495962e-06	-4.317121e-09	-4.578464e+01	-2.557296e+02
3.400000e-07	-6.403879e-06	-4.275691e-09	-4.513562e+01	-2.543719e+02
3.500000e-07	-6.309601e-06	-4.245127e-09	-4.447114e+01	-2.529358e+02
3.600000e-07	-6.212972e-06	-4.227539e-09	-4.379008e+01	-2.514006e+02
3.700000e-07	-6.113952e-06	-4.207816e-09	-4.309217e+01	-2.497668e+02
3.800000e-07	-6.012747e-06	-4.176116e-09	-4.237886e+01	-2.480559e+02
3.900000e-07	-5.909466e-06	-4.153606e-09	-4.165092e+01	-2.463019e+02
4.000000e-07	-5.804039e-06	-4.130054e-09	-4.090785e+01	-2.445372e+02
4.100000e-07	-5.696496e-06	-4.101460e-09	-4.014987e+01	-2.427780e+02
4.200000e-07	-5.586973e-06	-4.057209e-09	-3.937793e+01	-2.410173e+02
4.300000e-07	-5.475428e-06	-4.019687e-09	-3.859175e+01	-2.392257e+02
4.400000e-07	-5.361685e-06	-3.993657e-09	-3.779006e+01	-2.373626e+02
4.500000e-07	-5.245740e-06	-3.965746e-09	-3.697287e+01	-2.353917e+02
4.600000e-07	-5.127824e-06	-3.931328e-09	-3.614177e+01	-2.332953e+02
4.700000e-07	-5.008043e-06	-3.892237e-09	-3.529754e+01	-2.310813e+02
4.800000e-07	-4.886429e-06	-3.856328e-09	-3.444038e+01	-2.287799e+02
4.900000e-07	-4.763043e-06	-3.813258e-09	-3.357073e+01	-2.264309e+02
5.000000e-07	-4.638004e-06	-3.764512e-09	-3.268944e+01	-2.240672e+02
5.100000e-07	-4.511370e-06	-3.717713e-09	-3.179690e+01	-2.216997e+02
5.200000e-07	-4.383085e-06	-3.682908e-09	-3.089272e+01	-2.193121e+02
5.300000e-07	-4.253150e-06	-3.649200e-09	-2.997692e+01	-2.168654e+02
5.400000e-07	-4.121618e-06	-3.605352e-09	-2.904986e+01	-2.143121e+02
5.500000e-07	-3.988615e-06	-3.557119e-09	-2.811243e+01	-2.116143e+02
5.600000e-07	-3.854194e-06	-3.510123e-09	-2.716501e+01	-2.087575e+02
5.700000e-07	-3.718281e-06	-3.458455e-09	-2.620707e+01	-2.057558e+02
5.800000e-07	-3.581004e-06	-3.399322e-09	-2.523952e+01	-2.026453e+02
5.900000e-07	-3.442443e-06	-3.343695e-09	-2.426292e+01	-1.994686e+02
6.000000e-07	-3.302463e-06	-3.294643e-09	-2.327632e+01	-1.962570e+02
6.100000e-07	-3.161089e-06	-3.245972e-09	-2.227989e+01	-1.930167e+02
6.200000e-07	-3.018483e-06	-3.188686e-09	-2.127478e+01	-1.897255e+02
6.300000e-07	-2.874752e-06	-3.127791e-09	-2.026174e+01	-1.863406e+02
6.400000e-07	-2.729831e-06	-3.068565e-09	-1.924031e+01	-1.828151e+02
6.500000e-07	-2.583899e-06	-3.005648e-09	-1.821176e+01	-1.791160e+02
6.600000e-07	-2.437189e-06	-2.938025e-09	-1.717772e+01	-1.752369e+02
6.700000e-07	-2.289702e-06	-2.869177e-09	-1.613821e+01	-1.711995e+02
6.800000e-07	-2.141433e-06	-2.804767e-09	-1.509318e+01	-1.670443e+02
6.900000e-07	-1.992389e-06	-2.735304e-09	-1.404270e+01	-1.628137e+02
7.000000e-07	-1.842717e-06	-2.659929e-09	-1.298778e+01	-1.585338e+02
7.100000e-07	-1.692597e-06	-2.585822e-09	-1.192971e+01	-1.542035e+02
7.200000e-07	-1.541949e-06	-2.514461e-09	-1.086792e+01	-1.497938e+02
7.300000e-07	-1.390581e-06	-2.441767e-09	-9.801049e+00	-1.452584e+02
7.400000e-07	-1.238579e-06	-2.361601e-09	-8.729716e+00	-1.405516e+02
7.500000e-07	-1.086130e-06	-2.277954e-09	-7.655232e+00	-1.356451e+02
7.600000e-07	-9.332461e-07	-2.193706e-09	-6.577676e+00	-1.305378e+02
7.700000e-07	-7.799320e-07	-2.108172e-09	-5.497093e+00	-1.252547e+02
7.800000e-07	-6.263140e-07	-2.016267e-09	-4.414367e+00	-1.198355e+02
7.900000e-07	-4.725329e-07	-1.921403e-09	-3.330492e+00	-1.143169e+02
8.000000e-07	-3.186371e-07	-1.828671e-09	-2.245808e+00	-1.087172e+02
8.100000e-07	-1.646396e-07	-1.736701e-09	-1.160408e+00	-1.030281e+02
8.200000e-07	-1.060266e-08	-1.639318e-09	-7.472937e-02	-9.721824e+01
8.300000e-07	1.434126e-07	-1.535488e-09	1.010797e+00	-9.124588e+01
8.400000e-07	2.973702e-07	-1.431489e-09	2.095916e+00	-8.507647e+01
8.500000e-07	4.512396e-07	-1.327170e-09	3.180413e+00	-7.869751e+01
8.600000e-07	6.049799e-07	-1.217502e-09	4.264001e+00	-7.212496e+01
8.700000e-07	7.585055e-07	-1.102293e-09	5.346075e+00	-6.539875e+01
8.800000e-07	9.117663e-07	-9.881705e-10	6.426284e+00	-5.856920e+01
8.900000e-07	1.064730e-06	-8.754754e-10	7.504398e+00	-5.167998e+01
9.000000e-07	1.217284e-06	-7.590065e-10	8.579622e+00	-4.475420e+01
9.100000e-07	1.369295e-06	-6.383296e-10	9.651020e+00	-3.778902e+01
9.200000e-07	1.520673e-06	-5.184571e-10	1.071796e+01	-3.076040e+01
9.300000e-07	1.671468e-06	-4.006589e-10	1.178079e+01	-2.363563e+01
9.400000e-07	1.821707e-06	-2.828172e-10	1.283970e+01	-1.638810e+01
9.500000e-07	1.971368e-06	-1.605169e-10	1.389453e+01	-9.008166e+00
9.600000e-07	2.120314e-06	-3.428415e-11	1.494433e+01	-1.505689e+00
9.700000e-07	2.268461e-06	9.215865e-11	1.598850e+01	6.096441e+00
9.800000e-07	2.415852e-06	2.210924e-10	1.702733e+01	1.377469e+01
9.900000e-07	2.562423e-06	3.545295e-10	1.806039e+01	2.151762e+01
1.000000e-06	2.708117e-06	4.904510e-10	1.908727e+01	2.933330e+01
1.010000e-06	2.852865e-06	6.238967e-10	2.010748e+01	3.724789e+01
1.020000e-06	2.996540e-06	7.564414e-10	2.112012e+01	4.529566e+01
1.030000e-06	3.139006e-06	8.924188e-10	2.212425e+01	5.350415e+01
1.040000e-06	3.280206e-06	1.033047e-09	2.311944e+01	6.188023e+01
1.050000e-06	3.420180e-06	1.174836e-09	2.410601e+01	7.040248e+01
1.060000e-06	3.558923e-06	1.317998e-09	2.508389e+01	7.902263e+01
1.070000e-06	3.696334e-06	1.466363e-09	2.605239e+01	8.767538e+01
1.080000e-06	3.832283e-06	1.615506e-09	2.701058e+01	9.629264e+01
1.090000e-06	3.966822e-06	1.759954e-09	2.795883e+01	1.048166e+02
1.100000e-06	4.099994e-06	1.898001e-09	2.889745e+01	1.132071e+02
1.110000e-06	4.231730e-06	2.035016e-09	2.982595e+01	1.214410e+02
1.120000e-06	4.361964e-06	2.170073e-09	3.074386e+01	1.295047e+02
1.130000e-06	4.490531e-06	2.298890e-09	3.165002e+01	1.373842e+02
1.140000e-06	4.617534e-06	2.426559e-09	3.254516e+01	1.450565e+02
1.150000e-06	4.742990e-06	2.554808e-09	3.342939e+01	1.524882e+02
1.160000e-06	4.866744e-06	2.679702e-09	3.430164e+01	1.596388e+02
1.170000e-06	4.988776e-06	2.794373e-09	3.516174e+01	1.664713e+02
1.180000e-06	5.108911e-06	2.899102e-09	3.600847e+01	1.729618e+02
1.190000e-06	5.227153e-06	2.999637e-09	3.684186e+01	1.791062e+02
1.200000e-06	5.343552e-06	3.097037e-09	3.766226e+01	1.849207e+02
1.210000e-06	5.457862e-06	3.187385e-09	3.846794e+01	1.904350e+02
1.220000e-06	5.570002e-06	3.272501e-09	3.925832e+01	1.956822e+02
1.230000e-06	5.680189e-06	3.358421e-09	4.003493e+01	2.006886e+02
1.240000e-06	5.788471e-06	3.443916e-09	4.079813e+01	2.054674e+02
1.250000e-06	5.894709e-06	3.524002e-09	4.154691e+01	2.100195e+02
1.260000e-06	5.998763e-06	3.596901e-09	4.228030e+01	2.143390e+02
1.270000e-06	6.100628e-06	3.665414e-09	4.299826e+01	2.184224e+02
1.280000e-06	6.200309e-06	3.730639e-09	4.370083e+01	2.222764e+02
1.290000e-06	6.297629e-06	3.791206e-09	4.438675e+01	2.259204e+02
1.300000e-06	6.392671e-06	3.846637e-09	4.505663e+01	2.293838e+02
1.310000e-06	6.485557e-06	3.901468e-09	4.571130e+01	2.326983e+02
1.320000e-06	6.576250e-06	3.957995e-09	4.635053e+01	2.358881e+02
1.330000e-06	6.664589e-06	4.013133e-09	4.697315e+01	2.389634e+02
1.340000e-06	6.750570e-06	4.064637e-09	4.757916e+01	2.419186e+02
1.350000e-06	6.834292e-06	4.113028e-09	4.816925e+01	2.447364e+02
1.360000e-06	6.915561e-06	4.157784e-09	4.874205e+01	2.473962e+02
1.370000e-06	6.994334e-06	4.197768e-09	4.929725e+01	2.498833e+02
1.380000e-06	7.070582e-06	4.233429e-09	4.983466e+01	2.521954e+02
1.390000e-06	7.144152e-06	4.268071e-09	5.035319e+01	2.543435e+02
1.400000e-06	7.215098e-06	4.304872e-09	5.085324e+01	2.563488e+02
1.410000e-06	7.283515e-06	4.341648e-09	5.133545e+01	2.582347e+02
1.420000e-06	7.349307e-06	4.374995e-09	5.179916e+01	2.600202e+02
1.430000e-06	7.412481e-06	4.404540e-09	5.224442e+01	2.617145e+02
1.440000e-06	7.473135e-06	4.431095e-09	5.267192e+01	2.633175e+02
1.450000e-06	7.531138e-06	4.454198e-09	5.308074e+01	2.648234e+02
1.460000e-06	7.586393e-06	4.475840e-09	5.347018e+01	2.662262e+02
1.470000e-06	7.638721e-06	4.497986e-09	5.383900e+01	2.675254e+02
1.480000e-06	7.687875e-06	4.521215e-09	5.418544e+01	2.687274e+02
1.490000e-06	7.734087e-06	4.543117e-09	5.451115e+01	2.698445e+02
1.500000e-06	7.777604e-06	4.561341e-09	5.481787e+01	2.708907e+02
1.510000e-06	7.818322e-06	4.578190e-09	5.510486e+01	2.718761e+02
1.520000e-06	7.856282e-06	4.592403e-09	5.537241e+01	2.728044e+02
1.530000e-06	7.891567e-06	4.604394e-09	5.562110e+01	2.736724e+02
1.540000e-06	7.924044e-06	4.615580e-09	5.585001e+01	2.744729e+02
1.550000e-06	7.953776e-06	4.628149e-09	5.605956e+01	2.751994e+02
1.560000e-06	7.980790e-06	4.640659e-09	5.624996e+01	2.758498e+02
1.570000e-06	8.004897e-06	4.650344e-09	5.641987e+01	2.764282e+02
1.580000e-06	8.026158e-06	4.658464e-09	5.656972e+01	2.769435e+02
1.590000e-06	8.044637e-06	4.666638e-09	5.669997e+01	2.774059e+02
1.600000e-06	8.060196e-06	4.675631e-09	5.680963e+01	2.778228e+02
1.610000e-06	8.072724e-06	4.682613e-09	5.689793e+01	2.781960e+02
1.620000e-06	8.082144e-06	4.685988e-09	5.696432e+01	2.785221e+02
1.630000e-06	8.088602e-06	4.688079e-09	5.700984e+01	2.787950e+02
1.640000e-06	8.092260e-06	4.690141e-09	5.703562e+01	2.790096e+02
1.650000e-06	8.093094e-06	4.692611e-09	5.704150e+01	2.791647e+02
1.660000e-06	8.091222e-06	4.695522e-09	5.702830e+01	2.792646e+02
1.670000e-06	8.086729e-06	4.699174e-09	5.699663e+01	2.793163e+02
1.680000e-06	8.079492e-06	4.702260e-09	5.694563e+01	2.793265e+02
1.690000e-06	8.069554e-06	4.700714e-09	5.687558e+01	2.792979e+02
1.700000e-06	8.056733e-06	4.698441e-09	5.678522e+01	2.792271e+02
1.710000e-06	8.041161e-06	4.696284e-09	5.667546e+01	2.791065e+02
1.720000e-06	8.023322e-06	4.692225e-09	5.654973e+01	2.789274e+02
1.730000e-06	8.003125e-06	4.679334e-09	5.640738e+01	2.786850e+02
1.740000e-06	7.979973e-06	4.691351e-09	5.624420e+01	2.783815e+02
1.750000e-06	7.953220e-06	4.699911e-09	5.605564e+01	2.780260e+02
1.760000e-06	7.922778e-06	4.686845e-09	5.584108e+01	2.776307e+02
1.770000e-06	7.889370e-06	4.674439e-09	5.560562e+01	2.772051e+02
1.780000e-06	7.853555e-06	4.670708e-09	5.535319e+01	2.767510e+02
1.790000e-06	7.815329e-06	4.645946e-09	5.508376e+01	2.762598e+02
1.800000e-06	7.775040e-06	4.625083e-09	5.479980e+01	2.757147e+02
1.810000e-06	7.732537e-06	4.643436e-09	5.450023e+01	2.750974e+02
1.820000e-06	7.687260e-06	4.606007e-09	5.418111e+01	2.743959e+02
1.830000e-06	7.639308e-06	4.623088e-09	5.384313e+01	2.736112e+02
1.840000e-06	7.588344e-06	4.621824e-09	5.348393e+01	2.727589e+02
1.850000e-06	7.534308e-06	4.584137e-09	5.310308e+01	2.718650e+02
1.860000e-06	7.477610e-06	4.588309e-09	5.270347e+01	2.709568e+02
1.870000e-06	7.418200e-06	4.542490e-09	5.228473e+01	2.700529e+02
1.880000e-06	7.356167e-06	4.531013e-09	5.184751e+01	2.691553e+02
1.890000e-06	7.291382e-06	4.511653e-09	5.139089e+01	2.682483e+02
1.900000e-06	7.223946e-06	4.503824e-09	5.091559e+01	2.673036e+02
1.910000e-06	7.153785e-06	4.509444e-09	5.042109e+01	2.662917e+02
1.920000e-06	7.080807e-06	4.481789e-09	4.990672e+01	2.651931e+02
1.930000e-06	7.005164e-06	4.474719e-09	4.937358e+01	2.640066e+02
1.940000e-06	6.926743e-06	4.431371e-09	4.882086e+01	2.627499e+02
1.950000e-06	6.845853e-06	4.408089e-09	4.825073e+01	2.614525e+02
1.960000e-06	6.762540e-06	4.386665e-09	4.766353e+01	2.601440e+02
1.970000e-06	6.676646e-06	4.355174e-09	4.705813e+01	2.588413e+02
1.980000e-06	6.588327e-06	4.353360e-09	4.643565e+01	2.575412e+02
1.990000e-06	6.497808e-06	4.331075e-09	4.579765e+01	2.562209e+02
2.000000e-06	6.405024e-06	4.319839e-09	4.514370e+01	2.548467e+02
2.010000e-06	6.309809e-06	4.285452e-09	4.447260e+01	2.533874e+02
2.020000e-06	6.212398e-06	4.256340e-09	4.378603e+01	2.518269e+02
2.030000e-06	6.112785e-06	4.224011e-09	4.308395e+01	2.501714e+02
2.040000e-06	6.010905e-06	4.186045e-09	4.236588e+01	2.484466e+02
2.050000e-06	5.906819e-06	4.157614e-09	4.163226e+01	2.466877e+02
2.060000e-06	5.800740e-06	4.128126e-09	4.088460e+01	2.449239e+02
2.070000e-06	5.692655e-06	4.111087e-09	4.012280e+01	2.431663e+02
2.080000e-06	5.582413e-06	4.082574e-09	3.934579e+01	2.414016e+02
2.090000e-06	5.470194e-06	4.056612e-09	3.855485e+01	2.395963e+02
2.100000e-06	5.355876e-06	4.018956e-09	3.774912e+01	2.377094e+02
2.110000e-06	5.239442e-06	3.977743e-09	3.692847e+01	2.357082e+02
2.120000e-06	5.120915e-06	3.936528e-09	3.609307e+01	2.335809e+02
2.130000e-06	5.000384e-06	3.900524e-09	3.524355e+01	2.313419e+02
2.140000e-06	4.878084e-06	3.866682e-09	3.438156e+01	2.290251e+02
2.150000e-06	4.754082e-06	3.834308e-09	3.350758e+01	2.266704e+02
2.160000e-06	4.628379e-06	3.801181e-09	3.262160e+01	2.243060e+02
2.170000e-06	4.500978e-06	3.760133e-09	3.172366e+01	2.219364e+02
2.180000e-06	4.372028e-06	3.716563e-09	3.081479e+01	2.195386e+02
2.190000e-06	4.241586e-06	3.670440e-09	2.989542e+01	2.170699e+02
2.200000e-06	4.109631e-06	3.626839e-09	2.896538e+01	2.144836e+02
2.210000e-06	3.976145e-06	3.579401e-09	2.802454e+01	2.117466e+02
2.220000e-06	3.841189e-06	3.533295e-09	2.707335e+01	2.088515e+02
2.230000e-06	3.704843e-06	3.484357e-09	2.611236e+01	2.058189e+02
2.240000e-06	3.567199e-06	3.433330e-09	2.514222e+01	2.026883e+02
2.250000e-06	3.428181e-06	3.379484e-09	2.416240e+01	1.995011e+02
2.260000e-06	3.287824e-06	3.322768e-09	2.317314e+01	1.962832e+02
2.270000e-06	3.146214e-06	3.272383e-09	2.217505e+01	1.930336e+02
2.280000e-06	3.003375e-06	3.218910e-09	2.116830e+01	1.897237e+02
2.290000e-06	2.859423e-06	3.160868e-09	2.015370e+01	1.863081e+02
2.300000e-06	2.714448e-06	3.098924e-09	1.913189e+01	1.827417e+02
2.310000e-06	2.568658e-06	3.032326e-09	1.810434e+01	1.789974e+02
2.320000e-06	2.422066e-06	2.964820e-09	1.707113e+01	1.750759e+02
2.330000e-06	2.274534e-06	2.895786e-09	1.603130e+01	1.710051e+02
2.340000e-06	2.126072e-06	2.829384e-09	1.498491e+01	1.668278e+02
2.350000e-06	1.976856e-06	2.762751e-09	1.393322e+01	1.625836e+02
2.360000e-06	1.826980e-06	2.694011e-09	1.287686e+01	1.582928e+02
2.370000e-06	1.676531e-06	2.619335e-09	1.181648e+01	1.539466e+02
2.380000e-06	1.525517e-06	2.539730e-09	1.075210e+01	1.495103e+02
2.390000e-06	1.373931e-06	2.457550e-09	9.683702e+00	1.449363e+02
2.400000e-06	1.221820e-06	2.372487e-09	8.611593e+00	1.401815e+02
2.410000e-06	1.069255e-06	2.287804e-09	7.536289e+00	1.352241e+02
2.420000e-06	9.163614e-07	2.203895e-09	6.458670e+00	1.300699e+02
2.430000e-06	7.631570e-07	2.120737e-09	5.378860e+00	1.247492e+02
2.440000e-06	6.097363e-07	2.032439e-09	4.297525e+00	1.193025e+02
2.450000e-06	4.561679e-07	1.938044e-09	3.215149e+00	1.137632e+02
2.460000e-06	3.024714e-07	1.839810e-09	2.131870e+00	1.081432e+02
2.470000e-06	1.486625e-07	1.740151e-09	1.047798e+00	1.024279e+02
2.480000e-06	-5.202504e-09	1.636719e-09	-3.666813e-02	9.658165e+01
2.490000e-06	-1.590506e-07	1.531091e-09	-1.121016e+00	9.056291e+01
2.500000e-06	-3.128574e-07	1.427622e-09	-2.205072e+00	8.434150e+01
2.510000e-06	-4.665292e-07	1.324527e-09	-3.288177e+00	7.791184e+01
2.520000e-06	-6.200589e-07	1.217251e-09	-4.370280e+00	7.129674e+01
2.530000e-06	-7.734308e-07	1.103421e-09	-5.451271e+00	6.454024e+01
2.540000e-06	-9.265309e-07	9.855943e-10	-6.530347e+00	5.769259e+01
2.550000e-06	-1.079234e-06	8.668545e-10	-7.606621e+00	5.079336e+01
2.560000e-06	-1.231465e-06	7.460608e-10	-8.679576e+00	4.385929e+01
2.570000e-06	-1.383186e-06	6.231215e-10	-9.748926e+00	3.688139e+01
2.580000e-06	-1.534352e-06	5.032242e-10	-1.081437e+01	2.983209e+01
2.590000e-06	-1.684963e-06	3.865289e-10	-1.187590e+01	2.267889e+01
2.600000e-06	-1.835006e-06	2.671402e-10	-1.293343e+01	1.539867e+01
2.610000e-06	-1.984465e-06	1.389852e-10	-1.398684e+01	7.986793e+00
2.620000e-06	-2.133267e-06	7.910344e-12	-1.503563e+01	4.572910e-01
2.630000e-06	-2.281270e-06	-1.215742e-10	-1.607878e+01	-7.165499e+00
2.640000e-06	-2.428357e-06	-2.532554e-10	-1.711547e+01	-1.486000e+01
2.650000e-06	-2.574548e-06	-3.870621e-10	-1.814585e+01	-2.261926e+01
2.660000e-06	-2.719903e-06	-5.206605e-10	-1.917034e+01	-3.045637e+01
2.670000e-06	-2.864301e-06	-6.525148e-10	-2.018808e+01	-3.840075e+01
2.680000e-06	-3.007640e-06	-7.873779e-10	-2.119836e+01	-4.648642e+01
2.690000e-06	-3.149844e-06	-9.293093e-10	-2.220063e+01	-5.473690e+01
2.700000e-06	-3.290827e-06	-1.074321e-09	-2.319431e+01	-6.315238e+01
2.710000e-06	-3.430515e-06	-1.216462e-09	-2.417885e+01	-7.170422e+01
2.720000e-06	-3.568843e-06	-1.359955e-09	-2.515381e+01	-8.033871e+01
2.730000e-06	-3.705845e-06	-1.507398e-09	-2.611943e+01	-8.898847e+01
2.740000e-06	-3.841471e-06	-1.655759e-09	-2.707534e+01	-9.758690e+01
2.750000e-06	-3.975716e-06	-1.799738e-09	-2.802152e+01	-1.060802e+02
2.760000e-06	-4.108609e-06	-1.939956e-09	-2.895817e+01	-1.144329e+02
2.770000e-06	-4.239969e-06	-2.079621e-09	-2.988402e+01	-1.226251e+02
2.780000e-06	-4.369803e-06	-2.215311e-09	-3.079911e+01	-1.306440e+02
2.790000e-06	-4.498175e-06	-2.344309e-09	-3.170390e+01	-1.384740e+02
2.800000e-06	-4.624970e-06	-2.469115e-09	-3.259757e+01	-1.460894e+02
2.810000e-06	-4.750164e-06	-2.594571e-09	-3.347996e+01	-1.534543e+02
2.820000e-06	-4.873603e-06	-2.718350e-09	-3.434998e+01	-1.605283e+02
2.830000e-06	-4.995279e-06	-2.835127e-09	-3.520757e+01	-1.672765e+02
2.840000e-06	-5.115199e-06	-2.943239e-09	-3.605279e+01	-1.736797e+02
2.850000e-06	-5.233154e-06	-3.045941e-09	-3.688416e+01	-1.797391e+02
2.860000e-06	-5.348924e-06	-3.143795e-09	-3.770013e+01	-1.854751e+02
2.870000e-06	-5.462520e-06	-3.234134e-09	-3.850076e+01	-1.909194e+02
2.880000e-06	-5.574041e-06	-3.319178e-09	-3.928679e+01	-1.961041e+02
2.890000e-06	-5.683456e-06	-3.401718e-09	-4.005796e+01	-2.010526e+02
2.900000e-06	-5.790877e-06	-3.481332e-09	-4.081509e+01	-2.057748e+02
2.910000e-06	-5.896314e-06	-3.557294e-09	-4.155822e+01	-2.102690e+02
2.920000e-06	-5.999660e-06	-3.627915e-09	-4.228662e+01	-2.145292e+02
2.930000e-06	-6.100798e-06	-3.694592e-09	-4.299946e+01	-2.185539e+02
2.940000e-06	-6.199720e-06	-3.758095e-09	-4.369668e+01	-2.223527e+02
2.950000e-06	-6.296562e-06	-3.817884e-09	-4.437924e+01	-2.259483e+02
2.960000e-06	-6.391250e-06	-3.875747e-09	-4.504661e+01	-2.293714e+02
2.970000e-06	-6.483577e-06	-3.931289e-09	-4.569735e+01	-2.326526e+02
2.980000e-06	-6.573611e-06	-3.983445e-09	-4.633192e+01	-2.358131e+02
2.990000e-06	-6.661349e-06	-4.031947e-09	-4.695032e+01	-2.388592e+02
3.000000e-06	-6.746673e-06	-4.079889e-09	-4.755170e+01	-2.417817e+02
3.010000e-06	-6.829648e-06	-4.127943e-09	-4.813652e+01	-2.445615e+02
3.020000e-06	-6.910234e-06	-4.170820e-09	-4.870450e+01	-2.471789e+02
3.030000e-06	-6.988234e-06	-4.209365e-09	-4.925426e+01	-2.496216e+02
3.040000e-06	-7.063512e-06	-4.247488e-09	-4.978483e+01	-2.518908e+02
3.050000e-06	-7.136203e-06	-4.284121e-09	-5.029717e+01	-2.540007e+02
3.060000e-06	-7.206307e-06	-4.315278e-09	-5.079127e+01	-2.559737e+02
3.070000e-06	-7.273787e-06	-4.345146e-09	-5.126688e+01	-2.578328e+02
3.080000e-06	-7.338768e-06	-4.374852e-09	-5.172488e+01	-2.595947e+02
3.090000e-06	-7.401214e-06	-4.402735e-09	-5.216501e+01	-2.612663e+02
3.100000e-06	-7.460997e-06	-4.428403e-09	-5.258637e+01	-2.628454e+02
3.110000e-06	-7.518072e-06	-4.451393e-09	-5.298865e+01	-2.643256e+02
3.120000e-06	-7.572309e-06	-4.472827e-09	-5.337092e+01	-2.657020e+02
3.130000e-06	-7.623526e-06	-4.493837e-09	-5.373190e+01	-2.669756e+02
3.140000e-06	-7.671639e-06	-4.515283e-09	-5.407101e+01	-2.681548e+02
3.150000e-06	-7.716872e-06	-4.535198e-09	-5.438982e+01	-2.692527e+02
3.160000e-06	-7.759651e-06	-4.552350e-09	-5.469133e+01	-2.702826e+02
3.170000e-06	-7.799945e-06	-4.567936e-09	-5.497533e+01	-2.712534e+02
3.180000e-06	-7.837480e-06	-4.582020e-09	-5.523988e+01	-2.721669e+02
3.190000e-06	-7.872336e-06	-4.594054e-09	-5.548556e+01	-2.730184e+02
3.200000e-06	-7.904478e-06	-4.607010e-09	-5.571210e+01	-2.738006e+02
3.210000e-06	-7.933615e-06	-4.621186e-09	-5.591746e+01	-2.745077e+02
3.220000e-06	-7.959889e-06	-4.634880e-09	-5.610265e+01	-2.751392e+02
3.230000e-06	-7.983458e-06	-4.645585e-09	-5.626876e+01	-2.757006e+02
3.240000e-06	-8.004161e-06	-4.653843e-09	-5.641468e+01	-2.762015e+02
3.250000e-06	-8.022006e-06	-4.659711e-09	-5.654046e+01	-2.766517e+02
3.260000e-06	-8.036991e-06	-4.664372e-09	-5.664608e+01	-2.770574e+02
3.270000e-06	-8.048923e-06	-4.671004e-09	-5.673018e+01	-2.774191e+02
3.280000e-06	-8.057883e-06	-4.678533e-09	-5.679332e+01	-2.777322e+02
3.290000e-06	-8.063903e-06	-4.684339e-09	-5.683576e+01	-2.779906e+02
3.300000e-06	-8.067021e-06	-4.687324e-09	-5.685773e+01	-2.781899e+02
3.310000e-06	-8.067417e-06	-4.690894e-09	-5.686052e+01	-2.783304e+02
