# Temperatura_=_37.62
# Concentracion g/m^3_=_22500.0
# C_Vs_to_Am_M_A/Vsm_=_59384043850.047264
# pendiente_HvsI_1/m_=_3716.3
# ordenada_HvsI_A/m_=_1297.0
# frecuencia_Hz_=_301745.3201195426

Tiempo_(s)	Campo_(V.s)	Magnetizacion_(V.s)	Campo_(kA/m)	Magnetizacion_(A/m)
0.000000e+00	-8.011038e-06	-2.568193e-08	-5.683155e+01	-1.523849e+03
1.000000e-08	-8.009002e-06	-2.567081e-08	-5.681711e+01	-1.523526e+03
2.000000e-08	-8.004267e-06	-2.566137e-08	-5.678351e+01	-1.522935e+03
3.000000e-08	-7.996939e-06	-2.565344e-08	-5.673153e+01	-1.522119e+03
4.000000e-08	-7.986887e-06	-2.564227e-08	-5.666022e+01	-1.521168e+03
5.000000e-08	-7.973956e-06	-2.562689e-08	-5.656848e+01	-1.520171e+03
6.000000e-08	-7.957997e-06	-2.561096e-08	-5.645526e+01	-1.519176e+03
7.000000e-08	-7.939295e-06	-2.560049e-08	-5.632259e+01	-1.518167e+03
8.000000e-08	-7.918290e-06	-2.557816e-08	-5.617358e+01	-1.517062e+03
9.000000e-08	-7.894595e-06	-2.549952e-08	-5.600548e+01	-1.515754e+03
1.000000e-07	-7.867595e-06	-2.545985e-08	-5.581394e+01	-1.514155e+03
1.100000e-07	-7.837390e-06	-2.547066e-08	-5.559966e+01	-1.512236e+03
1.200000e-07	-7.804486e-06	-2.545663e-08	-5.536624e+01	-1.510048e+03
1.300000e-07	-7.769009e-06	-2.540667e-08	-5.511456e+01	-1.507698e+03
1.400000e-07	-7.731096e-06	-2.536533e-08	-5.484560e+01	-1.505305e+03
1.500000e-07	-7.691084e-06	-2.538121e-08	-5.456175e+01	-1.502949e+03
1.600000e-07	-7.648660e-06	-2.529512e-08	-5.426078e+01	-1.500635e+03
1.700000e-07	-7.603381e-06	-2.524538e-08	-5.393957e+01	-1.498284e+03
1.800000e-07	-7.555417e-06	-2.519300e-08	-5.359930e+01	-1.495763e+03
1.900000e-07	-7.504482e-06	-2.508832e-08	-5.323796e+01	-1.492943e+03
2.000000e-07	-7.450431e-06	-2.510824e-08	-5.285451e+01	-1.489749e+03
2.100000e-07	-7.393700e-06	-2.504012e-08	-5.245206e+01	-1.486189e+03
2.200000e-07	-7.334349e-06	-2.496144e-08	-5.203101e+01	-1.482352e+03
2.300000e-07	-7.272402e-06	-2.490522e-08	-5.159155e+01	-1.478367e+03
2.400000e-07	-7.207790e-06	-2.484220e-08	-5.113318e+01	-1.474347e+03
2.500000e-07	-7.140400e-06	-2.479743e-08	-5.065510e+01	-1.470337e+03
2.600000e-07	-7.070386e-06	-2.467389e-08	-5.015842e+01	-1.466293e+03
2.700000e-07	-6.997782e-06	-2.459246e-08	-4.964335e+01	-1.462101e+03
2.800000e-07	-6.922479e-06	-2.454071e-08	-4.910914e+01	-1.457622e+03
2.900000e-07	-6.844405e-06	-2.448546e-08	-4.855527e+01	-1.452753e+03
3.000000e-07	-6.763610e-06	-2.437943e-08	-4.798210e+01	-1.447467e+03
3.100000e-07	-6.680407e-06	-2.425380e-08	-4.739184e+01	-1.441824e+03
3.200000e-07	-6.595040e-06	-2.419394e-08	-4.678624e+01	-1.435941e+03
3.300000e-07	-6.507417e-06	-2.409351e-08	-4.616463e+01	-1.429939e+03
3.400000e-07	-6.417441e-06	-2.397822e-08	-4.552632e+01	-1.423889e+03
3.500000e-07	-6.325148e-06	-2.386004e-08	-4.487158e+01	-1.417775e+03
3.600000e-07	-6.230589e-06	-2.376361e-08	-4.420077e+01	-1.411499e+03
3.700000e-07	-6.133741e-06	-2.367499e-08	-4.351371e+01	-1.404925e+03
3.800000e-07	-6.034573e-06	-2.354379e-08	-4.281020e+01	-1.397931e+03
3.900000e-07	-5.933263e-06	-2.340302e-08	-4.209149e+01	-1.390464e+03
4.000000e-07	-5.829872e-06	-2.326663e-08	-4.135801e+01	-1.382561e+03
4.100000e-07	-5.724305e-06	-2.316063e-08	-4.060911e+01	-1.374327e+03
4.200000e-07	-5.616632e-06	-2.302479e-08	-3.984526e+01	-1.365891e+03
4.300000e-07	-5.506998e-06	-2.286873e-08	-3.906750e+01	-1.357342e+03
4.400000e-07	-5.395471e-06	-2.271869e-08	-3.827631e+01	-1.348686e+03
4.500000e-07	-5.281843e-06	-2.257937e-08	-3.747022e+01	-1.339844e+03
4.600000e-07	-5.165977e-06	-2.242511e-08	-3.664825e+01	-1.330681e+03
4.700000e-07	-5.048140e-06	-2.224203e-08	-3.581229e+01	-1.321064e+03
4.800000e-07	-4.928564e-06	-2.206786e-08	-3.496400e+01	-1.310921e+03
4.900000e-07	-4.807211e-06	-2.190529e-08	-3.410310e+01	-1.300272e+03
5.000000e-07	-4.684018e-06	-2.173812e-08	-3.322915e+01	-1.289216e+03
5.100000e-07	-4.559115e-06	-2.153932e-08	-3.234307e+01	-1.277892e+03
5.200000e-07	-4.432687e-06	-2.133770e-08	-3.144617e+01	-1.266406e+03
5.300000e-07	-4.304697e-06	-2.114545e-08	-3.053819e+01	-1.254788e+03
5.400000e-07	-4.175056e-06	-2.094972e-08	-2.961850e+01	-1.242969e+03
5.500000e-07	-4.043878e-06	-2.073311e-08	-2.868790e+01	-1.230809e+03
5.600000e-07	-3.911270e-06	-2.050862e-08	-2.774716e+01	-1.218155e+03
5.700000e-07	-3.777229e-06	-2.029486e-08	-2.679625e+01	-1.204907e+03
5.800000e-07	-3.641816e-06	-2.007349e-08	-2.583561e+01	-1.191059e+03
5.900000e-07	-3.505082e-06	-1.983102e-08	-2.486560e+01	-1.176702e+03
6.000000e-07	-3.367007e-06	-1.957540e-08	-2.388607e+01	-1.161978e+03
6.100000e-07	-3.227608e-06	-1.932821e-08	-2.289715e+01	-1.147014e+03
6.200000e-07	-3.086894e-06	-1.908076e-08	-2.189890e+01	-1.131857e+03
6.300000e-07	-2.944866e-06	-1.881668e-08	-2.089133e+01	-1.116449e+03
6.400000e-07	-2.801642e-06	-1.853944e-08	-1.987528e+01	-1.100646e+03
6.500000e-07	-2.657335e-06	-1.826157e-08	-1.885155e+01	-1.084280e+03
6.600000e-07	-2.512021e-06	-1.798153e-08	-1.782066e+01	-1.067233e+03
6.700000e-07	-2.365839e-06	-1.768324e-08	-1.678363e+01	-1.049495e+03
6.800000e-07	-2.218894e-06	-1.737127e-08	-1.574118e+01	-1.031164e+03
6.900000e-07	-2.071158e-06	-1.706011e-08	-1.469311e+01	-1.012409e+03
7.000000e-07	-1.922692e-06	-1.675221e-08	-1.363988e+01	-9.933781e+02
7.100000e-07	-1.773607e-06	-1.643265e-08	-1.258225e+01	-9.741276e+02
7.200000e-07	-1.623946e-06	-1.609483e-08	-1.152052e+01	-9.545762e+02
7.300000e-07	-1.473755e-06	-1.574665e-08	-1.045504e+01	-9.345273e+02
7.400000e-07	-1.323086e-06	-1.539447e-08	-9.386178e+00	-9.137433e+02
7.500000e-07	-1.171974e-06	-1.503139e-08	-8.314169e+00	-8.920466e+02
7.600000e-07	-1.020354e-06	-1.465005e-08	-7.238547e+00	-8.693964e+02
7.700000e-07	-8.683049e-07	-1.426045e-08	-6.159890e+00	-8.459055e+02
7.800000e-07	-7.159651e-07	-1.386814e-08	-5.079168e+00	-8.217801e+02
7.900000e-07	-5.632946e-07	-1.346548e-08	-3.996099e+00	-7.972030e+02
8.000000e-07	-4.103860e-07	-1.304023e-08	-2.911342e+00	-7.722084e+02
8.100000e-07	-2.573971e-07	-1.259462e-08	-1.826015e+00	-7.466045e+02
8.200000e-07	-1.042827e-07	-1.213450e-08	-7.397979e-01	-7.199864e+02
8.300000e-07	4.892670e-08	-1.165527e-08	3.470936e-01	-6.918401e+02
8.400000e-07	2.020678e-07	-1.114566e-08	1.433500e+00	-6.616994e+02
8.500000e-07	3.550617e-07	-1.060275e-08	2.518863e+00	-6.292797e+02
8.600000e-07	5.079430e-07	-1.002980e-08	3.603427e+00	-5.945167e+02
8.700000e-07	6.606897e-07	-9.420056e-09	4.687035e+00	-5.574614e+02
8.800000e-07	8.132023e-07	-8.758271e-09	5.768984e+00	-5.180455e+02
8.900000e-07	9.653873e-07	-8.030740e-09	6.848607e+00	-4.757899e+02
9.000000e-07	1.117096e-06	-7.227817e-09	7.924849e+00	-4.295717e+02
9.100000e-07	1.268306e-06	-6.329710e-09	8.997562e+00	-3.775708e+02
9.200000e-07	1.419092e-06	-5.303006e-09	1.006726e+01	-3.174711e+02
9.300000e-07	1.569425e-06	-4.111326e-09	1.113374e+01	-2.469144e+02
9.400000e-07	1.719206e-06	-2.727177e-09	1.219631e+01	-1.641140e+02
9.500000e-07	1.868366e-06	-1.130904e-09	1.325448e+01	-6.846822e+01
9.600000e-07	2.016876e-06	6.807406e-10	1.430803e+01	3.901126e+01
9.700000e-07	2.164669e-06	2.673522e-09	1.535649e+01	1.556012e+02
9.800000e-07	2.311750e-06	4.763148e-09	1.639991e+01	2.771585e+02
9.900000e-07	2.458065e-06	6.837211e-09	1.743789e+01	3.987493e+02
1.000000e-06	2.603504e-06	8.798992e-09	1.846966e+01	5.154670e+02
1.010000e-06	2.747986e-06	1.058792e-08	1.949464e+01	6.232307e+02
1.020000e-06	2.891409e-06	1.217478e-08	2.051211e+01	7.193688e+02
1.030000e-06	3.033771e-06	1.355277e-08	2.152204e+01	8.028541e+02
1.040000e-06	3.174964e-06	1.474030e-08	2.252369e+01	8.741642e+02
1.050000e-06	3.314873e-06	1.576944e-08	2.351622e+01	9.348433e+02
1.060000e-06	3.453569e-06	1.666508e-08	2.450016e+01	9.869207e+02
1.070000e-06	3.590998e-06	1.744157e-08	2.547509e+01	1.032360e+03
1.080000e-06	3.726986e-06	1.811625e-08	2.643981e+01	1.072683e+03
1.090000e-06	3.861584e-06	1.871268e-08	2.739468e+01	1.108831e+03
1.100000e-06	3.994829e-06	1.924546e-08	2.833994e+01	1.141254e+03
1.110000e-06	4.126619e-06	1.971713e-08	2.927488e+01	1.170137e+03
1.120000e-06	4.256983e-06	2.013354e-08	3.019970e+01	1.195644e+03
1.130000e-06	4.385773e-06	2.050864e-08	3.111335e+01	1.218092e+03
1.140000e-06	4.512899e-06	2.085360e-08	3.201521e+01	1.237993e+03
1.150000e-06	4.638551e-06	2.116822e-08	3.290660e+01	1.255973e+03
1.160000e-06	4.762623e-06	2.145235e-08	3.378679e+01	1.272629e+03
1.170000e-06	4.885010e-06	2.171463e-08	3.465502e+01	1.288388e+03
1.180000e-06	5.005643e-06	2.196443e-08	3.551081e+01	1.303434e+03
1.190000e-06	5.124432e-06	2.219965e-08	3.635352e+01	1.317736e+03
1.200000e-06	5.241284e-06	2.241599e-08	3.718248e+01	1.331146e+03
1.210000e-06	5.356065e-06	2.261758e-08	3.799676e+01	1.343523e+03
1.220000e-06	5.468759e-06	2.280879e-08	3.879622e+01	1.354841e+03
1.230000e-06	5.579480e-06	2.299070e-08	3.958170e+01	1.365221e+03
1.240000e-06	5.688241e-06	2.315925e-08	4.035327e+01	1.374900e+03
1.250000e-06	5.794979e-06	2.331632e-08	4.111048e+01	1.384137e+03
1.260000e-06	5.899595e-06	2.346744e-08	4.185264e+01	1.393123e+03
1.270000e-06	6.002099e-06	2.361426e-08	4.257982e+01	1.401922e+03
1.280000e-06	6.102485e-06	2.375180e-08	4.329198e+01	1.410464e+03
1.290000e-06	6.200614e-06	2.387845e-08	4.398812e+01	1.418602e+03
1.300000e-06	6.296466e-06	2.400001e-08	4.466810e+01	1.426195e+03
1.310000e-06	6.390109e-06	2.411815e-08	4.533243e+01	1.433180e+03
1.320000e-06	6.481571e-06	2.422952e-08	4.598127e+01	1.439601e+03
1.330000e-06	6.570656e-06	2.433295e-08	4.661325e+01	1.445598e+03
1.340000e-06	6.657474e-06	2.443331e-08	4.722915e+01	1.451343e+03
1.350000e-06	6.742093e-06	2.453170e-08	4.782945e+01	1.456970e+03
1.360000e-06	6.824306e-06	2.462601e-08	4.841268e+01	1.462527e+03
1.370000e-06	6.904013e-06	2.471200e-08	4.897814e+01	1.467961e+03
1.380000e-06	6.981162e-06	2.479182e-08	4.952545e+01	1.473156e+03
1.390000e-06	7.055698e-06	2.487101e-08	5.005422e+01	1.477991e+03
1.400000e-06	7.127625e-06	2.494693e-08	5.056448e+01	1.482400e+03
1.410000e-06	7.197019e-06	2.501598e-08	5.105677e+01	1.486401e+03
1.420000e-06	7.263834e-06	2.508078e-08	5.153077e+01	1.490090e+03
1.430000e-06	7.328018e-06	2.514476e-08	5.198609e+01	1.493598e+03
1.440000e-06	7.389733e-06	2.520623e-08	5.242392e+01	1.497033e+03
1.450000e-06	7.448961e-06	2.526114e-08	5.284408e+01	1.500437e+03
1.460000e-06	7.505519e-06	2.531098e-08	5.324532e+01	1.503773e+03
1.470000e-06	7.559201e-06	2.535979e-08	5.362615e+01	1.506946e+03
1.480000e-06	7.609762e-06	2.540741e-08	5.398484e+01	1.509849e+03
1.490000e-06	7.657302e-06	2.545153e-08	5.432209e+01	1.512415e+03
1.500000e-06	7.702148e-06	2.549175e-08	5.464024e+01	1.514647e+03
1.510000e-06	7.744229e-06	2.553164e-08	5.493877e+01	1.516614e+03
1.520000e-06	7.783498e-06	2.556966e-08	5.521734e+01	1.518418e+03
1.530000e-06	7.820086e-06	2.560050e-08	5.547691e+01	1.520149e+03
1.540000e-06	7.853888e-06	2.562394e-08	5.571670e+01	1.521844e+03
1.550000e-06	7.884982e-06	2.564455e-08	5.593728e+01	1.523472e+03
1.560000e-06	7.913518e-06	2.566450e-08	5.613973e+01	1.524953e+03
1.570000e-06	7.939141e-06	2.568357e-08	5.632150e+01	1.526196e+03
1.580000e-06	7.961856e-06	2.569884e-08	5.648264e+01	1.527142e+03
1.590000e-06	7.981994e-06	2.571116e-08	5.662551e+01	1.527793e+03
1.600000e-06	7.999321e-06	2.572234e-08	5.674843e+01	1.528214e+03
1.610000e-06	8.013590e-06	2.573121e-08	5.684965e+01	1.528500e+03
1.620000e-06	8.024712e-06	2.573545e-08	5.692855e+01	1.528737e+03
1.630000e-06	8.032789e-06	2.573598e-08	5.698585e+01	1.528961e+03
1.640000e-06	8.038115e-06	2.573626e-08	5.702363e+01	1.529145e+03
1.650000e-06	8.040633e-06	2.573337e-08	5.704150e+01	1.529213e+03
1.660000e-06	8.040310e-06	2.573046e-08	5.703921e+01	1.529075e+03
1.670000e-06	8.037403e-06	2.572621e-08	5.701858e+01	1.528675e+03
1.680000e-06	8.031799e-06	2.571814e-08	5.697883e+01	1.528011e+03
1.690000e-06	8.023506e-06	2.570552e-08	5.691999e+01	1.527147e+03
1.700000e-06	8.012555e-06	2.568906e-08	5.684231e+01	1.526173e+03
1.710000e-06	7.998717e-06	2.566983e-08	5.674414e+01	1.525174e+03
1.720000e-06	7.982275e-06	2.564390e-08	5.662750e+01	1.524180e+03
1.730000e-06	7.963565e-06	2.561434e-08	5.649477e+01	1.523153e+03
1.740000e-06	7.942298e-06	2.565001e-08	5.634390e+01	1.522001e+03
1.750000e-06	7.917898e-06	2.564376e-08	5.617079e+01	1.520617e+03
1.760000e-06	7.889955e-06	2.557647e-08	5.597257e+01	1.518925e+03
1.770000e-06	7.858618e-06	2.552849e-08	5.575025e+01	1.516921e+03
1.780000e-06	7.824566e-06	2.549873e-08	5.550869e+01	1.514674e+03
1.790000e-06	7.788029e-06	2.542197e-08	5.524949e+01	1.512299e+03
1.800000e-06	7.749142e-06	2.538253e-08	5.497362e+01	1.509911e+03
1.810000e-06	7.708268e-06	2.540238e-08	5.468365e+01	1.507570e+03
1.820000e-06	7.665036e-06	2.528490e-08	5.437695e+01	1.505256e+03
1.830000e-06	7.619126e-06	2.532318e-08	5.405126e+01	1.502870e+03
1.840000e-06	7.570462e-06	2.528272e-08	5.370603e+01	1.500276e+03
1.850000e-06	7.518656e-06	2.518675e-08	5.333851e+01	1.497353e+03
1.860000e-06	7.463887e-06	2.518370e-08	5.294997e+01	1.494049e+03
1.870000e-06	7.406431e-06	2.504430e-08	5.254237e+01	1.490397e+03
1.880000e-06	7.346407e-06	2.504707e-08	5.211655e+01	1.486504e+03
1.890000e-06	7.283782e-06	2.496390e-08	5.167228e+01	1.482500e+03
1.900000e-06	7.218377e-06	2.488232e-08	5.120829e+01	1.478481e+03
1.910000e-06	7.150318e-06	2.487043e-08	5.072546e+01	1.474469e+03
1.920000e-06	7.079447e-06	2.475914e-08	5.022270e+01	1.470396e+03
1.930000e-06	7.005882e-06	2.470039e-08	4.970081e+01	1.466135e+03
1.940000e-06	6.929674e-06	2.457877e-08	4.916018e+01	1.461553e+03
1.950000e-06	6.850713e-06	2.452896e-08	4.860002e+01	1.456563e+03
1.960000e-06	6.769296e-06	2.444276e-08	4.802244e+01	1.451165e+03
1.970000e-06	6.685491e-06	2.433475e-08	4.742791e+01	1.445439e+03
1.980000e-06	6.599267e-06	2.427535e-08	4.681622e+01	1.439511e+03
1.990000e-06	6.510593e-06	2.414298e-08	4.618716e+01	1.433491e+03
2.000000e-06	6.419688e-06	2.405762e-08	4.554227e+01	1.427428e+03
2.010000e-06	6.326586e-06	2.392576e-08	4.488179e+01	1.421280e+03
2.020000e-06	6.231152e-06	2.382292e-08	4.420476e+01	1.414933e+03
2.030000e-06	6.133553e-06	2.371010e-08	4.351238e+01	1.408248e+03
2.040000e-06	6.033750e-06	2.359730e-08	4.280436e+01	1.401120e+03
2.050000e-06	5.931689e-06	2.348012e-08	4.208032e+01	1.393521e+03
2.060000e-06	5.827445e-06	2.333344e-08	4.134080e+01	1.385510e+03
2.070000e-06	5.721242e-06	2.320226e-08	4.058738e+01	1.377206e+03
2.080000e-06	5.613100e-06	2.304753e-08	3.982020e+01	1.368731e+03
2.090000e-06	5.502872e-06	2.290880e-08	3.903823e+01	1.360154e+03
2.100000e-06	5.390542e-06	2.275167e-08	3.824134e+01	1.351456e+03
2.110000e-06	5.276125e-06	2.260942e-08	3.742965e+01	1.342536e+03
2.120000e-06	5.159664e-06	2.245122e-08	3.660346e+01	1.333255e+03
2.130000e-06	5.041129e-06	2.228519e-08	3.576255e+01	1.323491e+03
2.140000e-06	4.920717e-06	2.210372e-08	3.490833e+01	1.313197e+03
2.150000e-06	4.798606e-06	2.192389e-08	3.404206e+01	1.302418e+03
2.160000e-06	4.674760e-06	2.174859e-08	3.316348e+01	1.291271e+03
2.170000e-06	4.549209e-06	2.156106e-08	3.227279e+01	1.279892e+03
2.180000e-06	4.422001e-06	2.136977e-08	3.137036e+01	1.268370e+03
2.190000e-06	4.293183e-06	2.116556e-08	3.045650e+01	1.256705e+03
2.200000e-06	4.162883e-06	2.096398e-08	2.953214e+01	1.244804e+03
2.210000e-06	4.031160e-06	2.074665e-08	2.859767e+01	1.232517e+03
2.220000e-06	3.897995e-06	2.052536e-08	2.765298e+01	1.219699e+03
2.230000e-06	3.763388e-06	2.030068e-08	2.669806e+01	1.206275e+03
2.240000e-06	3.627395e-06	2.007836e-08	2.573331e+01	1.192268e+03
2.250000e-06	3.490098e-06	1.984484e-08	2.475930e+01	1.177791e+03
2.260000e-06	3.351495e-06	1.959639e-08	2.377603e+01	1.162988e+03
2.270000e-06	3.211583e-06	1.934056e-08	2.278347e+01	1.147968e+03
2.280000e-06	3.070426e-06	1.907795e-08	2.178208e+01	1.132750e+03
2.290000e-06	2.928128e-06	1.880903e-08	2.077259e+01	1.117246e+03
2.300000e-06	2.784728e-06	1.853172e-08	1.975530e+01	1.101297e+03
2.310000e-06	2.640295e-06	1.825007e-08	1.873066e+01	1.084744e+03
2.320000e-06	2.494939e-06	1.796483e-08	1.769948e+01	1.067495e+03
2.330000e-06	2.348792e-06	1.767329e-08	1.666270e+01	1.049573e+03
2.340000e-06	2.201812e-06	1.736832e-08	1.562000e+01	1.031103e+03
2.350000e-06	2.053947e-06	1.705069e-08	1.457102e+01	1.012256e+03
2.360000e-06	1.905342e-06	1.672811e-08	1.351679e+01	9.931616e+02
2.370000e-06	1.756159e-06	1.639941e-08	1.245847e+01	9.738390e+02
2.380000e-06	1.606405e-06	1.606015e-08	1.139609e+01	9.541687e+02
2.390000e-06	1.456071e-06	1.570940e-08	1.032960e+01	9.339327e+02
2.400000e-06	1.305270e-06	1.535002e-08	9.259791e+00	9.129008e+02
2.410000e-06	1.154045e-06	1.498304e-08	8.186975e+00	8.909283e+02
2.420000e-06	1.002388e-06	1.460161e-08	7.111097e+00	8.680201e+02
2.430000e-06	8.503201e-07	1.420661e-08	6.032303e+00	8.443250e+02
2.440000e-06	6.978724e-07	1.380418e-08	4.950815e+00	8.200558e+02
2.450000e-06	5.451607e-07	1.339466e-08	3.867455e+00	7.953646e+02
2.460000e-06	3.923195e-07	1.296935e-08	2.783176e+00	7.702254e+02
2.470000e-06	2.393060e-07	1.252073e-08	1.697674e+00	7.443800e+02
2.480000e-06	8.621466e-08	1.205184e-08	6.116202e-01	7.173783e+02
2.490000e-06	-6.684296e-08	1.156287e-08	-4.741943e-01	6.887033e+02
2.500000e-06	-2.198870e-07	1.104806e-08	-1.559912e+00	6.579300e+02
2.510000e-06	-3.728045e-07	1.050159e-08	-2.644733e+00	6.248387e+02
2.520000e-06	-5.255744e-07	9.922405e-09	-3.728506e+00	5.894150e+02
2.530000e-06	-6.781446e-07	9.306905e-09	-4.810863e+00	5.517043e+02
2.540000e-06	-8.304307e-07	8.638529e-09	-5.891204e+00	5.115504e+02
2.550000e-06	-9.824607e-07	7.901147e-09	-6.969729e+00	4.683082e+02
2.560000e-06	-1.134065e-06	7.079106e-09	-8.045232e+00	4.206509e+02
2.570000e-06	-1.285104e-06	6.155602e-09	-9.116729e+00	3.665842e+02
2.580000e-06	-1.435659e-06	5.100901e-09	-1.018479e+01	3.037242e+02
2.590000e-06	-1.585767e-06	3.880488e-09	-1.124967e+01	2.298099e+02
2.600000e-06	-1.735352e-06	2.466705e-09	-1.231086e+01	1.433355e+02
2.610000e-06	-1.884353e-06	8.398873e-10	-1.336790e+01	4.412871e+01
2.620000e-06	-2.032731e-06	-9.970525e-10	-1.442051e+01	-6.630296e+01
2.630000e-06	-2.180367e-06	-3.005481e-09	-1.546786e+01	-1.847841e+02
2.640000e-06	-2.327092e-06	-5.094835e-09	-1.650875e+01	-3.068696e+02
2.650000e-06	-2.472967e-06	-7.153028e-09	-1.754361e+01	-4.275470e+02
2.660000e-06	-2.618097e-06	-9.084778e-09	-1.857319e+01	-5.420699e+02
2.670000e-06	-2.762295e-06	-1.083043e-08	-1.959615e+01	-6.467142e+02
2.680000e-06	-2.905350e-06	-1.236932e-08	-2.061101e+01	-7.392710e+02
2.690000e-06	-3.047269e-06	-1.370508e-08	-2.161780e+01	-8.191726e+02
2.700000e-06	-3.188127e-06	-1.485971e-08	-2.261707e+01	-8.872556e+02
2.710000e-06	-3.327744e-06	-1.586059e-08	-2.360753e+01	-9.452640e+02
2.720000e-06	-3.465972e-06	-1.673108e-08	-2.458814e+01	-9.952592e+02
2.730000e-06	-3.602929e-06	-1.748801e-08	-2.555974e+01	-1.039107e+03
2.740000e-06	-3.738536e-06	-1.814793e-08	-2.652175e+01	-1.078166e+03
2.750000e-06	-3.872732e-06	-1.873053e-08	-2.747376e+01	-1.113221e+03
2.760000e-06	-4.005607e-06	-1.924723e-08	-2.841640e+01	-1.144620e+03
2.770000e-06	-4.137046e-06	-1.970637e-08	-2.934885e+01	-1.172517e+03
2.780000e-06	-4.267001e-06	-2.011649e-08	-3.027077e+01	-1.197109e+03
2.790000e-06	-4.395447e-06	-2.048718e-08	-3.118199e+01	-1.218770e+03
2.800000e-06	-4.522275e-06	-2.082650e-08	-3.208172e+01	-1.238057e+03
2.810000e-06	-4.647557e-06	-2.113663e-08	-3.297049e+01	-1.255604e+03
2.820000e-06	-4.771269e-06	-2.142011e-08	-3.384812e+01	-1.271970e+03
2.830000e-06	-4.893241e-06	-2.168140e-08	-3.471341e+01	-1.287517e+03
2.840000e-06	-5.013421e-06	-2.192551e-08	-3.556599e+01	-1.302362e+03
2.850000e-06	-5.131736e-06	-2.215496e-08	-3.640533e+01	-1.316427e+03
2.860000e-06	-5.248000e-06	-2.237043e-08	-3.723013e+01	-1.329553e+03
2.870000e-06	-5.362014e-06	-2.256979e-08	-3.803896e+01	-1.341624e+03
2.880000e-06	-5.473858e-06	-2.275727e-08	-3.883240e+01	-1.352656e+03
2.890000e-06	-5.583684e-06	-2.293504e-08	-3.961152e+01	-1.362809e+03
2.900000e-06	-5.691531e-06	-2.310399e-08	-4.037660e+01	-1.372337e+03
2.910000e-06	-5.797495e-06	-2.326690e-08	-4.112833e+01	-1.381488e+03
2.920000e-06	-5.901433e-06	-2.342273e-08	-4.186568e+01	-1.390422e+03
2.930000e-06	-6.003183e-06	-2.356968e-08	-4.258751e+01	-1.399159e+03
2.940000e-06	-6.102695e-06	-2.370650e-08	-4.329346e+01	-1.407602e+03
2.950000e-06	-6.200066e-06	-2.383508e-08	-4.398423e+01	-1.415597e+03
2.960000e-06	-6.295318e-06	-2.395759e-08	-4.465996e+01	-1.423019e+03
2.970000e-06	-6.388343e-06	-2.407489e-08	-4.531990e+01	-1.429833e+03
2.980000e-06	-6.479131e-06	-2.418486e-08	-4.596396e+01	-1.436117e+03
2.990000e-06	-6.567653e-06	-2.429090e-08	-4.659195e+01	-1.442025e+03
3.000000e-06	-6.653876e-06	-2.439469e-08	-4.720363e+01	-1.447726e+03
3.010000e-06	-6.737682e-06	-2.449330e-08	-4.779816e+01	-1.453334e+03
3.020000e-06	-6.819080e-06	-2.458407e-08	-4.837561e+01	-1.458865e+03
3.030000e-06	-6.898012e-06	-2.466921e-08	-4.893557e+01	-1.464244e+03
3.040000e-06	-6.974214e-06	-2.475089e-08	-4.947616e+01	-1.469348e+03
3.050000e-06	-7.047732e-06	-2.482742e-08	-4.999771e+01	-1.474065e+03
3.060000e-06	-7.118727e-06	-2.489840e-08	-5.050136e+01	-1.478352e+03
3.070000e-06	-7.187174e-06	-2.496699e-08	-5.098693e+01	-1.482252e+03
3.080000e-06	-7.253130e-06	-2.503403e-08	-5.145483e+01	-1.485877e+03
3.090000e-06	-7.316578e-06	-2.509815e-08	-5.190494e+01	-1.489355e+03
3.100000e-06	-7.377383e-06	-2.515921e-08	-5.233630e+01	-1.492781e+03
3.110000e-06	-7.435551e-06	-2.521636e-08	-5.274896e+01	-1.496173e+03
3.120000e-06	-7.491022e-06	-2.526828e-08	-5.314247e+01	-1.499474e+03
3.130000e-06	-7.543597e-06	-2.531518e-08	-5.351545e+01	-1.502580e+03
3.140000e-06	-7.593122e-06	-2.535893e-08	-5.386679e+01	-1.505391e+03
3.150000e-06	-7.639642e-06	-2.539946e-08	-5.419681e+01	-1.507859e+03
3.160000e-06	-7.683538e-06	-2.543808e-08	-5.450821e+01	-1.510007e+03
3.170000e-06	-7.725006e-06	-2.547448e-08	-5.480239e+01	-1.511917e+03
3.180000e-06	-7.763854e-06	-2.550936e-08	-5.507799e+01	-1.513693e+03
3.190000e-06	-7.799891e-06	-2.554185e-08	-5.533363e+01	-1.515413e+03
3.200000e-06	-7.833208e-06	-2.556879e-08	-5.557000e+01	-1.517095e+03
3.210000e-06	-7.863695e-06	-2.559201e-08	-5.578627e+01	-1.518691e+03
3.220000e-06	-7.891277e-06	-2.561354e-08	-5.598194e+01	-1.520114e+03
3.230000e-06	-7.916159e-06	-2.563244e-08	-5.615846e+01	-1.521276e+03
3.240000e-06	-7.938210e-06	-2.564717e-08	-5.631490e+01	-1.522134e+03
3.250000e-06	-7.957380e-06	-2.565839e-08	-5.645089e+01	-1.522712e+03
3.260000e-06	-7.973765e-06	-2.566849e-08	-5.656713e+01	-1.523084e+03
3.270000e-06	-7.987120e-06	-2.567822e-08	-5.666187e+01	-1.523350e+03
3.280000e-06	-7.997403e-06	-2.568467e-08	-5.673482e+01	-1.523582e+03
3.290000e-06	-8.004854e-06	-2.568642e-08	-5.678767e+01	-1.523800e+03
3.300000e-06	-8.009395e-06	-2.568743e-08	-5.681989e+01	-1.523961e+03
3.310000e-06	-8.011137e-06	-2.568721e-08	-5.683225e+01	-1.523979e+03
