# Temperatura_=_48.16
# Concentracion g/m^3_=_22500.0
# C_Vs_to_Am_M_A/Vsm_=_59384043850.047264
# pendiente_HvsI_1/m_=_3716.3
# ordenada_HvsI_A/m_=_1297.0
# frecuencia_Hz_=_301752.9610812847

Tiempo_(s)	Campo_(V.s)	Magnetizacion_(V.s)	Campo_(kA/m)	Magnetizacion_(A/m)
0.000000e+00	-8.041812e-06	-2.602006e-08	-5.681449e+01	-1.544075e+03
1.000000e-08	-8.037356e-06	-2.600993e-08	-5.678301e+01	-1.543385e+03
2.000000e-08	-8.030305e-06	-2.599687e-08	-5.673320e+01	-1.542483e+03
3.000000e-08	-8.020506e-06	-2.598148e-08	-5.666397e+01	-1.541499e+03
4.000000e-08	-8.007868e-06	-2.596424e-08	-5.657468e+01	-1.540537e+03
5.000000e-08	-7.992292e-06	-2.594690e-08	-5.646464e+01	-1.539626e+03
6.000000e-08	-7.973928e-06	-2.593341e-08	-5.633490e+01	-1.538706e+03
7.000000e-08	-7.953224e-06	-2.590907e-08	-5.618863e+01	-1.537654e+03
8.000000e-08	-7.929848e-06	-2.585244e-08	-5.602348e+01	-1.536332e+03
9.000000e-08	-7.903191e-06	-2.581761e-08	-5.583516e+01	-1.534654e+03
1.000000e-07	-7.873353e-06	-2.580747e-08	-5.562435e+01	-1.532618e+03
1.100000e-07	-7.840725e-06	-2.578693e-08	-5.539384e+01	-1.530310e+03
1.200000e-07	-7.805400e-06	-2.574863e-08	-5.514427e+01	-1.527869e+03
1.300000e-07	-7.767606e-06	-2.570434e-08	-5.487726e+01	-1.525422e+03
1.400000e-07	-7.727649e-06	-2.569309e-08	-5.459497e+01	-1.523031e+03
1.500000e-07	-7.685345e-06	-2.563743e-08	-5.429610e+01	-1.520668e+03
1.600000e-07	-7.640298e-06	-2.558057e-08	-5.397784e+01	-1.518224e+03
1.700000e-07	-7.592476e-06	-2.552412e-08	-5.363999e+01	-1.515556e+03
1.800000e-07	-7.541756e-06	-2.544442e-08	-5.328166e+01	-1.512549e+03
1.900000e-07	-7.487979e-06	-2.543430e-08	-5.290173e+01	-1.509162e+03
2.000000e-07	-7.431427e-06	-2.537108e-08	-5.250219e+01	-1.505444e+03
2.100000e-07	-7.372183e-06	-2.528641e-08	-5.208364e+01	-1.501506e+03
2.200000e-07	-7.310293e-06	-2.522671e-08	-5.164640e+01	-1.497470e+03
2.300000e-07	-7.245785e-06	-2.515328e-08	-5.119065e+01	-1.493415e+03
2.400000e-07	-7.178541e-06	-2.509675e-08	-5.071558e+01	-1.489335e+03
2.500000e-07	-7.108668e-06	-2.500218e-08	-5.022194e+01	-1.485143e+03
2.600000e-07	-7.036106e-06	-2.491130e-08	-4.970930e+01	-1.480711e+03
2.700000e-07	-6.960793e-06	-2.484520e-08	-4.917721e+01	-1.475923e+03
2.800000e-07	-6.882728e-06	-2.479040e-08	-4.862570e+01	-1.470728e+03
2.900000e-07	-6.801921e-06	-2.468690e-08	-4.805480e+01	-1.465158e+03
3.000000e-07	-6.718716e-06	-2.455570e-08	-4.746697e+01	-1.459315e+03
3.100000e-07	-6.633308e-06	-2.447919e-08	-4.686357e+01	-1.453321e+03
3.200000e-07	-6.545631e-06	-2.438502e-08	-4.624414e+01	-1.447261e+03
3.300000e-07	-6.455576e-06	-2.426834e-08	-4.560791e+01	-1.441142e+03
3.400000e-07	-6.363226e-06	-2.414910e-08	-4.495547e+01	-1.434886e+03
3.500000e-07	-6.268644e-06	-2.404640e-08	-4.428726e+01	-1.428367e+03
3.600000e-07	-6.171646e-06	-2.394877e-08	-4.360198e+01	-1.421460e+03
3.700000e-07	-6.072354e-06	-2.382201e-08	-4.290050e+01	-1.414102e+03
3.800000e-07	-5.970946e-06	-2.367889e-08	-4.218406e+01	-1.406313e+03
3.900000e-07	-5.867404e-06	-2.353464e-08	-4.145254e+01	-1.398191e+03
4.000000e-07	-5.761670e-06	-2.341376e-08	-4.070555e+01	-1.389860e+03
4.100000e-07	-5.653865e-06	-2.328044e-08	-3.994392e+01	-1.381413e+03
4.200000e-07	-5.544145e-06	-2.312917e-08	-3.916876e+01	-1.372865e+03
4.300000e-07	-5.432446e-06	-2.297500e-08	-3.837962e+01	-1.364138e+03
4.400000e-07	-5.318565e-06	-2.282979e-08	-3.757506e+01	-1.355096e+03
4.500000e-07	-5.202467e-06	-2.267486e-08	-3.675485e+01	-1.345596e+03
4.600000e-07	-5.084414e-06	-2.249111e-08	-3.592081e+01	-1.335559e+03
4.700000e-07	-4.964541e-06	-2.230433e-08	-3.507392e+01	-1.324997e+03
4.800000e-07	-4.842858e-06	-2.213030e-08	-3.421425e+01	-1.314014e+03
4.900000e-07	-4.719369e-06	-2.195932e-08	-3.334181e+01	-1.302755e+03
5.000000e-07	-4.594135e-06	-2.176469e-08	-3.245705e+01	-1.291340e+03
5.100000e-07	-4.467323e-06	-2.156057e-08	-3.156113e+01	-1.279805e+03
5.200000e-07	-4.338940e-06	-2.136040e-08	-3.065412e+01	-1.268080e+03
5.300000e-07	-4.208912e-06	-2.116002e-08	-2.973549e+01	-1.256012e+03
5.400000e-07	-4.077296e-06	-2.094301e-08	-2.880563e+01	-1.243435e+03
5.500000e-07	-3.944268e-06	-2.071221e-08	-2.786581e+01	-1.230233e+03
5.600000e-07	-3.809932e-06	-2.048561e-08	-2.691674e+01	-1.216401e+03
5.700000e-07	-3.674156e-06	-2.025678e-08	-2.595750e+01	-1.202040e+03
5.800000e-07	-3.536924e-06	-2.001252e-08	-2.498797e+01	-1.187314e+03
5.900000e-07	-3.398341e-06	-1.975414e-08	-2.400890e+01	-1.172369e+03
6.000000e-07	-3.258425e-06	-1.950064e-08	-2.302041e+01	-1.157265e+03
6.100000e-07	-3.117133e-06	-1.924923e-08	-2.202220e+01	-1.141936e+03
6.200000e-07	-2.974509e-06	-1.898104e-08	-2.101457e+01	-1.126214e+03
6.300000e-07	-2.830730e-06	-1.869463e-08	-1.999879e+01	-1.109896e+03
6.400000e-07	-2.685902e-06	-1.840392e-08	-1.897559e+01	-1.092835e+03
6.500000e-07	-2.540147e-06	-1.811333e-08	-1.794585e+01	-1.075009e+03
6.600000e-07	-2.393603e-06	-1.781037e-08	-1.691053e+01	-1.056532e+03
6.700000e-07	-2.246295e-06	-1.749229e-08	-1.586982e+01	-1.037605e+03
6.800000e-07	-2.098201e-06	-1.717033e-08	-1.482356e+01	-1.018419e+03
6.900000e-07	-1.949380e-06	-1.685003e-08	-1.377215e+01	-9.990586e+02
7.000000e-07	-1.799900e-06	-1.652073e-08	-1.271609e+01	-9.794435e+02
7.100000e-07	-1.649823e-06	-1.617156e-08	-1.165582e+01	-9.593452e+02
7.200000e-07	-1.499228e-06	-1.580810e-08	-1.059188e+01	-9.384736e+02
7.300000e-07	-1.348050e-06	-1.544157e-08	-9.523823e+00	-9.165976e+02
7.400000e-07	-1.196268e-06	-1.506564e-08	-8.451495e+00	-8.936482e+02
7.500000e-07	-1.043967e-06	-1.467026e-08	-7.375506e+00	-8.697512e+02
7.600000e-07	-8.912937e-07	-1.426191e-08	-6.296889e+00	-8.451674e+02
7.700000e-07	-7.383388e-07	-1.384856e-08	-5.216280e+00	-8.201569e+02
7.800000e-07	-5.851351e-07	-1.342593e-08	-4.133913e+00	-7.948239e+02
7.900000e-07	-4.317281e-07	-1.298015e-08	-3.050110e+00	-7.690085e+02
8.000000e-07	-2.782084e-07	-1.250906e-08	-1.965511e+00	-7.422836e+02
8.100000e-07	-1.246232e-07	-1.202043e-08	-8.804491e-01	-7.140671e+02
8.200000e-07	2.904790e-08	-1.151195e-08	2.052202e-01	-6.838091e+02
8.300000e-07	1.827523e-07	-1.097144e-08	1.291124e+00	-6.511715e+02
8.400000e-07	3.364488e-07	-1.039286e-08	2.376973e+00	-6.161037e+02
8.500000e-07	4.900023e-07	-9.776756e-09	3.461811e+00	-5.787528e+02
8.600000e-07	6.433428e-07	-9.118883e-09	4.545144e+00	-5.392056e+02
8.700000e-07	7.965005e-07	-8.400092e-09	5.627186e+00	-4.971388e+02
8.800000e-07	9.493691e-07	-7.598273e-09	6.707186e+00	-4.515097e+02
8.900000e-07	1.101892e-06	-6.701092e-09	7.784745e+00	-4.004328e+02
9.000000e-07	1.254022e-06	-5.685515e-09	8.859524e+00	-3.413477e+02
9.100000e-07	1.405683e-06	-4.508999e-09	9.930994e+00	-2.714947e+02
9.200000e-07	1.556735e-06	-3.124294e-09	1.099816e+01	-1.886074e+02
9.300000e-07	1.707068e-06	-1.503911e-09	1.206024e+01	-9.164445e+01
9.400000e-07	1.856766e-06	3.545407e-10	1.311784e+01	1.865682e+01
9.500000e-07	2.005858e-06	2.422021e-09	1.417116e+01	1.395883e+02
9.600000e-07	2.154332e-06	4.618325e-09	1.522011e+01	2.667316e+02
9.700000e-07	2.302083e-06	6.816572e-09	1.626395e+01	3.946316e+02
9.800000e-07	2.449036e-06	8.891621e-09	1.730217e+01	5.177221e+02
9.900000e-07	2.595159e-06	1.076431e-08	1.833450e+01	6.312693e+02
1.000000e-06	2.740364e-06	1.241249e-08	1.936036e+01	7.320929e+02
1.010000e-06	2.884561e-06	1.383848e-08	2.037909e+01	8.188955e+02
1.020000e-06	3.027605e-06	1.505458e-08	2.138969e+01	8.921494e+02
1.030000e-06	3.169536e-06	1.609108e-08	2.239241e+01	9.536173e+02
1.040000e-06	3.310307e-06	1.698535e-08	2.338694e+01	1.005678e+03
1.050000e-06	3.449766e-06	1.776258e-08	2.437221e+01	1.050665e+03
1.060000e-06	3.587858e-06	1.843273e-08	2.534781e+01	1.090397e+03
1.070000e-06	3.724567e-06	1.901398e-08	2.631364e+01	1.125992e+03
1.080000e-06	3.859884e-06	1.952765e-08	2.726964e+01	1.157949e+03
1.090000e-06	3.993769e-06	1.998823e-08	2.821553e+01	1.186412e+03
1.100000e-06	4.126275e-06	2.039976e-08	2.915167e+01	1.211480e+03
1.110000e-06	4.257323e-06	2.076611e-08	3.007751e+01	1.233426e+03
1.120000e-06	4.386837e-06	2.109923e-08	3.099251e+01	1.252766e+03
1.130000e-06	4.514819e-06	2.140725e-08	3.189669e+01	1.270181e+03
1.140000e-06	4.641218e-06	2.168993e-08	3.278968e+01	1.286342e+03
1.150000e-06	4.766018e-06	2.194816e-08	3.367138e+01	1.301734e+03
1.160000e-06	4.889148e-06	2.218903e-08	3.454128e+01	1.316564e+03
1.170000e-06	5.010504e-06	2.241883e-08	3.539864e+01	1.330775e+03
1.180000e-06	5.130005e-06	2.263486e-08	3.624291e+01	1.344158e+03
1.190000e-06	5.247578e-06	2.283435e-08	3.707355e+01	1.356512e+03
1.200000e-06	5.363159e-06	2.302345e-08	3.789011e+01	1.367771e+03
1.210000e-06	5.476666e-06	2.320485e-08	3.869203e+01	1.378057e+03
1.220000e-06	5.588093e-06	2.337602e-08	3.947924e+01	1.387642e+03
1.230000e-06	5.697577e-06	2.353554e-08	4.025274e+01	1.396838e+03
1.240000e-06	5.805066e-06	2.368721e-08	4.101213e+01	1.405883e+03
1.250000e-06	5.910427e-06	2.383456e-08	4.175650e+01	1.414851e+03
1.260000e-06	6.013672e-06	2.397710e-08	4.248591e+01	1.423649e+03
1.270000e-06	6.114772e-06	2.410947e-08	4.320017e+01	1.432076e+03
1.280000e-06	6.213646e-06	2.423081e-08	4.389870e+01	1.439931e+03
1.290000e-06	6.310210e-06	2.434956e-08	4.458092e+01	1.447107e+03
1.300000e-06	6.404528e-06	2.446618e-08	4.524727e+01	1.453643e+03
1.310000e-06	6.496663e-06	2.457556e-08	4.589819e+01	1.459707e+03
1.320000e-06	6.586486e-06	2.467738e-08	4.653278e+01	1.465523e+03
1.330000e-06	6.673938e-06	2.477647e-08	4.715062e+01	1.471278e+03
1.340000e-06	6.759128e-06	2.487356e-08	4.775247e+01	1.477047e+03
1.350000e-06	6.841999e-06	2.496676e-08	4.833795e+01	1.482773e+03
1.360000e-06	6.922398e-06	2.505168e-08	4.890596e+01	1.488307e+03
1.370000e-06	7.000271e-06	2.513026e-08	4.945613e+01	1.493476e+03
1.380000e-06	7.075493e-06	2.520789e-08	4.998756e+01	1.498172e+03
1.390000e-06	7.148048e-06	2.528521e-08	5.050016e+01	1.502394e+03
1.400000e-06	7.218089e-06	2.535747e-08	5.099498e+01	1.506254e+03
1.410000e-06	7.285553e-06	2.542447e-08	5.147161e+01	1.509917e+03
1.420000e-06	7.350349e-06	2.548955e-08	5.192939e+01	1.513537e+03
1.430000e-06	7.412620e-06	2.555138e-08	5.236933e+01	1.517186e+03
1.440000e-06	7.472386e-06	2.560602e-08	5.279157e+01	1.520827e+03
1.450000e-06	7.529554e-06	2.565432e-08	5.319545e+01	1.524341e+03
1.460000e-06	7.583931e-06	2.570097e-08	5.357962e+01	1.527579e+03
1.470000e-06	7.635157e-06	2.574941e-08	5.394153e+01	1.530435e+03
1.480000e-06	7.683271e-06	2.579825e-08	5.428144e+01	1.532890e+03
1.490000e-06	7.728646e-06	2.584210e-08	5.460201e+01	1.535022e+03
1.500000e-06	7.771264e-06	2.588229e-08	5.490310e+01	1.536966e+03
1.510000e-06	7.811046e-06	2.591915e-08	5.518416e+01	1.538855e+03
1.520000e-06	7.848145e-06	2.595026e-08	5.544626e+01	1.540760e+03
1.530000e-06	7.882500e-06	2.597266e-08	5.568898e+01	1.542660e+03
1.540000e-06	7.914080e-06	2.599273e-08	5.591208e+01	1.544454e+03
1.550000e-06	7.943048e-06	2.601553e-08	5.611674e+01	1.546013e+03
1.560000e-06	7.969193e-06	2.603802e-08	5.630145e+01	1.547236e+03
1.570000e-06	7.992403e-06	2.605609e-08	5.646543e+01	1.548098e+03
1.580000e-06	8.012872e-06	2.607013e-08	5.661004e+01	1.548663e+03
1.590000e-06	8.030516e-06	2.608162e-08	5.673469e+01	1.549055e+03
1.600000e-06	8.045235e-06	2.608936e-08	5.683868e+01	1.549402e+03
1.610000e-06	8.056858e-06	2.609153e-08	5.692079e+01	1.549782e+03
1.620000e-06	8.065361e-06	2.609177e-08	5.698086e+01	1.550186e+03
1.630000e-06	8.071052e-06	2.609277e-08	5.702107e+01	1.550524e+03
1.640000e-06	8.073921e-06	2.609163e-08	5.704134e+01	1.550671e+03
1.650000e-06	8.073944e-06	2.608873e-08	5.704150e+01	1.550520e+03
1.660000e-06	8.071346e-06	2.608545e-08	5.702315e+01	1.550033e+03
1.670000e-06	8.066071e-06	2.608110e-08	5.698588e+01	1.549260e+03
1.680000e-06	8.058097e-06	2.607127e-08	5.692955e+01	1.548316e+03
1.690000e-06	8.047474e-06	2.605445e-08	5.685450e+01	1.547328e+03
1.700000e-06	8.034029e-06	2.603435e-08	5.675951e+01	1.546382e+03
1.710000e-06	8.017881e-06	2.601310e-08	5.664542e+01	1.545477e+03
1.720000e-06	7.999405e-06	2.599054e-08	5.651490e+01	1.544528e+03
1.730000e-06	7.978457e-06	2.599610e-08	5.636690e+01	1.543401e+03
1.740000e-06	7.954455e-06	2.598626e-08	5.619733e+01	1.541968e+03
1.750000e-06	7.926872e-06	2.594457e-08	5.600246e+01	1.540168e+03
1.760000e-06	7.895786e-06	2.590024e-08	5.578283e+01	1.538030e+03
1.770000e-06	7.861922e-06	2.586123e-08	5.554359e+01	1.535662e+03
1.780000e-06	7.825516e-06	2.580934e-08	5.528639e+01	1.533205e+03
1.790000e-06	7.786697e-06	2.574725e-08	5.501214e+01	1.530771e+03
1.800000e-06	7.745878e-06	2.572860e-08	5.472376e+01	1.528395e+03
1.810000e-06	7.702802e-06	2.567084e-08	5.441943e+01	1.526019e+03
1.820000e-06	7.656986e-06	2.564557e-08	5.409574e+01	1.523517e+03
1.830000e-06	7.608415e-06	2.561227e-08	5.375259e+01	1.520748e+03
1.840000e-06	7.556754e-06	2.553491e-08	5.338761e+01	1.517617e+03
1.850000e-06	7.502039e-06	2.550496e-08	5.300106e+01	1.514112e+03
1.860000e-06	7.444689e-06	2.541402e-08	5.259589e+01	1.510307e+03
1.870000e-06	7.384677e-06	2.536034e-08	5.217191e+01	1.506324e+03
1.880000e-06	7.322047e-06	2.531092e-08	5.172944e+01	1.502275e+03
1.890000e-06	7.256751e-06	2.522113e-08	5.126812e+01	1.498215e+03
1.900000e-06	7.188719e-06	2.517257e-08	5.078749e+01	1.494109e+03
1.910000e-06	7.117878e-06	2.510109e-08	5.028700e+01	1.489853e+03
1.920000e-06	7.044372e-06	2.500858e-08	4.976770e+01	1.485315e+03
1.930000e-06	6.968189e-06	2.489870e-08	4.922947e+01	1.480396e+03
1.940000e-06	6.889236e-06	2.482971e-08	4.867168e+01	1.475071e+03
1.950000e-06	6.807825e-06	2.475405e-08	4.809651e+01	1.469398e+03
1.960000e-06	6.723951e-06	2.464877e-08	4.750396e+01	1.463492e+03
1.970000e-06	6.637622e-06	2.456285e-08	4.689405e+01	1.457469e+03
1.980000e-06	6.548944e-06	2.445791e-08	4.626755e+01	1.451392e+03
1.990000e-06	6.457976e-06	2.434992e-08	4.562487e+01	1.445238e+03
2.000000e-06	6.364752e-06	2.422227e-08	4.496625e+01	1.438911e+03
2.010000e-06	6.269183e-06	2.409966e-08	4.429107e+01	1.432277e+03
2.020000e-06	6.171443e-06	2.398591e-08	4.360055e+01	1.425226e+03
2.030000e-06	6.071473e-06	2.387625e-08	4.289427e+01	1.417721e+03
2.040000e-06	5.969224e-06	2.375418e-08	4.217190e+01	1.409810e+03
2.050000e-06	5.864883e-06	2.361719e-08	4.143474e+01	1.401605e+03
2.060000e-06	5.758548e-06	2.347530e-08	4.068349e+01	1.393228e+03
2.070000e-06	5.650194e-06	2.332405e-08	3.991798e+01	1.384750e+03
2.080000e-06	5.539733e-06	2.317058e-08	3.913759e+01	1.376154e+03
2.090000e-06	5.427174e-06	2.300453e-08	3.834237e+01	1.367341e+03
2.100000e-06	5.312483e-06	2.285345e-08	3.753209e+01	1.358163e+03
2.110000e-06	5.195698e-06	2.270046e-08	3.670702e+01	1.348494e+03
2.120000e-06	5.076903e-06	2.253712e-08	3.586774e+01	1.338280e+03
2.130000e-06	4.956257e-06	2.235412e-08	3.501539e+01	1.327566e+03
2.140000e-06	4.833870e-06	2.216903e-08	3.415075e+01	1.316476e+03
2.150000e-06	4.709667e-06	2.198666e-08	3.327326e+01	1.305155e+03
2.160000e-06	4.583700e-06	2.179268e-08	3.238332e+01	1.293701e+03
2.170000e-06	4.456160e-06	2.159105e-08	3.148227e+01	1.282115e+03
2.180000e-06	4.327103e-06	2.138444e-08	3.057049e+01	1.270297e+03
2.190000e-06	4.196519e-06	2.117816e-08	2.964794e+01	1.258081e+03
2.200000e-06	4.064394e-06	2.095850e-08	2.871448e+01	1.245308e+03
2.210000e-06	3.930750e-06	2.072790e-08	2.777031e+01	1.231898e+03
2.220000e-06	3.795731e-06	2.049710e-08	2.681641e+01	1.217878e+03
2.230000e-06	3.659379e-06	2.026841e-08	2.585310e+01	1.203379e+03
2.240000e-06	3.521664e-06	2.002872e-08	2.488016e+01	1.188567e+03
2.250000e-06	3.382537e-06	1.977235e-08	2.389724e+01	1.173569e+03
2.260000e-06	3.242109e-06	1.950628e-08	2.290513e+01	1.158404e+03
2.270000e-06	3.100476e-06	1.923752e-08	2.190451e+01	1.142969e+03
2.280000e-06	2.957646e-06	1.895912e-08	2.089544e+01	1.127074e+03
2.290000e-06	2.813777e-06	1.867263e-08	1.987901e+01	1.110526e+03
2.300000e-06	2.669005e-06	1.838281e-08	1.885622e+01	1.093213e+03
2.310000e-06	2.523347e-06	1.809098e-08	1.782716e+01	1.075158e+03
2.320000e-06	2.376718e-06	1.778993e-08	1.679124e+01	1.056511e+03
2.330000e-06	2.229159e-06	1.747148e-08	1.574876e+01	1.037481e+03
2.340000e-06	2.080800e-06	1.714237e-08	1.470062e+01	1.018235e+03
2.350000e-06	1.931749e-06	1.680974e-08	1.364759e+01	9.988078e+02
2.360000e-06	1.781989e-06	1.647156e-08	1.258955e+01	9.790656e+02
2.370000e-06	1.631534e-06	1.611907e-08	1.152660e+01	9.587482e+02
2.380000e-06	1.480542e-06	1.575335e-08	1.045986e+01	9.375708e+02
2.390000e-06	1.329064e-06	1.537933e-08	9.389688e+00	9.153459e+02
2.400000e-06	1.177119e-06	1.499554e-08	8.316210e+00	8.920677e+02
2.410000e-06	1.024819e-06	1.459590e-08	7.240230e+00	8.679165e+02
2.420000e-06	8.722199e-07	1.418282e-08	6.162135e+00	8.431697e+02
2.430000e-06	7.193450e-07	1.376386e-08	5.082091e+00	8.180536e+02
2.440000e-06	5.662902e-07	1.333727e-08	4.000776e+00	7.925950e+02
2.450000e-06	4.130415e-07	1.289173e-08	2.918091e+00	7.665426e+02
2.460000e-06	2.596298e-07	1.241794e-08	1.834255e+00	7.394024e+02
2.470000e-06	1.061171e-07	1.192030e-08	7.497053e-01	7.105805e+02
2.480000e-06	-4.747158e-08	1.140003e-08	-3.353813e-01	6.795790e+02
2.490000e-06	-2.009919e-07	1.085121e-08	-1.419985e+00	6.461508e+02
2.500000e-06	-3.543578e-07	1.026692e-08	-2.503498e+00	6.103276e+02
2.510000e-06	-5.075627e-07	9.644183e-09	-3.585873e+00	5.722718e+02
2.520000e-06	-6.605922e-07	8.977484e-09	-4.667010e+00	5.319775e+02
2.530000e-06	-8.134150e-07	8.248115e-09	-5.746685e+00	4.889179e+02
2.540000e-06	-9.659817e-07	7.436052e-09	-6.824551e+00	4.417802e+02
2.550000e-06	-1.118220e-06	6.520555e-09	-7.900099e+00	3.884284e+02
2.560000e-06	-1.270062e-06	5.474133e-09	-8.972843e+00	3.261728e+02
2.570000e-06	-1.421499e-06	4.259318e-09	-1.004273e+01	2.523306e+02
2.580000e-06	-1.572471e-06	2.837280e-09	-1.110933e+01	1.649536e+02
2.590000e-06	-1.722837e-06	1.181457e-09	-1.217165e+01	6.352607e+01
2.600000e-06	-1.872499e-06	-7.103572e-10	-1.322900e+01	-5.058100e+01
2.610000e-06	-2.021457e-06	-2.797942e-09	-1.428137e+01	-1.740595e+02
2.620000e-06	-2.169718e-06	-4.992271e-09	-1.532881e+01	-3.020681e+02
2.630000e-06	-2.317250e-06	-7.167268e-09	-1.637111e+01	-4.290090e+02
2.640000e-06	-2.463936e-06	-9.206077e-09	-1.740743e+01	-5.494869e+02
2.650000e-06	-2.609624e-06	-1.103760e-08	-1.843670e+01	-6.592052e+02
2.660000e-06	-2.754351e-06	-1.263805e-08	-1.945918e+01	-7.555741e+02
2.670000e-06	-2.898167e-06	-1.401536e-08	-2.047522e+01	-8.378978e+02
2.680000e-06	-3.040985e-06	-1.519080e-08	-2.148422e+01	-9.071292e+02
2.690000e-06	-3.182632e-06	-1.619689e-08	-2.248494e+01	-9.653058e+02
2.700000e-06	-3.322963e-06	-1.706451e-08	-2.347636e+01	-1.014858e+03
2.710000e-06	-3.462002e-06	-1.781468e-08	-2.445865e+01	-1.057992e+03
2.720000e-06	-3.599703e-06	-1.846475e-08	-2.543150e+01	-1.096308e+03
2.730000e-06	-3.736015e-06	-1.903305e-08	-2.639452e+01	-1.130705e+03
2.740000e-06	-3.871017e-06	-1.953651e-08	-2.734830e+01	-1.161532e+03
2.750000e-06	-4.004637e-06	-1.998599e-08	-2.829231e+01	-1.188890e+03
2.760000e-06	-4.136795e-06	-2.038877e-08	-2.922599e+01	-1.212915e+03
2.770000e-06	-4.267487e-06	-2.075137e-08	-3.014931e+01	-1.233958e+03
2.780000e-06	-4.396668e-06	-2.108038e-08	-3.106196e+01	-1.252604e+03
2.790000e-06	-4.524357e-06	-2.138172e-08	-3.196407e+01	-1.269551e+03
2.800000e-06	-4.650444e-06	-2.165879e-08	-3.285486e+01	-1.285425e+03
2.810000e-06	-4.774842e-06	-2.191367e-08	-3.373372e+01	-1.300630e+03
2.820000e-06	-4.897519e-06	-2.215062e-08	-3.460042e+01	-1.315280e+03
2.830000e-06	-5.018459e-06	-2.237581e-08	-3.545485e+01	-1.329252e+03
2.840000e-06	-5.137582e-06	-2.259092e-08	-3.629644e+01	-1.342324e+03
2.850000e-06	-5.254661e-06	-2.279359e-08	-3.712359e+01	-1.354327e+03
2.860000e-06	-5.369577e-06	-2.298201e-08	-3.793545e+01	-1.365252e+03
2.870000e-06	-5.482312e-06	-2.315864e-08	-3.873191e+01	-1.375281e+03
2.880000e-06	-5.592882e-06	-2.332618e-08	-3.951308e+01	-1.384710e+03
2.890000e-06	-5.701414e-06	-2.348640e-08	-4.027984e+01	-1.393841e+03
2.900000e-06	-5.807975e-06	-2.364037e-08	-4.103269e+01	-1.402863e+03
2.910000e-06	-5.912546e-06	-2.378882e-08	-4.177147e+01	-1.411796e+03
2.920000e-06	-6.015007e-06	-2.393100e-08	-4.249535e+01	-1.420500e+03
2.930000e-06	-6.115239e-06	-2.406441e-08	-4.320347e+01	-1.428764e+03
2.940000e-06	-6.213300e-06	-2.418966e-08	-4.389626e+01	-1.436408e+03
2.950000e-06	-6.309261e-06	-2.430894e-08	-4.457422e+01	-1.443368e+03
2.960000e-06	-6.402977e-06	-2.442432e-08	-4.523631e+01	-1.449732e+03
2.970000e-06	-6.494396e-06	-2.453314e-08	-4.588217e+01	-1.455694e+03
2.980000e-06	-6.583615e-06	-2.463650e-08	-4.651250e+01	-1.461476e+03
2.990000e-06	-6.670485e-06	-2.473697e-08	-4.712622e+01	-1.467235e+03
3.000000e-06	-6.754858e-06	-2.483254e-08	-4.772231e+01	-1.473004e+03
3.010000e-06	-6.836865e-06	-2.492109e-08	-4.830168e+01	-1.478690e+03
3.020000e-06	-6.916499e-06	-2.500363e-08	-4.886428e+01	-1.484126e+03
3.030000e-06	-6.993473e-06	-2.508387e-08	-4.940810e+01	-1.489152e+03
3.040000e-06	-7.067709e-06	-2.516239e-08	-4.993257e+01	-1.493691e+03
3.050000e-06	-7.139353e-06	-2.523785e-08	-5.043872e+01	-1.497783e+03
3.060000e-06	-7.208453e-06	-2.531032e-08	-5.092691e+01	-1.501562e+03
3.070000e-06	-7.275047e-06	-2.537893e-08	-5.139739e+01	-1.505200e+03
3.080000e-06	-7.339158e-06	-2.544070e-08	-5.185033e+01	-1.508828e+03
3.090000e-06	-7.400572e-06	-2.549691e-08	-5.228421e+01	-1.512485e+03
3.100000e-06	-7.459271e-06	-2.554885e-08	-5.269891e+01	-1.516103e+03
3.110000e-06	-7.515352e-06	-2.560015e-08	-5.309511e+01	-1.519546e+03
3.120000e-06	-7.568596e-06	-2.565014e-08	-5.347128e+01	-1.522671e+03
3.130000e-06	-7.618796e-06	-2.569947e-08	-5.382594e+01	-1.525397e+03
3.140000e-06	-7.665905e-06	-2.574731e-08	-5.415875e+01	-1.527738e+03
3.150000e-06	-7.710276e-06	-2.578929e-08	-5.447223e+01	-1.529796e+03
3.160000e-06	-7.752212e-06	-2.582352e-08	-5.476851e+01	-1.531712e+03
3.170000e-06	-7.791559e-06	-2.585226e-08	-5.504648e+01	-1.533604e+03
3.180000e-06	-7.828138e-06	-2.587850e-08	-5.530491e+01	-1.535516e+03
3.190000e-06	-7.861966e-06	-2.590284e-08	-5.554390e+01	-1.537397e+03
3.200000e-06	-7.892952e-06	-2.592755e-08	-5.576282e+01	-1.539132e+03
3.210000e-06	-7.920980e-06	-2.595364e-08	-5.596083e+01	-1.540593e+03
3.220000e-06	-7.946295e-06	-2.597855e-08	-5.613968e+01	-1.541700e+03
3.230000e-06	-7.968880e-06	-2.599706e-08	-5.629924e+01	-1.542457e+03
3.240000e-06	-7.988565e-06	-2.600977e-08	-5.643831e+01	-1.542953e+03
3.250000e-06	-8.005421e-06	-2.601733e-08	-5.655740e+01	-1.543320e+03
3.260000e-06	-8.019253e-06	-2.602207e-08	-5.665512e+01	-1.543676e+03
3.270000e-06	-8.030000e-06	-2.602622e-08	-5.673105e+01	-1.544071e+03
3.280000e-06	-8.037866e-06	-2.602985e-08	-5.678662e+01	-1.544468e+03
3.290000e-06	-8.042823e-06	-2.603284e-08	-5.682164e+01	-1.544761e+03
3.300000e-06	-8.044980e-06	-2.603579e-08	-5.683687e+01	-1.544823e+03
3.310000e-06	-8.044385e-06	-2.603146e-08	-5.683267e+01	-1.544565e+03
