# Temperatura_=_42.59
# Concentracion g/m^3_=_22500.0
# C_Vs_to_Am_M_A/Vsm_=_59384043850.047264
# pendiente_HvsI_1/m_=_3716.3
# ordenada_HvsI_A/m_=_1297.0
# frecuencia_Hz_=_301744.6357073132

Tiempo_(s)	Campo_(V.s)	Magnetizacion_(V.s)	Campo_(kA/m)	Magnetizacion_(A/m)
0.000000e+00	-7.949940e-06	-2.553772e-08	-5.681537e+01	-1.515081e+03
1.000000e-08	-7.945584e-06	-2.552905e-08	-5.678424e+01	-1.514493e+03
2.000000e-08	-7.938614e-06	-2.551730e-08	-5.673443e+01	-1.513672e+03
3.000000e-08	-7.928928e-06	-2.550279e-08	-5.666521e+01	-1.512713e+03
4.000000e-08	-7.916433e-06	-2.548818e-08	-5.657591e+01	-1.511718e+03
5.000000e-08	-7.901075e-06	-2.547275e-08	-5.646615e+01	-1.510743e+03
6.000000e-08	-7.882969e-06	-2.545845e-08	-5.633675e+01	-1.509776e+03
7.000000e-08	-7.862506e-06	-2.544012e-08	-5.619051e+01	-1.508734e+03
8.000000e-08	-7.839501e-06	-2.540353e-08	-5.602610e+01	-1.507501e+03
9.000000e-08	-7.813246e-06	-2.535913e-08	-5.583847e+01	-1.505976e+03
1.000000e-07	-7.783722e-06	-2.532800e-08	-5.562747e+01	-1.504121e+03
1.100000e-07	-7.751487e-06	-2.530580e-08	-5.539710e+01	-1.501979e+03
1.200000e-07	-7.716596e-06	-2.527601e-08	-5.514775e+01	-1.499655e+03
1.300000e-07	-7.679229e-06	-2.524097e-08	-5.488070e+01	-1.497275e+03
1.400000e-07	-7.639801e-06	-2.521739e-08	-5.459892e+01	-1.494927e+03
1.500000e-07	-7.598122e-06	-2.516732e-08	-5.430105e+01	-1.492622e+03
1.600000e-07	-7.553634e-06	-2.513135e-08	-5.398311e+01	-1.490285e+03
1.700000e-07	-7.506365e-06	-2.508298e-08	-5.364530e+01	-1.487789e+03
1.800000e-07	-7.456318e-06	-2.499902e-08	-5.328763e+01	-1.485003e+03
1.900000e-07	-7.403185e-06	-2.496436e-08	-5.290791e+01	-1.481848e+03
2.000000e-07	-7.347275e-06	-2.490068e-08	-5.250834e+01	-1.478333e+03
2.100000e-07	-7.288734e-06	-2.483820e-08	-5.208996e+01	-1.474546e+03
2.200000e-07	-7.227577e-06	-2.479608e-08	-5.165290e+01	-1.470615e+03
2.300000e-07	-7.163838e-06	-2.472544e-08	-5.119738e+01	-1.466651e+03
2.400000e-07	-7.097343e-06	-2.465735e-08	-5.072217e+01	-1.462696e+03
2.500000e-07	-7.028257e-06	-2.458619e-08	-5.022843e+01	-1.458706e+03
2.600000e-07	-6.956653e-06	-2.450189e-08	-4.971671e+01	-1.454561e+03
2.700000e-07	-6.882271e-06	-2.441262e-08	-4.918513e+01	-1.450125e+03
2.800000e-07	-6.805163e-06	-2.434795e-08	-4.863406e+01	-1.445297e+03
2.900000e-07	-6.725416e-06	-2.426993e-08	-4.806413e+01	-1.440058e+03
3.000000e-07	-6.643085e-06	-2.416474e-08	-4.747575e+01	-1.434478e+03
3.100000e-07	-6.558530e-06	-2.407763e-08	-4.687147e+01	-1.428682e+03
3.200000e-07	-6.471835e-06	-2.398328e-08	-4.625188e+01	-1.422797e+03
3.300000e-07	-6.382883e-06	-2.387182e-08	-4.561617e+01	-1.416889e+03
3.400000e-07	-6.291577e-06	-2.376440e-08	-4.496365e+01	-1.410934e+03
3.500000e-07	-6.197978e-06	-2.365858e-08	-4.429473e+01	-1.404820e+03
3.600000e-07	-6.102184e-06	-2.355407e-08	-4.361012e+01	-1.398398e+03
3.700000e-07	-6.004068e-06	-2.344134e-08	-4.290892e+01	-1.391538e+03
3.800000e-07	-5.903733e-06	-2.331593e-08	-4.219186e+01	-1.384187e+03
3.900000e-07	-5.801379e-06	-2.318094e-08	-4.146038e+01	-1.376389e+03
4.000000e-07	-5.696958e-06	-2.305309e-08	-4.071411e+01	-1.368262e+03
4.100000e-07	-5.590330e-06	-2.292574e-08	-3.995208e+01	-1.359947e+03
4.200000e-07	-5.481673e-06	-2.278455e-08	-3.917555e+01	-1.351541e+03
4.300000e-07	-5.371193e-06	-2.263465e-08	-3.838599e+01	-1.343049e+03
4.400000e-07	-5.258786e-06	-2.248384e-08	-3.758265e+01	-1.334383e+03
4.500000e-07	-5.144243e-06	-2.233217e-08	-3.676406e+01	-1.325397e+03
4.600000e-07	-5.027576e-06	-2.216529e-08	-3.593028e+01	-1.315946e+03
4.700000e-07	-4.909073e-06	-2.199004e-08	-3.508338e+01	-1.305951e+03
4.800000e-07	-4.788886e-06	-2.181955e-08	-3.422445e+01	-1.295432e+03
4.900000e-07	-4.666914e-06	-2.165070e-08	-3.335276e+01	-1.284500e+03
5.000000e-07	-4.543096e-06	-2.146680e-08	-3.246788e+01	-1.273300e+03
5.100000e-07	-4.417616e-06	-2.127018e-08	-3.157112e+01	-1.261951e+03
5.200000e-07	-4.290635e-06	-2.107249e-08	-3.066363e+01	-1.250482e+03
5.300000e-07	-4.162199e-06	-2.087373e-08	-2.974574e+01	-1.238822e+03
5.400000e-07	-4.032269e-06	-2.066833e-08	-2.881718e+01	-1.226821e+03
5.500000e-07	-3.900765e-06	-2.045036e-08	-2.787737e+01	-1.214317e+03
5.600000e-07	-3.767780e-06	-2.022991e-08	-2.692698e+01	-1.201203e+03
5.700000e-07	-3.633416e-06	-2.000612e-08	-2.596672e+01	-1.187479e+03
5.800000e-07	-3.497805e-06	-1.977321e-08	-2.499756e+01	-1.173243e+03
5.900000e-07	-3.360995e-06	-1.952664e-08	-2.401983e+01	-1.158652e+03
6.000000e-07	-3.222944e-06	-1.927580e-08	-2.303323e+01	-1.143842e+03
6.100000e-07	-3.083598e-06	-1.902739e-08	-2.203737e+01	-1.128864e+03
6.200000e-07	-2.942891e-06	-1.877013e-08	-2.103179e+01	-1.113654e+03
6.300000e-07	-2.801022e-06	-1.849938e-08	-2.001790e+01	-1.098054e+03
6.400000e-07	-2.658107e-06	-1.821825e-08	-1.899654e+01	-1.081881e+03
6.500000e-07	-2.514134e-06	-1.793602e-08	-1.796762e+01	-1.065004e+03
6.600000e-07	-2.369159e-06	-1.764728e-08	-1.693153e+01	-1.047406e+03
6.700000e-07	-2.223291e-06	-1.734565e-08	-1.588906e+01	-1.029194e+03
6.800000e-07	-2.076604e-06	-1.703386e-08	-1.484074e+01	-1.010543e+03
6.900000e-07	-1.929198e-06	-1.672026e-08	-1.378728e+01	-9.916174e+02
7.000000e-07	-1.781211e-06	-1.640144e-08	-1.272968e+01	-9.724817e+02
7.100000e-07	-1.632658e-06	-1.606784e-08	-1.166802e+01	-9.530556e+02
7.200000e-07	-1.483600e-06	-1.571969e-08	-1.060276e+01	-9.331350e+02
7.300000e-07	-1.334054e-06	-1.536583e-08	-9.534005e+00	-9.124711e+02
7.400000e-07	-1.184004e-06	-1.500618e-08	-8.461652e+00	-8.908752e+02
7.500000e-07	-1.033546e-06	-1.463133e-08	-7.386383e+00	-8.683014e+02
7.600000e-07	-8.827263e-07	-1.424212e-08	-6.308528e+00	-8.448651e+02
7.700000e-07	-7.316605e-07	-1.384523e-08	-5.228915e+00	-8.207804e+02
7.800000e-07	-5.803953e-07	-1.344176e-08	-4.147877e+00	-7.962391e+02
7.900000e-07	-4.289314e-07	-1.302022e-08	-3.065419e+00	-7.712796e+02
8.000000e-07	-2.773585e-07	-1.257510e-08	-1.982182e+00	-7.457074e+02
8.100000e-07	-1.256362e-07	-1.211085e-08	-8.978771e-01	-7.191082e+02
8.200000e-07	2.622353e-08	-1.163009e-08	1.874101e-01	-6.909575e+02
8.300000e-07	1.780688e-07	-1.112333e-08	1.272594e+00	-6.607826e+02
8.400000e-07	3.297755e-07	-1.058158e-08	2.356787e+00	-6.283009e+02
8.500000e-07	4.813729e-07	-1.000417e-08	3.440200e+00	-5.934562e+02
8.600000e-07	6.327886e-07	-9.391602e-09	4.522313e+00	-5.563064e+02
8.700000e-07	7.839651e-07	-8.731848e-09	5.602718e+00	-5.167773e+02
8.800000e-07	9.349278e-07	-8.001426e-09	6.681593e+00	-4.743596e+02
8.900000e-07	1.085581e-06	-7.186952e-09	7.758261e+00	-4.278727e+02
9.000000e-07	1.235854e-06	-6.275006e-09	8.832204e+00	-3.754174e+02
9.100000e-07	1.385716e-06	-5.236606e-09	9.903215e+00	-3.145968e+02
9.200000e-07	1.535099e-06	-4.029082e-09	1.097080e+01	-2.429968e+02
9.300000e-07	1.683910e-06	-2.617310e-09	1.203430e+01	-1.588278e+02
9.400000e-07	1.832125e-06	-9.861010e-10	1.309354e+01	-6.155552e+01
9.500000e-07	1.979766e-06	8.613809e-10	1.414868e+01	4.766890e+01
9.600000e-07	2.126746e-06	2.889341e-09	1.519909e+01	1.659301e+02
9.700000e-07	2.272894e-06	5.010460e-09	1.624356e+01	2.888759e+02
9.800000e-07	2.418184e-06	7.104993e-09	1.728189e+01	4.113915e+02
9.900000e-07	2.562609e-06	9.068578e-09	1.831405e+01	5.284563e+02
1.000000e-06	2.706115e-06	1.084322e-08	1.933963e+01	6.359673e+02
1.010000e-06	2.848615e-06	1.240963e-08	2.035803e+01	7.313239e+02
1.020000e-06	2.990018e-06	1.376601e-08	2.136859e+01	8.136416e+02
1.030000e-06	3.130283e-06	1.492721e-08	2.237101e+01	8.835740e+02
1.040000e-06	3.269352e-06	1.592713e-08	2.336489e+01	9.428324e+02
1.050000e-06	3.407134e-06	1.679798e-08	2.434956e+01	9.935699e+02
1.060000e-06	3.543594e-06	1.755386e-08	2.532480e+01	1.037812e+03
1.070000e-06	3.678753e-06	1.820820e-08	2.629073e+01	1.077083e+03
1.080000e-06	3.812650e-06	1.878306e-08	2.724764e+01	1.112289e+03
1.090000e-06	3.945215e-06	1.929633e-08	2.819503e+01	1.143831e+03
1.100000e-06	4.076280e-06	1.975300e-08	2.913171e+01	1.171856e+03
1.110000e-06	4.205779e-06	2.015617e-08	3.005720e+01	1.196519e+03
1.120000e-06	4.333808e-06	2.051700e-08	3.097217e+01	1.218157e+03
1.130000e-06	4.460430e-06	2.084717e-08	3.187710e+01	1.237314e+03
1.140000e-06	4.585595e-06	2.115126e-08	3.277160e+01	1.254648e+03
1.150000e-06	4.709103e-06	2.142811e-08	3.365427e+01	1.270770e+03
1.160000e-06	4.830803e-06	2.168189e-08	3.452402e+01	1.286093e+03
1.170000e-06	4.950787e-06	2.192308e-08	3.538150e+01	1.300771e+03
1.180000e-06	5.068989e-06	2.215139e-08	3.622624e+01	1.314730e+03
1.190000e-06	5.185221e-06	2.236232e-08	3.705692e+01	1.327787e+03
1.200000e-06	5.299398e-06	2.255788e-08	3.787290e+01	1.339787e+03
1.210000e-06	5.411537e-06	2.274364e-08	3.867431e+01	1.350712e+03
1.220000e-06	5.521791e-06	2.292038e-08	3.946226e+01	1.360713e+03
1.230000e-06	5.630169e-06	2.308363e-08	4.023680e+01	1.370058e+03
1.240000e-06	5.736473e-06	2.323554e-08	4.099652e+01	1.379030e+03
1.250000e-06	5.840686e-06	2.338209e-08	4.174129e+01	1.387826e+03
1.260000e-06	5.942897e-06	2.352591e-08	4.247175e+01	1.396493e+03
1.270000e-06	6.043019e-06	2.366095e-08	4.318729e+01	1.404931e+03
1.280000e-06	6.140815e-06	2.378487e-08	4.388620e+01	1.412957e+03
1.290000e-06	6.236286e-06	2.390378e-08	4.456850e+01	1.420406e+03
1.300000e-06	6.329643e-06	2.401974e-08	4.523569e+01	1.427204e+03
1.310000e-06	6.420813e-06	2.412966e-08	4.588725e+01	1.433409e+03
1.320000e-06	6.509630e-06	2.423015e-08	4.652199e+01	1.439187e+03
1.330000e-06	6.596167e-06	2.432488e-08	4.714044e+01	1.444735e+03
1.340000e-06	6.680464e-06	2.441878e-08	4.774288e+01	1.450208e+03
1.350000e-06	6.762445e-06	2.451039e-08	4.832877e+01	1.455658e+03
1.360000e-06	6.841991e-06	2.459461e-08	4.889726e+01	1.461022e+03
1.370000e-06	6.918963e-06	2.467244e-08	4.944735e+01	1.466165e+03
1.380000e-06	6.993302e-06	2.475062e-08	4.997862e+01	1.470944e+03
1.390000e-06	7.065053e-06	2.482755e-08	5.049140e+01	1.475280e+03
1.400000e-06	7.134323e-06	2.489664e-08	5.098645e+01	1.479188e+03
1.410000e-06	7.201033e-06	2.496039e-08	5.146320e+01	1.482776e+03
1.420000e-06	7.265145e-06	2.502385e-08	5.192139e+01	1.486190e+03
1.430000e-06	7.326789e-06	2.508501e-08	5.236193e+01	1.489552e+03
1.440000e-06	7.385879e-06	2.513793e-08	5.278423e+01	1.492913e+03
1.450000e-06	7.442305e-06	2.518520e-08	5.318749e+01	1.496232e+03
1.460000e-06	7.495920e-06	2.523216e-08	5.357065e+01	1.499402e+03
1.470000e-06	7.546503e-06	2.527945e-08	5.393215e+01	1.502305e+03
1.480000e-06	7.594126e-06	2.532348e-08	5.427249e+01	1.504859e+03
1.490000e-06	7.639067e-06	2.536258e-08	5.459367e+01	1.507063e+03
1.500000e-06	7.681285e-06	2.540079e-08	5.489539e+01	1.508988e+03
1.510000e-06	7.720688e-06	2.543761e-08	5.517699e+01	1.510745e+03
1.520000e-06	7.757458e-06	2.546872e-08	5.543977e+01	1.512433e+03
1.530000e-06	7.791543e-06	2.549179e-08	5.568336e+01	1.514095e+03
1.540000e-06	7.822853e-06	2.551174e-08	5.590713e+01	1.515703e+03
1.550000e-06	7.851446e-06	2.553310e-08	5.611147e+01	1.517174e+03
1.560000e-06	7.877218e-06	2.555395e-08	5.629565e+01	1.518409e+03
1.570000e-06	7.900190e-06	2.556875e-08	5.645982e+01	1.519347e+03
1.580000e-06	7.920551e-06	2.557914e-08	5.660534e+01	1.519987e+03
1.590000e-06	7.938146e-06	2.558953e-08	5.673108e+01	1.520397e+03
1.600000e-06	7.952735e-06	2.559786e-08	5.683535e+01	1.520677e+03
1.610000e-06	7.964249e-06	2.559995e-08	5.691763e+01	1.520917e+03
1.620000e-06	7.972756e-06	2.559909e-08	5.697843e+01	1.521155e+03
1.630000e-06	7.978472e-06	2.560065e-08	5.701928e+01	1.521361e+03
1.640000e-06	7.981418e-06	2.560110e-08	5.704034e+01	1.521450e+03
1.650000e-06	7.981581e-06	2.559716e-08	5.704150e+01	1.521327e+03
1.660000e-06	7.979099e-06	2.559017e-08	5.702376e+01	1.520928e+03
1.670000e-06	7.973922e-06	2.558350e-08	5.698676e+01	1.520256e+03
1.680000e-06	7.966053e-06	2.557375e-08	5.693052e+01	1.519377e+03
1.690000e-06	7.955591e-06	2.555650e-08	5.685575e+01	1.518395e+03
1.700000e-06	7.942302e-06	2.553647e-08	5.676079e+01	1.517401e+03
1.710000e-06	7.926343e-06	2.551658e-08	5.664673e+01	1.516433e+03
1.720000e-06	7.908124e-06	2.549549e-08	5.651653e+01	1.515452e+03
1.730000e-06	7.887475e-06	2.548402e-08	5.636896e+01	1.514360e+03
1.740000e-06	7.863824e-06	2.548473e-08	5.619993e+01	1.513040e+03
1.750000e-06	7.836632e-06	2.546066e-08	5.600560e+01	1.511408e+03
1.760000e-06	7.805946e-06	2.541284e-08	5.578630e+01	1.509450e+03
1.770000e-06	7.772443e-06	2.536705e-08	5.554687e+01	1.507235e+03
1.780000e-06	7.736497e-06	2.531587e-08	5.528997e+01	1.504879e+03
1.790000e-06	7.698165e-06	2.527362e-08	5.501602e+01	1.502501e+03
1.800000e-06	7.657842e-06	2.524647e-08	5.472785e+01	1.500168e+03
1.810000e-06	7.615298e-06	2.518892e-08	5.442380e+01	1.497863e+03
1.820000e-06	7.569999e-06	2.515712e-08	5.410007e+01	1.495489e+03
1.830000e-06	7.522048e-06	2.513830e-08	5.375738e+01	1.492911e+03
1.840000e-06	7.471132e-06	2.508030e-08	5.339350e+01	1.490009e+03
1.850000e-06	7.417160e-06	2.504379e-08	5.300778e+01	1.486732e+03
1.860000e-06	7.360452e-06	2.495318e-08	5.260251e+01	1.483115e+03
1.870000e-06	7.301214e-06	2.487294e-08	5.217916e+01	1.479266e+03
1.880000e-06	7.239460e-06	2.483965e-08	5.173782e+01	1.475313e+03
1.890000e-06	7.174927e-06	2.476262e-08	5.127663e+01	1.471350e+03
1.900000e-06	7.107752e-06	2.470335e-08	5.079655e+01	1.467392e+03
1.910000e-06	7.037849e-06	2.465162e-08	5.029699e+01	1.463365e+03
1.920000e-06	6.965186e-06	2.457375e-08	4.977769e+01	1.459140e+03
1.930000e-06	6.889924e-06	2.447671e-08	4.923982e+01	1.454584e+03
1.940000e-06	6.811906e-06	2.438016e-08	4.868225e+01	1.449620e+03
1.950000e-06	6.731368e-06	2.430097e-08	4.810667e+01	1.444258e+03
1.960000e-06	6.648548e-06	2.421246e-08	4.751479e+01	1.438592e+03
1.970000e-06	6.563367e-06	2.413549e-08	4.690603e+01	1.432754e+03
1.980000e-06	6.475706e-06	2.404316e-08	4.627955e+01	1.426857e+03
1.990000e-06	6.385740e-06	2.392863e-08	4.563659e+01	1.420939e+03
2.000000e-06	6.293632e-06	2.382668e-08	4.497833e+01	1.414947e+03
2.010000e-06	6.199198e-06	2.370498e-08	4.430345e+01	1.408749e+03
2.020000e-06	6.102565e-06	2.359354e-08	4.361284e+01	1.402196e+03
2.030000e-06	6.003812e-06	2.347851e-08	4.290709e+01	1.395178e+03
2.040000e-06	5.902955e-06	2.336666e-08	4.218630e+01	1.387673e+03
2.050000e-06	5.799922e-06	2.324490e-08	4.144996e+01	1.379752e+03
2.060000e-06	5.694732e-06	2.310007e-08	4.069820e+01	1.371549e+03
2.070000e-06	5.587596e-06	2.295348e-08	3.993255e+01	1.363196e+03
2.080000e-06	5.478471e-06	2.280581e-08	3.915267e+01	1.354764e+03
2.090000e-06	5.367271e-06	2.266287e-08	3.835796e+01	1.346229e+03
2.100000e-06	5.253990e-06	2.250789e-08	3.754838e+01	1.337476e+03
2.110000e-06	5.138768e-06	2.235627e-08	3.672493e+01	1.328353e+03
2.120000e-06	5.021567e-06	2.219504e-08	3.588734e+01	1.318729e+03
2.130000e-06	4.902313e-06	2.202854e-08	3.503507e+01	1.308557e+03
2.140000e-06	4.781195e-06	2.184773e-08	3.416948e+01	1.297889e+03
2.150000e-06	4.658392e-06	2.167123e-08	3.329186e+01	1.286853e+03
2.160000e-06	4.534009e-06	2.148574e-08	3.240294e+01	1.275594e+03
2.170000e-06	4.408014e-06	2.129622e-08	3.150249e+01	1.264207e+03
2.180000e-06	4.280340e-06	2.109555e-08	3.059006e+01	1.252688e+03
2.190000e-06	4.151145e-06	2.088610e-08	2.966674e+01	1.240935e+03
2.200000e-06	4.020578e-06	2.067716e-08	2.873363e+01	1.228787e+03
2.210000e-06	3.888654e-06	2.045898e-08	2.779082e+01	1.216092e+03
2.220000e-06	3.755338e-06	2.024396e-08	2.683805e+01	1.202776e+03
2.230000e-06	3.620479e-06	2.001525e-08	2.587427e+01	1.188870e+03
2.240000e-06	3.484191e-06	1.978707e-08	2.490027e+01	1.174501e+03
2.250000e-06	3.346704e-06	1.954159e-08	2.391769e+01	1.159826e+03
2.260000e-06	3.208078e-06	1.928934e-08	2.292698e+01	1.144960e+03
2.270000e-06	3.068337e-06	1.902312e-08	2.192831e+01	1.129919e+03
2.280000e-06	2.927397e-06	1.875494e-08	2.092105e+01	1.114602e+03
2.290000e-06	2.785205e-06	1.848481e-08	1.990486e+01	1.098836e+03
2.300000e-06	2.641901e-06	1.820772e-08	1.888072e+01	1.082444e+03
2.310000e-06	2.497688e-06	1.792248e-08	1.785008e+01	1.065330e+03
2.320000e-06	2.352613e-06	1.763058e-08	1.681328e+01	1.047516e+03
2.330000e-06	2.206710e-06	1.733257e-08	1.577056e+01	1.029141e+03
2.340000e-06	2.060088e-06	1.701664e-08	1.472271e+01	1.010385e+03
2.350000e-06	1.912826e-06	1.669145e-08	1.367028e+01	9.913905e+02
2.360000e-06	1.764958e-06	1.635978e-08	1.261352e+01	9.721756e+02
2.370000e-06	1.616513e-06	1.602784e-08	1.155264e+01	9.526155e+02
2.380000e-06	1.467512e-06	1.568082e-08	1.048778e+01	9.324809e+02
2.390000e-06	1.317995e-06	1.532226e-08	9.419239e+00	9.115307e+02
2.400000e-06	1.167968e-06	1.495412e-08	8.347045e+00	8.896158e+02
2.410000e-06	1.017421e-06	1.457912e-08	7.271140e+00	8.667440e+02
2.420000e-06	8.664423e-07	1.418837e-08	6.192152e+00	8.430726e+02
2.430000e-06	7.151330e-07	1.378367e-08	5.110799e+00	8.188237e+02
2.440000e-06	5.635156e-07	1.336966e-08	4.027244e+00	7.941525e+02
2.450000e-06	4.117475e-07	1.294491e-08	2.942612e+00	7.690276e+02
2.460000e-06	2.599355e-07	1.249995e-08	1.857666e+00	7.431772e+02
2.470000e-06	1.080015e-07	1.203059e-08	7.718482e-01	7.161359e+02
2.480000e-06	-4.402454e-08	1.154078e-08	-3.146276e-01	6.873776e+02
2.490000e-06	-1.960129e-07	1.102604e-08	-1.400834e+00	6.564791e+02
2.500000e-06	-3.478641e-07	1.048107e-08	-2.486060e+00	6.232332e+02
2.510000e-06	-4.995624e-07	9.898081e-09	-3.570194e+00	5.876401e+02
2.520000e-06	-6.510791e-07	9.276624e-09	-4.653029e+00	5.497469e+02
2.530000e-06	-8.023703e-07	8.604114e-09	-5.734253e+00	5.093721e+02
2.540000e-06	-9.533589e-07	7.864791e-09	-6.813314e+00	4.658096e+02
2.550000e-06	-1.103939e-06	7.035731e-09	-7.889457e+00	4.176408e+02
2.560000e-06	-1.254126e-06	6.100877e-09	-8.962789e+00	3.627692e+02
2.570000e-06	-1.403856e-06	5.033290e-09	-1.003286e+01	2.987292e+02
2.580000e-06	-1.552970e-06	3.795648e-09	-1.109852e+01	2.232341e+02
2.590000e-06	-1.701479e-06	2.354414e-09	-1.215986e+01	1.348349e+02
2.600000e-06	-1.849437e-06	6.916504e-10	-1.321726e+01	3.350684e+01
2.610000e-06	-1.996739e-06	-1.182171e-09	-1.426998e+01	-7.902107e+01
2.620000e-06	-2.143337e-06	-3.222955e-09	-1.531766e+01	-1.993170e+02
2.630000e-06	-2.289248e-06	-5.337327e-09	-1.636044e+01	-3.226973e+02
2.640000e-06	-2.434331e-06	-7.410052e-09	-1.739729e+01	-4.439809e+02
2.650000e-06	-2.578521e-06	-9.340992e-09	-1.842776e+01	-5.583603e+02
2.660000e-06	-2.721769e-06	-1.107338e-08	-1.945151e+01	-6.621678e+02
2.670000e-06	-2.863927e-06	-1.259185e-08	-2.046746e+01	-7.533505e+02
2.680000e-06	-3.004920e-06	-1.390506e-08	-2.147509e+01	-8.315548e+02
2.690000e-06	-3.144720e-06	-1.503494e-08	-2.247419e+01	-8.978373e+02
2.700000e-06	-3.283321e-06	-1.600882e-08	-2.346472e+01	-9.541196e+02
2.710000e-06	-3.420727e-06	-1.685274e-08	-2.444671e+01	-1.002569e+03
2.720000e-06	-3.556932e-06	-1.758537e-08	-2.542012e+01	-1.045078e+03
2.730000e-06	-3.691806e-06	-1.822462e-08	-2.638401e+01	-1.082974e+03
2.740000e-06	-3.825249e-06	-1.878795e-08	-2.733768e+01	-1.116978e+03
2.750000e-06	-3.957317e-06	-1.928751e-08	-2.828152e+01	-1.147379e+03
2.760000e-06	-4.088011e-06	-1.973342e-08	-2.921555e+01	-1.174301e+03
2.770000e-06	-4.217299e-06	-2.013163e-08	-3.013952e+01	-1.197946e+03
2.780000e-06	-4.345113e-06	-2.048971e-08	-3.105296e+01	-1.218720e+03
2.790000e-06	-4.471344e-06	-2.081601e-08	-3.195509e+01	-1.237220e+03
2.800000e-06	-4.596001e-06	-2.111525e-08	-3.284597e+01	-1.254107e+03
2.810000e-06	-4.719041e-06	-2.138917e-08	-3.372529e+01	-1.269941e+03
2.820000e-06	-4.840394e-06	-2.164127e-08	-3.459256e+01	-1.285054e+03
2.830000e-06	-4.959946e-06	-2.187617e-08	-3.544695e+01	-1.299518e+03
2.840000e-06	-5.077519e-06	-2.209793e-08	-3.628720e+01	-1.313210e+03
2.850000e-06	-5.193078e-06	-2.230707e-08	-3.711307e+01	-1.325940e+03
2.860000e-06	-5.306508e-06	-2.250186e-08	-3.792371e+01	-1.337590e+03
2.870000e-06	-5.417746e-06	-2.268512e-08	-3.871869e+01	-1.348197e+03
2.880000e-06	-5.527006e-06	-2.285929e-08	-3.949953e+01	-1.357956e+03
2.890000e-06	-5.634440e-06	-2.302519e-08	-4.026732e+01	-1.367153e+03
2.900000e-06	-5.740010e-06	-2.318183e-08	-4.102179e+01	-1.376056e+03
2.910000e-06	-5.843485e-06	-2.333014e-08	-4.176129e+01	-1.384815e+03
2.920000e-06	-5.944688e-06	-2.347085e-08	-4.248456e+01	-1.393426e+03
2.930000e-06	-6.043756e-06	-2.360399e-08	-4.319256e+01	-1.401754e+03
2.940000e-06	-6.140801e-06	-2.373098e-08	-4.388610e+01	-1.409611e+03
2.950000e-06	-6.235676e-06	-2.385296e-08	-4.456414e+01	-1.416854e+03
2.960000e-06	-6.328276e-06	-2.397050e-08	-4.522592e+01	-1.423451e+03
2.970000e-06	-6.418698e-06	-2.408171e-08	-4.587214e+01	-1.429499e+03
2.980000e-06	-6.506971e-06	-2.418488e-08	-4.650299e+01	-1.435183e+03
2.990000e-06	-6.592889e-06	-2.428219e-08	-4.711701e+01	-1.440696e+03
3.000000e-06	-6.676367e-06	-2.437503e-08	-4.771360e+01	-1.446163e+03
3.010000e-06	-6.757553e-06	-2.446418e-08	-4.829381e+01	-1.451599e+03
3.020000e-06	-6.836290e-06	-2.454855e-08	-4.885651e+01	-1.456910e+03
3.030000e-06	-6.912299e-06	-2.462799e-08	-4.939972e+01	-1.461951e+03
3.040000e-06	-6.985691e-06	-2.470428e-08	-4.992423e+01	-1.466594e+03
3.050000e-06	-7.056596e-06	-2.477733e-08	-5.043096e+01	-1.470787e+03
3.060000e-06	-7.124938e-06	-2.484652e-08	-5.091938e+01	-1.474579e+03
3.070000e-06	-7.190751e-06	-2.490933e-08	-5.138972e+01	-1.478097e+03
3.080000e-06	-7.254090e-06	-2.496889e-08	-5.184238e+01	-1.481484e+03
3.090000e-06	-7.314826e-06	-2.502722e-08	-5.227644e+01	-1.484847e+03
3.100000e-06	-7.372898e-06	-2.508203e-08	-5.269146e+01	-1.488204e+03
3.110000e-06	-7.428321e-06	-2.513351e-08	-5.308755e+01	-1.491490e+03
3.120000e-06	-7.480943e-06	-2.518235e-08	-5.346362e+01	-1.494588e+03
3.130000e-06	-7.530520e-06	-2.522878e-08	-5.381793e+01	-1.497386e+03
3.140000e-06	-7.577067e-06	-2.527152e-08	-5.415058e+01	-1.499825e+03
3.150000e-06	-7.621033e-06	-2.531173e-08	-5.446479e+01	-1.501931e+03
3.160000e-06	-7.662586e-06	-2.534733e-08	-5.476175e+01	-1.503791e+03
3.170000e-06	-7.701541e-06	-2.537974e-08	-5.504015e+01	-1.505518e+03
3.180000e-06	-7.737789e-06	-2.541019e-08	-5.529920e+01	-1.507197e+03
3.190000e-06	-7.771347e-06	-2.543478e-08	-5.553903e+01	-1.508850e+03
3.200000e-06	-7.802104e-06	-2.545517e-08	-5.575884e+01	-1.510427e+03
3.210000e-06	-7.829953e-06	-2.547586e-08	-5.595786e+01	-1.511833e+03
3.220000e-06	-7.855027e-06	-2.549661e-08	-5.613706e+01	-1.512979e+03
3.230000e-06	-7.877311e-06	-2.551425e-08	-5.629631e+01	-1.513818e+03
3.240000e-06	-7.896805e-06	-2.552795e-08	-5.643563e+01	-1.514376e+03
3.250000e-06	-7.913547e-06	-2.553766e-08	-5.655528e+01	-1.514735e+03
3.260000e-06	-7.927240e-06	-2.554464e-08	-5.665314e+01	-1.514996e+03
3.270000e-06	-7.937843e-06	-2.554971e-08	-5.672892e+01	-1.515236e+03
3.280000e-06	-7.945656e-06	-2.555190e-08	-5.678475e+01	-1.515471e+03
3.290000e-06	-7.950656e-06	-2.555169e-08	-5.682049e+01	-1.515652e+03
3.300000e-06	-7.952878e-06	-2.555104e-08	-5.683637e+01	-1.515684e+03
3.310000e-06	-7.952389e-06	-2.554632e-08	-5.683287e+01	-1.515478e+03
