# Temperatura_=_51.4
# Concentracion g/m^3_=_22500.0
# C_Vs_to_Am_M_A/Vsm_=_59384043850.047264
# pendiente_HvsI_1/m_=_3716.3
# ordenada_HvsI_A/m_=_1297.0
# frecuencia_Hz_=_301754.713160211

Tiempo_(s)	Campo_(V.s)	Magnetizacion_(V.s)	Campo_(kA/m)	Magnetizacion_(A/m)
0.000000e+00	-8.063869e-06	-2.615385e-08	-5.681324e+01	-1.551358e+03
1.000000e-08	-8.059592e-06	-2.614156e-08	-5.678311e+01	-1.550617e+03
2.000000e-08	-8.052683e-06	-2.612652e-08	-5.673443e+01	-1.549663e+03
3.000000e-08	-8.043038e-06	-2.611172e-08	-5.666648e+01	-1.548652e+03
4.000000e-08	-8.030537e-06	-2.609620e-08	-5.657840e+01	-1.547702e+03
5.000000e-08	-8.015088e-06	-2.607974e-08	-5.646956e+01	-1.546838e+03
6.000000e-08	-7.996885e-06	-2.606308e-08	-5.634131e+01	-1.545981e+03
7.000000e-08	-7.976319e-06	-2.603266e-08	-5.619642e+01	-1.544975e+03
8.000000e-08	-7.953087e-06	-2.599038e-08	-5.603274e+01	-1.543659e+03
9.000000e-08	-7.926634e-06	-2.597009e-08	-5.584637e+01	-1.541933e+03
1.000000e-07	-7.896980e-06	-2.594399e-08	-5.563744e+01	-1.539802e+03
1.100000e-07	-7.864474e-06	-2.590722e-08	-5.540842e+01	-1.537378e+03
1.200000e-07	-7.829269e-06	-2.587094e-08	-5.516039e+01	-1.534831e+03
1.300000e-07	-7.791595e-06	-2.583437e-08	-5.489496e+01	-1.532316e+03
1.400000e-07	-7.751718e-06	-2.580304e-08	-5.461401e+01	-1.529907e+03
1.500000e-07	-7.709466e-06	-2.574890e-08	-5.431633e+01	-1.527565e+03
1.600000e-07	-7.664479e-06	-2.572690e-08	-5.399937e+01	-1.525155e+03
1.700000e-07	-7.616734e-06	-2.564668e-08	-5.366299e+01	-1.522500e+03
1.800000e-07	-7.566058e-06	-2.558073e-08	-5.330596e+01	-1.519458e+03
1.900000e-07	-7.512310e-06	-2.556516e-08	-5.292728e+01	-1.515982e+03
2.000000e-07	-7.455773e-06	-2.546775e-08	-5.252896e+01	-1.512132e+03
2.100000e-07	-7.396560e-06	-2.540065e-08	-5.211178e+01	-1.508048e+03
2.200000e-07	-7.334733e-06	-2.533096e-08	-5.167618e+01	-1.503887e+03
2.300000e-07	-7.270285e-06	-2.526668e-08	-5.122212e+01	-1.499748e+03
2.400000e-07	-7.203043e-06	-2.519903e-08	-5.074837e+01	-1.495629e+03
2.500000e-07	-7.133112e-06	-2.511697e-08	-5.025568e+01	-1.491430e+03
2.600000e-07	-7.060487e-06	-2.504451e-08	-4.974401e+01	-1.486991e+03
2.700000e-07	-6.985093e-06	-2.495088e-08	-4.921283e+01	-1.482165e+03
2.800000e-07	-6.906952e-06	-2.488154e-08	-4.866229e+01	-1.476883e+03
2.900000e-07	-6.826114e-06	-2.478282e-08	-4.809275e+01	-1.471180e+03
3.000000e-07	-6.742898e-06	-2.466759e-08	-4.750646e+01	-1.465180e+03
3.100000e-07	-6.657464e-06	-2.457402e-08	-4.690455e+01	-1.459039e+03
3.200000e-07	-6.569715e-06	-2.447589e-08	-4.628632e+01	-1.452873e+03
3.300000e-07	-6.479577e-06	-2.437120e-08	-4.565126e+01	-1.446705e+03
3.400000e-07	-6.387119e-06	-2.424946e-08	-4.499986e+01	-1.440449e+03
3.500000e-07	-6.292362e-06	-2.414044e-08	-4.433226e+01	-1.433952e+03
3.600000e-07	-6.195288e-06	-2.403112e-08	-4.364832e+01	-1.427054e+03
3.700000e-07	-6.095891e-06	-2.390538e-08	-4.294804e+01	-1.419658e+03
3.800000e-07	-5.994317e-06	-2.376935e-08	-4.223241e+01	-1.411772e+03
3.900000e-07	-5.890683e-06	-2.362620e-08	-4.150226e+01	-1.403504e+03
4.000000e-07	-5.784812e-06	-2.349604e-08	-4.075636e+01	-1.395010e+03
4.100000e-07	-5.676801e-06	-2.335917e-08	-3.999538e+01	-1.386420e+03
4.200000e-07	-5.566850e-06	-2.321417e-08	-3.922072e+01	-1.377781e+03
4.300000e-07	-5.454953e-06	-2.305751e-08	-3.843237e+01	-1.369026e+03
4.400000e-07	-5.340932e-06	-2.290356e-08	-3.762904e+01	-1.360005e+03
4.500000e-07	-5.224678e-06	-2.274762e-08	-3.680999e+01	-1.350545e+03
4.600000e-07	-5.106398e-06	-2.257129e-08	-3.597666e+01	-1.340526e+03
4.700000e-07	-4.986302e-06	-2.238690e-08	-3.513053e+01	-1.329933e+03
4.800000e-07	-4.864394e-06	-2.220781e-08	-3.427163e+01	-1.318860e+03
4.900000e-07	-4.740631e-06	-2.203357e-08	-3.339968e+01	-1.307468e+03
5.000000e-07	-4.615184e-06	-2.184136e-08	-3.251585e+01	-1.295909e+03
5.100000e-07	-4.488194e-06	-2.163680e-08	-3.162116e+01	-1.284257e+03
5.200000e-07	-4.359643e-06	-2.143138e-08	-3.071546e+01	-1.272467e+03
5.300000e-07	-4.229496e-06	-2.122659e-08	-2.979852e+01	-1.260394e+03
5.400000e-07	-4.097739e-06	-2.101205e-08	-2.887024e+01	-1.247852e+03
5.500000e-07	-3.964502e-06	-2.078285e-08	-2.793153e+01	-1.234693e+03
5.600000e-07	-3.829868e-06	-2.055383e-08	-2.698298e+01	-1.220873e+03
5.700000e-07	-3.693871e-06	-2.032487e-08	-2.602483e+01	-1.206468e+03
5.800000e-07	-3.556533e-06	-2.008317e-08	-2.505722e+01	-1.191635e+03
5.900000e-07	-3.417708e-06	-1.982255e-08	-2.407914e+01	-1.176538e+03
6.000000e-07	-3.277414e-06	-1.955827e-08	-2.309071e+01	-1.161269e+03
6.100000e-07	-3.135815e-06	-1.929932e-08	-2.209310e+01	-1.145794e+03
6.200000e-07	-2.993009e-06	-1.903163e-08	-2.108697e+01	-1.129967e+03
6.300000e-07	-2.849000e-06	-1.874922e-08	-2.007236e+01	-1.113588e+03
6.400000e-07	-2.703837e-06	-1.845691e-08	-1.904963e+01	-1.096496e+03
6.500000e-07	-2.557714e-06	-1.816521e-08	-1.802014e+01	-1.078640e+03
6.600000e-07	-2.410797e-06	-1.786367e-08	-1.698505e+01	-1.060103e+03
6.700000e-07	-2.263103e-06	-1.754596e-08	-1.594448e+01	-1.041070e+03
6.800000e-07	-2.114659e-06	-1.721887e-08	-1.489863e+01	-1.021729e+03
6.900000e-07	-1.965559e-06	-1.689125e-08	-1.384816e+01	-1.002181e+03
7.000000e-07	-1.815810e-06	-1.655875e-08	-1.279312e+01	-9.823683e+02
7.100000e-07	-1.665410e-06	-1.620803e-08	-1.173349e+01	-9.620880e+02
7.200000e-07	-1.514438e-06	-1.584150e-08	-1.066983e+01	-9.410632e+02
7.300000e-07	-1.362918e-06	-1.547075e-08	-9.602314e+00	-9.190618e+02
7.400000e-07	-1.210839e-06	-1.509549e-08	-8.530857e+00	-8.960003e+02
7.500000e-07	-1.058225e-06	-1.470188e-08	-7.455627e+00	-8.719822e+02
7.600000e-07	-9.051949e-07	-1.429073e-08	-6.377466e+00	-8.472474e+02
7.700000e-07	-7.519026e-07	-1.387050e-08	-5.297460e+00	-8.220443e+02
7.800000e-07	-5.983160e-07	-1.344426e-08	-4.215380e+00	-7.964772e+02
7.900000e-07	-4.445096e-07	-1.299690e-08	-3.131751e+00	-7.703978e+02
8.000000e-07	-2.906579e-07	-1.252238e-08	-2.047803e+00	-7.433969e+02
8.100000e-07	-1.366870e-07	-1.202795e-08	-9.630153e-01	-7.149098e+02
8.200000e-07	1.740057e-08	-1.151515e-08	1.225941e-01	-6.843981e+02
8.300000e-07	1.714977e-07	-1.097377e-08	1.208271e+00	-6.515248e+02
8.400000e-07	3.254804e-07	-1.039266e-08	2.293142e+00	-6.162288e+02
8.500000e-07	4.792807e-07	-9.771086e-09	3.376728e+00	-5.786354e+02
8.600000e-07	6.329736e-07	-9.107876e-09	4.459557e+00	-5.387989e+02
8.700000e-07	7.865218e-07	-8.386536e-09	5.541366e+00	-4.963550e+02
8.800000e-07	9.397999e-07	-7.578195e-09	6.621273e+00	-4.502139e+02
8.900000e-07	1.092714e-06	-6.666383e-09	7.698619e+00	-3.984424e+02
9.000000e-07	1.245265e-06	-5.632731e-09	8.773400e+00	-3.384407e+02
9.100000e-07	1.397420e-06	-4.437618e-09	9.845395e+00	-2.674302e+02
9.200000e-07	1.549009e-06	-3.032362e-09	1.091340e+01	-1.831586e+02
9.300000e-07	1.699926e-06	-1.386440e-09	1.197667e+01	-8.464147e+01
9.400000e-07	1.850203e-06	5.001585e-10	1.303544e+01	2.728240e+01
9.500000e-07	1.999889e-06	2.593329e-09	1.409003e+01	1.497686e+02
9.600000e-07	2.148926e-06	4.811506e-09	1.514006e+01	2.782476e+02
9.700000e-07	2.297165e-06	7.028448e-09	1.618446e+01	4.071265e+02
9.800000e-07	2.444565e-06	9.113342e-09	1.722296e+01	5.307442e+02
9.900000e-07	2.591086e-06	1.098321e-08	1.825526e+01	6.443362e+02
1.000000e-06	2.736711e-06	1.261996e-08	1.928124e+01	7.447639e+02
1.010000e-06	2.881416e-06	1.403149e-08	2.030075e+01	8.308351e+02
1.020000e-06	3.025084e-06	1.523264e-08	2.131295e+01	9.031670e+02
1.030000e-06	3.167604e-06	1.625242e-08	2.231706e+01	9.636733e+02
1.040000e-06	3.308881e-06	1.713141e-08	2.331241e+01	1.014858e+03
1.050000e-06	3.448845e-06	1.789864e-08	2.429852e+01	1.059132e+03
1.060000e-06	3.587454e-06	1.856352e-08	2.527508e+01	1.098335e+03
1.070000e-06	3.724706e-06	1.913834e-08	2.624207e+01	1.133556e+03
1.080000e-06	3.860589e-06	1.964445e-08	2.719942e+01	1.165237e+03
1.090000e-06	3.995055e-06	2.009837e-08	2.814679e+01	1.193465e+03
1.100000e-06	4.128111e-06	2.050514e-08	2.908422e+01	1.218294e+03
1.110000e-06	4.259660e-06	2.086743e-08	3.001104e+01	1.239981e+03
1.120000e-06	4.389623e-06	2.119503e-08	3.092668e+01	1.259056e+03
1.130000e-06	4.518042e-06	2.150023e-08	3.183145e+01	1.276226e+03
1.140000e-06	4.644915e-06	2.178209e-08	3.272532e+01	1.292191e+03
1.150000e-06	4.770198e-06	2.203865e-08	3.360799e+01	1.307457e+03
1.160000e-06	4.893781e-06	2.227465e-08	3.447868e+01	1.322228e+03
1.170000e-06	5.015615e-06	2.250024e-08	3.533705e+01	1.336430e+03
1.180000e-06	5.135663e-06	2.271557e-08	3.618284e+01	1.349828e+03
1.190000e-06	5.253750e-06	2.291453e-08	3.701481e+01	1.362195e+03
1.200000e-06	5.369743e-06	2.310369e-08	3.783203e+01	1.373447e+03
1.210000e-06	5.483673e-06	2.328790e-08	3.863471e+01	1.383704e+03
1.220000e-06	5.595603e-06	2.346270e-08	3.942330e+01	1.393248e+03
1.230000e-06	5.705557e-06	2.362214e-08	4.019797e+01	1.402405e+03
1.240000e-06	5.813509e-06	2.377026e-08	4.095854e+01	1.411424e+03
1.250000e-06	5.919390e-06	2.391329e-08	4.170451e+01	1.420390e+03
1.260000e-06	6.023086e-06	2.405279e-08	4.243509e+01	1.429208e+03
1.270000e-06	6.124544e-06	2.418467e-08	4.314991e+01	1.437671e+03
1.280000e-06	6.223777e-06	2.430880e-08	4.384904e+01	1.445571e+03
1.290000e-06	6.320772e-06	2.443174e-08	4.453241e+01	1.452795e+03
1.300000e-06	6.415542e-06	2.455273e-08	4.520011e+01	1.459377e+03
1.310000e-06	6.508091e-06	2.466370e-08	4.585215e+01	1.465485e+03
1.320000e-06	6.598388e-06	2.476364e-08	4.648833e+01	1.471340e+03
1.330000e-06	6.686347e-06	2.485915e-08	4.710804e+01	1.477127e+03
1.340000e-06	6.771916e-06	2.495410e-08	4.771091e+01	1.482916e+03
1.350000e-06	6.855134e-06	2.504606e-08	4.829721e+01	1.488649e+03
1.360000e-06	6.935895e-06	2.512955e-08	4.886620e+01	1.494174e+03
1.370000e-06	7.014157e-06	2.520868e-08	4.941760e+01	1.499326e+03
1.380000e-06	7.089830e-06	2.528923e-08	4.995074e+01	1.504008e+03
1.390000e-06	7.162799e-06	2.536763e-08	5.046484e+01	1.508235e+03
1.400000e-06	7.233198e-06	2.543798e-08	5.096083e+01	1.512128e+03
1.410000e-06	7.301006e-06	2.550315e-08	5.143856e+01	1.515859e+03
1.420000e-06	7.366165e-06	2.556882e-08	5.189763e+01	1.519575e+03
1.430000e-06	7.428797e-06	2.563267e-08	5.233890e+01	1.523333e+03
1.440000e-06	7.488948e-06	2.568797e-08	5.276269e+01	1.527078e+03
1.450000e-06	7.546447e-06	2.573894e-08	5.316779e+01	1.530674e+03
1.460000e-06	7.601096e-06	2.579004e-08	5.355282e+01	1.533965e+03
1.470000e-06	7.652675e-06	2.583977e-08	5.391621e+01	1.536853e+03
1.480000e-06	7.701144e-06	2.588383e-08	5.425770e+01	1.539335e+03
1.490000e-06	7.746806e-06	2.592479e-08	5.457940e+01	1.541509e+03
1.500000e-06	7.789760e-06	2.596872e-08	5.488203e+01	1.543527e+03
1.510000e-06	7.829893e-06	2.601044e-08	5.516478e+01	1.545526e+03
1.520000e-06	7.867307e-06	2.604240e-08	5.542838e+01	1.547564e+03
1.530000e-06	7.902004e-06	2.606514e-08	5.567284e+01	1.549599e+03
1.540000e-06	7.933873e-06	2.608810e-08	5.589737e+01	1.551505e+03
1.550000e-06	7.963007e-06	2.611328e-08	5.610263e+01	1.553133e+03
1.560000e-06	7.989383e-06	2.613373e-08	5.628846e+01	1.554378e+03
1.570000e-06	8.012880e-06	2.614732e-08	5.645400e+01	1.555227e+03
1.580000e-06	8.033560e-06	2.616109e-08	5.659970e+01	1.555768e+03
1.590000e-06	8.051428e-06	2.617526e-08	5.672559e+01	1.556149e+03
1.600000e-06	8.066384e-06	2.618440e-08	5.683096e+01	1.556518e+03
1.610000e-06	8.078290e-06	2.618739e-08	5.691485e+01	1.556951e+03
1.620000e-06	8.087110e-06	2.618948e-08	5.697698e+01	1.557426e+03
1.630000e-06	8.093008e-06	2.619354e-08	5.701854e+01	1.557832e+03
1.640000e-06	8.096055e-06	2.619379e-08	5.704000e+01	1.558019e+03
1.650000e-06	8.096267e-06	2.618988e-08	5.704150e+01	1.557867e+03
1.660000e-06	8.093859e-06	2.618278e-08	5.702453e+01	1.557343e+03
1.670000e-06	8.088789e-06	2.617989e-08	5.698881e+01	1.556515e+03
1.680000e-06	8.080973e-06	2.617269e-08	5.693375e+01	1.555524e+03
1.690000e-06	8.070478e-06	2.615646e-08	5.685981e+01	1.554521e+03
1.700000e-06	8.057132e-06	2.613763e-08	5.676578e+01	1.553599e+03
1.710000e-06	8.041099e-06	2.612051e-08	5.665282e+01	1.552749e+03
1.720000e-06	8.022749e-06	2.610650e-08	5.652353e+01	1.551861e+03
1.730000e-06	8.001921e-06	2.609954e-08	5.637679e+01	1.550769e+03
1.740000e-06	7.978061e-06	2.606827e-08	5.620869e+01	1.549326e+03
1.750000e-06	7.950616e-06	2.603897e-08	5.601533e+01	1.547461e+03
1.760000e-06	7.919617e-06	2.600698e-08	5.579692e+01	1.545217e+03
1.770000e-06	7.885792e-06	2.595983e-08	5.555862e+01	1.542732e+03
1.780000e-06	7.849486e-06	2.591262e-08	5.530283e+01	1.540179e+03
1.790000e-06	7.810740e-06	2.587771e-08	5.502984e+01	1.537693e+03
1.800000e-06	7.769932e-06	2.581108e-08	5.474234e+01	1.535314e+03
1.810000e-06	7.726906e-06	2.576943e-08	5.443920e+01	1.532966e+03
1.820000e-06	7.681171e-06	2.576333e-08	5.411698e+01	1.530494e+03
1.830000e-06	7.632691e-06	2.568040e-08	5.377542e+01	1.527724e+03
1.840000e-06	7.581093e-06	2.565871e-08	5.341189e+01	1.524541e+03
1.850000e-06	7.526410e-06	2.561312e-08	5.302662e+01	1.520931e+03
1.860000e-06	7.469111e-06	2.553861e-08	5.262293e+01	1.516987e+03
1.870000e-06	7.409154e-06	2.548758e-08	5.220051e+01	1.512860e+03
1.880000e-06	7.346530e-06	2.540287e-08	5.175930e+01	1.508697e+03
1.890000e-06	7.281164e-06	2.534304e-08	5.129876e+01	1.504568e+03
1.900000e-06	7.213044e-06	2.525736e-08	5.081884e+01	1.500437e+03
1.910000e-06	7.142152e-06	2.520180e-08	5.031937e+01	1.496176e+03
1.920000e-06	7.068589e-06	2.512644e-08	4.980109e+01	1.491624e+03
1.930000e-06	6.992367e-06	2.501298e-08	4.926408e+01	1.486652e+03
1.940000e-06	6.913407e-06	2.495233e-08	4.870777e+01	1.481224e+03
1.950000e-06	6.832002e-06	2.485183e-08	4.813424e+01	1.475407e+03
1.960000e-06	6.748189e-06	2.476111e-08	4.754374e+01	1.469343e+03
1.970000e-06	6.661869e-06	2.465485e-08	4.693558e+01	1.463184e+03
1.980000e-06	6.573073e-06	2.455137e-08	4.630998e+01	1.457018e+03
1.990000e-06	6.482018e-06	2.445384e-08	4.566846e+01	1.450833e+03
2.000000e-06	6.388783e-06	2.432555e-08	4.501158e+01	1.444516e+03
2.010000e-06	6.293163e-06	2.421518e-08	4.433790e+01	1.437904e+03
2.020000e-06	6.195311e-06	2.408640e-08	4.364849e+01	1.430849e+03
2.030000e-06	6.095281e-06	2.398259e-08	4.294373e+01	1.423287e+03
2.040000e-06	5.992923e-06	2.385256e-08	4.222258e+01	1.415262e+03
2.050000e-06	5.888351e-06	2.371970e-08	4.148583e+01	1.406902e+03
2.060000e-06	5.781836e-06	2.357161e-08	4.073539e+01	1.398363e+03
2.070000e-06	5.673342e-06	2.341815e-08	3.997100e+01	1.389756e+03
2.080000e-06	5.562677e-06	2.326742e-08	3.919133e+01	1.381089e+03
2.090000e-06	5.449901e-06	2.310210e-08	3.839677e+01	1.372266e+03
2.100000e-06	5.335074e-06	2.295075e-08	3.758777e+01	1.363119e+03
2.110000e-06	5.218137e-06	2.279493e-08	3.676390e+01	1.353486e+03
2.120000e-06	5.099137e-06	2.263668e-08	3.592550e+01	1.343277e+03
2.130000e-06	4.978308e-06	2.245300e-08	3.507421e+01	1.332513e+03
2.140000e-06	4.855706e-06	2.226441e-08	3.421043e+01	1.321317e+03
2.150000e-06	4.731349e-06	2.207466e-08	3.333428e+01	1.309855e+03
2.160000e-06	4.605242e-06	2.188399e-08	3.244580e+01	1.298261e+03
2.170000e-06	4.477475e-06	2.168105e-08	3.154564e+01	1.286573e+03
2.180000e-06	4.348205e-06	2.147270e-08	3.063488e+01	1.274709e+03
2.190000e-06	4.217428e-06	2.126059e-08	2.971350e+01	1.262504e+03
2.200000e-06	4.085157e-06	2.104768e-08	2.878160e+01	1.249773e+03
2.210000e-06	3.951269e-06	2.082219e-08	2.783830e+01	1.236399e+03
2.220000e-06	3.815839e-06	2.059159e-08	2.688414e+01	1.222375e+03
2.230000e-06	3.679125e-06	2.035849e-08	2.592094e+01	1.207811e+03
2.240000e-06	3.541111e-06	2.011795e-08	2.494857e+01	1.192875e+03
2.250000e-06	3.401775e-06	1.986285e-08	2.396689e+01	1.177717e+03
2.260000e-06	3.261130e-06	1.959285e-08	2.297599e+01	1.162389e+03
2.270000e-06	3.119125e-06	1.932126e-08	2.197551e+01	1.146819e+03
2.280000e-06	2.975878e-06	1.904301e-08	2.096627e+01	1.130834e+03
2.290000e-06	2.831632e-06	1.876113e-08	1.995000e+01	1.114238e+03
2.300000e-06	2.686484e-06	1.846968e-08	1.892737e+01	1.096897e+03
2.310000e-06	2.540411e-06	1.817572e-08	1.789823e+01	1.078805e+03
2.320000e-06	2.393441e-06	1.787180e-08	1.686277e+01	1.060084e+03
2.330000e-06	2.245627e-06	1.755585e-08	1.582136e+01	1.040931e+03
2.340000e-06	2.097086e-06	1.722391e-08	1.477483e+01	1.021518e+03
2.350000e-06	1.947829e-06	1.688576e-08	1.372325e+01	1.001897e+03
2.360000e-06	1.797777e-06	1.654115e-08	1.266607e+01	9.819596e+02
2.370000e-06	1.646983e-06	1.618775e-08	1.160367e+01	9.614684e+02
2.380000e-06	1.495598e-06	1.582192e-08	1.053710e+01	9.401475e+02
2.390000e-06	1.343737e-06	1.544575e-08	9.467176e+00	9.178034e+02
2.400000e-06	1.191435e-06	1.506042e-08	8.394147e+00	8.944126e+02
2.410000e-06	1.038744e-06	1.466062e-08	7.318377e+00	8.701324e+02
2.420000e-06	8.857415e-07	1.424764e-08	6.240409e+00	8.452220e+02
2.430000e-06	7.324617e-07	1.382183e-08	5.160491e+00	8.198991e+02
2.440000e-06	5.789156e-07	1.338625e-08	4.078696e+00	7.941949e+02
2.450000e-06	4.251653e-07	1.293248e-08	2.995463e+00	7.678724e+02
2.460000e-06	2.712812e-07	1.245620e-08	1.911286e+00	7.404560e+02
2.470000e-06	1.172834e-07	1.195643e-08	8.263092e-01	7.113681e+02
2.480000e-06	-3.673753e-08	1.143403e-08	-2.588309e-01	6.801189e+02
2.490000e-06	-1.907073e-07	1.088224e-08	-1.343611e+00	6.464590e+02
2.500000e-06	-3.445840e-07	1.029394e-08	-2.427734e+00	6.104058e+02
2.510000e-06	-4.982694e-07	9.664051e-09	-3.510511e+00	5.720962e+02
2.520000e-06	-6.517976e-07	8.988138e-09	-4.592180e+00	5.314891e+02
2.530000e-06	-8.051104e-07	8.249581e-09	-5.672331e+00	4.880143e+02
2.540000e-06	-9.580859e-07	7.427534e-09	-6.750106e+00	4.403108e+02
2.550000e-06	-1.110736e-06	6.499926e-09	-7.825586e+00	3.861963e+02
2.560000e-06	-1.263022e-06	5.439436e-09	-8.898507e+00	3.229472e+02
2.570000e-06	-1.414878e-06	4.207036e-09	-9.968389e+00	2.478710e+02
2.580000e-06	-1.566259e-06	2.761772e-09	-1.103493e+01	1.590465e+02
2.590000e-06	-1.717051e-06	1.077014e-09	-1.209733e+01	5.602970e+01
2.600000e-06	-1.867112e-06	-8.467783e-10	-1.315457e+01	-5.969439e+01
2.610000e-06	-2.016479e-06	-2.962915e-09	-1.420692e+01	-1.846738e+02
2.620000e-06	-2.165158e-06	-5.179134e-09	-1.525442e+01	-3.139171e+02
2.630000e-06	-2.313100e-06	-7.368281e-09	-1.629673e+01	-4.416994e+02
2.640000e-06	-2.460208e-06	-9.412722e-09	-1.733317e+01	-5.625496e+02
2.650000e-06	-2.606372e-06	-1.124034e-08	-1.836295e+01	-6.721632e+02
2.660000e-06	-2.751622e-06	-1.283190e-08	-1.938630e+01	-7.680146e+02
2.670000e-06	-2.895928e-06	-1.419799e-08	-2.040299e+01	-8.495290e+02
2.680000e-06	-3.039181e-06	-1.536054e-08	-2.141227e+01	-9.178099e+02
2.690000e-06	-3.181233e-06	-1.635249e-08	-2.241308e+01	-9.750410e+02
2.700000e-06	-3.322021e-06	-1.720601e-08	-2.340499e+01	-1.023764e+03
2.710000e-06	-3.461586e-06	-1.794482e-08	-2.438828e+01	-1.066245e+03
2.720000e-06	-3.599802e-06	-1.858571e-08	-2.536207e+01	-1.104087e+03
2.730000e-06	-3.736618e-06	-1.914666e-08	-2.632599e+01	-1.138148e+03
2.740000e-06	-3.872089e-06	-1.964504e-08	-2.728044e+01	-1.168719e+03
2.750000e-06	-4.006127e-06	-2.009087e-08	-2.822479e+01	-1.195844e+03
2.760000e-06	-4.138735e-06	-2.049078e-08	-2.915908e+01	-1.219624e+03
2.770000e-06	-4.269918e-06	-2.085036e-08	-3.008331e+01	-1.240404e+03
2.780000e-06	-4.399579e-06	-2.117677e-08	-3.099683e+01	-1.258787e+03
2.790000e-06	-4.527697e-06	-2.147500e-08	-3.189947e+01	-1.275502e+03
2.800000e-06	-4.654186e-06	-2.174863e-08	-3.279064e+01	-1.291203e+03
2.810000e-06	-4.778973e-06	-2.200116e-08	-3.366981e+01	-1.306304e+03
2.820000e-06	-4.902106e-06	-2.223883e-08	-3.453733e+01	-1.320914e+03
2.830000e-06	-5.023534e-06	-2.246567e-08	-3.539284e+01	-1.334888e+03
2.840000e-06	-5.143109e-06	-2.268001e-08	-3.623530e+01	-1.347977e+03
2.850000e-06	-5.260668e-06	-2.288105e-08	-3.706355e+01	-1.359987e+03
2.860000e-06	-5.376035e-06	-2.306957e-08	-3.787636e+01	-1.370899e+03
2.870000e-06	-5.489221e-06	-2.324711e-08	-3.867380e+01	-1.380893e+03
2.880000e-06	-5.600313e-06	-2.341529e-08	-3.945649e+01	-1.390280e+03
2.890000e-06	-5.709329e-06	-2.357571e-08	-4.022455e+01	-1.399374e+03
2.900000e-06	-5.816324e-06	-2.372989e-08	-4.097837e+01	-1.408379e+03
2.910000e-06	-5.921334e-06	-2.387827e-08	-4.171821e+01	-1.417317e+03
2.920000e-06	-6.024224e-06	-2.401869e-08	-4.244311e+01	-1.426048e+03
2.930000e-06	-6.124869e-06	-2.415092e-08	-4.315220e+01	-1.434352e+03
2.940000e-06	-6.223341e-06	-2.427735e-08	-4.384597e+01	-1.442042e+03
2.950000e-06	-6.319651e-06	-2.440073e-08	-4.452452e+01	-1.449051e+03
2.960000e-06	-6.413762e-06	-2.451898e-08	-4.518757e+01	-1.455460e+03
2.970000e-06	-6.505573e-06	-2.462888e-08	-4.583441e+01	-1.461464e+03
2.980000e-06	-6.595093e-06	-2.473137e-08	-4.646512e+01	-1.467284e+03
2.990000e-06	-6.682326e-06	-2.482935e-08	-4.707971e+01	-1.473072e+03
3.000000e-06	-6.767122e-06	-2.492270e-08	-4.767713e+01	-1.478858e+03
3.010000e-06	-6.849533e-06	-2.501166e-08	-4.825775e+01	-1.484545e+03
3.020000e-06	-6.929506e-06	-2.509812e-08	-4.882119e+01	-1.489968e+03
3.030000e-06	-7.006829e-06	-2.518341e-08	-4.936596e+01	-1.494977e+03
3.040000e-06	-7.081471e-06	-2.526566e-08	-4.989185e+01	-1.499507e+03
3.050000e-06	-7.153502e-06	-2.534205e-08	-5.039934e+01	-1.503611e+03
3.060000e-06	-7.222939e-06	-2.541232e-08	-5.088855e+01	-1.507435e+03
3.070000e-06	-7.289812e-06	-2.547731e-08	-5.135970e+01	-1.511151e+03
3.080000e-06	-7.354156e-06	-2.553787e-08	-5.181302e+01	-1.514882e+03
3.090000e-06	-7.415912e-06	-2.559664e-08	-5.224812e+01	-1.518649e+03
3.100000e-06	-7.475002e-06	-2.565438e-08	-5.266444e+01	-1.522365e+03
3.110000e-06	-7.531365e-06	-2.571150e-08	-5.306154e+01	-1.525881e+03
3.120000e-06	-7.584889e-06	-2.576695e-08	-5.343863e+01	-1.529051e+03
3.130000e-06	-7.635440e-06	-2.581717e-08	-5.379479e+01	-1.531805e+03
3.140000e-06	-7.682949e-06	-2.586059e-08	-5.412950e+01	-1.534175e+03
3.150000e-06	-7.727661e-06	-2.590040e-08	-5.444452e+01	-1.536285e+03
3.160000e-06	-7.769864e-06	-2.593690e-08	-5.474186e+01	-1.538286e+03
3.170000e-06	-7.809441e-06	-2.597013e-08	-5.502069e+01	-1.540298e+03
3.180000e-06	-7.846266e-06	-2.600138e-08	-5.528014e+01	-1.542347e+03
3.190000e-06	-7.880408e-06	-2.603008e-08	-5.552068e+01	-1.544358e+03
3.200000e-06	-7.911748e-06	-2.605871e-08	-5.574148e+01	-1.546193e+03
3.210000e-06	-7.940180e-06	-2.608570e-08	-5.594180e+01	-1.547707e+03
3.220000e-06	-7.965852e-06	-2.610860e-08	-5.612267e+01	-1.548823e+03
3.230000e-06	-7.988681e-06	-2.612698e-08	-5.628351e+01	-1.549562e+03
3.240000e-06	-8.008600e-06	-2.614095e-08	-5.642385e+01	-1.550036e+03
3.250000e-06	-8.025732e-06	-2.614906e-08	-5.654455e+01	-1.550402e+03
3.260000e-06	-8.039831e-06	-2.615378e-08	-5.664389e+01	-1.550789e+03
3.270000e-06	-8.050827e-06	-2.615912e-08	-5.672135e+01	-1.551245e+03
3.280000e-06	-8.058986e-06	-2.616489e-08	-5.677884e+01	-1.551716e+03
3.290000e-06	-8.064238e-06	-2.616886e-08	-5.681584e+01	-1.552070e+03
3.300000e-06	-8.066607e-06	-2.617023e-08	-5.683254e+01	-1.552159e+03
3.310000e-06	-8.066217e-06	-2.616430e-08	-5.682978e+01	-1.551888e+03
