# Temperatura_=_45.71
# Concentracion g/m^3_=_22500.0
# C_Vs_to_Am_M_A/Vsm_=_59384043850.047264
# pendiente_HvsI_1/m_=_3716.3
# ordenada_HvsI_A/m_=_1297.0
# frecuencia_Hz_=_301741.20197183866

Tiempo_(s)	Campo_(V.s)	Magnetizacion_(V.s)	Campo_(kA/m)	Magnetizacion_(A/m)
0.000000e+00	-8.007079e-06	-2.578034e-08	-5.683517e+01	-1.529770e+03
1.000000e-08	-8.005105e-06	-2.577053e-08	-5.682115e+01	-1.529365e+03
2.000000e-08	-8.000414e-06	-2.576005e-08	-5.678785e+01	-1.528670e+03
3.000000e-08	-7.993135e-06	-2.574861e-08	-5.673619e+01	-1.527781e+03
4.000000e-08	-7.983070e-06	-2.573541e-08	-5.666475e+01	-1.526824e+03
5.000000e-08	-7.970119e-06	-2.572132e-08	-5.657282e+01	-1.525894e+03
6.000000e-08	-7.954287e-06	-2.570801e-08	-5.646044e+01	-1.525014e+03
7.000000e-08	-7.935773e-06	-2.569556e-08	-5.632902e+01	-1.524118e+03
8.000000e-08	-7.914910e-06	-2.567060e-08	-5.618094e+01	-1.523076e+03
9.000000e-08	-7.891388e-06	-2.561677e-08	-5.601397e+01	-1.521752e+03
1.000000e-07	-7.864573e-06	-2.557952e-08	-5.582364e+01	-1.520061e+03
1.100000e-07	-7.834586e-06	-2.556342e-08	-5.561079e+01	-1.518009e+03
1.200000e-07	-7.801874e-06	-2.554172e-08	-5.537859e+01	-1.515695e+03
1.300000e-07	-7.766495e-06	-2.550485e-08	-5.512747e+01	-1.513272e+03
1.400000e-07	-7.728698e-06	-2.546849e-08	-5.485918e+01	-1.510879e+03
1.500000e-07	-7.688739e-06	-2.545556e-08	-5.457555e+01	-1.508584e+03
1.600000e-07	-7.646397e-06	-2.539295e-08	-5.427500e+01	-1.506351e+03
1.700000e-07	-7.601238e-06	-2.535208e-08	-5.395446e+01	-1.504054e+03
1.800000e-07	-7.553317e-06	-2.529162e-08	-5.361431e+01	-1.501525e+03
1.900000e-07	-7.502589e-06	-2.521479e-08	-5.325423e+01	-1.498627e+03
2.000000e-07	-7.448833e-06	-2.520412e-08	-5.287267e+01	-1.495307e+03
2.100000e-07	-7.392266e-06	-2.513255e-08	-5.247115e+01	-1.491615e+03
2.200000e-07	-7.332997e-06	-2.506253e-08	-5.205045e+01	-1.487683e+03
2.300000e-07	-7.271153e-06	-2.499827e-08	-5.161148e+01	-1.483661e+03
2.400000e-07	-7.206689e-06	-2.493045e-08	-5.115391e+01	-1.479654e+03
2.500000e-07	-7.139457e-06	-2.486787e-08	-5.067668e+01	-1.475673e+03
2.600000e-07	-7.069635e-06	-2.477322e-08	-5.018108e+01	-1.471626e+03
2.700000e-07	-6.997207e-06	-2.469916e-08	-4.966698e+01	-1.467366e+03
2.800000e-07	-6.922019e-06	-2.463167e-08	-4.913328e+01	-1.462743e+03
2.900000e-07	-6.844040e-06	-2.456547e-08	-4.857978e+01	-1.457678e+03
3.000000e-07	-6.763384e-06	-2.446597e-08	-4.800727e+01	-1.452193e+03
3.100000e-07	-6.680307e-06	-2.435140e-08	-4.741759e+01	-1.446398e+03
3.200000e-07	-6.595027e-06	-2.426578e-08	-4.681226e+01	-1.440444e+03
3.300000e-07	-6.507501e-06	-2.416651e-08	-4.619099e+01	-1.434453e+03
3.400000e-07	-6.417667e-06	-2.406054e-08	-4.555334e+01	-1.428459e+03
3.500000e-07	-6.325538e-06	-2.394844e-08	-4.489940e+01	-1.422394e+03
3.600000e-07	-6.231090e-06	-2.384807e-08	-4.422899e+01	-1.416110e+03
3.700000e-07	-6.134366e-06	-2.374665e-08	-4.354243e+01	-1.409443e+03
3.800000e-07	-6.035358e-06	-2.361946e-08	-4.283966e+01	-1.402282e+03
3.900000e-07	-5.934157e-06	-2.348117e-08	-4.212133e+01	-1.394616e+03
4.000000e-07	-5.830872e-06	-2.334264e-08	-4.138820e+01	-1.386538e+03
4.100000e-07	-5.725439e-06	-2.322187e-08	-4.063982e+01	-1.378201e+03
4.200000e-07	-5.617906e-06	-2.308890e-08	-3.987654e+01	-1.369750e+03
4.300000e-07	-5.508438e-06	-2.294311e-08	-3.909952e+01	-1.361252e+03
4.400000e-07	-5.396991e-06	-2.279278e-08	-3.830846e+01	-1.352669e+03
4.500000e-07	-5.283473e-06	-2.264498e-08	-3.750270e+01	-1.343865e+03
4.600000e-07	-5.167856e-06	-2.248713e-08	-3.668203e+01	-1.334666e+03
4.700000e-07	-5.050163e-06	-2.231241e-08	-3.584663e+01	-1.324934e+03
4.800000e-07	-4.930624e-06	-2.213795e-08	-3.499813e+01	-1.314623e+03
4.900000e-07	-4.809353e-06	-2.196756e-08	-3.413734e+01	-1.303800e+03
5.000000e-07	-4.686324e-06	-2.179459e-08	-3.326406e+01	-1.292613e+03
5.100000e-07	-4.561561e-06	-2.160031e-08	-3.237848e+01	-1.281222e+03
5.200000e-07	-4.435130e-06	-2.139818e-08	-3.148106e+01	-1.269726e+03
5.300000e-07	-4.307178e-06	-2.119933e-08	-3.057284e+01	-1.258115e+03
5.400000e-07	-4.177668e-06	-2.099964e-08	-2.965356e+01	-1.246271e+03
5.500000e-07	-4.046603e-06	-2.078933e-08	-2.872325e+01	-1.234016e+03
5.600000e-07	-3.914106e-06	-2.056945e-08	-2.778277e+01	-1.221188e+03
5.700000e-07	-3.780181e-06	-2.034935e-08	-2.683216e+01	-1.207713e+03
5.800000e-07	-3.644834e-06	-2.012004e-08	-2.587145e+01	-1.193634e+03
5.900000e-07	-3.508224e-06	-1.987454e-08	-2.490177e+01	-1.179087e+03
6.000000e-07	-3.370300e-06	-1.961800e-08	-2.392278e+01	-1.164240e+03
6.100000e-07	-3.230984e-06	-1.936406e-08	-2.293390e+01	-1.149207e+03
6.200000e-07	-3.090346e-06	-1.911216e-08	-2.193563e+01	-1.133993e+03
6.300000e-07	-2.948485e-06	-1.884945e-08	-2.092868e+01	-1.118483e+03
6.400000e-07	-2.805483e-06	-1.857365e-08	-1.991364e+01	-1.102491e+03
6.500000e-07	-2.661337e-06	-1.828935e-08	-1.889047e+01	-1.085837e+03
6.600000e-07	-2.516224e-06	-1.800119e-08	-1.786045e+01	-1.068433e+03
6.700000e-07	-2.370225e-06	-1.770009e-08	-1.682412e+01	-1.050321e+03
6.800000e-07	-2.223330e-06	-1.738665e-08	-1.578145e+01	-1.031657e+03
6.900000e-07	-2.075678e-06	-1.706818e-08	-1.473340e+01	-1.012636e+03
7.000000e-07	-1.927389e-06	-1.674996e-08	-1.368083e+01	-9.933929e+02
7.100000e-07	-1.778445e-06	-1.642472e-08	-1.262361e+01	-9.739327e+02
7.200000e-07	-1.628898e-06	-1.608186e-08	-1.156211e+01	-9.541065e+02
7.300000e-07	-1.478790e-06	-1.572588e-08	-1.049662e+01	-9.336665e+02
7.400000e-07	-1.328179e-06	-1.536483e-08	-9.427567e+00	-9.123674e+02
7.500000e-07	-1.177121e-06	-1.499548e-08	-8.355338e+00	-8.900735e+02
7.600000e-07	-1.025590e-06	-1.461035e-08	-7.279752e+00	-8.668194e+02
7.700000e-07	-8.736680e-07	-1.421363e-08	-6.201396e+00	-8.427892e+02
7.800000e-07	-7.214875e-07	-1.380902e-08	-5.121201e+00	-8.182175e+02
7.900000e-07	-5.690770e-07	-1.339465e-08	-4.039374e+00	-7.932477e+02
8.000000e-07	-4.164835e-07	-1.295974e-08	-2.956248e+00	-7.678116e+02
8.100000e-07	-2.637537e-07	-1.250094e-08	-1.872154e+00	-7.415888e+02
8.200000e-07	-1.109204e-07	-1.202192e-08	-7.873256e-01	-7.140720e+02
8.300000e-07	4.195815e-08	-1.152342e-08	2.978238e-01	-6.847199e+02
8.400000e-07	1.948373e-07	-1.099639e-08	1.382977e+00	-6.531299e+02
8.500000e-07	3.476151e-07	-1.043421e-08	2.467412e+00	-6.191433e+02
8.600000e-07	5.002803e-07	-9.835898e-09	3.551047e+00	-5.828124e+02
8.700000e-07	6.528197e-07	-9.196484e-09	4.633789e+00	-5.442050e+02
8.800000e-07	8.050919e-07	-8.501695e-09	5.714634e+00	-5.030975e+02
8.900000e-07	9.570891e-07	-7.730145e-09	6.793528e+00	-4.586652e+02
9.000000e-07	1.108793e-06	-6.866535e-09	7.870342e+00	-4.093082e+02
9.100000e-07	1.260084e-06	-5.888643e-09	8.944220e+00	-3.527288e+02
9.200000e-07	1.410908e-06	-4.763608e-09	1.001479e+01	-2.863039e+02
9.300000e-07	1.561209e-06	-3.448763e-09	1.108164e+01	-2.076964e+02
9.400000e-07	1.710955e-06	-1.913181e-09	1.214456e+01	-1.155591e+02
9.500000e-07	1.860157e-06	-1.458992e-10	1.320361e+01	-1.012858e+01
9.600000e-07	2.008722e-06	1.835677e-09	1.425814e+01	1.064809e+02
9.700000e-07	2.156525e-06	3.966955e-09	1.530726e+01	2.304021e+02
9.800000e-07	2.303538e-06	6.137216e-09	1.635078e+01	3.565580e+02
9.900000e-07	2.449733e-06	8.221963e-09	1.738849e+01	4.795015e+02
1.000000e-06	2.595122e-06	1.012944e-08	1.842048e+01	5.943408e+02
1.010000e-06	2.739593e-06	1.182263e-08	1.944594e+01	6.975159e+02
1.020000e-06	2.882992e-06	1.329767e-08	2.046381e+01	7.872359e+02
1.030000e-06	3.025353e-06	1.456334e-08	2.147430e+01	8.634917e+02
1.040000e-06	3.166620e-06	1.564436e-08	2.247703e+01	9.276833e+02
1.050000e-06	3.306615e-06	1.657587e-08	2.347073e+01	9.820027e+02
1.060000e-06	3.445183e-06	1.738562e-08	2.445431e+01	1.028772e+03
1.070000e-06	3.582422e-06	1.808752e-08	2.542844e+01	1.069921e+03
1.080000e-06	3.718389e-06	1.869707e-08	2.639355e+01	1.106722e+03
1.090000e-06	3.853026e-06	1.923266e-08	2.734922e+01	1.139802e+03
1.100000e-06	3.986334e-06	1.970997e-08	2.829546e+01	1.169361e+03
1.110000e-06	4.118145e-06	2.013606e-08	2.923106e+01	1.195473e+03
1.120000e-06	4.248396e-06	2.051637e-08	3.015560e+01	1.218338e+03
1.130000e-06	4.377140e-06	2.085976e-08	3.106944e+01	1.238398e+03
1.140000e-06	4.504392e-06	2.117507e-08	3.197269e+01	1.256296e+03
1.150000e-06	4.630137e-06	2.146344e-08	3.286524e+01	1.272726e+03
1.160000e-06	4.754263e-06	2.172578e-08	3.374630e+01	1.288247e+03
1.170000e-06	4.876594e-06	2.196874e-08	3.461462e+01	1.303164e+03
1.180000e-06	4.997174e-06	2.220065e-08	3.547052e+01	1.317500e+03
1.190000e-06	5.116022e-06	2.242033e-08	3.631411e+01	1.331083e+03
1.200000e-06	5.232819e-06	2.262460e-08	3.714315e+01	1.343692e+03
1.210000e-06	5.347476e-06	2.281649e-08	3.795699e+01	1.355201e+03
1.220000e-06	5.460158e-06	2.299759e-08	3.875683e+01	1.365663e+03
1.230000e-06	5.570948e-06	2.316924e-08	3.954322e+01	1.375301e+03
1.240000e-06	5.679841e-06	2.332900e-08	4.031616e+01	1.384420e+03
1.250000e-06	5.786707e-06	2.347849e-08	4.107471e+01	1.393295e+03
1.260000e-06	5.891465e-06	2.362101e-08	4.181829e+01	1.402069e+03
1.270000e-06	5.994157e-06	2.376002e-08	4.254721e+01	1.410713e+03
1.280000e-06	6.094656e-06	2.389218e-08	4.326057e+01	1.419071e+03
1.290000e-06	6.192809e-06	2.401606e-08	4.395727e+01	1.426940e+03
1.300000e-06	6.288653e-06	2.413602e-08	4.463758e+01	1.434177e+03
1.310000e-06	6.382345e-06	2.425145e-08	4.530261e+01	1.440764e+03
1.320000e-06	6.473824e-06	2.436030e-08	4.595194e+01	1.446816e+03
1.330000e-06	6.562976e-06	2.445947e-08	4.658476e+01	1.452531e+03
1.340000e-06	6.649851e-06	2.455253e-08	4.720140e+01	1.458107e+03
1.350000e-06	6.734454e-06	2.464445e-08	4.780193e+01	1.463658e+03
1.360000e-06	6.816708e-06	2.473384e-08	4.838577e+01	1.469185e+03
1.370000e-06	6.896491e-06	2.481752e-08	4.895208e+01	1.474577e+03
1.380000e-06	6.973758e-06	2.489758e-08	4.950053e+01	1.479681e+03
1.390000e-06	7.048380e-06	2.497804e-08	5.003021e+01	1.484373e+03
1.400000e-06	7.120374e-06	2.505531e-08	5.054123e+01	1.488614e+03
1.410000e-06	7.189871e-06	2.512418e-08	5.103453e+01	1.492468e+03
1.420000e-06	7.256784e-06	2.518813e-08	5.150948e+01	1.496070e+03
1.430000e-06	7.321012e-06	2.524923e-08	5.196538e+01	1.499563e+03
1.440000e-06	7.382766e-06	2.530669e-08	5.240372e+01	1.503041e+03
1.450000e-06	7.442084e-06	2.535838e-08	5.282477e+01	1.506503e+03
1.460000e-06	7.498703e-06	2.540837e-08	5.322665e+01	1.509868e+03
1.470000e-06	7.552463e-06	2.545770e-08	5.360825e+01	1.513012e+03
1.480000e-06	7.603109e-06	2.550423e-08	5.396774e+01	1.515828e+03
1.490000e-06	7.650733e-06	2.554731e-08	5.430578e+01	1.518280e+03
1.500000e-06	7.695656e-06	2.558721e-08	5.462465e+01	1.520409e+03
1.510000e-06	7.737835e-06	2.562634e-08	5.492404e+01	1.522323e+03
1.520000e-06	7.777262e-06	2.566160e-08	5.520389e+01	1.524135e+03
1.530000e-06	7.814059e-06	2.569036e-08	5.546508e+01	1.525920e+03
1.540000e-06	7.848106e-06	2.571426e-08	5.570675e+01	1.527678e+03
1.550000e-06	7.879352e-06	2.573683e-08	5.592854e+01	1.529336e+03
1.560000e-06	7.907907e-06	2.575757e-08	5.613123e+01	1.530788e+03
1.570000e-06	7.933612e-06	2.577570e-08	5.631369e+01	1.531946e+03
1.580000e-06	7.956500e-06	2.579104e-08	5.647615e+01	1.532784e+03
1.590000e-06	7.976747e-06	2.580422e-08	5.661986e+01	1.533348e+03
1.600000e-06	7.994153e-06	2.581599e-08	5.674342e+01	1.533744e+03
1.610000e-06	8.008559e-06	2.582150e-08	5.684567e+01	1.534084e+03
1.620000e-06	8.019852e-06	2.582301e-08	5.692583e+01	1.534437e+03
1.630000e-06	8.028080e-06	2.582533e-08	5.698423e+01	1.534797e+03
1.640000e-06	8.033525e-06	2.582758e-08	5.702288e+01	1.535086e+03
1.650000e-06	8.036148e-06	2.582771e-08	5.704150e+01	1.535190e+03
1.660000e-06	8.035932e-06	2.582517e-08	5.703997e+01	1.535011e+03
1.670000e-06	8.033119e-06	2.582104e-08	5.702000e+01	1.534517e+03
1.680000e-06	8.027651e-06	2.581468e-08	5.698118e+01	1.533754e+03
1.690000e-06	8.019481e-06	2.580172e-08	5.692319e+01	1.532832e+03
1.700000e-06	8.008662e-06	2.578311e-08	5.684640e+01	1.531874e+03
1.710000e-06	7.994986e-06	2.576349e-08	5.674933e+01	1.530960e+03
1.720000e-06	7.978653e-06	2.574200e-08	5.663340e+01	1.530085e+03
1.730000e-06	7.960084e-06	2.572202e-08	5.650159e+01	1.529161e+03
1.740000e-06	7.939037e-06	2.572838e-08	5.635219e+01	1.528052e+03
1.750000e-06	7.914877e-06	2.571894e-08	5.618070e+01	1.526627e+03
1.760000e-06	7.887140e-06	2.567835e-08	5.598382e+01	1.524827e+03
1.770000e-06	7.855961e-06	2.563170e-08	5.576251e+01	1.522686e+03
1.780000e-06	7.822017e-06	2.559023e-08	5.552157e+01	1.520324e+03
1.790000e-06	7.785569e-06	2.553317e-08	5.526286e+01	1.517897e+03
1.800000e-06	7.746739e-06	2.549022e-08	5.498724e+01	1.515529e+03
1.810000e-06	7.705935e-06	2.547157e-08	5.469761e+01	1.513259e+03
1.820000e-06	7.662897e-06	2.540462e-08	5.439212e+01	1.511023e+03
1.830000e-06	7.617156e-06	2.539571e-08	5.406745e+01	1.508676e+03
1.840000e-06	7.568635e-06	2.535423e-08	5.372304e+01	1.506053e+03
1.850000e-06	7.517004e-06	2.528838e-08	5.335656e+01	1.503035e+03
1.860000e-06	7.462400e-06	2.525686e-08	5.296897e+01	1.499598e+03
1.870000e-06	7.405113e-06	2.516133e-08	5.256234e+01	1.495821e+03
1.880000e-06	7.345177e-06	2.511967e-08	5.213691e+01	1.491848e+03
1.890000e-06	7.282659e-06	2.505726e-08	5.169314e+01	1.487823e+03
1.900000e-06	7.217449e-06	2.498334e-08	5.123028e+01	1.483826e+03
1.910000e-06	7.149572e-06	2.493308e-08	5.074848e+01	1.479838e+03
1.920000e-06	7.078851e-06	2.484987e-08	5.024649e+01	1.475747e+03
1.930000e-06	7.005385e-06	2.477479e-08	4.972502e+01	1.471395e+03
1.940000e-06	6.929290e-06	2.466886e-08	4.918490e+01	1.466650e+03
1.950000e-06	6.850478e-06	2.459784e-08	4.862547e+01	1.461458e+03
1.960000e-06	6.769240e-06	2.451652e-08	4.804884e+01	1.455869e+03
1.970000e-06	6.685603e-06	2.442096e-08	4.745517e+01	1.450013e+03
1.980000e-06	6.599504e-06	2.433612e-08	4.684403e+01	1.444038e+03
1.990000e-06	6.510945e-06	2.422300e-08	4.621543e+01	1.438046e+03
2.000000e-06	6.420153e-06	2.411991e-08	4.557098e+01	1.432043e+03
2.010000e-06	6.327267e-06	2.399914e-08	4.491166e+01	1.425932e+03
2.020000e-06	6.232041e-06	2.388609e-08	4.423574e+01	1.419553e+03
2.030000e-06	6.134602e-06	2.377509e-08	4.354411e+01	1.412752e+03
2.040000e-06	6.034982e-06	2.366681e-08	4.283699e+01	1.405442e+03
2.050000e-06	5.933140e-06	2.354439e-08	4.211411e+01	1.397645e+03
2.060000e-06	5.829098e-06	2.340546e-08	4.137560e+01	1.389476e+03
2.070000e-06	5.722967e-06	2.326278e-08	4.062227e+01	1.381093e+03
2.080000e-06	5.614854e-06	2.311237e-08	3.985487e+01	1.372625e+03
2.090000e-06	5.504702e-06	2.296588e-08	3.907301e+01	1.364112e+03
2.100000e-06	5.392494e-06	2.281309e-08	3.827654e+01	1.355482e+03
2.110000e-06	5.278191e-06	2.266530e-08	3.746521e+01	1.346582e+03
2.120000e-06	5.161825e-06	2.251095e-08	3.663923e+01	1.337241e+03
2.130000e-06	5.043418e-06	2.234820e-08	3.579876e+01	1.327342e+03
2.140000e-06	4.923137e-06	2.217040e-08	3.494499e+01	1.316873e+03
2.150000e-06	4.801069e-06	2.198512e-08	3.407854e+01	1.305928e+03
2.160000e-06	4.677283e-06	2.180484e-08	3.319989e+01	1.294667e+03
2.170000e-06	4.551868e-06	2.161791e-08	3.230968e+01	1.283240e+03
2.180000e-06	4.424876e-06	2.142315e-08	3.140828e+01	1.271717e+03
2.190000e-06	4.296297e-06	2.121814e-08	3.049561e+01	1.260055e+03
2.200000e-06	4.166136e-06	2.100955e-08	2.957171e+01	1.248112e+03
2.210000e-06	4.034535e-06	2.079543e-08	2.863759e+01	1.235706e+03
2.220000e-06	3.901496e-06	2.057205e-08	2.769326e+01	1.222696e+03
2.230000e-06	3.767028e-06	2.034798e-08	2.673880e+01	1.209038e+03
2.240000e-06	3.631078e-06	2.012031e-08	2.577380e+01	1.194808e+03
2.250000e-06	3.493754e-06	1.988823e-08	2.479907e+01	1.180159e+03
2.260000e-06	3.355252e-06	1.963927e-08	2.381596e+01	1.165250e+03
2.270000e-06	3.215540e-06	1.937818e-08	2.282427e+01	1.150169e+03
2.280000e-06	3.074538e-06	1.910928e-08	2.182342e+01	1.134886e+03
2.290000e-06	2.932334e-06	1.883544e-08	2.081404e+01	1.119259e+03
2.300000e-06	2.789090e-06	1.855654e-08	1.979728e+01	1.103092e+03
2.310000e-06	2.644807e-06	1.827251e-08	1.877314e+01	1.086227e+03
2.320000e-06	2.499570e-06	1.798541e-08	1.774224e+01	1.068610e+03
2.330000e-06	2.353440e-06	1.768993e-08	1.670499e+01	1.050321e+03
2.340000e-06	2.206474e-06	1.738134e-08	1.566180e+01	1.031535e+03
2.350000e-06	2.058820e-06	1.705519e-08	1.461374e+01	1.012440e+03
2.360000e-06	1.910500e-06	1.672456e-08	1.356095e+01	9.931417e+02
2.370000e-06	1.761468e-06	1.638984e-08	1.250310e+01	9.735973e+02
2.380000e-06	1.611790e-06	1.604765e-08	1.144067e+01	9.536225e+02
2.390000e-06	1.461587e-06	1.569173e-08	1.037451e+01	9.329584e+02
2.400000e-06	1.310955e-06	1.532621e-08	9.305310e+00	9.113815e+02
2.410000e-06	1.159876e-06	1.495099e-08	8.232935e+00	8.888014e+02
2.420000e-06	1.008237e-06	1.456075e-08	7.156585e+00	8.653015e+02
2.430000e-06	8.561064e-07	1.415621e-08	6.076741e+00	8.410934e+02
2.440000e-06	7.037457e-07	1.374370e-08	4.995268e+00	8.164002e+02
2.450000e-06	5.511556e-07	1.332456e-08	3.912166e+00	7.913146e+02
2.460000e-06	3.983680e-07	1.288872e-08	2.827662e+00	7.656962e+02
2.470000e-06	2.455205e-07	1.242836e-08	1.742732e+00	7.391597e+02
2.480000e-06	9.258674e-08	1.194506e-08	6.571913e-01	7.111701e+02
2.490000e-06	-6.039596e-08	1.143961e-08	-4.286974e-01	6.812095e+02
2.500000e-06	-2.133326e-07	1.090496e-08	-1.514259e+00	6.489390e+02
2.510000e-06	-3.661563e-07	1.033722e-08	-2.599019e+00	6.142711e+02
2.520000e-06	-5.188756e-07	9.732225e-09	-3.683039e+00	5.772887e+02
2.530000e-06	-6.714126e-07	9.085239e-09	-4.765764e+00	5.380103e+02
2.540000e-06	-8.236708e-07	8.378702e-09	-5.846510e+00	4.960689e+02
2.550000e-06	-9.755724e-07	7.594303e-09	-6.924725e+00	4.504267e+02
2.560000e-06	-1.127127e-06	6.710928e-09	-8.000479e+00	3.992636e+02
2.570000e-06	-1.278249e-06	5.708866e-09	-9.073155e+00	3.401388e+02
2.580000e-06	-1.428808e-06	4.555216e-09	-1.014184e+01	2.704408e+02
2.590000e-06	-1.578876e-06	3.208570e-09	-1.120704e+01	1.880445e+02
2.600000e-06	-1.728378e-06	1.638744e-09	-1.226822e+01	9.200442e+01
2.610000e-06	-1.877175e-06	-1.618869e-10	-1.332440e+01	-1.691919e+01
2.620000e-06	-2.025312e-06	-2.163824e-09	-1.437589e+01	-1.360792e+02
2.630000e-06	-2.172766e-06	-4.298357e-09	-1.542254e+01	-2.611912e+02
2.640000e-06	-2.319428e-06	-6.452355e-09	-1.646356e+01	-3.869784e+02
2.650000e-06	-2.465316e-06	-8.507454e-09	-1.749909e+01	-5.080601e+02
2.660000e-06	-2.610404e-06	-1.037851e-08	-1.852895e+01	-6.198580e+02
2.670000e-06	-2.754506e-06	-1.202997e-08	-1.955180e+01	-7.192907e+02
2.680000e-06	-2.897488e-06	-1.346103e-08	-2.056670e+01	-8.050939e+02
2.690000e-06	-3.039336e-06	-1.468727e-08	-2.157355e+01	-8.777132e+02
2.700000e-06	-3.180018e-06	-1.573775e-08	-2.257213e+01	-9.388435e+02
2.710000e-06	-3.319471e-06	-1.664118e-08	-2.356199e+01	-9.907787e+02
2.720000e-06	-3.457686e-06	-1.742266e-08	-2.454305e+01	-1.035772e+03
2.730000e-06	-3.594695e-06	-1.810146e-08	-2.551555e+01	-1.075580e+03
2.740000e-06	-3.730332e-06	-1.869600e-08	-2.647832e+01	-1.111279e+03
2.750000e-06	-3.864471e-06	-1.922222e-08	-2.743046e+01	-1.143344e+03
2.760000e-06	-3.997222e-06	-1.969041e-08	-2.837274e+01	-1.171910e+03
2.770000e-06	-4.128649e-06	-2.011103e-08	-2.930563e+01	-1.197064e+03
2.780000e-06	-4.258665e-06	-2.048772e-08	-3.022849e+01	-1.219073e+03
2.790000e-06	-4.387147e-06	-2.082608e-08	-3.114047e+01	-1.238445e+03
2.800000e-06	-4.514010e-06	-2.113380e-08	-3.204096e+01	-1.255855e+03
2.810000e-06	-4.639278e-06	-2.141653e-08	-3.293013e+01	-1.271978e+03
2.820000e-06	-4.762981e-06	-2.167664e-08	-3.380818e+01	-1.287309e+03
2.830000e-06	-4.885006e-06	-2.191833e-08	-3.467433e+01	-1.302070e+03
2.840000e-06	-5.005175e-06	-2.214723e-08	-3.552731e+01	-1.316214e+03
2.850000e-06	-5.123338e-06	-2.236538e-08	-3.636604e+01	-1.329539e+03
2.860000e-06	-5.239508e-06	-2.257089e-08	-3.719063e+01	-1.341840e+03
2.870000e-06	-5.353615e-06	-2.276084e-08	-3.800058e+01	-1.353038e+03
2.880000e-06	-5.465520e-06	-2.293877e-08	-3.879489e+01	-1.363236e+03
2.890000e-06	-5.575345e-06	-2.310892e-08	-3.957443e+01	-1.372694e+03
2.900000e-06	-5.683261e-06	-2.327054e-08	-4.034044e+01	-1.381721e+03
2.910000e-06	-5.789295e-06	-2.342252e-08	-4.109308e+01	-1.390560e+03
2.920000e-06	-5.893237e-06	-2.356784e-08	-4.183087e+01	-1.399307e+03
2.930000e-06	-5.994938e-06	-2.370869e-08	-4.255276e+01	-1.407890e+03
2.940000e-06	-6.094507e-06	-2.384186e-08	-4.325951e+01	-1.416129e+03
2.950000e-06	-6.192002e-06	-2.396697e-08	-4.395154e+01	-1.423828e+03
2.960000e-06	-6.287327e-06	-2.408745e-08	-4.462817e+01	-1.430876e+03
2.970000e-06	-6.380386e-06	-2.420431e-08	-4.528871e+01	-1.437294e+03
2.980000e-06	-6.471215e-06	-2.431397e-08	-4.593342e+01	-1.443228e+03
2.990000e-06	-6.559780e-06	-2.441362e-08	-4.656207e+01	-1.448886e+03
3.000000e-06	-6.645943e-06	-2.450854e-08	-4.717366e+01	-1.454448e+03
3.010000e-06	-6.729717e-06	-2.460177e-08	-4.776830e+01	-1.459999e+03
3.020000e-06	-6.811209e-06	-2.469068e-08	-4.834674e+01	-1.465502e+03
3.030000e-06	-6.890241e-06	-2.477370e-08	-4.890772e+01	-1.470828e+03
3.040000e-06	-6.966598e-06	-2.485396e-08	-4.944971e+01	-1.475825e+03
3.050000e-06	-7.040310e-06	-2.493295e-08	-4.997292e+01	-1.480388e+03
3.060000e-06	-7.111438e-06	-2.500793e-08	-5.047780e+01	-1.484508e+03
3.070000e-06	-7.180016e-06	-2.507612e-08	-5.096457e+01	-1.488275e+03
3.080000e-06	-7.246110e-06	-2.513916e-08	-5.143372e+01	-1.491833e+03
3.090000e-06	-7.309686e-06	-2.519965e-08	-5.188499e+01	-1.495317e+03
3.100000e-06	-7.370585e-06	-2.525831e-08	-5.231725e+01	-1.498795e+03
3.110000e-06	-7.428843e-06	-2.531300e-08	-5.273078e+01	-1.502241e+03
3.120000e-06	-7.484370e-06	-2.536476e-08	-5.312492e+01	-1.505557e+03
3.130000e-06	-7.537025e-06	-2.541550e-08	-5.349867e+01	-1.508616e+03
3.140000e-06	-7.586711e-06	-2.546317e-08	-5.385134e+01	-1.511329e+03
3.150000e-06	-7.633340e-06	-2.550562e-08	-5.418232e+01	-1.513681e+03
3.160000e-06	-7.677320e-06	-2.554403e-08	-5.449449e+01	-1.515738e+03
3.170000e-06	-7.718875e-06	-2.557886e-08	-5.478946e+01	-1.517612e+03
3.180000e-06	-7.757786e-06	-2.561151e-08	-5.506565e+01	-1.519413e+03
3.190000e-06	-7.793934e-06	-2.564100e-08	-5.532224e+01	-1.521194e+03
3.200000e-06	-7.827363e-06	-2.566474e-08	-5.555952e+01	-1.522933e+03
3.210000e-06	-7.857966e-06	-2.568578e-08	-5.577674e+01	-1.524544e+03
3.220000e-06	-7.885690e-06	-2.570775e-08	-5.597353e+01	-1.525920e+03
3.230000e-06	-7.910679e-06	-2.572936e-08	-5.615091e+01	-1.526986e+03
3.240000e-06	-7.932869e-06	-2.574641e-08	-5.630841e+01	-1.527738e+03
3.250000e-06	-7.952200e-06	-2.575943e-08	-5.644563e+01	-1.528244e+03
3.260000e-06	-7.968740e-06	-2.576985e-08	-5.656303e+01	-1.528614e+03
3.270000e-06	-7.982272e-06	-2.577722e-08	-5.665908e+01	-1.528954e+03
3.280000e-06	-7.992703e-06	-2.578258e-08	-5.673312e+01	-1.529313e+03
3.290000e-06	-8.000293e-06	-2.578452e-08	-5.678700e+01	-1.529664e+03
3.300000e-06	-8.005072e-06	-2.578589e-08	-5.682092e+01	-1.529912e+03
3.310000e-06	-8.007045e-06	-2.578637e-08	-5.683492e+01	-1.529944e+03
