# Temperatura_=_44.19
# Concentracion g/m^3_=_22500.0
# C_Vs_to_Am_M_A/Vsm_=_59384043850.047264
# pendiente_HvsI_1/m_=_3716.3
# ordenada_HvsI_A/m_=_1297.0
# frecuencia_Hz_=_301747.3685695511

Tiempo_(s)	Campo_(V.s)	Magnetizacion_(V.s)	Campo_(kA/m)	Magnetizacion_(A/m)
0.000000e+00	-8.031427e-06	-2.563447e-08	-5.682011e+01	-1.521450e+03
1.000000e-08	-8.027087e-06	-2.562679e-08	-5.678941e+01	-1.520838e+03
2.000000e-08	-8.020160e-06	-2.561495e-08	-5.674040e+01	-1.519955e+03
3.000000e-08	-8.010483e-06	-2.560313e-08	-5.667194e+01	-1.518929e+03
4.000000e-08	-7.997931e-06	-2.558765e-08	-5.658314e+01	-1.517893e+03
5.000000e-08	-7.982474e-06	-2.556874e-08	-5.647378e+01	-1.516928e+03
6.000000e-08	-7.964241e-06	-2.554805e-08	-5.634479e+01	-1.516021e+03
7.000000e-08	-7.943605e-06	-2.551176e-08	-5.619879e+01	-1.515069e+03
8.000000e-08	-7.920356e-06	-2.549961e-08	-5.603432e+01	-1.513924e+03
9.000000e-08	-7.893865e-06	-2.548696e-08	-5.584690e+01	-1.512451e+03
1.000000e-07	-7.864180e-06	-2.544181e-08	-5.563689e+01	-1.510592e+03
1.100000e-07	-7.831708e-06	-2.540645e-08	-5.540716e+01	-1.508389e+03
1.200000e-07	-7.796535e-06	-2.538256e-08	-5.515832e+01	-1.505967e+03
1.300000e-07	-7.758916e-06	-2.535878e-08	-5.489217e+01	-1.503479e+03
1.400000e-07	-7.719182e-06	-2.529362e-08	-5.461106e+01	-1.501043e+03
1.500000e-07	-7.677094e-06	-2.525316e-08	-5.431331e+01	-1.498692e+03
1.600000e-07	-7.632238e-06	-2.524161e-08	-5.399596e+01	-1.496355e+03
1.700000e-07	-7.584641e-06	-2.515369e-08	-5.365923e+01	-1.493891e+03
1.800000e-07	-7.534188e-06	-2.513086e-08	-5.330228e+01	-1.491147e+03
1.900000e-07	-7.480634e-06	-2.508104e-08	-5.292340e+01	-1.488025e+03
2.000000e-07	-7.424203e-06	-2.499217e-08	-5.252417e+01	-1.484515e+03
2.100000e-07	-7.365124e-06	-2.495976e-08	-5.210621e+01	-1.480704e+03
2.200000e-07	-7.303472e-06	-2.487582e-08	-5.167003e+01	-1.476727e+03
2.300000e-07	-7.239156e-06	-2.482276e-08	-5.121502e+01	-1.472710e+03
2.400000e-07	-7.172066e-06	-2.473572e-08	-5.074037e+01	-1.468711e+03
2.500000e-07	-7.102349e-06	-2.467710e-08	-5.024714e+01	-1.464692e+03
2.600000e-07	-7.029979e-06	-2.461776e-08	-4.973514e+01	-1.460537e+03
2.700000e-07	-6.954835e-06	-2.451743e-08	-4.920352e+01	-1.456100e+03
2.800000e-07	-6.876921e-06	-2.444061e-08	-4.865230e+01	-1.451270e+03
2.900000e-07	-6.796326e-06	-2.435416e-08	-4.808211e+01	-1.446017e+03
3.000000e-07	-6.713351e-06	-2.428247e-08	-4.749509e+01	-1.440404e+03
3.100000e-07	-6.628206e-06	-2.416520e-08	-4.689271e+01	-1.434558e+03
3.200000e-07	-6.540801e-06	-2.406579e-08	-4.627435e+01	-1.428608e+03
3.300000e-07	-6.450984e-06	-2.397667e-08	-4.563892e+01	-1.422630e+03
3.400000e-07	-6.358812e-06	-2.386672e-08	-4.498683e+01	-1.416609e+03
3.500000e-07	-6.264351e-06	-2.376045e-08	-4.431854e+01	-1.410442e+03
3.600000e-07	-6.167519e-06	-2.364487e-08	-4.363348e+01	-1.403984e+03
3.700000e-07	-6.068421e-06	-2.353525e-08	-4.293239e+01	-1.397107e+03
3.800000e-07	-5.967212e-06	-2.340902e-08	-4.221636e+01	-1.389759e+03
3.900000e-07	-5.863894e-06	-2.327917e-08	-4.148542e+01	-1.381978e+03
4.000000e-07	-5.758416e-06	-2.314181e-08	-4.073919e+01	-1.373877e+03
4.100000e-07	-5.650783e-06	-2.301475e-08	-3.997772e+01	-1.365586e+03
4.200000e-07	-5.541236e-06	-2.288555e-08	-3.920271e+01	-1.357194e+03
4.300000e-07	-5.429795e-06	-2.273773e-08	-3.841429e+01	-1.348703e+03
4.400000e-07	-5.316193e-06	-2.258408e-08	-3.761058e+01	-1.340023e+03
4.500000e-07	-5.200290e-06	-2.242774e-08	-3.679061e+01	-1.331011e+03
4.600000e-07	-5.082372e-06	-2.226717e-08	-3.595637e+01	-1.321532e+03
4.700000e-07	-4.962723e-06	-2.209287e-08	-3.510988e+01	-1.311517e+03
4.800000e-07	-4.841262e-06	-2.191902e-08	-3.425058e+01	-1.300996e+03
4.900000e-07	-4.717941e-06	-2.174503e-08	-3.337812e+01	-1.290077e+03
5.000000e-07	-4.592929e-06	-2.156869e-08	-3.249370e+01	-1.278902e+03
5.100000e-07	-4.466410e-06	-2.137591e-08	-3.159861e+01	-1.267575e+03
5.200000e-07	-4.338378e-06	-2.117483e-08	-3.069282e+01	-1.256112e+03
5.300000e-07	-4.208727e-06	-2.097093e-08	-2.977557e+01	-1.244430e+03
5.400000e-07	-4.077425e-06	-2.076738e-08	-2.884665e+01	-1.232375e+03
5.500000e-07	-3.944624e-06	-2.055322e-08	-2.790712e+01	-1.219794e+03
5.600000e-07	-3.810408e-06	-2.033025e-08	-2.695758e+01	-1.206594e+03
5.700000e-07	-3.674811e-06	-2.010395e-08	-2.599826e+01	-1.192789e+03
5.800000e-07	-3.537880e-06	-1.987029e-08	-2.502952e+01	-1.178487e+03
5.900000e-07	-3.399656e-06	-1.962782e-08	-2.405162e+01	-1.163842e+03
6.000000e-07	-3.260083e-06	-1.937291e-08	-2.306418e+01	-1.148979e+03
6.100000e-07	-3.119117e-06	-1.911886e-08	-2.206688e+01	-1.133929e+03
6.200000e-07	-2.976846e-06	-1.886011e-08	-2.106036e+01	-1.118612e+03
6.300000e-07	-2.833382e-06	-1.859242e-08	-2.004539e+01	-1.102863e+03
6.400000e-07	-2.688820e-06	-1.831023e-08	-1.902266e+01	-1.086507e+03
6.500000e-07	-2.543290e-06	-1.802296e-08	-1.799307e+01	-1.069433e+03
6.600000e-07	-2.396873e-06	-1.773031e-08	-1.695721e+01	-1.051650e+03
6.700000e-07	-2.249660e-06	-1.742664e-08	-1.591572e+01	-1.033281e+03
6.800000e-07	-2.101768e-06	-1.711359e-08	-1.486942e+01	-1.014505e+03
6.900000e-07	-1.953189e-06	-1.679497e-08	-1.381827e+01	-9.954688e+02
7.000000e-07	-1.803954e-06	-1.647446e-08	-1.276247e+01	-9.762055e+02
7.100000e-07	-1.654105e-06	-1.613977e-08	-1.170233e+01	-9.566026e+02
7.200000e-07	-1.503675e-06	-1.578897e-08	-1.063809e+01	-9.364359e+02
7.300000e-07	-1.352792e-06	-1.542985e-08	-9.570630e+00	-9.154590e+02
7.400000e-07	-1.201435e-06	-1.506509e-08	-8.499819e+00	-8.935094e+02
7.500000e-07	-1.049624e-06	-1.468580e-08	-7.425797e+00	-8.705813e+02
7.600000e-07	-8.974138e-07	-1.429173e-08	-6.348953e+00	-8.468270e+02
7.700000e-07	-7.447850e-07	-1.388873e-08	-5.269146e+00	-8.224762e+02
7.800000e-07	-5.918145e-07	-1.347966e-08	-4.186923e+00	-7.977047e+02
7.900000e-07	-4.385690e-07	-1.305448e-08	-3.102753e+00	-7.725056e+02
8.000000e-07	-2.851890e-07	-1.260318e-08	-2.017633e+00	-7.466251e+02
8.100000e-07	-1.317511e-07	-1.213156e-08	-9.321023e-01	-7.195999e+02
8.200000e-07	2.176406e-08	-1.164130e-08	1.539747e-01	-6.908876e+02
8.300000e-07	1.752312e-07	-1.112565e-08	1.239712e+00	-6.600380e+02
8.400000e-07	3.285879e-07	-1.057315e-08	2.324668e+00	-6.268208e+02
8.500000e-07	4.818648e-07	-9.982796e-09	3.409059e+00	-5.912327e+02
8.600000e-07	6.350210e-07	-9.355583e-09	4.492597e+00	-5.533476e+02
8.700000e-07	7.878858e-07	-8.678735e-09	5.574073e+00	-5.130374e+02
8.800000e-07	9.403941e-07	-7.929003e-09	6.653026e+00	-4.696591e+02
8.900000e-07	1.092580e-06	-7.088891e-09	7.729700e+00	-4.218381e+02
9.000000e-07	1.244366e-06	-6.144184e-09	8.803547e+00	-3.674731e+02
9.100000e-07	1.395713e-06	-5.063786e-09	9.874281e+00	-3.040260e+02
9.200000e-07	1.546562e-06	-3.803757e-09	1.094149e+01	-2.290703e+02
9.300000e-07	1.696816e-06	-2.327490e-09	1.200450e+01	-1.409738e+02
9.400000e-07	1.846452e-06	-6.231633e-10	1.306313e+01	-3.952824e+01
9.500000e-07	1.995483e-06	1.298212e-09	1.411749e+01	7.367174e+01
9.600000e-07	2.143858e-06	3.387195e-09	1.516720e+01	1.952375e+02
9.700000e-07	2.291515e-06	5.545242e-09	1.621183e+01	3.204181e+02
9.800000e-07	2.438408e-06	7.649820e-09	1.725106e+01	4.438639e+02
9.900000e-07	2.584464e-06	9.597507e-09	1.828436e+01	5.605342e+02
1.000000e-06	2.729564e-06	1.134015e-08	1.931090e+01	6.665176e+02
1.010000e-06	2.873612e-06	1.286572e-08	2.033000e+01	7.595604e+02
1.020000e-06	3.016543e-06	1.417911e-08	2.134121e+01	8.391916e+02
1.030000e-06	3.158325e-06	1.530139e-08	2.234427e+01	9.064464e+02
1.040000e-06	3.298899e-06	1.626790e-08	2.333879e+01	9.633098e+02
1.050000e-06	3.438150e-06	1.710767e-08	2.432396e+01	1.012062e+03
1.060000e-06	3.576051e-06	1.783533e-08	2.529957e+01	1.054718e+03
1.070000e-06	3.712623e-06	1.846605e-08	2.626578e+01	1.092701e+03
1.080000e-06	3.847883e-06	1.901879e-08	2.722270e+01	1.126783e+03
1.090000e-06	3.981751e-06	1.951091e-08	2.816978e+01	1.157262e+03
1.100000e-06	4.114166e-06	1.995101e-08	2.910658e+01	1.184240e+03
1.110000e-06	4.245122e-06	2.034305e-08	3.003306e+01	1.207892e+03
1.120000e-06	4.374529e-06	2.069300e-08	3.094858e+01	1.228612e+03
1.130000e-06	4.502356e-06	2.101322e-08	3.185292e+01	1.247010e+03
1.140000e-06	4.628648e-06	2.130822e-08	3.274640e+01	1.263776e+03
1.150000e-06	4.753383e-06	2.157616e-08	3.362887e+01	1.279508e+03
1.160000e-06	4.876452e-06	2.182172e-08	3.449954e+01	1.294566e+03
1.170000e-06	4.997714e-06	2.205500e-08	3.535744e+01	1.309031e+03
1.180000e-06	5.117127e-06	2.227704e-08	3.620225e+01	1.322765e+03
1.190000e-06	5.234640e-06	2.248432e-08	3.703362e+01	1.335551e+03
1.200000e-06	5.350149e-06	2.267890e-08	3.785082e+01	1.347241e+03
1.210000e-06	5.463575e-06	2.286152e-08	3.865327e+01	1.357853e+03
1.220000e-06	5.574954e-06	2.303384e-08	3.944125e+01	1.367582e+03
1.230000e-06	5.684408e-06	2.319431e-08	4.021560e+01	1.376729e+03
1.240000e-06	5.791901e-06	2.334328e-08	4.097609e+01	1.385583e+03
1.250000e-06	5.897277e-06	2.348476e-08	4.172159e+01	1.394316e+03
1.260000e-06	6.000478e-06	2.362247e-08	4.245171e+01	1.402932e+03
1.270000e-06	6.101520e-06	2.375533e-08	4.316656e+01	1.411291e+03
1.280000e-06	6.200346e-06	2.388073e-08	4.386572e+01	1.419194e+03
1.290000e-06	6.296848e-06	2.400095e-08	4.454845e+01	1.426480e+03
1.300000e-06	6.391065e-06	2.411546e-08	4.521501e+01	1.433113e+03
1.310000e-06	6.483111e-06	2.422334e-08	4.586621e+01	1.439190e+03
1.320000e-06	6.572905e-06	2.432268e-08	4.650147e+01	1.444907e+03
1.330000e-06	6.660397e-06	2.441675e-08	4.712046e+01	1.450472e+03
1.340000e-06	6.745599e-06	2.450912e-08	4.772324e+01	1.456016e+03
1.350000e-06	6.828489e-06	2.459998e-08	4.830966e+01	1.461552e+03
1.360000e-06	6.908915e-06	2.468617e-08	4.887865e+01	1.466972e+03
1.370000e-06	6.986735e-06	2.476629e-08	4.942920e+01	1.472111e+03
1.380000e-06	7.061955e-06	2.484458e-08	4.996137e+01	1.476826e+03
1.390000e-06	7.134552e-06	2.492007e-08	5.047497e+01	1.481061e+03
1.400000e-06	7.204616e-06	2.498873e-08	5.097066e+01	1.484875e+03
1.410000e-06	7.272166e-06	2.505196e-08	5.144855e+01	1.488414e+03
1.420000e-06	7.337041e-06	2.511437e-08	5.190752e+01	1.491843e+03
1.430000e-06	7.399348e-06	2.517476e-08	5.234833e+01	1.495281e+03
1.440000e-06	7.459184e-06	2.522897e-08	5.277165e+01	1.498745e+03
1.450000e-06	7.516376e-06	2.527953e-08	5.317627e+01	1.502153e+03
1.460000e-06	7.570721e-06	2.532823e-08	5.356074e+01	1.505361e+03
1.470000e-06	7.621958e-06	2.537556e-08	5.392323e+01	1.508235e+03
1.480000e-06	7.670177e-06	2.542006e-08	5.426437e+01	1.510711e+03
1.490000e-06	7.715680e-06	2.545974e-08	5.458629e+01	1.512821e+03
1.500000e-06	7.758405e-06	2.549688e-08	5.488856e+01	1.514681e+03
1.510000e-06	7.798289e-06	2.553158e-08	5.517073e+01	1.516436e+03
1.520000e-06	7.835462e-06	2.556237e-08	5.543372e+01	1.518194e+03
1.530000e-06	7.869949e-06	2.558729e-08	5.567770e+01	1.519983e+03
1.540000e-06	7.901655e-06	2.560934e-08	5.590201e+01	1.521735e+03
1.550000e-06	7.930575e-06	2.563245e-08	5.610661e+01	1.523322e+03
1.560000e-06	7.956695e-06	2.565351e-08	5.629140e+01	1.524615e+03
1.570000e-06	7.980018e-06	2.566941e-08	5.645641e+01	1.525543e+03
1.580000e-06	8.000640e-06	2.568146e-08	5.660230e+01	1.526127e+03
1.590000e-06	8.018450e-06	2.569136e-08	5.672830e+01	1.526468e+03
1.600000e-06	8.033263e-06	2.569875e-08	5.683310e+01	1.526706e+03
1.610000e-06	8.044970e-06	2.570223e-08	5.691592e+01	1.526957e+03
1.620000e-06	8.053592e-06	2.570405e-08	5.697692e+01	1.527262e+03
1.630000e-06	8.059413e-06	2.570581e-08	5.701810e+01	1.527568e+03
1.640000e-06	8.062482e-06	2.570604e-08	5.703982e+01	1.527759e+03
1.650000e-06	8.062720e-06	2.570350e-08	5.704150e+01	1.527702e+03
1.660000e-06	8.060278e-06	2.569213e-08	5.702422e+01	1.527316e+03
1.670000e-06	8.055174e-06	2.568500e-08	5.698812e+01	1.526605e+03
1.680000e-06	8.047377e-06	2.567741e-08	5.693296e+01	1.525658e+03
1.690000e-06	8.036877e-06	2.566222e-08	5.685867e+01	1.524614e+03
1.700000e-06	8.023558e-06	2.564459e-08	5.676444e+01	1.523595e+03
1.710000e-06	8.007594e-06	2.562929e-08	5.665150e+01	1.522654e+03
1.720000e-06	7.989287e-06	2.562748e-08	5.652199e+01	1.521745e+03
1.730000e-06	7.968467e-06	2.559233e-08	5.637469e+01	1.520747e+03
1.740000e-06	7.944612e-06	2.555752e-08	5.620592e+01	1.519506e+03
1.750000e-06	7.917227e-06	2.555457e-08	5.601218e+01	1.517910e+03
1.760000e-06	7.886315e-06	2.552413e-08	5.579349e+01	1.515930e+03
1.770000e-06	7.852527e-06	2.546827e-08	5.555444e+01	1.513638e+03
1.780000e-06	7.816263e-06	2.542528e-08	5.529789e+01	1.511176e+03
1.790000e-06	7.777663e-06	2.541445e-08	5.502480e+01	1.508694e+03
1.800000e-06	7.737046e-06	2.529928e-08	5.473745e+01	1.506286e+03
1.810000e-06	7.694194e-06	2.531118e-08	5.443428e+01	1.503950e+03
1.820000e-06	7.648638e-06	2.528237e-08	5.411199e+01	1.501588e+03
1.830000e-06	7.600334e-06	2.517199e-08	5.377025e+01	1.499048e+03
1.840000e-06	7.548981e-06	2.521237e-08	5.340694e+01	1.496188e+03
1.850000e-06	7.494557e-06	2.511214e-08	5.302191e+01	1.492935e+03
1.860000e-06	7.437442e-06	2.508612e-08	5.261783e+01	1.489314e+03
1.870000e-06	7.377725e-06	2.500896e-08	5.219535e+01	1.485432e+03
1.880000e-06	7.315371e-06	2.492166e-08	5.175421e+01	1.481430e+03
1.890000e-06	7.250282e-06	2.490175e-08	5.129373e+01	1.477415e+03
1.900000e-06	7.182561e-06	2.477529e-08	5.081462e+01	1.473417e+03
1.910000e-06	7.112029e-06	2.475959e-08	5.031563e+01	1.469368e+03
1.920000e-06	7.038680e-06	2.467011e-08	4.979670e+01	1.465136e+03
1.930000e-06	6.962658e-06	2.458631e-08	4.925887e+01	1.460580e+03
1.940000e-06	6.883917e-06	2.451549e-08	4.870180e+01	1.455612e+03
1.950000e-06	6.802760e-06	2.439448e-08	4.812763e+01	1.450231e+03
1.960000e-06	6.719221e-06	2.434440e-08	4.753662e+01	1.444526e+03
1.970000e-06	6.633135e-06	2.421211e-08	4.692758e+01	1.438632e+03
1.980000e-06	6.544614e-06	2.413939e-08	4.630132e+01	1.432668e+03
1.990000e-06	6.453863e-06	2.402835e-08	4.565928e+01	1.426681e+03
2.000000e-06	6.360894e-06	2.392052e-08	4.500155e+01	1.420626e+03
2.010000e-06	6.265621e-06	2.381710e-08	4.432753e+01	1.414380e+03
2.020000e-06	6.168162e-06	2.368361e-08	4.363803e+01	1.407797e+03
2.030000e-06	6.068535e-06	2.359316e-08	4.293319e+01	1.400769e+03
2.040000e-06	5.966619e-06	2.345662e-08	4.221217e+01	1.393272e+03
2.050000e-06	5.862478e-06	2.334803e-08	4.147540e+01	1.385372e+03
2.060000e-06	5.756330e-06	2.319139e-08	4.072443e+01	1.377194e+03
2.070000e-06	5.648253e-06	2.305434e-08	3.995982e+01	1.368864e+03
2.080000e-06	5.538061e-06	2.290521e-08	3.918024e+01	1.360443e+03
2.090000e-06	5.425759e-06	2.275451e-08	3.838573e+01	1.351903e+03
2.100000e-06	5.311393e-06	2.260579e-08	3.757663e+01	1.343131e+03
2.110000e-06	5.194849e-06	2.245008e-08	3.675211e+01	1.333980e+03
2.120000e-06	5.076225e-06	2.229822e-08	3.591288e+01	1.324330e+03
2.130000e-06	4.955770e-06	2.212333e-08	3.506069e+01	1.314144e+03
2.140000e-06	4.833557e-06	2.194736e-08	3.419607e+01	1.303478e+03
2.150000e-06	4.709641e-06	2.175814e-08	3.331940e+01	1.292461e+03
2.160000e-06	4.584094e-06	2.158131e-08	3.243119e+01	1.281227e+03
2.170000e-06	4.456879e-06	2.138867e-08	3.153118e+01	1.269859e+03
2.180000e-06	4.328078e-06	2.119346e-08	3.061995e+01	1.258337e+03
2.190000e-06	4.197798e-06	2.098270e-08	2.969825e+01	1.246552e+03
2.200000e-06	4.066035e-06	2.077671e-08	2.876607e+01	1.234342e+03
2.210000e-06	3.932772e-06	2.055718e-08	2.782327e+01	1.221565e+03
2.220000e-06	3.798000e-06	2.033167e-08	2.686979e+01	1.208163e+03
2.230000e-06	3.661800e-06	2.010341e-08	2.590622e+01	1.194181e+03
2.240000e-06	3.524328e-06	1.987159e-08	2.493364e+01	1.179751e+03
2.250000e-06	3.385599e-06	1.963400e-08	2.395217e+01	1.165024e+03
2.260000e-06	3.245555e-06	1.937604e-08	2.296140e+01	1.150101e+03
2.270000e-06	3.104208e-06	1.911175e-08	2.196141e+01	1.134978e+03
2.280000e-06	2.961627e-06	1.883995e-08	2.095269e+01	1.119541e+03
2.290000e-06	2.817891e-06	1.856879e-08	1.993579e+01	1.103613e+03
2.300000e-06	2.673176e-06	1.828619e-08	1.891198e+01	1.087031e+03
2.310000e-06	2.527595e-06	1.799730e-08	1.788203e+01	1.069721e+03
2.320000e-06	2.381181e-06	1.770440e-08	1.684619e+01	1.051730e+03
2.330000e-06	2.233966e-06	1.740356e-08	1.580469e+01	1.033209e+03
2.340000e-06	2.085945e-06	1.708668e-08	1.475748e+01	1.014336e+03
2.350000e-06	1.937150e-06	1.675800e-08	1.370480e+01	9.952285e+02
2.360000e-06	1.787665e-06	1.642465e-08	1.264723e+01	9.758735e+02
2.370000e-06	1.637601e-06	1.608644e-08	1.158557e+01	9.561155e+02
2.380000e-06	1.486982e-06	1.573445e-08	1.051999e+01	9.357118e+02
2.390000e-06	1.335811e-06	1.537128e-08	9.450490e+00	9.144319e+02
2.400000e-06	1.184101e-06	1.499879e-08	8.377187e+00	8.921585e+02
2.410000e-06	1.031948e-06	1.461764e-08	7.300742e+00	8.689408e+02
2.420000e-06	8.794558e-07	1.422166e-08	6.221905e+00	8.449678e+02
2.430000e-06	7.266787e-07	1.381258e-08	5.141049e+00	8.204677e+02
2.440000e-06	5.736674e-07	1.339549e-08	4.058537e+00	7.955695e+02
2.450000e-06	4.204189e-07	1.296395e-08	2.974347e+00	7.701894e+02
2.460000e-06	2.670134e-07	1.251116e-08	1.889045e+00	7.439971e+02
2.470000e-06	1.135685e-07	1.203369e-08	8.034655e-01	7.164862e+02
2.480000e-06	-3.992150e-08	1.153540e-08	-2.824335e-01	6.871257e+02
2.490000e-06	-1.934154e-07	1.101311e-08	-1.368360e+00	6.555265e+02
2.500000e-06	-3.467992e-07	1.045795e-08	-2.453508e+00	6.215379e+02
2.510000e-06	-5.000392e-07	9.863389e-09	-3.537638e+00	5.852052e+02
2.520000e-06	-6.530914e-07	9.227942e-09	-4.620440e+00	5.465718e+02
2.530000e-06	-8.058812e-07	8.539874e-09	-5.701385e+00	5.053765e+02
2.540000e-06	-9.583873e-07	7.779040e-09	-6.780323e+00	4.607561e+02
2.550000e-06	-1.110562e-06	6.923443e-09	-7.856920e+00	4.110889e+02
2.560000e-06	-1.262250e-06	5.955430e-09	-8.930066e+00	3.540876e+02
2.570000e-06	-1.413413e-06	4.844858e-09	-9.999503e+00	2.871804e+02
2.580000e-06	-1.564080e-06	3.553221e-09	-1.106543e+01	2.081201e+02
2.590000e-06	-1.714222e-06	2.046223e-09	-1.212764e+01	1.156719e+02
2.600000e-06	-1.863742e-06	3.110651e-10	-1.318545e+01	1.018229e+01
2.610000e-06	-2.012527e-06	-1.634095e-09	-1.423807e+01	-1.061556e+02
2.620000e-06	-2.160585e-06	-3.731415e-09	-1.528554e+01	-2.294493e+02
2.630000e-06	-2.307837e-06	-5.879051e-09	-1.632730e+01	-3.546608e+02
2.640000e-06	-2.454280e-06	-7.957977e-09	-1.736335e+01	-4.764403e+02
2.650000e-06	-2.599911e-06	-9.870183e-09	-1.839365e+01	-5.900311e+02
2.660000e-06	-2.744612e-06	-1.156817e-08	-1.941736e+01	-6.920151e+02
2.670000e-06	-2.888300e-06	-1.304515e-08	-2.043392e+01	-7.807187e+02
2.680000e-06	-3.030891e-06	-1.431582e-08	-2.144271e+01	-8.562017e+02
2.690000e-06	-3.172344e-06	-1.540446e-08	-2.244345e+01	-9.198743e+02
2.700000e-06	-3.312504e-06	-1.634057e-08	-2.343504e+01	-9.738864e+02
2.710000e-06	-3.451335e-06	-1.715143e-08	-2.441724e+01	-1.020485e+03
2.720000e-06	-3.588954e-06	-1.785795e-08	-2.539085e+01	-1.061518e+03
2.730000e-06	-3.725213e-06	-1.847597e-08	-2.635484e+01	-1.098193e+03
2.740000e-06	-3.860065e-06	-1.901917e-08	-2.730889e+01	-1.131101e+03
2.750000e-06	-3.993569e-06	-1.950012e-08	-2.825339e+01	-1.160446e+03
2.760000e-06	-4.125605e-06	-1.992835e-08	-2.918750e+01	-1.186328e+03
2.770000e-06	-4.256161e-06	-2.031082e-08	-3.011116e+01	-1.208984e+03
2.780000e-06	-4.385256e-06	-2.065489e-08	-3.102447e+01	-1.228886e+03
2.790000e-06	-4.512788e-06	-2.096918e-08	-3.192672e+01	-1.246686e+03
2.800000e-06	-4.638739e-06	-2.126018e-08	-3.281779e+01	-1.263065e+03
2.810000e-06	-4.762987e-06	-2.152845e-08	-3.369681e+01	-1.278557e+03
2.820000e-06	-4.885445e-06	-2.177621e-08	-3.456316e+01	-1.293430e+03
2.830000e-06	-5.006216e-06	-2.200704e-08	-3.541758e+01	-1.307683e+03
2.840000e-06	-5.125183e-06	-2.222504e-08	-3.625924e+01	-1.321137e+03
2.850000e-06	-5.242151e-06	-2.243024e-08	-3.708676e+01	-1.333582e+03
2.860000e-06	-5.356930e-06	-2.262086e-08	-3.789879e+01	-1.344915e+03
2.870000e-06	-5.469502e-06	-2.279988e-08	-3.869520e+01	-1.355216e+03
2.880000e-06	-5.579984e-06	-2.296979e-08	-3.947683e+01	-1.364725e+03
2.890000e-06	-5.688445e-06	-2.313255e-08	-4.024416e+01	-1.373752e+03
2.900000e-06	-5.795007e-06	-2.328707e-08	-4.099806e+01	-1.382557e+03
2.910000e-06	-5.899589e-06	-2.343287e-08	-4.173795e+01	-1.391262e+03
2.920000e-06	-6.002044e-06	-2.357220e-08	-4.246279e+01	-1.399817e+03
2.930000e-06	-6.102274e-06	-2.370615e-08	-4.317189e+01	-1.408053e+03
2.940000e-06	-6.200338e-06	-2.383222e-08	-4.386566e+01	-1.415772e+03
2.950000e-06	-6.296299e-06	-2.395100e-08	-4.454456e+01	-1.422847e+03
2.960000e-06	-6.390029e-06	-2.406488e-08	-4.520768e+01	-1.429285e+03
2.970000e-06	-6.481501e-06	-2.417335e-08	-4.585482e+01	-1.435225e+03
2.980000e-06	-6.570700e-06	-2.427488e-08	-4.648587e+01	-1.440874e+03
2.990000e-06	-6.657560e-06	-2.436987e-08	-4.710038e+01	-1.446424e+03
3.000000e-06	-6.741974e-06	-2.446242e-08	-4.769759e+01	-1.451973e+03
3.010000e-06	-6.823991e-06	-2.455374e-08	-4.827783e+01	-1.457488e+03
3.020000e-06	-6.903599e-06	-2.464016e-08	-4.884104e+01	-1.462838e+03
3.030000e-06	-6.980561e-06	-2.472072e-08	-4.938553e+01	-1.467855e+03
3.040000e-06	-7.054880e-06	-2.479571e-08	-4.991131e+01	-1.472418e+03
3.050000e-06	-7.126631e-06	-2.486662e-08	-5.041893e+01	-1.476508e+03
3.060000e-06	-7.195749e-06	-2.493333e-08	-5.090792e+01	-1.480216e+03
3.070000e-06	-7.262268e-06	-2.499596e-08	-5.137853e+01	-1.483704e+03
3.080000e-06	-7.326276e-06	-2.505631e-08	-5.183136e+01	-1.487129e+03
3.090000e-06	-7.387712e-06	-2.511645e-08	-5.226601e+01	-1.490580e+03
3.100000e-06	-7.446518e-06	-2.517253e-08	-5.268204e+01	-1.494041e+03
3.110000e-06	-7.502645e-06	-2.522343e-08	-5.307913e+01	-1.497402e+03
3.120000e-06	-7.555929e-06	-2.527085e-08	-5.345610e+01	-1.500517e+03
3.130000e-06	-7.606192e-06	-2.531560e-08	-5.381169e+01	-1.503267e+03
3.140000e-06	-7.653369e-06	-2.535728e-08	-5.414546e+01	-1.505619e+03
3.150000e-06	-7.697790e-06	-2.539701e-08	-5.445972e+01	-1.507635e+03
3.160000e-06	-7.739775e-06	-2.543319e-08	-5.475675e+01	-1.509447e+03
3.170000e-06	-7.779195e-06	-2.546653e-08	-5.503564e+01	-1.511196e+03
3.180000e-06	-7.815832e-06	-2.549761e-08	-5.529484e+01	-1.512967e+03
3.190000e-06	-7.849731e-06	-2.552211e-08	-5.553466e+01	-1.514757e+03
3.200000e-06	-7.880865e-06	-2.554416e-08	-5.575493e+01	-1.516472e+03
3.210000e-06	-7.909069e-06	-2.556606e-08	-5.595446e+01	-1.517979e+03
3.220000e-06	-7.934489e-06	-2.558686e-08	-5.613430e+01	-1.519160e+03
3.230000e-06	-7.957163e-06	-2.560427e-08	-5.629471e+01	-1.519972e+03
3.240000e-06	-7.976955e-06	-2.561807e-08	-5.643473e+01	-1.520465e+03
3.250000e-06	-7.993908e-06	-2.562757e-08	-5.655467e+01	-1.520759e+03
3.260000e-06	-8.007910e-06	-2.563531e-08	-5.665374e+01	-1.520994e+03
3.270000e-06	-8.018826e-06	-2.563982e-08	-5.673096e+01	-1.521264e+03
3.280000e-06	-8.026825e-06	-2.564082e-08	-5.678755e+01	-1.521580e+03
3.290000e-06	-8.031955e-06	-2.564036e-08	-5.682384e+01	-1.521865e+03
3.300000e-06	-8.034270e-06	-2.563948e-08	-5.684023e+01	-1.521991e+03
3.310000e-06	-8.033853e-06	-2.563650e-08	-5.683728e+01	-1.521835e+03
