# Temperatura_=_27.95
# Concentracion g/m^3_=_22500.0
# C_Vs_to_Am_M_A/Vsm_=_59384043850.047264
# pendiente_HvsI_1/m_=_3716.3
# ordenada_HvsI_A/m_=_1297.0
# frecuencia_Hz_=_301746.5765683685

Tiempo_(s)	Campo_(V.s)	Magnetizacion_(V.s)	Campo_(kA/m)	Magnetizacion_(A/m)
0.000000e+00	-8.011663e-06	-2.604616e-08	-5.681695e+01	-1.545078e+03
1.000000e-08	-8.007482e-06	-2.603475e-08	-5.678730e+01	-1.544630e+03
2.000000e-08	-8.000706e-06	-2.602167e-08	-5.673925e+01	-1.543929e+03
3.000000e-08	-7.991253e-06	-2.600762e-08	-5.667221e+01	-1.543012e+03
4.000000e-08	-7.978935e-06	-2.599328e-08	-5.658485e+01	-1.541948e+03
5.000000e-08	-7.963621e-06	-2.597681e-08	-5.647625e+01	-1.540808e+03
6.000000e-08	-7.945486e-06	-2.595994e-08	-5.634764e+01	-1.539626e+03
7.000000e-08	-7.924984e-06	-2.594197e-08	-5.620225e+01	-1.538382e+03
8.000000e-08	-7.901929e-06	-2.590131e-08	-5.603875e+01	-1.537012e+03
9.000000e-08	-7.875665e-06	-2.585214e-08	-5.585249e+01	-1.535431e+03
1.000000e-07	-7.846111e-06	-2.582392e-08	-5.564290e+01	-1.533579e+03
1.100000e-07	-7.813711e-06	-2.580603e-08	-5.541312e+01	-1.531449e+03
1.200000e-07	-7.778673e-06	-2.577773e-08	-5.516464e+01	-1.529092e+03
1.300000e-07	-7.741193e-06	-2.573217e-08	-5.489884e+01	-1.526601e+03
1.400000e-07	-7.701598e-06	-2.570975e-08	-5.461804e+01	-1.524065e+03
1.500000e-07	-7.659709e-06	-2.567672e-08	-5.432097e+01	-1.521532e+03
1.600000e-07	-7.615074e-06	-2.560264e-08	-5.400443e+01	-1.518981e+03
1.700000e-07	-7.567743e-06	-2.555731e-08	-5.366877e+01	-1.516329e+03
1.800000e-07	-7.517564e-06	-2.547977e-08	-5.331291e+01	-1.513461e+03
1.900000e-07	-7.464230e-06	-2.542723e-08	-5.293468e+01	-1.510275e+03
2.000000e-07	-7.408045e-06	-2.539468e-08	-5.253623e+01	-1.506729e+03
2.100000e-07	-7.349201e-06	-2.531401e-08	-5.211892e+01	-1.502853e+03
2.200000e-07	-7.287753e-06	-2.525558e-08	-5.168315e+01	-1.498738e+03
2.300000e-07	-7.223717e-06	-2.517970e-08	-5.122901e+01	-1.494497e+03
2.400000e-07	-7.156853e-06	-2.511909e-08	-5.075483e+01	-1.490208e+03
2.500000e-07	-7.087328e-06	-2.504189e-08	-5.026177e+01	-1.485885e+03
2.600000e-07	-7.015259e-06	-2.494296e-08	-4.975068e+01	-1.481468e+03
2.700000e-07	-6.940449e-06	-2.486444e-08	-4.922014e+01	-1.476842e+03
2.800000e-07	-6.862833e-06	-2.480221e-08	-4.866971e+01	-1.471893e+03
2.900000e-07	-6.782533e-06	-2.472305e-08	-4.810024e+01	-1.466550e+03
3.000000e-07	-6.699824e-06	-2.460011e-08	-4.751368e+01	-1.460820e+03
3.100000e-07	-6.614922e-06	-2.450076e-08	-4.691158e+01	-1.454778e+03
3.200000e-07	-6.527789e-06	-2.440846e-08	-4.629365e+01	-1.448539e+03
3.300000e-07	-6.438289e-06	-2.429685e-08	-4.565893e+01	-1.442203e+03
3.400000e-07	-6.346449e-06	-2.418188e-08	-4.500763e+01	-1.435805e+03
3.500000e-07	-6.252386e-06	-2.406991e-08	-4.434055e+01	-1.429302e+03
3.600000e-07	-6.156042e-06	-2.396357e-08	-4.365730e+01	-1.422585e+03
3.700000e-07	-6.057341e-06	-2.385079e-08	-4.295733e+01	-1.415525e+03
3.800000e-07	-5.956420e-06	-2.371992e-08	-4.224162e+01	-1.408024e+03
3.900000e-07	-5.853404e-06	-2.357228e-08	-4.151105e+01	-1.400059e+03
4.000000e-07	-5.748265e-06	-2.343767e-08	-4.076543e+01	-1.391689e+03
4.100000e-07	-5.640994e-06	-2.331251e-08	-4.000469e+01	-1.383024e+03
4.200000e-07	-5.531742e-06	-2.316546e-08	-3.922990e+01	-1.374178e+03
4.300000e-07	-5.420549e-06	-2.300268e-08	-3.844134e+01	-1.365214e+03
4.400000e-07	-5.307310e-06	-2.284764e-08	-3.763828e+01	-1.356110e+03
4.500000e-07	-5.191926e-06	-2.269928e-08	-3.682000e+01	-1.346770e+03
4.600000e-07	-5.074489e-06	-2.253309e-08	-3.598716e+01	-1.337060e+03
4.700000e-07	-4.955175e-06	-2.234792e-08	-3.514101e+01	-1.326866e+03
4.800000e-07	-4.834085e-06	-2.216694e-08	-3.428227e+01	-1.316143e+03
4.900000e-07	-4.711200e-06	-2.199132e-08	-3.341080e+01	-1.304935e+03
5.000000e-07	-4.586529e-06	-2.180311e-08	-3.252666e+01	-1.293354e+03
5.100000e-07	-4.460329e-06	-2.159820e-08	-3.163167e+01	-1.281527e+03
5.200000e-07	-4.332608e-06	-2.139164e-08	-3.072590e+01	-1.269537e+03
5.300000e-07	-4.203280e-06	-2.119226e-08	-2.980874e+01	-1.257385e+03
5.400000e-07	-4.072401e-06	-2.098655e-08	-2.888058e+01	-1.244978e+03
5.500000e-07	-3.940008e-06	-2.076399e-08	-2.794167e+01	-1.232175e+03
5.600000e-07	-3.806233e-06	-2.053146e-08	-2.699297e+01	-1.218838e+03
5.700000e-07	-3.671097e-06	-2.029752e-08	-2.603462e+01	-1.204897e+03
5.800000e-07	-3.534600e-06	-2.005602e-08	-2.506661e+01	-1.190381e+03
5.900000e-07	-3.396806e-06	-1.980089e-08	-2.408940e+01	-1.175402e+03
6.000000e-07	-3.257700e-06	-1.954252e-08	-2.310289e+01	-1.160106e+03
6.100000e-07	-3.117161e-06	-1.929012e-08	-2.210622e+01	-1.144605e+03
6.200000e-07	-2.975237e-06	-1.903499e-08	-2.109973e+01	-1.128920e+03
6.300000e-07	-2.832179e-06	-1.876322e-08	-2.008519e+01	-1.112968e+03
6.400000e-07	-2.688077e-06	-1.847609e-08	-1.906326e+01	-1.096589e+03
6.500000e-07	-2.542996e-06	-1.818392e-08	-1.803437e+01	-1.079621e+03
6.600000e-07	-2.396992e-06	-1.788672e-08	-1.699894e+01	-1.061965e+03
6.700000e-07	-2.250109e-06	-1.757970e-08	-1.595728e+01	-1.043632e+03
6.800000e-07	-2.102456e-06	-1.726342e-08	-1.491016e+01	-1.024740e+03
6.900000e-07	-1.954113e-06	-1.694703e-08	-1.385814e+01	-1.005458e+03
7.000000e-07	-1.805150e-06	-1.663122e-08	-1.280173e+01	-9.859280e+02
7.100000e-07	-1.655622e-06	-1.630078e-08	-1.174131e+01	-9.661840e+02
7.200000e-07	-1.505551e-06	-1.595217e-08	-1.067703e+01	-9.461286e+02
7.300000e-07	-1.354987e-06	-1.559603e-08	-9.609273e+00	-9.255585e+02
7.400000e-07	-1.203923e-06	-1.523453e-08	-8.537954e+00	-9.042443e+02
7.500000e-07	-1.052319e-06	-1.486134e-08	-7.462813e+00	-8.820250e+02
7.600000e-07	-9.002845e-07	-1.447268e-08	-6.384620e+00	-8.588744e+02
7.700000e-07	-7.479666e-07	-1.407485e-08	-5.304415e+00	-8.349060e+02
7.800000e-07	-5.953655e-07	-1.367310e-08	-4.222202e+00	-8.103070e+02
7.900000e-07	-4.425092e-07	-1.325783e-08	-3.138178e+00	-7.852250e+02
8.000000e-07	-2.895495e-07	-1.282092e-08	-2.053422e+00	-7.596556e+02
8.100000e-07	-1.365296e-07	-1.236504e-08	-9.682377e-01	-7.333825e+02
8.200000e-07	1.654422e-08	-1.189392e-08	1.173280e-01	-7.060015e+02
8.300000e-07	1.695871e-07	-1.139996e-08	1.202674e+00	-6.770263e+02
8.400000e-07	3.225783e-07	-1.087361e-08	2.287655e+00	-6.460293e+02
8.500000e-07	4.755034e-07	-1.031420e-08	3.372166e+00	-6.127506e+02
8.600000e-07	6.282819e-07	-9.723697e-09	4.455637e+00	-5.771102e+02
8.700000e-07	7.808756e-07	-9.096378e-09	5.537798e+00	-5.390894e+02
8.800000e-07	9.331658e-07	-8.412570e-09	6.617807e+00	-4.985070e+02
8.900000e-07	1.085066e-06	-7.657592e-09	7.695048e+00	-4.547632e+02
9.000000e-07	1.236469e-06	-6.822185e-09	8.768765e+00	-4.066633e+02
9.100000e-07	1.387323e-06	-5.886383e-09	9.838588e+00	-3.524201e+02
9.200000e-07	1.537694e-06	-4.817852e-09	1.090499e+01	-2.898928e+02
9.300000e-07	1.687553e-06	-3.585250e-09	1.196775e+01	-2.170388e+02
9.400000e-07	1.836866e-06	-2.166550e-09	1.302665e+01	-1.324804e+02
9.500000e-07	1.985592e-06	-5.496531e-10	1.408138e+01	-3.603094e+01
9.600000e-07	2.133666e-06	1.262874e-09	1.513149e+01	7.098167e+01
9.700000e-07	2.280967e-06	3.231829e-09	1.617612e+01	1.857090e+02
9.800000e-07	2.427441e-06	5.268693e-09	1.721488e+01	3.041257e+02
9.900000e-07	2.573097e-06	7.266571e-09	1.824784e+01	4.216521e+02
1.000000e-06	2.717838e-06	9.145094e-09	1.927431e+01	5.339031e+02
1.010000e-06	2.861514e-06	1.086026e-08	2.029323e+01	6.373765e+02
1.020000e-06	3.004116e-06	1.238640e-08	2.130453e+01	7.299113e+02
1.030000e-06	3.145643e-06	1.372078e-08	2.230821e+01	8.108201e+02
1.040000e-06	3.285920e-06	1.488494e-08	2.330303e+01	8.806944e+02
1.050000e-06	3.424851e-06	1.590719e-08	2.428829e+01	9.409730e+02
1.060000e-06	3.562499e-06	1.680421e-08	2.526446e+01	9.934211e+02
1.070000e-06	3.698793e-06	1.758627e-08	2.623103e+01	1.039673e+03
1.080000e-06	3.833633e-06	1.827107e-08	2.718729e+01	1.080948e+03
1.090000e-06	3.967167e-06	1.887965e-08	2.813428e+01	1.117987e+03
1.100000e-06	4.099357e-06	1.942431e-08	2.907174e+01	1.151164e+03
1.110000e-06	4.229997e-06	1.990630e-08	2.999821e+01	1.180694e+03
1.120000e-06	4.359142e-06	2.033313e-08	3.091408e+01	1.206832e+03
1.130000e-06	4.486782e-06	2.072267e-08	3.181927e+01	1.229986e+03
1.140000e-06	4.612873e-06	2.108391e-08	3.271348e+01	1.250716e+03
1.150000e-06	4.737418e-06	2.141234e-08	3.359673e+01	1.269628e+03
1.160000e-06	4.860243e-06	2.170836e-08	3.446778e+01	1.287248e+03
1.170000e-06	4.981232e-06	2.198315e-08	3.532580e+01	1.303906e+03
1.180000e-06	5.100418e-06	2.224299e-08	3.617104e+01	1.319710e+03
1.190000e-06	5.217770e-06	2.248488e-08	3.700328e+01	1.334593e+03
1.200000e-06	5.333069e-06	2.270776e-08	3.782095e+01	1.348426e+03
1.210000e-06	5.446214e-06	2.291678e-08	3.862335e+01	1.361132e+03
1.220000e-06	5.557355e-06	2.311718e-08	3.941154e+01	1.372759e+03
1.230000e-06	5.666631e-06	2.330568e-08	4.018650e+01	1.383492e+03
1.240000e-06	5.773917e-06	2.347897e-08	4.094735e+01	1.393592e+03
1.250000e-06	5.879017e-06	2.364199e-08	4.169270e+01	1.403306e+03
1.260000e-06	5.981959e-06	2.380058e-08	4.242274e+01	1.412781e+03
1.270000e-06	6.082814e-06	2.395254e-08	4.313798e+01	1.422028e+03
1.280000e-06	6.181460e-06	2.409249e-08	4.383756e+01	1.430940e+03
1.290000e-06	6.277775e-06	2.422422e-08	4.452060e+01	1.439361e+03
1.300000e-06	6.371924e-06	2.435430e-08	4.518829e+01	1.447164e+03
1.310000e-06	6.463971e-06	2.447966e-08	4.584106e+01	1.454321e+03
1.320000e-06	6.553680e-06	2.459265e-08	4.647726e+01	1.460915e+03
1.330000e-06	6.641030e-06	2.469522e-08	4.709673e+01	1.467106e+03
1.340000e-06	6.726170e-06	2.479692e-08	4.770052e+01	1.473069e+03
1.350000e-06	6.809040e-06	2.489902e-08	4.828822e+01	1.478924e+03
1.360000e-06	6.889417e-06	2.499241e-08	4.885823e+01	1.484692e+03
1.370000e-06	6.967197e-06	2.507864e-08	4.940983e+01	1.490301e+03
1.380000e-06	7.042316e-06	2.516483e-08	4.994256e+01	1.495627e+03
1.390000e-06	7.114763e-06	2.524961e-08	5.045633e+01	1.500555e+03
1.400000e-06	7.184709e-06	2.532605e-08	5.095238e+01	1.505040e+03
1.410000e-06	7.252086e-06	2.539412e-08	5.143020e+01	1.509120e+03
1.420000e-06	7.316794e-06	2.546000e-08	5.188910e+01	1.512905e+03
1.430000e-06	7.378986e-06	2.552623e-08	5.233015e+01	1.516529e+03
1.440000e-06	7.438722e-06	2.558823e-08	5.275378e+01	1.520087e+03
1.450000e-06	7.495862e-06	2.564407e-08	5.315901e+01	1.523607e+03
1.460000e-06	7.550226e-06	2.569798e-08	5.354454e+01	1.527032e+03
1.470000e-06	7.601461e-06	2.575109e-08	5.390789e+01	1.530260e+03
1.480000e-06	7.649649e-06	2.579985e-08	5.424963e+01	1.533186e+03
1.490000e-06	7.695118e-06	2.584155e-08	5.457209e+01	1.535752e+03
1.500000e-06	7.737788e-06	2.588037e-08	5.487469e+01	1.537973e+03
1.510000e-06	7.777668e-06	2.591964e-08	5.515752e+01	1.539926e+03
1.520000e-06	7.814941e-06	2.595456e-08	5.542185e+01	1.541718e+03
1.530000e-06	7.849509e-06	2.598186e-08	5.566700e+01	1.543434e+03
1.540000e-06	7.881250e-06	2.600732e-08	5.589210e+01	1.545104e+03
1.550000e-06	7.910319e-06	2.603289e-08	5.609825e+01	1.546691e+03
1.560000e-06	7.936574e-06	2.605620e-08	5.628444e+01	1.548114e+03
1.570000e-06	7.959888e-06	2.607238e-08	5.644978e+01	1.549281e+03
1.580000e-06	7.980525e-06	2.608255e-08	5.659613e+01	1.550140e+03
1.590000e-06	7.998409e-06	2.609218e-08	5.672296e+01	1.550698e+03
1.600000e-06	8.013340e-06	2.610057e-08	5.682885e+01	1.551017e+03
1.610000e-06	8.025165e-06	2.610451e-08	5.691271e+01	1.551192e+03
1.620000e-06	8.033880e-06	2.610527e-08	5.697451e+01	1.551304e+03
1.630000e-06	8.039847e-06	2.610687e-08	5.701683e+01	1.551386e+03
1.640000e-06	8.043029e-06	2.610772e-08	5.703939e+01	1.551417e+03
1.650000e-06	8.043326e-06	2.610237e-08	5.704150e+01	1.551329e+03
1.660000e-06	8.040994e-06	2.609543e-08	5.702497e+01	1.551045e+03
1.670000e-06	8.036074e-06	2.608773e-08	5.699007e+01	1.550514e+03
1.680000e-06	8.028439e-06	2.607684e-08	5.693593e+01	1.549736e+03
1.690000e-06	8.018073e-06	2.606106e-08	5.686242e+01	1.548763e+03
1.700000e-06	8.004861e-06	2.604007e-08	5.676872e+01	1.547667e+03
1.710000e-06	7.988929e-06	2.601905e-08	5.665573e+01	1.546511e+03
1.720000e-06	7.970714e-06	2.599665e-08	5.652655e+01	1.545313e+03
1.730000e-06	7.950139e-06	2.598916e-08	5.638064e+01	1.544036e+03
1.740000e-06	7.926568e-06	2.598778e-08	5.621348e+01	1.542605e+03
1.750000e-06	7.899407e-06	2.595319e-08	5.602086e+01	1.540940e+03
1.760000e-06	7.868634e-06	2.590007e-08	5.580263e+01	1.538996e+03
1.770000e-06	7.834980e-06	2.585577e-08	5.556396e+01	1.536784e+03
1.780000e-06	7.798867e-06	2.580886e-08	5.530785e+01	1.534372e+03
1.790000e-06	7.760343e-06	2.573890e-08	5.503465e+01	1.531857e+03
1.800000e-06	7.719823e-06	2.573433e-08	5.474729e+01	1.529319e+03
1.810000e-06	7.677088e-06	2.569112e-08	5.444422e+01	1.526784e+03
1.820000e-06	7.631678e-06	2.563128e-08	5.412218e+01	1.524212e+03
1.830000e-06	7.583639e-06	2.563762e-08	5.378150e+01	1.521502e+03
1.840000e-06	7.532518e-06	2.556129e-08	5.341896e+01	1.518539e+03
1.850000e-06	7.478280e-06	2.551109e-08	5.303432e+01	1.515238e+03
1.860000e-06	7.421326e-06	2.542523e-08	5.263041e+01	1.511577e+03
1.870000e-06	7.361758e-06	2.534700e-08	5.220797e+01	1.507612e+03
1.880000e-06	7.299656e-06	2.531906e-08	5.176756e+01	1.503444e+03
1.890000e-06	7.234802e-06	2.523078e-08	5.130763e+01	1.499180e+03
1.900000e-06	7.167215e-06	2.517782e-08	5.082832e+01	1.494882e+03
1.910000e-06	7.096864e-06	2.510904e-08	5.032940e+01	1.490537e+03
1.920000e-06	7.023795e-06	2.502198e-08	4.981121e+01	1.486065e+03
1.930000e-06	6.948089e-06	2.492392e-08	4.927433e+01	1.481346e+03
1.940000e-06	6.869650e-06	2.482447e-08	4.871805e+01	1.476274e+03
1.950000e-06	6.788716e-06	2.475126e-08	4.814408e+01	1.470801e+03
1.960000e-06	6.705359e-06	2.465278e-08	4.755293e+01	1.464958e+03
1.970000e-06	6.619602e-06	2.457353e-08	4.694476e+01	1.458839e+03
1.980000e-06	6.531468e-06	2.447120e-08	4.631974e+01	1.452559e+03
1.990000e-06	6.441035e-06	2.435003e-08	4.567841e+01	1.446202e+03
2.000000e-06	6.348402e-06	2.424064e-08	4.502147e+01	1.439777e+03
2.010000e-06	6.253456e-06	2.412057e-08	4.434813e+01	1.433219e+03
2.020000e-06	6.156285e-06	2.400484e-08	4.365902e+01	1.426404e+03
2.030000e-06	6.056950e-06	2.388114e-08	4.295456e+01	1.419209e+03
2.040000e-06	5.955414e-06	2.376615e-08	4.223449e+01	1.411556e+03
2.050000e-06	5.851652e-06	2.363186e-08	4.149863e+01	1.403450e+03
2.060000e-06	5.745785e-06	2.348453e-08	4.074784e+01	1.394970e+03
2.070000e-06	5.637951e-06	2.333468e-08	3.998311e+01	1.386236e+03
2.080000e-06	5.528125e-06	2.318524e-08	3.920425e+01	1.377348e+03
2.090000e-06	5.416239e-06	2.303505e-08	3.841078e+01	1.368344e+03
2.100000e-06	5.302233e-06	2.287578e-08	3.760227e+01	1.359177e+03
2.110000e-06	5.186178e-06	2.271738e-08	3.677924e+01	1.349731e+03
2.120000e-06	5.068044e-06	2.255104e-08	3.594146e+01	1.339874e+03
2.130000e-06	4.947962e-06	2.237554e-08	3.508986e+01	1.329510e+03
2.140000e-06	4.826130e-06	2.219167e-08	3.422586e+01	1.318621e+03
2.150000e-06	4.702578e-06	2.200765e-08	3.334965e+01	1.307279e+03
2.160000e-06	4.577311e-06	2.181721e-08	3.246129e+01	1.295604e+03
2.170000e-06	4.450325e-06	2.162003e-08	3.156073e+01	1.283718e+03
2.180000e-06	4.321733e-06	2.141304e-08	3.064878e+01	1.271680e+03
2.190000e-06	4.191681e-06	2.120149e-08	2.972648e+01	1.259458e+03
2.200000e-06	4.060178e-06	2.098564e-08	2.879389e+01	1.246940e+03
2.210000e-06	3.927233e-06	2.076494e-08	2.785107e+01	1.233976e+03
2.220000e-06	3.792889e-06	2.053963e-08	2.689833e+01	1.220447e+03
2.230000e-06	3.657112e-06	2.030654e-08	2.593543e+01	1.206313e+03
2.240000e-06	3.519981e-06	2.006692e-08	2.496293e+01	1.191631e+03
2.250000e-06	3.381557e-06	1.981694e-08	2.398126e+01	1.176534e+03
2.260000e-06	3.241897e-06	1.956042e-08	2.299082e+01	1.161163e+03
2.270000e-06	3.101020e-06	1.929433e-08	2.199176e+01	1.145604e+03
2.280000e-06	2.958944e-06	1.902307e-08	2.098418e+01	1.129846e+03
2.290000e-06	2.815712e-06	1.874706e-08	1.996841e+01	1.113774e+03
2.300000e-06	2.671402e-06	1.846538e-08	1.894500e+01	1.097222e+03
2.310000e-06	2.526230e-06	1.817430e-08	1.791547e+01	1.080037e+03
2.320000e-06	2.380178e-06	1.787397e-08	1.687970e+01	1.062155e+03
2.330000e-06	2.233228e-06	1.756639e-08	1.583756e+01	1.043624e+03
2.340000e-06	2.085512e-06	1.725037e-08	1.478999e+01	1.024587e+03
2.350000e-06	1.937142e-06	1.692745e-08	1.373778e+01	1.005214e+03
2.360000e-06	1.788150e-06	1.659680e-08	1.268117e+01	9.856159e+02
2.370000e-06	1.638556e-06	1.625868e-08	1.162028e+01	9.657876e+02
2.380000e-06	1.488422e-06	1.591070e-08	1.055557e+01	9.455910e+02
2.390000e-06	1.337653e-06	1.555157e-08	9.486339e+00	9.248043e+02
2.400000e-06	1.186323e-06	1.518131e-08	8.413140e+00	9.032100e+02
2.410000e-06	1.034588e-06	1.480235e-08	7.337069e+00	8.806859e+02
2.420000e-06	8.824581e-07	1.441381e-08	6.258199e+00	8.572535e+02
2.430000e-06	7.300091e-07	1.401689e-08	5.177064e+00	8.330603e+02
2.440000e-06	5.773519e-07	1.360899e-08	4.094453e+00	8.082942e+02
2.450000e-06	4.245385e-07	1.318789e-08	3.010734e+00	7.830647e+02
2.460000e-06	2.715345e-07	1.274781e-08	1.925663e+00	7.573020e+02
2.470000e-06	1.184318e-07	1.228764e-08	8.398921e-01	7.307224e+02
2.480000e-06	-3.461073e-08	1.180678e-08	-2.454517e-01	7.028810e+02
2.490000e-06	-1.875600e-07	1.130339e-08	-1.330134e+00	6.732950e+02
2.500000e-06	-3.404398e-07	1.077710e-08	-2.414324e+00	6.415822e+02
2.510000e-06	-4.932330e-07	1.022134e-08	-3.497900e+00	6.075456e+02
2.520000e-06	-6.458949e-07	9.629719e-09	-4.580545e+00	5.711436e+02
2.530000e-06	-7.983647e-07	8.991358e-09	-5.661827e+00	5.323333e+02
2.540000e-06	-9.505952e-07	8.295112e-09	-6.741412e+00	4.908254e+02
2.550000e-06	-1.102482e-06	7.528196e-09	-7.818561e+00	4.458413e+02
2.560000e-06	-1.253927e-06	6.675001e-09	-8.892573e+00	3.959846e+02
2.570000e-06	-1.404808e-06	5.714225e-09	-9.962591e+00	3.393171e+02
2.580000e-06	-1.555048e-06	4.621030e-09	-1.102806e+01	2.736720e+02
2.590000e-06	-1.704702e-06	3.366381e-09	-1.208937e+01	1.971572e+02
2.600000e-06	-1.853761e-06	1.923065e-09	-1.314646e+01	1.087272e+02
2.610000e-06	-2.002232e-06	2.742509e-10	-1.419939e+01	8.660199e+00
2.620000e-06	-2.150050e-06	-1.566095e-09	-1.524768e+01	-1.012104e+02
2.630000e-06	-2.297039e-06	-3.543045e-09	-1.629009e+01	-2.176048e+02
2.640000e-06	-2.443144e-06	-5.570302e-09	-1.732624e+01	-3.362418e+02
2.650000e-06	-2.588395e-06	-7.549832e-09	-1.835633e+01	-4.525217e+02
2.660000e-06	-2.732757e-06	-9.400196e-09	-1.938011e+01	-5.622764e+02
2.670000e-06	-2.876144e-06	-1.107220e-08	-2.039699e+01	-6.623992e+02
2.680000e-06	-3.018412e-06	-1.255286e-08	-2.140592e+01	-7.512050e+02
2.690000e-06	-3.159463e-06	-1.385267e-08	-2.240622e+01	-8.284526e+02
2.700000e-06	-3.299300e-06	-1.498940e-08	-2.339791e+01	-8.950605e+02
2.710000e-06	-3.437867e-06	-1.598206e-08	-2.438060e+01	-9.526291e+02
2.720000e-06	-3.575109e-06	-1.685019e-08	-2.535389e+01	-1.002925e+03
2.730000e-06	-3.711089e-06	-1.761237e-08	-2.631823e+01	-1.047468e+03
2.740000e-06	-3.845668e-06	-1.828562e-08	-2.727263e+01	-1.087323e+03
2.750000e-06	-3.978778e-06	-1.888144e-08	-2.821662e+01	-1.123094e+03
2.760000e-06	-4.110567e-06	-1.941024e-08	-2.915124e+01	-1.155078e+03
2.770000e-06	-4.240908e-06	-1.988299e-08	-3.007559e+01	-1.183484e+03
2.780000e-06	-4.369750e-06	-2.030870e-08	-3.098931e+01	-1.208611e+03
2.790000e-06	-4.497098e-06	-2.069328e-08	-3.189243e+01	-1.230921e+03
2.800000e-06	-4.622786e-06	-2.104291e-08	-3.278378e+01	-1.251003e+03
2.810000e-06	-4.746808e-06	-2.136383e-08	-3.366332e+01	-1.269452e+03
2.820000e-06	-4.869168e-06	-2.166101e-08	-3.453107e+01	-1.286738e+03
2.830000e-06	-4.989771e-06	-2.193587e-08	-3.538636e+01	-1.303121e+03
2.840000e-06	-5.108506e-06	-2.219082e-08	-3.622841e+01	-1.318642e+03
2.850000e-06	-5.225264e-06	-2.243130e-08	-3.705643e+01	-1.333203e+03
2.860000e-06	-5.339907e-06	-2.265702e-08	-3.786945e+01	-1.346678e+03
2.870000e-06	-5.452261e-06	-2.286622e-08	-3.866624e+01	-1.359026e+03
2.880000e-06	-5.562435e-06	-2.306063e-08	-3.944757e+01	-1.370341e+03
2.890000e-06	-5.670663e-06	-2.324482e-08	-4.021510e+01	-1.380842e+03
2.900000e-06	-5.777063e-06	-2.342032e-08	-4.096967e+01	-1.390796e+03
2.910000e-06	-5.881531e-06	-2.358738e-08	-4.171052e+01	-1.400424e+03
2.920000e-06	-5.983752e-06	-2.374528e-08	-4.243546e+01	-1.409832e+03
2.930000e-06	-6.083709e-06	-2.389589e-08	-4.314433e+01	-1.418988e+03
2.940000e-06	-6.181525e-06	-2.404094e-08	-4.383802e+01	-1.427761e+03
2.950000e-06	-6.277230e-06	-2.417866e-08	-4.451674e+01	-1.435994e+03
2.960000e-06	-6.370748e-06	-2.430850e-08	-4.517995e+01	-1.443589e+03
2.970000e-06	-6.462012e-06	-2.443045e-08	-4.582717e+01	-1.450552e+03
2.980000e-06	-6.551063e-06	-2.454534e-08	-4.645870e+01	-1.456997e+03
2.990000e-06	-6.637759e-06	-2.465373e-08	-4.707353e+01	-1.463098e+03
3.000000e-06	-6.721997e-06	-2.475600e-08	-4.767093e+01	-1.469019e+03
3.010000e-06	-6.803907e-06	-2.485356e-08	-4.825181e+01	-1.474850e+03
3.020000e-06	-6.883490e-06	-2.494844e-08	-4.881620e+01	-1.480580e+03
3.030000e-06	-6.960352e-06	-2.503968e-08	-4.936129e+01	-1.486113e+03
3.040000e-06	-7.034486e-06	-2.512600e-08	-4.988703e+01	-1.491322e+03
3.050000e-06	-7.106180e-06	-2.520778e-08	-5.039547e+01	-1.496110e+03
3.060000e-06	-7.175251e-06	-2.528481e-08	-5.088531e+01	-1.500457e+03
3.070000e-06	-7.241736e-06	-2.535542e-08	-5.135680e+01	-1.504429e+03
3.080000e-06	-7.305805e-06	-2.541914e-08	-5.181116e+01	-1.508150e+03
3.090000e-06	-7.367254e-06	-2.548010e-08	-5.224695e+01	-1.511746e+03
3.100000e-06	-7.426005e-06	-2.553973e-08	-5.266360e+01	-1.515294e+03
3.110000e-06	-7.482114e-06	-2.559827e-08	-5.306151e+01	-1.518794e+03
3.120000e-06	-7.535384e-06	-2.565282e-08	-5.343929e+01	-1.522169e+03
3.130000e-06	-7.585587e-06	-2.570476e-08	-5.379532e+01	-1.525311e+03
3.140000e-06	-7.632686e-06	-2.575357e-08	-5.412933e+01	-1.528125e+03
3.150000e-06	-7.677096e-06	-2.579505e-08	-5.444428e+01	-1.530576e+03
3.160000e-06	-7.719092e-06	-2.583069e-08	-5.474211e+01	-1.532701e+03
3.170000e-06	-7.758472e-06	-2.586360e-08	-5.502138e+01	-1.534592e+03
3.180000e-06	-7.795103e-06	-2.589538e-08	-5.528116e+01	-1.536353e+03
3.190000e-06	-7.829024e-06	-2.592538e-08	-5.552172e+01	-1.538056e+03
3.200000e-06	-7.860173e-06	-2.595303e-08	-5.574262e+01	-1.539707e+03
3.210000e-06	-7.888412e-06	-2.597899e-08	-5.594288e+01	-1.541253e+03
3.220000e-06	-7.913871e-06	-2.600284e-08	-5.612344e+01	-1.542603e+03
3.230000e-06	-7.936580e-06	-2.602003e-08	-5.628448e+01	-1.543676e+03
3.240000e-06	-7.956420e-06	-2.603158e-08	-5.642518e+01	-1.544435e+03
3.250000e-06	-7.973497e-06	-2.603998e-08	-5.654629e+01	-1.544908e+03
3.260000e-06	-7.987610e-06	-2.604723e-08	-5.664637e+01	-1.545172e+03
3.270000e-06	-7.998535e-06	-2.605318e-08	-5.672385e+01	-1.545320e+03
3.280000e-06	-8.006572e-06	-2.605708e-08	-5.678085e+01	-1.545423e+03
3.290000e-06	-8.011777e-06	-2.605973e-08	-5.681776e+01	-1.545495e+03
3.300000e-06	-8.014197e-06	-2.606103e-08	-5.683493e+01	-1.545497e+03
3.310000e-06	-8.013912e-06	-2.605695e-08	-5.683290e+01	-1.545355e+03
