# Temperatura_=_37.1
# Concentracion g/m^3_=_11000.0
# C_Vs_to_Am_M_A/Vsm_=_59384043850.047264
# pendiente_HvsI_1/m_=_3716.3
# ordenada_HvsI_A/m_=_1297.0
# frecuencia_Hz_=_301732.4054037691

Tiempo_(s)	Campo_(V.s)	Magnetizacion_(V.s)	Campo_(kA/m)	Magnetizacion_(A/m)
0.000000e+00	-8.149534e-06	-5.035680e-09	-5.681235e+01	-2.979425e+02
1.000000e-08	-8.144983e-06	-5.034517e-09	-5.678062e+01	-2.978343e+02
2.000000e-08	-8.137856e-06	-5.029523e-09	-5.673094e+01	-2.977065e+02
3.000000e-08	-8.127959e-06	-5.021252e-09	-5.666195e+01	-2.975639e+02
4.000000e-08	-8.115147e-06	-5.013973e-09	-5.657263e+01	-2.973981e+02
5.000000e-08	-8.099365e-06	-5.003984e-09	-5.646261e+01	-2.971921e+02
6.000000e-08	-8.080842e-06	-4.998531e-09	-5.633348e+01	-2.969279e+02
7.000000e-08	-8.059934e-06	-5.012628e-09	-5.618773e+01	-2.965939e+02
8.000000e-08	-8.036230e-06	-4.988532e-09	-5.602248e+01	-2.961889e+02
9.000000e-08	-8.009118e-06	-4.934252e-09	-5.583348e+01	-2.957207e+02
1.000000e-07	-7.978784e-06	-4.943077e-09	-5.562201e+01	-2.952006e+02
1.100000e-07	-7.945675e-06	-4.971399e-09	-5.539120e+01	-2.946372e+02
1.200000e-07	-7.909865e-06	-4.962462e-09	-5.514156e+01	-2.940310e+02
1.300000e-07	-7.871627e-06	-4.921712e-09	-5.487500e+01	-2.933743e+02
1.400000e-07	-7.831202e-06	-4.943503e-09	-5.459318e+01	-2.926553e+02
1.500000e-07	-7.788250e-06	-4.954201e-09	-5.429376e+01	-2.918645e+02
1.600000e-07	-7.742385e-06	-4.855725e-09	-5.397402e+01	-2.910011e+02
1.700000e-07	-7.693810e-06	-4.894052e-09	-5.363539e+01	-2.900761e+02
1.800000e-07	-7.642285e-06	-4.841478e-09	-5.327620e+01	-2.891095e+02
1.900000e-07	-7.587629e-06	-4.826540e-09	-5.289518e+01	-2.881236e+02
2.000000e-07	-7.530302e-06	-4.888064e-09	-5.249554e+01	-2.871347e+02
2.100000e-07	-7.470277e-06	-4.809703e-09	-5.207709e+01	-2.861463e+02
2.200000e-07	-7.407539e-06	-4.815245e-09	-5.163973e+01	-2.851474e+02
2.300000e-07	-7.342071e-06	-4.755445e-09	-5.118333e+01	-2.841166e+02
2.400000e-07	-7.273778e-06	-4.772771e-09	-5.070724e+01	-2.830298e+02
2.500000e-07	-7.202844e-06	-4.746759e-09	-5.021275e+01	-2.818701e+02
2.600000e-07	-7.129227e-06	-4.679056e-09	-4.969955e+01	-2.806332e+02
2.700000e-07	-7.052797e-06	-4.712655e-09	-4.916674e+01	-2.793293e+02
2.800000e-07	-6.973606e-06	-4.713825e-09	-4.861468e+01	-2.779773e+02
2.900000e-07	-6.891797e-06	-4.681173e-09	-4.804437e+01	-2.765973e+02
3.000000e-07	-6.807591e-06	-4.591347e-09	-4.745735e+01	-2.752011e+02
3.100000e-07	-6.721094e-06	-4.594865e-09	-4.685436e+01	-2.737870e+02
3.200000e-07	-6.632227e-06	-4.587518e-09	-4.623484e+01	-2.723406e+02
3.300000e-07	-6.540974e-06	-4.543308e-09	-4.559869e+01	-2.708392e+02
3.400000e-07	-6.447438e-06	-4.533120e-09	-4.494664e+01	-2.692613e+02
3.500000e-07	-6.351594e-06	-4.509799e-09	-4.427848e+01	-2.675935e+02
3.600000e-07	-6.253364e-06	-4.498862e-09	-4.359370e+01	-2.658348e+02
3.700000e-07	-6.152830e-06	-4.453815e-09	-4.289285e+01	-2.639953e+02
3.800000e-07	-6.050057e-06	-4.398746e-09	-4.217640e+01	-2.620906e+02
3.900000e-07	-5.945028e-06	-4.353036e-09	-4.144421e+01	-2.601341e+02
4.000000e-07	-5.837820e-06	-4.341851e-09	-4.069684e+01	-2.581317e+02
4.100000e-07	-5.728528e-06	-4.326119e-09	-3.993494e+01	-2.560798e+02
4.200000e-07	-5.617197e-06	-4.277893e-09	-3.915883e+01	-2.539676e+02
4.300000e-07	-5.503785e-06	-4.239658e-09	-3.836820e+01	-2.517834e+02
4.400000e-07	-5.388227e-06	-4.212717e-09	-3.756262e+01	-2.495197e+02
4.500000e-07	-5.270588e-06	-4.169270e-09	-3.674253e+01	-2.471771e+02
4.600000e-07	-5.150976e-06	-4.106118e-09	-3.590868e+01	-2.447627e+02
4.700000e-07	-5.029513e-06	-4.063162e-09	-3.506194e+01	-2.422855e+02
4.800000e-07	-4.906178e-06	-4.037822e-09	-3.420214e+01	-2.397505e+02
4.900000e-07	-4.781009e-06	-4.005185e-09	-3.332956e+01	-2.371541e+02
5.000000e-07	-4.654135e-06	-3.950735e-09	-3.244509e+01	-2.344837e+02
5.100000e-07	-4.525636e-06	-3.897715e-09	-3.154929e+01	-2.317218e+02
5.200000e-07	-4.395523e-06	-3.849287e-09	-3.064224e+01	-2.288529e+02
5.300000e-07	-4.263719e-06	-3.804398e-09	-2.972341e+01	-2.258704e+02
5.400000e-07	-4.130404e-06	-3.747040e-09	-2.879403e+01	-2.227791e+02
5.500000e-07	-3.995700e-06	-3.688241e-09	-2.785498e+01	-2.195941e+02
5.600000e-07	-3.859447e-06	-3.642402e-09	-2.690513e+01	-2.163331e+02
5.700000e-07	-3.721695e-06	-3.593790e-09	-2.594483e+01	-2.130083e+02
5.800000e-07	-3.582589e-06	-3.527491e-09	-2.497509e+01	-2.096188e+02
5.900000e-07	-3.442021e-06	-3.455018e-09	-2.399515e+01	-2.061487e+02
6.000000e-07	-3.299925e-06	-3.399345e-09	-2.300457e+01	-2.025716e+02
6.100000e-07	-3.156574e-06	-3.344976e-09	-2.200524e+01	-1.988596e+02
6.200000e-07	-3.012172e-06	-3.280007e-09	-2.099857e+01	-1.949941e+02
6.300000e-07	-2.866647e-06	-3.207292e-09	-1.998408e+01	-1.909724e+02
6.400000e-07	-2.720002e-06	-3.141826e-09	-1.896179e+01	-1.868090e+02
6.500000e-07	-2.572424e-06	-3.071427e-09	-1.793298e+01	-1.825296e+02
6.600000e-07	-2.424032e-06	-2.990620e-09	-1.689851e+01	-1.781592e+02
6.700000e-07	-2.274855e-06	-2.909507e-09	-1.585856e+01	-1.737117e+02
6.800000e-07	-2.124885e-06	-2.838520e-09	-1.481308e+01	-1.691822e+02
6.900000e-07	-1.974078e-06	-2.767267e-09	-1.376177e+01	-1.645484e+02
7.000000e-07	-1.822607e-06	-2.685759e-09	-1.270583e+01	-1.597780e+02
7.100000e-07	-1.670558e-06	-2.600476e-09	-1.164586e+01	-1.548418e+02
7.200000e-07	-1.517879e-06	-2.512214e-09	-1.058149e+01	-1.497246e+02
7.300000e-07	-1.364611e-06	-2.425414e-09	-9.513027e+00	-1.444319e+02
7.400000e-07	-1.210861e-06	-2.331238e-09	-8.441203e+00	-1.389868e+02
7.500000e-07	-1.056714e-06	-2.235967e-09	-7.366605e+00	-1.334201e+02
7.600000e-07	-9.021481e-07	-2.144925e-09	-6.289090e+00	-1.277563e+02
7.700000e-07	-7.471261e-07	-2.056876e-09	-5.208395e+00	-1.220022e+02
7.800000e-07	-5.918336e-07	-1.959579e-09	-4.125814e+00	-1.161419e+02
7.900000e-07	-4.364349e-07	-1.852085e-09	-3.042492e+00	-1.101414e+02
8.000000e-07	-2.808414e-07	-1.746747e-09	-1.957813e+00	-1.039609e+02
8.100000e-07	-1.251136e-07	-1.639903e-09	-8.721965e-01	-9.756961e+01
8.200000e-07	3.069444e-08	-1.527085e-09	2.139783e-01	-9.095786e+01
8.300000e-07	1.865368e-07	-1.408741e-09	1.300393e+00	-8.414115e+01
8.400000e-07	3.422713e-07	-1.295724e-09	2.386055e+00	-7.715454e+01
8.500000e-07	4.978577e-07	-1.182911e-09	3.470685e+00	-7.003973e+01
8.600000e-07	6.532585e-07	-1.063175e-09	4.554021e+00	-6.283013e+01
8.700000e-07	8.084331e-07	-9.363865e-10	5.635780e+00	-5.553994e+01
8.800000e-07	9.633483e-07	-8.082277e-10	6.715732e+00	-4.816178e+01
8.900000e-07	1.117884e-06	-6.808053e-10	7.793034e+00	-4.067354e+01
9.000000e-07	1.271938e-06	-5.500713e-10	8.866981e+00	-3.305145e+01
9.100000e-07	1.425485e-06	-4.191817e-10	9.937394e+00	-2.528358e+01
9.200000e-07	1.578543e-06	-2.879028e-10	1.100440e+01	-1.737774e+01
9.300000e-07	1.731036e-06	-1.575699e-10	1.206747e+01	-9.360080e+00
9.400000e-07	1.882824e-06	-2.344195e-11	1.312562e+01	-1.264660e+00
9.500000e-07	2.033904e-06	1.164876e-10	1.417883e+01	6.881935e+00
9.600000e-07	2.184288e-06	2.581078e-10	1.522720e+01	1.507436e+01
9.700000e-07	2.333889e-06	3.976092e-10	1.627010e+01	2.333464e+01
9.800000e-07	2.482613e-06	5.372854e-10	1.730689e+01	3.170750e+01
9.900000e-07	2.630518e-06	6.822303e-10	1.833797e+01	4.024592e+01
1.000000e-06	2.777556e-06	8.300542e-10	1.936300e+01	4.899212e+01
1.010000e-06	2.923546e-06	9.790132e-10	2.038074e+01	5.796097e+01
1.020000e-06	3.068448e-06	1.130619e-09	2.139089e+01	6.713198e+01
1.030000e-06	3.212228e-06	1.289083e-09	2.239321e+01	7.645272e+01
1.040000e-06	3.354799e-06	1.450038e-09	2.338710e+01	8.585215e+01
1.050000e-06	3.496093e-06	1.610250e-09	2.437210e+01	9.525828e+01
1.060000e-06	3.636055e-06	1.768061e-09	2.534781e+01	1.046133e+02
1.070000e-06	3.774621e-06	1.925531e-09	2.631379e+01	1.138801e+02
1.080000e-06	3.911752e-06	2.081246e-09	2.726976e+01	1.230392e+02
1.090000e-06	4.047484e-06	2.230313e-09	2.821598e+01	1.320760e+02
1.100000e-06	4.181744e-06	2.376281e-09	2.915193e+01	1.409676e+02
1.110000e-06	4.314501e-06	2.520525e-09	3.007742e+01	1.496722e+02
1.120000e-06	4.445772e-06	2.664128e-09	3.099254e+01	1.581293e+02
1.130000e-06	4.575399e-06	2.802166e-09	3.189620e+01	1.662683e+02
1.140000e-06	4.703394e-06	2.932311e-09	3.278849e+01	1.740258e+02
1.150000e-06	4.829740e-06	3.055766e-09	3.366927e+01	1.813618e+02
1.160000e-06	4.954426e-06	3.171090e-09	3.453849e+01	1.882703e+02
1.170000e-06	5.077388e-06	3.277802e-09	3.539569e+01	1.947787e+02
1.180000e-06	5.198432e-06	3.378334e-09	3.623951e+01	2.009369e+02
1.190000e-06	5.317588e-06	3.477757e-09	3.707018e+01	2.067991e+02
1.200000e-06	5.434819e-06	3.574861e-09	3.788742e+01	2.124067e+02
1.210000e-06	5.549904e-06	3.666808e-09	3.868971e+01	2.177774e+02
1.220000e-06	5.662774e-06	3.753203e-09	3.947655e+01	2.229050e+02
1.230000e-06	5.773583e-06	3.834754e-09	4.024903e+01	2.277697e+02
1.240000e-06	5.882462e-06	3.912354e-09	4.100805e+01	2.323535e+02
1.250000e-06	5.989320e-06	3.985709e-09	4.175298e+01	2.366547e+02
1.260000e-06	6.093906e-06	4.053880e-09	4.248208e+01	2.406945e+02
1.270000e-06	6.196240e-06	4.118181e-09	4.319547e+01	2.445134e+02
1.280000e-06	6.296428e-06	4.179974e-09	4.389391e+01	2.481595e+02
1.290000e-06	6.394270e-06	4.240006e-09	4.457599e+01	2.516715e+02
1.300000e-06	6.489743e-06	4.299013e-09	4.524155e+01	2.550662e+02
1.310000e-06	6.583057e-06	4.354715e-09	4.589206e+01	2.583341e+02
1.320000e-06	6.674108e-06	4.407589e-09	4.652681e+01	2.614448e+02
1.330000e-06	6.762785e-06	4.455870e-09	4.714499e+01	2.643619e+02
1.340000e-06	6.849132e-06	4.500618e-09	4.774694e+01	2.670595e+02
1.350000e-06	6.933161e-06	4.542383e-09	4.833272e+01	2.695346e+02
1.360000e-06	7.014681e-06	4.581575e-09	4.890102e+01	2.718108e+02
1.370000e-06	7.093630e-06	4.618726e-09	4.945139e+01	2.739310e+02
1.380000e-06	7.170044e-06	4.654215e-09	4.998409e+01	2.759429e+02
1.390000e-06	7.243646e-06	4.689581e-09	5.049719e+01	2.778829e+02
1.400000e-06	7.314511e-06	4.721226e-09	5.099121e+01	2.797649e+02
1.410000e-06	7.382918e-06	4.750696e-09	5.146809e+01	2.815777e+02
1.420000e-06	7.448708e-06	4.778146e-09	5.192672e+01	2.832934e+02
1.430000e-06	7.511842e-06	4.804370e-09	5.236685e+01	2.848815e+02
1.440000e-06	7.572461e-06	4.829745e-09	5.278944e+01	2.863230e+02
1.450000e-06	7.630333e-06	4.852053e-09	5.319288e+01	2.876203e+02
1.460000e-06	7.685419e-06	4.872227e-09	5.357689e+01	2.887967e+02
1.470000e-06	7.737531e-06	4.890358e-09	5.394018e+01	2.898886e+02
1.480000e-06	7.786404e-06	4.906451e-09	5.428089e+01	2.909309e+02
1.490000e-06	7.832393e-06	4.920498e-09	5.460148e+01	2.919450e+02
1.500000e-06	7.875664e-06	4.935186e-09	5.490314e+01	2.929308e+02
1.510000e-06	7.916079e-06	4.952598e-09	5.518488e+01	2.938693e+02
1.520000e-06	7.953728e-06	4.970419e-09	5.544734e+01	2.947310e+02
1.530000e-06	7.988636e-06	4.984782e-09	5.569069e+01	2.954896e+02
1.540000e-06	8.020686e-06	4.994951e-09	5.591412e+01	2.961332e+02
1.550000e-06	8.049968e-06	5.000860e-09	5.611826e+01	2.966690e+02
1.560000e-06	8.076363e-06	5.002839e-09	5.630226e+01	2.971204e+02
1.570000e-06	8.099798e-06	5.004246e-09	5.646563e+01	2.975177e+02
1.580000e-06	8.120540e-06	5.008907e-09	5.661023e+01	2.978856e+02
1.590000e-06	8.138457e-06	5.018608e-09	5.673513e+01	2.982349e+02
1.600000e-06	8.153377e-06	5.027660e-09	5.683914e+01	2.985589e+02
1.610000e-06	8.165147e-06	5.033332e-09	5.692120e+01	2.988378e+02
1.620000e-06	8.173716e-06	5.035952e-09	5.698093e+01	2.990487e+02
1.630000e-06	8.179437e-06	5.035771e-09	5.702081e+01	2.991753e+02
1.640000e-06	8.182355e-06	5.033764e-09	5.704116e+01	2.992155e+02
1.650000e-06	8.182405e-06	5.028070e-09	5.704150e+01	2.991816e+02
1.660000e-06	8.179751e-06	5.033350e-09	5.702300e+01	2.990955e+02
1.670000e-06	8.174384e-06	5.036177e-09	5.698558e+01	2.989793e+02
1.680000e-06	8.166289e-06	5.036666e-09	5.692915e+01	2.988465e+02
1.690000e-06	8.155462e-06	5.034269e-09	5.685367e+01	2.986976e+02
1.700000e-06	8.141761e-06	5.029713e-09	5.675817e+01	2.985206e+02
1.710000e-06	8.125383e-06	5.023985e-09	5.664399e+01	2.982973e+02
1.720000e-06	8.106636e-06	5.001727e-09	5.651330e+01	2.980111e+02
1.730000e-06	8.085378e-06	5.008143e-09	5.636510e+01	2.976536e+02
1.740000e-06	8.060961e-06	5.069628e-09	5.619489e+01	2.972268e+02
1.750000e-06	8.032795e-06	5.046729e-09	5.599854e+01	2.967403e+02
1.760000e-06	8.001142e-06	4.993573e-09	5.577788e+01	2.962053e+02
1.770000e-06	7.966747e-06	4.987695e-09	5.553810e+01	2.956282e+02
1.780000e-06	7.929897e-06	4.983612e-09	5.528121e+01	2.950066e+02
1.790000e-06	7.890710e-06	4.885338e-09	5.500802e+01	2.943309e+02
1.800000e-06	7.849477e-06	4.984696e-09	5.472059e+01	2.935891e+02
1.810000e-06	7.805823e-06	4.958044e-09	5.441626e+01	2.927742e+02
1.820000e-06	7.759346e-06	4.854796e-09	5.409225e+01	2.918889e+02
1.830000e-06	7.710077e-06	4.993557e-09	5.374879e+01	2.909478e+02
1.840000e-06	7.657581e-06	4.849972e-09	5.338283e+01	2.899723e+02
1.850000e-06	7.602105e-06	4.882521e-09	5.299610e+01	2.889838e+02
1.860000e-06	7.543961e-06	4.813771e-09	5.259076e+01	2.879950e+02
1.870000e-06	7.483052e-06	4.775948e-09	5.216615e+01	2.870048e+02
1.880000e-06	7.419498e-06	4.886208e-09	5.172309e+01	2.859979e+02
1.890000e-06	7.353216e-06	4.739695e-09	5.126103e+01	2.849512e+02
1.900000e-06	7.284246e-06	4.831367e-09	5.078022e+01	2.838420e+02
1.910000e-06	7.212382e-06	4.775077e-09	5.027924e+01	2.826568e+02
1.920000e-06	7.137697e-06	4.711040e-09	4.975859e+01	2.813964e+02
1.930000e-06	7.060398e-06	4.705434e-09	4.921972e+01	2.800743e+02
1.940000e-06	6.980416e-06	4.635263e-09	4.866215e+01	2.787111e+02
1.950000e-06	6.897974e-06	4.710875e-09	4.808743e+01	2.773248e+02
1.960000e-06	6.813028e-06	4.626519e-09	4.749525e+01	2.759233e+02
1.970000e-06	6.725535e-06	4.659660e-09	4.688532e+01	2.745007e+02
1.980000e-06	6.635622e-06	4.608099e-09	4.625851e+01	2.730388e+02
1.990000e-06	6.543418e-06	4.551159e-09	4.561573e+01	2.715146e+02
2.000000e-06	6.448951e-06	4.542418e-09	4.495718e+01	2.699084e+02
2.010000e-06	6.352152e-06	4.470257e-09	4.428237e+01	2.682105e+02
2.020000e-06	6.253115e-06	4.492201e-09	4.359196e+01	2.664240e+02
2.030000e-06	6.151754e-06	4.442727e-09	4.288535e+01	2.645614e+02
2.040000e-06	6.048150e-06	4.447121e-09	4.216310e+01	2.626385e+02
2.050000e-06	5.942398e-06	4.384020e-09	4.142588e+01	2.606667e+02
2.060000e-06	5.834603e-06	4.347581e-09	4.067441e+01	2.586489e+02
2.070000e-06	5.724740e-06	4.306563e-09	3.990854e+01	2.565786e+02
2.080000e-06	5.612676e-06	4.267535e-09	3.912731e+01	2.544441e+02
2.090000e-06	5.498470e-06	4.236893e-09	3.833115e+01	2.522344e+02
2.100000e-06	5.382073e-06	4.200607e-09	3.751972e+01	2.499446e+02
2.110000e-06	5.263586e-06	4.175026e-09	3.669372e+01	2.475776e+02
2.120000e-06	5.143192e-06	4.121259e-09	3.585442e+01	2.451418e+02
2.130000e-06	5.020964e-06	4.082100e-09	3.500234e+01	2.426455e+02
2.140000e-06	4.896924e-06	4.022403e-09	3.413763e+01	2.400912e+02
2.150000e-06	4.771123e-06	3.993633e-09	3.326064e+01	2.374724e+02
2.160000e-06	4.643590e-06	3.945240e-09	3.237157e+01	2.347742e+02
2.170000e-06	4.514407e-06	3.910498e-09	3.147101e+01	2.319790e+02
2.180000e-06	4.383612e-06	3.854431e-09	3.055921e+01	2.290734e+02
2.190000e-06	4.251279e-06	3.808277e-09	2.963668e+01	2.260544e+02
2.200000e-06	4.117491e-06	3.750873e-09	2.870401e+01	2.229307e+02
2.210000e-06	3.982182e-06	3.687342e-09	2.776075e+01	2.197191e+02
2.220000e-06	3.845346e-06	3.636162e-09	2.680683e+01	2.164365e+02
2.230000e-06	3.707024e-06	3.584770e-09	2.584255e+01	2.130914e+02
2.240000e-06	3.567334e-06	3.540035e-09	2.486874e+01	2.096780e+02
2.250000e-06	3.426309e-06	3.474638e-09	2.388562e+01	2.061763e+02
2.260000e-06	3.283966e-06	3.414833e-09	2.289332e+01	2.025583e+02
2.270000e-06	3.140370e-06	3.348323e-09	2.189227e+01	1.987980e+02
2.280000e-06	2.995652e-06	3.281677e-09	2.088340e+01	1.948813e+02
2.290000e-06	2.849888e-06	3.209279e-09	1.986725e+01	1.908114e+02
2.300000e-06	2.703135e-06	3.139777e-09	1.884420e+01	1.866074e+02
2.310000e-06	2.555445e-06	3.072514e-09	1.781462e+01	1.822960e+02
2.320000e-06	2.406836e-06	3.001788e-09	1.677863e+01	1.778998e+02
2.330000e-06	2.257395e-06	2.925675e-09	1.573684e+01	1.734270e+02
2.340000e-06	2.107168e-06	2.848677e-09	1.468957e+01	1.688668e+02
2.350000e-06	1.956163e-06	2.768899e-09	1.363688e+01	1.641924e+02
2.360000e-06	1.804417e-06	2.687013e-09	1.257902e+01	1.593711e+02
2.370000e-06	1.652053e-06	2.598767e-09	1.151685e+01	1.543770e+02
2.380000e-06	1.499161e-06	2.512292e-09	1.045101e+01	1.492015e+02
2.390000e-06	1.345785e-06	2.426880e-09	9.381791e+00	1.438564e+02
2.400000e-06	1.191935e-06	2.337081e-09	8.309265e+00	1.383685e+02
2.410000e-06	1.037637e-06	2.241543e-09	7.233618e+00	1.327682e+02
2.420000e-06	8.829137e-07	2.140098e-09	6.155003e+00	1.270753e+02
2.430000e-06	7.278575e-07	2.040033e-09	5.074069e+00	1.212895e+02
2.440000e-06	5.725966e-07	1.937746e-09	3.991708e+00	1.153881e+02
2.450000e-06	4.171169e-07	1.836568e-09	2.907822e+00	1.093337e+02
2.460000e-06	2.614864e-07	1.732303e-09	1.822884e+00	1.030876e+02
2.470000e-06	1.058238e-07	1.626710e-09	7.377229e-01	9.662490e+01
2.480000e-06	-4.989560e-08	1.516118e-09	-3.478342e-01	8.994409e+01
2.490000e-06	-2.056001e-07	1.397393e-09	-1.433288e+00	8.306798e+01
2.500000e-06	-3.612295e-07	1.275987e-09	-2.518217e+00	7.603538e+01
2.510000e-06	-5.167169e-07	1.154516e-09	-3.602157e+00	6.888688e+01
2.520000e-06	-6.719588e-07	1.032520e-09	-4.684386e+00	6.165056e+01
2.530000e-06	-8.268913e-07	9.084879e-10	-5.764457e+00	5.433347e+01
2.540000e-06	-9.814562e-07	7.852500e-10	-6.841966e+00	4.692237e+01
2.550000e-06	-1.135642e-06	6.627085e-10	-7.916832e+00	3.939303e+01
2.560000e-06	-1.289388e-06	5.343756e-10	-8.988631e+00	3.172417e+01
2.570000e-06	-1.442653e-06	4.016389e-10	-1.005708e+01	2.390975e+01
2.580000e-06	-1.595374e-06	2.674293e-10	-1.112173e+01	1.596411e+01
2.590000e-06	-1.747498e-06	1.328207e-10	-1.218223e+01	7.917428e+00
2.600000e-06	-1.899074e-06	-4.691599e-12	-1.323890e+01	-1.968945e-01
2.610000e-06	-2.050012e-06	-1.453826e-10	-1.429112e+01	-8.357862e+00
2.620000e-06	-2.200152e-06	-2.844731e-10	-1.533779e+01	-1.656875e+01
2.630000e-06	-2.349457e-06	-4.235828e-10	-1.637862e+01	-2.485994e+01
2.640000e-06	-2.497897e-06	-5.651987e-10	-1.741344e+01	-3.328070e+01
2.650000e-06	-2.645470e-06	-7.086416e-10	-1.844221e+01	-4.188268e+01
2.660000e-06	-2.792143e-06	-8.533833e-10	-1.946470e+01	-5.070082e+01
2.670000e-06	-2.937813e-06	-1.003969e-09	-2.048020e+01	-5.973894e+01
2.680000e-06	-3.082421e-06	-1.161018e-09	-2.148830e+01	-6.896537e+01
2.690000e-06	-3.225918e-06	-1.322279e-09	-2.248865e+01	-7.831991e+01
2.700000e-06	-3.368186e-06	-1.484360e-09	-2.348043e+01	-8.772925e+01
2.710000e-06	-3.509134e-06	-1.644358e-09	-2.446301e+01	-9.712463e+01
2.720000e-06	-3.648740e-06	-1.800216e-09	-2.543624e+01	-1.064547e+02
2.730000e-06	-3.786918e-06	-1.951114e-09	-2.639951e+01	-1.156888e+02
2.740000e-06	-3.923653e-06	-2.100823e-09	-2.735272e+01	-1.248106e+02
2.750000e-06	-4.058975e-06	-2.251473e-09	-2.829608e+01	-1.338044e+02
2.760000e-06	-4.192820e-06	-2.404134e-09	-2.922915e+01	-1.426418e+02
2.770000e-06	-4.325116e-06	-2.555345e-09	-3.015142e+01	-1.512746e+02
2.780000e-06	-4.455879e-06	-2.699972e-09	-3.106300e+01	-1.596374e+02
2.790000e-06	-4.585098e-06	-2.835679e-09	-3.196382e+01	-1.676603e+02
2.800000e-06	-4.712747e-06	-2.963314e-09	-3.285369e+01	-1.752855e+02
2.810000e-06	-4.838759e-06	-3.083711e-09	-3.373215e+01	-1.824834e+02
2.820000e-06	-4.962966e-06	-3.194781e-09	-3.459802e+01	-1.892593e+02
2.830000e-06	-5.085403e-06	-3.298879e-09	-3.545156e+01	-1.956494e+02
2.840000e-06	-5.206034e-06	-3.401092e-09	-3.629251e+01	-2.017071e+02
2.850000e-06	-5.324692e-06	-3.502392e-09	-3.711970e+01	-2.074844e+02
2.860000e-06	-5.441249e-06	-3.598615e-09	-3.793225e+01	-2.130155e+02
2.870000e-06	-5.555603e-06	-3.687514e-09	-3.872944e+01	-2.183100e+02
2.880000e-06	-5.667743e-06	-3.771802e-09	-3.951120e+01	-2.233558e+02
2.890000e-06	-5.777716e-06	-3.851791e-09	-4.027784e+01	-2.281320e+02
2.900000e-06	-5.885656e-06	-3.925493e-09	-4.103031e+01	-2.326245e+02
2.910000e-06	-5.991627e-06	-3.993519e-09	-4.176906e+01	-2.368386e+02
2.920000e-06	-6.095540e-06	-4.058735e-09	-4.249347e+01	-2.408027e+02
2.930000e-06	-6.197138e-06	-4.123354e-09	-4.320173e+01	-2.445613e+02
2.940000e-06	-6.296388e-06	-4.185431e-09	-4.389363e+01	-2.481612e+02
2.950000e-06	-6.393488e-06	-4.244105e-09	-4.457053e+01	-2.516353e+02
2.960000e-06	-6.488443e-06	-4.299029e-09	-4.523249e+01	-2.549918e+02
2.970000e-06	-6.581067e-06	-4.351257e-09	-4.587820e+01	-2.582135e+02
2.980000e-06	-6.671330e-06	-4.402809e-09	-4.650744e+01	-2.612661e+02
2.990000e-06	-6.759334e-06	-4.450582e-09	-4.712093e+01	-2.641150e+02
3.000000e-06	-6.844884e-06	-4.494455e-09	-4.771733e+01	-2.667404e+02
3.010000e-06	-6.927903e-06	-4.534245e-09	-4.829607e+01	-2.691482e+02
3.020000e-06	-7.008537e-06	-4.570835e-09	-4.885819e+01	-2.713693e+02
3.030000e-06	-7.086615e-06	-4.605030e-09	-4.940249e+01	-2.734500e+02
3.040000e-06	-7.161913e-06	-4.637007e-09	-4.992741e+01	-2.754362e+02
3.050000e-06	-7.234562e-06	-4.669886e-09	-5.043386e+01	-2.773576e+02
3.060000e-06	-7.304588e-06	-4.702060e-09	-5.092203e+01	-2.792199e+02
3.070000e-06	-7.372005e-06	-4.732422e-09	-5.139201e+01	-2.810054e+02
3.080000e-06	-7.436885e-06	-4.759403e-09	-5.184430e+01	-2.826835e+02
3.090000e-06	-7.499091e-06	-4.783920e-09	-5.227796e+01	-2.842260e+02
3.100000e-06	-7.558621e-06	-4.805970e-09	-5.269295e+01	-2.856201e+02
3.110000e-06	-7.615419e-06	-4.828261e-09	-5.308891e+01	-2.868755e+02
3.120000e-06	-7.669339e-06	-4.848974e-09	-5.346480e+01	-2.880209e+02
3.130000e-06	-7.720299e-06	-4.871119e-09	-5.382005e+01	-2.890938e+02
3.140000e-06	-7.768109e-06	-4.892281e-09	-5.415335e+01	-2.901260e+02
3.150000e-06	-7.812997e-06	-4.908911e-09	-5.446627e+01	-2.911324e+02
3.160000e-06	-7.855433e-06	-4.922360e-09	-5.476211e+01	-2.921062e+02
3.170000e-06	-7.895299e-06	-4.934743e-09	-5.504002e+01	-2.930236e+02
3.180000e-06	-7.932341e-06	-4.948263e-09	-5.529825e+01	-2.938549e+02
3.190000e-06	-7.966640e-06	-4.960713e-09	-5.553735e+01	-2.945774e+02
3.200000e-06	-7.998132e-06	-4.971844e-09	-5.575689e+01	-2.951849e+02
3.210000e-06	-8.026654e-06	-4.984870e-09	-5.595572e+01	-2.956908e+02
3.220000e-06	-8.052336e-06	-4.998853e-09	-5.613476e+01	-2.961219e+02
3.230000e-06	-8.075187e-06	-5.008514e-09	-5.629406e+01	-2.965079e+02
3.240000e-06	-8.095122e-06	-5.014606e-09	-5.643303e+01	-2.968699e+02
3.250000e-06	-8.112232e-06	-5.017641e-09	-5.655231e+01	-2.972129e+02
3.260000e-06	-8.126314e-06	-5.022042e-09	-5.665048e+01	-2.975253e+02
3.270000e-06	-8.137270e-06	-5.024117e-09	-5.672686e+01	-2.977851e+02
3.280000e-06	-8.145312e-06	-5.024944e-09	-5.678292e+01	-2.979704e+02
3.290000e-06	-8.150400e-06	-5.025349e-09	-5.681839e+01	-2.980690e+02
3.300000e-06	-8.152647e-06	-5.031075e-09	-5.683405e+01	-2.980838e+02
3.310000e-06	-8.152137e-06	-5.038213e-09	-5.683050e+01	-2.980309e+02
