# Temperatura_=_32.43
# Concentracion g/m^3_=_11000.0
# C_Vs_to_Am_M_A/Vsm_=_59384043850.047264
# pendiente_HvsI_1/m_=_3716.3
# ordenada_HvsI_A/m_=_1297.0
# frecuencia_Hz_=_301731.4154035474

Tiempo_(s)	Campo_(V.s)	Magnetizacion_(V.s)	Campo_(kA/m)	Magnetizacion_(A/m)
0.000000e+00	-8.071609e-06	-4.920103e-09	-5.683077e+01	-2.921970e+02
1.000000e-08	-8.069538e-06	-4.923285e-09	-5.681618e+01	-2.922022e+02
2.000000e-08	-8.064715e-06	-4.919757e-09	-5.678223e+01	-2.921106e+02
3.000000e-08	-8.057324e-06	-4.914189e-09	-5.673019e+01	-2.919408e+02
4.000000e-08	-8.047160e-06	-4.911385e-09	-5.665863e+01	-2.917201e+02
5.000000e-08	-8.034133e-06	-4.906799e-09	-5.656690e+01	-2.914760e+02
6.000000e-08	-8.018131e-06	-4.898429e-09	-5.645424e+01	-2.912262e+02
7.000000e-08	-7.999356e-06	-4.893180e-09	-5.632204e+01	-2.909732e+02
8.000000e-08	-7.978220e-06	-4.896230e-09	-5.617323e+01	-2.907029e+02
9.000000e-08	-7.954296e-06	-4.895208e-09	-5.600479e+01	-2.903894e+02
1.000000e-07	-7.927055e-06	-4.865224e-09	-5.581299e+01	-2.900032e+02
1.100000e-07	-7.896683e-06	-4.847166e-09	-5.559914e+01	-2.895210e+02
1.200000e-07	-7.863479e-06	-4.855474e-09	-5.536536e+01	-2.889325e+02
1.300000e-07	-7.827627e-06	-4.857479e-09	-5.511293e+01	-2.882443e+02
1.400000e-07	-7.789413e-06	-4.846639e-09	-5.484388e+01	-2.874773e+02
1.500000e-07	-7.748981e-06	-4.832060e-09	-5.455920e+01	-2.866602e+02
1.600000e-07	-7.706031e-06	-4.811815e-09	-5.425679e+01	-2.858209e+02
1.700000e-07	-7.660217e-06	-4.788834e-09	-5.393423e+01	-2.849784e+02
1.800000e-07	-7.611732e-06	-4.790675e-09	-5.359286e+01	-2.841378e+02
1.900000e-07	-7.560291e-06	-4.764097e-09	-5.323067e+01	-2.832905e+02
2.000000e-07	-7.505779e-06	-4.751671e-09	-5.284686e+01	-2.824186e+02
2.100000e-07	-7.448609e-06	-4.757767e-09	-5.244433e+01	-2.815017e+02
2.200000e-07	-7.388762e-06	-4.739096e-09	-5.202296e+01	-2.805249e+02
2.300000e-07	-7.326295e-06	-4.724289e-09	-5.158314e+01	-2.794834e+02
2.400000e-07	-7.261100e-06	-4.679680e-09	-5.112412e+01	-2.783836e+02
2.500000e-07	-7.193107e-06	-4.660567e-09	-5.064539e+01	-2.772397e+02
2.600000e-07	-7.122478e-06	-4.650941e-09	-5.014810e+01	-2.760676e+02
2.700000e-07	-7.049124e-06	-4.621009e-09	-4.963163e+01	-2.748775e+02
2.800000e-07	-6.973006e-06	-4.613978e-09	-4.909570e+01	-2.736697e+02
2.900000e-07	-6.894190e-06	-4.599277e-09	-4.854077e+01	-2.724337e+02
3.000000e-07	-6.812766e-06	-4.579356e-09	-4.796747e+01	-2.711517e+02
3.100000e-07	-6.728969e-06	-4.542363e-09	-4.737748e+01	-2.698049e+02
3.200000e-07	-6.642958e-06	-4.510430e-09	-4.677189e+01	-2.683809e+02
3.300000e-07	-6.554631e-06	-4.490185e-09	-4.615000e+01	-2.668781e+02
3.400000e-07	-6.463955e-06	-4.467286e-09	-4.551156e+01	-2.653063e+02
3.500000e-07	-6.370979e-06	-4.452465e-09	-4.485693e+01	-2.636824e+02
3.600000e-07	-6.275655e-06	-4.419290e-09	-4.418578e+01	-2.620237e+02
3.700000e-07	-6.178015e-06	-4.395097e-09	-4.349831e+01	-2.603396e+02
3.800000e-07	-6.078117e-06	-4.365641e-09	-4.279494e+01	-2.586270e+02
3.900000e-07	-5.976015e-06	-4.323560e-09	-4.207606e+01	-2.568703e+02
4.000000e-07	-5.871751e-06	-4.285454e-09	-4.134196e+01	-2.550458e+02
4.100000e-07	-5.765358e-06	-4.261557e-09	-4.059286e+01	-2.531309e+02
4.200000e-07	-5.656920e-06	-4.245850e-09	-3.982937e+01	-2.511122e+02
4.300000e-07	-5.546481e-06	-4.204923e-09	-3.905179e+01	-2.489915e+02
4.400000e-07	-5.433964e-06	-4.162013e-09	-3.825958e+01	-2.467856e+02
4.500000e-07	-5.319276e-06	-4.126587e-09	-3.745208e+01	-2.445207e+02
4.600000e-07	-5.202478e-06	-4.085703e-09	-3.662972e+01	-2.422224e+02
4.700000e-07	-5.083758e-06	-4.036921e-09	-3.579384e+01	-2.399056e+02
4.800000e-07	-4.963139e-06	-3.995312e-09	-3.494458e+01	-2.375679e+02
4.900000e-07	-4.840690e-06	-3.964547e-09	-3.408244e+01	-2.351892e+02
5.000000e-07	-4.716512e-06	-3.932500e-09	-3.320813e+01	-2.327377e+02
5.100000e-07	-4.590601e-06	-3.888932e-09	-3.232161e+01	-2.301811e+02
5.200000e-07	-4.463108e-06	-3.834934e-09	-3.142395e+01	-2.274975e+02
5.300000e-07	-4.334057e-06	-3.784089e-09	-3.051533e+01	-2.246833e+02
5.400000e-07	-4.203380e-06	-3.738756e-09	-2.959525e+01	-2.217538e+02
5.500000e-07	-4.071157e-06	-3.686300e-09	-2.866429e+01	-2.187364e+02
5.600000e-07	-3.937466e-06	-3.628429e-09	-2.772300e+01	-2.156593e+02
5.700000e-07	-3.802250e-06	-3.581872e-09	-2.677097e+01	-2.125398e+02
5.800000e-07	-3.665564e-06	-3.538675e-09	-2.580859e+01	-2.093758e+02
5.900000e-07	-3.527657e-06	-3.481437e-09	-2.483761e+01	-2.061454e+02
6.000000e-07	-3.388509e-06	-3.414470e-09	-2.385789e+01	-2.028139e+02
6.100000e-07	-3.247914e-06	-3.352104e-09	-2.286799e+01	-1.993459e+02
6.200000e-07	-3.105918e-06	-3.296705e-09	-2.186822e+01	-1.957179e+02
6.300000e-07	-2.962718e-06	-3.234498e-09	-2.085997e+01	-1.919267e+02
6.400000e-07	-2.818431e-06	-3.166171e-09	-1.984407e+01	-1.879895e+02
6.500000e-07	-2.673027e-06	-3.100268e-09	-1.882031e+01	-1.839370e+02
6.600000e-07	-2.526680e-06	-3.036340e-09	-1.778990e+01	-1.798001e+02
6.700000e-07	-2.379541e-06	-2.963975e-09	-1.675393e+01	-1.755973e+02
6.800000e-07	-2.231529e-06	-2.882554e-09	-1.571180e+01	-1.713264e+02
6.900000e-07	-2.082737e-06	-2.806326e-09	-1.466418e+01	-1.669646e+02
7.000000e-07	-1.933293e-06	-2.735448e-09	-1.361197e+01	-1.624768e+02
7.100000e-07	-1.783227e-06	-2.662733e-09	-1.255539e+01	-1.578283e+02
7.200000e-07	-1.632569e-06	-2.580763e-09	-1.149463e+01	-1.529987e+02
7.300000e-07	-1.481344e-06	-2.495127e-09	-1.042988e+01	-1.479892e+02
7.400000e-07	-1.329526e-06	-2.411425e-09	-9.360960e+00	-1.428217e+02
7.500000e-07	-1.177200e-06	-2.322807e-09	-8.288458e+00	-1.375300e+02
7.600000e-07	-1.024419e-06	-2.226557e-09	-7.212755e+00	-1.321455e+02
7.700000e-07	-8.711544e-07	-2.132096e-09	-6.133644e+00	-1.266837e+02
7.800000e-07	-7.175839e-07	-2.045615e-09	-5.052381e+00	-1.211369e+02
7.900000e-07	-5.638331e-07	-1.956217e-09	-3.969848e+00	-1.154757e+02
8.000000e-07	-4.098972e-07	-1.855830e-09	-2.886014e+00	-1.096590e+02
8.100000e-07	-2.557962e-07	-1.752229e-09	-1.801016e+00	-1.036490e+02
8.200000e-07	-1.015982e-07	-1.648892e-09	-7.153351e-01	-9.742502e+01
8.300000e-07	5.261628e-08	-1.539942e-09	3.704619e-01	-9.099119e+01
8.400000e-07	2.068278e-07	-1.424219e-09	1.456238e+00	-8.437460e+01
8.500000e-07	3.609619e-07	-1.308794e-09	2.541468e+00	-7.761516e+01
8.600000e-07	5.149576e-07	-1.198966e-09	3.625725e+00	-7.075097e+01
8.700000e-07	6.687626e-07	-1.086687e-09	4.708639e+00	-6.380510e+01
8.800000e-07	8.223295e-07	-9.650768e-10	5.789876e+00	-5.677902e+01
8.900000e-07	9.756398e-07	-8.399452e-10	6.869307e+00	-4.965523e+01
9.000000e-07	1.128602e-06	-7.174323e-10	7.946289e+00	-4.240785e+01
9.100000e-07	1.281086e-06	-5.942298e-10	9.019898e+00	-3.501669e+01
9.200000e-07	1.433006e-06	-4.665688e-10	1.008954e+01	-2.747894e+01
9.300000e-07	1.584351e-06	-3.363800e-10	1.115514e+01	-1.981322e+01
9.400000e-07	1.735119e-06	-2.087250e-10	1.221666e+01	-1.205418e+01
9.500000e-07	1.885274e-06	-7.978831e-11	1.327388e+01	-4.239235e+00
9.600000e-07	2.034812e-06	5.701303e-11	1.432675e+01	3.607234e+00
9.700000e-07	2.183730e-06	1.943689e-10	1.537525e+01	1.148606e+01
9.800000e-07	2.331837e-06	3.263399e-10	1.641805e+01	1.942655e+01
9.900000e-07	2.479031e-06	4.579729e-10	1.745442e+01	2.747904e+01
1.000000e-06	2.625396e-06	5.970243e-10	1.848495e+01	3.569899e+01
1.010000e-06	2.770901e-06	7.415738e-10	1.950942e+01	4.412815e+01
1.020000e-06	2.915312e-06	8.844259e-10	2.052619e+01	5.277944e+01
1.030000e-06	3.058597e-06	1.030486e-09	2.153504e+01	6.163107e+01
1.040000e-06	3.200786e-06	1.184717e-09	2.253616e+01	7.063168e+01
1.050000e-06	3.341820e-06	1.341026e-09	2.352916e+01	7.971421e+01
1.060000e-06	3.481559e-06	1.493698e-09	2.451304e+01	8.881317e+01
1.070000e-06	3.619890e-06	1.643917e-09	2.548700e+01	9.787846e+01
1.080000e-06	3.756849e-06	1.797356e-09	2.645131e+01	1.068808e+02
1.090000e-06	3.892350e-06	1.951322e-09	2.740535e+01	1.158071e+02
1.100000e-06	4.026424e-06	2.099637e-09	2.834934e+01	1.246481e+02
1.110000e-06	4.159111e-06	2.243956e-09	2.928356e+01	1.333840e+02
1.120000e-06	4.290279e-06	2.387230e-09	3.020709e+01	1.419744e+02
1.130000e-06	4.419893e-06	2.528601e-09	3.111969e+01	1.503567e+02
1.140000e-06	4.547962e-06	2.663564e-09	3.202139e+01	1.584561e+02
1.150000e-06	4.674496e-06	2.791703e-09	3.291229e+01	1.662008e+02
1.160000e-06	4.799477e-06	2.915607e-09	3.379226e+01	1.735402e+02
1.170000e-06	4.922726e-06	3.033187e-09	3.466004e+01	1.804571e+02
1.180000e-06	5.044147e-06	3.142032e-09	3.551494e+01	1.869701e+02
1.190000e-06	5.163743e-06	3.244107e-09	3.635700e+01	1.931248e+02
1.200000e-06	5.281483e-06	3.342762e-09	3.718599e+01	1.989779e+02
1.210000e-06	5.397166e-06	3.437364e-09	3.800049e+01	2.045786e+02
1.220000e-06	5.510663e-06	3.527226e-09	3.879960e+01	2.099545e+02
1.230000e-06	5.622074e-06	3.613620e-09	3.958402e+01	2.151077e+02
1.240000e-06	5.731584e-06	3.696458e-09	4.035507e+01	2.200207e+02
1.250000e-06	5.839174e-06	3.775847e-09	4.111258e+01	2.246697e+02
1.260000e-06	5.944625e-06	3.851277e-09	4.185505e+01	2.290403e+02
1.270000e-06	6.047907e-06	3.921375e-09	4.258224e+01	2.331385e+02
1.280000e-06	6.149049e-06	3.985304e-09	4.329437e+01	2.369932e+02
1.290000e-06	6.247925e-06	4.045856e-09	4.399053e+01	2.406496e+02
1.300000e-06	6.344406e-06	4.106773e-09	4.466984e+01	2.441548e+02
1.310000e-06	6.438649e-06	4.166131e-09	4.533339e+01	2.475435e+02
1.320000e-06	6.530766e-06	4.221763e-09	4.598196e+01	2.508269e+02
1.330000e-06	6.620555e-06	4.275305e-09	4.661415e+01	2.539913e+02
1.340000e-06	6.707954e-06	4.326960e-09	4.722951e+01	2.570053e+02
1.350000e-06	6.793140e-06	4.375804e-09	4.782930e+01	2.598333e+02
1.360000e-06	6.876020e-06	4.420923e-09	4.841284e+01	2.624505e+02
1.370000e-06	6.956373e-06	4.461963e-09	4.897859e+01	2.648536e+02
1.380000e-06	7.034227e-06	4.501686e-09	4.952674e+01	2.670632e+02
1.390000e-06	7.109391e-06	4.538784e-09	5.005596e+01	2.691173e+02
1.400000e-06	7.181857e-06	4.570207e-09	5.056618e+01	2.710590e+02
1.410000e-06	7.251816e-06	4.600830e-09	5.105875e+01	2.729224e+02
1.420000e-06	7.319210e-06	4.632493e-09	5.153326e+01	2.747231e+02
1.430000e-06	7.383966e-06	4.663168e-09	5.198920e+01	2.764552e+02
1.440000e-06	7.446153e-06	4.690805e-09	5.242704e+01	2.780971e+02
1.450000e-06	7.505797e-06	4.717469e-09	5.284698e+01	2.796223e+02
1.460000e-06	7.562729e-06	4.742825e-09	5.324784e+01	2.810117e+02
1.470000e-06	7.616864e-06	4.764643e-09	5.362899e+01	2.822625e+02
1.480000e-06	7.667897e-06	4.782686e-09	5.398830e+01	2.833900e+02
1.490000e-06	7.715821e-06	4.797679e-09	5.432573e+01	2.844228e+02
1.500000e-06	7.761027e-06	4.812217e-09	5.464401e+01	2.853928e+02
1.510000e-06	7.803468e-06	4.826838e-09	5.494283e+01	2.863238e+02
1.520000e-06	7.843039e-06	4.841527e-09	5.522145e+01	2.872241e+02
1.530000e-06	7.879953e-06	4.856901e-09	5.548135e+01	2.880850e+02
1.540000e-06	7.914094e-06	4.874386e-09	5.572173e+01	2.888851e+02
1.550000e-06	7.945391e-06	4.888478e-09	5.594209e+01	2.896004e+02
1.560000e-06	7.974045e-06	4.896273e-09	5.614384e+01	2.902140e+02
1.570000e-06	7.999853e-06	4.900872e-09	5.632555e+01	2.907240e+02
1.580000e-06	8.022687e-06	4.906848e-09	5.648632e+01	2.911444e+02
1.590000e-06	8.042772e-06	4.912812e-09	5.662773e+01	2.915010e+02
1.600000e-06	8.060090e-06	4.917096e-09	5.674966e+01	2.918223e+02
1.610000e-06	8.074427e-06	4.922980e-09	5.685061e+01	2.921293e+02
1.620000e-06	8.085633e-06	4.931059e-09	5.692951e+01	2.924282e+02
1.630000e-06	8.093761e-06	4.938716e-09	5.698674e+01	2.927087e+02
1.640000e-06	8.099067e-06	4.942267e-09	5.702410e+01	2.929474e+02
1.650000e-06	8.101539e-06	4.942889e-09	5.704150e+01	2.931166e+02
1.660000e-06	8.101200e-06	4.944774e-09	5.703911e+01	2.931940e+02
1.670000e-06	8.098244e-06	4.948706e-09	5.701830e+01	2.931708e+02
1.680000e-06	8.092565e-06	4.947234e-09	5.697831e+01	2.930547e+02
1.690000e-06	8.084141e-06	4.940010e-09	5.691900e+01	2.928676e+02
1.700000e-06	8.073008e-06	4.933856e-09	5.684062e+01	2.926379e+02
1.710000e-06	8.059053e-06	4.931812e-09	5.674236e+01	2.923912e+02
1.720000e-06	8.042480e-06	4.928181e-09	5.662568e+01	2.921413e+02
1.730000e-06	8.023614e-06	4.919690e-09	5.649285e+01	2.918857e+02
1.740000e-06	8.002213e-06	4.910349e-09	5.634216e+01	2.916064e+02
1.750000e-06	7.977609e-06	4.939388e-09	5.616893e+01	2.912753e+02
1.760000e-06	7.949260e-06	4.942260e-09	5.596933e+01	2.908638e+02
1.770000e-06	7.917447e-06	4.906513e-09	5.574534e+01	2.903518e+02
1.780000e-06	7.882980e-06	4.880037e-09	5.550266e+01	2.897338e+02
1.790000e-06	7.846076e-06	4.863121e-09	5.524283e+01	2.890207e+02
1.800000e-06	7.806955e-06	4.846637e-09	5.496738e+01	2.882366e+02
1.810000e-06	7.765837e-06	4.864569e-09	5.467788e+01	2.874109e+02
1.820000e-06	7.722146e-06	4.849571e-09	5.437026e+01	2.865695e+02
1.830000e-06	7.675723e-06	4.804270e-09	5.404340e+01	2.857279e+02
1.840000e-06	7.626558e-06	4.824011e-09	5.369724e+01	2.848871e+02
1.850000e-06	7.574174e-06	4.784696e-09	5.332842e+01	2.840351e+02
1.860000e-06	7.518886e-06	4.770797e-09	5.293914e+01	2.831526e+02
1.870000e-06	7.460962e-06	4.729424e-09	5.253131e+01	2.822200e+02
1.880000e-06	7.400381e-06	4.712549e-09	5.210477e+01	2.812249e+02
1.890000e-06	7.337186e-06	4.753710e-09	5.165983e+01	2.801659e+02
1.900000e-06	7.271198e-06	4.688750e-09	5.119522e+01	2.790522e+02
1.910000e-06	7.202467e-06	4.701242e-09	5.071130e+01	2.778990e+02
1.920000e-06	7.130890e-06	4.669102e-09	5.020733e+01	2.767214e+02
1.930000e-06	7.056615e-06	4.624567e-09	4.968438e+01	2.755270e+02
1.940000e-06	6.979712e-06	4.623946e-09	4.914291e+01	2.743129e+02
1.950000e-06	6.900085e-06	4.568003e-09	4.858227e+01	2.730660e+02
1.960000e-06	6.818041e-06	4.591182e-09	4.800462e+01	2.717675e+02
1.970000e-06	6.733530e-06	4.558933e-09	4.740959e+01	2.703998e+02
1.980000e-06	6.646513e-06	4.546546e-09	4.679692e+01	2.689532e+02
1.990000e-06	6.557120e-06	4.506094e-09	4.616752e+01	2.674295e+02
2.000000e-06	6.465513e-06	4.455952e-09	4.552253e+01	2.658412e+02
2.010000e-06	6.371662e-06	4.451524e-09	4.486174e+01	2.642061e+02
2.020000e-06	6.275512e-06	4.393052e-09	4.418476e+01	2.625399e+02
2.030000e-06	6.177130e-06	4.388221e-09	4.349207e+01	2.608488e+02
2.040000e-06	6.076471e-06	4.359118e-09	4.278335e+01	2.591260e+02
2.050000e-06	5.973651e-06	4.348749e-09	4.205942e+01	2.573527e+02
2.060000e-06	5.868641e-06	4.306803e-09	4.132006e+01	2.555048e+02
2.070000e-06	5.761500e-06	4.256761e-09	4.056570e+01	2.535612e+02
2.080000e-06	5.652312e-06	4.227347e-09	3.979692e+01	2.515128e+02
2.090000e-06	5.541066e-06	4.184132e-09	3.901366e+01	2.493657e+02
2.100000e-06	5.427790e-06	4.156113e-09	3.821610e+01	2.471403e+02
2.110000e-06	5.312400e-06	4.118141e-09	3.740367e+01	2.448638e+02
2.120000e-06	5.194918e-06	4.089517e-09	3.657650e+01	2.425597e+02
2.130000e-06	5.075435e-06	4.046932e-09	3.573524e+01	2.402383e+02
2.140000e-06	4.954077e-06	4.004835e-09	3.488078e+01	2.378919e+02
2.150000e-06	4.830919e-06	3.953086e-09	3.401364e+01	2.354961e+02
2.160000e-06	4.706033e-06	3.918110e-09	3.313434e+01	2.330179e+02
2.170000e-06	4.579473e-06	3.881273e-09	3.224326e+01	2.304268e+02
2.180000e-06	4.451257e-06	3.839876e-09	3.134051e+01	2.277057e+02
2.190000e-06	4.321478e-06	3.788256e-09	3.042676e+01	2.248566e+02
2.200000e-06	4.190193e-06	3.737107e-09	2.950240e+01	2.218991e+02
2.210000e-06	4.057436e-06	3.687199e-09	2.856769e+01	2.188623e+02
2.220000e-06	3.923288e-06	3.624383e-09	2.762317e+01	2.157724e+02
2.230000e-06	3.787650e-06	3.573993e-09	2.666817e+01	2.126416e+02
2.240000e-06	3.650513e-06	3.524706e-09	2.570262e+01	2.094618e+02
2.250000e-06	3.512073e-06	3.485447e-09	2.472788e+01	2.062066e+02
2.260000e-06	3.372317e-06	3.428995e-09	2.374388e+01	2.028397e+02
2.270000e-06	3.231277e-06	3.365014e-09	2.275085e+01	1.993279e+02
2.280000e-06	3.089032e-06	3.297749e-09	2.174933e+01	1.956529e+02
2.290000e-06	2.945621e-06	3.229481e-09	2.073960e+01	1.918177e+02
2.300000e-06	2.801139e-06	3.162958e-09	1.972232e+01	1.878445e+02
2.310000e-06	2.655697e-06	3.091244e-09	1.869829e+01	1.837653e+02
2.320000e-06	2.509377e-06	3.028898e-09	1.766808e+01	1.796087e+02
2.330000e-06	2.362156e-06	2.963934e-09	1.663152e+01	1.753879e+02
2.340000e-06	2.214001e-06	2.894187e-09	1.558839e+01	1.710944e+02
2.350000e-06	2.065070e-06	2.815800e-09	1.453979e+01	1.667007e+02
2.360000e-06	1.915505e-06	2.733695e-09	1.348673e+01	1.621704e+02
2.370000e-06	1.765283e-06	2.653619e-09	1.242904e+01	1.574717e+02
2.380000e-06	1.614427e-06	2.568044e-09	1.136689e+01	1.525898e+02
2.390000e-06	1.463015e-06	2.483629e-09	1.030083e+01	1.475324e+02
2.400000e-06	1.311089e-06	2.401182e-09	9.231145e+00	1.423261e+02
2.410000e-06	1.158643e-06	2.316928e-09	8.157797e+00	1.370054e+02
2.420000e-06	1.005741e-06	2.224820e-09	7.081246e+00	1.315985e+02
2.430000e-06	8.525414e-07	2.124504e-09	6.002593e+00	1.261145e+02
2.440000e-06	6.990728e-07	2.024178e-09	4.922048e+00	1.205391e+02
2.450000e-06	5.453424e-07	1.926728e-09	3.839659e+00	1.148381e+02
2.460000e-06	3.914432e-07	1.830770e-09	2.756082e+00	1.089697e+02
2.470000e-06	2.374625e-07	1.730626e-09	1.671932e+00	1.028999e+02
2.480000e-06	8.343188e-08	1.627888e-09	5.874291e-01	9.661475e+01
2.490000e-06	-7.064913e-08	1.522522e-09	-4.974280e-01	9.012539e+01
2.500000e-06	-2.246815e-07	1.407732e-09	-1.581943e+00	8.346398e+01
2.510000e-06	-3.785912e-07	1.287442e-09	-2.665594e+00	7.667144e+01
2.520000e-06	-5.323534e-07	1.166059e-09	-3.748206e+00	6.978273e+01
2.530000e-06	-6.859496e-07	1.047563e-09	-4.829649e+00	6.281502e+01
2.540000e-06	-8.392834e-07	9.315818e-10	-5.909246e+00	5.576370e+01
2.550000e-06	-9.922933e-07	8.159740e-10	-6.986561e+00	4.860753e+01
2.560000e-06	-1.144972e-06	6.972052e-10	-8.061547e+00	4.132081e+01
2.570000e-06	-1.297292e-06	5.710467e-10	-9.134002e+00	3.388739e+01
2.580000e-06	-1.449149e-06	4.406277e-10	-1.020320e+01	2.631056e+01
2.590000e-06	-1.600349e-06	3.078514e-10	-1.126777e+01	1.861450e+01
2.600000e-06	-1.750877e-06	1.772596e-10	-1.232762e+01	1.083621e+01
2.610000e-06	-1.900749e-06	4.767886e-11	-1.338283e+01	3.010982e+00
2.620000e-06	-2.049973e-06	-8.406295e-11	-1.443350e+01	-4.843100e+00
2.630000e-06	-2.198540e-06	-2.167388e-10	-1.547953e+01	-1.273513e+01
2.640000e-06	-2.346333e-06	-3.515279e-10	-1.652012e+01	-2.070164e+01
2.650000e-06	-2.493246e-06	-4.889125e-10	-1.755450e+01	-2.879630e+01
2.660000e-06	-2.639251e-06	-6.292551e-10	-1.858250e+01	-3.707254e+01
2.670000e-06	-2.784382e-06	-7.732687e-10	-1.960434e+01	-4.556507e+01
2.680000e-06	-2.928579e-06	-9.205375e-10	-2.061961e+01	-5.427704e+01
2.690000e-06	-3.071584e-06	-1.069852e-09	-2.162648e+01	-6.317720e+01
2.700000e-06	-3.213318e-06	-1.222030e-09	-2.262440e+01	-7.220804e+01
2.710000e-06	-3.353863e-06	-1.376746e-09	-2.361395e+01	-8.130121e+01
2.720000e-06	-3.493082e-06	-1.530270e-09	-2.459417e+01	-9.039449e+01
2.730000e-06	-3.630954e-06	-1.681137e-09	-2.556491e+01	-9.944364e+01
2.740000e-06	-3.767635e-06	-1.830003e-09	-2.652725e+01	-1.084249e+02
2.750000e-06	-3.902911e-06	-1.978363e-09	-2.747971e+01	-1.173277e+02
2.760000e-06	-4.036663e-06	-2.126748e-09	-2.842143e+01	-1.261412e+02
2.770000e-06	-4.168991e-06	-2.274693e-09	-2.935313e+01	-1.348404e+02
2.780000e-06	-4.299818e-06	-2.420672e-09	-3.027426e+01	-1.433782e+02
2.790000e-06	-4.429206e-06	-2.562808e-09	-3.118525e+01	-1.516873e+02
2.800000e-06	-4.557087e-06	-2.698720e-09	-3.208564e+01	-1.596918e+02
2.810000e-06	-4.683259e-06	-2.826142e-09	-3.297400e+01	-1.673243e+02
2.820000e-06	-4.807737e-06	-2.947568e-09	-3.385043e+01	-1.745428e+02
2.830000e-06	-4.930544e-06	-3.061416e-09	-3.471509e+01	-1.813407e+02
2.840000e-06	-5.051642e-06	-3.169155e-09	-3.556772e+01	-1.877456e+02
2.850000e-06	-5.170878e-06	-3.274066e-09	-3.640724e+01	-1.938081e+02
2.860000e-06	-5.288056e-06	-3.373357e-09	-3.723226e+01	-1.995845e+02
2.870000e-06	-5.403104e-06	-3.466248e-09	-3.804230e+01	-2.051190e+02
2.880000e-06	-5.515947e-06	-3.552283e-09	-3.883680e+01	-2.104318e+02
2.890000e-06	-5.626530e-06	-3.634810e-09	-3.961540e+01	-2.155185e+02
2.900000e-06	-5.735048e-06	-3.715847e-09	-4.037946e+01	-2.203581e+02
2.910000e-06	-5.841717e-06	-3.794211e-09	-4.113049e+01	-2.249281e+02
2.920000e-06	-5.946464e-06	-3.867958e-09	-4.186800e+01	-2.292189e+02
2.930000e-06	-6.049015e-06	-3.935069e-09	-4.259005e+01	-2.332434e+02
2.940000e-06	-6.149226e-06	-3.997687e-09	-4.329561e+01	-2.370362e+02
2.950000e-06	-6.247281e-06	-4.057284e-09	-4.398600e+01	-2.406446e+02
2.960000e-06	-6.343253e-06	-4.112601e-09	-4.466172e+01	-2.441135e+02
2.970000e-06	-6.436932e-06	-4.165303e-09	-4.532130e+01	-2.474718e+02
2.980000e-06	-6.528290e-06	-4.218744e-09	-4.596453e+01	-2.507234e+02
2.990000e-06	-6.617407e-06	-4.273822e-09	-4.659199e+01	-2.538483e+02
3.000000e-06	-6.704116e-06	-4.327651e-09	-4.720249e+01	-2.568122e+02
3.010000e-06	-6.788365e-06	-4.374722e-09	-4.779567e+01	-2.595814e+02
3.020000e-06	-6.870329e-06	-4.412264e-09	-4.837277e+01	-2.621364e+02
3.030000e-06	-6.949925e-06	-4.446456e-09	-4.893319e+01	-2.644810e+02
3.040000e-06	-7.026779e-06	-4.480585e-09	-4.947430e+01	-2.666415e+02
3.050000e-06	-7.100942e-06	-4.512914e-09	-4.999648e+01	-2.686590e+02
3.060000e-06	-7.172576e-06	-4.546174e-09	-5.050084e+01	-2.705753e+02
3.070000e-06	-7.241555e-06	-4.578623e-09	-5.098650e+01	-2.724199e+02
3.080000e-06	-7.307937e-06	-4.609091e-09	-5.145389e+01	-2.742021e+02
3.090000e-06	-7.371807e-06	-4.635539e-09	-5.190358e+01	-2.759108e+02
3.100000e-06	-7.433014e-06	-4.658616e-09	-5.233453e+01	-2.775217e+02
3.110000e-06	-7.491515e-06	-4.682312e-09	-5.274643e+01	-2.790091e+02
3.120000e-06	-7.547342e-06	-4.705905e-09	-5.313949e+01	-2.803581e+02
3.130000e-06	-7.600298e-06	-4.727387e-09	-5.351235e+01	-2.815711e+02
3.140000e-06	-7.650237e-06	-4.749281e-09	-5.386396e+01	-2.826681e+02
3.150000e-06	-7.697140e-06	-4.770345e-09	-5.419420e+01	-2.836796e+02
3.160000e-06	-7.741327e-06	-4.786083e-09	-5.450531e+01	-2.846363e+02
3.170000e-06	-7.783080e-06	-4.797636e-09	-5.479929e+01	-2.855582e+02
3.180000e-06	-7.822146e-06	-4.809782e-09	-5.507434e+01	-2.864486e+02
3.190000e-06	-7.858397e-06	-4.824682e-09	-5.532958e+01	-2.872943e+02
3.200000e-06	-7.891948e-06	-4.840333e-09	-5.556580e+01	-2.880722e+02
3.210000e-06	-7.922669e-06	-4.852357e-09	-5.578211e+01	-2.887593e+02
3.220000e-06	-7.950522e-06	-4.863966e-09	-5.597822e+01	-2.893426e+02
3.230000e-06	-7.975633e-06	-4.876781e-09	-5.615502e+01	-2.898246e+02
3.240000e-06	-7.997830e-06	-4.886262e-09	-5.631130e+01	-2.902236e+02
3.250000e-06	-8.017109e-06	-4.889611e-09	-5.644705e+01	-2.905671e+02
3.260000e-06	-8.033653e-06	-4.889849e-09	-5.656353e+01	-2.908824e+02
3.270000e-06	-8.047185e-06	-4.893165e-09	-5.665880e+01	-2.911869e+02
3.280000e-06	-8.057553e-06	-4.898357e-09	-5.673180e+01	-2.914821e+02
3.290000e-06	-8.065029e-06	-4.901950e-09	-5.678444e+01	-2.917531e+02
3.300000e-06	-8.069683e-06	-4.905284e-09	-5.681720e+01	-2.919745e+02
3.310000e-06	-8.071600e-06	-4.913028e-09	-5.683070e+01	-2.921189e+02
