# Temperatura_=_34.72
# Concentracion g/m^3_=_11000.0
# C_Vs_to_Am_M_A/Vsm_=_59384043850.047264
# pendiente_HvsI_1/m_=_3716.3
# ordenada_HvsI_A/m_=_1297.0
# frecuencia_Hz_=_301732.79250289855

Tiempo_(s)	Campo_(V.s)	Magnetizacion_(V.s)	Campo_(kA/m)	Magnetizacion_(A/m)
0.000000e+00	-8.124642e-06	-4.834551e-09	-5.682929e+01	-2.862006e+02
1.000000e-08	-8.122413e-06	-4.836826e-09	-5.681370e+01	-2.861931e+02
2.000000e-08	-8.117419e-06	-4.833517e-09	-5.677877e+01	-2.861098e+02
3.000000e-08	-8.109874e-06	-4.827221e-09	-5.672600e+01	-2.859663e+02
4.000000e-08	-8.099476e-06	-4.822778e-09	-5.665327e+01	-2.857806e+02
5.000000e-08	-8.086156e-06	-4.817035e-09	-5.656010e+01	-2.855669e+02
6.000000e-08	-8.069946e-06	-4.810139e-09	-5.644671e+01	-2.853317e+02
7.000000e-08	-8.051036e-06	-4.806877e-09	-5.631445e+01	-2.850717e+02
8.000000e-08	-8.029675e-06	-4.801905e-09	-5.616503e+01	-2.847762e+02
9.000000e-08	-8.005432e-06	-4.794965e-09	-5.599546e+01	-2.844307e+02
1.000000e-07	-7.977896e-06	-4.778340e-09	-5.580285e+01	-2.840213e+02
1.100000e-07	-7.947264e-06	-4.765172e-09	-5.558859e+01	-2.835388e+02
1.200000e-07	-7.913807e-06	-4.763676e-09	-5.535457e+01	-2.829801e+02
1.300000e-07	-7.877643e-06	-4.758440e-09	-5.510161e+01	-2.823487e+02
1.400000e-07	-7.839120e-06	-4.755549e-09	-5.483216e+01	-2.816524e+02
1.500000e-07	-7.798403e-06	-4.748174e-09	-5.454736e+01	-2.809015e+02
1.600000e-07	-7.755143e-06	-4.725223e-09	-5.424477e+01	-2.801060e+02
1.700000e-07	-7.709026e-06	-4.712361e-09	-5.392219e+01	-2.792743e+02
1.800000e-07	-7.660148e-06	-4.697018e-09	-5.358030e+01	-2.784127e+02
1.900000e-07	-7.608211e-06	-4.679061e-09	-5.321702e+01	-2.775256e+02
2.000000e-07	-7.553243e-06	-4.666735e-09	-5.283254e+01	-2.766155e+02
2.100000e-07	-7.495588e-06	-4.651158e-09	-5.242926e+01	-2.756840e+02
2.200000e-07	-7.435207e-06	-4.648871e-09	-5.200692e+01	-2.747314e+02
2.300000e-07	-7.372176e-06	-4.630807e-09	-5.156603e+01	-2.737564e+02
2.400000e-07	-7.306344e-06	-4.604550e-09	-5.110556e+01	-2.727563e+02
2.500000e-07	-7.237760e-06	-4.586331e-09	-5.062584e+01	-2.717269e+02
2.600000e-07	-7.166684e-06	-4.567185e-09	-5.012868e+01	-2.706624e+02
2.700000e-07	-7.092887e-06	-4.542347e-09	-4.961249e+01	-2.695564e+02
2.800000e-07	-7.016170e-06	-4.530335e-09	-4.907588e+01	-2.684031e+02
2.900000e-07	-6.936630e-06	-4.516677e-09	-4.851952e+01	-2.671974e+02
3.000000e-07	-6.854541e-06	-4.491998e-09	-4.794534e+01	-2.659364e+02
3.100000e-07	-6.770173e-06	-4.469361e-09	-4.735521e+01	-2.646192e+02
3.200000e-07	-6.683534e-06	-4.439738e-09	-4.674920e+01	-2.632468e+02
3.300000e-07	-6.594557e-06	-4.413473e-09	-4.612683e+01	-2.618215e+02
3.400000e-07	-6.503164e-06	-4.393263e-09	-4.548757e+01	-2.603458e+02
3.500000e-07	-6.409460e-06	-4.373956e-09	-4.483214e+01	-2.588215e+02
3.600000e-07	-6.313436e-06	-4.343399e-09	-4.416048e+01	-2.572488e+02
3.700000e-07	-6.215022e-06	-4.318799e-09	-4.347211e+01	-2.556256e+02
3.800000e-07	-6.114399e-06	-4.291074e-09	-4.276828e+01	-2.539481e+02
3.900000e-07	-6.011607e-06	-4.250328e-09	-4.204929e+01	-2.522112e+02
4.000000e-07	-5.906593e-06	-4.216635e-09	-4.131474e+01	-2.504104e+02
4.100000e-07	-5.799422e-06	-4.193184e-09	-4.056512e+01	-2.485431e+02
4.200000e-07	-5.690203e-06	-4.172154e-09	-3.980116e+01	-2.466099e+02
4.300000e-07	-5.578950e-06	-4.131146e-09	-3.902299e+01	-2.446146e+02
4.400000e-07	-5.465580e-06	-4.089806e-09	-3.823000e+01	-2.425633e+02
4.500000e-07	-5.350014e-06	-4.058332e-09	-3.742165e+01	-2.404624e+02
4.600000e-07	-5.232353e-06	-4.020921e-09	-3.659865e+01	-2.383161e+02
4.700000e-07	-5.112799e-06	-3.975366e-09	-3.576241e+01	-2.361237e+02
4.800000e-07	-4.991403e-06	-3.934718e-09	-3.491328e+01	-2.338793e+02
4.900000e-07	-4.868163e-06	-3.905716e-09	-3.405125e+01	-2.315717e+02
5.000000e-07	-4.743148e-06	-3.872290e-09	-3.317682e+01	-2.291879e+02
5.100000e-07	-4.616409e-06	-3.826717e-09	-3.229032e+01	-2.267158e+02
5.200000e-07	-4.488026e-06	-3.774672e-09	-3.139232e+01	-2.241479e+02
5.300000e-07	-4.358020e-06	-3.728473e-09	-3.048297e+01	-2.214830e+02
5.400000e-07	-4.226362e-06	-3.688690e-09	-2.956206e+01	-2.187257e+02
5.500000e-07	-4.093183e-06	-3.640683e-09	-2.863052e+01	-2.158841e+02
5.600000e-07	-3.958633e-06	-3.585392e-09	-2.768938e+01	-2.129649e+02
5.700000e-07	-3.822617e-06	-3.538638e-09	-2.673800e+01	-2.099702e+02
5.800000e-07	-3.685116e-06	-3.492126e-09	-2.577622e+01	-2.068946e+02
5.900000e-07	-3.546262e-06	-3.433797e-09	-2.480498e+01	-2.037258e+02
6.000000e-07	-3.405939e-06	-3.368865e-09	-2.382346e+01	-2.004477e+02
6.100000e-07	-3.264113e-06	-3.310352e-09	-2.283144e+01	-1.970456e+02
6.200000e-07	-3.120965e-06	-3.257620e-09	-2.183016e+01	-1.935107e+02
6.300000e-07	-2.976733e-06	-3.196500e-09	-2.082130e+01	-1.898428e+02
6.400000e-07	-2.831430e-06	-3.130580e-09	-1.980495e+01	-1.860502e+02
6.500000e-07	-2.684979e-06	-3.066666e-09	-1.878058e+01	-1.821459e+02
6.600000e-07	-2.537631e-06	-3.003940e-09	-1.774992e+01	-1.781419e+02
6.700000e-07	-2.389557e-06	-2.932280e-09	-1.671419e+01	-1.740439e+02
6.800000e-07	-2.240753e-06	-2.854189e-09	-1.567336e+01	-1.698478e+02
6.900000e-07	-2.091122e-06	-2.781411e-09	-1.462673e+01	-1.655407e+02
7.000000e-07	-1.940680e-06	-2.709789e-09	-1.357444e+01	-1.611047e+02
7.100000e-07	-1.789656e-06	-2.631977e-09	-1.251808e+01	-1.565229e+02
7.200000e-07	-1.638111e-06	-2.548796e-09	-1.145806e+01	-1.517855e+02
7.300000e-07	-1.485910e-06	-2.467807e-09	-1.039347e+01	-1.468931e+02
7.400000e-07	-1.333046e-06	-2.388309e-09	-9.324231e+00	-1.418558e+02
7.500000e-07	-1.179687e-06	-2.302499e-09	-8.251537e+00	-1.366882e+02
7.600000e-07	-1.025948e-06	-2.208342e-09	-7.176178e+00	-1.314031e+02
7.700000e-07	-8.717138e-07	-2.115584e-09	-6.097362e+00	-1.260047e+02
7.800000e-07	-7.170877e-07	-2.026791e-09	-5.015801e+00	-1.204857e+02
7.900000e-07	-5.623008e-07	-1.931463e-09	-3.933116e+00	-1.148288e+02
8.000000e-07	-4.073054e-07	-1.828820e-09	-2.848972e+00	-1.090117e+02
8.100000e-07	-2.521415e-07	-1.728911e-09	-1.763650e+00	-1.030152e+02
8.200000e-07	-9.693665e-08	-1.631069e-09	-6.780411e-01	-9.682996e+01
8.300000e-07	5.832254e-08	-1.525283e-09	4.079476e-01	-9.046021e+01
8.400000e-07	2.136012e-07	-1.411253e-09	1.494072e+00	-8.392227e+01
8.500000e-07	3.687773e-07	-1.296711e-09	2.579480e+00	-7.723906e+01
8.600000e-07	5.237968e-07	-1.184529e-09	3.663793e+00	-7.043235e+01
8.700000e-07	6.785916e-07	-1.068672e-09	4.746533e+00	-6.351604e+01
8.800000e-07	8.331358e-07	-9.463108e-10	5.827520e+00	-5.649303e+01
8.900000e-07	9.874302e-07	-8.220334e-10	6.906761e+00	-4.935693e+01
9.000000e-07	1.141385e-06	-7.011718e-10	7.983625e+00	-4.209786e+01
9.100000e-07	1.294877e-06	-5.803304e-10	9.057253e+00	-3.470970e+01
9.200000e-07	1.447837e-06	-4.541904e-10	1.012716e+01	-2.719566e+01
9.300000e-07	1.600219e-06	-3.241280e-10	1.119303e+01	-1.956957e+01
9.400000e-07	1.752017e-06	-1.940465e-10	1.225480e+01	-1.185192e+01
9.500000e-07	1.903213e-06	-6.413494e-11	1.331237e+01	-4.062022e+00
9.600000e-07	2.053718e-06	7.022372e-11	1.436511e+01	3.790766e+00
9.700000e-07	2.203431e-06	2.058957e-10	1.541230e+01	1.171308e+01
9.800000e-07	2.352349e-06	3.393255e-10	1.645393e+01	1.972816e+01
9.900000e-07	2.500477e-06	4.752931e-10	1.749004e+01	2.787018e+01
1.000000e-06	2.647753e-06	6.172617e-10	1.852019e+01	3.617392e+01
1.010000e-06	2.794120e-06	7.618420e-10	1.954398e+01	4.466313e+01
1.020000e-06	2.939431e-06	9.047522e-10	2.056039e+01	5.334161e+01
1.030000e-06	3.083624e-06	1.052300e-09	2.156897e+01	6.218994e+01
1.040000e-06	3.226686e-06	1.207865e-09	2.256964e+01	7.116877e+01
1.050000e-06	3.368567e-06	1.363493e-09	2.356206e+01	8.022718e+01
1.060000e-06	3.509201e-06	1.514902e-09	2.454575e+01	8.931270e+01
1.070000e-06	3.648481e-06	1.665284e-09	2.551997e+01	9.837917e+01
1.080000e-06	3.786331e-06	1.818177e-09	2.648418e+01	1.073897e+02
1.090000e-06	3.922736e-06	1.967786e-09	2.743829e+01	1.163140e+02
1.100000e-06	4.057698e-06	2.112328e-09	2.838231e+01	1.251219e+02
1.110000e-06	4.191225e-06	2.255255e-09	2.931629e+01	1.337764e+02
1.120000e-06	4.323255e-06	2.398675e-09	3.023980e+01	1.422295e+02
1.130000e-06	4.453688e-06	2.540199e-09	3.115214e+01	1.504249e+02
1.140000e-06	4.582520e-06	2.673439e-09	3.205327e+01	1.583041e+02
1.150000e-06	4.709734e-06	2.798064e-09	3.294310e+01	1.658184e+02
1.160000e-06	4.835359e-06	2.917162e-09	3.382180e+01	1.729380e+02
1.170000e-06	4.959322e-06	3.028859e-09	3.468889e+01	1.796587e+02
1.180000e-06	5.081539e-06	3.130262e-09	3.554375e+01	1.860002e+02
1.190000e-06	5.201915e-06	3.227685e-09	3.638574e+01	1.919987e+02
1.200000e-06	5.320330e-06	3.326074e-09	3.721402e+01	1.976956e+02
1.210000e-06	5.436729e-06	3.422599e-09	3.802819e+01	2.031249e+02
1.220000e-06	5.550977e-06	3.512045e-09	3.882732e+01	2.083064e+02
1.230000e-06	5.663074e-06	3.595124e-09	3.961140e+01	2.132442e+02
1.240000e-06	5.773151e-06	3.674362e-09	4.038136e+01	2.179318e+02
1.250000e-06	5.881252e-06	3.748749e-09	4.113749e+01	2.223619e+02
1.260000e-06	5.987294e-06	3.817806e-09	4.187922e+01	2.265354e+02
1.270000e-06	6.091165e-06	3.883011e-09	4.260576e+01	2.304665e+02
1.280000e-06	6.192856e-06	3.946583e-09	4.331706e+01	2.341824e+02
1.290000e-06	6.292287e-06	4.008347e-09	4.401255e+01	2.377166e+02
1.300000e-06	6.389393e-06	4.068037e-09	4.469178e+01	2.410992e+02
1.310000e-06	6.484294e-06	4.125184e-09	4.535558e+01	2.443481e+02
1.320000e-06	6.577017e-06	4.178256e-09	4.600415e+01	2.474644e+02
1.330000e-06	6.667378e-06	4.226891e-09	4.663620e+01	2.504342e+02
1.340000e-06	6.755283e-06	4.272056e-09	4.725106e+01	2.532357e+02
1.350000e-06	6.840925e-06	4.313685e-09	4.785010e+01	2.558499e+02
1.360000e-06	6.924254e-06	4.352421e-09	4.843296e+01	2.582696e+02
1.370000e-06	7.005093e-06	4.391282e-09	4.899840e+01	2.605041e+02
1.380000e-06	7.083400e-06	4.429918e-09	4.954614e+01	2.625779e+02
1.390000e-06	7.158998e-06	4.466239e-09	5.007492e+01	2.645234e+02
1.400000e-06	7.231871e-06	4.498570e-09	5.058464e+01	2.663708e+02
1.410000e-06	7.302185e-06	4.526685e-09	5.107646e+01	2.681398e+02
1.420000e-06	7.369915e-06	4.553944e-09	5.155022e+01	2.698347e+02
1.430000e-06	7.434930e-06	4.579412e-09	5.200498e+01	2.714459e+02
1.440000e-06	7.497340e-06	4.602076e-09	5.244152e+01	2.729567e+02
1.450000e-06	7.557229e-06	4.625606e-09	5.286042e+01	2.743521e+02
1.460000e-06	7.614462e-06	4.648856e-09	5.326075e+01	2.756270e+02
1.470000e-06	7.668853e-06	4.669941e-09	5.364119e+01	2.767896e+02
1.480000e-06	7.720110e-06	4.688771e-09	5.399972e+01	2.778595e+02
1.490000e-06	7.768248e-06	4.704580e-09	5.433643e+01	2.788613e+02
1.500000e-06	7.813633e-06	4.718392e-09	5.465388e+01	2.798159e+02
1.510000e-06	7.856255e-06	4.731193e-09	5.495201e+01	2.807336e+02
1.520000e-06	7.896026e-06	4.743794e-09	5.523020e+01	2.816106e+02
1.530000e-06	7.933102e-06	4.756613e-09	5.548953e+01	2.824319e+02
1.540000e-06	7.967389e-06	4.770386e-09	5.572936e+01	2.831778e+02
1.550000e-06	7.998819e-06	4.782227e-09	5.594920e+01	2.838321e+02
1.560000e-06	8.027506e-06	4.790176e-09	5.614986e+01	2.843892e+02
1.570000e-06	8.053282e-06	4.796500e-09	5.633015e+01	2.848569e+02
1.580000e-06	8.076158e-06	4.802204e-09	5.649016e+01	2.852540e+02
1.590000e-06	8.096355e-06	4.807044e-09	5.663143e+01	2.856045e+02
1.600000e-06	8.113674e-06	4.810746e-09	5.675257e+01	2.859287e+02
1.610000e-06	8.127958e-06	4.814831e-09	5.685249e+01	2.862374e+02
1.620000e-06	8.139146e-06	4.819137e-09	5.693075e+01	2.865279e+02
1.630000e-06	8.147239e-06	4.823107e-09	5.698735e+01	2.867861e+02
1.640000e-06	8.152529e-06	4.825936e-09	5.702435e+01	2.869920e+02
1.650000e-06	8.154980e-06	4.827840e-09	5.704150e+01	2.871267e+02
1.660000e-06	8.154526e-06	4.832160e-09	5.703832e+01	2.871789e+02
1.670000e-06	8.151443e-06	4.833924e-09	5.701676e+01	2.871487e+02
1.680000e-06	8.145674e-06	4.831722e-09	5.697641e+01	2.870465e+02
1.690000e-06	8.137147e-06	4.826911e-09	5.691676e+01	2.868894e+02
1.700000e-06	8.125878e-06	4.822282e-09	5.683794e+01	2.866947e+02
1.710000e-06	8.111713e-06	4.819714e-09	5.673886e+01	2.864748e+02
1.720000e-06	8.094885e-06	4.815523e-09	5.662115e+01	2.862334e+02
1.730000e-06	8.075785e-06	4.816429e-09	5.648756e+01	2.859648e+02
1.740000e-06	8.054130e-06	4.819560e-09	5.633609e+01	2.856567e+02
1.750000e-06	8.029180e-06	4.829158e-09	5.616157e+01	2.852944e+02
1.760000e-06	8.000424e-06	4.822646e-09	5.596043e+01	2.848650e+02
1.770000e-06	7.968254e-06	4.797772e-09	5.573541e+01	2.843609e+02
1.780000e-06	7.933475e-06	4.776621e-09	5.549214e+01	2.837810e+02
1.790000e-06	7.896178e-06	4.753000e-09	5.523126e+01	2.831303e+02
1.800000e-06	7.856609e-06	4.752149e-09	5.495449e+01	2.824175e+02
1.810000e-06	7.815092e-06	4.752373e-09	5.466409e+01	2.816531e+02
1.820000e-06	7.771072e-06	4.736667e-09	5.435619e+01	2.808466e+02
1.830000e-06	7.724287e-06	4.719103e-09	5.402894e+01	2.800060e+02
1.840000e-06	7.674674e-06	4.696981e-09	5.368191e+01	2.791370e+02
1.850000e-06	7.621841e-06	4.690710e-09	5.331236e+01	2.782433e+02
1.860000e-06	7.566116e-06	4.670094e-09	5.292258e+01	2.773272e+02
1.870000e-06	7.507666e-06	4.623969e-09	5.251374e+01	2.763898e+02
1.880000e-06	7.446565e-06	4.625525e-09	5.208636e+01	2.754311e+02
1.890000e-06	7.382809e-06	4.623245e-09	5.164041e+01	2.744495e+02
1.900000e-06	7.316260e-06	4.590839e-09	5.117491e+01	2.734418e+02
1.910000e-06	7.247035e-06	4.595488e-09	5.069071e+01	2.724031e+02
1.920000e-06	7.174917e-06	4.572613e-09	5.018627e+01	2.713276e+02
1.930000e-06	7.100059e-06	4.539195e-09	4.966266e+01	2.702089e+02
1.940000e-06	7.022473e-06	4.520855e-09	4.911997e+01	2.690412e+02
1.950000e-06	6.942235e-06	4.484859e-09	4.855873e+01	2.678201e+02
1.960000e-06	6.859594e-06	4.477756e-09	4.798068e+01	2.665432e+02
1.970000e-06	6.774450e-06	4.462998e-09	4.738513e+01	2.652103e+02
1.980000e-06	6.686830e-06	4.446233e-09	4.677225e+01	2.638226e+02
1.990000e-06	6.596796e-06	4.413722e-09	4.614249e+01	2.623828e+02
2.000000e-06	6.504536e-06	4.378654e-09	4.549717e+01	2.608933e+02
2.010000e-06	6.410019e-06	4.360455e-09	4.483605e+01	2.593554e+02
2.020000e-06	6.313193e-06	4.313215e-09	4.415878e+01	2.577688e+02
2.030000e-06	6.214104e-06	4.295283e-09	4.346569e+01	2.561307e+02
2.040000e-06	6.112712e-06	4.274769e-09	4.275648e+01	2.544369e+02
2.050000e-06	6.009082e-06	4.255329e-09	4.203163e+01	2.526824e+02
2.060000e-06	5.903254e-06	4.221335e-09	4.129139e+01	2.508629e+02
2.070000e-06	5.795440e-06	4.174480e-09	4.053726e+01	2.489768e+02
2.080000e-06	5.685569e-06	4.147157e-09	3.976875e+01	2.470255e+02
2.090000e-06	5.573512e-06	4.113195e-09	3.898495e+01	2.450136e+02
2.100000e-06	5.459354e-06	4.083335e-09	3.818645e+01	2.429478e+02
2.110000e-06	5.343085e-06	4.049860e-09	3.737318e+01	2.408339e+02
2.120000e-06	5.224706e-06	4.016312e-09	3.654516e+01	2.386749e+02
2.130000e-06	5.104359e-06	3.980368e-09	3.570337e+01	2.364687e+02
2.140000e-06	4.982165e-06	3.937799e-09	3.484866e+01	2.342076e+02
2.150000e-06	4.858209e-06	3.890170e-09	3.398163e+01	2.318799e+02
2.160000e-06	4.732520e-06	3.855201e-09	3.310248e+01	2.294721e+02
2.170000e-06	4.605082e-06	3.820611e-09	3.221109e+01	2.269733e+02
2.180000e-06	4.476027e-06	3.782282e-09	3.130839e+01	2.243777e+02
2.190000e-06	4.345393e-06	3.731856e-09	3.039465e+01	2.216858e+02
2.200000e-06	4.213252e-06	3.685298e-09	2.947036e+01	2.189038e+02
2.210000e-06	4.079616e-06	3.636567e-09	2.853562e+01	2.160397e+02
2.220000e-06	3.944455e-06	3.580898e-09	2.759021e+01	2.130992e+02
2.230000e-06	3.807777e-06	3.530382e-09	2.663419e+01	2.100824e+02
2.240000e-06	3.669667e-06	3.481998e-09	2.566815e+01	2.069818e+02
2.250000e-06	3.530276e-06	3.439776e-09	2.469316e+01	2.037837e+02
2.260000e-06	3.389546e-06	3.382783e-09	2.370880e+01	2.004717e+02
2.270000e-06	3.247455e-06	3.323119e-09	2.271492e+01	1.970324e+02
2.280000e-06	3.104110e-06	3.260885e-09	2.171227e+01	1.934592e+02
2.290000e-06	2.959665e-06	3.199421e-09	2.070192e+01	1.897547e+02
2.300000e-06	2.814183e-06	3.132424e-09	1.968432e+01	1.859290e+02
2.310000e-06	2.667778e-06	3.061307e-09	1.866026e+01	1.819954e+02
2.320000e-06	2.520503e-06	2.997473e-09	1.763012e+01	1.779645e+02
2.330000e-06	2.372280e-06	2.934407e-09	1.659335e+01	1.738395e+02
2.340000e-06	2.223148e-06	2.866009e-09	1.555021e+01	1.696135e+02
2.350000e-06	2.073198e-06	2.792231e-09	1.450136e+01	1.652717e+02
2.360000e-06	1.922555e-06	2.718072e-09	1.344766e+01	1.607957e+02
2.370000e-06	1.771284e-06	2.641895e-09	1.238957e+01	1.561702e+02
2.380000e-06	1.619398e-06	2.556735e-09	1.132718e+01	1.513882e+02
2.390000e-06	1.466919e-06	2.468584e-09	1.026064e+01	1.464532e+02
2.400000e-06	1.313938e-06	2.385344e-09	9.190577e+00	1.413773e+02
2.410000e-06	1.160458e-06	2.302774e-09	8.117035e+00	1.361753e+02
2.420000e-06	1.006542e-06	2.215365e-09	7.040439e+00	1.308580e+02
2.430000e-06	8.523619e-07	2.121600e-09	5.962001e+00	1.254266e+02
2.440000e-06	6.979296e-07	2.027602e-09	4.881796e+00	1.198705e+02
2.450000e-06	5.432713e-07	1.931896e-09	3.800010e+00	1.141703e+02
2.460000e-06	3.884396e-07	1.830607e-09	2.717012e+00	1.083038e+02
2.470000e-06	2.334431e-07	1.722500e-09	1.632860e+00	1.022539e+02
2.480000e-06	7.836582e-08	1.615203e-09	5.481440e-01	9.601510e+01
2.490000e-06	-7.672051e-08	1.510792e-09	-5.366356e-01	8.959538e+01
2.500000e-06	-2.317618e-07	1.404209e-09	-1.621100e+00	8.301368e+01
2.510000e-06	-3.867152e-07	1.293444e-09	-2.704950e+00	7.629338e+01
2.520000e-06	-5.414915e-07	1.178251e-09	-3.787561e+00	6.945459e+01
2.530000e-06	-6.960301e-07	1.061268e-09	-4.868510e+00	6.250815e+01
2.540000e-06	-8.503462e-07	9.410468e-10	-5.947902e+00	5.545395e+01
2.550000e-06	-1.004370e-06	8.174270e-10	-7.025252e+00	4.828387e+01
2.560000e-06	-1.158034e-06	6.933225e-10	-8.100080e+00	4.098839e+01
2.570000e-06	-1.311232e-06	5.696606e-10	-9.171652e+00	3.356363e+01
2.580000e-06	-1.463903e-06	4.447643e-10	-1.023954e+01	2.601594e+01
2.590000e-06	-1.616056e-06	3.182942e-10	-1.130380e+01	1.836166e+01
2.600000e-06	-1.767640e-06	1.900578e-10	-1.236408e+01	1.062186e+01
2.610000e-06	-1.918528e-06	5.827905e-11	-1.341949e+01	2.813840e+00
2.620000e-06	-2.068719e-06	-7.708831e-11	-1.447004e+01	-5.057186e+00
2.630000e-06	-2.218180e-06	-2.149052e-10	-1.551547e+01	-1.300282e+01
2.640000e-06	-2.366781e-06	-3.524804e-10	-1.655488e+01	-2.105026e+01
2.650000e-06	-2.514511e-06	-4.888970e-10	-1.758821e+01	-2.923502e+01
2.660000e-06	-2.661339e-06	-6.287894e-10	-1.861522e+01	-3.758989e+01
2.670000e-06	-2.807247e-06	-7.717090e-10	-1.963580e+01	-4.613363e+01
2.680000e-06	-2.952233e-06	-9.168279e-10	-2.064993e+01	-5.486342e+01
2.690000e-06	-3.096243e-06	-1.065253e-09	-2.165724e+01	-6.375357e+01
2.700000e-06	-3.239082e-06	-1.217111e-09	-2.265635e+01	-7.276040e+01
2.710000e-06	-3.380597e-06	-1.372412e-09	-2.364620e+01	-8.183157e+01
2.720000e-06	-3.520797e-06	-1.527265e-09	-2.462685e+01	-9.091578e+01
2.730000e-06	-3.659693e-06	-1.678421e-09	-2.559839e+01	-9.996948e+01
2.740000e-06	-3.797215e-06	-1.828940e-09	-2.656032e+01	-1.089582e+02
2.750000e-06	-3.933326e-06	-1.981165e-09	-2.751237e+01	-1.178523e+02
2.760000e-06	-4.067996e-06	-2.131642e-09	-2.845434e+01	-1.266204e+02
2.770000e-06	-4.201146e-06	-2.276881e-09	-2.938568e+01	-1.352225e+02
2.780000e-06	-4.332770e-06	-2.417419e-09	-3.030635e+01	-1.436078e+02
2.790000e-06	-4.462884e-06	-2.554573e-09	-3.121646e+01	-1.517184e+02
2.800000e-06	-4.591475e-06	-2.685235e-09	-3.211591e+01	-1.594975e+02
2.810000e-06	-4.718454e-06	-2.808877e-09	-3.300409e+01	-1.669008e+02
2.820000e-06	-4.843717e-06	-2.927829e-09	-3.388026e+01	-1.739056e+02
2.830000e-06	-4.967242e-06	-3.041988e-09	-3.474428e+01	-1.805148e+02
2.840000e-06	-5.089031e-06	-3.149484e-09	-3.559616e+01	-1.867540e+02
2.850000e-06	-5.208971e-06	-3.249659e-09	-3.643510e+01	-1.926621e+02
2.860000e-06	-5.326885e-06	-3.343685e-09	-3.725987e+01	-1.982794e+02
2.870000e-06	-5.442664e-06	-3.432920e-09	-3.806971e+01	-2.036364e+02
2.880000e-06	-5.556209e-06	-3.518166e-09	-3.886392e+01	-2.087483e+02
2.890000e-06	-5.667524e-06	-3.599525e-09	-3.964253e+01	-2.136153e+02
2.900000e-06	-5.776722e-06	-3.677237e-09	-4.040634e+01	-2.182297e+02
2.910000e-06	-5.883951e-06	-3.750195e-09	-4.115637e+01	-2.225857e+02
2.920000e-06	-5.989242e-06	-3.817607e-09	-4.189284e+01	-2.266877e+02
2.930000e-06	-6.092317e-06	-3.881423e-09	-4.261382e+01	-2.305539e+02
2.940000e-06	-6.193074e-06	-3.942976e-09	-4.331858e+01	-2.342143e+02
2.950000e-06	-6.291619e-06	-4.001532e-09	-4.400788e+01	-2.377023e+02
2.960000e-06	-6.388041e-06	-4.057006e-09	-4.468232e+01	-2.410454e+02
2.970000e-06	-6.482265e-06	-4.109958e-09	-4.534139e+01	-2.442568e+02
2.980000e-06	-6.574165e-06	-4.160937e-09	-4.598420e+01	-2.473331e+02
2.990000e-06	-6.663783e-06	-4.210981e-09	-4.661105e+01	-2.502569e+02
3.000000e-06	-6.751007e-06	-4.258105e-09	-4.722115e+01	-2.530062e+02
3.010000e-06	-6.835776e-06	-4.301563e-09	-4.781408e+01	-2.555647e+02
3.020000e-06	-6.918161e-06	-4.340390e-09	-4.839034e+01	-2.579296e+02
3.030000e-06	-6.998139e-06	-4.376377e-09	-4.894976e+01	-2.601151e+02
3.040000e-06	-7.075478e-06	-4.410724e-09	-4.949072e+01	-2.621486e+02
3.050000e-06	-7.150048e-06	-4.442449e-09	-5.001232e+01	-2.640631e+02
3.060000e-06	-7.222008e-06	-4.472971e-09	-5.051565e+01	-2.658866e+02
3.070000e-06	-7.291387e-06	-4.502342e-09	-5.100094e+01	-2.676345e+02
3.080000e-06	-7.358171e-06	-4.530458e-09	-5.146807e+01	-2.693068e+02
3.090000e-06	-7.422397e-06	-4.555832e-09	-5.191731e+01	-2.708909e+02
3.100000e-06	-7.483923e-06	-4.579040e-09	-5.234767e+01	-2.723697e+02
3.110000e-06	-7.542749e-06	-4.602461e-09	-5.275914e+01	-2.737305e+02
3.120000e-06	-7.598871e-06	-4.625703e-09	-5.315169e+01	-2.749717e+02
3.130000e-06	-7.652093e-06	-4.645042e-09	-5.352396e+01	-2.761052e+02
3.140000e-06	-7.702321e-06	-4.663674e-09	-5.387529e+01	-2.771530e+02
3.150000e-06	-7.749440e-06	-4.683929e-09	-5.420487e+01	-2.781394e+02
3.160000e-06	-7.793790e-06	-4.701291e-09	-5.451509e+01	-2.790828e+02
3.170000e-06	-7.835694e-06	-4.713263e-09	-5.480819e+01	-2.799896e+02
3.180000e-06	-7.874930e-06	-4.724951e-09	-5.508264e+01	-2.808524e+02
3.190000e-06	-7.911378e-06	-4.739954e-09	-5.533758e+01	-2.816541e+02
3.200000e-06	-7.945063e-06	-4.754901e-09	-5.557319e+01	-2.823749e+02
3.210000e-06	-7.975875e-06	-4.766545e-09	-5.578872e+01	-2.830013e+02
3.220000e-06	-8.003776e-06	-4.777566e-09	-5.598388e+01	-2.835313e+02
3.230000e-06	-8.028885e-06	-4.790249e-09	-5.615951e+01	-2.839763e+02
3.240000e-06	-8.051081e-06	-4.799376e-09	-5.631476e+01	-2.843575e+02
3.250000e-06	-8.070394e-06	-4.802651e-09	-5.644985e+01	-2.846985e+02
3.260000e-06	-8.087013e-06	-4.805535e-09	-5.656609e+01	-2.850176e+02
3.270000e-06	-8.100574e-06	-4.812433e-09	-5.666094e+01	-2.853217e+02
3.280000e-06	-8.110979e-06	-4.819720e-09	-5.673373e+01	-2.856046e+02
3.290000e-06	-8.118460e-06	-4.823138e-09	-5.678605e+01	-2.858499e+02
3.300000e-06	-8.123015e-06	-4.825564e-09	-5.681791e+01	-2.860369e+02
3.310000e-06	-8.124789e-06	-4.830784e-09	-5.683032e+01	-2.861486e+02
