# Temperatura_=_25.4
# Concentracion g/m^3_=_11000.0
# C_Vs_to_Am_M_A/Vsm_=_59384043850.047264
# pendiente_HvsI_1/m_=_3716.3
# ordenada_HvsI_A/m_=_1297.0
# frecuencia_Hz_=_301736.42101131903

Tiempo_(s)	Campo_(V.s)	Magnetizacion_(V.s)	Campo_(kA/m)	Magnetizacion_(A/m)
0.000000e+00	-8.109364e-06	-4.744697e-09	-5.681099e+01	-2.807089e+02
1.000000e-08	-8.104878e-06	-4.741731e-09	-5.677956e+01	-2.806929e+02
2.000000e-08	-8.097833e-06	-4.738894e-09	-5.673021e+01	-2.806272e+02
3.000000e-08	-8.088080e-06	-4.736551e-09	-5.666188e+01	-2.805072e+02
4.000000e-08	-8.075409e-06	-4.730690e-09	-5.657311e+01	-2.803299e+02
5.000000e-08	-8.059749e-06	-4.722117e-09	-5.646341e+01	-2.800953e+02
6.000000e-08	-8.041323e-06	-4.718199e-09	-5.633433e+01	-2.798079e+02
7.000000e-08	-8.020496e-06	-4.727917e-09	-5.618842e+01	-2.794754e+02
8.000000e-08	-7.996948e-06	-4.713710e-09	-5.602345e+01	-2.791059e+02
9.000000e-08	-7.970105e-06	-4.664280e-09	-5.583540e+01	-2.787045e+02
1.000000e-07	-7.940035e-06	-4.662389e-09	-5.562474e+01	-2.782701e+02
1.100000e-07	-7.907130e-06	-4.688519e-09	-5.539422e+01	-2.777945e+02
1.200000e-07	-7.871519e-06	-4.688418e-09	-5.514474e+01	-2.772641e+02
1.300000e-07	-7.833467e-06	-4.664613e-09	-5.487817e+01	-2.766650e+02
1.400000e-07	-7.793257e-06	-4.661390e-09	-5.459647e+01	-2.759885e+02
1.500000e-07	-7.750521e-06	-4.673828e-09	-5.429708e+01	-2.752358e+02
1.600000e-07	-7.704972e-06	-4.605912e-09	-5.397798e+01	-2.744197e+02
1.700000e-07	-7.656757e-06	-4.614693e-09	-5.364021e+01	-2.735622e+02
1.800000e-07	-7.605538e-06	-4.580206e-09	-5.328138e+01	-2.726875e+02
1.900000e-07	-7.551207e-06	-4.553154e-09	-5.290076e+01	-2.718146e+02
2.000000e-07	-7.494199e-06	-4.605263e-09	-5.250139e+01	-2.709505e+02
2.100000e-07	-7.434518e-06	-4.563507e-09	-5.208329e+01	-2.700881e+02
2.200000e-07	-7.372177e-06	-4.560910e-09	-5.164655e+01	-2.692084e+02
2.300000e-07	-7.307090e-06	-4.513957e-09	-5.119058e+01	-2.682882e+02
2.400000e-07	-7.239215e-06	-4.514785e-09	-5.071507e+01	-2.673084e+02
2.500000e-07	-7.168719e-06	-4.497414e-09	-5.022120e+01	-2.662617e+02
2.600000e-07	-7.095463e-06	-4.436984e-09	-4.970800e+01	-2.651545e+02
2.700000e-07	-7.019398e-06	-4.450647e-09	-4.917512e+01	-2.640041e+02
2.800000e-07	-6.940591e-06	-4.448680e-09	-4.862303e+01	-2.628306e+02
2.900000e-07	-6.859083e-06	-4.435458e-09	-4.805202e+01	-2.616476e+02
3.000000e-07	-6.775211e-06	-4.382619e-09	-4.746444e+01	-2.604558e+02
3.100000e-07	-6.689172e-06	-4.370303e-09	-4.686169e+01	-2.592410e+02
3.200000e-07	-6.600822e-06	-4.360136e-09	-4.624274e+01	-2.579788e+02
3.300000e-07	-6.510025e-06	-4.323329e-09	-4.560666e+01	-2.566440e+02
3.400000e-07	-6.416897e-06	-4.303980e-09	-4.495424e+01	-2.552199e+02
3.500000e-07	-6.321531e-06	-4.273187e-09	-4.428614e+01	-2.537052e+02
3.600000e-07	-6.223744e-06	-4.262555e-09	-4.360108e+01	-2.521140e+02
3.700000e-07	-6.123637e-06	-4.235578e-09	-4.289978e+01	-2.504701e+02
3.800000e-07	-6.021394e-06	-4.193835e-09	-4.218350e+01	-2.487964e+02
3.900000e-07	-5.916955e-06	-4.157038e-09	-4.145184e+01	-2.471048e+02
4.000000e-07	-5.810292e-06	-4.140282e-09	-4.070460e+01	-2.453907e+02
4.100000e-07	-5.701582e-06	-4.123415e-09	-3.994302e+01	-2.436342e+02
4.200000e-07	-5.590960e-06	-4.073971e-09	-3.916805e+01	-2.418076e+02
4.300000e-07	-5.478256e-06	-4.033307e-09	-3.837849e+01	-2.398873e+02
4.400000e-07	-5.363243e-06	-4.009042e-09	-3.757275e+01	-2.378635e+02
4.500000e-07	-5.246078e-06	-3.979864e-09	-3.675194e+01	-2.357449e+02
4.600000e-07	-5.127074e-06	-3.933168e-09	-3.591825e+01	-2.335555e+02
4.700000e-07	-5.006178e-06	-3.892759e-09	-3.507130e+01	-2.313236e+02
4.800000e-07	-4.883353e-06	-3.866359e-09	-3.421084e+01	-2.290700e+02
4.900000e-07	-4.758783e-06	-3.832845e-09	-3.333815e+01	-2.267965e+02
5.000000e-07	-4.632604e-06	-3.782288e-09	-3.245419e+01	-2.244833e+02
5.100000e-07	-4.504876e-06	-3.731483e-09	-3.155938e+01	-2.220948e+02
5.200000e-07	-4.375433e-06	-3.691622e-09	-3.065255e+01	-2.195919e+02
5.300000e-07	-4.244272e-06	-3.656411e-09	-2.973369e+01	-2.169472e+02
5.400000e-07	-4.111589e-06	-3.607838e-09	-2.880416e+01	-2.141559e+02
5.500000e-07	-3.977497e-06	-3.553795e-09	-2.786477e+01	-2.112378e+02
5.600000e-07	-3.841982e-06	-3.509733e-09	-2.691541e+01	-2.082299e+02
5.700000e-07	-3.705011e-06	-3.464223e-09	-2.595584e+01	-2.051713e+02
5.800000e-07	-3.566585e-06	-3.404194e-09	-2.498608e+01	-2.020866e+02
5.900000e-07	-3.426756e-06	-3.340627e-09	-2.400650e+01	-1.989747e+02
6.000000e-07	-3.285488e-06	-3.288709e-09	-2.301683e+01	-1.958067e+02
6.100000e-07	-3.142836e-06	-3.240240e-09	-2.201746e+01	-1.925360e+02
6.200000e-07	-2.999008e-06	-3.182956e-09	-2.100986e+01	-1.891146e+02
6.300000e-07	-2.854027e-06	-3.119103e-09	-1.999418e+01	-1.855110e+02
6.400000e-07	-2.708028e-06	-3.060391e-09	-1.897137e+01	-1.817220e+02
6.500000e-07	-2.561128e-06	-2.998036e-09	-1.794225e+01	-1.777739e+02
6.600000e-07	-2.413411e-06	-2.925626e-09	-1.690740e+01	-1.737113e+02
6.700000e-07	-2.264955e-06	-2.847559e-09	-1.586738e+01	-1.695794e+02
6.800000e-07	-2.115735e-06	-2.777183e-09	-1.482200e+01	-1.654051e+02
6.900000e-07	-1.965742e-06	-2.708010e-09	-1.377121e+01	-1.611857e+02
7.000000e-07	-1.815110e-06	-2.635243e-09	-1.271594e+01	-1.568886e+02
7.100000e-07	-1.663897e-06	-2.560806e-09	-1.165661e+01	-1.524628e+02
7.200000e-07	-1.512050e-06	-2.487042e-09	-1.059282e+01	-1.478587e+02
7.300000e-07	-1.359605e-06	-2.412612e-09	-9.524852e+00	-1.430464e+02
7.400000e-07	-1.206652e-06	-2.326791e-09	-8.453325e+00	-1.380271e+02
7.500000e-07	-1.053238e-06	-2.235679e-09	-7.378571e+00	-1.328325e+02
7.600000e-07	-8.993194e-07	-2.142628e-09	-6.300275e+00	-1.275116e+02
7.700000e-07	-7.449550e-07	-2.052347e-09	-5.218860e+00	-1.221113e+02
7.800000e-07	-5.903254e-07	-1.957606e-09	-4.135586e+00	-1.166573e+02
7.900000e-07	-4.354777e-07	-1.861471e-09	-3.050785e+00	-1.111434e+02
8.000000e-07	-2.803997e-07	-1.772287e-09	-1.964370e+00	-1.055336e+02
8.100000e-07	-1.251957e-07	-1.683719e-09	-8.770717e-01	-9.977522e+01
8.200000e-07	3.004920e-08	-1.586647e-09	2.105128e-01	-9.381922e+01
8.300000e-07	1.852759e-07	-1.476991e-09	1.297970e+00	-8.763872e+01
8.400000e-07	3.404734e-07	-1.365192e-09	2.385222e+00	-8.123915e+01
8.500000e-07	4.955889e-07	-1.252451e-09	3.471900e+00	-7.465599e+01
8.600000e-07	6.504410e-07	-1.136155e-09	4.556732e+00	-6.794139e+01
8.700000e-07	8.049189e-07	-1.016907e-09	5.638943e+00	-6.114500e+01
8.800000e-07	9.590359e-07	-9.014283e-10	6.718625e+00	-5.429676e+01
8.900000e-07	1.112704e-06	-7.917558e-10	7.795165e+00	-4.739828e+01
9.000000e-07	1.265839e-06	-6.789941e-10	8.867965e+00	-4.042600e+01
9.100000e-07	1.418536e-06	-5.586071e-10	9.937699e+00	-3.334428e+01
9.200000e-07	1.570875e-06	-4.331620e-10	1.100493e+01	-2.612289e+01
9.300000e-07	1.722619e-06	-3.080954e-10	1.206799e+01	-1.875144e+01
9.400000e-07	1.873568e-06	-1.813069e-10	1.312548e+01	-1.124463e+01
9.500000e-07	2.023785e-06	-5.001890e-11	1.417784e+01	-3.636358e+00
9.600000e-07	2.173277e-06	8.083267e-11	1.522512e+01	4.035079e+00
9.700000e-07	2.322056e-06	2.068583e-10	1.626741e+01	1.174444e+01
9.800000e-07	2.470091e-06	3.344708e-10	1.730448e+01	1.949235e+01
9.900000e-07	2.617307e-06	4.694892e-10	1.833582e+01	2.730798e+01
1.000000e-06	2.763525e-06	6.059774e-10	1.936016e+01	3.524003e+01
1.010000e-06	2.908715e-06	7.390925e-10	2.037730e+01	4.333922e+01
1.020000e-06	3.052943e-06	8.762858e-10	2.138771e+01	5.163864e+01
1.030000e-06	3.196042e-06	1.021942e-09	2.239020e+01	6.013943e+01
1.040000e-06	3.337909e-06	1.170970e-09	2.338407e+01	6.880686e+01
1.050000e-06	3.478532e-06	1.317046e-09	2.436922e+01	7.757813e+01
1.060000e-06	3.617827e-06	1.463115e-09	2.534507e+01	8.637840e+01
1.070000e-06	3.755675e-06	1.613047e-09	2.631077e+01	9.513892e+01
1.080000e-06	3.892116e-06	1.762219e-09	2.726662e+01	1.038102e+02
1.090000e-06	4.027127e-06	1.904955e-09	2.821246e+01	1.123658e+02
1.100000e-06	4.160656e-06	2.042891e-09	2.914791e+01	1.207956e+02
1.110000e-06	4.292801e-06	2.180628e-09	3.007366e+01	1.290931e+02
1.120000e-06	4.423409e-06	2.318352e-09	3.098865e+01	1.372410e+02
1.130000e-06	4.552370e-06	2.451336e-09	3.189210e+01	1.452033e+02
1.140000e-06	4.679751e-06	2.578108e-09	3.278448e+01	1.529261e+02
1.150000e-06	4.805494e-06	2.702588e-09	3.366539e+01	1.603474e+02
1.160000e-06	4.929567e-06	2.821838e-09	3.453459e+01	1.674131e+02
1.170000e-06	5.051922e-06	2.932782e-09	3.539177e+01	1.740913e+02
1.180000e-06	5.172463e-06	3.036064e-09	3.623622e+01	1.803810e+02
1.190000e-06	5.291117e-06	3.135757e-09	3.706747e+01	1.863107e+02
1.200000e-06	5.407790e-06	3.230367e-09	3.788483e+01	1.919279e+02
1.210000e-06	5.522342e-06	3.318879e-09	3.868734e+01	1.972833e+02
1.220000e-06	5.634735e-06	3.405327e-09	3.947472e+01	2.024159e+02
1.230000e-06	5.745076e-06	3.490856e-09	4.024773e+01	2.073439e+02
1.240000e-06	5.853445e-06	3.573726e-09	4.100692e+01	2.120643e+02
1.250000e-06	5.959736e-06	3.652514e-09	4.175155e+01	2.165608e+02
1.260000e-06	6.063850e-06	3.723508e-09	4.248093e+01	2.208160e+02
1.270000e-06	6.165736e-06	3.787751e-09	4.319470e+01	2.248236e+02
1.280000e-06	6.265411e-06	3.848834e-09	4.389298e+01	2.285940e+02
1.290000e-06	6.362827e-06	3.907753e-09	4.457545e+01	2.321539e+02
1.300000e-06	6.457889e-06	3.965327e-09	4.524141e+01	2.355380e+02
1.310000e-06	6.550715e-06	4.023051e-09	4.589172e+01	2.387778e+02
1.320000e-06	6.641317e-06	4.079885e-09	4.652643e+01	2.418925e+02
1.330000e-06	6.729521e-06	4.130251e-09	4.714436e+01	2.448832e+02
1.340000e-06	6.815358e-06	4.175168e-09	4.774570e+01	2.477358e+02
1.350000e-06	6.898917e-06	4.218028e-09	4.833108e+01	2.504284e+02
1.360000e-06	6.980056e-06	4.260012e-09	4.889951e+01	2.529412e+02
1.370000e-06	7.058688e-06	4.299133e-09	4.945037e+01	2.552658e+02
1.380000e-06	7.134713e-06	4.335990e-09	4.998297e+01	2.574093e+02
1.390000e-06	7.207974e-06	4.372897e-09	5.049621e+01	2.593926e+02
1.400000e-06	7.278590e-06	4.407605e-09	5.099092e+01	2.612445e+02
1.410000e-06	7.346716e-06	4.437476e-09	5.146818e+01	2.629932e+02
1.420000e-06	7.412232e-06	4.462965e-09	5.192716e+01	2.646591e+02
1.430000e-06	7.475069e-06	4.488770e-09	5.236737e+01	2.662513e+02
1.440000e-06	7.535343e-06	4.515226e-09	5.278963e+01	2.677682e+02
1.450000e-06	7.592983e-06	4.538663e-09	5.319343e+01	2.692016e+02
1.460000e-06	7.647777e-06	4.560084e-09	5.357730e+01	2.705423e+02
1.470000e-06	7.699484e-06	4.582192e-09	5.393954e+01	2.717850e+02
1.480000e-06	7.748056e-06	4.603297e-09	5.427981e+01	2.729307e+02
1.490000e-06	7.793780e-06	4.620626e-09	5.460013e+01	2.739860e+02
1.500000e-06	7.836810e-06	4.635746e-09	5.490158e+01	2.749603e+02
1.510000e-06	7.877086e-06	4.650617e-09	5.518375e+01	2.758628e+02
1.520000e-06	7.914598e-06	4.665388e-09	5.544653e+01	2.766998e+02
1.530000e-06	7.949319e-06	4.677252e-09	5.568978e+01	2.774735e+02
1.540000e-06	7.981189e-06	4.687342e-09	5.591305e+01	2.781829e+02
1.550000e-06	8.010283e-06	4.698483e-09	5.611687e+01	2.788256e+02
1.560000e-06	8.036554e-06	4.709349e-09	5.630091e+01	2.793992e+02
1.570000e-06	8.059917e-06	4.717976e-09	5.646458e+01	2.799033e+02
1.580000e-06	8.080558e-06	4.724268e-09	5.660919e+01	2.803388e+02
1.590000e-06	8.098421e-06	4.729916e-09	5.673433e+01	2.807088e+02
1.600000e-06	8.113262e-06	4.734237e-09	5.683830e+01	2.810171e+02
1.610000e-06	8.124967e-06	4.736362e-09	5.692030e+01	2.812679e+02
1.620000e-06	8.133558e-06	4.737676e-09	5.698048e+01	2.814657e+02
1.630000e-06	8.139286e-06	4.739702e-09	5.702061e+01	2.816147e+02
1.640000e-06	8.142210e-06	4.742951e-09	5.704110e+01	2.817180e+02
1.650000e-06	8.142267e-06	4.744567e-09	5.704150e+01	2.817776e+02
1.660000e-06	8.139608e-06	4.749302e-09	5.702287e+01	2.817930e+02
1.670000e-06	8.134240e-06	4.749653e-09	5.698526e+01	2.817616e+02
1.680000e-06	8.126133e-06	4.746417e-09	5.692847e+01	2.816790e+02
1.690000e-06	8.115364e-06	4.742813e-09	5.685302e+01	2.815409e+02
1.700000e-06	8.101724e-06	4.739040e-09	5.675747e+01	2.813449e+02
1.710000e-06	8.085385e-06	4.732030e-09	5.664301e+01	2.810928e+02
1.720000e-06	8.066788e-06	4.719002e-09	5.651272e+01	2.807900e+02
1.730000e-06	8.045673e-06	4.719711e-09	5.636480e+01	2.804448e+02
1.740000e-06	8.021412e-06	4.768195e-09	5.619484e+01	2.800648e+02
1.750000e-06	7.993522e-06	4.751728e-09	5.599945e+01	2.796534e+02
1.760000e-06	7.962060e-06	4.704581e-09	5.577904e+01	2.792070e+02
1.770000e-06	7.927837e-06	4.690435e-09	5.553928e+01	2.787155e+02
1.780000e-06	7.891157e-06	4.687595e-09	5.528232e+01	2.781645e+02
1.790000e-06	7.852084e-06	4.636128e-09	5.500859e+01	2.775411e+02
1.800000e-06	7.811040e-06	4.677422e-09	5.472105e+01	2.768394e+02
1.810000e-06	7.767577e-06	4.671554e-09	5.441657e+01	2.760645e+02
1.820000e-06	7.721297e-06	4.596187e-09	5.409235e+01	2.752325e+02
1.830000e-06	7.672245e-06	4.683457e-09	5.374871e+01	2.743670e+02
1.840000e-06	7.619990e-06	4.599653e-09	5.338263e+01	2.734913e+02
1.850000e-06	7.564765e-06	4.593476e-09	5.299575e+01	2.726212e+02
1.860000e-06	7.506884e-06	4.550811e-09	5.259026e+01	2.717592e+02
1.870000e-06	7.446276e-06	4.513439e-09	5.216566e+01	2.708937e+02
1.880000e-06	7.383059e-06	4.592574e-09	5.172279e+01	2.700036e+02
1.890000e-06	7.317140e-06	4.490964e-09	5.126098e+01	2.690659e+02
1.900000e-06	7.248477e-06	4.539949e-09	5.077995e+01	2.680649e+02
1.910000e-06	7.176977e-06	4.511744e-09	5.027906e+01	2.669974e+02
1.920000e-06	7.102830e-06	4.462658e-09	4.975961e+01	2.658742e+02
1.930000e-06	7.025969e-06	4.450990e-09	4.922115e+01	2.647143e+02
1.940000e-06	6.946344e-06	4.379908e-09	4.866333e+01	2.635368e+02
1.950000e-06	6.864342e-06	4.433519e-09	4.808886e+01	2.623518e+02
1.960000e-06	6.779862e-06	4.378564e-09	4.749703e+01	2.611548e+02
1.970000e-06	6.692841e-06	4.393337e-09	4.688739e+01	2.599277e+02
1.980000e-06	6.603407e-06	4.357482e-09	4.626086e+01	2.586448e+02
1.990000e-06	6.511798e-06	4.313921e-09	4.561908e+01	2.572825e+02
2.000000e-06	6.417882e-06	4.309848e-09	4.496114e+01	2.558287e+02
2.010000e-06	6.321515e-06	4.241655e-09	4.428603e+01	2.542873e+02
2.020000e-06	6.223018e-06	4.246083e-09	4.359600e+01	2.526765e+02
2.030000e-06	6.122217e-06	4.203415e-09	4.288982e+01	2.510209e+02
2.040000e-06	6.019069e-06	4.207955e-09	4.216722e+01	2.493409e+02
2.050000e-06	5.913770e-06	4.162468e-09	4.142953e+01	2.476435e+02
2.060000e-06	5.806514e-06	4.130598e-09	4.067814e+01	2.459186e+02
2.070000e-06	5.697226e-06	4.102827e-09	3.991251e+01	2.441427e+02
2.080000e-06	5.585683e-06	4.071500e-09	3.913108e+01	2.422881e+02
2.090000e-06	5.472047e-06	4.042626e-09	3.833500e+01	2.403348e+02
2.100000e-06	5.356266e-06	4.002625e-09	3.752387e+01	2.382788e+02
2.110000e-06	5.238333e-06	3.976089e-09	3.669768e+01	2.361344e+02
2.120000e-06	5.118425e-06	3.931770e-09	3.585766e+01	2.339284e+02
2.130000e-06	4.996747e-06	3.897405e-09	3.500523e+01	2.316881e+02
2.140000e-06	4.873358e-06	3.846739e-09	3.414082e+01	2.294290e+02
2.150000e-06	4.748156e-06	3.825806e-09	3.326370e+01	2.271459e+02
2.160000e-06	4.621149e-06	3.787806e-09	3.237394e+01	2.248129e+02
2.170000e-06	4.492514e-06	3.755146e-09	3.147277e+01	2.223917e+02
2.180000e-06	4.362420e-06	3.701961e-09	3.056139e+01	2.198453e+02
2.190000e-06	4.230831e-06	3.659708e-09	2.963952e+01	2.171529e+02
2.200000e-06	4.097613e-06	3.610381e-09	2.870625e+01	2.143176e+02
2.210000e-06	3.962843e-06	3.553538e-09	2.776211e+01	2.113662e+02
2.220000e-06	3.826667e-06	3.506164e-09	2.680811e+01	2.083382e+02
2.230000e-06	3.689090e-06	3.457790e-09	2.584430e+01	2.052697e+02
2.240000e-06	3.550226e-06	3.417884e-09	2.487147e+01	2.021779e+02
2.250000e-06	3.409971e-06	3.359680e-09	2.388891e+01	1.990522e+02
2.260000e-06	3.268282e-06	3.304845e-09	2.289629e+01	1.958569e+02
2.270000e-06	3.125378e-06	3.247593e-09	2.189516e+01	1.925426e+02
2.280000e-06	2.981379e-06	3.191023e-09	2.088636e+01	1.890649e+02
2.290000e-06	2.836325e-06	3.125443e-09	1.987017e+01	1.854006e+02
2.300000e-06	2.690321e-06	3.058567e-09	1.884732e+01	1.815565e+02
2.310000e-06	2.543408e-06	2.995054e-09	1.781811e+01	1.775663e+02
2.320000e-06	2.395592e-06	2.932921e-09	1.678257e+01	1.734771e+02
2.330000e-06	2.246915e-06	2.863704e-09	1.574099e+01	1.693300e+02
2.340000e-06	2.097298e-06	2.793861e-09	1.469284e+01	1.651431e+02
2.350000e-06	1.946822e-06	2.723092e-09	1.363866e+01	1.609036e+02
2.360000e-06	1.795717e-06	2.650222e-09	1.258008e+01	1.565710e+02
2.370000e-06	1.644123e-06	2.568695e-09	1.151807e+01	1.520928e+02
2.380000e-06	1.492041e-06	2.485040e-09	1.045265e+01	1.474237e+02
2.390000e-06	1.339394e-06	2.404894e-09	9.383261e+00	1.425432e+02
2.400000e-06	1.186253e-06	2.322175e-09	8.310416e+00	1.374630e+02
2.410000e-06	1.032741e-06	2.234994e-09	7.234977e+00	1.322222e+02
2.420000e-06	8.788491e-07	2.142724e-09	6.156869e+00	1.268714e+02
2.430000e-06	7.246828e-07	2.053386e-09	5.076841e+00	1.214525e+02
2.440000e-06	5.702753e-07	1.961290e-09	3.995123e+00	1.159816e+02
2.450000e-06	4.156418e-07	1.866387e-09	2.911822e+00	1.104420e+02
2.460000e-06	2.608625e-07	1.767350e-09	1.827499e+00	1.047905e+02
2.470000e-06	1.060135e-07	1.668657e-09	7.426887e-01	9.897331e+01
2.480000e-06	-4.886683e-08	1.569164e-09	-3.423417e-01	9.294669e+01
2.490000e-06	-2.037830e-07	1.464042e-09	-1.427623e+00	8.669363e+01
2.500000e-06	-3.585704e-07	1.356208e-09	-2.512002e+00	8.023008e+01
2.510000e-06	-5.131537e-07	1.246150e-09	-3.594951e+00	7.359877e+01
2.520000e-06	-6.675402e-07	1.133113e-09	-4.676522e+00	6.685319e+01
2.530000e-06	-8.216455e-07	1.018087e-09	-5.756123e+00	6.003822e+01
2.540000e-06	-9.754053e-07	9.019873e-10	-6.833303e+00	5.317510e+01
2.550000e-06	-1.128789e-06	7.846837e-10	-7.907847e+00	4.625645e+01
2.560000e-06	-1.281753e-06	6.648104e-10	-8.979454e+00	3.925303e+01
2.570000e-06	-1.434253e-06	5.444335e-10	-1.004781e+01	3.212904e+01
2.580000e-06	-1.586286e-06	4.235375e-10	-1.111289e+01	2.485942e+01
2.590000e-06	-1.737797e-06	3.008940e-10	-1.217432e+01	1.744177e+01
2.600000e-06	-1.888735e-06	1.737627e-10	-1.323173e+01	9.898144e+00
2.610000e-06	-2.038993e-06	4.373317e-11	-1.428438e+01	2.265743e+00
2.620000e-06	-2.188380e-06	-8.731326e-11	-1.533092e+01	-5.419512e+00
2.630000e-06	-2.336888e-06	-2.192700e-10	-1.637131e+01	-1.313970e+01
2.640000e-06	-2.484626e-06	-3.501314e-10	-1.740631e+01	-2.090492e+01
2.650000e-06	-2.631501e-06	-4.812150e-10	-1.843526e+01	-2.875209e+01
2.660000e-06	-2.777384e-06	-6.145749e-10	-1.945725e+01	-3.673275e+01
2.670000e-06	-2.922286e-06	-7.533370e-10	-2.047238e+01	-4.489395e+01
2.680000e-06	-3.066167e-06	-8.941872e-10	-2.148035e+01	-5.325967e+01
2.690000e-06	-3.208952e-06	-1.037863e-09	-2.248065e+01	-6.181936e+01
2.700000e-06	-3.350498e-06	-1.186831e-09	-2.347226e+01	-7.052791e+01
2.710000e-06	-3.490721e-06	-1.337455e-09	-2.445461e+01	-7.931665e+01
2.720000e-06	-3.629590e-06	-1.485281e-09	-2.542747e+01	-8.811085e+01
2.730000e-06	-3.767018e-06	-1.629703e-09	-2.639024e+01	-9.684689e+01
2.740000e-06	-3.903074e-06	-1.774599e-09	-2.734339e+01	-1.054828e+02
2.750000e-06	-4.037818e-06	-1.920046e-09	-2.828736e+01	-1.139985e+02
2.760000e-06	-4.171060e-06	-2.062191e-09	-2.922080e+01	-1.223867e+02
2.770000e-06	-4.302753e-06	-2.200121e-09	-3.014338e+01	-1.306387e+02
2.780000e-06	-4.432903e-06	-2.337640e-09	-3.105516e+01	-1.387319e+02
2.790000e-06	-4.561476e-06	-2.473261e-09	-3.195590e+01	-1.466237e+02
2.800000e-06	-4.688543e-06	-2.601557e-09	-3.284608e+01	-1.542562e+02
2.810000e-06	-4.813954e-06	-2.724812e-09	-3.372465e+01	-1.615682e+02
2.820000e-06	-4.937560e-06	-2.843977e-09	-3.459059e+01	-1.685114e+02
2.830000e-06	-5.059388e-06	-2.956927e-09	-3.544407e+01	-1.750632e+02
2.840000e-06	-5.179409e-06	-3.061761e-09	-3.628489e+01	-1.812329e+02
2.850000e-06	-5.297450e-06	-3.159429e-09	-3.711183e+01	-1.870564e+02
2.860000e-06	-5.413320e-06	-3.252936e-09	-3.792357e+01	-1.925841e+02
2.870000e-06	-5.527028e-06	-3.340819e-09	-3.872017e+01	-1.978645e+02
2.880000e-06	-5.638564e-06	-3.424175e-09	-3.950154e+01	-2.029304e+02
2.890000e-06	-5.747939e-06	-3.505565e-09	-4.026779e+01	-2.077928e+02
2.900000e-06	-5.855383e-06	-3.584399e-09	-4.102049e+01	-2.124432e+02
2.910000e-06	-5.960908e-06	-3.659437e-09	-4.175976e+01	-2.168637e+02
2.920000e-06	-6.064331e-06	-3.728956e-09	-4.248430e+01	-2.210392e+02
2.930000e-06	-6.165482e-06	-3.794955e-09	-4.319293e+01	-2.249684e+02
2.940000e-06	-6.264353e-06	-3.858324e-09	-4.388558e+01	-2.286677e+02
2.950000e-06	-6.361011e-06	-3.917486e-09	-4.456273e+01	-2.321671e+02
2.960000e-06	-6.455480e-06	-3.972428e-09	-4.522454e+01	-2.355017e+02
2.970000e-06	-6.547658e-06	-4.025157e-09	-4.587030e+01	-2.387000e+02
2.980000e-06	-6.637543e-06	-4.075863e-09	-4.650000e+01	-2.417755e+02
2.990000e-06	-6.725144e-06	-4.124382e-09	-4.711370e+01	-2.447239e+02
3.000000e-06	-6.810264e-06	-4.171597e-09	-4.771001e+01	-2.475275e+02
3.010000e-06	-6.892962e-06	-4.216778e-09	-4.828936e+01	-2.501640e+02
3.020000e-06	-6.973276e-06	-4.259908e-09	-4.885201e+01	-2.526164e+02
3.030000e-06	-7.050966e-06	-4.299075e-09	-4.939628e+01	-2.548813e+02
3.040000e-06	-7.125939e-06	-4.332477e-09	-4.992151e+01	-2.569704e+02
3.050000e-06	-7.198309e-06	-4.363020e-09	-5.042850e+01	-2.589081e+02
3.060000e-06	-7.267999e-06	-4.391752e-09	-5.091672e+01	-2.607239e+02
3.070000e-06	-7.335055e-06	-4.417913e-09	-5.138649e+01	-2.624442e+02
3.080000e-06	-7.399609e-06	-4.442569e-09	-5.183873e+01	-2.640860e+02
3.090000e-06	-7.461550e-06	-4.469032e-09	-5.227266e+01	-2.656545e+02
3.100000e-06	-7.520794e-06	-4.497687e-09	-5.268771e+01	-2.671456e+02
3.110000e-06	-7.577320e-06	-4.526018e-09	-5.308370e+01	-2.685500e+02
3.120000e-06	-7.630980e-06	-4.548640e-09	-5.345962e+01	-2.698594e+02
3.130000e-06	-7.681611e-06	-4.568204e-09	-5.381432e+01	-2.710705e+02
3.140000e-06	-7.729181e-06	-4.586778e-09	-5.414758e+01	-2.721862e+02
3.150000e-06	-7.773950e-06	-4.601175e-09	-5.446121e+01	-2.732143e+02
3.160000e-06	-7.816276e-06	-4.613273e-09	-5.475773e+01	-2.741645e+02
3.170000e-06	-7.856025e-06	-4.627131e-09	-5.503620e+01	-2.750454e+02
3.180000e-06	-7.892935e-06	-4.644420e-09	-5.529478e+01	-2.758619e+02
3.190000e-06	-7.927072e-06	-4.661607e-09	-5.553392e+01	-2.766151e+02
3.200000e-06	-7.958411e-06	-4.675031e-09	-5.575347e+01	-2.773033e+02
3.210000e-06	-7.986815e-06	-4.687000e-09	-5.595246e+01	-2.779239e+02
3.220000e-06	-8.012375e-06	-4.698488e-09	-5.613152e+01	-2.784751e+02
3.230000e-06	-8.035103e-06	-4.705652e-09	-5.629075e+01	-2.789569e+02
3.240000e-06	-8.054933e-06	-4.709269e-09	-5.642967e+01	-2.793709e+02
3.250000e-06	-8.071980e-06	-4.713204e-09	-5.654910e+01	-2.797206e+02
3.260000e-06	-8.086050e-06	-4.720574e-09	-5.664766e+01	-2.800098e+02
3.270000e-06	-8.097007e-06	-4.726780e-09	-5.672443e+01	-2.802431e+02
3.280000e-06	-8.105029e-06	-4.729345e-09	-5.678062e+01	-2.804247e+02
3.290000e-06	-8.110136e-06	-4.731350e-09	-5.681640e+01	-2.805586e+02
3.300000e-06	-8.112425e-06	-4.737627e-09	-5.683243e+01	-2.806477e+02
3.310000e-06	-8.111923e-06	-4.744071e-09	-5.682892e+01	-2.806932e+02
