# Temperatura_=_30.64
# Concentracion g/m^3_=_11000.0
# C_Vs_to_Am_M_A/Vsm_=_59384043850.047264
# pendiente_HvsI_1/m_=_3716.3
# ordenada_HvsI_A/m_=_1297.0
# frecuencia_Hz_=_301732.036902951

Tiempo_(s)	Campo_(V.s)	Magnetizacion_(V.s)	Campo_(kA/m)	Magnetizacion_(A/m)
0.000000e+00	-8.056786e-06	-4.787079e-09	-5.683065e+01	-2.841480e+02
1.000000e-08	-8.054714e-06	-4.788751e-09	-5.681603e+01	-2.841417e+02
2.000000e-08	-8.049863e-06	-4.784696e-09	-5.678181e+01	-2.841077e+02
3.000000e-08	-8.042508e-06	-4.781819e-09	-5.672993e+01	-2.840460e+02
4.000000e-08	-8.032415e-06	-4.780747e-09	-5.665873e+01	-2.839478e+02
5.000000e-08	-8.019421e-06	-4.777331e-09	-5.656708e+01	-2.838004e+02
6.000000e-08	-8.003460e-06	-4.770893e-09	-5.645449e+01	-2.835924e+02
7.000000e-08	-7.984756e-06	-4.767683e-09	-5.632256e+01	-2.833192e+02
8.000000e-08	-7.963683e-06	-4.775470e-09	-5.617392e+01	-2.829842e+02
9.000000e-08	-7.939838e-06	-4.757920e-09	-5.600572e+01	-2.825966e+02
1.000000e-07	-7.912689e-06	-4.718812e-09	-5.581422e+01	-2.821657e+02
1.100000e-07	-7.882396e-06	-4.715535e-09	-5.560054e+01	-2.816955e+02
1.200000e-07	-7.849343e-06	-4.732457e-09	-5.536739e+01	-2.811803e+02
1.300000e-07	-7.813633e-06	-4.732579e-09	-5.511550e+01	-2.806065e+02
1.400000e-07	-7.775523e-06	-4.717049e-09	-5.484668e+01	-2.799572e+02
1.500000e-07	-7.735270e-06	-4.714043e-09	-5.456275e+01	-2.792206e+02
1.600000e-07	-7.692501e-06	-4.684450e-09	-5.426106e+01	-2.783972e+02
1.700000e-07	-7.646872e-06	-4.663100e-09	-5.393921e+01	-2.775032e+02
1.800000e-07	-7.598671e-06	-4.670346e-09	-5.359921e+01	-2.765678e+02
1.900000e-07	-7.547483e-06	-4.627304e-09	-5.323814e+01	-2.756254e+02
2.000000e-07	-7.493079e-06	-4.631448e-09	-5.285439e+01	-2.747046e+02
2.100000e-07	-7.436007e-06	-4.635216e-09	-5.245182e+01	-2.738187e+02
2.200000e-07	-7.376285e-06	-4.611337e-09	-5.203055e+01	-2.729608e+02
2.300000e-07	-7.313919e-06	-4.600772e-09	-5.159064e+01	-2.721061e+02
2.400000e-07	-7.248832e-06	-4.554653e-09	-5.113153e+01	-2.712204e+02
2.500000e-07	-7.181017e-06	-4.557305e-09	-5.065318e+01	-2.702716e+02
2.600000e-07	-7.110637e-06	-4.542654e-09	-5.015673e+01	-2.692403e+02
2.700000e-07	-7.037586e-06	-4.510500e-09	-4.964145e+01	-2.681256e+02
2.800000e-07	-6.961718e-06	-4.509297e-09	-4.910630e+01	-2.669431e+02
2.900000e-07	-6.883051e-06	-4.495565e-09	-4.855140e+01	-2.657173e+02
3.000000e-07	-6.801712e-06	-4.467178e-09	-4.797765e+01	-2.644703e+02
3.100000e-07	-6.717992e-06	-4.421232e-09	-4.738711e+01	-2.632124e+02
3.200000e-07	-6.632103e-06	-4.413014e-09	-4.678127e+01	-2.619372e+02
3.300000e-07	-6.543932e-06	-4.393630e-09	-4.615933e+01	-2.606241e+02
3.400000e-07	-6.453356e-06	-4.371491e-09	-4.552043e+01	-2.592462e+02
3.500000e-07	-6.360523e-06	-4.361054e-09	-4.486561e+01	-2.577811e+02
3.600000e-07	-6.265486e-06	-4.327832e-09	-4.419524e+01	-2.562195e+02
3.700000e-07	-6.168061e-06	-4.302936e-09	-4.350803e+01	-2.545686e+02
3.800000e-07	-6.068330e-06	-4.266496e-09	-4.280455e+01	-2.528492e+02
3.900000e-07	-5.966455e-06	-4.228749e-09	-4.208594e+01	-2.510866e+02
4.000000e-07	-5.862458e-06	-4.192773e-09	-4.135238e+01	-2.493005e+02
4.100000e-07	-5.756203e-06	-4.177726e-09	-4.060288e+01	-2.474967e+02
4.200000e-07	-5.647892e-06	-4.161955e-09	-3.983888e+01	-2.456648e+02
4.300000e-07	-5.537682e-06	-4.124991e-09	-3.906148e+01	-2.437818e+02
4.400000e-07	-5.425447e-06	-4.087268e-09	-3.826981e+01	-2.418214e+02
4.500000e-07	-5.311040e-06	-4.052371e-09	-3.746281e+01	-2.397635e+02
4.600000e-07	-5.194406e-06	-4.013079e-09	-3.664010e+01	-2.376013e+02
4.700000e-07	-5.075776e-06	-3.964905e-09	-3.580331e+01	-2.353434e+02
4.800000e-07	-4.955379e-06	-3.928234e-09	-3.495406e+01	-2.330084e+02
4.900000e-07	-4.833166e-06	-3.900627e-09	-3.409200e+01	-2.306167e+02
5.000000e-07	-4.709168e-06	-3.870071e-09	-3.321735e+01	-2.281816e+02
5.100000e-07	-4.583560e-06	-3.823194e-09	-3.233133e+01	-2.257030e+02
5.200000e-07	-4.456345e-06	-3.773291e-09	-3.143399e+01	-2.231669e+02
5.300000e-07	-4.327603e-06	-3.725696e-09	-3.052588e+01	-2.205510e+02
5.400000e-07	-4.197164e-06	-3.681377e-09	-2.960579e+01	-2.178328e+02
5.500000e-07	-4.065098e-06	-3.630592e-09	-2.867423e+01	-2.149977e+02
5.600000e-07	-3.931640e-06	-3.577689e-09	-2.773285e+01	-2.120438e+02
5.700000e-07	-3.796693e-06	-3.535167e-09	-2.678097e+01	-2.089808e+02
5.800000e-07	-3.660411e-06	-3.488249e-09	-2.581966e+01	-2.058251e+02
5.900000e-07	-3.522973e-06	-3.428474e-09	-2.485021e+01	-2.025910e+02
6.000000e-07	-3.384123e-06	-3.363770e-09	-2.387079e+01	-1.992845e+02
6.100000e-07	-3.243660e-06	-3.307803e-09	-2.288000e+01	-1.959000e+02
6.200000e-07	-3.101976e-06	-3.253331e-09	-2.188059e+01	-1.924220e+02
6.300000e-07	-2.959266e-06	-3.194223e-09	-2.087395e+01	-1.888315e+02
6.400000e-07	-2.815325e-06	-3.131718e-09	-1.985863e+01	-1.851132e+02
6.500000e-07	-2.670108e-06	-3.069189e-09	-1.883431e+01	-1.812612e+02
6.600000e-07	-2.523889e-06	-3.002080e-09	-1.780291e+01	-1.772805e+02
6.700000e-07	-2.376897e-06	-2.926962e-09	-1.676606e+01	-1.731838e+02
6.800000e-07	-2.229101e-06	-2.851240e-09	-1.572354e+01	-1.689856e+02
6.900000e-07	-2.080598e-06	-2.780508e-09	-1.467604e+01	-1.646944e+02
7.000000e-07	-1.931481e-06	-2.711195e-09	-1.362420e+01	-1.603092e+02
7.100000e-07	-1.781758e-06	-2.637466e-09	-1.256809e+01	-1.558184e+02
7.200000e-07	-1.631336e-06	-2.559789e-09	-1.150705e+01	-1.512048e+02
7.300000e-07	-1.480256e-06	-2.478394e-09	-1.044137e+01	-1.464515e+02
7.400000e-07	-1.328743e-06	-2.396053e-09	-9.372637e+00	-1.415484e+02
7.500000e-07	-1.176875e-06	-2.310349e-09	-8.301393e+00	-1.364955e+02
7.600000e-07	-1.024632e-06	-2.220570e-09	-7.227511e+00	-1.313014e+02
7.700000e-07	-8.719041e-07	-2.131399e-09	-6.150203e+00	-1.259786e+02
7.800000e-07	-7.188099e-07	-2.045398e-09	-5.070313e+00	-1.205370e+02
7.900000e-07	-5.655503e-07	-1.954227e-09	-3.989257e+00	-1.149780e+02
8.000000e-07	-4.120884e-07	-1.854546e-09	-2.906773e+00	-1.092933e+02
8.100000e-07	-2.584087e-07	-1.754944e-09	-1.822753e+00	-1.034667e+02
8.200000e-07	-1.046511e-07	-1.654425e-09	-7.381838e-01	-9.748053e+01
8.300000e-07	4.911762e-08	-1.549508e-09	3.464640e-01	-9.132214e+01
8.400000e-07	2.029040e-07	-1.440438e-09	1.431236e+00	-8.498911e+01
8.500000e-07	3.565662e-07	-1.332234e-09	2.515133e+00	-7.849059e+01
8.600000e-07	5.100809e-07	-1.223263e-09	3.597989e+00	-7.184441e+01
8.700000e-07	6.634423e-07	-1.108971e-09	4.679763e+00	-6.507135e+01
8.800000e-07	8.165315e-07	-9.895184e-10	5.759618e+00	-5.818898e+01
8.900000e-07	9.692824e-07	-8.679660e-10	6.837086e+00	-5.120746e+01
9.000000e-07	1.121675e-06	-7.478495e-10	7.912025e+00	-4.412898e+01
9.100000e-07	1.273660e-06	-6.278855e-10	8.984090e+00	-3.695064e+01
9.200000e-07	1.425237e-06	-5.063629e-10	1.005328e+01	-2.966919e+01
9.300000e-07	1.576381e-06	-3.823413e-10	1.111941e+01	-2.228530e+01
9.400000e-07	1.726994e-06	-2.562147e-10	1.218180e+01	-1.480513e+01
9.500000e-07	1.876946e-06	-1.271835e-10	1.323953e+01	-7.238405e+00
9.600000e-07	2.026191e-06	4.461156e-12	1.429227e+01	4.062894e-01
9.700000e-07	2.174846e-06	1.347771e-10	1.534084e+01	8.127008e+00
9.800000e-07	2.322859e-06	2.626444e-10	1.638489e+01	1.593215e+01
9.900000e-07	2.469976e-06	3.924477e-10	1.742262e+01	2.384046e+01
1.000000e-06	2.616063e-06	5.281657e-10	1.845308e+01	3.187687e+01
1.010000e-06	2.761224e-06	6.665271e-10	1.947701e+01	4.006525e+01
1.020000e-06	2.905434e-06	8.061391e-10	2.049424e+01	4.842051e+01
1.030000e-06	3.048527e-06	9.509281e-10	2.150358e+01	5.694260e+01
1.040000e-06	3.190439e-06	1.099757e-09	2.250459e+01	6.561435e+01
1.050000e-06	3.331189e-06	1.249041e-09	2.349741e+01	7.440349e+01
1.060000e-06	3.470721e-06	1.397530e-09	2.448164e+01	8.326776e+01
1.070000e-06	3.608821e-06	1.547091e-09	2.545576e+01	9.216099e+01
1.080000e-06	3.745506e-06	1.697917e-09	2.641990e+01	1.010379e+02
1.090000e-06	3.880892e-06	1.846727e-09	2.737488e+01	1.098563e+02
1.100000e-06	4.014891e-06	1.991284e-09	2.832008e+01	1.185764e+02
1.110000e-06	4.147533e-06	2.133964e-09	2.925571e+01	1.271588e+02
1.120000e-06	4.278631e-06	2.276426e-09	3.018044e+01	1.355624e+02
1.130000e-06	4.408082e-06	2.416248e-09	3.109356e+01	1.437444e+02
1.140000e-06	4.536042e-06	2.550014e-09	3.199616e+01	1.516625e+02
1.150000e-06	4.662432e-06	2.677286e-09	3.288768e+01	1.592795e+02
1.160000e-06	4.787277e-06	2.799234e-09	3.376831e+01	1.665670e+02
1.170000e-06	4.910432e-06	2.914620e-09	3.463702e+01	1.735093e+02
1.180000e-06	5.031688e-06	3.022898e-09	3.549233e+01	1.801034e+02
1.190000e-06	5.151120e-06	3.128192e-09	3.633477e+01	1.863571e+02
1.200000e-06	5.268715e-06	3.231085e-09	3.716426e+01	1.922847e+02
1.210000e-06	5.384242e-06	3.326100e-09	3.797915e+01	1.979030e+02
1.220000e-06	5.497596e-06	3.415376e-09	3.877873e+01	2.032283e+02
1.230000e-06	5.608898e-06	3.501347e-09	3.956383e+01	2.082760e+02
1.240000e-06	5.718329e-06	3.583582e-09	4.033573e+01	2.130614e+02
1.250000e-06	5.825804e-06	3.660898e-09	4.109383e+01	2.176017e+02
1.260000e-06	5.931083e-06	3.735104e-09	4.183644e+01	2.219166e+02
1.270000e-06	6.034133e-06	3.807121e-09	4.256334e+01	2.260277e+02
1.280000e-06	6.135096e-06	3.875126e-09	4.327550e+01	2.299551e+02
1.290000e-06	6.233802e-06	3.938934e-09	4.397175e+01	2.337138e+02
1.300000e-06	6.330151e-06	3.999152e-09	4.465137e+01	2.373105e+02
1.310000e-06	6.424328e-06	4.056805e-09	4.531568e+01	2.407433e+02
1.320000e-06	6.516327e-06	4.111377e-09	4.596461e+01	2.440037e+02
1.330000e-06	6.606011e-06	4.163047e-09	4.659722e+01	2.470814e+02
1.340000e-06	6.693323e-06	4.212562e-09	4.721310e+01	2.499704e+02
1.350000e-06	6.778402e-06	4.260502e-09	4.781323e+01	2.526725e+02
1.360000e-06	6.861134e-06	4.306364e-09	4.839680e+01	2.551990e+02
1.370000e-06	6.941344e-06	4.348983e-09	4.896258e+01	2.575679e+02
1.380000e-06	7.019071e-06	4.388880e-09	4.951085e+01	2.597993e+02
1.390000e-06	7.094175e-06	4.425482e-09	5.004062e+01	2.619090e+02
1.400000e-06	7.166646e-06	4.458427e-09	5.055181e+01	2.639056e+02
1.410000e-06	7.236635e-06	4.490099e-09	5.104549e+01	2.657893e+02
1.420000e-06	7.304009e-06	4.520696e-09	5.152074e+01	2.675551e+02
1.430000e-06	7.368699e-06	4.549575e-09	5.197704e+01	2.691982e+02
1.440000e-06	7.430847e-06	4.576882e-09	5.241542e+01	2.707189e+02
1.450000e-06	7.490463e-06	4.601803e-09	5.283594e+01	2.721253e+02
1.460000e-06	7.547381e-06	4.622799e-09	5.323742e+01	2.734328e+02
1.470000e-06	7.601512e-06	4.642063e-09	5.361925e+01	2.746595e+02
1.480000e-06	7.652523e-06	4.661359e-09	5.397907e+01	2.758205e+02
1.490000e-06	7.700357e-06	4.678727e-09	5.431648e+01	2.769227e+02
1.500000e-06	7.745497e-06	4.694757e-09	5.463488e+01	2.779628e+02
1.510000e-06	7.787912e-06	4.711076e-09	5.493407e+01	2.789296e+02
1.520000e-06	7.827433e-06	4.727549e-09	5.521284e+01	2.798093e+02
1.530000e-06	7.864298e-06	4.742464e-09	5.547288e+01	2.805924e+02
1.540000e-06	7.898489e-06	4.754143e-09	5.571405e+01	2.812784e+02
1.550000e-06	7.929902e-06	4.763265e-09	5.593563e+01	2.818773e+02
1.560000e-06	7.958637e-06	4.771247e-09	5.613832e+01	2.824071e+02
1.570000e-06	7.984446e-06	4.778088e-09	5.632037e+01	2.828872e+02
1.580000e-06	8.007287e-06	4.784211e-09	5.648149e+01	2.833323e+02
1.590000e-06	8.027484e-06	4.789733e-09	5.662396e+01	2.837469e+02
1.600000e-06	8.044852e-06	4.795849e-09	5.674646e+01	2.841254e+02
1.610000e-06	8.059249e-06	4.801656e-09	5.684801e+01	2.844548e+02
1.620000e-06	8.070571e-06	4.806175e-09	5.692788e+01	2.847214e+02
1.630000e-06	8.078747e-06	4.810218e-09	5.698555e+01	2.849168e+02
1.640000e-06	8.084117e-06	4.811953e-09	5.702343e+01	2.850418e+02
1.650000e-06	8.086679e-06	4.811919e-09	5.704150e+01	2.851063e+02
1.660000e-06	8.086400e-06	4.811002e-09	5.703953e+01	2.851246e+02
1.670000e-06	8.083535e-06	4.813039e-09	5.701932e+01	2.851099e+02
1.680000e-06	8.078016e-06	4.812696e-09	5.698039e+01	2.850685e+02
1.690000e-06	8.069760e-06	4.810682e-09	5.692216e+01	2.849976e+02
1.700000e-06	8.058775e-06	4.809164e-09	5.684467e+01	2.848868e+02
1.710000e-06	8.044921e-06	4.807875e-09	5.674695e+01	2.847230e+02
1.720000e-06	8.028437e-06	4.800968e-09	5.663068e+01	2.844966e+02
1.730000e-06	8.009684e-06	4.784442e-09	5.649840e+01	2.842051e+02
1.740000e-06	7.988389e-06	4.791288e-09	5.634819e+01	2.838540e+02
1.750000e-06	7.963873e-06	4.825264e-09	5.617526e+01	2.834533e+02
1.760000e-06	7.935614e-06	4.811438e-09	5.597592e+01	2.830112e+02
1.770000e-06	7.903913e-06	4.773698e-09	5.575232e+01	2.825292e+02
1.780000e-06	7.869585e-06	4.754247e-09	5.551017e+01	2.819990e+02
1.790000e-06	7.832812e-06	4.734116e-09	5.525079e+01	2.814054e+02
1.800000e-06	7.793784e-06	4.718555e-09	5.497549e+01	2.807319e+02
1.810000e-06	7.752748e-06	4.762988e-09	5.468603e+01	2.799699e+02
1.820000e-06	7.709170e-06	4.707867e-09	5.437864e+01	2.791240e+02
1.830000e-06	7.662865e-06	4.677007e-09	5.405202e+01	2.782148e+02
1.840000e-06	7.613865e-06	4.707672e-09	5.370638e+01	2.772740e+02
1.850000e-06	7.561675e-06	4.639857e-09	5.333825e+01	2.763354e+02
1.860000e-06	7.506542e-06	4.655421e-09	5.294936e+01	2.754242e+02
1.870000e-06	7.448756e-06	4.587612e-09	5.254175e+01	2.745479e+02
1.880000e-06	7.388418e-06	4.599320e-09	5.211614e+01	2.736942e+02
1.890000e-06	7.325422e-06	4.638406e-09	5.167178e+01	2.728343e+02
1.900000e-06	7.259532e-06	4.557040e-09	5.120701e+01	2.719335e+02
1.910000e-06	7.191030e-06	4.586468e-09	5.072381e+01	2.709624e+02
1.920000e-06	7.119734e-06	4.536581e-09	5.022090e+01	2.699066e+02
1.930000e-06	7.045697e-06	4.517664e-09	4.969866e+01	2.687704e+02
1.940000e-06	6.968906e-06	4.497648e-09	4.915700e+01	2.675730e+02
1.950000e-06	6.889431e-06	4.457142e-09	4.859640e+01	2.663392e+02
1.960000e-06	6.807643e-06	4.489232e-09	4.801949e+01	2.650888e+02
1.970000e-06	6.723371e-06	4.440092e-09	4.742505e+01	2.638274e+02
1.980000e-06	6.636575e-06	4.449814e-09	4.681281e+01	2.625441e+02
1.990000e-06	6.547354e-06	4.390219e-09	4.618347e+01	2.612153e+02
2.000000e-06	6.455985e-06	4.354712e-09	4.553897e+01	2.598144e+02
2.010000e-06	6.362353e-06	4.344669e-09	4.487852e+01	2.583219e+02
2.020000e-06	6.266368e-06	4.296603e-09	4.420146e+01	2.567334e+02
2.030000e-06	6.168253e-06	4.298659e-09	4.350938e+01	2.550605e+02
2.040000e-06	6.067956e-06	4.262088e-09	4.280191e+01	2.533263e+02
2.050000e-06	5.965343e-06	4.259633e-09	4.207810e+01	2.515555e+02
2.060000e-06	5.860441e-06	4.205569e-09	4.133815e+01	2.497646e+02
2.070000e-06	5.753599e-06	4.163294e-09	4.058451e+01	2.479545e+02
2.080000e-06	5.644717e-06	4.127135e-09	3.981649e+01	2.461107e+02
2.090000e-06	5.533741e-06	4.099265e-09	3.903369e+01	2.442083e+02
2.100000e-06	5.420747e-06	4.074551e-09	3.823665e+01	2.422216e+02
2.110000e-06	5.305713e-06	4.042099e-09	3.742523e+01	2.401340e+02
2.120000e-06	5.188593e-06	4.014334e-09	3.659909e+01	2.379431e+02
2.130000e-06	5.069345e-06	3.971443e-09	3.575795e+01	2.356610e+02
2.140000e-06	4.948212e-06	3.927943e-09	3.490351e+01	2.333079e+02
2.150000e-06	4.825360e-06	3.868537e-09	3.403694e+01	2.309031e+02
2.160000e-06	4.700923e-06	3.836211e-09	3.315918e+01	2.284563e+02
2.170000e-06	4.574726e-06	3.796835e-09	3.226902e+01	2.259632e+02
2.180000e-06	4.446801e-06	3.767419e-09	3.136667e+01	2.234068e+02
2.190000e-06	4.317310e-06	3.717330e-09	3.045327e+01	2.207638e+02
2.200000e-06	4.186283e-06	3.675398e-09	2.952904e+01	2.180133e+02
2.210000e-06	4.053916e-06	3.623710e-09	2.859536e+01	2.151439e+02
2.220000e-06	3.919994e-06	3.564641e-09	2.765070e+01	2.121574e+02
2.230000e-06	3.784452e-06	3.511256e-09	2.669462e+01	2.090663e+02
2.240000e-06	3.647563e-06	3.460221e-09	2.572904e+01	2.058870e+02
2.250000e-06	3.509458e-06	3.419413e-09	2.475488e+01	2.026322e+02
2.260000e-06	3.370114e-06	3.359039e-09	2.377198e+01	1.993045e+02
2.270000e-06	3.229465e-06	3.300056e-09	2.277987e+01	1.958952e+02
2.280000e-06	3.087379e-06	3.235933e-09	2.177764e+01	1.923871e+02
2.290000e-06	2.944031e-06	3.176307e-09	2.076649e+01	1.887614e+02
2.300000e-06	2.799763e-06	3.110078e-09	1.974886e+01	1.850051e+02
2.310000e-06	2.654594e-06	3.043689e-09	1.872487e+01	1.811154e+02
2.320000e-06	2.508470e-06	2.981037e-09	1.769415e+01	1.771001e+02
2.330000e-06	2.361470e-06	2.919149e-09	1.665725e+01	1.729731e+02
2.340000e-06	2.213738e-06	2.848155e-09	1.561518e+01	1.687479e+02
2.350000e-06	2.065377e-06	2.771077e-09	1.456867e+01	1.644305e+02
2.360000e-06	1.916313e-06	2.693599e-09	1.351722e+01	1.600167e+02
2.370000e-06	1.766388e-06	2.618082e-09	1.245968e+01	1.554927e+02
2.380000e-06	1.615641e-06	2.538389e-09	1.139635e+01	1.508408e+02
2.390000e-06	1.464271e-06	2.457057e-09	1.032862e+01	1.460454e+02
2.400000e-06	1.312458e-06	2.377913e-09	9.257762e+00	1.410991e+02
2.410000e-06	1.160252e-06	2.293482e-09	8.184137e+00	1.360048e+02
2.420000e-06	1.007646e-06	2.203692e-09	7.107692e+00	1.307727e+02
2.430000e-06	8.547205e-07	2.107251e-09	6.028994e+00	1.254152e+02
2.440000e-06	7.015154e-07	2.012646e-09	4.948322e+00	1.199404e+02
2.450000e-06	5.480405e-07	1.919608e-09	3.865747e+00	1.143468e+02
2.460000e-06	3.944025e-07	1.827046e-09	2.782021e+00	1.086235e+02
2.470000e-06	2.405784e-07	1.727678e-09	1.696983e+00	1.027531e+02
2.480000e-06	8.661003e-08	1.625951e-09	6.109265e-01	9.671866e+01
2.490000e-06	-6.733836e-08	1.520515e-09	-4.749887e-01	9.051016e+01
2.500000e-06	-2.212129e-07	1.410977e-09	-1.560383e+00	8.412851e+01
2.510000e-06	-3.749375e-07	1.299497e-09	-2.644719e+00	7.758578e+01
2.520000e-06	-5.284756e-07	1.187290e-09	-3.727741e+00	7.090132e+01
2.530000e-06	-6.818627e-07	1.075693e-09	-4.809697e+00	6.409557e+01
2.540000e-06	-8.349802e-07	9.618613e-10	-5.889751e+00	5.718426e+01
2.550000e-06	-9.877191e-07	8.444998e-10	-6.967134e+00	5.017517e+01
2.560000e-06	-1.140088e-06	7.233062e-10	-8.041912e+00	4.306861e+01
2.570000e-06	-1.292063e-06	6.011639e-10	-9.113902e+00	3.586109e+01
2.580000e-06	-1.443670e-06	4.782484e-10	-1.018331e+01	2.855013e+01
2.590000e-06	-1.594844e-06	3.548713e-10	-1.124965e+01	2.113793e+01
2.600000e-06	-1.745375e-06	2.300686e-10	-1.231145e+01	1.363204e+01
2.610000e-06	-1.895035e-06	1.032496e-10	-1.336712e+01	6.042409e+00
2.620000e-06	-2.043856e-06	-2.696686e-11	-1.441687e+01	-1.623740e+00
2.630000e-06	-2.192001e-06	-1.609898e-10	-1.546185e+01	-9.367178e+00
2.640000e-06	-2.339482e-06	-2.963669e-10	-1.650215e+01	-1.719944e+01
2.650000e-06	-2.486176e-06	-4.304888e-10	-1.753689e+01	-2.514165e+01
2.660000e-06	-2.632033e-06	-5.642667e-10	-1.856573e+01	-3.321924e+01
2.670000e-06	-2.776958e-06	-7.006353e-10	-1.958800e+01	-4.145429e+01
2.680000e-06	-2.920974e-06	-8.415733e-10	-2.060385e+01	-4.985791e+01
2.690000e-06	-3.063960e-06	-9.843590e-10	-2.161244e+01	-5.842519e+01
2.700000e-06	-3.205512e-06	-1.131272e-09	-2.261091e+01	-6.713427e+01
2.710000e-06	-3.345691e-06	-1.283066e-09	-2.359971e+01	-7.594941e+01
2.720000e-06	-3.484681e-06	-1.434924e-09	-2.458011e+01	-8.482664e+01
2.730000e-06	-3.622422e-06	-1.582423e-09	-2.555170e+01	-9.371967e+01
2.740000e-06	-3.758869e-06	-1.727373e-09	-2.651416e+01	-1.025840e+02
2.750000e-06	-3.893998e-06	-1.874772e-09	-2.746733e+01	-1.113783e+02
2.760000e-06	-4.027574e-06	-2.022510e-09	-2.840954e+01	-1.200630e+02
2.770000e-06	-4.159644e-06	-2.168042e-09	-2.934114e+01	-1.285985e+02
2.780000e-06	-4.290318e-06	-2.310006e-09	-3.026288e+01	-1.369431e+02
2.790000e-06	-4.419489e-06	-2.447936e-09	-3.117402e+01	-1.450539e+02
2.800000e-06	-4.547184e-06	-2.579389e-09	-3.207475e+01	-1.528894e+02
2.810000e-06	-4.673166e-06	-2.703767e-09	-3.296339e+01	-1.604146e+02
2.820000e-06	-4.797388e-06	-2.824546e-09	-3.383963e+01	-1.676045e+02
2.830000e-06	-4.919990e-06	-2.940125e-09	-3.470443e+01	-1.744470e+02
2.840000e-06	-5.040860e-06	-3.050530e-09	-3.555702e+01	-1.809426e+02
2.850000e-06	-5.159824e-06	-3.156096e-09	-3.639617e+01	-1.871015e+02
2.860000e-06	-5.276710e-06	-3.254709e-09	-3.722065e+01	-1.929389e+02
2.870000e-06	-5.391452e-06	-3.347330e-09	-3.803001e+01	-1.984718e+02
2.880000e-06	-5.504005e-06	-3.433358e-09	-3.882394e+01	-2.037162e+02
2.890000e-06	-5.614441e-06	-3.514540e-09	-3.960293e+01	-2.086873e+02
2.900000e-06	-5.722902e-06	-3.592366e-09	-4.036798e+01	-2.134007e+02
2.910000e-06	-5.829431e-06	-3.666634e-09	-4.111941e+01	-2.178744e+02
2.920000e-06	-5.933965e-06	-3.737805e-09	-4.185677e+01	-2.221289e+02
2.930000e-06	-6.036252e-06	-3.805537e-09	-4.257828e+01	-2.261855e+02
2.940000e-06	-6.136251e-06	-3.871027e-09	-4.328365e+01	-2.300634e+02
2.950000e-06	-6.234155e-06	-3.933480e-09	-4.397424e+01	-2.337755e+02
2.960000e-06	-6.329999e-06	-3.991901e-09	-4.465030e+01	-2.373259e+02
2.970000e-06	-6.423579e-06	-4.046328e-09	-4.531039e+01	-2.407104e+02
2.980000e-06	-6.514785e-06	-4.098147e-09	-4.595374e+01	-2.439195e+02
2.990000e-06	-6.603764e-06	-4.148241e-09	-4.658137e+01	-2.469436e+02
3.000000e-06	-6.690419e-06	-4.196963e-09	-4.719262e+01	-2.497785e+02
3.010000e-06	-6.774608e-06	-4.242965e-09	-4.778647e+01	-2.524288e+02
3.020000e-06	-6.856420e-06	-4.282966e-09	-4.836355e+01	-2.549082e+02
3.030000e-06	-6.935853e-06	-4.319911e-09	-4.892385e+01	-2.572359e+02
3.040000e-06	-7.012607e-06	-4.354125e-09	-4.946526e+01	-2.594311e+02
3.050000e-06	-7.086601e-06	-4.385856e-09	-4.998719e+01	-2.615079e+02
3.060000e-06	-7.158042e-06	-4.417094e-09	-5.049112e+01	-2.634725e+02
3.070000e-06	-7.226875e-06	-4.448137e-09	-5.097665e+01	-2.653231e+02
3.080000e-06	-7.293137e-06	-4.477238e-09	-5.144405e+01	-2.670541e+02
3.090000e-06	-7.356967e-06	-4.503903e-09	-5.189429e+01	-2.686618e+02
3.100000e-06	-7.418201e-06	-4.527941e-09	-5.232622e+01	-2.701486e+02
3.110000e-06	-7.476734e-06	-4.551458e-09	-5.273910e+01	-2.715249e+02
3.120000e-06	-7.532547e-06	-4.576125e-09	-5.313278e+01	-2.728074e+02
3.130000e-06	-7.585447e-06	-4.597471e-09	-5.350593e+01	-2.740141e+02
3.140000e-06	-7.635364e-06	-4.618087e-09	-5.385803e+01	-2.751580e+02
3.150000e-06	-7.682246e-06	-4.638319e-09	-5.418873e+01	-2.762431e+02
3.160000e-06	-7.726399e-06	-4.655560e-09	-5.450017e+01	-2.772635e+02
3.170000e-06	-7.768160e-06	-4.668058e-09	-5.479475e+01	-2.782067e+02
3.180000e-06	-7.807253e-06	-4.679859e-09	-5.507049e+01	-2.790595e+02
3.190000e-06	-7.843547e-06	-4.694025e-09	-5.532651e+01	-2.798143e+02
3.200000e-06	-7.877115e-06	-4.708353e-09	-5.556329e+01	-2.804739e+02
3.210000e-06	-7.907804e-06	-4.718285e-09	-5.577976e+01	-2.810510e+02
3.220000e-06	-7.935584e-06	-4.726524e-09	-5.597571e+01	-2.815647e+02
3.230000e-06	-7.960627e-06	-4.738898e-09	-5.615236e+01	-2.820336e+02
3.240000e-06	-7.982816e-06	-4.749999e-09	-5.630888e+01	-2.824699e+02
3.250000e-06	-8.002167e-06	-4.756840e-09	-5.644538e+01	-2.828752e+02
3.260000e-06	-8.018778e-06	-4.760748e-09	-5.656255e+01	-2.832411e+02
3.270000e-06	-8.032269e-06	-4.765962e-09	-5.665770e+01	-2.835537e+02
3.280000e-06	-8.042634e-06	-4.770901e-09	-5.673082e+01	-2.838004e+02
3.290000e-06	-8.050183e-06	-4.771866e-09	-5.678406e+01	-2.839751e+02
3.300000e-06	-8.054893e-06	-4.772470e-09	-5.681729e+01	-2.840815e+02
3.310000e-06	-8.056800e-06	-4.778336e-09	-5.683074e+01	-2.841312e+02
