# Temperatura_=_38.25
# Concentracion g/m^3_=_11000.0
# C_Vs_to_Am_M_A/Vsm_=_59384043850.047264
# pendiente_HvsI_1/m_=_3716.3
# ordenada_HvsI_A/m_=_1297.0
# frecuencia_Hz_=_301732.38248386874

Tiempo_(s)	Campo_(V.s)	Magnetizacion_(V.s)	Campo_(kA/m)	Magnetizacion_(A/m)
0.000000e+00	-8.120589e-06	-5.173124e-09	-5.682926e+01	-3.067466e+02
1.000000e-08	-8.118419e-06	-5.172984e-09	-5.681407e+01	-3.067603e+02
2.000000e-08	-8.113490e-06	-5.170377e-09	-5.677957e+01	-3.066919e+02
3.000000e-08	-8.106057e-06	-5.166908e-09	-5.672755e+01	-3.065437e+02
4.000000e-08	-8.095811e-06	-5.159757e-09	-5.665585e+01	-3.063286e+02
5.000000e-08	-8.082587e-06	-5.149962e-09	-5.656331e+01	-3.060648e+02
6.000000e-08	-8.066394e-06	-5.144016e-09	-5.644999e+01	-3.057690e+02
7.000000e-08	-8.047516e-06	-5.144506e-09	-5.631788e+01	-3.054500e+02
8.000000e-08	-8.026276e-06	-5.150034e-09	-5.616923e+01	-3.051057e+02
9.000000e-08	-8.002220e-06	-5.124993e-09	-5.600088e+01	-3.047234e+02
1.000000e-07	-7.974792e-06	-5.095221e-09	-5.580894e+01	-3.042836e+02
1.100000e-07	-7.944192e-06	-5.098925e-09	-5.559479e+01	-3.037667e+02
1.200000e-07	-7.910780e-06	-5.104648e-09	-5.536098e+01	-3.031583e+02
1.300000e-07	-7.874728e-06	-5.090466e-09	-5.510868e+01	-3.024535e+02
1.400000e-07	-7.836360e-06	-5.075348e-09	-5.484017e+01	-3.016583e+02
1.500000e-07	-7.795756e-06	-5.089428e-09	-5.455602e+01	-3.007872e+02
1.600000e-07	-7.752564e-06	-5.059927e-09	-5.425375e+01	-2.998597e+02
1.700000e-07	-7.706499e-06	-5.026601e-09	-5.393138e+01	-2.988950e+02
1.800000e-07	-7.657753e-06	-5.028953e-09	-5.359025e+01	-2.979079e+02
1.900000e-07	-7.605960e-06	-4.989490e-09	-5.322779e+01	-2.969065e+02
2.000000e-07	-7.551070e-06	-4.989072e-09	-5.284366e+01	-2.958909e+02
2.100000e-07	-7.493519e-06	-4.985963e-09	-5.244091e+01	-2.948549e+02
2.200000e-07	-7.433253e-06	-4.959950e-09	-5.201916e+01	-2.937887e+02
2.300000e-07	-7.370389e-06	-4.944625e-09	-5.157923e+01	-2.926819e+02
2.400000e-07	-7.304849e-06	-4.904604e-09	-5.112056e+01	-2.915267e+02
2.500000e-07	-7.236513e-06	-4.901632e-09	-5.064234e+01	-2.903196e+02
2.600000e-07	-7.165492e-06	-4.868436e-09	-5.014532e+01	-2.890618e+02
2.700000e-07	-7.091712e-06	-4.838001e-09	-4.962900e+01	-2.877581e+02
2.800000e-07	-7.015156e-06	-4.840412e-09	-4.909325e+01	-2.864139e+02
2.900000e-07	-6.935817e-06	-4.825817e-09	-4.853802e+01	-2.850326e+02
3.000000e-07	-6.853816e-06	-4.793120e-09	-4.796416e+01	-2.836130e+02
3.100000e-07	-6.769517e-06	-4.747194e-09	-4.737422e+01	-2.821480e+02
3.200000e-07	-6.683011e-06	-4.737855e-09	-4.676884e+01	-2.806260e+02
3.300000e-07	-6.594134e-06	-4.706724e-09	-4.614686e+01	-2.790340e+02
3.400000e-07	-6.502842e-06	-4.675924e-09	-4.550799e+01	-2.773613e+02
3.500000e-07	-6.409266e-06	-4.656448e-09	-4.485312e+01	-2.756033e+02
3.600000e-07	-6.313382e-06	-4.626695e-09	-4.418212e+01	-2.737638e+02
3.700000e-07	-6.215107e-06	-4.600028e-09	-4.349437e+01	-2.718533e+02
3.800000e-07	-6.114535e-06	-4.557739e-09	-4.279055e+01	-2.698863e+02
3.900000e-07	-6.011838e-06	-4.519165e-09	-4.207186e+01	-2.678751e+02
4.000000e-07	-5.906963e-06	-4.477391e-09	-4.133793e+01	-2.658252e+02
4.100000e-07	-5.799851e-06	-4.454035e-09	-4.058834e+01	-2.637321e+02
4.200000e-07	-5.690703e-06	-4.424403e-09	-3.982450e+01	-2.615826e+02
4.300000e-07	-5.579573e-06	-4.383940e-09	-3.904680e+01	-2.593585e+02
4.400000e-07	-5.466305e-06	-4.344904e-09	-3.825412e+01	-2.570436e+02
4.500000e-07	-5.350815e-06	-4.305580e-09	-3.744591e+01	-2.546296e+02
4.600000e-07	-5.233230e-06	-4.262135e-09	-3.662303e+01	-2.521196e+02
4.700000e-07	-5.113712e-06	-4.209381e-09	-3.578662e+01	-2.495271e+02
4.800000e-07	-4.992310e-06	-4.163902e-09	-3.493703e+01	-2.468708e+02
4.900000e-07	-4.869064e-06	-4.120888e-09	-3.407453e+01	-2.441668e+02
5.000000e-07	-4.744089e-06	-4.080627e-09	-3.319994e+01	-2.414207e+02
5.100000e-07	-4.617459e-06	-4.032896e-09	-3.231375e+01	-2.386244e+02
5.200000e-07	-4.489182e-06	-3.982470e-09	-3.141606e+01	-2.357570e+02
5.300000e-07	-4.359257e-06	-3.929165e-09	-3.050682e+01	-2.327913e+02
5.400000e-07	-4.227741e-06	-3.879623e-09	-2.958645e+01	-2.297033e+02
5.500000e-07	-4.094722e-06	-3.824806e-09	-2.865556e+01	-2.264807e+02
5.600000e-07	-3.960261e-06	-3.765209e-09	-2.771458e+01	-2.231270e+02
5.700000e-07	-3.824256e-06	-3.709905e-09	-2.676279e+01	-2.196602e+02
5.800000e-07	-3.686799e-06	-3.653924e-09	-2.580084e+01	-2.161045e+02
5.900000e-07	-3.548052e-06	-3.592200e-09	-2.482987e+01	-2.124801e+02
6.000000e-07	-3.407899e-06	-3.522322e-09	-2.384905e+01	-2.087938e+02
6.100000e-07	-3.266207e-06	-3.455055e-09	-2.285746e+01	-2.050340e+02
6.200000e-07	-3.123172e-06	-3.390874e-09	-2.185649e+01	-2.011738e+02
6.300000e-07	-2.979102e-06	-3.325080e-09	-2.084826e+01	-1.971799e+02
6.400000e-07	-2.833942e-06	-3.255021e-09	-1.983241e+01	-1.930247e+02
6.500000e-07	-2.687695e-06	-3.183826e-09	-1.880895e+01	-1.886969e+02
6.600000e-07	-2.540537e-06	-3.110133e-09	-1.777911e+01	-1.842063e+02
6.700000e-07	-2.392582e-06	-3.031437e-09	-1.674370e+01	-1.795802e+02
6.800000e-07	-2.243867e-06	-2.948391e-09	-1.570296e+01	-1.748529e+02
6.900000e-07	-2.094356e-06	-2.864359e-09	-1.465666e+01	-1.700525e+02
7.000000e-07	-1.944066e-06	-2.783880e-09	-1.360490e+01	-1.651890e+02
7.100000e-07	-1.793089e-06	-2.704369e-09	-1.254834e+01	-1.602489e+02
7.200000e-07	-1.641460e-06	-2.619919e-09	-1.148722e+01	-1.551995e+02
7.300000e-07	-1.489211e-06	-2.528286e-09	-1.042175e+01	-1.499997e+02
7.400000e-07	-1.336440e-06	-2.436023e-09	-9.352630e+00	-1.446150e+02
7.500000e-07	-1.183199e-06	-2.342925e-09	-8.280223e+00	-1.390295e+02
7.600000e-07	-1.029513e-06	-2.243581e-09	-7.204704e+00	-1.332512e+02
7.700000e-07	-8.753780e-07	-2.143850e-09	-6.126043e+00	-1.273080e+02
7.800000e-07	-7.208853e-07	-2.047907e-09	-5.044877e+00	-1.212357e+02
7.900000e-07	-5.661758e-07	-1.948318e-09	-3.962194e+00	-1.150630e+02
8.000000e-07	-4.112837e-07	-1.836367e-09	-2.878233e+00	-1.087992e+02
8.100000e-07	-2.562724e-07	-1.721577e-09	-1.793437e+00	-1.024296e+02
8.200000e-07	-1.011717e-07	-1.610114e-09	-7.080164e-01	-9.592016e+01
8.300000e-07	5.401312e-08	-1.498387e-09	3.779929e-01	-8.923051e+01
8.400000e-07	2.091966e-07	-1.383205e-09	1.463993e+00	-8.232959e+01
8.500000e-07	3.642359e-07	-1.264610e-09	2.548984e+00	-7.520846e+01
8.600000e-07	5.190945e-07	-1.147595e-09	3.632711e+00	-6.788508e+01
8.700000e-07	6.737846e-07	-1.026365e-09	4.715259e+00	-6.039933e+01
8.800000e-07	8.282208e-07	-8.935782e-10	5.796029e+00	-5.280014e+01
8.900000e-07	9.823488e-07	-7.560273e-10	6.874643e+00	-4.512980e+01
9.000000e-07	1.136099e-06	-6.241773e-10	7.950615e+00	-3.741115e+01
9.100000e-07	1.289460e-06	-4.963581e-10	9.023857e+00	-2.964252e+01
9.200000e-07	1.442419e-06	-3.663679e-10	1.009429e+01	-2.180187e+01
9.300000e-07	1.594870e-06	-2.317569e-10	1.116117e+01	-1.385797e+01
9.400000e-07	1.746710e-06	-9.905422e-11	1.222377e+01	-5.783751e+00
9.500000e-07	1.897849e-06	3.500527e-11	1.328147e+01	2.433573e+00
9.600000e-07	2.048256e-06	1.787083e-10	1.433404e+01	1.078971e+01
9.700000e-07	2.197892e-06	3.280410e-10	1.538122e+01	1.926857e+01
9.800000e-07	2.346781e-06	4.724256e-10	1.642317e+01	2.785288e+01
9.900000e-07	2.494904e-06	6.132525e-10	1.745976e+01	3.653526e+01
1.000000e-06	2.642112e-06	7.625742e-10	1.848994e+01	4.532443e+01
1.010000e-06	2.788325e-06	9.155279e-10	1.951317e+01	5.424326e+01
1.020000e-06	2.933628e-06	1.067285e-09	2.053002e+01	6.331895e+01
1.030000e-06	3.077933e-06	1.219085e-09	2.153990e+01	7.256869e+01
1.040000e-06	3.220983e-06	1.380240e-09	2.254098e+01	8.198633e+01
1.050000e-06	3.362796e-06	1.545719e-09	2.353342e+01	9.153543e+01
1.060000e-06	3.503364e-06	1.708337e-09	2.451713e+01	1.011516e+02
1.070000e-06	3.642574e-06	1.868134e-09	2.549134e+01	1.107533e+02
1.080000e-06	3.780411e-06	2.029411e-09	2.645595e+01	1.202582e+02
1.090000e-06	3.916835e-06	2.191406e-09	2.741067e+01	1.295975e+02
1.100000e-06	4.051806e-06	2.344070e-09	2.835522e+01	1.387246e+02
1.110000e-06	4.185326e-06	2.490038e-09	2.928962e+01	1.476154e+02
1.120000e-06	4.317361e-06	2.634218e-09	3.021362e+01	1.562594e+02
1.130000e-06	4.447830e-06	2.777582e-09	3.112667e+01	1.646481e+02
1.140000e-06	4.576705e-06	2.913550e-09	3.202856e+01	1.727638e+02
1.150000e-06	4.703950e-06	3.039986e-09	3.291904e+01	1.805758e+02
1.160000e-06	4.829557e-06	3.165774e-09	3.379805e+01	1.880437e+02
1.170000e-06	4.953460e-06	3.289468e-09	3.466515e+01	1.951285e+02
1.180000e-06	5.075639e-06	3.401932e-09	3.552018e+01	2.018056e+02
1.190000e-06	5.195929e-06	3.506011e-09	3.636199e+01	2.080747e+02
1.200000e-06	5.314288e-06	3.605485e-09	3.719029e+01	2.139625e+02
1.210000e-06	5.430726e-06	3.701115e-09	3.800514e+01	2.195161e+02
1.220000e-06	5.545086e-06	3.789335e-09	3.880545e+01	2.247905e+02
1.230000e-06	5.657242e-06	3.871171e-09	3.959034e+01	2.298328e+02
1.240000e-06	5.767341e-06	3.951998e-09	4.036083e+01	2.346717e+02
1.250000e-06	5.875473e-06	4.033085e-09	4.111755e+01	2.393127e+02
1.260000e-06	5.981510e-06	4.110991e-09	4.185961e+01	2.437438e+02
1.270000e-06	6.085378e-06	4.181783e-09	4.258650e+01	2.479466e+02
1.280000e-06	6.187029e-06	4.247998e-09	4.329788e+01	2.519091e+02
1.290000e-06	6.286458e-06	4.311532e-09	4.399369e+01	2.556353e+02
1.300000e-06	6.383544e-06	4.370628e-09	4.467312e+01	2.591472e+02
1.310000e-06	6.478386e-06	4.425785e-09	4.533684e+01	2.624787e+02
1.320000e-06	6.571045e-06	4.479654e-09	4.598528e+01	2.656647e+02
1.330000e-06	6.661401e-06	4.534541e-09	4.661761e+01	2.687289e+02
1.340000e-06	6.749363e-06	4.587435e-09	4.723318e+01	2.716766e+02
1.350000e-06	6.835015e-06	4.633631e-09	4.783259e+01	2.744943e+02
1.360000e-06	6.918358e-06	4.675761e-09	4.841584e+01	2.771569e+02
1.370000e-06	6.999138e-06	4.717736e-09	4.898115e+01	2.796399e+02
1.380000e-06	7.077365e-06	4.758691e-09	4.952860e+01	2.819305e+02
1.390000e-06	7.153048e-06	4.794570e-09	5.005824e+01	2.840351e+02
1.400000e-06	7.226008e-06	4.825468e-09	5.056882e+01	2.859783e+02
1.410000e-06	7.296405e-06	4.856572e-09	5.106148e+01	2.877955e+02
1.420000e-06	7.364217e-06	4.889441e-09	5.153604e+01	2.895213e+02
1.430000e-06	7.429277e-06	4.919617e-09	5.199133e+01	2.911788e+02
1.440000e-06	7.491781e-06	4.945433e-09	5.242875e+01	2.927730e+02
1.450000e-06	7.551762e-06	4.970464e-09	5.284851e+01	2.942925e+02
1.460000e-06	7.609025e-06	4.994047e-09	5.324924e+01	2.957161e+02
1.470000e-06	7.663450e-06	5.015021e-09	5.363012e+01	2.970244e+02
1.480000e-06	7.714750e-06	5.033535e-09	5.398912e+01	2.982085e+02
1.490000e-06	7.762883e-06	5.051180e-09	5.432596e+01	2.992758e+02
1.500000e-06	7.808271e-06	5.069016e-09	5.464360e+01	3.002472e+02
1.510000e-06	7.850927e-06	5.084933e-09	5.494211e+01	3.011506e+02
1.520000e-06	7.890740e-06	5.098550e-09	5.522073e+01	3.020101e+02
1.530000e-06	7.927844e-06	5.112283e-09	5.548039e+01	3.028379e+02
1.540000e-06	7.962154e-06	5.126507e-09	5.572050e+01	3.036303e+02
1.550000e-06	7.993645e-06	5.138285e-09	5.594087e+01	3.043706e+02
1.560000e-06	8.022481e-06	5.146312e-09	5.614268e+01	3.050363e+02
1.570000e-06	8.048445e-06	5.154010e-09	5.632438e+01	3.056085e+02
1.580000e-06	8.071456e-06	5.163433e-09	5.648541e+01	3.060799e+02
1.590000e-06	8.091789e-06	5.169057e-09	5.662771e+01	3.064575e+02
1.600000e-06	8.109197e-06	5.170635e-09	5.674953e+01	3.067603e+02
1.610000e-06	8.123581e-06	5.173212e-09	5.685019e+01	3.070119e+02
1.620000e-06	8.134891e-06	5.177577e-09	5.692934e+01	3.072320e+02
1.630000e-06	8.143084e-06	5.182044e-09	5.698667e+01	3.074295e+02
1.640000e-06	8.148449e-06	5.182863e-09	5.702422e+01	3.076001e+02
1.650000e-06	8.150918e-06	5.183422e-09	5.704150e+01	3.077288e+02
1.660000e-06	8.150543e-06	5.187051e-09	5.703888e+01	3.077964e+02
1.670000e-06	8.147583e-06	5.192445e-09	5.701816e+01	3.077873e+02
1.680000e-06	8.141906e-06	5.190051e-09	5.697843e+01	3.076956e+02
1.690000e-06	8.133486e-06	5.183734e-09	5.691951e+01	3.075269e+02
1.700000e-06	8.122338e-06	5.180835e-09	5.684149e+01	3.072962e+02
1.710000e-06	8.108237e-06	5.177808e-09	5.674281e+01	3.070220e+02
1.720000e-06	8.091496e-06	5.167786e-09	5.662565e+01	3.067193e+02
1.730000e-06	8.072539e-06	5.150765e-09	5.649299e+01	3.063941e+02
1.740000e-06	8.050984e-06	5.170078e-09	5.634214e+01	3.060408e+02
1.750000e-06	8.026104e-06	5.199679e-09	5.616803e+01	3.056444e+02
1.760000e-06	7.997478e-06	5.176573e-09	5.596770e+01	3.051848e+02
1.770000e-06	7.965458e-06	5.143175e-09	5.574362e+01	3.046431e+02
1.780000e-06	7.930785e-06	5.132209e-09	5.550098e+01	3.040074e+02
1.790000e-06	7.893571e-06	5.108664e-09	5.524054e+01	3.032760e+02
1.800000e-06	7.854098e-06	5.069269e-09	5.496430e+01	3.024575e+02
1.810000e-06	7.812688e-06	5.119051e-09	5.467451e+01	3.015685e+02
1.820000e-06	7.768698e-06	5.067450e-09	5.436666e+01	3.006287e+02
1.830000e-06	7.721909e-06	5.031853e-09	5.403923e+01	2.996566e+02
1.840000e-06	7.672351e-06	5.070327e-09	5.369240e+01	2.986652e+02
1.850000e-06	7.619541e-06	4.995605e-09	5.332284e+01	2.976603e+02
1.860000e-06	7.563831e-06	5.005410e-09	5.293297e+01	2.966399e+02
1.870000e-06	7.505496e-06	4.944441e-09	5.252473e+01	2.955966e+02
1.880000e-06	7.444436e-06	4.943643e-09	5.209742e+01	2.945201e+02
1.890000e-06	7.380749e-06	4.961940e-09	5.165173e+01	2.934003e+02
1.900000e-06	7.314369e-06	4.890713e-09	5.118719e+01	2.922307e+02
1.910000e-06	7.245268e-06	4.926106e-09	5.070361e+01	2.910091e+02
1.920000e-06	7.173274e-06	4.875444e-09	5.019978e+01	2.897378e+02
1.930000e-06	7.098564e-06	4.851614e-09	4.967695e+01	2.884223e+02
1.940000e-06	7.021067e-06	4.815024e-09	4.913461e+01	2.870675e+02
1.950000e-06	6.940868e-06	4.781395e-09	4.857337e+01	2.856759e+02
1.960000e-06	6.858386e-06	4.797814e-09	4.799615e+01	2.842445e+02
1.970000e-06	6.773370e-06	4.738668e-09	4.740119e+01	2.827648e+02
1.980000e-06	6.685795e-06	4.750181e-09	4.678832e+01	2.812244e+02
1.990000e-06	6.595874e-06	4.696748e-09	4.615904e+01	2.796104e+02
2.000000e-06	6.503744e-06	4.668907e-09	4.551430e+01	2.779137e+02
2.010000e-06	6.409271e-06	4.634451e-09	4.485316e+01	2.761319e+02
2.020000e-06	6.312464e-06	4.588187e-09	4.417569e+01	2.742710e+02
2.030000e-06	6.213489e-06	4.578593e-09	4.348305e+01	2.723432e+02
2.040000e-06	6.112217e-06	4.536194e-09	4.277432e+01	2.703628e+02
2.050000e-06	6.008682e-06	4.526700e-09	4.204977e+01	2.683406e+02
2.060000e-06	5.902998e-06	4.470150e-09	4.131018e+01	2.662794e+02
2.070000e-06	5.795301e-06	4.438492e-09	4.055650e+01	2.641721e+02
2.080000e-06	5.685510e-06	4.391437e-09	3.978816e+01	2.620035e+02
2.090000e-06	5.573604e-06	4.354864e-09	3.900502e+01	2.597551e+02
2.100000e-06	5.459604e-06	4.319611e-09	3.820723e+01	2.574125e+02
2.110000e-06	5.343476e-06	4.280649e-09	3.739455e+01	2.549705e+02
2.120000e-06	5.225264e-06	4.247990e-09	3.656728e+01	2.524354e+02
2.130000e-06	5.105005e-06	4.201247e-09	3.572569e+01	2.498230e+02
2.140000e-06	4.982907e-06	4.157397e-09	3.487123e+01	2.471520e+02
2.150000e-06	4.859058e-06	4.100725e-09	3.400451e+01	2.444361e+02
2.160000e-06	4.733465e-06	4.058844e-09	3.312559e+01	2.416774e+02
2.170000e-06	4.606152e-06	4.012354e-09	3.223463e+01	2.388636e+02
2.180000e-06	4.477231e-06	3.970512e-09	3.133242e+01	2.359712e+02
2.190000e-06	4.346757e-06	3.918639e-09	3.041934e+01	2.329728e+02
2.200000e-06	4.214725e-06	3.870738e-09	2.949536e+01	2.298472e+02
2.210000e-06	4.081173e-06	3.812317e-09	2.856074e+01	2.265863e+02
2.220000e-06	3.946141e-06	3.751469e-09	2.761576e+01	2.231983e+02
2.230000e-06	3.809602e-06	3.691816e-09	2.666024e+01	2.197038e+02
2.240000e-06	3.671629e-06	3.632393e-09	2.569468e+01	2.161271e+02
2.250000e-06	3.532306e-06	3.577759e-09	2.471967e+01	2.124854e+02
2.260000e-06	3.391662e-06	3.514026e-09	2.373542e+01	2.087803e+02
2.270000e-06	3.249737e-06	3.453562e-09	2.274221e+01	2.049953e+02
2.280000e-06	3.106526e-06	3.388278e-09	2.173999e+01	2.011005e+02
2.290000e-06	2.962186e-06	3.322289e-09	2.072988e+01	1.970630e+02
2.300000e-06	2.816809e-06	3.248851e-09	1.971251e+01	1.928590e+02
2.310000e-06	2.670522e-06	3.170287e-09	1.868876e+01	1.884831e+02
2.320000e-06	2.523328e-06	3.093578e-09	1.765868e+01	1.839506e+02
2.330000e-06	2.375210e-06	3.015912e-09	1.662212e+01	1.792923e+02
2.340000e-06	2.226264e-06	2.940000e-09	1.557977e+01	1.745422e+02
2.350000e-06	2.076480e-06	2.860164e-09	1.453156e+01	1.697240e+02
2.360000e-06	1.925909e-06	2.779894e-09	1.347783e+01	1.648412e+02
2.370000e-06	1.774690e-06	2.697513e-09	1.241958e+01	1.598740e+02
2.380000e-06	1.622920e-06	2.609403e-09	1.135747e+01	1.547861e+02
2.390000e-06	1.470611e-06	2.520264e-09	1.029159e+01	1.495366e+02
2.400000e-06	1.317805e-06	2.427558e-09	9.222218e+00	1.440953e+02
2.410000e-06	1.164535e-06	2.334034e-09	8.149612e+00	1.384532e+02
2.420000e-06	1.010810e-06	2.235661e-09	7.073818e+00	1.326246e+02
2.430000e-06	8.567090e-07	2.132448e-09	5.995395e+00	1.266411e+02
2.440000e-06	7.023526e-07	2.028177e-09	4.915182e+00	1.205381e+02
2.450000e-06	5.477581e-07	1.925349e-09	3.833304e+00	1.143397e+02
2.460000e-06	3.929597e-07	1.822919e-09	2.749999e+00	1.080484e+02
2.470000e-06	2.380165e-07	1.715610e-09	1.665679e+00	1.016431e+02
2.480000e-06	8.298982e-08	1.604844e-09	5.807768e-01	9.508644e+01
2.490000e-06	-7.209979e-08	1.489585e-09	-5.045665e-01	8.833905e+01
2.500000e-06	-2.271818e-07	1.369913e-09	-1.589857e+00	8.137520e+01
2.510000e-06	-3.821286e-07	1.246568e-09	-2.674200e+00	7.419356e+01
2.520000e-06	-5.369159e-07	1.120175e-09	-3.757428e+00	6.681928e+01
2.530000e-06	-6.914270e-07	9.953522e-10	-4.838723e+00	5.929636e+01
2.540000e-06	-8.456441e-07	8.701584e-10	-5.917960e+00	5.167344e+01
2.550000e-06	-9.995479e-07	7.435478e-10	-6.995005e+00	4.398826e+01
2.560000e-06	-1.153049e-06	6.124113e-10	-8.069231e+00	3.625678e+01
2.570000e-06	-1.306099e-06	4.779891e-10	-9.140302e+00	2.847072e+01
2.580000e-06	-1.458706e-06	3.444843e-10	-1.020827e+01	2.060406e+01
2.590000e-06	-1.610847e-06	2.095870e-10	-1.127298e+01	1.262544e+01
2.600000e-06	-1.762412e-06	7.414106e-11	-1.233365e+01	4.511111e+00
2.610000e-06	-1.913344e-06	-6.438169e-11	-1.338991e+01	-3.746748e+00
2.620000e-06	-2.063505e-06	-2.055957e-10	-1.444076e+01	-1.213963e+01
2.630000e-06	-2.212863e-06	-3.500799e-10	-1.548599e+01	-2.064988e+01
2.640000e-06	-2.361484e-06	-4.981045e-10	-1.652606e+01	-2.926208e+01
2.650000e-06	-2.509310e-06	-6.461243e-10	-1.756058e+01	-3.797311e+01
2.660000e-06	-2.656186e-06	-7.943911e-10	-1.858844e+01	-4.679632e+01
2.670000e-06	-2.802063e-06	-9.431942e-10	-1.960931e+01	-5.575710e+01
2.680000e-06	-2.946944e-06	-1.095266e-09	-2.062321e+01	-6.488133e+01
2.690000e-06	-3.090782e-06	-1.249946e-09	-2.162982e+01	-7.418070e+01
2.700000e-06	-3.233476e-06	-1.408553e-09	-2.262841e+01	-8.364073e+01
2.710000e-06	-3.374928e-06	-1.573187e-09	-2.361832e+01	-9.321633e+01
2.720000e-06	-3.515132e-06	-1.737419e-09	-2.459949e+01	-1.028368e+02
2.730000e-06	-3.653913e-06	-1.897019e-09	-2.557070e+01	-1.124187e+02
2.740000e-06	-3.791284e-06	-2.052502e-09	-2.653205e+01	-1.218821e+02
2.750000e-06	-3.927303e-06	-2.206643e-09	-2.748393e+01	-1.311642e+02
2.760000e-06	-4.061888e-06	-2.359573e-09	-2.842578e+01	-1.402252e+02
2.770000e-06	-4.195061e-06	-2.509132e-09	-2.935775e+01	-1.490460e+02
2.780000e-06	-4.326718e-06	-2.656075e-09	-3.027910e+01	-1.576180e+02
2.790000e-06	-4.456765e-06	-2.800536e-09	-3.118919e+01	-1.659308e+02
2.800000e-06	-4.585246e-06	-2.936127e-09	-3.208833e+01	-1.739632e+02
2.810000e-06	-4.712132e-06	-3.062350e-09	-3.297630e+01	-1.816809e+02
2.820000e-06	-4.837389e-06	-3.185544e-09	-3.385286e+01	-1.890427e+02
2.830000e-06	-4.960952e-06	-3.303299e-09	-3.471758e+01	-1.960123e+02
2.840000e-06	-5.082736e-06	-3.412637e-09	-3.556985e+01	-2.025715e+02
2.850000e-06	-5.202691e-06	-3.515027e-09	-3.640931e+01	-2.087276e+02
2.860000e-06	-5.320662e-06	-3.614525e-09	-3.723489e+01	-2.145142e+02
2.870000e-06	-5.436433e-06	-3.710262e-09	-3.804507e+01	-2.199823e+02
2.880000e-06	-5.549961e-06	-3.796666e-09	-3.883956e+01	-2.251859e+02
2.890000e-06	-5.661283e-06	-3.876871e-09	-3.961862e+01	-2.301680e+02
2.900000e-06	-5.770453e-06	-3.956312e-09	-4.038260e+01	-2.349505e+02
2.910000e-06	-5.877646e-06	-4.033950e-09	-4.113276e+01	-2.395330e+02
2.920000e-06	-5.982877e-06	-4.106328e-09	-4.186918e+01	-2.439005e+02
2.930000e-06	-6.085990e-06	-4.173347e-09	-4.259078e+01	-2.480350e+02
2.940000e-06	-6.186860e-06	-4.240081e-09	-4.329669e+01	-2.519285e+02
2.950000e-06	-6.285487e-06	-4.305382e-09	-4.398690e+01	-2.555903e+02
2.960000e-06	-6.381961e-06	-4.363126e-09	-4.466204e+01	-2.590467e+02
2.970000e-06	-6.476256e-06	-4.413419e-09	-4.532193e+01	-2.623331e+02
2.980000e-06	-6.568192e-06	-4.462869e-09	-4.596532e+01	-2.654824e+02
2.990000e-06	-6.657779e-06	-4.514368e-09	-4.659226e+01	-2.685134e+02
3.000000e-06	-6.745043e-06	-4.563457e-09	-4.720295e+01	-2.714258e+02
3.010000e-06	-6.829822e-06	-4.608491e-09	-4.779624e+01	-2.742017e+02
3.020000e-06	-6.912155e-06	-4.652298e-09	-4.837243e+01	-2.768149e+02
3.030000e-06	-6.992158e-06	-4.695683e-09	-4.893230e+01	-2.792432e+02
3.040000e-06	-7.069534e-06	-4.733545e-09	-4.947379e+01	-2.814790e+02
3.050000e-06	-7.144111e-06	-4.765908e-09	-4.999570e+01	-2.835340e+02
3.060000e-06	-7.216062e-06	-4.797849e-09	-5.049922e+01	-2.854372e+02
3.070000e-06	-7.285424e-06	-4.828152e-09	-5.098463e+01	-2.872248e+02
3.080000e-06	-7.352207e-06	-4.854530e-09	-5.145198e+01	-2.889293e+02
3.090000e-06	-7.416472e-06	-4.878579e-09	-5.190172e+01	-2.905687e+02
3.100000e-06	-7.478066e-06	-4.903220e-09	-5.233277e+01	-2.921431e+02
3.110000e-06	-7.536961e-06	-4.928677e-09	-5.274493e+01	-2.936373e+02
3.120000e-06	-7.593182e-06	-4.953666e-09	-5.313837e+01	-2.950294e+02
3.130000e-06	-7.646530e-06	-4.976964e-09	-5.351171e+01	-2.963021e+02
3.140000e-06	-7.696884e-06	-5.001296e-09	-5.386410e+01	-2.974512e+02
3.150000e-06	-7.744138e-06	-5.022811e-09	-5.419479e+01	-2.984882e+02
3.160000e-06	-7.788579e-06	-5.036500e-09	-5.450579e+01	-2.994371e+02
3.170000e-06	-7.830572e-06	-5.045142e-09	-5.479966e+01	-3.003257e+02
3.180000e-06	-7.869926e-06	-5.056816e-09	-5.507507e+01	-3.011753e+02
3.190000e-06	-7.906438e-06	-5.071543e-09	-5.533059e+01	-3.019937e+02
3.200000e-06	-7.940176e-06	-5.085111e-09	-5.556669e+01	-3.027732e+02
3.210000e-06	-7.971091e-06	-5.099042e-09	-5.578304e+01	-3.034942e+02
3.220000e-06	-7.999101e-06	-5.115484e-09	-5.597906e+01	-3.041345e+02
3.230000e-06	-8.024322e-06	-5.129905e-09	-5.615556e+01	-3.046778e+02
3.240000e-06	-8.046646e-06	-5.137041e-09	-5.631179e+01	-3.051208e+02
3.250000e-06	-8.066066e-06	-5.140448e-09	-5.644769e+01	-3.054745e+02
3.260000e-06	-8.082732e-06	-5.144971e-09	-5.656432e+01	-3.057601e+02
3.270000e-06	-8.096298e-06	-5.150722e-09	-5.665926e+01	-3.060008e+02
3.280000e-06	-8.106696e-06	-5.153310e-09	-5.673203e+01	-3.062139e+02
3.290000e-06	-8.114235e-06	-5.154336e-09	-5.678478e+01	-3.064044e+02
3.300000e-06	-8.118874e-06	-5.158379e-09	-5.681725e+01	-3.065646e+02
3.310000e-06	-8.120685e-06	-5.166499e-09	-5.682992e+01	-3.066775e+02
