# Temperatura_=_30.87
# Concentracion g/m^3_=_11000.0
# C_Vs_to_Am_M_A/Vsm_=_59384043850.047264
# pendiente_HvsI_1/m_=_3716.3
# ordenada_HvsI_A/m_=_1297.0
# frecuencia_Hz_=_301733.5355161038

Tiempo_(s)	Campo_(V.s)	Magnetizacion_(V.s)	Campo_(kA/m)	Magnetizacion_(A/m)
0.000000e+00	-8.097979e-06	-4.894899e-09	-5.682857e+01	-2.903555e+02
1.000000e-08	-8.096006e-06	-4.902263e-09	-5.681473e+01	-2.904671e+02
2.000000e-08	-8.091244e-06	-4.899721e-09	-5.678131e+01	-2.905004e+02
3.000000e-08	-8.084015e-06	-4.893188e-09	-5.673058e+01	-2.904349e+02
4.000000e-08	-8.074058e-06	-4.887321e-09	-5.666070e+01	-2.902678e+02
5.000000e-08	-8.061118e-06	-4.880415e-09	-5.656990e+01	-2.900155e+02
6.000000e-08	-8.045137e-06	-4.872028e-09	-5.645775e+01	-2.897072e+02
7.000000e-08	-8.026409e-06	-4.867432e-09	-5.632632e+01	-2.893747e+02
8.000000e-08	-8.005343e-06	-4.871818e-09	-5.617848e+01	-2.890404e+02
9.000000e-08	-7.981482e-06	-4.868318e-09	-5.601104e+01	-2.887085e+02
1.000000e-07	-7.954295e-06	-4.837203e-09	-5.582025e+01	-2.883636e+02
1.100000e-07	-7.923940e-06	-4.823532e-09	-5.560723e+01	-2.879750e+02
1.200000e-07	-7.890762e-06	-4.832451e-09	-5.537440e+01	-2.875079e+02
1.300000e-07	-7.854944e-06	-4.832296e-09	-5.512304e+01	-2.869361e+02
1.400000e-07	-7.816764e-06	-4.817013e-09	-5.485511e+01	-2.862515e+02
1.500000e-07	-7.776392e-06	-4.802393e-09	-5.457180e+01	-2.854683e+02
1.600000e-07	-7.733501e-06	-4.799853e-09	-5.427081e+01	-2.846188e+02
1.700000e-07	-7.687729e-06	-4.766856e-09	-5.394959e+01	-2.837436e+02
1.800000e-07	-7.639237e-06	-4.767159e-09	-5.360929e+01	-2.828785e+02
1.900000e-07	-7.587750e-06	-4.746666e-09	-5.324798e+01	-2.820432e+02
2.000000e-07	-7.533207e-06	-4.724687e-09	-5.286521e+01	-2.812357e+02
2.100000e-07	-7.476001e-06	-4.736099e-09	-5.246377e+01	-2.804341e+02
2.200000e-07	-7.416109e-06	-4.712004e-09	-5.204347e+01	-2.796049e+02
2.300000e-07	-7.353588e-06	-4.701139e-09	-5.160472e+01	-2.787147e+02
2.400000e-07	-7.288330e-06	-4.661306e-09	-5.114676e+01	-2.777419e+02
2.500000e-07	-7.220253e-06	-4.655526e-09	-5.066902e+01	-2.766825e+02
2.600000e-07	-7.149589e-06	-4.652585e-09	-5.017313e+01	-2.755503e+02
2.700000e-07	-7.076237e-06	-4.616455e-09	-4.965837e+01	-2.743698e+02
2.800000e-07	-7.000058e-06	-4.610427e-09	-4.912377e+01	-2.731656e+02
2.900000e-07	-6.921102e-06	-4.596149e-09	-4.856969e+01	-2.719526e+02
3.000000e-07	-6.839489e-06	-4.572040e-09	-4.799696e+01	-2.707295e+02
3.100000e-07	-6.755453e-06	-4.531272e-09	-4.740723e+01	-2.694791e+02
3.200000e-07	-6.669209e-06	-4.509039e-09	-4.680200e+01	-2.681748e+02
3.300000e-07	-6.580684e-06	-4.494818e-09	-4.618077e+01	-2.667903e+02
3.400000e-07	-6.489749e-06	-4.473364e-09	-4.554262e+01	-2.653093e+02
3.500000e-07	-6.396544e-06	-4.459278e-09	-4.488854e+01	-2.637310e+02
3.600000e-07	-6.301108e-06	-4.425312e-09	-4.421881e+01	-2.620696e+02
3.700000e-07	-6.203302e-06	-4.398917e-09	-4.353244e+01	-2.603482e+02
3.800000e-07	-6.103154e-06	-4.368734e-09	-4.282964e+01	-2.585888e+02
3.900000e-07	-6.000815e-06	-4.326053e-09	-4.211146e+01	-2.568032e+02
4.000000e-07	-5.896336e-06	-4.287339e-09	-4.137827e+01	-2.549884e+02
4.100000e-07	-5.789713e-06	-4.265911e-09	-4.063003e+01	-2.531269e+02
4.200000e-07	-5.680999e-06	-4.253393e-09	-3.986711e+01	-2.511942e+02
4.300000e-07	-5.570241e-06	-4.214400e-09	-3.908985e+01	-2.491683e+02
4.400000e-07	-5.457362e-06	-4.171501e-09	-3.829771e+01	-2.470389e+02
4.500000e-07	-5.342351e-06	-4.137305e-09	-3.749061e+01	-2.448118e+02
4.600000e-07	-5.225310e-06	-4.098221e-09	-3.666926e+01	-2.425071e+02
4.700000e-07	-5.106290e-06	-4.048001e-09	-3.583402e+01	-2.401509e+02
4.800000e-07	-4.985382e-06	-4.003166e-09	-3.498554e+01	-2.377650e+02
4.900000e-07	-4.862693e-06	-3.974514e-09	-3.412455e+01	-2.353568e+02
5.000000e-07	-4.738243e-06	-3.942923e-09	-3.325121e+01	-2.329150e+02
5.100000e-07	-4.612134e-06	-3.897380e-09	-3.236622e+01	-2.304118e+02
5.200000e-07	-4.484405e-06	-3.846608e-09	-3.146987e+01	-2.278119e+02
5.300000e-07	-4.355045e-06	-3.800249e-09	-3.056207e+01	-2.250847e+02
5.400000e-07	-4.223992e-06	-3.757237e-09	-2.964239e+01	-2.222146e+02
5.500000e-07	-4.091318e-06	-3.703951e-09	-2.871133e+01	-2.192070e+02
5.600000e-07	-3.957235e-06	-3.645732e-09	-2.777039e+01	-2.160850e+02
5.700000e-07	-3.821651e-06	-3.598453e-09	-2.681891e+01	-2.128813e+02
5.800000e-07	-3.684629e-06	-3.550966e-09	-2.585734e+01	-2.096246e+02
5.900000e-07	-3.546358e-06	-3.490138e-09	-2.488701e+01	-2.063283e+02
6.000000e-07	-3.406689e-06	-3.424725e-09	-2.390686e+01	-2.029846e+02
6.100000e-07	-3.265474e-06	-3.368958e-09	-2.291587e+01	-1.995664e+02
6.200000e-07	-3.122924e-06	-3.317074e-09	-2.191551e+01	-1.960365e+02
6.300000e-07	-2.979327e-06	-3.255310e-09	-2.090780e+01	-1.923609e+02
6.400000e-07	-2.834592e-06	-3.185712e-09	-1.989210e+01	-1.885207e+02
6.500000e-07	-2.688715e-06	-3.118876e-09	-1.886839e+01	-1.845185e+02
6.600000e-07	-2.541962e-06	-3.051284e-09	-1.783853e+01	-1.803769e+02
6.700000e-07	-2.394383e-06	-2.974482e-09	-1.680288e+01	-1.761286e+02
6.800000e-07	-2.245957e-06	-2.894394e-09	-1.576128e+01	-1.718035e+02
6.900000e-07	-2.096763e-06	-2.823513e-09	-1.471429e+01	-1.674162e+02
7.000000e-07	-1.946887e-06	-2.755328e-09	-1.366252e+01	-1.629592e+02
7.100000e-07	-1.796433e-06	-2.680447e-09	-1.260669e+01	-1.584047e+02
7.200000e-07	-1.645400e-06	-2.598280e-09	-1.154680e+01	-1.537143e+02
7.300000e-07	-1.493669e-06	-2.513642e-09	-1.048200e+01	-1.488527e+02
7.400000e-07	-1.341270e-06	-2.430605e-09	-9.412528e+00	-1.438006e+02
7.500000e-07	-1.188368e-06	-2.341301e-09	-8.339519e+00	-1.385612e+02
7.600000e-07	-1.035079e-06	-2.246247e-09	-7.263795e+00	-1.331592e+02
7.700000e-07	-8.814716e-07	-2.153863e-09	-6.185836e+00	-1.276304e+02
7.800000e-07	-7.276555e-07	-2.068338e-09	-5.106413e+00	-1.220081e+02
7.900000e-07	-5.736110e-07	-1.975995e-09	-4.025386e+00	-1.163094e+02
8.000000e-07	-4.192887e-07	-1.872376e-09	-2.942410e+00	-1.105282e+02
8.100000e-07	-2.647506e-07	-1.770512e-09	-1.857920e+00	-1.046362e+02
8.200000e-07	-1.100895e-07	-1.671530e-09	-7.725669e-01	-9.859280e+01
8.300000e-07	4.461536e-08	-1.566296e-09	3.130938e-01	-9.235945e+01
8.400000e-07	1.993823e-07	-1.452581e-09	1.399190e+00	-8.591352e+01
8.500000e-07	3.540578e-07	-1.339749e-09	2.484644e+00	-7.925657e+01
8.600000e-07	5.085164e-07	-1.230115e-09	3.568577e+00	-7.241409e+01
8.700000e-07	6.627347e-07	-1.116593e-09	4.650823e+00	-6.542687e+01
8.800000e-07	8.166332e-07	-9.932728e-10	5.730825e+00	-5.833760e+01
8.900000e-07	9.702189e-07	-8.681695e-10	6.808631e+00	-5.117751e+01
9.000000e-07	1.123557e-06	-7.471016e-10	7.884703e+00	-4.395807e+01
9.100000e-07	1.276587e-06	-6.249274e-10	8.958605e+00	-3.667061e+01
9.200000e-07	1.429200e-06	-4.988590e-10	1.002959e+01	-2.929334e+01
9.300000e-07	1.581304e-06	-3.706029e-10	1.109700e+01	-2.180289e+01
9.400000e-07	1.732797e-06	-2.451931e-10	1.216011e+01	-1.418520e+01
9.500000e-07	1.883539e-06	-1.180095e-10	1.321797e+01	-6.441640e+00
9.600000e-07	2.033492e-06	1.755258e-11	1.427028e+01	1.412355e+00
9.700000e-07	2.182738e-06	1.551432e-10	1.531764e+01	9.355314e+00
9.800000e-07	2.331238e-06	2.881226e-10	1.635975e+01	1.737106e+01
9.900000e-07	2.478980e-06	4.209413e-10	1.739655e+01	2.545852e+01
1.000000e-06	2.625826e-06	5.598323e-10	1.842706e+01	3.363560e+01
1.010000e-06	2.771699e-06	7.025213e-10	1.945074e+01	4.193509e+01
1.020000e-06	2.916681e-06	8.441242e-10	2.046817e+01	5.039350e+01
1.030000e-06	3.060585e-06	9.876246e-10	2.147804e+01	5.903654e+01
1.040000e-06	3.203294e-06	1.139050e-09	2.247951e+01	6.786653e+01
1.050000e-06	3.344799e-06	1.293985e-09	2.347254e+01	7.685613e+01
1.060000e-06	3.485084e-06	1.446395e-09	2.445701e+01	8.595071e+01
1.070000e-06	3.624048e-06	1.596656e-09	2.543221e+01	9.507856e+01
1.080000e-06	3.761601e-06	1.749911e-09	2.639750e+01	1.041652e+02
1.090000e-06	3.897704e-06	1.904147e-09	2.735262e+01	1.131468e+02
1.100000e-06	4.032313e-06	2.052795e-09	2.829726e+01	1.219782e+02
1.110000e-06	4.165498e-06	2.195240e-09	2.923190e+01	1.306327e+02
1.120000e-06	4.297235e-06	2.335766e-09	3.015638e+01	1.390957e+02
1.130000e-06	4.427431e-06	2.476327e-09	3.107005e+01	1.473538e+02
1.140000e-06	4.556026e-06	2.612037e-09	3.197248e+01	1.553852e+02
1.150000e-06	4.682997e-06	2.741534e-09	3.286351e+01	1.631560e+02
1.160000e-06	4.808323e-06	2.866797e-09	3.374301e+01	1.706227e+02
1.170000e-06	4.931994e-06	2.987151e-09	3.461088e+01	1.777415e+02
1.180000e-06	5.053918e-06	3.098796e-09	3.546650e+01	1.844803e+02
1.190000e-06	5.173997e-06	3.202926e-09	3.630916e+01	1.908291e+02
1.200000e-06	5.292176e-06	3.303665e-09	3.713850e+01	1.968033e+02
1.210000e-06	5.408409e-06	3.400519e-09	3.795418e+01	2.024403e+02
1.220000e-06	5.522573e-06	3.491869e-09	3.875534e+01	2.077888e+02
1.230000e-06	5.634573e-06	3.578395e-09	3.954131e+01	2.128952e+02
1.240000e-06	5.744605e-06	3.661438e-09	4.031348e+01	2.177916e+02
1.250000e-06	5.852710e-06	3.741519e-09	4.107212e+01	2.224898e+02
1.260000e-06	5.958653e-06	3.818278e-09	4.181559e+01	2.269827e+02
1.270000e-06	6.062360e-06	3.890833e-09	4.254336e+01	2.312530e+02
1.280000e-06	6.163888e-06	3.959140e-09	4.325585e+01	2.352846e+02
1.290000e-06	6.263167e-06	4.023331e-09	4.395255e+01	2.390733e+02
1.300000e-06	6.360107e-06	4.083194e-09	4.463284e+01	2.426319e+02
1.310000e-06	6.454805e-06	4.140057e-09	4.529739e+01	2.459884e+02
1.320000e-06	6.547341e-06	4.194345e-09	4.594678e+01	2.491775e+02
1.330000e-06	6.637562e-06	4.246261e-09	4.657992e+01	2.522298e+02
1.340000e-06	6.725398e-06	4.296242e-09	4.719632e+01	2.551620e+02
1.350000e-06	6.810952e-06	4.345302e-09	4.779670e+01	2.579730e+02
1.360000e-06	6.894175e-06	4.392912e-09	4.838073e+01	2.606455e+02
1.370000e-06	6.974880e-06	4.437148e-09	4.894709e+01	2.631556e+02
1.380000e-06	7.053105e-06	4.476830e-09	4.949604e+01	2.654834e+02
1.390000e-06	7.128762e-06	4.513923e-09	5.002697e+01	2.676230e+02
1.400000e-06	7.201666e-06	4.548733e-09	5.053858e+01	2.695873e+02
1.410000e-06	7.271942e-06	4.580096e-09	5.103176e+01	2.714047e+02
1.420000e-06	7.339689e-06	4.610394e-09	5.150718e+01	2.731116e+02
1.430000e-06	7.404827e-06	4.638828e-09	5.196429e+01	2.747408e+02
1.440000e-06	7.467327e-06	4.664992e-09	5.240289e+01	2.763115e+02
1.450000e-06	7.527231e-06	4.690164e-09	5.282327e+01	2.778250e+02
1.460000e-06	7.584456e-06	4.714390e-09	5.322486e+01	2.792662e+02
1.470000e-06	7.638900e-06	4.737238e-09	5.360693e+01	2.806114e+02
1.480000e-06	7.690313e-06	4.757980e-09	5.396773e+01	2.818396e+02
1.490000e-06	7.738621e-06	4.777000e-09	5.430673e+01	2.829411e+02
1.500000e-06	7.784102e-06	4.793916e-09	5.462590e+01	2.839230e+02
1.510000e-06	7.826803e-06	4.807603e-09	5.492556e+01	2.848068e+02
1.520000e-06	7.866655e-06	4.820610e-09	5.520523e+01	2.856213e+02
1.530000e-06	7.903832e-06	4.834819e-09	5.546612e+01	2.863922e+02
1.540000e-06	7.938320e-06	4.848172e-09	5.570815e+01	2.871331e+02
1.550000e-06	7.969968e-06	4.859284e-09	5.593024e+01	2.878412e+02
1.560000e-06	7.998868e-06	4.868108e-09	5.613305e+01	2.884994e+02
1.570000e-06	8.024929e-06	4.876500e-09	5.631594e+01	2.890839e+02
1.580000e-06	8.048014e-06	4.884811e-09	5.647794e+01	2.895740e+02
1.590000e-06	8.068350e-06	4.890813e-09	5.662065e+01	2.899621e+02
1.600000e-06	8.085864e-06	4.894859e-09	5.674356e+01	2.902572e+02
1.610000e-06	8.100392e-06	4.898183e-09	5.684551e+01	2.904833e+02
1.620000e-06	8.111865e-06	4.901660e-09	5.692602e+01	2.906712e+02
1.630000e-06	8.120253e-06	4.905247e-09	5.698488e+01	2.908478e+02
1.640000e-06	8.125746e-06	4.907434e-09	5.702343e+01	2.910263e+02
1.650000e-06	8.128321e-06	4.910077e-09	5.704150e+01	2.912014e+02
1.660000e-06	8.128096e-06	4.914367e-09	5.703992e+01	2.913509e+02
1.670000e-06	8.125294e-06	4.918222e-09	5.702026e+01	2.914435e+02
1.680000e-06	8.119760e-06	4.917449e-09	5.698142e+01	2.914505e+02
1.690000e-06	8.111453e-06	4.914495e-09	5.692313e+01	2.913559e+02
1.700000e-06	8.100493e-06	4.909535e-09	5.684621e+01	2.911627e+02
1.710000e-06	8.086703e-06	4.904940e-09	5.674944e+01	2.908916e+02
1.720000e-06	8.070176e-06	4.899869e-09	5.663346e+01	2.905739e+02
1.730000e-06	8.051351e-06	4.892675e-09	5.650135e+01	2.902397e+02
1.740000e-06	8.029989e-06	4.888851e-09	5.635145e+01	2.899071e+02
1.750000e-06	8.005372e-06	4.917406e-09	5.617869e+01	2.895745e+02
1.760000e-06	7.977069e-06	4.912871e-09	5.598007e+01	2.892211e+02
1.770000e-06	7.945303e-06	4.878868e-09	5.575715e+01	2.888140e+02
1.780000e-06	7.910854e-06	4.858246e-09	5.551540e+01	2.883196e+02
1.790000e-06	7.873952e-06	4.850491e-09	5.525643e+01	2.877159e+02
1.800000e-06	7.834753e-06	4.826157e-09	5.498135e+01	2.870013e+02
1.810000e-06	7.793579e-06	4.845443e-09	5.469240e+01	2.861958e+02
1.820000e-06	7.749931e-06	4.834232e-09	5.438610e+01	2.853353e+02
1.830000e-06	7.703499e-06	4.778349e-09	5.406026e+01	2.844604e+02
1.840000e-06	7.654234e-06	4.810193e-09	5.371454e+01	2.836032e+02
1.850000e-06	7.601719e-06	4.765173e-09	5.334601e+01	2.827776e+02
1.860000e-06	7.546292e-06	4.757107e-09	5.295704e+01	2.819753e+02
1.870000e-06	7.488285e-06	4.726232e-09	5.254997e+01	2.811700e+02
1.880000e-06	7.427712e-06	4.712281e-09	5.212489e+01	2.803269e+02
1.890000e-06	7.364464e-06	4.754952e-09	5.168104e+01	2.794152e+02
1.900000e-06	7.298394e-06	4.681594e-09	5.121739e+01	2.784177e+02
1.910000e-06	7.229642e-06	4.692196e-09	5.073491e+01	2.773360e+02
1.920000e-06	7.158024e-06	4.662314e-09	5.023232e+01	2.761878e+02
1.930000e-06	7.083652e-06	4.621494e-09	4.971041e+01	2.749988e+02
1.940000e-06	7.006602e-06	4.613874e-09	4.916970e+01	2.737918e+02
1.950000e-06	6.926849e-06	4.569174e-09	4.861003e+01	2.725773e+02
1.960000e-06	6.844683e-06	4.596521e-09	4.803341e+01	2.713493e+02
1.970000e-06	6.760043e-06	4.556443e-09	4.743944e+01	2.700869e+02
1.980000e-06	6.672887e-06	4.545967e-09	4.682781e+01	2.687626e+02
1.990000e-06	6.583370e-06	4.509128e-09	4.619962e+01	2.673521e+02
2.000000e-06	6.491621e-06	4.463635e-09	4.555576e+01	2.658432e+02
2.010000e-06	6.397537e-06	4.453665e-09	4.489551e+01	2.642397e+02
2.020000e-06	6.301134e-06	4.398864e-09	4.421899e+01	2.625592e+02
2.030000e-06	6.202596e-06	4.396133e-09	4.352749e+01	2.608255e+02
2.040000e-06	6.101768e-06	4.365107e-09	4.281992e+01	2.590585e+02
2.050000e-06	5.998608e-06	4.353843e-09	4.209597e+01	2.572662e+02
2.060000e-06	5.893293e-06	4.309545e-09	4.135691e+01	2.554408e+02
2.070000e-06	5.785966e-06	4.264535e-09	4.060374e+01	2.535620e+02
2.080000e-06	5.676598e-06	4.233087e-09	3.983623e+01	2.516051e+02
2.090000e-06	5.565135e-06	4.193621e-09	3.905403e+01	2.495506e+02
2.100000e-06	5.451539e-06	4.164687e-09	3.825685e+01	2.473925e+02
2.110000e-06	5.335806e-06	4.130384e-09	3.744468e+01	2.451412e+02
2.120000e-06	5.217994e-06	4.101687e-09	3.661792e+01	2.428196e+02
2.130000e-06	5.098146e-06	4.057753e-09	3.577687e+01	2.404538e+02
2.140000e-06	4.976469e-06	4.012344e-09	3.492299e+01	2.380621e+02
2.150000e-06	4.853049e-06	3.958047e-09	3.405687e+01	2.356468e+02
2.160000e-06	4.727880e-06	3.924186e-09	3.317848e+01	2.331913e+02
2.170000e-06	4.600973e-06	3.883219e-09	3.228790e+01	2.306647e+02
2.180000e-06	4.472468e-06	3.848362e-09	3.138610e+01	2.280316e+02
2.190000e-06	4.342439e-06	3.801140e-09	3.047360e+01	2.252648e+02
2.200000e-06	4.210831e-06	3.755397e-09	2.955003e+01	2.223545e+02
2.210000e-06	4.077757e-06	3.697147e-09	2.861617e+01	2.193117e+02
2.220000e-06	3.943175e-06	3.633697e-09	2.767172e+01	2.161636e+02
2.230000e-06	3.807051e-06	3.580668e-09	2.671645e+01	2.129428e+02
2.240000e-06	3.669487e-06	3.528177e-09	2.575108e+01	2.096748e+02
2.250000e-06	3.530592e-06	3.482485e-09	2.477637e+01	2.063672e+02
2.260000e-06	3.390399e-06	3.423694e-09	2.379254e+01	2.030062e+02
2.270000e-06	3.248977e-06	3.367823e-09	2.280010e+01	1.995605e+02
2.280000e-06	3.106278e-06	3.305482e-09	2.179869e+01	1.959926e+02
2.290000e-06	2.962363e-06	3.241607e-09	2.078875e+01	1.922715e+02
2.300000e-06	2.817461e-06	3.171924e-09	1.977188e+01	1.883843e+02
2.310000e-06	2.671619e-06	3.102472e-09	1.874842e+01	1.843398e+02
2.320000e-06	2.524826e-06	3.035227e-09	1.771828e+01	1.801647e+02
2.330000e-06	2.377104e-06	2.968806e-09	1.668162e+01	1.758925e+02
2.340000e-06	2.228550e-06	2.897031e-09	1.563913e+01	1.715496e+02
2.350000e-06	2.079296e-06	2.824154e-09	1.459172e+01	1.671446e+02
2.360000e-06	1.929378e-06	2.746545e-09	1.353965e+01	1.626638e+02
2.370000e-06	1.778757e-06	2.667065e-09	1.248265e+01	1.580751e+02
2.380000e-06	1.627406e-06	2.584368e-09	1.142053e+01	1.533394e+02
2.390000e-06	1.475369e-06	2.499763e-09	1.035359e+01	1.484250e+02
2.400000e-06	1.322868e-06	2.416173e-09	9.283393e+00	1.433185e+02
2.410000e-06	1.170019e-06	2.327171e-09	8.210755e+00	1.380300e+02
2.420000e-06	1.016758e-06	2.236269e-09	7.135227e+00	1.325884e+02
2.430000e-06	8.631437e-07	2.140035e-09	6.057218e+00	1.270305e+02
2.440000e-06	7.092310e-07	2.043156e-09	4.977116e+00	1.213861e+02
2.450000e-06	5.550509e-07	1.944031e-09	3.895139e+00	1.156661e+02
2.460000e-06	4.006652e-07	1.845979e-09	2.811717e+00	1.098575e+02
2.470000e-06	2.461332e-07	1.744914e-09	1.727270e+00	1.039271e+02
2.480000e-06	9.155668e-08	1.643209e-09	6.425103e-01	9.783339e+01
2.490000e-06	-6.305707e-08	1.538731e-09	-4.425108e-01	9.154117e+01
2.500000e-06	-2.176098e-07	1.428857e-09	-1.527104e+00	8.503420e+01
2.510000e-06	-3.720380e-07	1.315750e-09	-2.610823e+00	7.832128e+01
2.520000e-06	-5.263466e-07	1.198956e-09	-3.693702e+00	7.143346e+01
2.530000e-06	-6.803748e-07	1.079081e-09	-4.774615e+00	6.441354e+01
2.540000e-06	-8.340919e-07	9.579834e-10	-5.853343e+00	5.730215e+01
2.550000e-06	-9.875246e-07	8.390485e-10	-6.930076e+00	5.012540e+01
2.560000e-06	-1.140630e-06	7.191420e-10	-8.004513e+00	4.288871e+01
2.570000e-06	-1.293342e-06	5.966079e-10	-9.076187e+00	3.557864e+01
2.580000e-06	-1.445622e-06	4.726147e-10	-1.014483e+01	2.817172e+01
2.590000e-06	-1.597388e-06	3.466636e-10	-1.120987e+01	2.064626e+01
2.600000e-06	-1.748562e-06	2.179443e-10	-1.227075e+01	1.299229e+01
2.610000e-06	-1.899097e-06	8.570601e-11	-1.332715e+01	5.215679e+00
2.620000e-06	-2.048853e-06	-4.940084e-11	-1.437808e+01	-2.665382e+00
2.630000e-06	-2.197843e-06	-1.853701e-10	-1.542363e+01	-1.062974e+01
2.640000e-06	-2.346193e-06	-3.216370e-10	-1.646470e+01	-1.866474e+01
2.650000e-06	-2.493716e-06	-4.570123e-10	-1.749996e+01	-2.677464e+01
2.660000e-06	-2.640188e-06	-5.931234e-10	-1.852784e+01	-3.498240e+01
2.670000e-06	-2.785676e-06	-7.330205e-10	-1.954883e+01	-4.332324e+01
2.680000e-06	-2.930234e-06	-8.772649e-10	-2.056328e+01	-5.183206e+01
2.690000e-06	-3.073795e-06	-1.022738e-09	-2.157074e+01	-6.052900e+01
2.700000e-06	-3.216190e-06	-1.171893e-09	-2.257001e+01	-6.940818e+01
2.710000e-06	-3.357314e-06	-1.324821e-09	-2.356037e+01	-7.843380e+01
2.720000e-06	-3.497144e-06	-1.479608e-09	-2.454164e+01	-8.754507e+01
2.730000e-06	-3.635567e-06	-1.631585e-09	-2.551305e+01	-9.666797e+01
2.740000e-06	-3.772658e-06	-1.780951e-09	-2.647510e+01	-1.057299e+02
2.750000e-06	-3.908461e-06	-1.931877e-09	-2.742811e+01	-1.146718e+02
2.760000e-06	-4.042791e-06	-2.081986e-09	-2.837079e+01	-1.234541e+02
2.770000e-06	-4.175643e-06	-2.228994e-09	-2.930309e+01	-1.320546e+02
2.780000e-06	-4.307023e-06	-2.371104e-09	-3.022507e+01	-1.404601e+02
2.790000e-06	-4.436882e-06	-2.510405e-09	-3.113637e+01	-1.486556e+02
2.800000e-06	-4.565186e-06	-2.644857e-09	-3.203676e+01	-1.566161e+02
2.810000e-06	-4.691944e-06	-2.771657e-09	-3.292630e+01	-1.643041e+02
2.820000e-06	-4.817053e-06	-2.894412e-09	-3.380426e+01	-1.716750e+02
2.830000e-06	-4.940354e-06	-3.014271e-09	-3.466955e+01	-1.786872e+02
2.840000e-06	-5.061911e-06	-3.128095e-09	-3.552259e+01	-1.853140e+02
2.850000e-06	-5.181674e-06	-3.234123e-09	-3.636304e+01	-1.915525e+02
2.860000e-06	-5.299406e-06	-3.333181e-09	-3.718924e+01	-1.974253e+02
2.870000e-06	-5.414953e-06	-3.428365e-09	-3.800010e+01	-2.029742e+02
2.880000e-06	-5.528298e-06	-3.515438e-09	-3.879552e+01	-2.082487e+02
2.890000e-06	-5.639439e-06	-3.596380e-09	-3.957546e+01	-2.132921e+02
2.900000e-06	-5.748442e-06	-3.675185e-09	-4.034041e+01	-2.181311e+02
2.910000e-06	-5.855521e-06	-3.751897e-09	-4.109185e+01	-2.227715e+02
2.920000e-06	-5.960619e-06	-3.826087e-09	-4.182938e+01	-2.272022e+02
2.930000e-06	-6.063533e-06	-3.895034e-09	-4.255159e+01	-2.314050e+02
2.940000e-06	-6.164180e-06	-3.962114e-09	-4.325790e+01	-2.353664e+02
2.950000e-06	-6.262646e-06	-4.027491e-09	-4.394890e+01	-2.390868e+02
2.960000e-06	-6.359033e-06	-4.088034e-09	-4.462530e+01	-2.425838e+02
2.970000e-06	-6.453190e-06	-4.142289e-09	-4.528606e+01	-2.458883e+02
2.980000e-06	-6.544945e-06	-4.192407e-09	-4.592996e+01	-2.490351e+02
2.990000e-06	-6.634376e-06	-4.240905e-09	-4.655756e+01	-2.520516e+02
3.000000e-06	-6.721623e-06	-4.288087e-09	-4.716982e+01	-2.549496e+02
3.010000e-06	-6.806430e-06	-4.334321e-09	-4.776497e+01	-2.577227e+02
3.020000e-06	-6.888705e-06	-4.378088e-09	-4.834234e+01	-2.603508e+02
3.030000e-06	-6.968611e-06	-4.419016e-09	-4.890309e+01	-2.628098e+02
3.040000e-06	-7.045914e-06	-4.457728e-09	-4.944557e+01	-2.650832e+02
3.050000e-06	-7.120460e-06	-4.491541e-09	-4.996871e+01	-2.671701e+02
3.060000e-06	-7.192358e-06	-4.521484e-09	-5.047327e+01	-2.690884e+02
3.070000e-06	-7.261636e-06	-4.548857e-09	-5.095943e+01	-2.708699e+02
3.080000e-06	-7.328360e-06	-4.575204e-09	-5.142768e+01	-2.725512e+02
3.090000e-06	-7.392548e-06	-4.600899e-09	-5.187812e+01	-2.741619e+02
3.100000e-06	-7.454096e-06	-4.626295e-09	-5.231004e+01	-2.757165e+02
3.110000e-06	-7.513011e-06	-4.653069e-09	-5.272349e+01	-2.772109e+02
3.120000e-06	-7.569259e-06	-4.680550e-09	-5.311822e+01	-2.786266e+02
3.130000e-06	-7.622609e-06	-4.703866e-09	-5.349260e+01	-2.799396e+02
3.140000e-06	-7.672887e-06	-4.724627e-09	-5.384543e+01	-2.811314e+02
3.150000e-06	-7.720077e-06	-4.744459e-09	-5.417660e+01	-2.821968e+02
3.160000e-06	-7.764538e-06	-4.759772e-09	-5.448861e+01	-2.831474e+02
3.170000e-06	-7.806562e-06	-4.770594e-09	-5.478352e+01	-2.840079e+02
3.180000e-06	-7.845905e-06	-4.781158e-09	-5.505961e+01	-2.848072e+02
3.190000e-06	-7.882389e-06	-4.794384e-09	-5.531564e+01	-2.855682e+02
3.200000e-06	-7.916159e-06	-4.809818e-09	-5.555263e+01	-2.863002e+02
3.210000e-06	-7.947124e-06	-4.824436e-09	-5.576993e+01	-2.869958e+02
3.220000e-06	-7.975157e-06	-4.838149e-09	-5.596665e+01	-2.876349e+02
3.230000e-06	-8.000424e-06	-4.850922e-09	-5.614396e+01	-2.881935e+02
3.240000e-06	-8.022849e-06	-4.859178e-09	-5.630134e+01	-2.886541e+02
3.250000e-06	-8.042414e-06	-4.863409e-09	-5.643863e+01	-2.890134e+02
3.260000e-06	-8.059168e-06	-4.865375e-09	-5.655621e+01	-2.892853e+02
3.270000e-06	-8.072892e-06	-4.868765e-09	-5.665252e+01	-2.894968e+02
3.280000e-06	-8.083503e-06	-4.872443e-09	-5.672698e+01	-2.896786e+02
3.290000e-06	-8.091151e-06	-4.874139e-09	-5.678066e+01	-2.898546e+02
3.300000e-06	-8.095907e-06	-4.876107e-09	-5.681403e+01	-2.900330e+02
3.310000e-06	-8.097888e-06	-4.883567e-09	-5.682794e+01	-2.902031e+02
