# Temperatura_=_36.04
# Concentracion g/m^3_=_11000.0
# C_Vs_to_Am_M_A/Vsm_=_59384043850.047264
# pendiente_HvsI_1/m_=_3716.3
# ordenada_HvsI_A/m_=_1297.0
# frecuencia_Hz_=_301729.8764526481

Tiempo_(s)	Campo_(V.s)	Magnetizacion_(V.s)	Campo_(kA/m)	Magnetizacion_(A/m)
0.000000e+00	-8.074838e-06	-4.997700e-09	-5.683314e+01	-2.960809e+02
1.000000e-08	-8.072642e-06	-4.998374e-09	-5.681769e+01	-2.960973e+02
2.000000e-08	-8.067705e-06	-4.994662e-09	-5.678294e+01	-2.960275e+02
3.000000e-08	-8.060180e-06	-4.989286e-09	-5.672998e+01	-2.958808e+02
4.000000e-08	-8.049856e-06	-4.983512e-09	-5.665731e+01	-2.956754e+02
5.000000e-08	-8.036676e-06	-4.977518e-09	-5.656454e+01	-2.954317e+02
6.000000e-08	-8.020559e-06	-4.972046e-09	-5.645111e+01	-2.951636e+02
7.000000e-08	-8.001698e-06	-4.973205e-09	-5.631836e+01	-2.948738e+02
8.000000e-08	-7.980472e-06	-4.980564e-09	-5.616896e+01	-2.945522e+02
9.000000e-08	-7.956430e-06	-4.961737e-09	-5.599975e+01	-2.941796e+02
1.000000e-07	-7.929071e-06	-4.924793e-09	-5.580719e+01	-2.937347e+02
1.100000e-07	-7.898589e-06	-4.918201e-09	-5.559265e+01	-2.932012e+02
1.200000e-07	-7.865301e-06	-4.928325e-09	-5.535836e+01	-2.925730e+02
1.300000e-07	-7.829369e-06	-4.922990e-09	-5.510546e+01	-2.918559e+02
1.400000e-07	-7.791086e-06	-4.908661e-09	-5.483601e+01	-2.910651e+02
1.500000e-07	-7.750652e-06	-4.907655e-09	-5.455143e+01	-2.902206e+02
1.600000e-07	-7.707710e-06	-4.883504e-09	-5.424919e+01	-2.893412e+02
1.700000e-07	-7.661855e-06	-4.858031e-09	-5.392644e+01	-2.884404e+02
1.800000e-07	-7.613283e-06	-4.852009e-09	-5.358458e+01	-2.875251e+02
1.900000e-07	-7.561771e-06	-4.818010e-09	-5.322202e+01	-2.865956e+02
2.000000e-07	-7.507197e-06	-4.821717e-09	-5.283791e+01	-2.856488e+02
2.100000e-07	-7.449924e-06	-4.819370e-09	-5.243481e+01	-2.846801e+02
2.200000e-07	-7.389960e-06	-4.797861e-09	-5.201276e+01	-2.836854e+02
2.300000e-07	-7.327380e-06	-4.786538e-09	-5.157231e+01	-2.826609e+02
2.400000e-07	-7.262125e-06	-4.738593e-09	-5.111302e+01	-2.816026e+02
2.500000e-07	-7.194089e-06	-4.727080e-09	-5.063417e+01	-2.805053e+02
2.600000e-07	-7.123413e-06	-4.708484e-09	-5.013672e+01	-2.793624e+02
2.700000e-07	-7.050020e-06	-4.676915e-09	-4.962017e+01	-2.781674e+02
2.800000e-07	-6.973816e-06	-4.675991e-09	-4.908382e+01	-2.769149e+02
2.900000e-07	-6.894922e-06	-4.667257e-09	-4.852854e+01	-2.756032e+02
3.000000e-07	-6.813401e-06	-4.641054e-09	-4.795477e+01	-2.742344e+02
3.100000e-07	-6.729468e-06	-4.592701e-09	-4.736402e+01	-2.728136e+02
3.200000e-07	-6.643363e-06	-4.571834e-09	-4.675799e+01	-2.713469e+02
3.300000e-07	-6.554980e-06	-4.544644e-09	-4.613592e+01	-2.698382e+02
3.400000e-07	-6.464159e-06	-4.516969e-09	-4.549670e+01	-2.682875e+02
3.500000e-07	-6.371015e-06	-4.503991e-09	-4.484112e+01	-2.666897e+02
3.600000e-07	-6.275604e-06	-4.475798e-09	-4.416959e+01	-2.650368e+02
3.700000e-07	-6.177828e-06	-4.455483e-09	-4.348142e+01	-2.633199e+02
3.800000e-07	-6.077784e-06	-4.421440e-09	-4.277728e+01	-2.615329e+02
3.900000e-07	-5.975570e-06	-4.380489e-09	-4.205786e+01	-2.596742e+02
4.000000e-07	-5.871264e-06	-4.338809e-09	-4.132373e+01	-2.577466e+02
4.100000e-07	-5.764781e-06	-4.314759e-09	-4.057426e+01	-2.557560e+02
4.200000e-07	-5.656184e-06	-4.291653e-09	-3.980993e+01	-2.537080e+02
4.300000e-07	-5.545577e-06	-4.249301e-09	-3.903144e+01	-2.516056e+02
4.400000e-07	-5.432920e-06	-4.210434e-09	-3.823853e+01	-2.494470e+02
4.500000e-07	-5.318199e-06	-4.177775e-09	-3.743108e+01	-2.472267e+02
4.600000e-07	-5.201389e-06	-4.140604e-09	-3.660894e+01	-2.449375e+02
4.700000e-07	-5.082553e-06	-4.091441e-09	-3.577254e+01	-2.425728e+02
4.800000e-07	-4.961909e-06	-4.048514e-09	-3.492341e+01	-2.401294e+02
4.900000e-07	-4.839488e-06	-4.014047e-09	-3.406178e+01	-2.376072e+02
5.000000e-07	-4.715196e-06	-3.976057e-09	-3.318697e+01	-2.350082e+02
5.100000e-07	-4.589193e-06	-3.923775e-09	-3.230012e+01	-2.323341e+02
5.200000e-07	-4.461509e-06	-3.869628e-09	-3.140145e+01	-2.295837e+02
5.300000e-07	-4.332274e-06	-3.821836e-09	-3.049185e+01	-2.267526e+02
5.400000e-07	-4.201520e-06	-3.779330e-09	-2.957156e+01	-2.238335e+02
5.500000e-07	-4.069161e-06	-3.727736e-09	-2.863998e+01	-2.208191e+02
5.600000e-07	-3.935321e-06	-3.668934e-09	-2.769798e+01	-2.177050e+02
5.700000e-07	-3.799990e-06	-3.620058e-09	-2.674547e+01	-2.144913e+02
5.800000e-07	-3.663331e-06	-3.569453e-09	-2.578363e+01	-2.111826e+02
5.900000e-07	-3.525533e-06	-3.505349e-09	-2.481376e+01	-2.077845e+02
6.000000e-07	-3.386324e-06	-3.435228e-09	-2.383397e+01	-2.043005e+02
6.100000e-07	-3.245481e-06	-3.374861e-09	-2.284267e+01	-2.007277e+02
6.200000e-07	-3.103305e-06	-3.318388e-09	-2.184200e+01	-1.970559e+02
6.300000e-07	-2.960073e-06	-3.256401e-09	-2.083389e+01	-1.932688e+02
6.400000e-07	-2.815713e-06	-3.190100e-09	-1.981784e+01	-1.893492e+02
6.500000e-07	-2.670129e-06	-3.124376e-09	-1.879317e+01	-1.852840e+02
6.600000e-07	-2.523566e-06	-3.054868e-09	-1.776162e+01	-1.810692e+02
6.700000e-07	-2.376253e-06	-2.976163e-09	-1.672479e+01	-1.767115e+02
6.800000e-07	-2.228220e-06	-2.893897e-09	-1.568289e+01	-1.722252e+02
6.900000e-07	-2.079485e-06	-2.816336e-09	-1.463604e+01	-1.676270e+02
7.000000e-07	-1.930006e-06	-2.740112e-09	-1.358396e+01	-1.629285e+02
7.100000e-07	-1.779864e-06	-2.660107e-09	-1.252722e+01	-1.581312e+02
7.200000e-07	-1.629122e-06	-2.578336e-09	-1.146625e+01	-1.532250e+02
7.300000e-07	-1.477740e-06	-2.495478e-09	-1.040078e+01	-1.481911e+02
7.400000e-07	-1.325834e-06	-2.410985e-09	-9.331620e+00	-1.430086e+02
7.500000e-07	-1.173549e-06	-2.318867e-09	-8.259790e+00	-1.376625e+02
7.600000e-07	-1.020867e-06	-2.221352e-09	-7.185172e+00	-1.321485e+02
7.700000e-07	-8.677698e-07	-2.125997e-09	-6.107625e+00	-1.264746e+02
7.800000e-07	-7.143390e-07	-2.032594e-09	-5.027733e+00	-1.206570e+02
7.900000e-07	-5.606675e-07	-1.933524e-09	-3.946146e+00	-1.147123e+02
8.000000e-07	-4.068133e-07	-1.828974e-09	-2.863275e+00	-1.086502e+02
8.100000e-07	-2.528539e-07	-1.726592e-09	-1.779662e+00	-1.024679e+02
8.200000e-07	-9.879461e-08	-1.624987e-09	-6.953462e-01	-9.615025e+01
8.300000e-07	5.533959e-08	-1.516133e-09	3.894967e-01	-8.967484e+01
8.400000e-07	2.094761e-07	-1.398847e-09	1.474356e+00	-8.302116e+01
8.500000e-07	3.635277e-07	-1.280989e-09	2.558617e+00	-7.617944e+01
8.600000e-07	5.174455e-07	-1.165368e-09	3.641938e+00	-6.915622e+01
8.700000e-07	6.711502e-07	-1.046163e-09	4.723757e+00	-6.197435e+01
8.800000e-07	8.245924e-07	-9.200138e-10	5.803730e+00	-5.466710e+01
8.900000e-07	9.777671e-07	-7.924512e-10	6.881820e+00	-4.726855e+01
9.000000e-07	1.130584e-06	-6.681901e-10	7.957392e+00	-3.980388e+01
9.100000e-07	1.282942e-06	-5.427064e-10	9.029733e+00	-3.228302e+01
9.200000e-07	1.434876e-06	-4.133856e-10	1.009909e+01	-2.469985e+01
9.300000e-07	1.586378e-06	-2.820998e-10	1.116541e+01	-1.703690e+01
9.400000e-07	1.737277e-06	-1.532153e-10	1.222748e+01	-9.273419e+00
9.500000e-07	1.887539e-06	-2.315913e-11	1.328507e+01	-1.393252e+00
9.600000e-07	2.037229e-06	1.145268e-10	1.433863e+01	6.610504e+00
9.700000e-07	2.186267e-06	2.539947e-10	1.538761e+01	1.473584e+01
9.800000e-07	2.334461e-06	3.906508e-10	1.643064e+01	2.297656e+01
9.900000e-07	2.481758e-06	5.284368e-10	1.746736e+01	3.132883e+01
1.000000e-06	2.628154e-06	6.737341e-10	1.849774e+01	3.979631e+01
1.010000e-06	2.773595e-06	8.215228e-10	1.952140e+01	4.839085e+01
1.020000e-06	2.918003e-06	9.646792e-10	2.053779e+01	5.712804e+01
1.030000e-06	3.061333e-06	1.108795e-09	2.154658e+01	6.601864e+01
1.040000e-06	3.203622e-06	1.261869e-09	2.254806e+01	7.505931e+01
1.050000e-06	3.344725e-06	1.420181e-09	2.354119e+01	8.422599e+01
1.060000e-06	3.484446e-06	1.576668e-09	2.452458e+01	9.347298e+01
1.070000e-06	3.622747e-06	1.731922e-09	2.549798e+01	1.027381e+02
1.080000e-06	3.759657e-06	1.889235e-09	2.646160e+01	1.119524e+02
1.090000e-06	3.895210e-06	2.045002e-09	2.741566e+01	1.210509e+02
1.100000e-06	4.029447e-06	2.193077e-09	2.836046e+01	1.299806e+02
1.110000e-06	4.162318e-06	2.335242e-09	2.929565e+01	1.387034e+02
1.120000e-06	4.293588e-06	2.477173e-09	3.021957e+01	1.471931e+02
1.130000e-06	4.423218e-06	2.618321e-09	3.113194e+01	1.554290e+02
1.140000e-06	4.551347e-06	2.753451e-09	3.203375e+01	1.633890e+02
1.150000e-06	4.677923e-06	2.880713e-09	3.292463e+01	1.710458e+02
1.160000e-06	4.802882e-06	3.002587e-09	3.380413e+01	1.783683e+02
1.170000e-06	4.926093e-06	3.118797e-09	3.467133e+01	1.853275e+02
1.180000e-06	5.047501e-06	3.226734e-09	3.552583e+01	1.919052e+02
1.190000e-06	5.167147e-06	3.327755e-09	3.636794e+01	1.981010e+02
1.200000e-06	5.284915e-06	3.425269e-09	3.719682e+01	2.039345e+02
1.210000e-06	5.400632e-06	3.520554e-09	3.801128e+01	2.094423e+02
1.220000e-06	5.514204e-06	3.611293e-09	3.881063e+01	2.146687e+02
1.230000e-06	5.625698e-06	3.696231e-09	3.959535e+01	2.196547e+02
1.240000e-06	5.735251e-06	3.776558e-09	4.036642e+01	2.244292e+02
1.250000e-06	5.842842e-06	3.854092e-09	4.112368e+01	2.290040e+02
1.260000e-06	5.948305e-06	3.928364e-09	4.186597e+01	2.333764e+02
1.270000e-06	6.051560e-06	3.996801e-09	4.259270e+01	2.375363e+02
1.280000e-06	6.152663e-06	4.061321e-09	4.330429e+01	2.414755e+02
1.290000e-06	6.251495e-06	4.124549e-09	4.399990e+01	2.451952e+02
1.300000e-06	6.347986e-06	4.186232e-09	4.467904e+01	2.487092e+02
1.310000e-06	6.442326e-06	4.244345e-09	4.534303e+01	2.520402e+02
1.320000e-06	6.534440e-06	4.298388e-09	4.599135e+01	2.552133e+02
1.330000e-06	6.624214e-06	4.351130e-09	4.662321e+01	2.582471e+02
1.340000e-06	6.711693e-06	4.401552e-09	4.723892e+01	2.611484e+02
1.350000e-06	6.796902e-06	4.448073e-09	4.783864e+01	2.639109e+02
1.360000e-06	6.879711e-06	4.490300e-09	4.842148e+01	2.665201e+02
1.370000e-06	6.960054e-06	4.531356e-09	4.898696e+01	2.689612e+02
1.380000e-06	7.037891e-06	4.572653e-09	4.953480e+01	2.712276e+02
1.390000e-06	7.113008e-06	4.609250e-09	5.006349e+01	2.733260e+02
1.400000e-06	7.185429e-06	4.640214e-09	5.057321e+01	2.752758e+02
1.410000e-06	7.255368e-06	4.669925e-09	5.106547e+01	2.771040e+02
1.420000e-06	7.322770e-06	4.701667e-09	5.153986e+01	2.788364e+02
1.430000e-06	7.387521e-06	4.731944e-09	5.199560e+01	2.804900e+02
1.440000e-06	7.449701e-06	4.758396e-09	5.243324e+01	2.820688e+02
1.450000e-06	7.509331e-06	4.783724e-09	5.285294e+01	2.835647e+02
1.460000e-06	7.566298e-06	4.807482e-09	5.325388e+01	2.849635e+02
1.470000e-06	7.620457e-06	4.827712e-09	5.363507e+01	2.862531e+02
1.480000e-06	7.671468e-06	4.843420e-09	5.399411e+01	2.874304e+02
1.490000e-06	7.719318e-06	4.857189e-09	5.433089e+01	2.885042e+02
1.500000e-06	7.764452e-06	4.873646e-09	5.464855e+01	2.894927e+02
1.510000e-06	7.806856e-06	4.892736e-09	5.494700e+01	2.904169e+02
1.520000e-06	7.846412e-06	4.909070e-09	5.522541e+01	2.912930e+02
1.530000e-06	7.883298e-06	4.923768e-09	5.548503e+01	2.921260e+02
1.540000e-06	7.917400e-06	4.939234e-09	5.572505e+01	2.929085e+02
1.550000e-06	7.948656e-06	4.951036e-09	5.594503e+01	2.936243e+02
1.560000e-06	7.977237e-06	4.958385e-09	5.614620e+01	2.942560e+02
1.570000e-06	8.002964e-06	4.964705e-09	5.632727e+01	2.947928e+02
1.580000e-06	8.025808e-06	4.972047e-09	5.648806e+01	2.952362e+02
1.590000e-06	8.045940e-06	4.979020e-09	5.662975e+01	2.956005e+02
1.600000e-06	8.063248e-06	4.983485e-09	5.675157e+01	2.959079e+02
1.610000e-06	8.077544e-06	4.986523e-09	5.685218e+01	2.961806e+02
1.620000e-06	8.088668e-06	4.990044e-09	5.693048e+01	2.964329e+02
1.630000e-06	8.096710e-06	4.994382e-09	5.698708e+01	2.966658e+02
1.640000e-06	8.101985e-06	4.996904e-09	5.702421e+01	2.968670e+02
1.650000e-06	8.104441e-06	4.998536e-09	5.704150e+01	2.970162e+02
1.660000e-06	8.104051e-06	5.001870e-09	5.703875e+01	2.970930e+02
1.670000e-06	8.101060e-06	5.005966e-09	5.701770e+01	2.970848e+02
1.680000e-06	8.095403e-06	5.004698e-09	5.697789e+01	2.969918e+02
1.690000e-06	8.087016e-06	4.999305e-09	5.691885e+01	2.968265e+02
1.700000e-06	8.075884e-06	4.994527e-09	5.684050e+01	2.966086e+02
1.710000e-06	8.061902e-06	4.991529e-09	5.674209e+01	2.963571e+02
1.720000e-06	8.045285e-06	4.983701e-09	5.662514e+01	2.960834e+02
1.730000e-06	8.026405e-06	4.968448e-09	5.649226e+01	2.957863e+02
1.740000e-06	8.005009e-06	4.974821e-09	5.634166e+01	2.954526e+02
1.750000e-06	7.980317e-06	5.005846e-09	5.616788e+01	2.950617e+02
1.760000e-06	7.951812e-06	4.993571e-09	5.596725e+01	2.945931e+02
1.770000e-06	7.919872e-06	4.957242e-09	5.574245e+01	2.940329e+02
1.780000e-06	7.885382e-06	4.935179e-09	5.549969e+01	2.933785e+02
1.790000e-06	7.848498e-06	4.912790e-09	5.524009e+01	2.926387e+02
1.800000e-06	7.809344e-06	4.895874e-09	5.496451e+01	2.918308e+02
1.810000e-06	7.768167e-06	4.925319e-09	5.467470e+01	2.909748e+02
1.820000e-06	7.724426e-06	4.883430e-09	5.436683e+01	2.900885e+02
1.830000e-06	7.677935e-06	4.858964e-09	5.403962e+01	2.891834e+02
1.840000e-06	7.628678e-06	4.877619e-09	5.369293e+01	2.882644e+02
1.850000e-06	7.576241e-06	4.823396e-09	5.332387e+01	2.873307e+02
1.860000e-06	7.520878e-06	4.828136e-09	5.293420e+01	2.863784e+02
1.870000e-06	7.462815e-06	4.757571e-09	5.252554e+01	2.854030e+02
1.880000e-06	7.402252e-06	4.763492e-09	5.209928e+01	2.844004e+02
1.890000e-06	7.339081e-06	4.798307e-09	5.165466e+01	2.833670e+02
1.900000e-06	7.273009e-06	4.729508e-09	5.118962e+01	2.822984e+02
1.910000e-06	7.204222e-06	4.758434e-09	5.070548e+01	2.811890e+02
1.920000e-06	7.132560e-06	4.713327e-09	5.020111e+01	2.800322e+02
1.930000e-06	7.058186e-06	4.679113e-09	4.967764e+01	2.788214e+02
1.940000e-06	6.981153e-06	4.652044e-09	4.913546e+01	2.775523e+02
1.950000e-06	6.901472e-06	4.610207e-09	4.857464e+01	2.762242e+02
1.960000e-06	6.819408e-06	4.636660e-09	4.799705e+01	2.748402e+02
1.970000e-06	6.734851e-06	4.599033e-09	4.740191e+01	2.734059e+02
1.980000e-06	6.647811e-06	4.604971e-09	4.678930e+01	2.719273e+02
1.990000e-06	6.558369e-06	4.549845e-09	4.615978e+01	2.704071e+02
2.000000e-06	6.466688e-06	4.510111e-09	4.551450e+01	2.688438e+02
2.010000e-06	6.372710e-06	4.489880e-09	4.485305e+01	2.672315e+02
2.020000e-06	6.276425e-06	4.434929e-09	4.417537e+01	2.655614e+02
2.030000e-06	6.177969e-06	4.431129e-09	4.348241e+01	2.638252e+02
2.040000e-06	6.077299e-06	4.400520e-09	4.277386e+01	2.620180e+02
2.050000e-06	5.974389e-06	4.394682e-09	4.204955e+01	2.601393e+02
2.060000e-06	5.869274e-06	4.343696e-09	4.130972e+01	2.581933e+02
2.070000e-06	5.762124e-06	4.299646e-09	4.055556e+01	2.561861e+02
2.080000e-06	5.652953e-06	4.261886e-09	3.978719e+01	2.541228e+02
2.090000e-06	5.541718e-06	4.228589e-09	3.900428e+01	2.520049e+02
2.100000e-06	5.428319e-06	4.195065e-09	3.820614e+01	2.498297e+02
2.110000e-06	5.312817e-06	4.161162e-09	3.739321e+01	2.475907e+02
2.120000e-06	5.195288e-06	4.130887e-09	3.656600e+01	2.452808e+02
2.130000e-06	5.075687e-06	4.087948e-09	3.572422e+01	2.428941e+02
2.140000e-06	4.954216e-06	4.044076e-09	3.486926e+01	2.404283e+02
2.150000e-06	4.830986e-06	3.988997e-09	3.400194e+01	2.378842e+02
2.160000e-06	4.706119e-06	3.955222e-09	3.312309e+01	2.352639e+02
2.170000e-06	4.579486e-06	3.912480e-09	3.223180e+01	2.325685e+02
2.180000e-06	4.451159e-06	3.876600e-09	3.132860e+01	2.297960e+02
2.190000e-06	4.321286e-06	3.822916e-09	3.041451e+01	2.269408e+02
2.200000e-06	4.189869e-06	3.777843e-09	2.948956e+01	2.239954e+02
2.210000e-06	4.057104e-06	3.722873e-09	2.855512e+01	2.209530e+02
2.220000e-06	3.922923e-06	3.663517e-09	2.761071e+01	2.178105e+02
2.230000e-06	3.787147e-06	3.608739e-09	2.665508e+01	2.145694e+02
2.240000e-06	3.649896e-06	3.556600e-09	2.568907e+01	2.112348e+02
2.250000e-06	3.511389e-06	3.512309e-09	2.471421e+01	2.078124e+02
2.260000e-06	3.371617e-06	3.453575e-09	2.373045e+01	2.043039e+02
2.270000e-06	3.230560e-06	3.393964e-09	2.273765e+01	2.007044e+02
2.280000e-06	3.088132e-06	3.328440e-09	2.173520e+01	1.970017e+02
2.290000e-06	2.944490e-06	3.264065e-09	2.072421e+01	1.931788e+02
2.300000e-06	2.799846e-06	3.193673e-09	1.970616e+01	1.892188e+02
2.310000e-06	2.654273e-06	3.121223e-09	1.868157e+01	1.851111e+02
2.320000e-06	2.507753e-06	3.052123e-09	1.765032e+01	1.808546e+02
2.330000e-06	2.360334e-06	2.986061e-09	1.661275e+01	1.764587e+02
2.340000e-06	2.212184e-06	2.913825e-09	1.557002e+01	1.719391e+02
2.350000e-06	2.063360e-06	2.837565e-09	1.452255e+01	1.673117e+02
2.360000e-06	1.913895e-06	2.757136e-09	1.347057e+01	1.625856e+02
2.370000e-06	1.763754e-06	2.676056e-09	1.241383e+01	1.577591e+02
2.380000e-06	1.612868e-06	2.585918e-09	1.135185e+01	1.528188e+02
2.390000e-06	1.461295e-06	2.495401e-09	1.028503e+01	1.477447e+02
2.400000e-06	1.309199e-06	2.408791e-09	9.214538e+00	1.425169e+02
2.410000e-06	1.156666e-06	2.323261e-09	8.140962e+00	1.371229e+02
2.420000e-06	1.003673e-06	2.233618e-09	7.064154e+00	1.315622e+02
2.430000e-06	8.503592e-07	2.135106e-09	5.985084e+00	1.258457e+02
2.440000e-06	6.968051e-07	2.034888e-09	4.904324e+00	1.199905e+02
2.450000e-06	5.429858e-07	1.932212e-09	3.821697e+00	1.140121e+02
2.460000e-06	3.889913e-07	1.828600e-09	2.737838e+00	1.079168e+02
2.470000e-06	2.348890e-07	1.719628e-09	1.653220e+00	1.016981e+02
2.480000e-06	8.067695e-08	1.611477e-09	5.678287e-01	9.533799e+01
2.490000e-06	-7.358955e-08	1.502699e-09	-5.179454e-01	8.881370e+01
2.500000e-06	-2.277939e-07	1.391197e-09	-1.603282e+00	8.210691e+01
2.510000e-06	-3.818610e-07	1.275872e-09	-2.687653e+00	7.521216e+01
2.520000e-06	-5.357520e-07	1.157383e-09	-3.770784e+00	6.814095e+01
2.530000e-06	-6.894672e-07	1.035975e-09	-4.852678e+00	6.091990e+01
2.540000e-06	-8.429198e-07	9.123253e-10	-5.932724e+00	5.358358e+01
2.550000e-06	-9.960367e-07	7.880336e-10	-7.010406e+00	4.616443e+01
2.560000e-06	-1.148800e-06	6.622142e-10	-8.085601e+00	3.868370e+01
2.570000e-06	-1.301170e-06	5.333064e-10	-9.158024e+00	3.114656e+01
2.580000e-06	-1.453080e-06	4.035137e-10	-1.022721e+01	2.354296e+01
2.590000e-06	-1.604436e-06	2.750078e-10	-1.129250e+01	1.585360e+01
2.600000e-06	-1.755118e-06	1.460819e-10	-1.235305e+01	8.058344e+00
2.610000e-06	-1.905051e-06	1.365419e-11	-1.340832e+01	1.434022e-01
2.620000e-06	-2.054266e-06	-1.229553e-10	-1.445854e+01	-7.895327e+00
2.630000e-06	-2.202774e-06	-2.619913e-10	-1.550379e+01	-1.605401e+01
2.640000e-06	-2.350567e-06	-4.034194e-10	-1.654400e+01	-2.432646e+01
2.650000e-06	-2.497572e-06	-5.457956e-10	-1.757866e+01	-3.271062e+01
2.660000e-06	-2.643674e-06	-6.883199e-10	-1.860697e+01	-4.121263e+01
2.670000e-06	-2.788867e-06	-8.322862e-10	-1.962889e+01	-4.984609e+01
2.680000e-06	-2.933064e-06	-9.802038e-10	-2.064379e+01	-5.862620e+01
2.690000e-06	-3.076080e-06	-1.129775e-09	-2.165037e+01	-6.756057e+01
2.700000e-06	-3.217837e-06	-1.283098e-09	-2.264811e+01	-7.664041e+01
2.710000e-06	-3.358335e-06	-1.440301e-09	-2.363698e+01	-8.583530e+01
2.720000e-06	-3.497580e-06	-1.598515e-09	-2.461702e+01	-9.509404e+01
2.730000e-06	-3.635553e-06	-1.754272e-09	-2.558812e+01	-1.043514e+02
2.740000e-06	-3.772246e-06	-1.906580e-09	-2.655020e+01	-1.135386e+02
2.750000e-06	-3.907508e-06	-2.058756e-09	-2.750222e+01	-1.225933e+02
2.760000e-06	-4.041208e-06	-2.208559e-09	-2.844324e+01	-1.314669e+02
2.770000e-06	-4.173480e-06	-2.354622e-09	-2.937421e+01	-1.401252e+02
2.780000e-06	-4.304345e-06	-2.497350e-09	-3.029528e+01	-1.485441e+02
2.790000e-06	-4.433749e-06	-2.637780e-09	-3.120606e+01	-1.567034e+02
2.800000e-06	-4.561673e-06	-2.772387e-09	-3.210643e+01	-1.645795e+02
2.810000e-06	-4.687889e-06	-2.899157e-09	-3.299478e+01	-1.721438e+02
2.820000e-06	-4.812393e-06	-3.022337e-09	-3.387107e+01	-1.793648e+02
2.830000e-06	-4.935228e-06	-3.139862e-09	-3.473562e+01	-1.862159e+02
2.840000e-06	-5.056312e-06	-3.249033e-09	-3.558785e+01	-1.926834e+02
2.850000e-06	-5.175475e-06	-3.349936e-09	-3.642656e+01	-1.987725e+02
2.860000e-06	-5.292520e-06	-3.445707e-09	-3.725035e+01	-2.045085e+02
2.870000e-06	-5.407440e-06	-3.538998e-09	-3.805920e+01	-2.099310e+02
2.880000e-06	-5.520180e-06	-3.626108e-09	-3.885269e+01	-2.150846e+02
2.890000e-06	-5.630774e-06	-3.707989e-09	-3.963108e+01	-2.200078e+02
2.900000e-06	-5.739412e-06	-3.787571e-09	-4.039571e+01	-2.247244e+02
2.910000e-06	-5.846147e-06	-3.864143e-09	-4.114694e+01	-2.292419e+02
2.920000e-06	-5.950845e-06	-3.935427e-09	-4.188384e+01	-2.335544e+02
2.930000e-06	-6.053305e-06	-4.001689e-09	-4.260498e+01	-2.376515e+02
2.940000e-06	-6.153532e-06	-4.067784e-09	-4.331041e+01	-2.415271e+02
2.950000e-06	-6.251673e-06	-4.131133e-09	-4.400116e+01	-2.451859e+02
2.960000e-06	-6.347656e-06	-4.187879e-09	-4.467671e+01	-2.486447e+02
2.970000e-06	-6.441281e-06	-4.239701e-09	-4.533567e+01	-2.519279e+02
2.980000e-06	-6.532584e-06	-4.291377e-09	-4.597830e+01	-2.550594e+02
2.990000e-06	-6.621677e-06	-4.342743e-09	-4.660536e+01	-2.580551e+02
3.000000e-06	-6.708410e-06	-4.389186e-09	-4.721581e+01	-2.609176e+02
3.010000e-06	-6.792661e-06	-4.432967e-09	-4.780880e+01	-2.636376e+02
3.020000e-06	-6.874588e-06	-4.476778e-09	-4.838542e+01	-2.661998e+02
3.030000e-06	-6.954149e-06	-4.518798e-09	-4.894540e+01	-2.685909e+02
3.040000e-06	-7.030999e-06	-4.554879e-09	-4.948629e+01	-2.708077e+02
3.050000e-06	-7.105112e-06	-4.586198e-09	-5.000792e+01	-2.728610e+02
3.060000e-06	-7.176647e-06	-4.618784e-09	-5.051140e+01	-2.747729e+02
3.070000e-06	-7.245616e-06	-4.651427e-09	-5.099683e+01	-2.765710e+02
3.080000e-06	-7.311997e-06	-4.678583e-09	-5.146403e+01	-2.782794e+02
3.090000e-06	-7.375855e-06	-4.702120e-09	-5.191349e+01	-2.799116e+02
3.100000e-06	-7.437098e-06	-4.727700e-09	-5.234454e+01	-2.814677e+02
3.110000e-06	-7.495626e-06	-4.754891e-09	-5.275647e+01	-2.829370e+02
3.120000e-06	-7.551454e-06	-4.779409e-09	-5.314941e+01	-2.843053e+02
3.130000e-06	-7.604443e-06	-4.800431e-09	-5.352236e+01	-2.855624e+02
3.140000e-06	-7.654365e-06	-4.823175e-09	-5.387372e+01	-2.867085e+02
3.150000e-06	-7.701215e-06	-4.846458e-09	-5.420347e+01	-2.877555e+02
3.160000e-06	-7.745411e-06	-4.863765e-09	-5.451454e+01	-2.887233e+02
3.170000e-06	-7.787156e-06	-4.874307e-09	-5.480835e+01	-2.896322e+02
3.180000e-06	-7.826221e-06	-4.885532e-09	-5.508330e+01	-2.904958e+02
3.190000e-06	-7.862494e-06	-4.900266e-09	-5.533860e+01	-2.913153e+02
3.200000e-06	-7.896061e-06	-4.913842e-09	-5.557486e+01	-2.920804e+02
3.210000e-06	-7.926770e-06	-4.924746e-09	-5.579099e+01	-2.927735e+02
3.220000e-06	-7.954554e-06	-4.937335e-09	-5.598655e+01	-2.933784e+02
3.230000e-06	-7.979568e-06	-4.951029e-09	-5.616260e+01	-2.938876e+02
3.240000e-06	-8.001659e-06	-4.960678e-09	-5.631809e+01	-2.943062e+02
3.250000e-06	-8.020902e-06	-4.965505e-09	-5.645353e+01	-2.946515e+02
3.260000e-06	-8.037450e-06	-4.968445e-09	-5.656999e+01	-2.949466e+02
3.270000e-06	-8.050958e-06	-4.972684e-09	-5.666507e+01	-2.952123e+02
3.280000e-06	-8.061315e-06	-4.976758e-09	-5.673796e+01	-2.954593e+02
3.290000e-06	-8.068710e-06	-4.979117e-09	-5.679001e+01	-2.956846e+02
3.300000e-06	-8.073200e-06	-4.982235e-09	-5.682161e+01	-2.958729e+02
3.310000e-06	-8.074970e-06	-4.990189e-09	-5.683407e+01	-2.960030e+02
