# Temperatura_=_35.76
# Concentracion g/m^3_=_11000.0
# C_Vs_to_Am_M_A/Vsm_=_59384043850.047264
# pendiente_HvsI_1/m_=_3716.3
# ordenada_HvsI_A/m_=_1297.0
# frecuencia_Hz_=_301732.11101125175

Tiempo_(s)	Campo_(V.s)	Magnetizacion_(V.s)	Campo_(kA/m)	Magnetizacion_(A/m)
0.000000e+00	-8.095196e-06	-5.003781e-09	-5.682867e+01	-2.968317e+02
1.000000e-08	-8.093136e-06	-5.009681e-09	-5.681420e+01	-2.968381e+02
2.000000e-08	-8.088306e-06	-5.006243e-09	-5.678029e+01	-2.967401e+02
3.000000e-08	-8.080902e-06	-4.998783e-09	-5.672832e+01	-2.965492e+02
4.000000e-08	-8.070705e-06	-4.993364e-09	-5.665674e+01	-2.962919e+02
5.000000e-08	-8.057636e-06	-4.986167e-09	-5.656499e+01	-2.959997e+02
6.000000e-08	-8.041681e-06	-4.976912e-09	-5.645298e+01	-2.956977e+02
7.000000e-08	-8.023021e-06	-4.972593e-09	-5.632199e+01	-2.953952e+02
8.000000e-08	-8.001964e-06	-4.976854e-09	-5.617417e+01	-2.950819e+02
9.000000e-08	-7.978063e-06	-4.971519e-09	-5.600638e+01	-2.947316e+02
1.000000e-07	-7.950820e-06	-4.940504e-09	-5.581514e+01	-2.943110e+02
1.100000e-07	-7.920426e-06	-4.927098e-09	-5.560177e+01	-2.937914e+02
1.200000e-07	-7.887205e-06	-4.935659e-09	-5.536855e+01	-2.931583e+02
1.300000e-07	-7.851309e-06	-4.932067e-09	-5.511656e+01	-2.924164e+02
1.400000e-07	-7.813044e-06	-4.913124e-09	-5.484794e+01	-2.915874e+02
1.500000e-07	-7.772631e-06	-4.899606e-09	-5.456424e+01	-2.907031e+02
1.600000e-07	-7.729700e-06	-4.891741e-09	-5.426286e+01	-2.897947e+02
1.700000e-07	-7.683905e-06	-4.862836e-09	-5.394138e+01	-2.888840e+02
1.800000e-07	-7.635394e-06	-4.860034e-09	-5.360083e+01	-2.879776e+02
1.900000e-07	-7.583902e-06	-4.838749e-09	-5.323935e+01	-2.870674e+02
2.000000e-07	-7.529347e-06	-4.826678e-09	-5.285637e+01	-2.861356e+02
2.100000e-07	-7.472062e-06	-4.827157e-09	-5.245423e+01	-2.851627e+02
2.200000e-07	-7.412104e-06	-4.793678e-09	-5.203333e+01	-2.841354e+02
2.300000e-07	-7.349524e-06	-4.779112e-09	-5.159401e+01	-2.830509e+02
2.400000e-07	-7.284185e-06	-4.734304e-09	-5.113533e+01	-2.819172e+02
2.500000e-07	-7.216098e-06	-4.719331e-09	-5.065735e+01	-2.807487e+02
2.600000e-07	-7.145348e-06	-4.715752e-09	-5.016068e+01	-2.795595e+02
2.700000e-07	-7.071796e-06	-4.687321e-09	-4.964435e+01	-2.783575e+02
2.800000e-07	-6.995505e-06	-4.680434e-09	-4.910878e+01	-2.771399e+02
2.900000e-07	-6.916534e-06	-4.665546e-09	-4.855440e+01	-2.758943e+02
3.000000e-07	-6.834905e-06	-4.640261e-09	-4.798136e+01	-2.746023e+02
3.100000e-07	-6.750916e-06	-4.591709e-09	-4.739175e+01	-2.732458e+02
3.200000e-07	-6.664716e-06	-4.564177e-09	-4.678662e+01	-2.718132e+02
3.300000e-07	-6.576193e-06	-4.548936e-09	-4.616519e+01	-2.703029e+02
3.400000e-07	-6.485283e-06	-4.525586e-09	-4.552700e+01	-2.687233e+02
3.500000e-07	-6.392056e-06	-4.510572e-09	-4.487254e+01	-2.670888e+02
3.600000e-07	-6.296539e-06	-4.479497e-09	-4.420201e+01	-2.654139e+02
3.700000e-07	-6.198632e-06	-4.454417e-09	-4.351470e+01	-2.637069e+02
3.800000e-07	-6.098411e-06	-4.418866e-09	-4.281114e+01	-2.619662e+02
3.900000e-07	-5.995997e-06	-4.374299e-09	-4.209219e+01	-2.601801e+02
4.000000e-07	-5.891487e-06	-4.338967e-09	-4.135852e+01	-2.583304e+02
4.100000e-07	-5.784825e-06	-4.319862e-09	-4.060975e+01	-2.563985e+02
4.200000e-07	-5.676048e-06	-4.303657e-09	-3.984613e+01	-2.543718e+02
4.300000e-07	-5.565288e-06	-4.260476e-09	-3.906859e+01	-2.522483e+02
4.400000e-07	-5.452500e-06	-4.215672e-09	-3.827681e+01	-2.500375e+02
4.500000e-07	-5.337550e-06	-4.178056e-09	-3.746985e+01	-2.477572e+02
4.600000e-07	-5.220372e-06	-4.136558e-09	-3.664726e+01	-2.454267e+02
4.700000e-07	-5.101248e-06	-4.086150e-09	-3.581100e+01	-2.430603e+02
4.800000e-07	-4.980339e-06	-4.043555e-09	-3.496222e+01	-2.406610e+02
4.900000e-07	-4.857609e-06	-4.016453e-09	-3.410065e+01	-2.382189e+02
5.000000e-07	-4.733072e-06	-3.986997e-09	-3.322639e+01	-2.357129e+02
5.100000e-07	-4.606858e-06	-3.939933e-09	-3.234036e+01	-2.331174e+02
5.200000e-07	-4.479053e-06	-3.882302e-09	-3.144317e+01	-2.304097e+02
5.300000e-07	-4.349592e-06	-3.830389e-09	-3.053435e+01	-2.275767e+02
5.400000e-07	-4.218525e-06	-3.784422e-09	-2.961424e+01	-2.246182e+02
5.500000e-07	-4.085913e-06	-3.731261e-09	-2.868330e+01	-2.215462e+02
5.600000e-07	-3.951896e-06	-3.674670e-09	-2.774250e+01	-2.183792e+02
5.700000e-07	-3.816375e-06	-3.628194e-09	-2.679114e+01	-2.151346e+02
5.800000e-07	-3.679348e-06	-3.580335e-09	-2.582920e+01	-2.118215e+02
5.900000e-07	-3.541021e-06	-3.517580e-09	-2.485814e+01	-2.084362e+02
6.000000e-07	-3.401360e-06	-3.446806e-09	-2.387771e+01	-2.049629e+02
6.100000e-07	-3.260237e-06	-3.383746e-09	-2.288702e+01	-2.013785e+02
6.200000e-07	-3.117768e-06	-3.326964e-09	-2.188688e+01	-1.976605e+02
6.300000e-07	-2.974185e-06	-3.265420e-09	-2.087892e+01	-1.937943e+02
6.400000e-07	-2.829460e-06	-3.198265e-09	-1.986294e+01	-1.897787e+02
6.500000e-07	-2.683603e-06	-3.130814e-09	-1.883902e+01	-1.856254e+02
6.600000e-07	-2.536852e-06	-3.060683e-09	-1.780882e+01	-1.813543e+02
6.700000e-07	-2.389317e-06	-2.982061e-09	-1.677312e+01	-1.769856e+02
6.800000e-07	-2.240974e-06	-2.899658e-09	-1.573175e+01	-1.725313e+02
6.900000e-07	-2.091823e-06	-2.822702e-09	-1.468469e+01	-1.679899e+02
7.000000e-07	-1.941943e-06	-2.750366e-09	-1.363254e+01	-1.633459e+02
7.100000e-07	-1.791509e-06	-2.674628e-09	-1.257648e+01	-1.585748e+02
7.200000e-07	-1.640569e-06	-2.591259e-09	-1.151687e+01	-1.536512e+02
7.300000e-07	-1.488949e-06	-2.502812e-09	-1.045249e+01	-1.485580e+02
7.400000e-07	-1.336510e-06	-2.415516e-09	-9.382366e+00	-1.432917e+02
7.500000e-07	-1.183560e-06	-2.324200e-09	-8.308647e+00	-1.378637e+02
7.600000e-07	-1.030269e-06	-2.226584e-09	-7.232538e+00	-1.322950e+02
7.700000e-07	-8.766064e-07	-2.128886e-09	-6.153819e+00	-1.266076e+02
7.800000e-07	-7.226724e-07	-2.036754e-09	-5.073194e+00	-1.208152e+02
7.900000e-07	-5.685558e-07	-1.942417e-09	-3.991289e+00	-1.149174e+02
8.000000e-07	-4.142771e-07	-1.837704e-09	-2.908245e+00	-1.088982e+02
8.100000e-07	-2.598515e-07	-1.730740e-09	-1.824170e+00	-1.027320e+02
8.200000e-07	-1.053083e-07	-1.625732e-09	-7.392691e-01	-9.639237e+01
8.300000e-07	4.931573e-08	-1.516725e-09	3.461988e-01	-8.986213e+01
8.400000e-07	2.039147e-07	-1.399308e-09	1.431491e+00	-8.313982e+01
8.500000e-07	3.583796e-07	-1.280693e-09	2.515842e+00	-7.624098e+01
8.600000e-07	5.126635e-07	-1.165642e-09	3.598922e+00	-6.919314e+01
8.700000e-07	6.667693e-07	-1.049523e-09	4.680752e+00	-6.202683e+01
8.800000e-07	8.206794e-07	-9.264729e-10	5.761209e+00	-5.476587e+01
8.900000e-07	9.743505e-07	-7.988101e-10	6.839987e+00	-4.742097e+01
9.000000e-07	1.127729e-06	-6.728774e-10	7.916715e+00	-3.998870e+01
9.100000e-07	1.280766e-06	-5.480416e-10	8.991038e+00	-3.245634e+01
9.200000e-07	1.433372e-06	-4.185266e-10	1.006234e+01	-2.481023e+01
9.300000e-07	1.585417e-06	-2.837857e-10	1.112970e+01	-1.704409e+01
9.400000e-07	1.736725e-06	-1.503235e-10	1.219189e+01	-9.163547e+00
9.500000e-07	1.887304e-06	-1.927713e-11	1.324897e+01	-1.184727e+00
9.600000e-07	2.037319e-06	1.153677e-10	1.430208e+01	6.872720e+00
9.700000e-07	2.186647e-06	2.538896e-10	1.535036e+01	1.499554e+01
9.800000e-07	2.335149e-06	3.916279e-10	1.639286e+01	2.318550e+01
9.900000e-07	2.482863e-06	5.297505e-10	1.742982e+01	3.146285e+01
1.000000e-06	2.629666e-06	6.745572e-10	1.846038e+01	3.986236e+01
1.010000e-06	2.775535e-06	8.238342e-10	1.948439e+01	4.842275e+01
1.020000e-06	2.920458e-06	9.704324e-10	2.050176e+01	5.717265e+01
1.030000e-06	3.064235e-06	1.116271e-09	2.151107e+01	6.611798e+01
1.040000e-06	3.206850e-06	1.268555e-09	2.251224e+01	7.523520e+01
1.050000e-06	3.348299e-06	1.426858e-09	2.350522e+01	8.447290e+01
1.060000e-06	3.488399e-06	1.583725e-09	2.448873e+01	9.376131e+01
1.070000e-06	3.627115e-06	1.737830e-09	2.546252e+01	1.030263e+02
1.080000e-06	3.764541e-06	1.893755e-09	2.642726e+01	1.122027e+02
1.090000e-06	3.900539e-06	2.049641e-09	2.738197e+01	1.212433e+02
1.100000e-06	4.035057e-06	2.197732e-09	2.832630e+01	1.301189e+02
1.110000e-06	4.168193e-06	2.337947e-09	2.926091e+01	1.388124e+02
1.120000e-06	4.299816e-06	2.477503e-09	3.018491e+01	1.473079e+02
1.130000e-06	4.429885e-06	2.619861e-09	3.109800e+01	1.555810e+02
1.140000e-06	4.558434e-06	2.757273e-09	3.200042e+01	1.635944e+02
1.150000e-06	4.685356e-06	2.884642e-09	3.289143e+01	1.713007e+02
1.160000e-06	4.810656e-06	3.006537e-09	3.377104e+01	1.786520e+02
1.170000e-06	4.934220e-06	3.123861e-09	3.463846e+01	1.856123e+02
1.180000e-06	5.056022e-06	3.231787e-09	3.549352e+01	1.921686e+02
1.190000e-06	5.176062e-06	3.330879e-09	3.633621e+01	1.983352e+02
1.200000e-06	5.294194e-06	3.426886e-09	3.716549e+01	2.041497e+02
1.210000e-06	5.410303e-06	3.522145e-09	3.798059e+01	2.096624e+02
1.220000e-06	5.524328e-06	3.614028e-09	3.878105e+01	2.149215e+02
1.230000e-06	5.636270e-06	3.700138e-09	3.956688e+01	2.199607e+02
1.240000e-06	5.746162e-06	3.782482e-09	4.033833e+01	2.247928e+02
1.250000e-06	5.854083e-06	3.861203e-09	4.109594e+01	2.294116e+02
1.260000e-06	5.959908e-06	3.934642e-09	4.183884e+01	2.338010e+02
1.270000e-06	6.063495e-06	4.002055e-09	4.256602e+01	2.379476e+02
1.280000e-06	6.164927e-06	4.064872e-09	4.327808e+01	2.418511e+02
1.290000e-06	6.264171e-06	4.126887e-09	4.397478e+01	2.455288e+02
1.300000e-06	6.361089e-06	4.188393e-09	4.465515e+01	2.490129e+02
1.310000e-06	6.455739e-06	4.247349e-09	4.531960e+01	2.523402e+02
1.320000e-06	6.548157e-06	4.303203e-09	4.596837e+01	2.555403e+02
1.330000e-06	6.638295e-06	4.356757e-09	4.660115e+01	2.586260e+02
1.340000e-06	6.726078e-06	4.407675e-09	4.721739e+01	2.615895e+02
1.350000e-06	6.811529e-06	4.454108e-09	4.781726e+01	2.644076e+02
1.360000e-06	6.894614e-06	4.496809e-09	4.840052e+01	2.670526e+02
1.370000e-06	6.975247e-06	4.537169e-09	4.896657e+01	2.695044e+02
1.380000e-06	7.053337e-06	4.576813e-09	4.951476e+01	2.717613e+02
1.390000e-06	7.128768e-06	4.614153e-09	5.004429e+01	2.738425e+02
1.400000e-06	7.201537e-06	4.648766e-09	5.055514e+01	2.757830e+02
1.410000e-06	7.271727e-06	4.681775e-09	5.104787e+01	2.776230e+02
1.420000e-06	7.339371e-06	4.713325e-09	5.152273e+01	2.793944e+02
1.430000e-06	7.404388e-06	4.742118e-09	5.197916e+01	2.811110e+02
1.440000e-06	7.466853e-06	4.768726e-09	5.241766e+01	2.827659e+02
1.450000e-06	7.526728e-06	4.794653e-09	5.283799e+01	2.843358e+02
1.460000e-06	7.583874e-06	4.817301e-09	5.323916e+01	2.857925e+02
1.470000e-06	7.638211e-06	4.838486e-09	5.362061e+01	2.871150e+02
1.480000e-06	7.689412e-06	4.858995e-09	5.398004e+01	2.882988e+02
1.490000e-06	7.737466e-06	4.877765e-09	5.431738e+01	2.893587e+02
1.500000e-06	7.782836e-06	4.894372e-09	5.463588e+01	2.903236e+02
1.510000e-06	7.825481e-06	4.910576e-09	5.493525e+01	2.912262e+02
1.520000e-06	7.865280e-06	4.926980e-09	5.521464e+01	2.920908e+02
1.530000e-06	7.902369e-06	4.942875e-09	5.547501e+01	2.929255e+02
1.540000e-06	7.936615e-06	4.956351e-09	5.571541e+01	2.937197e+02
1.550000e-06	7.968081e-06	4.966219e-09	5.593631e+01	2.944503e+02
1.560000e-06	7.996901e-06	4.973498e-09	5.613863e+01	2.950914e+02
1.570000e-06	8.022802e-06	4.980552e-09	5.632045e+01	2.956262e+02
1.580000e-06	8.045766e-06	4.989332e-09	5.648166e+01	2.960545e+02
1.590000e-06	8.066027e-06	4.996605e-09	5.662389e+01	2.963938e+02
1.600000e-06	8.083455e-06	5.002379e-09	5.674624e+01	2.966734e+02
1.610000e-06	8.097882e-06	5.006518e-09	5.684752e+01	2.969234e+02
1.620000e-06	8.109172e-06	5.008877e-09	5.692678e+01	2.971641e+02
1.630000e-06	8.117395e-06	5.011133e-09	5.698450e+01	2.973977e+02
1.640000e-06	8.122871e-06	5.013987e-09	5.702294e+01	2.976081e+02
1.650000e-06	8.125514e-06	5.017166e-09	5.704150e+01	2.977670e+02
1.660000e-06	8.125289e-06	5.020832e-09	5.703991e+01	2.978447e+02
1.670000e-06	8.122418e-06	5.023543e-09	5.701976e+01	2.978214e+02
1.680000e-06	8.116828e-06	5.021126e-09	5.698052e+01	2.976952e+02
1.690000e-06	8.108492e-06	5.014785e-09	5.692200e+01	2.974825e+02
1.700000e-06	8.097390e-06	5.006474e-09	5.684406e+01	2.972123e+02
1.710000e-06	8.083400e-06	5.000347e-09	5.674586e+01	2.969156e+02
1.720000e-06	8.066781e-06	4.995354e-09	5.662919e+01	2.966136e+02
1.730000e-06	8.047872e-06	4.990670e-09	5.649645e+01	2.963101e+02
1.740000e-06	8.026443e-06	4.988538e-09	5.634601e+01	2.959897e+02
1.750000e-06	8.001830e-06	5.014441e-09	5.617323e+01	2.956230e+02
1.760000e-06	7.973503e-06	5.007403e-09	5.597437e+01	2.951769e+02
1.770000e-06	7.941705e-06	4.969704e-09	5.575115e+01	2.946258e+02
1.780000e-06	7.907216e-06	4.944804e-09	5.550904e+01	2.939606e+02
1.790000e-06	7.870207e-06	4.931337e-09	5.524923e+01	2.931913e+02
1.800000e-06	7.830977e-06	4.911870e-09	5.497383e+01	2.923434e+02
1.810000e-06	7.789877e-06	4.929139e-09	5.468531e+01	2.914495e+02
1.820000e-06	7.746209e-06	4.910657e-09	5.437876e+01	2.905391e+02
1.830000e-06	7.699701e-06	4.857806e-09	5.405227e+01	2.896300e+02
1.840000e-06	7.650442e-06	4.873730e-09	5.370647e+01	2.887242e+02
1.850000e-06	7.597996e-06	4.830488e-09	5.333830e+01	2.878101e+02
1.860000e-06	7.542615e-06	4.830546e-09	5.294952e+01	2.868687e+02
1.870000e-06	7.484528e-06	4.791292e-09	5.254175e+01	2.858815e+02
1.880000e-06	7.423747e-06	4.779330e-09	5.211506e+01	2.848379e+02
1.890000e-06	7.360361e-06	4.819894e-09	5.167009e+01	2.837384e+02
1.900000e-06	7.294227e-06	4.743102e-09	5.120582e+01	2.825935e+02
1.910000e-06	7.225325e-06	4.749017e-09	5.072212e+01	2.814180e+02
1.920000e-06	7.153540e-06	4.712563e-09	5.021819e+01	2.802251e+02
1.930000e-06	7.079094e-06	4.677207e-09	4.969558e+01	2.790196e+02
1.940000e-06	7.001953e-06	4.670706e-09	4.915404e+01	2.777960e+02
1.950000e-06	6.922125e-06	4.627407e-09	4.859365e+01	2.765394e+02
1.960000e-06	6.839934e-06	4.656053e-09	4.801666e+01	2.752309e+02
1.970000e-06	6.755265e-06	4.615563e-09	4.742228e+01	2.738537e+02
1.980000e-06	6.668114e-06	4.602334e-09	4.681048e+01	2.723988e+02
1.990000e-06	6.578562e-06	4.554592e-09	4.618182e+01	2.708678e+02
2.000000e-06	6.486790e-06	4.507776e-09	4.553758e+01	2.692712e+02
2.010000e-06	6.392706e-06	4.499816e-09	4.487710e+01	2.676241e+02
2.020000e-06	6.296251e-06	4.448800e-09	4.419998e+01	2.659399e+02
2.030000e-06	6.197609e-06	4.448434e-09	4.350751e+01	2.642241e+02
2.040000e-06	6.096724e-06	4.418005e-09	4.279929e+01	2.624724e+02
2.050000e-06	5.993592e-06	4.406270e-09	4.207530e+01	2.606704e+02
2.060000e-06	5.888278e-06	4.356923e-09	4.133599e+01	2.587992e+02
2.070000e-06	5.780930e-06	4.306530e-09	4.058241e+01	2.568413e+02
2.080000e-06	5.671529e-06	4.270982e-09	3.981440e+01	2.547869e+02
2.090000e-06	5.559975e-06	4.235037e-09	3.903129e+01	2.526374e+02
2.100000e-06	5.446289e-06	4.209626e-09	3.823321e+01	2.504050e+02
2.110000e-06	5.330506e-06	4.176056e-09	3.742041e+01	2.481087e+02
2.120000e-06	5.212708e-06	4.148531e-09	3.659346e+01	2.457672e+02
2.130000e-06	5.092884e-06	4.104399e-09	3.575229e+01	2.433920e+02
2.140000e-06	4.971170e-06	4.059304e-09	3.489785e+01	2.409823e+02
2.150000e-06	4.847672e-06	3.998280e-09	3.403089e+01	2.385246e+02
2.160000e-06	4.722426e-06	3.960992e-09	3.315166e+01	2.359960e+02
2.170000e-06	4.595453e-06	3.921540e-09	3.226030e+01	2.333708e+02
2.180000e-06	4.466846e-06	3.887770e-09	3.135747e+01	2.306283e+02
2.190000e-06	4.336790e-06	3.837367e-09	3.044448e+01	2.277591e+02
2.200000e-06	4.205202e-06	3.789746e-09	2.952072e+01	2.247669e+02
2.210000e-06	4.072022e-06	3.734833e-09	2.858579e+01	2.216660e+02
2.220000e-06	3.937413e-06	3.669414e-09	2.764083e+01	2.184756e+02
2.230000e-06	3.801368e-06	3.614730e-09	2.668578e+01	2.152113e+02
2.240000e-06	3.663904e-06	3.561741e-09	2.572078e+01	2.118788e+02
2.250000e-06	3.525149e-06	3.520620e-09	2.474671e+01	2.084707e+02
2.260000e-06	3.384978e-06	3.460641e-09	2.376271e+01	2.049684e+02
2.270000e-06	3.243498e-06	3.398609e-09	2.276951e+01	2.013482e+02
2.280000e-06	3.100852e-06	3.331011e-09	2.176813e+01	1.975891e+02
2.290000e-06	2.956996e-06	3.265057e-09	2.075825e+01	1.936800e+02
2.300000e-06	2.812064e-06	3.193102e-09	1.974082e+01	1.896236e+02
2.310000e-06	2.666297e-06	3.119573e-09	1.871753e+01	1.854347e+02
2.320000e-06	2.519602e-06	3.052578e-09	1.768773e+01	1.811342e+02
2.330000e-06	2.371902e-06	2.986621e-09	1.665087e+01	1.767406e+02
2.340000e-06	2.223302e-06	2.912986e-09	1.560769e+01	1.722625e+02
2.350000e-06	2.073962e-06	2.833072e-09	1.455931e+01	1.676942e+02
2.360000e-06	1.924001e-06	2.752377e-09	1.350658e+01	1.630169e+02
2.370000e-06	1.773343e-06	2.670936e-09	1.244895e+01	1.582049e+02
2.380000e-06	1.622071e-06	2.584445e-09	1.138702e+01	1.532343e+02
2.390000e-06	1.470182e-06	2.494995e-09	1.032075e+01	1.480916e+02
2.400000e-06	1.317689e-06	2.408445e-09	9.250240e+00	1.427776e+02
2.410000e-06	1.164703e-06	2.318783e-09	8.176270e+00	1.373073e+02
2.420000e-06	1.011325e-06	2.225776e-09	7.099549e+00	1.317030e+02
2.430000e-06	8.576795e-07	2.125061e-09	6.020951e+00	1.259850e+02
2.440000e-06	7.038376e-07	2.024480e-09	4.940973e+00	1.201636e+02
2.450000e-06	5.498302e-07	1.924495e-09	3.859834e+00	1.142335e+02
2.460000e-06	3.956561e-07	1.824431e-09	2.777524e+00	1.081754e+02
2.470000e-06	2.413301e-07	1.718264e-09	1.694149e+00	1.019624e+02
2.480000e-06	8.686279e-08	1.609069e-09	6.097810e-01	9.556977e+01
2.490000e-06	-6.760875e-08	1.499852e-09	-4.746167e-01	8.898430e+01
2.500000e-06	-2.220093e-07	1.386066e-09	-1.558516e+00	8.220958e+01
2.510000e-06	-3.763081e-07	1.267138e-09	-2.641701e+00	7.526532e+01
2.520000e-06	-5.303905e-07	1.144268e-09	-3.723367e+00	6.818092e+01
2.530000e-06	-6.842957e-07	1.023090e-09	-4.803789e+00	6.098591e+01
2.540000e-06	-8.380115e-07	9.015431e-10	-5.882881e+00	5.370081e+01
2.550000e-06	-9.915006e-07	7.784449e-10	-6.960382e+00	4.633211e+01
2.560000e-06	-1.144747e-06	6.522979e-10	-8.036177e+00	3.887303e+01
2.570000e-06	-1.297610e-06	5.249335e-10	-9.109285e+00	3.130965e+01
2.580000e-06	-1.449936e-06	3.965368e-10	-1.017862e+01	2.362969e+01
2.590000e-06	-1.601589e-06	2.654725e-10	-1.124323e+01	1.583003e+01
2.600000e-06	-1.752561e-06	1.318580e-10	-1.230306e+01	7.919714e+00
2.610000e-06	-1.902861e-06	-3.343111e-12	-1.335818e+01	-8.321036e-02
2.620000e-06	-2.052501e-06	-1.391296e-10	-1.440866e+01	-8.159882e+00
2.630000e-06	-2.201525e-06	-2.771319e-10	-1.545481e+01	-1.630062e+01
2.640000e-06	-2.349835e-06	-4.166774e-10	-1.649596e+01	-2.451243e+01
2.650000e-06	-2.497264e-06	-5.556768e-10	-1.753092e+01	-3.282044e+01
2.660000e-06	-2.643687e-06	-6.956251e-10	-1.855881e+01	-4.126186e+01
2.670000e-06	-2.789209e-06	-8.394451e-10	-1.958038e+01	-4.987399e+01
2.680000e-06	-2.933813e-06	-9.875542e-10	-2.059551e+01	-5.868007e+01
2.690000e-06	-3.077293e-06	-1.139006e-09	-2.160274e+01	-6.767796e+01
2.700000e-06	-3.219538e-06	-1.293316e-09	-2.260131e+01	-7.683561e+01
2.710000e-06	-3.360551e-06	-1.451519e-09	-2.359123e+01	-8.609511e+01
2.720000e-06	-3.500366e-06	-1.610678e-09	-2.457273e+01	-9.538393e+01
2.730000e-06	-3.638820e-06	-1.766270e-09	-2.554469e+01	-1.046293e+02
2.740000e-06	-3.775893e-06	-1.917601e-09	-2.650695e+01	-1.137706e+02
2.750000e-06	-3.911589e-06	-2.067797e-09	-2.745954e+01	-1.227661e+02
2.760000e-06	-4.045788e-06	-2.217357e-09	-2.840163e+01	-1.315909e+02
2.770000e-06	-4.178554e-06	-2.364549e-09	-2.933365e+01	-1.402293e+02
2.780000e-06	-4.309834e-06	-2.507452e-09	-3.025524e+01	-1.486640e+02
2.790000e-06	-4.439570e-06	-2.645322e-09	-3.116599e+01	-1.568670e+02
2.800000e-06	-4.567780e-06	-2.778968e-09	-3.206603e+01	-1.647975e+02
2.810000e-06	-4.694345e-06	-2.907723e-09	-3.295453e+01	-1.724067e+02
2.820000e-06	-4.819188e-06	-3.031315e-09	-3.383093e+01	-1.796488e+02
2.830000e-06	-4.942307e-06	-3.147428e-09	-3.469523e+01	-1.864936e+02
2.840000e-06	-5.063724e-06	-3.257211e-09	-3.554759e+01	-1.929356e+02
2.850000e-06	-5.183308e-06	-3.360881e-09	-3.638707e+01	-1.989967e+02
2.860000e-06	-5.300894e-06	-3.456640e-09	-3.721253e+01	-2.047193e+02
2.870000e-06	-5.416325e-06	-3.546391e-09	-3.802286e+01	-2.101548e+02
2.880000e-06	-5.529465e-06	-3.631719e-09	-3.881711e+01	-2.153483e+02
2.890000e-06	-5.640428e-06	-3.715342e-09	-3.959608e+01	-2.203277e+02
2.900000e-06	-5.749388e-06	-3.796457e-09	-4.036098e+01	-2.250998e+02
2.910000e-06	-5.856420e-06	-3.871610e-09	-4.111235e+01	-2.296546e+02
2.920000e-06	-5.961439e-06	-3.943419e-09	-4.184958e+01	-2.339753e+02
2.930000e-06	-6.064264e-06	-4.012705e-09	-4.257142e+01	-2.380514e+02
2.940000e-06	-6.164814e-06	-4.078439e-09	-4.327729e+01	-2.418875e+02
2.950000e-06	-6.263153e-06	-4.137850e-09	-4.396764e+01	-2.455060e+02
2.960000e-06	-6.359384e-06	-4.191789e-09	-4.464318e+01	-2.489413e+02
2.970000e-06	-6.453432e-06	-4.244778e-09	-4.530340e+01	-2.522296e+02
2.980000e-06	-6.545153e-06	-4.296878e-09	-4.594728e+01	-2.553964e+02
2.990000e-06	-6.634612e-06	-4.348312e-09	-4.657530e+01	-2.584484e+02
3.000000e-06	-6.721739e-06	-4.398391e-09	-4.718693e+01	-2.613729e+02
3.010000e-06	-6.806349e-06	-4.446570e-09	-4.778090e+01	-2.641440e+02
3.020000e-06	-6.888527e-06	-4.490185e-09	-4.835779e+01	-2.667349e+02
3.030000e-06	-6.968320e-06	-4.527779e-09	-4.891794e+01	-2.691300e+02
3.040000e-06	-7.045530e-06	-4.561449e-09	-4.945996e+01	-2.713337e+02
3.050000e-06	-7.120010e-06	-4.593222e-09	-4.998281e+01	-2.733703e+02
3.060000e-06	-7.191879e-06	-4.624634e-09	-5.048733e+01	-2.752779e+02
3.070000e-06	-7.261176e-06	-4.654871e-09	-5.097380e+01	-2.770954e+02
3.080000e-06	-7.327869e-06	-4.685109e-09	-5.144199e+01	-2.788503e+02
3.090000e-06	-7.392019e-06	-4.714146e-09	-5.189232e+01	-2.805506e+02
3.100000e-06	-7.453500e-06	-4.740996e-09	-5.232393e+01	-2.821837e+02
3.110000e-06	-7.512249e-06	-4.767078e-09	-5.273635e+01	-2.837238e+02
3.120000e-06	-7.568284e-06	-4.791763e-09	-5.312972e+01	-2.851435e+02
3.130000e-06	-7.621475e-06	-4.812787e-09	-5.350312e+01	-2.864257e+02
3.140000e-06	-7.671643e-06	-4.833502e-09	-5.385530e+01	-2.875715e+02
3.150000e-06	-7.718740e-06	-4.853561e-09	-5.418593e+01	-2.886006e+02
3.160000e-06	-7.763126e-06	-4.869858e-09	-5.449752e+01	-2.895443e+02
3.170000e-06	-7.805089e-06	-4.882335e-09	-5.479210e+01	-2.904338e+02
3.180000e-06	-7.844342e-06	-4.895098e-09	-5.506765e+01	-2.912896e+02
3.190000e-06	-7.880758e-06	-4.909362e-09	-5.532330e+01	-2.921143e+02
3.200000e-06	-7.914479e-06	-4.921897e-09	-5.556002e+01	-2.928928e+02
3.210000e-06	-7.945354e-06	-4.933623e-09	-5.577677e+01	-2.936000e+02
3.220000e-06	-7.973292e-06	-4.946221e-09	-5.597289e+01	-2.942115e+02
3.230000e-06	-7.998452e-06	-4.960655e-09	-5.614952e+01	-2.947148e+02
3.240000e-06	-8.020755e-06	-4.970214e-09	-5.630608e+01	-2.951149e+02
3.250000e-06	-8.040156e-06	-4.973311e-09	-5.644228e+01	-2.954336e+02
3.260000e-06	-8.056811e-06	-4.975397e-09	-5.655920e+01	-2.957016e+02
3.270000e-06	-8.070459e-06	-4.978956e-09	-5.665501e+01	-2.959474e+02
3.280000e-06	-8.080971e-06	-4.982020e-09	-5.672880e+01	-2.961863e+02
3.290000e-06	-8.088580e-06	-4.982746e-09	-5.678222e+01	-2.964154e+02
3.300000e-06	-8.093315e-06	-4.985501e-09	-5.681546e+01	-2.966140e+02
3.310000e-06	-8.095221e-06	-4.994003e-09	-5.682884e+01	-2.967522e+02
