# Temperatura_=_24.68
# Concentracion g/m^3_=_11000.0
# C_Vs_to_Am_M_A/Vsm_=_59384043850.047264
# pendiente_HvsI_1/m_=_3716.3
# ordenada_HvsI_A/m_=_1297.0
# frecuencia_Hz_=_301253.6988539441

Tiempo_(s)	Campo_(V.s)	Magnetizacion_(V.s)	Campo_(kA/m)	Magnetizacion_(A/m)
0.000000e+00	-5.385320e-06	-3.258348e-09	-3.843406e+01	-1.928851e+02
1.000000e-08	-5.382736e-06	-3.257387e-09	-3.841562e+01	-1.931026e+02
2.000000e-08	-5.378307e-06	-3.262914e-09	-3.838401e+01	-1.933273e+02
3.000000e-08	-5.372251e-06	-3.269931e-09	-3.834079e+01	-1.935300e+02
4.000000e-08	-5.364570e-06	-3.273682e-09	-3.828597e+01	-1.936658e+02
5.000000e-08	-5.355098e-06	-3.270400e-09	-3.821837e+01	-1.936886e+02
6.000000e-08	-5.343616e-06	-3.269311e-09	-3.813642e+01	-1.935683e+02
7.000000e-08	-5.330240e-06	-3.279689e-09	-3.804096e+01	-1.933024e+02
8.000000e-08	-5.314746e-06	-3.240172e-09	-3.793039e+01	-1.929185e+02
9.000000e-08	-5.296869e-06	-3.175039e-09	-3.780280e+01	-1.924673e+02
1.000000e-07	-5.276893e-06	-3.182154e-09	-3.766023e+01	-1.920066e+02
1.100000e-07	-5.255057e-06	-3.218957e-09	-3.750440e+01	-1.915830e+02
1.200000e-07	-5.231626e-06	-3.262346e-09	-3.733717e+01	-1.912170e+02
1.300000e-07	-5.206897e-06	-3.315299e-09	-3.716069e+01	-1.908972e+02
1.400000e-07	-5.180607e-06	-3.192007e-09	-3.697306e+01	-1.905848e+02
1.500000e-07	-5.152406e-06	-3.136163e-09	-3.677179e+01	-1.902272e+02
1.600000e-07	-5.122565e-06	-3.243848e-09	-3.655882e+01	-1.897760e+02
1.700000e-07	-5.091198e-06	-3.154874e-09	-3.633496e+01	-1.892026e+02
1.800000e-07	-5.057808e-06	-3.114584e-09	-3.609666e+01	-1.885064e+02
1.900000e-07	-5.022455e-06	-3.153496e-09	-3.584436e+01	-1.877124e+02
2.000000e-07	-4.985573e-06	-3.129697e-09	-3.558113e+01	-1.868612e+02
2.100000e-07	-4.946977e-06	-3.185415e-09	-3.530568e+01	-1.859930e+02
2.200000e-07	-4.906704e-06	-3.133924e-09	-3.501826e+01	-1.851333e+02
2.300000e-07	-4.864620e-06	-3.019328e-09	-3.471792e+01	-1.842855e+02
2.400000e-07	-4.820554e-06	-3.061381e-09	-3.440343e+01	-1.834304e+02
2.500000e-07	-4.774717e-06	-3.075660e-09	-3.407629e+01	-1.825362e+02
2.600000e-07	-4.727038e-06	-3.059830e-09	-3.373602e+01	-1.815704e+02
2.700000e-07	-4.677395e-06	-3.029621e-09	-3.338173e+01	-1.805127e+02
2.800000e-07	-4.625699e-06	-2.993296e-09	-3.301278e+01	-1.793618e+02
2.900000e-07	-4.572107e-06	-3.015316e-09	-3.263031e+01	-1.781346e+02
3.000000e-07	-4.516930e-06	-2.979069e-09	-3.223652e+01	-1.768592e+02
3.100000e-07	-4.460209e-06	-2.914472e-09	-3.183171e+01	-1.755639e+02
3.200000e-07	-4.401738e-06	-2.897089e-09	-3.141441e+01	-1.742666e+02
3.300000e-07	-4.341589e-06	-2.935377e-09	-3.098514e+01	-1.729698e+02
3.400000e-07	-4.280063e-06	-2.909841e-09	-3.054603e+01	-1.716613e+02
3.500000e-07	-4.217159e-06	-2.821301e-09	-3.009710e+01	-1.703206e+02
3.600000e-07	-4.152839e-06	-2.812228e-09	-2.963806e+01	-1.689285e+02
3.700000e-07	-4.086873e-06	-2.813336e-09	-2.916728e+01	-1.674746e+02
3.800000e-07	-4.019146e-06	-2.775527e-09	-2.868392e+01	-1.659606e+02
3.900000e-07	-3.950007e-06	-2.744451e-09	-2.819048e+01	-1.643991e+02
4.000000e-07	-3.879648e-06	-2.730908e-09	-2.768835e+01	-1.628062e+02
4.100000e-07	-3.807999e-06	-2.728144e-09	-2.717700e+01	-1.611942e+02
4.200000e-07	-3.734942e-06	-2.680703e-09	-2.665560e+01	-1.595648e+02
4.300000e-07	-3.660292e-06	-2.617918e-09	-2.612285e+01	-1.579082e+02
4.400000e-07	-3.584071e-06	-2.594176e-09	-2.557887e+01	-1.562058e+02
4.500000e-07	-3.506417e-06	-2.594040e-09	-2.502466e+01	-1.544380e+02
4.600000e-07	-3.427352e-06	-2.569090e-09	-2.446039e+01	-1.525915e+02
4.700000e-07	-3.346882e-06	-2.516093e-09	-2.388610e+01	-1.506651e+02
4.800000e-07	-3.265144e-06	-2.493954e-09	-2.330274e+01	-1.486703e+02
4.900000e-07	-3.182344e-06	-2.472808e-09	-2.271181e+01	-1.466274e+02
5.000000e-07	-3.098543e-06	-2.423197e-09	-2.211374e+01	-1.445580e+02
5.100000e-07	-3.013873e-06	-2.364443e-09	-2.150947e+01	-1.424771e+02
5.200000e-07	-2.928268e-06	-2.334857e-09	-2.089852e+01	-1.403885e+02
5.300000e-07	-2.841621e-06	-2.325867e-09	-2.028014e+01	-1.382833e+02
5.400000e-07	-2.754049e-06	-2.288431e-09	-1.965515e+01	-1.361442e+02
5.500000e-07	-2.665586e-06	-2.236644e-09	-1.902381e+01	-1.339521e+02
5.600000e-07	-2.576170e-06	-2.202122e-09	-1.838566e+01	-1.316928e+02
5.700000e-07	-2.485588e-06	-2.182166e-09	-1.773919e+01	-1.293618e+02
5.800000e-07	-2.393873e-06	-2.135209e-09	-1.708464e+01	-1.269646e+02
5.900000e-07	-2.301427e-06	-2.070107e-09	-1.642487e+01	-1.245136e+02
6.000000e-07	-2.208366e-06	-2.031694e-09	-1.576071e+01	-1.220227e+02
6.100000e-07	-2.114514e-06	-2.012692e-09	-1.509090e+01	-1.195016e+02
6.200000e-07	-2.019888e-06	-1.972908e-09	-1.441557e+01	-1.169525e+02
6.300000e-07	-1.924580e-06	-1.912039e-09	-1.373538e+01	-1.143701e+02
6.400000e-07	-1.828608e-06	-1.871217e-09	-1.305045e+01	-1.117444e+02
6.500000e-07	-1.732064e-06	-1.847072e-09	-1.236143e+01	-1.090653e+02
6.600000e-07	-1.634821e-06	-1.800630e-09	-1.166743e+01	-1.063262e+02
6.700000e-07	-1.536829e-06	-1.731074e-09	-1.096807e+01	-1.035260e+02
6.800000e-07	-1.438240e-06	-1.681287e-09	-1.026446e+01	-1.006684e+02
6.900000e-07	-1.339038e-06	-1.652997e-09	-9.556472e+00	-9.775895e+01
7.000000e-07	-1.239232e-06	-1.607182e-09	-8.844177e+00	-9.480135e+01
7.100000e-07	-1.139032e-06	-1.542354e-09	-8.129069e+00	-9.179536e+01
7.200000e-07	-1.038605e-06	-1.490503e-09	-7.412338e+00	-8.873652e+01
7.300000e-07	-9.379326e-07	-1.455833e-09	-6.693856e+00	-8.561826e+01
7.400000e-07	-8.369751e-07	-1.404911e-09	-5.973341e+00	-8.243544e+01
7.500000e-07	-7.356994e-07	-1.332566e-09	-5.250554e+00	-7.918755e+01
7.600000e-07	-6.340996e-07	-1.273447e-09	-4.525454e+00	-7.588023e+01
7.700000e-07	-5.322442e-07	-1.234020e-09	-3.798531e+00	-7.252415e+01
7.800000e-07	-4.302153e-07	-1.180573e-09	-3.070369e+00	-6.913173e+01
7.900000e-07	-3.280594e-07	-1.109062e-09	-2.341301e+00	-6.571273e+01
8.000000e-07	-2.258161e-07	-1.048321e-09	-1.611609e+00	-6.227062e+01
8.100000e-07	-1.234967e-07	-1.005306e-09	-8.813735e-01	-5.880113e+01
8.200000e-07	-2.110707e-08	-9.535960e-10	-1.506373e-01	-5.529360e+01
8.300000e-07	8.131273e-08	-8.833453e-10	5.803143e-01	-5.173480e+01
8.400000e-07	1.836574e-07	-8.202115e-10	1.310730e+00	-4.811363e+01
8.500000e-07	2.858551e-07	-7.693628e-10	2.040096e+00	-4.442526e+01
8.600000e-07	3.879939e-07	-7.092414e-10	2.769042e+00	-4.067293e+01
8.700000e-07	4.900300e-07	-6.328522e-10	3.497256e+00	-3.686706e+01
8.800000e-07	5.918416e-07	-5.627820e-10	4.223867e+00	-3.302193e+01
8.900000e-07	6.934129e-07	-5.101772e-10	4.948763e+00	-2.915139e+01
9.000000e-07	7.947469e-07	-4.538407e-10	5.671965e+00	-2.526506e+01
9.100000e-07	8.957756e-07	-3.802437e-10	6.392989e+00	-2.136637e+01
9.200000e-07	9.964800e-07	-3.075934e-10	7.111698e+00	-1.745311e+01
9.300000e-07	1.096945e-06	-2.483417e-10	7.828699e+00	-1.351993e+01
9.400000e-07	1.197159e-06	-1.857826e-10	8.543911e+00	-9.561767e+00
9.500000e-07	1.297037e-06	-1.118270e-10	9.256720e+00	-5.576780e+00
9.600000e-07	1.396469e-06	-4.189141e-11	9.966345e+00	-1.567724e+00
9.700000e-07	1.495284e-06	1.599278e-11	1.067157e+01	2.458733e+00
9.800000e-07	1.593311e-06	7.723397e-11	1.137118e+01	6.494347e+00
9.900000e-07	1.690553e-06	1.531542e-10	1.206518e+01	1.053235e+01
1.000000e-06	1.787091e-06	2.291071e-10	1.275414e+01	1.457003e+01
1.010000e-06	1.883012e-06	2.914214e-10	1.343872e+01	1.860988e+01
1.020000e-06	1.978352e-06	3.529767e-10	1.411914e+01	2.265901e+01
1.030000e-06	2.073027e-06	4.242886e-10	1.479482e+01	2.672691e+01
1.040000e-06	2.166951e-06	4.970292e-10	1.546514e+01	3.082262e+01
1.050000e-06	2.260135e-06	5.635710e-10	1.613017e+01	3.495201e+01
1.060000e-06	2.352679e-06	6.301134e-10	1.679065e+01	3.911626e+01
1.070000e-06	2.444616e-06	7.055108e-10	1.744678e+01	4.331174e+01
1.080000e-06	2.535713e-06	7.818138e-10	1.809693e+01	4.753137e+01
1.090000e-06	2.625590e-06	8.496086e-10	1.873836e+01	5.176684e+01
1.100000e-06	2.714241e-06	9.167369e-10	1.937105e+01	5.601100e+01
1.110000e-06	2.801944e-06	9.904060e-10	1.999697e+01	6.025950e+01
1.120000e-06	2.888766e-06	1.067001e-09	2.061660e+01	6.451142e+01
1.130000e-06	2.974648e-06	1.138594e-09	2.122952e+01	6.876849e+01
1.140000e-06	3.059552e-06	1.208251e-09	2.183547e+01	7.303337e+01
1.150000e-06	3.143553e-06	1.283524e-09	2.243497e+01	7.730726e+01
1.160000e-06	3.226510e-06	1.359583e-09	2.302702e+01	8.158778e+01
1.170000e-06	3.308165e-06	1.430737e-09	2.360978e+01	8.586761e+01
1.180000e-06	3.388569e-06	1.500194e-09	2.418361e+01	9.013447e+01
1.190000e-06	3.467741e-06	1.573227e-09	2.474864e+01	9.437239e+01
1.200000e-06	3.545662e-06	1.647563e-09	2.530475e+01	9.856422e+01
1.210000e-06	3.622382e-06	1.717079e-09	2.585228e+01	1.026946e+02
1.220000e-06	3.697767e-06	1.782113e-09	2.639030e+01	1.067524e+02
1.230000e-06	3.771534e-06	1.849945e-09	2.691676e+01	1.107323e+02
1.240000e-06	3.843722e-06	1.920335e-09	2.743195e+01	1.146344e+02
1.250000e-06	3.914569e-06	1.987014e-09	2.793758e+01	1.184621e+02
1.260000e-06	3.984099e-06	2.048904e-09	2.843379e+01	1.222193e+02
1.270000e-06	4.052390e-06	2.110785e-09	2.892117e+01	1.259066e+02
1.280000e-06	4.119293e-06	2.173440e-09	2.939865e+01	1.295195e+02
1.290000e-06	4.184496e-06	2.232639e-09	2.986399e+01	1.330479e+02
1.300000e-06	4.248146e-06	2.288111e-09	3.031825e+01	1.364778e+02
1.310000e-06	4.310416e-06	2.343126e-09	3.076266e+01	1.397946e+02
1.320000e-06	4.371330e-06	2.399013e-09	3.119740e+01	1.429875e+02
1.330000e-06	4.430882e-06	2.452926e-09	3.162241e+01	1.460520e+02
1.340000e-06	4.488710e-06	2.502677e-09	3.203511e+01	1.489909e+02
1.350000e-06	4.544740e-06	2.551038e-09	3.243499e+01	1.518127e+02
1.360000e-06	4.599175e-06	2.599115e-09	3.282348e+01	1.545277e+02
1.370000e-06	4.651947e-06	2.643387e-09	3.320010e+01	1.571439e+02
1.380000e-06	4.702675e-06	2.683904e-09	3.356214e+01	1.596636e+02
1.390000e-06	4.751302e-06	2.722256e-09	3.390918e+01	1.620826e+02
1.400000e-06	4.798208e-06	2.760601e-09	3.424394e+01	1.643924e+02
1.410000e-06	4.843560e-06	2.798944e-09	3.456762e+01	1.665842e+02
1.420000e-06	4.887294e-06	2.835521e-09	3.487974e+01	1.686540e+02
1.430000e-06	4.929125e-06	2.870113e-09	3.517828e+01	1.706054e+02
1.440000e-06	4.969129e-06	2.903375e-09	3.546378e+01	1.724501e+02
1.450000e-06	5.007484e-06	2.934098e-09	3.573751e+01	1.742046e+02
1.460000e-06	5.044237e-06	2.960060e-09	3.599981e+01	1.758845e+02
1.470000e-06	5.079229e-06	2.983790e-09	3.624955e+01	1.774986e+02
1.480000e-06	5.112204e-06	3.008125e-09	3.648488e+01	1.790455e+02
1.490000e-06	5.143376e-06	3.033035e-09	3.670735e+01	1.805135e+02
1.500000e-06	5.172941e-06	3.057782e-09	3.691835e+01	1.818857e+02
1.510000e-06	5.200818e-06	3.079986e-09	3.711730e+01	1.831465e+02
1.520000e-06	5.226702e-06	3.098716e-09	3.730203e+01	1.842895e+02
1.530000e-06	5.250554e-06	3.115273e-09	3.747226e+01	1.853218e+02
1.540000e-06	5.272618e-06	3.129463e-09	3.762972e+01	1.862631e+02
1.550000e-06	5.293024e-06	3.143211e-09	3.777536e+01	1.871401e+02
1.560000e-06	5.311605e-06	3.158040e-09	3.790797e+01	1.879774e+02
1.570000e-06	5.328138e-06	3.173379e-09	3.802596e+01	1.887884e+02
1.580000e-06	5.342661e-06	3.188086e-09	3.812961e+01	1.895700e+02
1.590000e-06	5.355237e-06	3.199052e-09	3.821936e+01	1.903033e+02
1.600000e-06	5.365760e-06	3.206749e-09	3.829446e+01	1.909604e+02
1.610000e-06	5.374164e-06	3.213710e-09	3.835444e+01	1.915160e+02
1.620000e-06	5.380652e-06	3.219114e-09	3.840074e+01	1.919577e+02
1.630000e-06	5.385392e-06	3.224158e-09	3.843457e+01	1.922931e+02
1.640000e-06	5.388203e-06	3.229476e-09	3.845463e+01	1.925488e+02
1.650000e-06	5.388955e-06	3.234924e-09	3.846000e+01	1.927622e+02
1.660000e-06	5.387872e-06	3.244089e-09	3.845227e+01	1.929684e+02
1.670000e-06	5.385183e-06	3.248864e-09	3.843308e+01	1.931865e+02
1.680000e-06	5.380850e-06	3.250327e-09	3.840215e+01	1.934111e+02
1.690000e-06	5.374617e-06	3.251877e-09	3.835768e+01	1.936124e+02
1.700000e-06	5.366573e-06	3.250910e-09	3.830027e+01	1.937449e+02
1.710000e-06	5.356940e-06	3.247682e-09	3.823152e+01	1.937631e+02
1.720000e-06	5.345602e-06	3.230848e-09	3.815060e+01	1.936376e+02
1.730000e-06	5.332369e-06	3.237115e-09	3.805616e+01	1.933668e+02
1.740000e-06	5.317140e-06	3.311102e-09	3.794747e+01	1.929797e+02
1.750000e-06	5.299658e-06	3.325374e-09	3.782271e+01	1.925273e+02
1.760000e-06	5.279568e-06	3.277669e-09	3.767933e+01	1.920673e+02
1.770000e-06	5.257025e-06	3.199759e-09	3.751844e+01	1.916456e+02
1.780000e-06	5.232786e-06	3.092663e-09	3.734545e+01	1.912818e+02
1.790000e-06	5.207600e-06	3.235094e-09	3.716570e+01	1.909631e+02
1.800000e-06	5.181257e-06	3.282206e-09	3.697770e+01	1.906501e+02
1.810000e-06	5.152887e-06	3.127471e-09	3.677523e+01	1.902900e+02
1.820000e-06	5.122581e-06	3.249648e-09	3.655894e+01	1.898349e+02
1.830000e-06	5.090612e-06	3.262463e-09	3.633078e+01	1.892571e+02
1.840000e-06	5.056721e-06	3.172750e-09	3.608891e+01	1.885568e+02
1.850000e-06	5.021242e-06	3.213013e-09	3.583570e+01	1.877602e+02
1.860000e-06	4.984057e-06	3.066127e-09	3.557032e+01	1.869078e+02
1.870000e-06	4.944898e-06	3.091448e-09	3.529085e+01	1.860396e+02
1.880000e-06	4.904110e-06	3.247572e-09	3.499975e+01	1.851806e+02
1.890000e-06	4.861599e-06	3.136473e-09	3.469636e+01	1.843330e+02
1.900000e-06	4.817458e-06	3.101197e-09	3.438133e+01	1.834773e+02
1.910000e-06	4.771626e-06	3.073485e-09	3.405424e+01	1.825811e+02
1.920000e-06	4.723761e-06	3.075404e-09	3.371263e+01	1.816124e+02
1.930000e-06	4.674168e-06	3.094611e-09	3.335870e+01	1.805513e+02
1.940000e-06	4.622862e-06	2.953635e-09	3.299253e+01	1.793973e+02
1.950000e-06	4.569619e-06	3.018005e-09	3.261255e+01	1.781680e+02
1.960000e-06	4.514524e-06	3.077295e-09	3.221934e+01	1.768916e+02
1.970000e-06	4.457725e-06	2.989407e-09	3.181398e+01	1.755960e+02
1.980000e-06	4.399467e-06	2.904836e-09	3.139820e+01	1.742989e+02
1.990000e-06	4.339709e-06	2.868465e-09	3.097172e+01	1.730020e+02
2.000000e-06	4.278285e-06	2.974451e-09	3.053335e+01	1.716928e+02
2.010000e-06	4.215230e-06	2.909599e-09	3.008333e+01	1.703507e+02
2.020000e-06	4.150684e-06	2.824097e-09	2.962268e+01	1.689566e+02
2.030000e-06	4.084751e-06	2.862481e-09	2.915213e+01	1.675005e+02
2.040000e-06	4.017356e-06	2.844672e-09	2.867115e+01	1.659847e+02
2.050000e-06	3.948449e-06	2.804887e-09	2.817937e+01	1.644218e+02
2.060000e-06	3.877962e-06	2.694357e-09	2.767632e+01	1.628282e+02
2.070000e-06	3.806004e-06	2.716605e-09	2.716277e+01	1.612157e+02
2.080000e-06	3.732737e-06	2.766966e-09	2.663987e+01	1.595856e+02
2.090000e-06	3.658073e-06	2.696639e-09	2.610700e+01	1.579278e+02
2.100000e-06	3.582024e-06	2.629920e-09	2.556426e+01	1.562235e+02
2.110000e-06	3.504417e-06	2.598443e-09	2.501039e+01	1.544532e+02
2.120000e-06	3.425305e-06	2.628383e-09	2.444579e+01	1.526038e+02
2.130000e-06	3.345028e-06	2.556769e-09	2.387286e+01	1.506748e+02
2.140000e-06	3.263677e-06	2.478092e-09	2.329227e+01	1.486780e+02
2.150000e-06	3.181245e-06	2.481559e-09	2.270397e+01	1.466339e+02
2.160000e-06	3.097735e-06	2.491420e-09	2.210797e+01	1.445639e+02
2.170000e-06	3.013145e-06	2.451293e-09	2.150427e+01	1.424829e+02
2.180000e-06	2.927249e-06	2.351448e-09	2.089125e+01	1.403940e+02
2.190000e-06	2.840071e-06	2.331819e-09	2.026908e+01	1.382880e+02
2.200000e-06	2.751962e-06	2.338260e-09	1.964026e+01	1.361474e+02
2.210000e-06	2.663025e-06	2.286881e-09	1.900553e+01	1.339532e+02
2.220000e-06	2.573224e-06	2.204526e-09	1.836464e+01	1.316915e+02
2.230000e-06	2.482523e-06	2.174202e-09	1.771732e+01	1.293580e+02
2.240000e-06	2.391032e-06	2.189724e-09	1.706436e+01	1.269587e+02
2.250000e-06	2.298807e-06	2.136010e-09	1.640617e+01	1.245062e+02
2.260000e-06	2.205766e-06	2.045727e-09	1.574215e+01	1.220141e+02
2.270000e-06	2.111707e-06	2.005548e-09	1.507087e+01	1.194921e+02
2.280000e-06	2.016647e-06	2.005532e-09	1.439244e+01	1.169421e+02
2.290000e-06	1.920972e-06	1.956967e-09	1.370963e+01	1.143584e+02
2.300000e-06	1.824785e-06	1.865619e-09	1.302316e+01	1.117311e+02
2.310000e-06	1.727955e-06	1.824530e-09	1.233210e+01	1.090500e+02
2.320000e-06	1.630473e-06	1.822363e-09	1.163639e+01	1.063087e+02
2.330000e-06	1.532519e-06	1.773625e-09	1.093731e+01	1.035065e+02
2.340000e-06	1.434087e-06	1.681330e-09	1.023482e+01	1.006471e+02
2.350000e-06	1.335067e-06	1.628504e-09	9.528129e+00	9.773593e+01
2.360000e-06	1.235582e-06	1.617848e-09	8.818126e+00	9.477672e+01
2.370000e-06	1.135824e-06	1.570022e-09	8.106168e+00	9.176903e+01
2.380000e-06	1.035825e-06	1.481114e-09	7.392496e+00	8.870827e+01
2.390000e-06	9.355136e-07	1.426544e-09	6.676592e+00	8.558786e+01
2.400000e-06	8.347586e-07	1.406736e-09	5.957522e+00	8.240278e+01
2.410000e-06	7.336333e-07	1.354675e-09	5.235809e+00	7.915272e+01
2.420000e-06	6.322402e-07	1.262018e-09	4.512185e+00	7.584354e+01
2.430000e-06	5.304374e-07	1.198271e-09	3.785636e+00	7.248604e+01
2.440000e-06	4.283063e-07	1.175880e-09	3.056745e+00	6.909262e+01
2.450000e-06	3.260184e-07	1.128089e-09	2.326734e+00	6.567287e+01
2.460000e-06	2.235980e-07	1.041881e-09	1.595779e+00	6.222998e+01
2.470000e-06	1.211010e-07	9.717428e-10	8.642762e-01	5.875943e+01
2.480000e-06	1.851064e-08	9.352181e-10	1.321071e-01	5.525039e+01
2.490000e-06	-8.411744e-08	8.782211e-10	-6.003310e-01	5.168961e+01
2.500000e-06	-1.866109e-07	7.898166e-10	-1.331808e+00	4.806617e+01
2.510000e-06	-2.889427e-07	7.221888e-10	-2.062132e+00	4.437550e+01
2.520000e-06	-3.911536e-07	6.872932e-10	-2.791592e+00	4.062113e+01
2.530000e-06	-4.931673e-07	6.360948e-10	-3.519646e+00	3.681368e+01
2.540000e-06	-5.948786e-07	5.465784e-10	-4.245541e+00	3.296751e+01
2.550000e-06	-6.963292e-07	4.673695e-10	-4.969576e+00	2.909637e+01
2.560000e-06	-7.974757e-07	4.192887e-10	-5.691440e+00	2.520965e+01
2.570000e-06	-8.982482e-07	3.626196e-10	-6.410635e+00	2.131060e+01
2.580000e-06	-9.986057e-07	2.798304e-10	-7.126869e+00	1.739682e+01
2.590000e-06	-1.098546e-06	2.058609e-10	-7.840128e+00	1.346291e+01
2.600000e-06	-1.198116e-06	1.601041e-10	-8.550740e+00	9.503879e+00
2.610000e-06	-1.297353e-06	1.027348e-10	-9.258973e+00	5.518045e+00
2.620000e-06	-1.396184e-06	1.375756e-11	-9.964316e+00	1.508322e+00
2.630000e-06	-1.494482e-06	-6.843081e-11	-1.066585e+01	-2.518516e+00
2.640000e-06	-1.592312e-06	-1.225307e-10	-1.136404e+01	-6.554227e+00
2.650000e-06	-1.689650e-06	-1.785444e-10	-1.205873e+01	-1.059215e+01
2.660000e-06	-1.786433e-06	-2.586579e-10	-1.274945e+01	-1.462974e+01
2.670000e-06	-1.882644e-06	-3.369822e-10	-1.343609e+01	-1.866970e+01
2.680000e-06	-1.978304e-06	-3.939530e-10	-1.411880e+01	-2.271924e+01
2.690000e-06	-2.073435e-06	-4.545333e-10	-1.479773e+01	-2.678790e+01
2.700000e-06	-2.167826e-06	-5.350825e-10	-1.547139e+01	-3.088465e+01
2.710000e-06	-2.261189e-06	-6.127320e-10	-1.613770e+01	-3.501521e+01
2.720000e-06	-2.353521e-06	-6.704301e-10	-1.679666e+01	-3.918058e+01
2.730000e-06	-2.444997e-06	-7.297219e-10	-1.744950e+01	-4.337696e+01
2.740000e-06	-2.535621e-06	-8.112789e-10	-1.809627e+01	-4.759721e+01
2.750000e-06	-2.625293e-06	-8.956539e-10	-1.873624e+01	-5.183302e+01
2.760000e-06	-2.713974e-06	-9.608215e-10	-1.936915e+01	-5.607731e+01
2.770000e-06	-2.801817e-06	-1.022867e-09	-1.999606e+01	-6.032584e+01
2.780000e-06	-2.888899e-06	-1.098337e-09	-2.061755e+01	-6.457781e+01
2.790000e-06	-2.974920e-06	-1.174406e-09	-2.123147e+01	-6.883503e+01
2.800000e-06	-3.059636e-06	-1.237736e-09	-2.183607e+01	-7.310014e+01
2.810000e-06	-3.143224e-06	-1.300198e-09	-2.243263e+01	-7.737424e+01
2.820000e-06	-3.225829e-06	-1.378680e-09	-2.302216e+01	-8.165481e+01
2.830000e-06	-3.307324e-06	-1.460990e-09	-2.360377e+01	-8.593433e+01
2.840000e-06	-3.387695e-06	-1.528879e-09	-2.417737e+01	-9.020035e+01
2.850000e-06	-3.466980e-06	-1.591790e-09	-2.474321e+01	-9.443683e+01
2.860000e-06	-3.544895e-06	-1.665794e-09	-2.529928e+01	-9.862663e+01
2.870000e-06	-3.621252e-06	-1.741501e-09	-2.584422e+01	-1.027545e+02
2.880000e-06	-3.696192e-06	-1.803307e-09	-2.637906e+01	-1.068095e+02
2.890000e-06	-3.769783e-06	-1.860111e-09	-2.690426e+01	-1.107865e+02
2.900000e-06	-3.842082e-06	-1.928413e-09	-2.742025e+01	-1.146858e+02
2.910000e-06	-3.913156e-06	-2.000967e-09	-2.792749e+01	-1.185108e+02
2.920000e-06	-3.982670e-06	-2.059866e-09	-2.842360e+01	-1.222654e+02
2.930000e-06	-4.050565e-06	-2.113335e-09	-2.890815e+01	-1.259501e+02
2.940000e-06	-4.117127e-06	-2.178142e-09	-2.938320e+01	-1.295602e+02
2.950000e-06	-4.182321e-06	-2.245290e-09	-2.984847e+01	-1.330852e+02
2.960000e-06	-4.246117e-06	-2.299458e-09	-3.030377e+01	-1.365111e+02
2.970000e-06	-4.308383e-06	-2.346012e-09	-3.074815e+01	-1.398236e+02
2.980000e-06	-4.368910e-06	-2.401772e-09	-3.118012e+01	-1.430119e+02
2.990000e-06	-4.427852e-06	-2.461368e-09	-3.160078e+01	-1.460717e+02
3.000000e-06	-4.485350e-06	-2.507098e-09	-3.201114e+01	-1.490061e+02
3.010000e-06	-4.541350e-06	-2.544905e-09	-3.241080e+01	-1.518239e+02
3.020000e-06	-4.595607e-06	-2.591649e-09	-3.279802e+01	-1.545351e+02
3.030000e-06	-4.647890e-06	-2.643964e-09	-3.317115e+01	-1.571478e+02
3.040000e-06	-4.698394e-06	-2.687047e-09	-3.353159e+01	-1.596639e+02
3.050000e-06	-4.746996e-06	-2.721012e-09	-3.387846e+01	-1.620791e+02
3.060000e-06	-4.793591e-06	-2.760433e-09	-3.421099e+01	-1.643847e+02
3.070000e-06	-4.838574e-06	-2.803163e-09	-3.453203e+01	-1.665722e+02
3.080000e-06	-4.882074e-06	-2.835991e-09	-3.484248e+01	-1.686375e+02
3.090000e-06	-4.924032e-06	-2.861758e-09	-3.514193e+01	-1.705847e+02
3.100000e-06	-4.964442e-06	-2.893648e-09	-3.543032e+01	-1.724259e+02
3.110000e-06	-5.003143e-06	-2.931403e-09	-3.570653e+01	-1.741774e+02
3.120000e-06	-5.039907e-06	-2.963367e-09	-3.596891e+01	-1.758547e+02
3.130000e-06	-5.074830e-06	-2.986541e-09	-3.621815e+01	-1.774665e+02
3.140000e-06	-5.108068e-06	-3.010253e-09	-3.645536e+01	-1.790107e+02
3.150000e-06	-5.139532e-06	-3.038761e-09	-3.667991e+01	-1.804755e+02
3.160000e-06	-5.169024e-06	-3.062938e-09	-3.689039e+01	-1.818438e+02
3.170000e-06	-5.196655e-06	-3.081014e-09	-3.708759e+01	-1.831004e+02
3.180000e-06	-5.222569e-06	-3.101086e-09	-3.727254e+01	-1.842392e+02
3.190000e-06	-5.246723e-06	-3.125406e-09	-3.744492e+01	-1.852677e+02
3.200000e-06	-5.268910e-06	-3.144498e-09	-3.760326e+01	-1.862062e+02
3.210000e-06	-5.289077e-06	-3.154748e-09	-3.774719e+01	-1.870813e+02
3.220000e-06	-5.307518e-06	-3.165023e-09	-3.787880e+01	-1.879174e+02
3.230000e-06	-5.324278e-06	-3.181058e-09	-3.799841e+01	-1.887275e+02
3.240000e-06	-5.339008e-06	-3.195531e-09	-3.810354e+01	-1.895077e+02
3.250000e-06	-5.351482e-06	-3.205193e-09	-3.819256e+01	-1.902386e+02
3.260000e-06	-5.361930e-06	-3.216273e-09	-3.826712e+01	-1.908924e+02
3.270000e-06	-5.370551e-06	-3.231392e-09	-3.832866e+01	-1.914439e+02
3.280000e-06	-5.377247e-06	-3.242839e-09	-3.837644e+01	-1.918815e+02
3.290000e-06	-5.381925e-06	-3.246438e-09	-3.840983e+01	-1.922134e+02
3.300000e-06	-5.384796e-06	-3.250533e-09	-3.843032e+01	-1.924669e+02
3.310000e-06	-5.385952e-06	-3.258211e-09	-3.843857e+01	-1.926794e+02
