# Temperatura_=_30.6
# Concentracion g/m^3_=_11000.0
# C_Vs_to_Am_M_A/Vsm_=_59384043850.047264
# pendiente_HvsI_1/m_=_3716.3
# ordenada_HvsI_A/m_=_1297.0
# frecuencia_Hz_=_301250.8835695565

Tiempo_(s)	Campo_(V.s)	Magnetizacion_(V.s)	Campo_(kA/m)	Magnetizacion_(A/m)
0.000000e+00	-5.424363e-06	-3.387958e-09	-3.843835e+01	-2.000508e+02
1.000000e-08	-5.422383e-06	-3.388303e-09	-3.842432e+01	-2.002985e+02
2.000000e-08	-5.418492e-06	-3.388091e-09	-3.839675e+01	-2.005072e+02
3.000000e-08	-5.412938e-06	-3.388869e-09	-3.835739e+01	-2.006530e+02
4.000000e-08	-5.405775e-06	-3.388836e-09	-3.830663e+01	-2.007128e+02
5.000000e-08	-5.396855e-06	-3.386494e-09	-3.824342e+01	-2.006693e+02
6.000000e-08	-5.385907e-06	-3.382127e-09	-3.816584e+01	-2.005167e+02
7.000000e-08	-5.373001e-06	-3.388901e-09	-3.807439e+01	-2.002621e+02
8.000000e-08	-5.358086e-06	-3.385537e-09	-3.796870e+01	-1.999245e+02
9.000000e-08	-5.340805e-06	-3.313046e-09	-3.784624e+01	-1.995301e+02
1.000000e-07	-5.321267e-06	-3.273321e-09	-3.770779e+01	-1.991067e+02
1.100000e-07	-5.299760e-06	-3.326716e-09	-3.755538e+01	-1.986764e+02
1.200000e-07	-5.276558e-06	-3.360910e-09	-3.739097e+01	-1.982508e+02
1.300000e-07	-5.251979e-06	-3.413962e-09	-3.721679e+01	-1.978288e+02
1.400000e-07	-5.225907e-06	-3.399708e-09	-3.703204e+01	-1.973976e+02
1.500000e-07	-5.198035e-06	-3.236860e-09	-3.683453e+01	-1.969370e+02
1.600000e-07	-5.168475e-06	-3.306252e-09	-3.662506e+01	-1.964255e+02
1.700000e-07	-5.137455e-06	-3.365613e-09	-3.640525e+01	-1.958467e+02
1.800000e-07	-5.104518e-06	-3.216498e-09	-3.617185e+01	-1.951928e+02
1.900000e-07	-5.069521e-06	-3.254221e-09	-3.592385e+01	-1.944667e+02
2.000000e-07	-5.032952e-06	-3.273148e-09	-3.566472e+01	-1.936797e+02
2.100000e-07	-4.994697e-06	-3.269430e-09	-3.539363e+01	-1.928470e+02
2.200000e-07	-4.954649e-06	-3.303075e-09	-3.510984e+01	-1.919829e+02
2.300000e-07	-4.912758e-06	-3.178641e-09	-3.481299e+01	-1.910962e+02
2.400000e-07	-4.868906e-06	-3.137806e-09	-3.450225e+01	-1.901875e+02
2.500000e-07	-4.823266e-06	-3.194880e-09	-3.417883e+01	-1.892500e+02
2.600000e-07	-4.775849e-06	-3.174243e-09	-3.384282e+01	-1.882717e+02
2.700000e-07	-4.726503e-06	-3.154735e-09	-3.349314e+01	-1.872396e+02
2.800000e-07	-4.675115e-06	-3.112794e-09	-3.312900e+01	-1.861433e+02
2.900000e-07	-4.621771e-06	-3.105092e-09	-3.275099e+01	-1.849783e+02
3.000000e-07	-4.566753e-06	-3.101870e-09	-3.236111e+01	-1.837461e+02
3.100000e-07	-4.510137e-06	-3.039892e-09	-3.195992e+01	-1.824541e+02
3.200000e-07	-4.451790e-06	-3.003162e-09	-3.154646e+01	-1.811132e+02
3.300000e-07	-4.391743e-06	-3.014953e-09	-3.112096e+01	-1.797352e+02
3.400000e-07	-4.330143e-06	-3.040183e-09	-3.068444e+01	-1.783305e+02
3.500000e-07	-4.267159e-06	-2.969592e-09	-3.023812e+01	-1.769066e+02
3.600000e-07	-4.202802e-06	-2.907942e-09	-2.978207e+01	-1.754672e+02
3.700000e-07	-4.136806e-06	-2.917422e-09	-2.931441e+01	-1.740116e+02
3.800000e-07	-4.069104e-06	-2.890859e-09	-2.883466e+01	-1.725355e+02
3.900000e-07	-3.999950e-06	-2.856591e-09	-2.834462e+01	-1.710308e+02
4.000000e-07	-3.929514e-06	-2.833211e-09	-2.784549e+01	-1.694872e+02
4.100000e-07	-3.857787e-06	-2.827140e-09	-2.733721e+01	-1.678933e+02
4.200000e-07	-3.784623e-06	-2.803666e-09	-2.681875e+01	-1.662387e+02
4.300000e-07	-3.709786e-06	-2.744191e-09	-2.628844e+01	-1.645158e+02
4.400000e-07	-3.633338e-06	-2.704073e-09	-2.574671e+01	-1.627219e+02
4.500000e-07	-3.555479e-06	-2.690975e-09	-2.519499e+01	-1.608595e+02
4.600000e-07	-3.476155e-06	-2.675340e-09	-2.463287e+01	-1.589356e+02
4.700000e-07	-3.395440e-06	-2.627359e-09	-2.406091e+01	-1.569599e+02
4.800000e-07	-3.313504e-06	-2.588921e-09	-2.348029e+01	-1.549414e+02
4.900000e-07	-3.230460e-06	-2.574447e-09	-2.289182e+01	-1.528860e+02
5.000000e-07	-3.146462e-06	-2.538920e-09	-2.229659e+01	-1.507948e+02
5.100000e-07	-3.061532e-06	-2.482748e-09	-2.169476e+01	-1.486645e+02
5.200000e-07	-2.975640e-06	-2.438732e-09	-2.108611e+01	-1.464895e+02
5.300000e-07	-2.888808e-06	-2.421114e-09	-2.047079e+01	-1.442646e+02
5.400000e-07	-2.801047e-06	-2.391541e-09	-1.984890e+01	-1.419888e+02
5.500000e-07	-2.712282e-06	-2.336616e-09	-1.921989e+01	-1.396658e+02
5.600000e-07	-2.622307e-06	-2.290917e-09	-1.858230e+01	-1.373034e+02
5.700000e-07	-2.531164e-06	-2.267763e-09	-1.793644e+01	-1.349102e+02
5.800000e-07	-2.439157e-06	-2.234658e-09	-1.728446e+01	-1.324918e+02
5.900000e-07	-2.346430e-06	-2.174511e-09	-1.662737e+01	-1.300472e+02
6.000000e-07	-2.252954e-06	-2.125049e-09	-1.596498e+01	-1.275675e+02
6.100000e-07	-2.158685e-06	-2.101808e-09	-1.529697e+01	-1.250381e+02
6.200000e-07	-2.063652e-06	-2.068813e-09	-1.462353e+01	-1.224428e+02
6.300000e-07	-1.967955e-06	-2.008707e-09	-1.394540e+01	-1.197701e+02
6.400000e-07	-1.871655e-06	-1.953129e-09	-1.326300e+01	-1.170169e+02
6.500000e-07	-1.774667e-06	-1.923296e-09	-1.257572e+01	-1.141910e+02
6.600000e-07	-1.676829e-06	-1.887549e-09	-1.188242e+01	-1.113079e+02
6.700000e-07	-1.578139e-06	-1.824970e-09	-1.118308e+01	-1.083859e+02
6.800000e-07	-1.478845e-06	-1.764694e-09	-1.047945e+01	-1.054386e+02
6.900000e-07	-1.379138e-06	-1.729193e-09	-9.772904e+00	-1.024696e+02
7.000000e-07	-1.278968e-06	-1.691552e-09	-9.063074e+00	-9.947010e+01
7.100000e-07	-1.178353e-06	-1.627081e-09	-8.350096e+00	-9.642166e+01
7.200000e-07	-1.077399e-06	-1.561626e-09	-7.634707e+00	-9.330272e+01
7.300000e-07	-9.761008e-07	-1.518790e-09	-6.916887e+00	-9.009681e+01
7.400000e-07	-8.744259e-07	-1.477416e-09	-6.196394e+00	-8.679932e+01
7.500000e-07	-7.723628e-07	-1.411796e-09	-5.473150e+00	-8.342021e+01
7.600000e-07	-6.700127e-07	-1.344234e-09	-4.747872e+00	-7.998129e+01
7.700000e-07	-5.674846e-07	-1.298460e-09	-4.021333e+00	-7.650893e+01
7.800000e-07	-4.648028e-07	-1.251745e-09	-3.293705e+00	-7.302469e+01
7.900000e-07	-3.619681e-07	-1.181695e-09	-2.564994e+00	-6.953737e+01
8.000000e-07	-2.590211e-07	-1.108181e-09	-1.835486e+00	-6.603949e+01
8.100000e-07	-1.559974e-07	-1.057337e-09	-1.105436e+00	-6.250967e+01
8.200000e-07	-5.286286e-08	-1.012686e-09	-3.745990e-01	-5.892012e+01
8.300000e-07	5.031899e-08	-9.504666e-10	3.565726e-01	-5.524668e+01
8.400000e-07	1.534114e-07	-8.811934e-10	1.087110e+00	-5.147758e+01
8.500000e-07	2.564176e-07	-8.227263e-10	1.817037e+00	-4.761781e+01
8.600000e-07	3.593701e-07	-7.643700e-10	2.546583e+00	-4.368735e+01
8.700000e-07	4.622228e-07	-6.877843e-10	3.275423e+00	-3.971407e+01
8.800000e-07	5.648614e-07	-6.067422e-10	4.002745e+00	-3.572387e+01
8.900000e-07	6.672102e-07	-5.440522e-10	4.728013e+00	-3.173184e+01
9.000000e-07	7.693520e-07	-4.902497e-10	5.451815e+00	-2.773781e+01
9.100000e-07	8.712746e-07	-4.235140e-10	6.174063e+00	-2.372778e+01
9.200000e-07	9.728396e-07	-3.485895e-10	6.893777e+00	-1.968071e+01
9.300000e-07	1.074066e-06	-2.825789e-10	7.611089e+00	-1.557790e+01
9.400000e-07	1.174944e-06	-2.201067e-10	8.325939e+00	-1.141131e+01
9.500000e-07	1.275411e-06	-1.438060e-10	9.037871e+00	-7.187590e+00
9.600000e-07	1.375436e-06	-6.136231e-11	9.746675e+00	-2.926259e+00
9.700000e-07	1.474978e-06	7.458408e-12	1.045205e+01	1.347174e+00
9.800000e-07	1.574004e-06	6.938653e-11	1.115378e+01	5.610505e+00
9.900000e-07	1.672387e-06	1.415796e-10	1.185094e+01	9.852902e+00
1.000000e-06	1.770030e-06	2.211226e-10	1.254286e+01	1.407866e+01
1.010000e-06	1.866850e-06	2.904785e-10	1.322895e+01	1.830528e+01
1.020000e-06	1.962896e-06	3.530641e-10	1.390955e+01	2.255666e+01
1.030000e-06	2.058345e-06	4.253596e-10	1.458593e+01	2.685420e+01
1.040000e-06	2.153128e-06	5.074418e-10	1.525759e+01	3.120916e+01
1.050000e-06	2.247145e-06	5.842970e-10	1.592382e+01	3.561932e+01
1.060000e-06	2.340486e-06	6.543012e-10	1.658525e+01	4.007092e+01
1.070000e-06	2.433152e-06	7.302349e-10	1.724191e+01	4.454508e+01
1.080000e-06	2.525017e-06	8.109006e-10	1.789288e+01	4.902582e+01
1.090000e-06	2.615994e-06	8.853721e-10	1.853756e+01	5.350651e+01
1.100000e-06	2.705896e-06	9.528544e-10	1.917463e+01	5.799202e+01
1.110000e-06	2.794576e-06	1.027252e-09	1.980304e+01	6.249576e+01
1.120000e-06	2.882240e-06	1.111696e-09	2.042425e+01	6.703287e+01
1.130000e-06	2.969012e-06	1.194394e-09	2.103914e+01	7.161223e+01
1.140000e-06	3.054777e-06	1.271042e-09	2.164689e+01	7.623061e+01
1.150000e-06	3.139513e-06	1.349553e-09	2.224735e+01	8.087121e+01
1.160000e-06	3.223273e-06	1.431009e-09	2.284090e+01	8.550737e+01
1.170000e-06	3.305924e-06	1.508466e-09	2.342658e+01	9.010981e+01
1.180000e-06	3.387266e-06	1.580373e-09	2.400299e+01	9.465469e+01
1.190000e-06	3.467405e-06	1.654655e-09	2.457087e+01	9.912939e+01
1.200000e-06	3.546308e-06	1.734509e-09	2.513000e+01	1.035336e+02
1.210000e-06	3.623928e-06	1.811389e-09	2.568003e+01	1.078758e+02
1.220000e-06	3.700308e-06	1.882151e-09	2.622128e+01	1.121659e+02
1.230000e-06	3.775239e-06	1.952533e-09	2.675225e+01	1.164079e+02
1.240000e-06	3.848535e-06	2.025863e-09	2.727165e+01	1.205951e+02
1.250000e-06	3.920368e-06	2.096893e-09	2.778068e+01	1.247094e+02
1.260000e-06	3.990869e-06	2.161641e-09	2.828026e+01	1.287254e+02
1.270000e-06	4.059961e-06	2.225507e-09	2.876987e+01	1.326184e+02
1.280000e-06	4.127705e-06	2.292468e-09	2.924991e+01	1.363713e+02
1.290000e-06	4.193908e-06	2.355802e-09	2.971905e+01	1.399797e+02
1.300000e-06	4.258460e-06	2.412291e-09	3.017648e+01	1.434514e+02
1.310000e-06	4.321601e-06	2.468365e-09	3.062391e+01	1.468028e+02
1.320000e-06	4.383355e-06	2.526450e-09	3.106152e+01	1.500507e+02
1.330000e-06	4.443752e-06	2.582388e-09	3.148950e+01	1.532053e+02
1.340000e-06	4.502641e-06	2.631576e-09	3.190680e+01	1.562655e+02
1.350000e-06	4.559719e-06	2.679609e-09	3.231127e+01	1.592191e+02
1.360000e-06	4.615082e-06	2.731179e-09	3.270359e+01	1.620473e+02
1.370000e-06	4.668793e-06	2.779226e-09	3.308420e+01	1.647320e+02
1.380000e-06	4.720564e-06	2.820432e-09	3.345106e+01	1.672632e+02
1.390000e-06	4.770202e-06	2.858929e-09	3.380280e+01	1.696434e+02
1.400000e-06	4.817945e-06	2.897062e-09	3.414112e+01	1.718879e+02
1.410000e-06	4.864027e-06	2.933583e-09	3.446767e+01	1.740200e+02
1.420000e-06	4.908558e-06	2.967345e-09	3.478323e+01	1.760635e+02
1.430000e-06	4.951364e-06	3.000031e-09	3.508656e+01	1.780354e+02
1.440000e-06	4.992248e-06	3.035335e-09	3.537628e+01	1.799405e+02
1.450000e-06	5.031392e-06	3.068636e-09	3.565366e+01	1.817707e+02
1.460000e-06	5.068866e-06	3.095799e-09	3.591921e+01	1.835090e+02
1.470000e-06	5.104642e-06	3.120359e-09	3.617273e+01	1.851358e+02
1.480000e-06	5.138513e-06	3.145629e-09	3.641275e+01	1.866368e+02
1.490000e-06	5.170453e-06	3.169748e-09	3.663908e+01	1.880086e+02
1.500000e-06	5.200678e-06	3.189582e-09	3.685326e+01	1.892605e+02
1.510000e-06	5.229272e-06	3.206543e-09	3.705589e+01	1.904122e+02
1.520000e-06	5.255978e-06	3.223775e-09	3.724513e+01	1.914881e+02
1.530000e-06	5.280603e-06	3.241202e-09	3.741963e+01	1.925101e+02
1.540000e-06	5.303353e-06	3.256061e-09	3.758084e+01	1.934918e+02
1.550000e-06	5.324397e-06	3.270263e-09	3.772997e+01	1.944347e+02
1.560000e-06	5.343669e-06	3.286418e-09	3.786653e+01	1.953294e+02
1.570000e-06	5.360972e-06	3.303038e-09	3.798915e+01	1.961592e+02
1.580000e-06	5.376326e-06	3.314266e-09	3.809795e+01	1.969062e+02
1.590000e-06	5.389753e-06	3.320889e-09	3.819309e+01	1.975572e+02
1.600000e-06	5.400992e-06	3.327479e-09	3.827274e+01	1.981089e+02
1.610000e-06	5.410029e-06	3.333231e-09	3.833677e+01	1.985687e+02
1.620000e-06	5.417153e-06	3.336326e-09	3.838726e+01	1.989536e+02
1.630000e-06	5.422513e-06	3.339229e-09	3.842524e+01	1.992856e+02
1.640000e-06	5.425990e-06	3.347099e-09	3.844988e+01	1.995855e+02
1.650000e-06	5.427418e-06	3.355266e-09	3.846000e+01	1.998679e+02
1.660000e-06	5.426936e-06	3.361540e-09	3.845659e+01	2.001366e+02
1.670000e-06	5.424733e-06	3.368097e-09	3.844097e+01	2.003834e+02
1.680000e-06	5.420899e-06	3.372543e-09	3.841381e+01	2.005903e+02
1.690000e-06	5.415222e-06	3.372481e-09	3.837358e+01	2.007336e+02
1.700000e-06	5.407642e-06	3.367834e-09	3.831986e+01	2.007900e+02
1.710000e-06	5.398477e-06	3.362144e-09	3.825492e+01	2.007428e+02
1.720000e-06	5.387668e-06	3.357070e-09	3.817832e+01	2.005865e+02
1.730000e-06	5.374849e-06	3.333684e-09	3.808748e+01	2.003286e+02
1.740000e-06	5.360010e-06	3.391055e-09	3.798233e+01	1.999886e+02
1.750000e-06	5.343128e-06	3.462797e-09	3.786270e+01	1.995928e+02
1.760000e-06	5.323813e-06	3.418372e-09	3.772583e+01	1.991689e+02
1.770000e-06	5.301928e-06	3.365668e-09	3.757075e+01	1.987388e+02
1.780000e-06	5.278006e-06	3.226621e-09	3.740123e+01	1.983136e+02
1.790000e-06	5.252929e-06	3.207491e-09	3.722353e+01	1.978917e+02
1.800000e-06	5.226886e-06	3.430062e-09	3.703898e+01	1.974599e+02
1.810000e-06	5.199011e-06	3.322824e-09	3.684145e+01	1.969979e+02
1.820000e-06	5.169018e-06	3.235062e-09	3.662891e+01	1.964844e+02
1.830000e-06	5.137399e-06	3.393125e-09	3.640485e+01	1.959030e+02
1.840000e-06	5.103946e-06	3.291139e-09	3.616780e+01	1.952466e+02
1.850000e-06	5.068770e-06	3.274345e-09	3.591853e+01	1.945182e+02
1.860000e-06	5.031951e-06	3.249529e-09	3.565762e+01	1.937294e+02
1.870000e-06	4.993109e-06	3.122483e-09	3.538238e+01	1.928955e+02
1.880000e-06	4.952530e-06	3.304080e-09	3.509482e+01	1.920306e+02
1.890000e-06	4.910305e-06	3.321082e-09	3.479561e+01	1.911433e+02
1.900000e-06	4.866385e-06	3.180458e-09	3.448439e+01	1.902338e+02
1.910000e-06	4.820811e-06	3.192349e-09	3.416144e+01	1.892952e+02
1.920000e-06	4.773245e-06	3.144081e-09	3.382437e+01	1.883153e+02
1.930000e-06	4.723878e-06	3.202617e-09	3.347454e+01	1.872812e+02
1.940000e-06	4.672846e-06	3.142330e-09	3.311292e+01	1.861826e+02
1.950000e-06	4.619765e-06	3.068257e-09	3.273677e+01	1.850152e+02
1.960000e-06	4.564734e-06	3.186422e-09	3.234681e+01	1.837808e+02
1.970000e-06	4.507991e-06	3.135792e-09	3.194471e+01	1.824870e+02
1.980000e-06	4.449772e-06	3.050033e-09	3.153216e+01	1.811447e+02
1.990000e-06	4.390111e-06	2.973684e-09	3.110939e+01	1.797657e+02
2.000000e-06	4.328666e-06	3.019432e-09	3.067398e+01	1.783603e+02
2.010000e-06	4.265544e-06	3.068098e-09	3.022668e+01	1.769360e+02
2.020000e-06	4.200942e-06	2.936005e-09	2.976889e+01	1.754961e+02
2.030000e-06	4.134917e-06	2.942711e-09	2.930102e+01	1.740401e+02
2.040000e-06	4.067496e-06	2.952986e-09	2.882326e+01	1.725631e+02
2.050000e-06	3.998428e-06	2.920887e-09	2.833383e+01	1.710574e+02
2.060000e-06	3.927740e-06	2.849731e-09	2.783292e+01	1.695123e+02
2.070000e-06	3.855658e-06	2.790339e-09	2.732213e+01	1.679165e+02
2.080000e-06	3.782244e-06	2.858604e-09	2.680190e+01	1.662597e+02
2.090000e-06	3.707456e-06	2.823024e-09	2.627193e+01	1.645344e+02
2.100000e-06	3.631234e-06	2.750731e-09	2.573181e+01	1.627381e+02
2.110000e-06	3.553430e-06	2.705246e-09	2.518047e+01	1.608735e+02
2.120000e-06	3.474161e-06	2.710592e-09	2.461874e+01	1.589477e+02
2.130000e-06	3.393699e-06	2.688115e-09	2.404857e+01	1.569704e+02
2.140000e-06	3.312090e-06	2.587196e-09	2.347027e+01	1.549506e+02
2.150000e-06	3.229460e-06	2.565487e-09	2.288473e+01	1.528941e+02
2.160000e-06	3.145786e-06	2.573979e-09	2.229180e+01	1.508017e+02
2.170000e-06	3.060876e-06	2.559587e-09	2.169011e+01	1.486701e+02
2.180000e-06	2.974650e-06	2.474357e-09	2.107909e+01	1.464934e+02
2.190000e-06	2.887299e-06	2.416050e-09	2.046010e+01	1.442668e+02
2.200000e-06	2.799011e-06	2.424254e-09	1.983447e+01	1.419894e+02
2.210000e-06	2.709832e-06	2.389456e-09	1.920253e+01	1.396649e+02
2.220000e-06	2.619791e-06	2.312282e-09	1.856447e+01	1.373013e+02
2.230000e-06	2.528882e-06	2.251149e-09	1.792027e+01	1.349073e+02
2.240000e-06	2.437192e-06	2.259510e-09	1.727053e+01	1.324882e+02
2.250000e-06	2.344587e-06	2.238299e-09	1.661431e+01	1.300427e+02
2.260000e-06	2.250962e-06	2.155206e-09	1.595086e+01	1.275616e+02
2.270000e-06	2.156444e-06	2.094497e-09	1.528108e+01	1.250302e+02
2.280000e-06	2.061115e-06	2.083450e-09	1.460556e+01	1.224324e+02
2.290000e-06	1.965100e-06	2.057027e-09	1.392518e+01	1.197569e+02
2.300000e-06	1.868471e-06	1.968870e-09	1.324044e+01	1.170011e+02
2.310000e-06	1.771210e-06	1.899609e-09	1.255122e+01	1.141729e+02
2.320000e-06	1.673269e-06	1.887188e-09	1.185719e+01	1.112882e+02
2.330000e-06	1.574811e-06	1.860272e-09	1.115949e+01	1.083653e+02
2.340000e-06	1.476019e-06	1.776268e-09	1.045943e+01	1.054173e+02
2.350000e-06	1.376804e-06	1.701963e-09	9.756366e+00	1.024476e+02
2.360000e-06	1.277027e-06	1.681634e-09	9.049324e+00	9.944679e+01
2.370000e-06	1.176741e-06	1.652100e-09	8.338673e+00	9.639632e+01
2.380000e-06	1.076086e-06	1.571270e-09	7.625406e+00	9.327462e+01
2.390000e-06	9.749780e-07	1.495789e-09	6.908930e+00	9.006554e+01
2.400000e-06	8.732862e-07	1.466271e-09	6.188318e+00	8.676500e+01
2.410000e-06	7.711532e-07	1.430446e-09	5.464579e+00	8.338344e+01
2.420000e-06	6.687862e-07	1.345451e-09	4.739181e+00	7.994299e+01
2.430000e-06	5.661965e-07	1.263317e-09	4.012206e+00	7.647001e+01
2.440000e-06	4.633527e-07	1.229690e-09	3.283430e+00	7.298571e+01
2.450000e-06	3.603547e-07	1.194910e-09	2.553560e+00	6.949836e+01
2.460000e-06	2.573064e-07	1.116339e-09	1.823335e+00	6.599989e+01
2.470000e-06	1.541539e-07	1.031430e-09	1.092372e+00	6.246854e+01
2.480000e-06	5.088876e-08	9.849291e-10	3.606100e-01	5.887647e+01
2.490000e-06	-5.239812e-08	9.409897e-10	-3.713058e-01	5.519984e+01
2.500000e-06	-1.556140e-07	8.576323e-10	-1.102718e+00	5.142743e+01
2.510000e-06	-2.587139e-07	7.725338e-10	-1.833309e+00	4.756483e+01
2.520000e-06	-3.617450e-07	7.235980e-10	-2.563413e+00	4.363247e+01
2.530000e-06	-4.646688e-07	6.805210e-10	-3.292756e+00	3.965830e+01
2.540000e-06	-5.673571e-07	6.003460e-10	-4.020430e+00	3.566797e+01
2.550000e-06	-6.697905e-07	5.101842e-10	-4.746298e+00	3.167608e+01
2.560000e-06	-7.719784e-07	4.518277e-10	-5.470426e+00	2.768190e+01
2.570000e-06	-8.738454e-07	4.022227e-10	-6.192280e+00	2.367104e+01
2.580000e-06	-9.752846e-07	3.260649e-10	-6.911103e+00	1.962237e+01
2.590000e-06	-1.076196e-06	2.399651e-10	-7.626188e+00	1.551746e+01
2.600000e-06	-1.176605e-06	1.793038e-10	-8.337708e+00	1.134874e+01
2.610000e-06	-1.276556e-06	1.257861e-10	-9.045987e+00	7.123399e+00
2.620000e-06	-1.376054e-06	4.425522e-11	-9.751053e+00	2.861305e+00
2.630000e-06	-1.475131e-06	-4.600416e-11	-1.045314e+01	-1.411986e+00
2.640000e-06	-1.573779e-06	-1.119941e-10	-1.115218e+01	-5.674555e+00
2.650000e-06	-1.671925e-06	-1.666106e-10	-1.184767e+01	-9.916077e+00
2.660000e-06	-1.769465e-06	-2.429712e-10	-1.253886e+01	-1.414139e+01
2.670000e-06	-1.866401e-06	-3.297949e-10	-1.322577e+01	-1.836835e+01
2.680000e-06	-1.962774e-06	-3.975113e-10	-1.390869e+01	-2.262094e+01
2.690000e-06	-2.058541e-06	-4.562131e-10	-1.458732e+01	-2.692029e+01
2.700000e-06	-2.153660e-06	-5.332694e-10	-1.526136e+01	-3.127723e+01
2.710000e-06	-2.248073e-06	-6.207686e-10	-1.593039e+01	-3.568904e+01
2.720000e-06	-2.341589e-06	-6.890667e-10	-1.659307e+01	-4.014166e+01
2.730000e-06	-2.434059e-06	-7.484051e-10	-1.724833e+01	-4.461617e+01
2.740000e-06	-2.525534e-06	-8.279547e-10	-1.789655e+01	-4.909684e+01
2.750000e-06	-2.616121e-06	-9.195763e-10	-1.853847e+01	-5.357744e+01
2.760000e-06	-2.705804e-06	-9.954211e-10	-1.917399e+01	-5.806322e+01
2.770000e-06	-2.794544e-06	-1.058633e-09	-1.980282e+01	-6.256779e+01
2.780000e-06	-2.882406e-06	-1.132643e-09	-2.042542e+01	-6.710620e+01
2.790000e-06	-2.969377e-06	-1.216850e-09	-2.104172e+01	-7.168698e+01
2.800000e-06	-3.055272e-06	-1.290762e-09	-2.165039e+01	-7.630640e+01
2.810000e-06	-3.139925e-06	-1.357015e-09	-2.225027e+01	-8.094722e+01
2.820000e-06	-3.223395e-06	-1.436862e-09	-2.284176e+01	-8.558256e+01
2.830000e-06	-3.305774e-06	-1.526530e-09	-2.342551e+01	-9.018318e+01
2.840000e-06	-3.387035e-06	-1.605019e-09	-2.400135e+01	-9.472558e+01
2.850000e-06	-3.467145e-06	-1.669825e-09	-2.456903e+01	-9.919758e+01
2.860000e-06	-3.546077e-06	-1.740405e-09	-2.512836e+01	-1.035993e+02
2.870000e-06	-3.623577e-06	-1.820464e-09	-2.567754e+01	-1.079393e+02
2.880000e-06	-3.699517e-06	-1.892992e-09	-2.621567e+01	-1.122276e+02
2.890000e-06	-3.774059e-06	-1.955611e-09	-2.674389e+01	-1.164678e+02
2.900000e-06	-3.847222e-06	-2.024311e-09	-2.726235e+01	-1.206526e+02
2.910000e-06	-3.919093e-06	-2.101666e-09	-2.777164e+01	-1.247636e+02
2.920000e-06	-3.989643e-06	-2.171890e-09	-2.827157e+01	-1.287756e+02
2.930000e-06	-4.058571e-06	-2.229847e-09	-2.876002e+01	-1.326637e+02
2.940000e-06	-4.125950e-06	-2.290061e-09	-2.923748e+01	-1.364114e+02
2.950000e-06	-4.191983e-06	-2.357813e-09	-2.970541e+01	-1.400145e+02
2.960000e-06	-4.256613e-06	-2.418670e-09	-3.016339e+01	-1.434815e+02
2.970000e-06	-4.319892e-06	-2.466611e-09	-3.061180e+01	-1.468288e+02
2.980000e-06	-4.381593e-06	-2.516636e-09	-3.104903e+01	-1.500731e+02
2.990000e-06	-4.441510e-06	-2.576000e-09	-3.147362e+01	-1.532243e+02
3.000000e-06	-4.499879e-06	-2.629518e-09	-3.188723e+01	-1.562809e+02
3.010000e-06	-4.556769e-06	-2.672791e-09	-3.229037e+01	-1.592303e+02
3.020000e-06	-4.612075e-06	-2.718579e-09	-3.268228e+01	-1.620535e+02
3.030000e-06	-4.665508e-06	-2.770814e-09	-3.306092e+01	-1.647327e+02
3.040000e-06	-4.716940e-06	-2.816496e-09	-3.342538e+01	-1.672582e+02
3.050000e-06	-4.766544e-06	-2.849900e-09	-3.377689e+01	-1.696332e+02
3.060000e-06	-4.814172e-06	-2.884130e-09	-3.411439e+01	-1.718731e+02
3.070000e-06	-4.859897e-06	-2.924989e-09	-3.443841e+01	-1.740015e+02
3.080000e-06	-4.904124e-06	-2.960631e-09	-3.475181e+01	-1.760421e+02
3.090000e-06	-4.946883e-06	-2.988236e-09	-3.505481e+01	-1.780115e+02
3.100000e-06	-4.988082e-06	-3.017596e-09	-3.534676e+01	-1.799140e+02
3.110000e-06	-5.027661e-06	-3.054440e-09	-3.562723e+01	-1.817412e+02
3.120000e-06	-5.065356e-06	-3.089978e-09	-3.589434e+01	-1.834757e+02
3.130000e-06	-5.101092e-06	-3.114639e-09	-3.614757e+01	-1.850981e+02
3.140000e-06	-5.135037e-06	-3.134752e-09	-3.638812e+01	-1.865943e+02
3.150000e-06	-5.167296e-06	-3.159711e-09	-3.661671e+01	-1.879615e+02
3.160000e-06	-5.197703e-06	-3.184410e-09	-3.683218e+01	-1.892093e+02
3.170000e-06	-5.226131e-06	-3.202649e-09	-3.703363e+01	-1.903578e+02
3.180000e-06	-5.252731e-06	-3.219146e-09	-3.722212e+01	-1.914313e+02
3.190000e-06	-5.277564e-06	-3.241327e-09	-3.739810e+01	-1.924516e+02
3.200000e-06	-5.300523e-06	-3.263667e-09	-3.756079e+01	-1.934318e+02
3.210000e-06	-5.321473e-06	-3.277707e-09	-3.770925e+01	-1.943731e+02
3.220000e-06	-5.340533e-06	-3.288756e-09	-3.784431e+01	-1.952657e+02
3.230000e-06	-5.357806e-06	-3.303984e-09	-3.796671e+01	-1.960927e+02
3.240000e-06	-5.373153e-06	-3.320949e-09	-3.807547e+01	-1.968363e+02
3.250000e-06	-5.386343e-06	-3.332324e-09	-3.816893e+01	-1.974837e+02
3.260000e-06	-5.397426e-06	-3.340545e-09	-3.824746e+01	-1.980317e+02
3.270000e-06	-5.406650e-06	-3.350131e-09	-3.831283e+01	-1.984884e+02
3.280000e-06	-5.414048e-06	-3.360136e-09	-3.836526e+01	-1.988710e+02
3.290000e-06	-5.419439e-06	-3.365582e-09	-3.840345e+01	-1.992013e+02
3.300000e-06	-5.422850e-06	-3.370098e-09	-3.842763e+01	-1.995004e+02
3.310000e-06	-5.424465e-06	-3.380086e-09	-3.843908e+01	-1.997821e+02
