# Temperatura_=_28.22
# Concentracion g/m^3_=_11000.0
# C_Vs_to_Am_M_A/Vsm_=_59384043850.047264
# pendiente_HvsI_1/m_=_3716.3
# ordenada_HvsI_A/m_=_1297.0
# frecuencia_Hz_=_301246.44201405084

Tiempo_(s)	Campo_(V.s)	Magnetizacion_(V.s)	Campo_(kA/m)	Magnetizacion_(A/m)
0.000000e+00	-5.417364e-06	-3.266508e-09	-3.844249e+01	-1.932601e+02
1.000000e-08	-5.414699e-06	-3.267358e-09	-3.842358e+01	-1.934920e+02
2.000000e-08	-5.410220e-06	-3.267312e-09	-3.839179e+01	-1.936890e+02
3.000000e-08	-5.404085e-06	-3.267964e-09	-3.834826e+01	-1.938238e+02
4.000000e-08	-5.396301e-06	-3.269200e-09	-3.829302e+01	-1.938719e+02
5.000000e-08	-5.386698e-06	-3.267717e-09	-3.822487e+01	-1.938193e+02
6.000000e-08	-5.375082e-06	-3.264520e-09	-3.814245e+01	-1.936680e+02
7.000000e-08	-5.361534e-06	-3.260218e-09	-3.804631e+01	-1.934354e+02
8.000000e-08	-5.345834e-06	-3.232292e-09	-3.793490e+01	-1.931497e+02
9.000000e-08	-5.327767e-06	-3.196739e-09	-3.780669e+01	-1.928421e+02
1.000000e-07	-5.307578e-06	-3.196232e-09	-3.766342e+01	-1.925374e+02
1.100000e-07	-5.285501e-06	-3.222610e-09	-3.750677e+01	-1.922479e+02
1.200000e-07	-5.261828e-06	-3.255388e-09	-3.733878e+01	-1.919703e+02
1.300000e-07	-5.236800e-06	-3.274192e-09	-3.716117e+01	-1.916873e+02
1.400000e-07	-5.210175e-06	-3.218522e-09	-3.697224e+01	-1.913733e+02
1.500000e-07	-5.181685e-06	-3.179297e-09	-3.677007e+01	-1.910019e+02
1.600000e-07	-5.151568e-06	-3.200111e-09	-3.655635e+01	-1.905528e+02
1.700000e-07	-5.119895e-06	-3.168822e-09	-3.633160e+01	-1.900168e+02
1.800000e-07	-5.086222e-06	-3.151624e-09	-3.609265e+01	-1.893965e+02
1.900000e-07	-5.050661e-06	-3.154167e-09	-3.584030e+01	-1.887047e+02
2.000000e-07	-5.013525e-06	-3.155158e-09	-3.557678e+01	-1.879587e+02
2.100000e-07	-4.974640e-06	-3.179282e-09	-3.530085e+01	-1.871753e+02
2.200000e-07	-4.934043e-06	-3.132238e-09	-3.501276e+01	-1.863660e+02
2.300000e-07	-4.891555e-06	-3.068595e-09	-3.471126e+01	-1.855340e+02
2.400000e-07	-4.847071e-06	-3.083130e-09	-3.439560e+01	-1.846747e+02
2.500000e-07	-4.800828e-06	-3.082509e-09	-3.406745e+01	-1.837781e+02
2.600000e-07	-4.752766e-06	-3.067697e-09	-3.372639e+01	-1.828324e+02
2.700000e-07	-4.702723e-06	-3.056082e-09	-3.337128e+01	-1.818280e+02
2.800000e-07	-4.650644e-06	-3.034609e-09	-3.300172e+01	-1.807600e+02
2.900000e-07	-4.596671e-06	-3.027281e-09	-3.261872e+01	-1.796295e+02
3.000000e-07	-4.541080e-06	-3.002617e-09	-3.222423e+01	-1.784424e+02
3.100000e-07	-4.483903e-06	-2.957644e-09	-3.181849e+01	-1.772074e+02
3.200000e-07	-4.425010e-06	-2.935876e-09	-3.140058e+01	-1.759332e+02
3.300000e-07	-4.364499e-06	-2.948131e-09	-3.097119e+01	-1.746262e+02
3.400000e-07	-4.302535e-06	-2.917094e-09	-3.053148e+01	-1.732890e+02
3.500000e-07	-4.239183e-06	-2.860628e-09	-3.008193e+01	-1.719204e+02
3.600000e-07	-4.174342e-06	-2.849984e-09	-2.962180e+01	-1.705169e+02
3.700000e-07	-4.107811e-06	-2.840136e-09	-2.914969e+01	-1.690739e+02
3.800000e-07	-4.039636e-06	-2.806168e-09	-2.866591e+01	-1.675880e+02
3.900000e-07	-3.970046e-06	-2.778735e-09	-2.817208e+01	-1.660578e+02
4.000000e-07	-3.899187e-06	-2.766274e-09	-2.766926e+01	-1.644841e+02
4.100000e-07	-3.827023e-06	-2.746602e-09	-2.715717e+01	-1.628691e+02
4.200000e-07	-3.753360e-06	-2.697762e-09	-2.663444e+01	-1.612146e+02
4.300000e-07	-3.678039e-06	-2.650405e-09	-2.609995e+01	-1.595203e+02
4.400000e-07	-3.601193e-06	-2.631924e-09	-2.555465e+01	-1.577834e+02
4.500000e-07	-3.523013e-06	-2.621416e-09	-2.499987e+01	-1.559982e+02
4.600000e-07	-3.443465e-06	-2.590624e-09	-2.443538e+01	-1.541572e+02
4.700000e-07	-3.362545e-06	-2.551120e-09	-2.386116e+01	-1.522536e+02
4.800000e-07	-3.280378e-06	-2.527257e-09	-2.327809e+01	-1.502831e+02
4.900000e-07	-3.197078e-06	-2.495536e-09	-2.268698e+01	-1.482460e+02
5.000000e-07	-3.112816e-06	-2.444344e-09	-2.208904e+01	-1.461473e+02
5.100000e-07	-3.027647e-06	-2.392691e-09	-2.148467e+01	-1.439965e+02
5.200000e-07	-2.941483e-06	-2.366276e-09	-2.087323e+01	-1.418049e+02
5.300000e-07	-2.854333e-06	-2.349981e-09	-2.025481e+01	-1.395833e+02
5.400000e-07	-2.766273e-06	-2.309281e-09	-1.962992e+01	-1.373391e+02
5.500000e-07	-2.677230e-06	-2.258475e-09	-1.899806e+01	-1.350748e+02
5.600000e-07	-2.586993e-06	-2.223574e-09	-1.835772e+01	-1.327871e+02
5.700000e-07	-2.495626e-06	-2.194856e-09	-1.770936e+01	-1.304683e+02
5.800000e-07	-2.403400e-06	-2.144390e-09	-1.705491e+01	-1.281083e+02
5.900000e-07	-2.310496e-06	-2.088212e-09	-1.639565e+01	-1.256975e+02
6.000000e-07	-2.216888e-06	-2.055249e-09	-1.573139e+01	-1.232290e+02
6.100000e-07	-2.122489e-06	-2.030794e-09	-1.506152e+01	-1.207000e+02
6.200000e-07	-2.027337e-06	-1.985194e-09	-1.438631e+01	-1.181124e+02
6.300000e-07	-1.931534e-06	-1.925807e-09	-1.370648e+01	-1.154715e+02
6.400000e-07	-1.835110e-06	-1.884923e-09	-1.302223e+01	-1.127843e+02
6.500000e-07	-1.738031e-06	-1.854511e-09	-1.233335e+01	-1.100575e+02
6.600000e-07	-1.640103e-06	-1.803934e-09	-1.163844e+01	-1.072956e+02
6.700000e-07	-1.541317e-06	-1.741867e-09	-1.093743e+01	-1.044998e+02
6.800000e-07	-1.441985e-06	-1.698178e-09	-1.023255e+01	-1.016677e+02
6.900000e-07	-1.342220e-06	-1.665461e-09	-9.524606e+00	-9.879378e+01
7.000000e-07	-1.242011e-06	-1.614341e-09	-8.813513e+00	-9.587094e+01
7.100000e-07	-1.141437e-06	-1.551915e-09	-8.099823e+00	-9.289194e+01
7.200000e-07	-1.040550e-06	-1.504232e-09	-7.383911e+00	-8.985123e+01
7.300000e-07	-9.392937e-07	-1.466483e-09	-6.665379e+00	-8.674629e+01
7.400000e-07	-8.376157e-07	-1.412428e-09	-5.943855e+00	-8.357852e+01
7.500000e-07	-7.356364e-07	-1.343720e-09	-5.220194e+00	-8.035313e+01
7.600000e-07	-6.334260e-07	-1.289607e-09	-4.494893e+00	-7.707825e+01
7.700000e-07	-5.310503e-07	-1.249295e-09	-3.768418e+00	-7.376311e+01
7.800000e-07	-4.285188e-07	-1.192667e-09	-3.040839e+00	-7.041578e+01
7.900000e-07	-3.257423e-07	-1.122393e-09	-2.311520e+00	-6.704085e+01
8.000000e-07	-2.228389e-07	-1.065953e-09	-1.581301e+00	-6.363792e+01
8.100000e-07	-1.199052e-07	-1.023818e-09	-8.508668e-01	-6.020128e+01
8.200000e-07	-1.692527e-08	-9.697610e-10	-1.201044e-01	-5.672114e+01
8.300000e-07	8.607659e-08	-8.988912e-10	6.108133e-01	-5.318625e+01
8.400000e-07	1.890085e-07	-8.357490e-10	1.341235e+00	-4.958725e+01
8.500000e-07	2.918441e-07	-7.841369e-10	2.070973e+00	-4.591979e+01
8.600000e-07	3.946468e-07	-7.235629e-10	2.800477e+00	-4.218631e+01
8.700000e-07	4.973210e-07	-6.486022e-10	3.529070e+00	-3.839593e+01
8.800000e-07	5.997204e-07	-5.809529e-10	4.255712e+00	-3.456211e+01
8.900000e-07	7.018503e-07	-5.283475e-10	4.980442e+00	-3.069893e+01
9.000000e-07	8.037756e-07	-4.705379e-10	5.703721e+00	-2.681696e+01
9.100000e-07	9.054408e-07	-3.990416e-10	6.425154e+00	-2.292025e+01
9.200000e-07	1.006769e-06	-3.305900e-10	7.144196e+00	-1.900557e+01
9.300000e-07	1.107774e-06	-2.714729e-10	7.860942e+00	-1.506416e+01
9.400000e-07	1.208408e-06	-2.053201e-10	8.575058e+00	-1.108565e+01
9.500000e-07	1.308642e-06	-1.280054e-10	9.286336e+00	-7.062697e+00
9.600000e-07	1.408447e-06	-5.679960e-11	9.994565e+00	-2.994755e+00
9.700000e-07	1.507807e-06	1.167042e-12	1.069964e+01	1.110561e+00
9.800000e-07	1.606625e-06	6.383955e-11	1.140087e+01	5.239146e+00
9.900000e-07	1.704685e-06	1.416150e-10	1.209672e+01	9.374734e+00
1.000000e-06	1.801865e-06	2.175902e-10	1.278632e+01	1.350447e+01
1.010000e-06	1.898252e-06	2.800074e-10	1.347030e+01	1.762378e+01
1.020000e-06	1.994025e-06	3.434195e-10	1.414992e+01	2.173875e+01
1.030000e-06	2.089190e-06	4.170028e-10	1.482523e+01	2.586500e+01
1.040000e-06	2.183641e-06	4.901116e-10	1.549546e+01	3.002330e+01
1.050000e-06	2.277327e-06	5.553378e-10	1.616028e+01	3.423330e+01
1.060000e-06	2.370302e-06	6.226843e-10	1.682004e+01	3.850740e+01
1.070000e-06	2.462559e-06	7.013682e-10	1.747471e+01	4.284698e+01
1.080000e-06	2.554047e-06	7.801898e-10	1.812393e+01	4.724210e+01
1.090000e-06	2.644590e-06	8.507826e-10	1.876643e+01	5.167481e+01
1.100000e-06	2.733886e-06	9.222146e-10	1.940009e+01	5.612482e+01
1.110000e-06	2.822038e-06	1.002403e-09	2.002563e+01	6.057546e+01
1.120000e-06	2.909271e-06	1.083741e-09	2.064465e+01	6.501776e+01
1.130000e-06	2.995545e-06	1.156072e-09	2.125687e+01	6.945136e+01
1.140000e-06	3.080844e-06	1.226390e-09	2.186216e+01	7.388183e+01
1.150000e-06	3.165202e-06	1.302607e-09	2.246079e+01	7.831576e+01
1.160000e-06	3.248542e-06	1.379877e-09	2.305218e+01	8.275534e+01
1.170000e-06	3.330691e-06	1.453261e-09	2.363512e+01	8.719470e+01
1.180000e-06	3.411509e-06	1.527218e-09	2.420862e+01	9.161922e+01
1.190000e-06	3.491056e-06	1.607370e-09	2.477309e+01	9.600826e+01
1.200000e-06	3.569403e-06	1.686372e-09	2.532906e+01	1.003400e+02
1.210000e-06	3.646492e-06	1.756395e-09	2.587610e+01	1.045970e+02
1.220000e-06	3.722293e-06	1.821925e-09	2.641399e+01	1.087693e+02
1.230000e-06	3.796591e-06	1.890184e-09	2.694122e+01	1.128556e+02
1.240000e-06	3.869290e-06	1.960816e-09	2.745710e+01	1.168607e+02
1.250000e-06	3.940562e-06	2.027544e-09	2.796286e+01	1.207906e+02
1.260000e-06	4.010459e-06	2.092210e-09	2.845886e+01	1.246475e+02
1.270000e-06	4.079028e-06	2.160325e-09	2.894544e+01	1.284268e+02
1.280000e-06	4.146227e-06	2.228182e-09	2.942229e+01	1.321159e+02
1.290000e-06	4.211744e-06	2.288526e-09	2.988721e+01	1.356976e+02
1.300000e-06	4.275641e-06	2.341692e-09	3.034064e+01	1.391538e+02
1.310000e-06	4.338199e-06	2.396267e-09	3.078456e+01	1.424709e+02
1.320000e-06	4.399385e-06	2.453370e-09	3.121874e+01	1.456432e+02
1.330000e-06	4.459207e-06	2.505715e-09	3.164325e+01	1.486731e+02
1.340000e-06	4.517352e-06	2.553282e-09	3.205586e+01	1.515694e+02
1.350000e-06	4.573667e-06	2.601840e-09	3.245548e+01	1.543435e+02
1.360000e-06	4.628382e-06	2.651119e-09	3.284375e+01	1.570053e+02
1.370000e-06	4.681371e-06	2.694339e-09	3.321976e+01	1.595601e+02
1.380000e-06	4.732345e-06	2.731859e-09	3.358148e+01	1.620084e+02
1.390000e-06	4.781282e-06	2.769975e-09	3.392875e+01	1.643478e+02
1.400000e-06	4.828399e-06	2.809070e-09	3.426310e+01	1.665752e+02
1.410000e-06	4.873848e-06	2.844877e-09	3.458561e+01	1.686903e+02
1.420000e-06	4.917681e-06	2.876600e-09	3.489665e+01	1.706962e+02
1.430000e-06	4.959663e-06	2.909535e-09	3.519456e+01	1.725989e+02
1.440000e-06	4.999767e-06	2.943814e-09	3.547915e+01	1.744046e+02
1.450000e-06	5.038238e-06	2.973711e-09	3.575215e+01	1.761170e+02
1.460000e-06	5.075111e-06	2.997781e-09	3.601381e+01	1.777354e+02
1.470000e-06	5.110175e-06	3.019522e-09	3.626263e+01	1.792549e+02
1.480000e-06	5.143285e-06	3.042942e-09	3.649758e+01	1.806688e+02
1.490000e-06	5.174587e-06	3.064746e-09	3.671970e+01	1.819729e+02
1.500000e-06	5.204211e-06	3.081440e-09	3.692992e+01	1.831690e+02
1.510000e-06	5.232105e-06	3.098202e-09	3.712786e+01	1.842669e+02
1.520000e-06	5.257989e-06	3.117210e-09	3.731154e+01	1.852833e+02
1.530000e-06	5.281868e-06	3.133992e-09	3.748099e+01	1.862381e+02
1.540000e-06	5.303935e-06	3.146714e-09	3.763758e+01	1.871481e+02
1.550000e-06	5.324296e-06	3.160450e-09	3.778206e+01	1.880222e+02
1.560000e-06	5.342807e-06	3.177319e-09	3.791342e+01	1.888581e+02
1.570000e-06	5.359307e-06	3.191529e-09	3.803050e+01	1.896428e+02
1.580000e-06	5.373893e-06	3.200136e-09	3.813401e+01	1.903574e+02
1.590000e-06	5.386490e-06	3.204929e-09	3.822340e+01	1.909837e+02
1.600000e-06	5.396853e-06	3.211147e-09	3.829694e+01	1.915113e+02
1.610000e-06	5.405086e-06	3.218468e-09	3.835536e+01	1.919424e+02
1.620000e-06	5.411508e-06	3.222822e-09	3.840093e+01	1.922924e+02
1.630000e-06	5.416229e-06	3.226937e-09	3.843443e+01	1.925854e+02
1.640000e-06	5.419047e-06	3.233765e-09	3.845443e+01	1.928474e+02
1.650000e-06	5.419832e-06	3.240321e-09	3.846000e+01	1.930978e+02
1.660000e-06	5.418783e-06	3.243345e-09	3.845256e+01	1.933431e+02
1.670000e-06	5.416108e-06	3.243323e-09	3.843357e+01	1.935742e+02
1.680000e-06	5.411731e-06	3.246523e-09	3.840251e+01	1.937696e+02
1.690000e-06	5.405396e-06	3.250218e-09	3.835756e+01	1.939019e+02
1.700000e-06	5.397257e-06	3.250146e-09	3.829980e+01	1.939466e+02
1.710000e-06	5.387510e-06	3.248967e-09	3.823064e+01	1.938904e+02
1.720000e-06	5.376076e-06	3.246147e-09	3.814950e+01	1.937359e+02
1.730000e-06	5.362724e-06	3.258630e-09	3.805476e+01	1.935010e+02
1.740000e-06	5.347305e-06	3.295343e-09	3.794533e+01	1.932142e+02
1.750000e-06	5.329678e-06	3.302304e-09	3.782025e+01	1.929064e+02
1.760000e-06	5.309457e-06	3.270285e-09	3.767676e+01	1.926022e+02
1.770000e-06	5.286777e-06	3.215738e-09	3.751582e+01	1.923134e+02
1.780000e-06	5.262426e-06	3.160362e-09	3.734302e+01	1.920360e+02
1.790000e-06	5.237086e-06	3.212796e-09	3.716320e+01	1.917525e+02
1.800000e-06	5.210554e-06	3.251319e-09	3.697493e+01	1.914370e+02
1.810000e-06	5.182017e-06	3.212573e-09	3.677242e+01	1.910633e+02
1.820000e-06	5.151512e-06	3.241828e-09	3.655596e+01	1.906113e+02
1.830000e-06	5.119369e-06	3.233795e-09	3.632787e+01	1.900722e+02
1.840000e-06	5.085365e-06	3.202821e-09	3.608657e+01	1.894492e+02
1.850000e-06	5.049707e-06	3.188253e-09	3.583354e+01	1.887552e+02
1.860000e-06	5.012271e-06	3.107972e-09	3.556788e+01	1.880077e+02
1.870000e-06	4.972830e-06	3.137648e-09	3.528800e+01	1.872234e+02
1.880000e-06	4.931722e-06	3.210104e-09	3.499629e+01	1.864134e+02
1.890000e-06	4.888884e-06	3.154051e-09	3.469231e+01	1.855806e+02
1.900000e-06	4.844405e-06	3.123299e-09	3.437668e+01	1.847203e+02
1.910000e-06	4.798205e-06	3.103729e-09	3.404883e+01	1.838223e+02
1.920000e-06	4.749998e-06	3.084689e-09	3.370675e+01	1.828747e+02
1.930000e-06	4.700108e-06	3.066365e-09	3.335273e+01	1.818682e+02
1.940000e-06	4.648445e-06	3.009497e-09	3.298611e+01	1.807980e+02
1.950000e-06	4.594757e-06	3.030167e-09	3.260514e+01	1.796655e+02
1.960000e-06	4.539250e-06	3.051754e-09	3.221125e+01	1.784766e+02
1.970000e-06	4.482059e-06	3.007407e-09	3.180541e+01	1.772402e+02
1.980000e-06	4.423431e-06	2.940173e-09	3.138938e+01	1.759648e+02
1.990000e-06	4.363316e-06	2.927311e-09	3.096279e+01	1.746568e+02
2.000000e-06	4.301472e-06	2.964446e-09	3.052394e+01	1.733186e+02
2.010000e-06	4.237991e-06	2.909808e-09	3.007347e+01	1.719490e+02
2.020000e-06	4.173015e-06	2.863822e-09	2.961239e+01	1.705442e+02
2.030000e-06	4.106629e-06	2.868336e-09	2.914130e+01	1.690999e+02
2.040000e-06	4.038706e-06	2.848811e-09	2.865931e+01	1.676125e+02
2.050000e-06	3.969137e-06	2.799360e-09	2.816563e+01	1.660808e+02
2.060000e-06	3.898062e-06	2.739963e-09	2.766128e+01	1.645058e+02
2.070000e-06	3.825654e-06	2.757917e-09	2.714745e+01	1.628894e+02
2.080000e-06	3.751935e-06	2.763897e-09	2.662433e+01	1.612336e+02
2.090000e-06	3.676768e-06	2.709109e-09	2.609094e+01	1.595380e+02
2.100000e-06	3.600105e-06	2.653873e-09	2.554692e+01	1.577996e+02
2.110000e-06	3.521934e-06	2.629047e-09	2.499221e+01	1.560126e+02
2.120000e-06	3.442392e-06	2.618653e-09	2.442777e+01	1.541696e+02
2.130000e-06	3.361624e-06	2.558905e-09	2.385463e+01	1.522638e+02
2.140000e-06	3.279737e-06	2.516265e-09	2.327354e+01	1.502910e+02
2.150000e-06	3.196839e-06	2.510346e-09	2.268528e+01	1.482516e+02
2.160000e-06	3.112832e-06	2.502358e-09	2.208915e+01	1.461510e+02
2.170000e-06	3.027647e-06	2.450673e-09	2.148467e+01	1.439986e+02
2.180000e-06	2.941229e-06	2.374768e-09	2.087144e+01	1.418059e+02
2.190000e-06	2.853681e-06	2.351193e-09	2.025018e+01	1.395835e+02
2.200000e-06	2.765146e-06	2.335349e-09	1.962192e+01	1.373387e+02
2.210000e-06	2.675655e-06	2.283948e-09	1.898688e+01	1.350738e+02
2.220000e-06	2.585342e-06	2.221214e-09	1.834601e+01	1.327852e+02
2.230000e-06	2.494246e-06	2.198825e-09	1.769957e+01	1.304652e+02
2.240000e-06	2.402301e-06	2.191428e-09	1.704711e+01	1.281036e+02
2.250000e-06	2.309370e-06	2.135144e-09	1.638766e+01	1.256910e+02
2.260000e-06	2.215527e-06	2.062513e-09	1.572173e+01	1.232204e+02
2.270000e-06	2.120817e-06	2.026849e-09	1.504966e+01	1.206894e+02
2.280000e-06	2.025254e-06	2.010630e-09	1.437153e+01	1.181000e+02
2.290000e-06	1.929090e-06	1.957760e-09	1.368914e+01	1.154574e+02
2.300000e-06	1.832361e-06	1.882719e-09	1.300273e+01	1.127687e+02
2.310000e-06	1.734942e-06	1.845800e-09	1.231142e+01	1.100407e+02
2.320000e-06	1.636864e-06	1.828511e-09	1.161545e+01	1.072777e+02
2.330000e-06	1.538336e-06	1.773167e-09	1.091628e+01	1.044808e+02
2.340000e-06	1.439433e-06	1.694984e-09	1.021445e+01	1.016474e+02
2.350000e-06	1.340029e-06	1.647970e-09	9.509061e+00	9.877198e+01
2.360000e-06	1.240073e-06	1.625364e-09	8.799759e+00	9.584735e+01
2.370000e-06	1.139715e-06	1.571720e-09	8.087602e+00	9.286634e+01
2.380000e-06	1.039002e-06	1.495684e-09	7.372924e+00	8.982346e+01
2.390000e-06	9.378333e-07	1.447018e-09	6.655016e+00	8.671634e+01
2.400000e-06	8.361671e-07	1.417132e-09	5.933576e+00	8.354650e+01
2.410000e-06	7.341559e-07	1.360535e-09	5.209688e+00	8.031929e+01
2.420000e-06	6.319613e-07	1.278087e-09	4.484499e+00	7.704292e+01
2.430000e-06	5.295123e-07	1.220697e-09	3.757504e+00	7.372662e+01
2.440000e-06	4.267652e-07	1.188132e-09	3.028395e+00	7.037835e+01
2.450000e-06	3.238821e-07	1.133298e-09	2.298320e+00	6.700257e+01
2.460000e-06	2.209194e-07	1.054008e-09	1.567680e+00	6.359867e+01
2.470000e-06	1.178254e-07	9.923720e-10	8.361076e-01	6.016077e+01
2.480000e-06	1.466696e-08	9.541322e-10	1.040791e-01	5.667897e+01
2.490000e-06	-8.850720e-08	8.950898e-10	-6.280614e-01	5.314204e+01
2.500000e-06	-1.915721e-07	8.131152e-10	-1.359426e+00	4.954074e+01
2.510000e-06	-2.944706e-07	7.497942e-10	-2.089611e+00	4.587094e+01
2.520000e-06	-3.973187e-07	7.086558e-10	-2.819437e+00	4.213534e+01
2.530000e-06	-5.000447e-07	6.488306e-10	-3.548397e+00	3.834327e+01
2.540000e-06	-6.025721e-07	5.621438e-10	-4.275948e+00	3.450828e+01
2.550000e-06	-7.049130e-07	4.903830e-10	-5.002176e+00	3.064438e+01
2.560000e-06	-8.069321e-07	4.427287e-10	-5.726120e+00	2.676196e+01
2.570000e-06	-9.085351e-07	3.835664e-10	-6.447111e+00	2.286482e+01
2.580000e-06	-1.009664e-06	3.031507e-10	-7.164737e+00	1.894946e+01
2.590000e-06	-1.110290e-06	2.319198e-10	-7.878794e+00	1.500701e+01
2.600000e-06	-1.210443e-06	1.806132e-10	-8.589500e+00	1.102711e+01
2.610000e-06	-1.310119e-06	1.174725e-10	-9.296814e+00	7.002619e+00
2.620000e-06	-1.409341e-06	3.115864e-11	-1.000091e+01	2.933271e+00
2.630000e-06	-1.508150e-06	-4.548485e-11	-1.070207e+01	-1.173041e+00
2.640000e-06	-1.606515e-06	-9.855437e-11	-1.140009e+01	-5.302046e+00
2.650000e-06	-1.704349e-06	-1.578076e-10	-1.209434e+01	-9.437504e+00
2.660000e-06	-1.801610e-06	-2.398866e-10	-1.278451e+01	-1.356678e+01
2.670000e-06	-1.898264e-06	-3.189781e-10	-1.347039e+01	-1.768566e+01
2.680000e-06	-1.994319e-06	-3.791075e-10	-1.415201e+01	-2.180061e+01
2.690000e-06	-2.089753e-06	-4.430279e-10	-1.482922e+01	-2.592753e+01
2.700000e-06	-2.184534e-06	-5.237138e-10	-1.550181e+01	-3.008726e+01
2.710000e-06	-2.278562e-06	-6.008368e-10	-1.616904e+01	-3.429928e+01
2.720000e-06	-2.371583e-06	-6.598121e-10	-1.682914e+01	-3.857566e+01
2.730000e-06	-2.463541e-06	-7.222458e-10	-1.748169e+01	-4.291736e+01
2.740000e-06	-2.554593e-06	-8.059251e-10	-1.812781e+01	-4.731405e+01
2.750000e-06	-2.644766e-06	-8.913934e-10	-1.876769e+01	-5.174762e+01
2.760000e-06	-2.734008e-06	-9.605470e-10	-1.940096e+01	-5.619780e+01
2.770000e-06	-2.822342e-06	-1.027234e-09	-2.002779e+01	-6.064813e+01
2.780000e-06	-2.909803e-06	-1.107111e-09	-2.064843e+01	-6.508998e+01
2.790000e-06	-2.996298e-06	-1.186577e-09	-2.126221e+01	-6.952324e+01
2.800000e-06	-3.081568e-06	-1.252375e-09	-2.186730e+01	-7.395362e+01
2.810000e-06	-3.165579e-06	-1.318623e-09	-2.246346e+01	-7.838765e+01
2.820000e-06	-3.248508e-06	-1.399101e-09	-2.305194e+01	-8.282727e+01
2.830000e-06	-3.330385e-06	-1.482343e-09	-2.363295e+01	-8.726629e+01
2.840000e-06	-3.411182e-06	-1.553462e-09	-2.420630e+01	-9.168982e+01
2.850000e-06	-3.490830e-06	-1.619011e-09	-2.477149e+01	-9.607707e+01
2.860000e-06	-3.569140e-06	-1.694246e-09	-2.532719e+01	-1.004063e+02
2.870000e-06	-3.645893e-06	-1.771816e-09	-2.587184e+01	-1.046603e+02
2.880000e-06	-3.721137e-06	-1.837130e-09	-2.640579e+01	-1.088293e+02
2.890000e-06	-3.795025e-06	-1.897334e-09	-2.693010e+01	-1.129126e+02
2.900000e-06	-3.867571e-06	-1.966865e-09	-2.744491e+01	-1.169148e+02
2.910000e-06	-3.938838e-06	-2.040810e-09	-2.795063e+01	-1.208420e+02
2.920000e-06	-4.008670e-06	-2.102577e-09	-2.844617e+01	-1.246962e+02
2.930000e-06	-4.076914e-06	-2.156329e-09	-2.893044e+01	-1.284723e+02
2.940000e-06	-4.143708e-06	-2.219216e-09	-2.940442e+01	-1.321578e+02
2.950000e-06	-4.209180e-06	-2.287445e-09	-2.986902e+01	-1.357352e+02
2.960000e-06	-4.273315e-06	-2.344715e-09	-3.032413e+01	-1.391865e+02
2.970000e-06	-4.335935e-06	-2.392263e-09	-3.076849e+01	-1.424985e+02
2.980000e-06	-4.396812e-06	-2.445198e-09	-3.120049e+01	-1.456654e+02
2.990000e-06	-4.456016e-06	-2.502494e-09	-3.162061e+01	-1.486902e+02
3.000000e-06	-4.513759e-06	-2.548478e-09	-3.203036e+01	-1.515819e+02
3.010000e-06	-4.570038e-06	-2.585879e-09	-3.242973e+01	-1.543518e+02
3.020000e-06	-4.624646e-06	-2.630975e-09	-3.281723e+01	-1.570096e+02
3.030000e-06	-4.677332e-06	-2.683701e-09	-3.319110e+01	-1.595605e+02
3.040000e-06	-4.728094e-06	-2.728701e-09	-3.355131e+01	-1.620049e+02
3.050000e-06	-4.776990e-06	-2.762290e-09	-3.389829e+01	-1.643401e+02
3.060000e-06	-4.823965e-06	-2.797707e-09	-3.423163e+01	-1.665634e+02
3.070000e-06	-4.869187e-06	-2.837478e-09	-3.455253e+01	-1.686744e+02
3.080000e-06	-4.912885e-06	-2.869651e-09	-3.486262e+01	-1.706764e+02
3.090000e-06	-4.955095e-06	-2.893993e-09	-3.516215e+01	-1.725755e+02
3.100000e-06	-4.995747e-06	-2.923927e-09	-3.545062e+01	-1.743777e+02
3.110000e-06	-5.034689e-06	-2.962173e-09	-3.572696e+01	-1.760867e+02
3.120000e-06	-5.071687e-06	-2.996182e-09	-3.598951e+01	-1.777016e+02
3.130000e-06	-5.106765e-06	-3.018708e-09	-3.623843e+01	-1.792172e+02
3.140000e-06	-5.140109e-06	-3.039072e-09	-3.647504e+01	-1.806272e+02
3.150000e-06	-5.171687e-06	-3.063818e-09	-3.669912e+01	-1.819272e+02
3.160000e-06	-5.201287e-06	-3.086050e-09	-3.690917e+01	-1.831195e+02
3.170000e-06	-5.228966e-06	-3.101444e-09	-3.710559e+01	-1.842141e+02
3.180000e-06	-5.254923e-06	-3.117785e-09	-3.728978e+01	-1.852279e+02
3.190000e-06	-5.279108e-06	-3.139628e-09	-3.746140e+01	-1.861806e+02
3.200000e-06	-5.301370e-06	-3.158406e-09	-3.761938e+01	-1.870892e+02
3.210000e-06	-5.321639e-06	-3.170276e-09	-3.776321e+01	-1.879619e+02
3.220000e-06	-5.340075e-06	-3.181943e-09	-3.789403e+01	-1.887962e+02
3.230000e-06	-5.356770e-06	-3.197955e-09	-3.801250e+01	-1.895787e+02
3.240000e-06	-5.371425e-06	-3.212359e-09	-3.811650e+01	-1.902903e+02
3.250000e-06	-5.383817e-06	-3.220686e-09	-3.820443e+01	-1.909130e+02
3.260000e-06	-5.394217e-06	-3.228166e-09	-3.827823e+01	-1.914369e+02
3.270000e-06	-5.402853e-06	-3.238594e-09	-3.833951e+01	-1.918647e+02
3.280000e-06	-5.409551e-06	-3.248195e-09	-3.838704e+01	-1.922121e+02
3.290000e-06	-5.414197e-06	-3.253553e-09	-3.842001e+01	-1.925034e+02
3.300000e-06	-5.417008e-06	-3.257674e-09	-3.843996e+01	-1.927647e+02
3.310000e-06	-5.418096e-06	-3.263263e-09	-3.844768e+01	-1.930148e+02
