# Temperatura_=_28.58
# Concentracion g/m^3_=_11000.0
# C_Vs_to_Am_M_A/Vsm_=_59384043850.047264
# pendiente_HvsI_1/m_=_3716.3
# ordenada_HvsI_A/m_=_1297.0
# frecuencia_Hz_=_301245.6698573003

Tiempo_(s)	Campo_(V.s)	Magnetizacion_(V.s)	Campo_(kA/m)	Magnetizacion_(A/m)
0.000000e+00	-5.421150e-06	-3.302235e-09	-3.844313e+01	-1.953812e+02
1.000000e-08	-5.418695e-06	-3.301177e-09	-3.842572e+01	-1.955942e+02
2.000000e-08	-5.414294e-06	-3.301126e-09	-3.839451e+01	-1.957929e+02
3.000000e-08	-5.408181e-06	-3.304957e-09	-3.835116e+01	-1.959478e+02
4.000000e-08	-5.400490e-06	-3.308213e-09	-3.829662e+01	-1.960231e+02
5.000000e-08	-5.391057e-06	-3.306015e-09	-3.822973e+01	-1.959898e+02
6.000000e-08	-5.379574e-06	-3.302442e-09	-3.814830e+01	-1.958358e+02
7.000000e-08	-5.366148e-06	-3.301554e-09	-3.805309e+01	-1.955721e+02
8.000000e-08	-5.350619e-06	-3.277092e-09	-3.794297e+01	-1.952294e+02
9.000000e-08	-5.332708e-06	-3.237372e-09	-3.781596e+01	-1.948488e+02
1.000000e-07	-5.312664e-06	-3.230602e-09	-3.767382e+01	-1.944684e+02
1.100000e-07	-5.290701e-06	-3.255587e-09	-3.751807e+01	-1.941109e+02
1.200000e-07	-5.267073e-06	-3.286234e-09	-3.735052e+01	-1.937763e+02
1.300000e-07	-5.242139e-06	-3.305770e-09	-3.717370e+01	-1.934429e+02
1.400000e-07	-5.215682e-06	-3.261463e-09	-3.698608e+01	-1.930750e+02
1.500000e-07	-5.187386e-06	-3.217863e-09	-3.678543e+01	-1.926360e+02
1.600000e-07	-5.157424e-06	-3.231574e-09	-3.657296e+01	-1.921003e+02
1.700000e-07	-5.125901e-06	-3.205958e-09	-3.634942e+01	-1.914617e+02
1.800000e-07	-5.092413e-06	-3.177350e-09	-3.611194e+01	-1.907343e+02
1.900000e-07	-5.057005e-06	-3.181907e-09	-3.586086e+01	-1.899460e+02
2.000000e-07	-5.020027e-06	-3.189713e-09	-3.559864e+01	-1.891285e+02
2.100000e-07	-4.981294e-06	-3.198499e-09	-3.532396e+01	-1.883056e+02
2.200000e-07	-4.940806e-06	-3.157021e-09	-3.503685e+01	-1.874859e+02
2.300000e-07	-4.898476e-06	-3.100359e-09	-3.473668e+01	-1.866611e+02
2.400000e-07	-4.854160e-06	-3.102027e-09	-3.442241e+01	-1.858106e+02
2.500000e-07	-4.808025e-06	-3.110751e-09	-3.409526e+01	-1.849104e+02
2.600000e-07	-4.760060e-06	-3.100897e-09	-3.375512e+01	-1.839415e+02
2.700000e-07	-4.710128e-06	-3.073385e-09	-3.340104e+01	-1.828969e+02
2.800000e-07	-4.658148e-06	-3.055429e-09	-3.303243e+01	-1.817826e+02
2.900000e-07	-4.604287e-06	-3.051162e-09	-3.265048e+01	-1.806137e+02
3.000000e-07	-4.548844e-06	-3.009766e-09	-3.225732e+01	-1.794079e+02
3.100000e-07	-4.491821e-06	-2.971130e-09	-3.185295e+01	-1.781784e+02
3.200000e-07	-4.433031e-06	-2.967786e-09	-3.143605e+01	-1.769291e+02
3.300000e-07	-4.372550e-06	-2.972184e-09	-3.100717e+01	-1.756549e+02
3.400000e-07	-4.310562e-06	-2.937886e-09	-3.056759e+01	-1.743446e+02
3.500000e-07	-4.247209e-06	-2.887115e-09	-3.011833e+01	-1.729867e+02
3.600000e-07	-4.182450e-06	-2.869853e-09	-2.965911e+01	-1.715751e+02
3.700000e-07	-4.115989e-06	-2.857244e-09	-2.918781e+01	-1.701109e+02
3.800000e-07	-4.047866e-06	-2.825338e-09	-2.870473e+01	-1.686026e+02
3.900000e-07	-3.978361e-06	-2.794449e-09	-2.821184e+01	-1.670611e+02
4.000000e-07	-3.907601e-06	-2.784108e-09	-2.771006e+01	-1.654954e+02
4.100000e-07	-3.835627e-06	-2.770845e-09	-2.719967e+01	-1.639078e+02
4.200000e-07	-3.762161e-06	-2.721654e-09	-2.667870e+01	-1.622926e+02
4.300000e-07	-3.686928e-06	-2.670709e-09	-2.614520e+01	-1.606374e+02
4.400000e-07	-3.610174e-06	-2.652492e-09	-2.560091e+01	-1.589276e+02
4.500000e-07	-3.532126e-06	-2.644560e-09	-2.504744e+01	-1.571512e+02
4.600000e-07	-3.452624e-06	-2.613052e-09	-2.448367e+01	-1.553024e+02
4.700000e-07	-3.371673e-06	-2.569469e-09	-2.390962e+01	-1.533832e+02
4.800000e-07	-3.289460e-06	-2.544960e-09	-2.332662e+01	-1.514021e+02
4.900000e-07	-3.206133e-06	-2.517621e-09	-2.273573e+01	-1.493707e+02
5.000000e-07	-3.121887e-06	-2.467004e-09	-2.213831e+01	-1.472998e+02
5.100000e-07	-3.036686e-06	-2.414986e-09	-2.153412e+01	-1.451968e+02
5.200000e-07	-2.950475e-06	-2.392174e-09	-2.092277e+01	-1.430645e+02
5.300000e-07	-2.863343e-06	-2.378530e-09	-2.030489e+01	-1.409023e+02
5.400000e-07	-2.775299e-06	-2.336731e-09	-1.968054e+01	-1.387076e+02
5.500000e-07	-2.686274e-06	-2.283435e-09	-1.904924e+01	-1.364780e+02
5.600000e-07	-2.596085e-06	-2.249353e-09	-1.840968e+01	-1.342120e+02
5.700000e-07	-2.504730e-06	-2.223217e-09	-1.776185e+01	-1.319081e+02
5.800000e-07	-2.412502e-06	-2.173183e-09	-1.710783e+01	-1.295641e+02
5.900000e-07	-2.319578e-06	-2.115987e-09	-1.644888e+01	-1.271755e+02
6.000000e-07	-2.225928e-06	-2.085274e-09	-1.578478e+01	-1.247358e+02
6.100000e-07	-2.131496e-06	-2.065346e-09	-1.511513e+01	-1.222373e+02
6.200000e-07	-2.036268e-06	-2.020513e-09	-1.443983e+01	-1.196740e+02
6.300000e-07	-1.940358e-06	-1.957868e-09	-1.375970e+01	-1.170435e+02
6.400000e-07	-1.843847e-06	-1.915167e-09	-1.307531e+01	-1.143487e+02
6.500000e-07	-1.746683e-06	-1.885470e-09	-1.238630e+01	-1.115968e+02
6.600000e-07	-1.648615e-06	-1.835723e-09	-1.169086e+01	-1.087972e+02
6.700000e-07	-1.549690e-06	-1.771840e-09	-1.098936e+01	-1.059574e+02
6.800000e-07	-1.450271e-06	-1.726802e-09	-1.028434e+01	-1.030797e+02
6.900000e-07	-1.350363e-06	-1.695931e-09	-9.575860e+00	-1.001602e+02
7.000000e-07	-1.249995e-06	-1.646385e-09	-8.864120e+00	-9.718915e+01
7.100000e-07	-1.149292e-06	-1.581886e-09	-8.150002e+00	-9.415501e+01
7.200000e-07	-1.048306e-06	-1.531306e-09	-7.433877e+00	-9.104852e+01
7.300000e-07	-9.469909e-07	-1.492735e-09	-6.715419e+00	-8.786693e+01
7.400000e-07	-8.452682e-07	-1.437867e-09	-5.994070e+00	-8.461572e+01
7.500000e-07	-7.432319e-07	-1.368050e-09	-5.270497e+00	-8.130739e+01
7.600000e-07	-6.410039e-07	-1.311849e-09	-4.545566e+00	-7.795758e+01
7.700000e-07	-5.385661e-07	-1.271049e-09	-3.819146e+00	-7.457995e+01
7.800000e-07	-4.359389e-07	-1.216243e-09	-3.091384e+00	-7.118153e+01
7.900000e-07	-3.331709e-07	-1.146164e-09	-2.362623e+00	-6.776055e+01
8.000000e-07	-2.302996e-07	-1.087708e-09	-1.633129e+00	-6.430729e+01
8.100000e-07	-1.273912e-07	-1.041903e-09	-9.033721e-01	-6.080776e+01
8.200000e-07	-2.439778e-08	-9.841569e-10	-1.730126e-01	-5.724877e+01
8.300000e-07	7.869294e-08	-9.119740e-10	5.580371e-01	-5.362256e+01
8.400000e-07	1.817301e-07	-8.494753e-10	1.288707e+00	-4.992916e+01
8.500000e-07	2.845894e-07	-7.987945e-10	2.018115e+00	-4.617600e+01
8.600000e-07	3.873344e-07	-7.380422e-10	2.746713e+00	-4.237476e+01
8.700000e-07	4.900026e-07	-6.628396e-10	3.474767e+00	-3.853707e+01
8.800000e-07	5.924629e-07	-5.932288e-10	4.201346e+00	-3.467057e+01
8.900000e-07	6.946844e-07	-5.366017e-10	4.926232e+00	-3.077689e+01
9.000000e-07	7.967039e-07	-4.732315e-10	5.649685e+00	-2.685224e+01
9.100000e-07	8.984571e-07	-3.977684e-10	6.371250e+00	-2.289011e+01
9.200000e-07	9.998769e-07	-3.281890e-10	7.090450e+00	-1.888503e+01
9.300000e-07	1.100934e-06	-2.696912e-10	7.807079e+00	-1.483577e+01
9.400000e-07	1.201608e-06	-2.051540e-10	8.520993e+00	-1.074690e+01
9.500000e-07	1.301960e-06	-1.278802e-10	9.232616e+00	-6.628022e+00
9.600000e-07	1.401959e-06	-5.570383e-11	9.941745e+00	-2.491231e+00
9.700000e-07	1.501433e-06	5.535513e-12	1.064715e+01	1.652258e+00
9.800000e-07	1.600222e-06	7.280365e-11	1.134769e+01	5.795064e+00
9.900000e-07	1.698213e-06	1.548207e-10	1.204258e+01	9.935203e+00
1.000000e-06	1.795487e-06	2.333616e-10	1.273238e+01	1.407592e+01
1.010000e-06	1.892102e-06	2.953384e-10	1.341751e+01	1.822407e+01
1.020000e-06	1.988020e-06	3.570032e-10	1.409769e+01	2.238787e+01
1.030000e-06	2.083223e-06	4.291507e-10	1.477281e+01	2.657481e+01
1.040000e-06	2.177715e-06	5.011330e-10	1.544288e+01	3.079035e+01
1.050000e-06	2.271487e-06	5.676293e-10	1.610785e+01	3.503761e+01
1.060000e-06	2.364549e-06	6.379534e-10	1.676778e+01	3.931768e+01
1.070000e-06	2.456949e-06	7.181472e-10	1.742302e+01	4.363022e+01
1.080000e-06	2.548558e-06	7.974130e-10	1.807265e+01	4.797384e+01
1.090000e-06	2.639138e-06	8.685854e-10	1.871498e+01	5.234625e+01
1.100000e-06	2.728554e-06	9.395724e-10	1.934906e+01	5.674410e+01
1.110000e-06	2.816882e-06	1.016206e-09	1.997542e+01	6.116299e+01
1.120000e-06	2.904258e-06	1.092657e-09	2.059503e+01	6.559767e+01
1.130000e-06	2.990689e-06	1.162911e-09	2.120794e+01	7.004262e+01
1.140000e-06	3.076130e-06	1.235488e-09	2.181383e+01	7.449258e+01
1.150000e-06	3.160613e-06	1.315047e-09	2.241293e+01	7.894275e+01
1.160000e-06	3.244068e-06	1.394705e-09	2.300473e+01	8.338839e+01
1.170000e-06	3.326285e-06	1.470378e-09	2.358776e+01	8.782385e+01
1.180000e-06	3.407224e-06	1.545219e-09	2.416173e+01	9.224134e+01
1.190000e-06	3.486918e-06	1.622169e-09	2.472686e+01	9.663016e+01
1.200000e-06	3.565365e-06	1.696576e-09	2.528315e+01	1.009768e+02
1.210000e-06	3.642586e-06	1.765833e-09	2.583076e+01	1.052662e+02
1.220000e-06	3.718467e-06	1.834300e-09	2.636885e+01	1.094841e+02
1.230000e-06	3.792822e-06	1.905120e-09	2.689613e+01	1.136192e+02
1.240000e-06	3.865610e-06	1.976555e-09	2.741229e+01	1.176648e+02
1.250000e-06	3.936956e-06	2.045293e-09	2.791822e+01	1.216189e+02
1.260000e-06	4.006949e-06	2.112765e-09	2.841457e+01	1.254825e+02
1.270000e-06	4.075669e-06	2.180571e-09	2.890188e+01	1.292569e+02
1.280000e-06	4.143028e-06	2.245103e-09	2.937955e+01	1.329408e+02
1.290000e-06	4.208757e-06	2.303053e-09	2.984566e+01	1.365283e+02
1.300000e-06	4.272900e-06	2.356760e-09	3.030051e+01	1.400094e+02
1.310000e-06	4.335581e-06	2.411733e-09	3.074500e+01	1.433716e+02
1.320000e-06	4.396839e-06	2.468594e-09	3.117940e+01	1.466035e+02
1.330000e-06	4.456723e-06	2.523731e-09	3.160406e+01	1.496978e+02
1.340000e-06	4.515021e-06	2.577266e-09	3.201747e+01	1.526537e+02
1.350000e-06	4.571552e-06	2.630017e-09	3.241835e+01	1.554760e+02
1.360000e-06	4.626398e-06	2.678531e-09	3.280728e+01	1.581735e+02
1.370000e-06	4.679537e-06	2.719485e-09	3.318411e+01	1.607552e+02
1.380000e-06	4.730742e-06	2.755543e-09	3.354722e+01	1.632272e+02
1.390000e-06	4.779882e-06	2.790817e-09	3.389569e+01	1.655915e+02
1.400000e-06	4.827177e-06	2.826922e-09	3.423107e+01	1.678461e+02
1.410000e-06	4.872871e-06	2.864809e-09	3.455510e+01	1.699879e+02
1.420000e-06	4.916948e-06	2.903160e-09	3.486767e+01	1.720160e+02
1.430000e-06	4.959228e-06	2.939990e-09	3.516749e+01	1.739338e+02
1.440000e-06	4.999665e-06	2.971481e-09	3.545424e+01	1.757496e+02
1.450000e-06	5.038385e-06	2.997378e-09	3.572881e+01	1.774740e+02
1.460000e-06	5.075450e-06	3.021369e-09	3.599166e+01	1.791166e+02
1.470000e-06	5.110777e-06	3.043759e-09	3.624217e+01	1.806818e+02
1.480000e-06	5.144113e-06	3.066230e-09	3.647857e+01	1.821675e+02
1.490000e-06	5.175503e-06	3.090293e-09	3.670116e+01	1.835659e+02
1.500000e-06	5.205216e-06	3.114018e-09	3.691187e+01	1.848669e+02
1.510000e-06	5.233239e-06	3.136734e-09	3.711059e+01	1.860639e+02
1.520000e-06	5.259276e-06	3.155238e-09	3.729523e+01	1.871579e+02
1.530000e-06	5.283300e-06	3.169822e-09	3.746559e+01	1.881592e+02
1.540000e-06	5.305583e-06	3.183397e-09	3.762360e+01	1.890855e+02
1.550000e-06	5.326170e-06	3.196091e-09	3.776959e+01	1.899563e+02
1.560000e-06	5.344900e-06	3.208282e-09	3.790241e+01	1.907856e+02
1.570000e-06	5.361652e-06	3.220979e-09	3.802121e+01	1.915769e+02
1.580000e-06	5.376445e-06	3.234173e-09	3.812611e+01	1.923211e+02
1.590000e-06	5.389236e-06	3.246149e-09	3.821682e+01	1.929997e+02
1.600000e-06	5.399878e-06	3.255666e-09	3.829228e+01	1.935922e+02
1.610000e-06	5.408384e-06	3.262911e-09	3.835260e+01	1.940846e+02
1.620000e-06	5.414956e-06	3.267375e-09	3.839920e+01	1.944765e+02
1.630000e-06	5.419750e-06	3.269233e-09	3.843320e+01	1.947831e+02
1.640000e-06	5.422655e-06	3.270633e-09	3.845380e+01	1.950315e+02
1.650000e-06	5.423529e-06	3.273946e-09	3.846000e+01	1.952516e+02
1.660000e-06	5.422549e-06	3.281381e-09	3.845305e+01	1.954653e+02
1.670000e-06	5.419971e-06	3.287695e-09	3.843477e+01	1.956782e+02
1.680000e-06	5.415734e-06	3.290806e-09	3.840472e+01	1.958760e+02
1.690000e-06	5.409570e-06	3.291671e-09	3.836101e+01	1.960288e+02
1.700000e-06	5.401580e-06	3.291051e-09	3.830435e+01	1.961008e+02
1.710000e-06	5.392018e-06	3.289041e-09	3.823654e+01	1.960633e+02
1.720000e-06	5.380745e-06	3.281129e-09	3.815660e+01	1.959052e+02
1.730000e-06	5.367452e-06	3.288065e-09	3.806233e+01	1.956382e+02
1.740000e-06	5.352110e-06	3.324906e-09	3.795354e+01	1.952934e+02
1.750000e-06	5.334637e-06	3.338579e-09	3.782963e+01	1.949124e+02
1.760000e-06	5.314587e-06	3.306555e-09	3.768746e+01	1.945326e+02
1.770000e-06	5.292018e-06	3.246413e-09	3.752741e+01	1.941761e+02
1.780000e-06	5.267749e-06	3.193015e-09	3.735531e+01	1.938422e+02
1.790000e-06	5.242521e-06	3.243831e-09	3.717641e+01	1.935082e+02
1.800000e-06	5.216155e-06	3.285809e-09	3.698944e+01	1.931385e+02
1.810000e-06	5.187758e-06	3.241034e-09	3.678807e+01	1.926965e+02
1.820000e-06	5.157367e-06	3.250835e-09	3.657256e+01	1.921572e+02
1.830000e-06	5.125336e-06	3.251631e-09	3.634541e+01	1.915152e+02
1.840000e-06	5.091419e-06	3.223090e-09	3.610490e+01	1.907851e+02
1.850000e-06	5.055860e-06	3.202051e-09	3.585273e+01	1.899954e+02
1.860000e-06	5.018562e-06	3.138665e-09	3.558825e+01	1.891774e+02
1.870000e-06	4.979279e-06	3.164149e-09	3.530968e+01	1.883547e+02
1.880000e-06	4.938279e-06	3.227115e-09	3.501893e+01	1.875351e+02
1.890000e-06	4.895572e-06	3.175705e-09	3.471608e+01	1.867099e+02
1.900000e-06	4.851158e-06	3.128623e-09	3.440113e+01	1.858582e+02
1.910000e-06	4.804986e-06	3.108493e-09	3.407371e+01	1.849558e+02
1.920000e-06	4.756910e-06	3.111745e-09	3.373278e+01	1.839844e+02
1.930000e-06	4.707155e-06	3.087085e-09	3.337995e+01	1.829372e+02
1.940000e-06	4.655645e-06	3.026192e-09	3.301468e+01	1.818208e+02
1.950000e-06	4.602151e-06	3.060531e-09	3.263534e+01	1.806503e+02
1.960000e-06	4.546794e-06	3.071228e-09	3.224279e+01	1.794436e+02
1.970000e-06	4.489669e-06	3.012484e-09	3.183770e+01	1.782134e+02
1.980000e-06	4.431077e-06	2.952948e-09	3.142220e+01	1.769635e+02
1.990000e-06	4.370961e-06	2.943396e-09	3.099590e+01	1.756883e+02
2.000000e-06	4.309084e-06	2.979472e-09	3.055711e+01	1.743766e+02
2.010000e-06	4.245660e-06	2.928488e-09	3.010735e+01	1.730170e+02
2.020000e-06	4.180772e-06	2.883453e-09	2.964720e+01	1.716034e+02
2.030000e-06	4.114475e-06	2.888270e-09	2.917707e+01	1.701377e+02
2.040000e-06	4.046713e-06	2.868794e-09	2.869655e+01	1.686280e+02
2.050000e-06	3.977265e-06	2.816653e-09	2.820407e+01	1.670856e+02
2.060000e-06	3.906275e-06	2.752963e-09	2.770066e+01	1.655192e+02
2.070000e-06	3.833932e-06	2.773194e-09	2.718765e+01	1.639309e+02
2.080000e-06	3.760263e-06	2.783760e-09	2.666524e+01	1.623146e+02
2.090000e-06	3.685189e-06	2.731671e-09	2.613287e+01	1.606578e+02
2.100000e-06	3.608606e-06	2.674230e-09	2.558979e+01	1.589459e+02
2.110000e-06	3.530474e-06	2.648629e-09	2.503573e+01	1.571670e+02
2.120000e-06	3.450998e-06	2.645332e-09	2.447214e+01	1.553157e+02
2.130000e-06	3.370320e-06	2.582392e-09	2.390003e+01	1.533942e+02
2.140000e-06	3.288472e-06	2.531846e-09	2.331962e+01	1.514112e+02
2.150000e-06	3.205635e-06	2.527966e-09	2.273219e+01	1.493783e+02
2.160000e-06	3.121776e-06	2.525080e-09	2.213752e+01	1.473063e+02
2.170000e-06	3.036607e-06	2.472568e-09	2.153356e+01	1.452023e+02
2.180000e-06	2.950087e-06	2.394735e-09	2.092002e+01	1.430691e+02
2.190000e-06	2.862539e-06	2.375898e-09	2.029919e+01	1.409058e+02
2.200000e-06	2.774027e-06	2.364759e-09	1.967152e+01	1.387100e+02
2.210000e-06	2.684582e-06	2.314181e-09	1.903724e+01	1.364793e+02
2.220000e-06	2.594340e-06	2.247748e-09	1.839730e+01	1.342120e+02
2.230000e-06	2.503279e-06	2.221463e-09	1.775156e+01	1.319068e+02
2.240000e-06	2.411379e-06	2.215256e-09	1.709987e+01	1.295614e+02
2.250000e-06	2.318523e-06	2.160222e-09	1.644139e+01	1.271712e+02
2.260000e-06	2.224670e-06	2.088633e-09	1.577586e+01	1.247296e+02
2.270000e-06	2.129900e-06	2.054566e-09	1.510381e+01	1.222290e+02
2.280000e-06	2.034361e-06	2.040536e-09	1.442631e+01	1.196634e+02
2.290000e-06	1.938265e-06	1.987756e-09	1.374486e+01	1.170306e+02
2.300000e-06	1.841536e-06	1.911283e-09	1.305893e+01	1.143337e+02
2.310000e-06	1.744091e-06	1.873349e-09	1.236791e+01	1.115801e+02
2.320000e-06	1.646034e-06	1.855666e-09	1.167256e+01	1.087790e+02
2.330000e-06	1.547541e-06	1.799898e-09	1.097411e+01	1.059379e+02
2.340000e-06	1.448628e-06	1.719331e-09	1.027269e+01	1.030589e+02
2.350000e-06	1.349231e-06	1.671455e-09	9.567836e+00	1.001378e+02
2.360000e-06	1.249351e-06	1.650751e-09	8.859554e+00	9.716485e+01
2.370000e-06	1.149090e-06	1.597316e-09	8.148572e+00	9.412834e+01
2.380000e-06	1.048508e-06	1.517580e-09	7.435307e+00	9.101926e+01
2.390000e-06	9.474113e-07	1.465857e-09	6.718400e+00	8.783514e+01
2.400000e-06	8.457003e-07	1.436205e-09	5.997134e+00	8.458173e+01
2.410000e-06	7.435562e-07	1.380269e-09	5.272797e+00	8.127173e+01
2.420000e-06	6.411567e-07	1.295154e-09	4.546649e+00	7.792082e+01
2.430000e-06	5.384846e-07	1.234418e-09	3.818568e+00	7.454246e+01
2.440000e-06	4.355662e-07	1.201896e-09	3.088741e+00	7.114341e+01
2.450000e-06	3.325446e-07	1.148521e-09	2.358181e+00	6.772158e+01
2.460000e-06	2.294357e-07	1.068228e-09	1.627003e+00	6.426701e+01
2.470000e-06	1.262289e-07	1.002515e-09	8.951297e-01	6.076565e+01
2.480000e-06	2.298533e-08	9.612548e-10	1.629964e-01	5.720445e+01
2.490000e-06	-8.024771e-08	9.023167e-10	-5.690625e-01	5.357587e+01
2.500000e-06	-1.834302e-07	8.201584e-10	-1.300763e+00	4.988027e+01
2.510000e-06	-2.865382e-07	7.534597e-10	-2.031935e+00	4.612527e+01
2.520000e-06	-3.895112e-07	7.091248e-10	-2.762150e+00	4.232264e+01
2.530000e-06	-4.923170e-07	6.507539e-10	-3.491179e+00	3.848391e+01
2.540000e-06	-5.949462e-07	5.656380e-10	-4.218956e+00	3.461653e+01
2.550000e-06	-6.973023e-07	4.912328e-10	-4.944796e+00	3.072193e+01
2.560000e-06	-7.992867e-07	4.401873e-10	-5.668001e+00	2.679615e+01
2.570000e-06	-9.008884e-07	3.809098e-10	-6.388491e+00	2.283266e+01
2.580000e-06	-1.002062e-06	3.016769e-10	-7.105948e+00	1.882608e+01
2.590000e-06	-1.102726e-06	2.287516e-10	-7.819785e+00	1.477539e+01
2.600000e-06	-1.202962e-06	1.748871e-10	-8.530592e+00	1.068535e+01
2.610000e-06	-1.302843e-06	1.109728e-10	-9.238881e+00	6.565704e+00
2.620000e-06	-1.402252e-06	2.518702e-11	-9.943819e+00	2.428587e+00
2.630000e-06	-1.501181e-06	-5.260025e-11	-1.064536e+01	-1.714884e+00
2.640000e-06	-1.599647e-06	-1.094106e-10	-1.134361e+01	-5.857503e+00
2.650000e-06	-1.697542e-06	-1.703451e-10	-1.203782e+01	-9.997488e+00
2.660000e-06	-1.794867e-06	-2.489594e-10	-1.272798e+01	-1.413824e+01
2.670000e-06	-1.891629e-06	-3.245669e-10	-1.341415e+01	-1.828672e+01
2.680000e-06	-1.987823e-06	-3.852679e-10	-1.409629e+01	-2.245114e+01
2.690000e-06	-2.083454e-06	-4.508095e-10	-1.477444e+01	-2.663892e+01
2.700000e-06	-2.178376e-06	-5.319294e-10	-1.544757e+01	-3.085547e+01
2.710000e-06	-2.272420e-06	-6.096995e-10	-1.611447e+01	-3.510380e+01
2.720000e-06	-2.365487e-06	-6.715577e-10	-1.677443e+01	-3.938495e+01
2.730000e-06	-2.457624e-06	-7.356425e-10	-1.742780e+01	-4.369854e+01
2.740000e-06	-2.548861e-06	-8.171357e-10	-1.807479e+01	-4.804314e+01
2.750000e-06	-2.639183e-06	-8.988678e-10	-1.871530e+01	-5.241643e+01
2.760000e-06	-2.728579e-06	-9.661919e-10	-1.934924e+01	-5.681503e+01
2.770000e-06	-2.817050e-06	-1.033870e-09	-1.997661e+01	-6.123448e+01
2.780000e-06	-2.904671e-06	-1.113549e-09	-2.059796e+01	-6.566953e+01
2.790000e-06	-2.991328e-06	-1.191774e-09	-2.121247e+01	-7.011466e+01
2.800000e-06	-3.076763e-06	-1.258110e-09	-2.181832e+01	-7.456461e+01
2.810000e-06	-3.160966e-06	-1.326185e-09	-2.241543e+01	-7.901461e+01
2.820000e-06	-3.244064e-06	-1.407461e-09	-2.300471e+01	-8.345990e+01
2.830000e-06	-3.326109e-06	-1.489021e-09	-2.358651e+01	-8.789478e+01
2.840000e-06	-3.407038e-06	-1.558571e-09	-2.416041e+01	-9.231136e+01
2.850000e-06	-3.486842e-06	-1.625193e-09	-2.472632e+01	-9.669883e+01
2.860000e-06	-3.565377e-06	-1.702945e-09	-2.528324e+01	-1.010436e+02
2.870000e-06	-3.642396e-06	-1.781341e-09	-2.582941e+01	-1.053306e+02
2.880000e-06	-3.717969e-06	-1.846419e-09	-2.636532e+01	-1.095456e+02
2.890000e-06	-3.792138e-06	-1.907420e-09	-2.689128e+01	-1.136775e+02
2.900000e-06	-3.864934e-06	-1.977377e-09	-2.740750e+01	-1.177197e+02
2.910000e-06	-3.936397e-06	-2.049630e-09	-2.791426e+01	-1.216705e+02
2.920000e-06	-4.006374e-06	-2.110209e-09	-2.841050e+01	-1.255308e+02
2.930000e-06	-4.074818e-06	-2.165905e-09	-2.889585e+01	-1.293019e+02
2.940000e-06	-4.141824e-06	-2.231199e-09	-2.937101e+01	-1.329824e+02
2.950000e-06	-4.207388e-06	-2.299699e-09	-2.983595e+01	-1.365662e+02
2.960000e-06	-4.271585e-06	-2.357008e-09	-3.029119e+01	-1.400432e+02
2.970000e-06	-4.334351e-06	-2.404973e-09	-3.073628e+01	-1.434009e+02
2.980000e-06	-4.395374e-06	-2.457771e-09	-3.116902e+01	-1.466278e+02
2.990000e-06	-4.454702e-06	-2.513946e-09	-3.158973e+01	-1.497171e+02
3.000000e-06	-4.512549e-06	-2.559692e-09	-3.199994e+01	-1.526679e+02
3.010000e-06	-4.568949e-06	-2.598741e-09	-3.239989e+01	-1.554855e+02
3.020000e-06	-4.623737e-06	-2.645829e-09	-3.278842e+01	-1.581787e+02
3.030000e-06	-4.676598e-06	-2.698820e-09	-3.316327e+01	-1.607563e+02
3.040000e-06	-4.727542e-06	-2.742684e-09	-3.352453e+01	-1.632244e+02
3.050000e-06	-4.776626e-06	-2.776751e-09	-3.387260e+01	-1.655847e+02
3.060000e-06	-4.823776e-06	-2.813472e-09	-3.420695e+01	-1.678352e+02
3.070000e-06	-4.869143e-06	-2.853034e-09	-3.452867e+01	-1.699728e+02
3.080000e-06	-4.912956e-06	-2.884688e-09	-3.483936e+01	-1.719968e+02
3.090000e-06	-4.955287e-06	-2.910507e-09	-3.513954e+01	-1.739108e+02
3.100000e-06	-4.996027e-06	-2.943969e-09	-3.542844e+01	-1.757231e+02
3.110000e-06	-5.035048e-06	-2.983338e-09	-3.570515e+01	-1.774443e+02
3.120000e-06	-5.072207e-06	-3.015098e-09	-3.596866e+01	-1.790839e+02
3.130000e-06	-5.107468e-06	-3.037667e-09	-3.621871e+01	-1.806463e+02
3.140000e-06	-5.140990e-06	-3.061319e-09	-3.645642e+01	-1.821290e+02
3.150000e-06	-5.172800e-06	-3.087916e-09	-3.668200e+01	-1.835240e+02
3.160000e-06	-5.202631e-06	-3.109244e-09	-3.689354e+01	-1.848213e+02
3.170000e-06	-5.230468e-06	-3.125579e-09	-3.709094e+01	-1.860144e+02
3.180000e-06	-5.256534e-06	-3.144791e-09	-3.727578e+01	-1.871047e+02
3.190000e-06	-5.280881e-06	-3.168861e-09	-3.744843e+01	-1.881029e+02
3.200000e-06	-5.303327e-06	-3.188776e-09	-3.760761e+01	-1.890269e+02
3.210000e-06	-5.323737e-06	-3.200854e-09	-3.775234e+01	-1.898959e+02
3.220000e-06	-5.342308e-06	-3.212561e-09	-3.788403e+01	-1.907237e+02
3.230000e-06	-5.359171e-06	-3.227919e-09	-3.800361e+01	-1.915135e+02
3.240000e-06	-5.374075e-06	-3.241258e-09	-3.810931e+01	-1.922556e+02
3.250000e-06	-5.386759e-06	-3.250142e-09	-3.819925e+01	-1.929314e+02
3.260000e-06	-5.397369e-06	-3.260637e-09	-3.827449e+01	-1.935204e+02
3.270000e-06	-5.406081e-06	-3.273960e-09	-3.833627e+01	-1.940090e+02
3.280000e-06	-5.412846e-06	-3.284363e-09	-3.838424e+01	-1.943974e+02
3.290000e-06	-5.417617e-06	-3.289071e-09	-3.841808e+01	-1.947014e+02
3.300000e-06	-5.420505e-06	-3.292919e-09	-3.843856e+01	-1.949482e+02
3.310000e-06	-5.421671e-06	-3.299195e-09	-3.844682e+01	-1.951676e+02
