# Temperatura_=_25.76
# Concentracion g/m^3_=_11000.0
# C_Vs_to_Am_M_A/Vsm_=_59384043850.047264
# pendiente_HvsI_1/m_=_3716.3
# ordenada_HvsI_A/m_=_1297.0
# frecuencia_Hz_=_301251.33831742563

Tiempo_(s)	Campo_(V.s)	Magnetizacion_(V.s)	Campo_(kA/m)	Magnetizacion_(A/m)
0.000000e+00	-5.401586e-06	-3.265207e-09	-3.843685e+01	-1.932614e+02
1.000000e-08	-5.399030e-06	-3.265975e-09	-3.841867e+01	-1.934959e+02
2.000000e-08	-5.394623e-06	-3.266406e-09	-3.838731e+01	-1.937431e+02
3.000000e-08	-5.388584e-06	-3.268808e-09	-3.834434e+01	-1.939712e+02
4.000000e-08	-5.380950e-06	-3.273845e-09	-3.829001e+01	-1.941310e+02
5.000000e-08	-5.371483e-06	-3.274333e-09	-3.822265e+01	-1.941732e+02
6.000000e-08	-5.359949e-06	-3.273788e-09	-3.814057e+01	-1.940650e+02
7.000000e-08	-5.346520e-06	-3.281110e-09	-3.804502e+01	-1.938030e+02
8.000000e-08	-5.331011e-06	-3.245318e-09	-3.793465e+01	-1.934161e+02
9.000000e-08	-5.313069e-06	-3.181997e-09	-3.780698e+01	-1.929569e+02
1.000000e-07	-5.292980e-06	-3.182622e-09	-3.766403e+01	-1.924853e+02
1.100000e-07	-5.271071e-06	-3.219809e-09	-3.750813e+01	-1.920486e+02
1.200000e-07	-5.247577e-06	-3.261454e-09	-3.734095e+01	-1.916662e+02
1.300000e-07	-5.222746e-06	-3.307190e-09	-3.716426e+01	-1.913233e+02
1.400000e-07	-5.196323e-06	-3.209771e-09	-3.697624e+01	-1.909767e+02
1.500000e-07	-5.168019e-06	-3.152428e-09	-3.677483e+01	-1.905701e+02
1.600000e-07	-5.138130e-06	-3.243628e-09	-3.656215e+01	-1.900542e+02
1.700000e-07	-5.106732e-06	-3.175202e-09	-3.633872e+01	-1.894043e+02
1.800000e-07	-5.073225e-06	-3.116250e-09	-3.610029e+01	-1.886285e+02
1.900000e-07	-5.037749e-06	-3.148713e-09	-3.584785e+01	-1.877650e+02
2.000000e-07	-5.000789e-06	-3.137878e-09	-3.558485e+01	-1.868684e+02
2.100000e-07	-4.962118e-06	-3.177862e-09	-3.530967e+01	-1.859900e+02
2.200000e-07	-4.921707e-06	-3.136270e-09	-3.502211e+01	-1.851599e+02
2.300000e-07	-4.879394e-06	-3.039308e-09	-3.472102e+01	-1.843764e+02
2.400000e-07	-4.835079e-06	-3.068863e-09	-3.440568e+01	-1.836072e+02
2.500000e-07	-4.789023e-06	-3.084714e-09	-3.407795e+01	-1.828010e+02
2.600000e-07	-4.741185e-06	-3.071728e-09	-3.373754e+01	-1.819064e+02
2.700000e-07	-4.691392e-06	-3.032348e-09	-3.338323e+01	-1.808900e+02
2.800000e-07	-4.639553e-06	-2.996410e-09	-3.301435e+01	-1.797474e+02
2.900000e-07	-4.585784e-06	-3.021803e-09	-3.263174e+01	-1.785041e+02
3.000000e-07	-4.530422e-06	-2.982113e-09	-3.223779e+01	-1.772051e+02
3.100000e-07	-4.473484e-06	-2.919015e-09	-3.183262e+01	-1.758979e+02
3.200000e-07	-4.414793e-06	-2.913700e-09	-3.141499e+01	-1.746149e+02
3.300000e-07	-4.354457e-06	-2.947738e-09	-3.098565e+01	-1.733624e+02
3.400000e-07	-4.292674e-06	-2.923880e-09	-3.054601e+01	-1.721191e+02
3.500000e-07	-4.229585e-06	-2.844197e-09	-3.009708e+01	-1.708456e+02
3.600000e-07	-4.165110e-06	-2.827994e-09	-2.963828e+01	-1.695005e+02
3.700000e-07	-4.098931e-06	-2.825375e-09	-2.916737e+01	-1.680565e+02
3.800000e-07	-4.031020e-06	-2.792497e-09	-2.868412e+01	-1.665108e+02
3.900000e-07	-3.961682e-06	-2.758873e-09	-2.819072e+01	-1.648866e+02
4.000000e-07	-3.891099e-06	-2.738937e-09	-2.768846e+01	-1.632226e+02
4.100000e-07	-3.819285e-06	-2.736839e-09	-2.717744e+01	-1.615584e+02
4.200000e-07	-3.746028e-06	-2.694519e-09	-2.665616e+01	-1.599179e+02
4.300000e-07	-3.671079e-06	-2.634715e-09	-2.612284e+01	-1.582998e+02
4.400000e-07	-3.594572e-06	-2.608858e-09	-2.557842e+01	-1.566767e+02
4.500000e-07	-3.516699e-06	-2.606888e-09	-2.502429e+01	-1.550057e+02
4.600000e-07	-3.437404e-06	-2.584744e-09	-2.446004e+01	-1.532439e+02
4.700000e-07	-3.356662e-06	-2.533654e-09	-2.388549e+01	-1.513646e+02
4.800000e-07	-3.274679e-06	-2.507472e-09	-2.330212e+01	-1.493674e+02
4.900000e-07	-3.191641e-06	-2.485768e-09	-2.271123e+01	-1.472785e+02
5.000000e-07	-3.107614e-06	-2.438792e-09	-2.211330e+01	-1.451411e+02
5.100000e-07	-3.022692e-06	-2.380460e-09	-2.150901e+01	-1.429990e+02
5.200000e-07	-2.936822e-06	-2.348393e-09	-2.089797e+01	-1.408812e+02
5.300000e-07	-2.849963e-06	-2.338403e-09	-2.027990e+01	-1.387910e+02
5.400000e-07	-2.762167e-06	-2.303566e-09	-1.965515e+01	-1.367059e+02
5.500000e-07	-2.673425e-06	-2.251475e-09	-1.902368e+01	-1.345866e+02
5.600000e-07	-2.583627e-06	-2.214251e-09	-1.838470e+01	-1.323920e+02
5.700000e-07	-2.492677e-06	-2.193613e-09	-1.773751e+01	-1.300950e+02
5.800000e-07	-2.400764e-06	-2.150094e-09	-1.708347e+01	-1.276915e+02
5.900000e-07	-2.308161e-06	-2.085787e-09	-1.642452e+01	-1.252012e+02
6.000000e-07	-2.214833e-06	-2.044049e-09	-1.576041e+01	-1.226584e+02
6.100000e-07	-2.120681e-06	-2.023368e-09	-1.509044e+01	-1.200976e+02
6.200000e-07	-2.025784e-06	-1.985592e-09	-1.441517e+01	-1.175395e+02
6.300000e-07	-1.930242e-06	-1.925349e-09	-1.373530e+01	-1.149828e+02
6.400000e-07	-1.834054e-06	-1.881690e-09	-1.305085e+01	-1.124044e+02
6.500000e-07	-1.737199e-06	-1.856123e-09	-1.236164e+01	-1.097694e+02
6.600000e-07	-1.639648e-06	-1.812463e-09	-1.166748e+01	-1.070451e+02
6.700000e-07	-1.541330e-06	-1.746054e-09	-1.096786e+01	-1.042146e+02
6.800000e-07	-1.442355e-06	-1.693836e-09	-1.026358e+01	-1.012832e+02
6.900000e-07	-1.342830e-06	-1.662191e-09	-9.555374e+00	-9.827752e+01
7.000000e-07	-1.242798e-06	-1.616345e-09	-8.843557e+00	-9.523404e+01
7.100000e-07	-1.142395e-06	-1.550844e-09	-8.129109e+00	-9.218527e+01
7.200000e-07	-1.041772e-06	-1.495828e-09	-7.413087e+00	-8.914643e+01
7.300000e-07	-9.408862e-07	-1.459768e-09	-6.695202e+00	-8.610921e+01
7.400000e-07	-8.396239e-07	-1.413846e-09	-5.974635e+00	-8.304480e+01
7.500000e-07	-7.379890e-07	-1.347237e-09	-5.251416e+00	-7.991516e+01
7.600000e-07	-6.360901e-07	-1.288043e-09	-4.526320e+00	-7.668805e+01
7.700000e-07	-5.340239e-07	-1.247167e-09	-3.800032e+00	-7.335007e+01
7.800000e-07	-4.317301e-07	-1.194917e-09	-3.072125e+00	-6.991238e+01
7.900000e-07	-3.292494e-07	-1.122033e-09	-2.342888e+00	-6.640689e+01
8.000000e-07	-2.267159e-07	-1.055729e-09	-1.613275e+00	-6.287424e+01
8.100000e-07	-1.241302e-07	-1.008846e-09	-8.832916e-01	-5.934821e+01
8.200000e-07	-2.144686e-08	-9.585651e-10	-1.526126e-01	-5.584261e+01
8.300000e-07	8.131205e-08	-8.924917e-10	5.786041e-01	-5.234581e+01
8.400000e-07	1.840125e-07	-8.304924e-10	1.309405e+00	-4.882509e+01
8.500000e-07	2.865544e-07	-7.804527e-10	2.039077e+00	-4.523932e+01
8.600000e-07	3.889745e-07	-7.235420e-10	2.767883e+00	-4.155501e+01
8.700000e-07	4.913015e-07	-6.483923e-10	3.496026e+00	-3.775978e+01
8.800000e-07	5.934442e-07	-5.755126e-10	4.222858e+00	-3.386787e+01
8.900000e-07	6.953423e-07	-5.193918e-10	4.947949e+00	-2.991567e+01
9.000000e-07	7.969810e-07	-4.622064e-10	5.671194e+00	-2.594885e+01
9.100000e-07	8.983496e-07	-3.904658e-10	6.392518e+00	-2.200604e+01
9.200000e-07	9.994334e-07	-3.184522e-10	7.111815e+00	-1.810517e+01
9.300000e-07	1.100179e-06	-2.594283e-10	7.828703e+00	-1.423770e+01
9.400000e-07	1.200616e-06	-2.002334e-10	8.543398e+00	-1.037289e+01
9.500000e-07	1.300757e-06	-1.277503e-10	9.255986e+00	-6.470347e+00
9.600000e-07	1.400444e-06	-5.515227e-11	9.965343e+00	-2.496115e+00
9.700000e-07	1.499466e-06	5.544729e-12	1.066997e+01	1.563913e+00
9.800000e-07	1.597717e-06	6.742781e-11	1.136911e+01	5.698323e+00
9.900000e-07	1.695231e-06	1.440527e-10	1.206300e+01	9.874340e+00
1.000000e-06	1.792126e-06	2.228768e-10	1.275249e+01	1.405018e+01
1.010000e-06	1.888389e-06	2.871840e-10	1.343749e+01	1.819079e+01
1.020000e-06	1.984007e-06	3.495583e-10	1.411789e+01	2.228099e+01
1.030000e-06	2.078961e-06	4.222527e-10	1.479357e+01	2.633099e+01
1.040000e-06	2.173132e-06	4.957939e-10	1.546367e+01	3.037233e+01
1.050000e-06	2.266563e-06	5.606798e-10	1.612852e+01	3.444581e+01
1.060000e-06	2.359368e-06	6.235439e-10	1.678890e+01	3.858615e+01
1.070000e-06	2.451511e-06	6.982085e-10	1.744457e+01	4.280914e+01
1.080000e-06	2.542769e-06	7.783903e-10	1.809395e+01	4.710622e+01
1.090000e-06	2.632893e-06	8.503721e-10	1.873526e+01	5.144838e+01
1.100000e-06	2.721925e-06	9.191019e-10	1.936880e+01	5.579763e+01
1.110000e-06	2.809963e-06	9.935188e-10	1.999526e+01	6.012164e+01
1.120000e-06	2.896984e-06	1.071241e-09	2.061449e+01	6.440567e+01
1.130000e-06	2.983042e-06	1.143116e-09	2.122687e+01	6.865725e+01
1.140000e-06	3.068179e-06	1.211262e-09	2.183269e+01	7.290174e+01
1.150000e-06	3.152391e-06	1.285051e-09	2.243193e+01	7.717052e+01
1.160000e-06	3.235514e-06	1.361704e-09	2.302342e+01	8.148633e+01
1.170000e-06	3.317351e-06	1.434298e-09	2.360576e+01	8.585141e+01
1.180000e-06	3.397943e-06	1.504771e-09	2.417924e+01	9.024317e+01
1.190000e-06	3.477344e-06	1.580048e-09	2.474425e+01	9.461899e+01
1.200000e-06	3.555509e-06	1.658308e-09	2.530045e+01	9.892869e+01
1.210000e-06	3.632426e-06	1.732081e-09	2.584779e+01	1.031299e+02
1.220000e-06	3.707961e-06	1.798792e-09	2.638528e+01	1.072009e+02
1.230000e-06	3.781949e-06	1.864373e-09	2.691177e+01	1.111457e+02
1.240000e-06	3.854460e-06	1.931359e-09	2.742775e+01	1.149905e+02
1.250000e-06	3.925589e-06	1.995898e-09	2.793389e+01	1.187717e+02
1.260000e-06	3.995355e-06	2.057544e-09	2.843033e+01	1.225203e+02
1.270000e-06	4.063851e-06	2.120673e-09	2.891774e+01	1.262493e+02
1.280000e-06	4.130931e-06	2.186589e-09	2.939507e+01	1.299469e+02
1.290000e-06	4.196364e-06	2.250256e-09	2.986068e+01	1.335799e+02
1.300000e-06	4.260254e-06	2.308731e-09	3.031531e+01	1.371042e+02
1.310000e-06	4.322686e-06	2.365149e-09	3.075957e+01	1.404794e+02
1.320000e-06	4.383707e-06	2.420969e-09	3.119378e+01	1.436825e+02
1.330000e-06	4.443368e-06	2.472192e-09	3.161832e+01	1.467141e+02
1.340000e-06	4.501400e-06	2.517993e-09	3.203127e+01	1.495970e+02
1.350000e-06	4.557668e-06	2.564758e-09	3.243166e+01	1.523663e+02
1.360000e-06	4.612300e-06	2.614422e-09	3.282042e+01	1.550560e+02
1.370000e-06	4.665224e-06	2.661390e-09	3.319702e+01	1.576860e+02
1.380000e-06	4.716184e-06	2.704043e-09	3.355964e+01	1.602548e+02
1.390000e-06	4.765084e-06	2.745145e-09	3.390760e+01	1.627412e+02
1.400000e-06	4.812167e-06	2.785741e-09	3.424264e+01	1.651126e+02
1.410000e-06	4.857661e-06	2.823142e-09	3.456637e+01	1.673383e+02
1.420000e-06	4.901502e-06	2.855819e-09	3.487834e+01	1.694013e+02
1.430000e-06	4.943458e-06	2.887096e-09	3.517689e+01	1.713055e+02
1.440000e-06	4.983587e-06	2.919276e-09	3.546244e+01	1.730749e+02
1.450000e-06	5.022082e-06	2.949654e-09	3.573637e+01	1.747455e+02
1.460000e-06	5.058976e-06	2.976710e-09	3.599890e+01	1.763524e+02
1.470000e-06	5.094042e-06	3.002298e-09	3.624842e+01	1.779180e+02
1.480000e-06	5.127133e-06	3.028140e-09	3.648389e+01	1.794450e+02
1.490000e-06	5.158455e-06	3.052552e-09	3.670677e+01	1.809164e+02
1.500000e-06	5.188102e-06	3.073222e-09	3.691773e+01	1.823040e+02
1.510000e-06	5.216027e-06	3.091931e-09	3.711645e+01	1.835798e+02
1.520000e-06	5.241965e-06	3.110899e-09	3.730102e+01	1.847279e+02
1.530000e-06	5.265849e-06	3.128125e-09	3.747097e+01	1.857517e+02
1.540000e-06	5.287966e-06	3.142322e-09	3.762836e+01	1.866734e+02
1.550000e-06	5.308446e-06	3.156156e-09	3.777409e+01	1.875257e+02
1.560000e-06	5.327100e-06	3.171665e-09	3.790682e+01	1.883405e+02
1.570000e-06	5.343748e-06	3.186647e-09	3.802529e+01	1.891362e+02
1.580000e-06	5.358399e-06	3.198078e-09	3.812954e+01	1.899117e+02
1.590000e-06	5.371020e-06	3.207642e-09	3.821935e+01	1.906464e+02
1.600000e-06	5.381447e-06	3.216902e-09	3.829355e+01	1.913089e+02
1.610000e-06	5.389792e-06	3.225370e-09	3.835293e+01	1.918700e+02
1.620000e-06	5.396325e-06	3.230978e-09	3.839942e+01	1.923153e+02
1.630000e-06	5.401137e-06	3.235541e-09	3.843366e+01	1.926524e+02
1.640000e-06	5.404035e-06	3.241793e-09	3.845428e+01	1.929099e+02
1.650000e-06	5.404838e-06	3.248052e-09	3.846000e+01	1.931282e+02
1.660000e-06	5.403815e-06	3.254762e-09	3.845272e+01	1.933450e+02
1.670000e-06	5.401210e-06	3.257839e-09	3.843418e+01	1.935803e+02
1.680000e-06	5.396913e-06	3.259885e-09	3.840360e+01	1.938276e+02
1.690000e-06	5.390657e-06	3.261451e-09	3.835909e+01	1.940542e+02
1.700000e-06	5.382553e-06	3.261033e-09	3.830142e+01	1.942108e+02
1.710000e-06	5.372915e-06	3.260550e-09	3.823284e+01	1.942481e+02
1.720000e-06	5.361616e-06	3.249322e-09	3.815244e+01	1.941343e+02
1.730000e-06	5.348268e-06	3.256087e-09	3.805745e+01	1.938673e+02
1.740000e-06	5.332922e-06	3.324421e-09	3.794826e+01	1.934769e+02
1.750000e-06	5.315494e-06	3.339186e-09	3.782424e+01	1.930163e+02
1.760000e-06	5.295447e-06	3.288500e-09	3.768159e+01	1.925454e+02
1.770000e-06	5.272912e-06	3.212233e-09	3.752123e+01	1.921106e+02
1.780000e-06	5.248674e-06	3.108883e-09	3.734876e+01	1.917301e+02
1.790000e-06	5.223447e-06	3.220192e-09	3.716925e+01	1.913881e+02
1.800000e-06	5.197085e-06	3.286986e-09	3.698166e+01	1.910404e+02
1.810000e-06	5.168703e-06	3.162530e-09	3.677970e+01	1.906307e+02
1.820000e-06	5.138312e-06	3.240939e-09	3.656344e+01	1.901104e+02
1.830000e-06	5.106270e-06	3.251870e-09	3.633543e+01	1.894557e+02
1.840000e-06	5.072344e-06	3.169042e-09	3.609402e+01	1.886761e+02
1.850000e-06	5.036792e-06	3.194568e-09	3.584104e+01	1.878105e+02
1.860000e-06	4.999533e-06	3.071528e-09	3.557591e+01	1.869139e+02
1.870000e-06	4.960291e-06	3.091395e-09	3.529667e+01	1.860370e+02
1.880000e-06	4.919339e-06	3.233625e-09	3.500526e+01	1.852088e+02
1.890000e-06	4.876691e-06	3.140082e-09	3.470178e+01	1.844267e+02
1.900000e-06	4.832451e-06	3.094034e-09	3.438698e+01	1.836571e+02
1.910000e-06	4.786499e-06	3.061296e-09	3.405999e+01	1.828487e+02
1.920000e-06	4.738492e-06	3.072186e-09	3.371838e+01	1.819503e+02
1.930000e-06	4.688786e-06	3.098873e-09	3.336468e+01	1.809293e+02
1.940000e-06	4.637412e-06	2.964636e-09	3.299911e+01	1.797826e+02
1.950000e-06	4.584005e-06	3.019876e-09	3.261907e+01	1.785366e+02
1.960000e-06	4.528697e-06	3.075295e-09	3.222551e+01	1.772366e+02
1.970000e-06	4.471702e-06	2.985053e-09	3.181995e+01	1.759299e+02
1.980000e-06	4.413300e-06	2.909389e-09	3.140437e+01	1.746482e+02
1.990000e-06	4.353395e-06	2.876875e-09	3.097809e+01	1.733966e+02
2.000000e-06	4.291712e-06	2.968053e-09	3.053917e+01	1.721531e+02
2.010000e-06	4.228406e-06	2.909308e-09	3.008869e+01	1.708778e+02
2.020000e-06	4.163674e-06	2.830533e-09	2.962806e+01	1.695296e+02
2.030000e-06	4.097575e-06	2.859917e-09	2.915772e+01	1.680819e+02
2.040000e-06	4.029957e-06	2.837915e-09	2.867656e+01	1.665330e+02
2.050000e-06	3.960747e-06	2.802875e-09	2.818407e+01	1.649067e+02
2.060000e-06	3.890029e-06	2.702797e-09	2.768085e+01	1.632422e+02
2.070000e-06	3.817897e-06	2.720065e-09	2.716757e+01	1.615786e+02
2.080000e-06	3.744431e-06	2.761211e-09	2.664480e+01	1.599393e+02
2.090000e-06	3.669559e-06	2.698193e-09	2.611202e+01	1.583216e+02
2.100000e-06	3.593194e-06	2.635897e-09	2.556862e+01	1.566977e+02
2.110000e-06	3.515222e-06	2.599477e-09	2.501378e+01	1.550243e+02
2.120000e-06	3.435843e-06	2.625735e-09	2.444893e+01	1.532587e+02
2.130000e-06	3.355342e-06	2.560180e-09	2.387610e+01	1.513751e+02
2.140000e-06	3.273725e-06	2.487936e-09	2.329532e+01	1.493741e+02
2.150000e-06	3.191044e-06	2.487300e-09	2.270698e+01	1.472828e+02
2.160000e-06	3.107310e-06	2.494479e-09	2.211114e+01	1.451446e+02
2.170000e-06	3.022368e-06	2.455041e-09	2.150671e+01	1.430031e+02
2.180000e-06	2.936123e-06	2.356424e-09	2.089300e+01	1.408865e+02
2.190000e-06	2.848760e-06	2.334691e-09	2.027134e+01	1.387971e+02
2.200000e-06	2.760465e-06	2.336633e-09	1.964305e+01	1.367116e+02
2.210000e-06	2.671253e-06	2.291941e-09	1.900823e+01	1.345903e+02
2.220000e-06	2.581186e-06	2.215901e-09	1.836732e+01	1.323926e+02
2.230000e-06	2.490329e-06	2.183844e-09	1.772080e+01	1.300917e+02
2.240000e-06	2.398655e-06	2.195559e-09	1.706846e+01	1.276848e+02
2.250000e-06	2.306123e-06	2.143200e-09	1.641002e+01	1.251921e+02
2.260000e-06	2.212719e-06	2.056314e-09	1.574537e+01	1.226481e+02
2.270000e-06	2.118372e-06	2.010927e-09	1.507401e+01	1.200873e+02
2.280000e-06	2.023154e-06	2.007444e-09	1.439646e+01	1.175295e+02
2.290000e-06	1.927335e-06	1.963163e-09	1.371462e+01	1.149726e+02
2.300000e-06	1.830974e-06	1.876266e-09	1.302893e+01	1.123929e+02
2.310000e-06	1.733918e-06	1.834089e-09	1.233829e+01	1.097553e+02
2.320000e-06	1.636180e-06	1.828958e-09	1.164280e+01	1.070275e+02
2.330000e-06	1.537963e-06	1.780232e-09	1.094391e+01	1.041932e+02
2.340000e-06	1.439335e-06	1.688576e-09	1.024209e+01	1.012588e+02
2.350000e-06	1.340168e-06	1.631985e-09	9.536426e+00	9.825114e+01
2.360000e-06	1.240480e-06	1.617851e-09	8.827066e+00	9.520707e+01
2.370000e-06	1.140498e-06	1.572552e-09	8.115607e+00	9.215863e+01
2.380000e-06	1.040246e-06	1.488118e-09	7.402229e+00	8.912022e+01
2.390000e-06	9.395661e-07	1.431970e-09	6.685808e+00	8.608271e+01
2.400000e-06	8.383742e-07	1.410659e-09	5.965742e+00	8.301673e+01
2.410000e-06	7.367948e-07	1.362827e-09	5.242919e+00	7.988417e+01
2.420000e-06	6.349540e-07	1.273143e-09	4.518235e+00	7.665329e+01
2.430000e-06	5.327965e-07	1.208145e-09	3.791298e+00	7.331150e+01
2.440000e-06	4.303182e-07	1.183136e-09	3.062078e+00	6.987083e+01
2.450000e-06	3.276435e-07	1.137187e-09	2.331461e+00	6.636376e+01
2.460000e-06	2.248631e-07	1.052329e-09	1.600092e+00	6.283094e+01
2.470000e-06	1.220041e-07	9.781425e-10	8.681627e-01	5.930564e+01
2.480000e-06	1.907656e-08	9.389272e-10	1.357459e-01	5.580080e+01
2.490000e-06	-8.383837e-08	8.858681e-10	-5.965810e-01	5.230389e+01
2.500000e-06	-1.866445e-07	8.021105e-10	-1.328134e+00	4.878166e+01
2.510000e-06	-2.893509e-07	7.331011e-10	-2.058977e+00	4.519294e+01
2.520000e-06	-3.919466e-07	6.963735e-10	-2.789032e+00	4.150482e+01
2.530000e-06	-4.943714e-07	6.473211e-10	-3.517871e+00	3.770583e+01
2.540000e-06	-5.965727e-07	5.594134e-10	-4.245120e+00	3.381113e+01
2.550000e-06	-6.984448e-07	4.761875e-10	-4.970026e+00	2.985770e+01
2.560000e-06	-7.999662e-07	4.241715e-10	-5.692437e+00	2.589126e+01
2.570000e-06	-9.011341e-07	3.695865e-10	-6.412332e+00	2.194988e+01
2.580000e-06	-1.001830e-06	2.890679e-10	-7.128869e+00	1.805060e+01
2.590000e-06	-1.102049e-06	2.129868e-10	-7.842014e+00	1.418395e+01
2.600000e-06	-1.201909e-06	1.659444e-10	-8.552602e+00	1.031859e+01
2.610000e-06	-1.301423e-06	1.127962e-10	-9.260729e+00	6.414075e+00
2.620000e-06	-1.400526e-06	2.850746e-11	-9.965928e+00	2.436968e+00
2.630000e-06	-1.499144e-06	-5.455511e-11	-1.066768e+01	-1.625973e+00
2.640000e-06	-1.597245e-06	-1.116735e-10	-1.136575e+01	-5.762438e+00
2.650000e-06	-1.694793e-06	-1.685258e-10	-1.205989e+01	-9.939084e+00
2.660000e-06	-1.791759e-06	-2.494091e-10	-1.274988e+01	-1.411409e+01
2.670000e-06	-1.888155e-06	-3.317259e-10	-1.343582e+01	-1.825293e+01
2.680000e-06	-1.984016e-06	-3.915046e-10	-1.411796e+01	-2.234127e+01
2.690000e-06	-2.079354e-06	-4.483499e-10	-1.479636e+01	-2.639023e+01
2.700000e-06	-2.173945e-06	-5.252222e-10	-1.546946e+01	-3.043191e+01
2.710000e-06	-2.267583e-06	-6.047600e-10	-1.613577e+01	-3.450718e+01
2.720000e-06	-2.360256e-06	-6.643666e-10	-1.679522e+01	-3.865024e+01
2.730000e-06	-2.452039e-06	-7.209019e-10	-1.744833e+01	-4.287607e+01
2.740000e-06	-2.542905e-06	-8.007455e-10	-1.809492e+01	-4.717527e+01
2.750000e-06	-2.632839e-06	-8.890939e-10	-1.873488e+01	-5.151825e+01
2.760000e-06	-2.721882e-06	-9.589234e-10	-1.936849e+01	-5.586699e+01
2.770000e-06	-2.810105e-06	-1.019861e-09	-1.999627e+01	-6.018961e+01
2.780000e-06	-2.897520e-06	-1.093522e-09	-2.061830e+01	-6.447213e+01
2.790000e-06	-2.983833e-06	-1.171331e-09	-2.123250e+01	-6.872284e+01
2.800000e-06	-3.068838e-06	-1.235040e-09	-2.183738e+01	-7.296758e+01
2.810000e-06	-3.152659e-06	-1.295470e-09	-2.243384e+01	-7.723766e+01
2.820000e-06	-3.235453e-06	-1.372750e-09	-2.302299e+01	-8.155524e+01
2.830000e-06	-3.317193e-06	-1.458265e-09	-2.360464e+01	-8.592172e+01
2.840000e-06	-3.397857e-06	-1.531715e-09	-2.417863e+01	-9.031363e+01
2.850000e-06	-3.477372e-06	-1.595834e-09	-2.474444e+01	-9.468786e+01
2.860000e-06	-3.555513e-06	-1.668725e-09	-2.530048e+01	-9.899424e+01
2.870000e-06	-3.632126e-06	-1.746634e-09	-2.584565e+01	-1.031909e+02
2.880000e-06	-3.707299e-06	-1.810905e-09	-2.638057e+01	-1.072571e+02
2.890000e-06	-3.781143e-06	-1.866051e-09	-2.690603e+01	-1.111977e+02
2.900000e-06	-3.853657e-06	-1.930850e-09	-2.742204e+01	-1.150395e+02
2.910000e-06	-3.924845e-06	-2.004143e-09	-2.792859e+01	-1.188190e+02
2.920000e-06	-3.994503e-06	-2.067661e-09	-2.842427e+01	-1.225667e+02
2.930000e-06	-4.062570e-06	-2.122041e-09	-2.890863e+01	-1.262948e+02
2.940000e-06	-4.129263e-06	-2.183855e-09	-2.938320e+01	-1.299907e+02
2.950000e-06	-4.194622e-06	-2.252408e-09	-2.984829e+01	-1.336205e+02
2.960000e-06	-4.258621e-06	-2.311855e-09	-3.030370e+01	-1.371400e+02
2.970000e-06	-4.321108e-06	-2.359434e-09	-3.074834e+01	-1.405093e+02
2.980000e-06	-4.381873e-06	-2.410133e-09	-3.118073e+01	-1.437060e+02
2.990000e-06	-4.441011e-06	-2.467463e-09	-3.160156e+01	-1.467317e+02
3.000000e-06	-4.498652e-06	-2.516633e-09	-3.201172e+01	-1.496098e+02
3.010000e-06	-4.554788e-06	-2.555888e-09	-3.241118e+01	-1.523756e+02
3.020000e-06	-4.609285e-06	-2.600166e-09	-3.279897e+01	-1.550629e+02
3.030000e-06	-4.661903e-06	-2.651931e-09	-3.317338e+01	-1.576907e+02
3.040000e-06	-4.712634e-06	-2.698819e-09	-3.353438e+01	-1.602569e+02
3.050000e-06	-4.761377e-06	-2.735106e-09	-3.388123e+01	-1.627397e+02
3.060000e-06	-4.808129e-06	-2.771034e-09	-3.421391e+01	-1.651064e+02
3.070000e-06	-4.853257e-06	-2.811780e-09	-3.453503e+01	-1.673263e+02
3.080000e-06	-4.896885e-06	-2.847842e-09	-3.484548e+01	-1.693833e+02
3.090000e-06	-4.938925e-06	-2.874458e-09	-3.514463e+01	-1.712821e+02
3.100000e-06	-4.979402e-06	-2.902005e-09	-3.543266e+01	-1.730473e+02
3.110000e-06	-5.018263e-06	-2.937160e-09	-3.570919e+01	-1.747150e+02
3.120000e-06	-5.055229e-06	-2.971739e-09	-3.597223e+01	-1.763200e+02
3.130000e-06	-5.090327e-06	-2.996450e-09	-3.622199e+01	-1.778842e+02
3.140000e-06	-5.123706e-06	-3.016674e-09	-3.645951e+01	-1.794095e+02
3.150000e-06	-5.155297e-06	-3.041476e-09	-3.668430e+01	-1.808784e+02
3.160000e-06	-5.184931e-06	-3.065976e-09	-3.689517e+01	-1.822623e+02
3.170000e-06	-5.212661e-06	-3.086134e-09	-3.709249e+01	-1.835336e+02
3.180000e-06	-5.238649e-06	-3.106644e-09	-3.727743e+01	-1.846770e+02
3.190000e-06	-5.262847e-06	-3.130396e-09	-3.744961e+01	-1.856966e+02
3.200000e-06	-5.285064e-06	-3.151605e-09	-3.760770e+01	-1.866151e+02
3.210000e-06	-5.305282e-06	-3.164370e-09	-3.775158e+01	-1.874655e+02
3.220000e-06	-5.323727e-06	-3.173756e-09	-3.788282e+01	-1.882793e+02
3.230000e-06	-5.340421e-06	-3.187417e-09	-3.800162e+01	-1.890744e+02
3.240000e-06	-5.355096e-06	-3.202072e-09	-3.810604e+01	-1.898488e+02
3.250000e-06	-5.367594e-06	-3.212768e-09	-3.819498e+01	-1.905813e+02
3.260000e-06	-5.378091e-06	-3.222600e-09	-3.826967e+01	-1.912406e+02
3.270000e-06	-5.386763e-06	-3.236029e-09	-3.833138e+01	-1.917976e+02
3.280000e-06	-5.393508e-06	-3.248434e-09	-3.837938e+01	-1.922387e+02
3.290000e-06	-5.398233e-06	-3.253381e-09	-3.841299e+01	-1.925722e+02
3.300000e-06	-5.401121e-06	-3.256214e-09	-3.843354e+01	-1.928275e+02
3.310000e-06	-5.402246e-06	-3.262159e-09	-3.844155e+01	-1.930451e+02
