# Temperatura_=_24.03
# Concentracion g/m^3_=_20000.0
# C_Vs_to_Am_M_A/Vsm_=_59384043850.047264
# pendiente_HvsI_1/m_=_3716.3
# ordenada_HvsI_A/m_=_1297.0
# frecuencia_Hz_=_301397.9754506615

Tiempo_(s)	Campo_(V.s)	Magnetizacion_(V.s)	Campo_(kA/m)	Magnetizacion_(A/m)
0.000000e+00	-6.671018e-06	-2.726015e-08	-4.767304e+01	-1.619147e+03
1.000000e-08	-6.668089e-06	-2.725468e-08	-4.765210e+01	-1.618947e+03
2.000000e-08	-6.662909e-06	-2.725312e-08	-4.761509e+01	-1.618758e+03
3.000000e-08	-6.655729e-06	-2.725099e-08	-4.756378e+01	-1.618545e+03
4.000000e-08	-6.646353e-06	-2.724730e-08	-4.749677e+01	-1.618231e+03
5.000000e-08	-6.634558e-06	-2.723982e-08	-4.741249e+01	-1.617735e+03
6.000000e-08	-6.620337e-06	-2.723485e-08	-4.731085e+01	-1.616999e+03
7.000000e-08	-6.603693e-06	-2.724233e-08	-4.719191e+01	-1.616013e+03
8.000000e-08	-6.584721e-06	-2.722306e-08	-4.705634e+01	-1.614816e+03
9.000000e-08	-6.563434e-06	-2.713796e-08	-4.690421e+01	-1.613486e+03
1.000000e-07	-6.539531e-06	-2.710561e-08	-4.673339e+01	-1.612108e+03
1.100000e-07	-6.512944e-06	-2.713576e-08	-4.654339e+01	-1.610740e+03
1.200000e-07	-6.484058e-06	-2.711918e-08	-4.633697e+01	-1.609399e+03
1.300000e-07	-6.453385e-06	-2.708801e-08	-4.611777e+01	-1.608053e+03
1.400000e-07	-6.421135e-06	-2.711290e-08	-4.588730e+01	-1.606635e+03
1.500000e-07	-6.386911e-06	-2.702815e-08	-4.564273e+01	-1.605075e+03
1.600000e-07	-6.350417e-06	-2.700491e-08	-4.538193e+01	-1.603324e+03
1.700000e-07	-6.311902e-06	-2.703300e-08	-4.510669e+01	-1.601369e+03
1.800000e-07	-6.271132e-06	-2.687687e-08	-4.481533e+01	-1.599239e+03
1.900000e-07	-6.227892e-06	-2.686610e-08	-4.450633e+01	-1.596984e+03
2.000000e-07	-6.182491e-06	-2.686151e-08	-4.418188e+01	-1.594658e+03
2.100000e-07	-6.134836e-06	-2.682653e-08	-4.384133e+01	-1.592289e+03
2.200000e-07	-6.084617e-06	-2.683319e-08	-4.348245e+01	-1.589874e+03
2.300000e-07	-6.031822e-06	-2.674729e-08	-4.310515e+01	-1.587376e+03
2.400000e-07	-5.976635e-06	-2.670943e-08	-4.271078e+01	-1.584745e+03
2.500000e-07	-5.919243e-06	-2.665727e-08	-4.230063e+01	-1.581939e+03
2.600000e-07	-5.859694e-06	-2.658316e-08	-4.187508e+01	-1.578938e+03
2.700000e-07	-5.798101e-06	-2.654822e-08	-4.143492e+01	-1.575755e+03
2.800000e-07	-5.734523e-06	-2.649393e-08	-4.098057e+01	-1.572426e+03
2.900000e-07	-5.668820e-06	-2.645396e-08	-4.051104e+01	-1.568995e+03
3.000000e-07	-5.600950e-06	-2.638842e-08	-4.002602e+01	-1.565493e+03
3.100000e-07	-5.530998e-06	-2.633034e-08	-3.952612e+01	-1.561926e+03
3.200000e-07	-5.459120e-06	-2.626260e-08	-3.901246e+01	-1.558272e+03
3.300000e-07	-5.385222e-06	-2.618094e-08	-3.848437e+01	-1.554492e+03
3.400000e-07	-5.309143e-06	-2.614749e-08	-3.794068e+01	-1.550548e+03
3.500000e-07	-5.230928e-06	-2.607211e-08	-3.738173e+01	-1.546418e+03
3.600000e-07	-5.150622e-06	-2.600049e-08	-3.680784e+01	-1.542105e+03
3.700000e-07	-5.068393e-06	-2.592351e-08	-3.622021e+01	-1.537638e+03
3.800000e-07	-4.984487e-06	-2.584247e-08	-3.562059e+01	-1.533057e+03
3.900000e-07	-4.899003e-06	-2.576568e-08	-3.500970e+01	-1.528392e+03
4.000000e-07	-4.811984e-06	-2.568307e-08	-3.438784e+01	-1.523652e+03
4.100000e-07	-4.723291e-06	-2.561306e-08	-3.375401e+01	-1.518821e+03
4.200000e-07	-4.632828e-06	-2.553225e-08	-3.310753e+01	-1.513860e+03
4.300000e-07	-4.540656e-06	-2.545628e-08	-3.244885e+01	-1.508723e+03
4.400000e-07	-4.446824e-06	-2.535916e-08	-3.177830e+01	-1.503377e+03
4.500000e-07	-4.351424e-06	-2.525482e-08	-3.109655e+01	-1.497813e+03
4.600000e-07	-4.254430e-06	-2.515475e-08	-3.040339e+01	-1.492049e+03
4.700000e-07	-4.155891e-06	-2.505438e-08	-2.969921e+01	-1.486121e+03
4.800000e-07	-4.055766e-06	-2.495608e-08	-2.898369e+01	-1.480068e+03
4.900000e-07	-3.954145e-06	-2.485636e-08	-2.825747e+01	-1.473916e+03
5.000000e-07	-3.851280e-06	-2.475750e-08	-2.752237e+01	-1.467662e+03
5.100000e-07	-3.747051e-06	-2.465192e-08	-2.677752e+01	-1.461284e+03
5.200000e-07	-3.641382e-06	-2.454129e-08	-2.602238e+01	-1.454739e+03
5.300000e-07	-3.534437e-06	-2.442220e-08	-2.525812e+01	-1.447988e+03
5.400000e-07	-3.426218e-06	-2.429895e-08	-2.448475e+01	-1.441005e+03
5.500000e-07	-3.316712e-06	-2.417739e-08	-2.370219e+01	-1.433786e+03
5.600000e-07	-3.206076e-06	-2.405590e-08	-2.291155e+01	-1.426351e+03
5.700000e-07	-3.094357e-06	-2.393027e-08	-2.211318e+01	-1.418729e+03
5.800000e-07	-2.981382e-06	-2.380053e-08	-2.130582e+01	-1.410947e+03
5.900000e-07	-2.867197e-06	-2.366971e-08	-2.048983e+01	-1.403017e+03
6.000000e-07	-2.751941e-06	-2.353526e-08	-1.966617e+01	-1.394934e+03
6.100000e-07	-2.635540e-06	-2.339514e-08	-1.883433e+01	-1.386671e+03
6.200000e-07	-2.518077e-06	-2.324972e-08	-1.799491e+01	-1.378198e+03
6.300000e-07	-2.399793e-06	-2.310217e-08	-1.714962e+01	-1.369487e+03
6.400000e-07	-2.280754e-06	-2.295257e-08	-1.629893e+01	-1.360521e+03
6.500000e-07	-2.160887e-06	-2.279954e-08	-1.544233e+01	-1.351301e+03
6.600000e-07	-2.040163e-06	-2.264098e-08	-1.457960e+01	-1.341836e+03
6.700000e-07	-1.918614e-06	-2.247918e-08	-1.371097e+01	-1.332140e+03
6.800000e-07	-1.796376e-06	-2.231482e-08	-1.283743e+01	-1.322221e+03
6.900000e-07	-1.673540e-06	-2.214610e-08	-1.195961e+01	-1.312075e+03
7.000000e-07	-1.550101e-06	-2.196957e-08	-1.107747e+01	-1.301690e+03
7.100000e-07	-1.426026e-06	-2.178583e-08	-1.019080e+01	-1.291046e+03
7.200000e-07	-1.301378e-06	-2.160061e-08	-9.300026e+00	-1.280125e+03
7.300000e-07	-1.176285e-06	-2.141291e-08	-8.406074e+00	-1.268913e+03
7.400000e-07	-1.050804e-06	-2.121894e-08	-7.509352e+00	-1.257403e+03
7.500000e-07	-9.249849e-07	-2.101834e-08	-6.610211e+00	-1.245594e+03
7.600000e-07	-7.989219e-07	-2.081600e-08	-5.709329e+00	-1.233483e+03
7.700000e-07	-6.726703e-07	-2.061177e-08	-4.807098e+00	-1.221062e+03
7.800000e-07	-5.461819e-07	-2.039913e-08	-3.903175e+00	-1.208317e+03
7.900000e-07	-4.195154e-07	-2.017642e-08	-2.997979e+00	-1.195224e+03
8.000000e-07	-2.927624e-07	-1.994723e-08	-2.092165e+00	-1.181751e+03
8.100000e-07	-1.658957e-07	-1.971238e-08	-1.185539e+00	-1.167859e+03
8.200000e-07	-3.890033e-08	-1.947041e-08	-2.779931e-01	-1.153498e+03
8.300000e-07	8.808017e-08	-1.921948e-08	6.294465e-01	-1.138611e+03
8.400000e-07	2.149213e-07	-1.896077e-08	1.535890e+00	-1.123126e+03
8.500000e-07	3.416761e-07	-1.869367e-08	2.441717e+00	-1.106966e+03
8.600000e-07	4.683419e-07	-1.841147e-08	3.346907e+00	-1.090052e+03
8.700000e-07	5.948828e-07	-1.811003e-08	4.251206e+00	-1.072314e+03
8.800000e-07	7.212423e-07	-1.778978e-08	5.154208e+00	-1.053704e+03
8.900000e-07	8.473845e-07	-1.745632e-08	6.055656e+00	-1.034194e+03
9.000000e-07	9.732831e-07	-1.711134e-08	6.955364e+00	-1.013770e+03
9.100000e-07	1.098877e-06	-1.675327e-08	7.852897e+00	-9.924130e+02
9.200000e-07	1.224136e-06	-1.637923e-08	8.748035e+00	-9.700678e+02
9.300000e-07	1.349037e-06	-1.598651e-08	9.640609e+00	-9.466153e+02
9.400000e-07	1.473468e-06	-1.556995e-08	1.052983e+01	-9.218523e+02
9.500000e-07	1.597271e-06	-1.512145e-08	1.141456e+01	-8.954889e+02
9.600000e-07	1.720399e-06	-1.463674e-08	1.229448e+01	-8.671628e+02
9.700000e-07	1.842936e-06	-1.411211e-08	1.317016e+01	-8.364642e+02
9.800000e-07	1.964910e-06	-1.354304e-08	1.404182e+01	-8.029580e+02
9.900000e-07	2.086208e-06	-1.292155e-08	1.490865e+01	-7.661896e+02
1.000000e-06	2.206623e-06	-1.223742e-08	1.576917e+01	-7.256663e+02
1.010000e-06	2.326102e-06	-1.147866e-08	1.662300e+01	-6.808171e+02
1.020000e-06	2.444784e-06	-1.063188e-08	1.747114e+01	-6.309471e+02
1.030000e-06	2.562653e-06	-9.682676e-09	1.831347e+01	-5.752129e+02
1.040000e-06	2.679526e-06	-8.614009e-09	1.914867e+01	-5.126458e+02
1.050000e-06	2.795254e-06	-7.413137e-09	1.997570e+01	-4.422424e+02
1.060000e-06	2.909852e-06	-6.067806e-09	2.079465e+01	-3.631234e+02
1.070000e-06	3.023332e-06	-4.566473e-09	2.160561e+01	-2.747369e+02
1.080000e-06	3.135554e-06	-2.908674e-09	2.240758e+01	-1.770658e+02
1.090000e-06	3.246666e-06	-1.105290e-09	2.320162e+01	-7.078560e+01
1.100000e-06	3.356803e-06	8.191262e-10	2.398869e+01	4.267413e+01
1.110000e-06	3.465884e-06	2.828256e-09	2.476822e+01	1.611938e+02
1.120000e-06	3.573768e-06	4.877717e-09	2.553918e+01	2.821517e+02
1.130000e-06	3.680335e-06	6.916495e-09	2.630075e+01	4.027047e+02
1.140000e-06	3.785484e-06	8.893218e-09	2.705217e+01	5.201052e+02
1.150000e-06	3.889159e-06	1.077053e-08	2.779307e+01	6.319907e+02
1.160000e-06	3.991481e-06	1.252361e-08	2.852429e+01	7.365900e+02
1.170000e-06	4.092443e-06	1.413645e-08	2.924579e+01	8.328128e+02
1.180000e-06	4.191913e-06	1.560223e-08	2.995663e+01	9.202203e+02
1.190000e-06	4.289803e-06	1.692078e-08	3.065618e+01	9.989024e+02
1.200000e-06	4.386069e-06	1.810031e-08	3.134413e+01	1.069305e+03
1.210000e-06	4.480783e-06	1.915215e-08	3.202098e+01	1.132058e+03
1.220000e-06	4.574090e-06	2.008617e-08	3.268778e+01	1.187839e+03
1.230000e-06	4.665862e-06	2.091137e-08	3.334361e+01	1.237294e+03
1.240000e-06	4.755884e-06	2.164015e-08	3.398693e+01	1.281011e+03
1.250000e-06	4.844093e-06	2.228212e-08	3.461730e+01	1.319536e+03
1.260000e-06	4.930590e-06	2.284520e-08	3.523543e+01	1.353394e+03
1.270000e-06	5.015519e-06	2.334074e-08	3.584236e+01	1.383108e+03
1.280000e-06	5.098804e-06	2.377753e-08	3.643754e+01	1.409194e+03
1.290000e-06	5.180163e-06	2.416143e-08	3.701895e+01	1.432145e+03
1.300000e-06	5.259563e-06	2.449981e-08	3.758637e+01	1.452407e+03
1.310000e-06	5.337063e-06	2.479989e-08	3.814020e+01	1.470352e+03
1.320000e-06	5.412556e-06	2.506625e-08	3.867970e+01	1.486283e+03
1.330000e-06	5.485923e-06	2.530244e-08	3.920401e+01	1.500441e+03
1.340000e-06	5.557255e-06	2.551062e-08	3.971376e+01	1.513028e+03
1.350000e-06	5.626694e-06	2.569564e-08	4.021000e+01	1.524227e+03
1.360000e-06	5.694195e-06	2.586215e-08	4.069238e+01	1.534219e+03
1.370000e-06	5.759585e-06	2.601112e-08	4.115967e+01	1.543176e+03
1.380000e-06	5.822851e-06	2.614448e-08	4.161179e+01	1.551254e+03
1.390000e-06	5.884191e-06	2.626577e-08	4.205014e+01	1.558578e+03
1.400000e-06	5.943562e-06	2.637578e-08	4.247443e+01	1.565233e+03
1.410000e-06	6.000753e-06	2.647488e-08	4.288313e+01	1.571268e+03
1.420000e-06	6.055729e-06	2.656498e-08	4.327600e+01	1.576712e+03
1.430000e-06	6.108406e-06	2.664663e-08	4.365245e+01	1.581595e+03
1.440000e-06	6.158461e-06	2.671794e-08	4.401015e+01	1.585967e+03
1.450000e-06	6.206010e-06	2.678106e-08	4.434996e+01	1.589899e+03
1.460000e-06	6.251466e-06	2.684097e-08	4.467480e+01	1.593481e+03
1.470000e-06	6.294829e-06	2.689995e-08	4.498468e+01	1.596797e+03
1.480000e-06	6.335842e-06	2.695603e-08	4.527777e+01	1.599906e+03
1.490000e-06	6.374575e-06	2.700724e-08	4.555457e+01	1.602828e+03
1.500000e-06	6.411278e-06	2.705450e-08	4.581686e+01	1.605542e+03
1.510000e-06	6.445675e-06	2.709646e-08	4.606267e+01	1.608006e+03
1.520000e-06	6.477654e-06	2.713089e-08	4.629120e+01	1.610181e+03
1.530000e-06	6.507510e-06	2.715824e-08	4.650456e+01	1.612051e+03
1.540000e-06	6.535189e-06	2.718357e-08	4.670237e+01	1.613641e+03
1.550000e-06	6.560419e-06	2.721018e-08	4.688266e+01	1.615011e+03
1.560000e-06	6.583234e-06	2.723409e-08	4.704571e+01	1.616233e+03
1.570000e-06	6.603936e-06	2.725379e-08	4.719365e+01	1.617369e+03
1.580000e-06	6.622372e-06	2.727151e-08	4.732540e+01	1.618447e+03
1.590000e-06	6.638279e-06	2.728807e-08	4.743907e+01	1.619447e+03
1.600000e-06	6.651731e-06	2.730068e-08	4.753521e+01	1.620316e+03
1.610000e-06	6.662576e-06	2.730866e-08	4.761271e+01	1.620991e+03
1.620000e-06	6.670827e-06	2.731388e-08	4.767168e+01	1.621424e+03
1.630000e-06	6.676830e-06	2.731747e-08	4.771457e+01	1.621611e+03
1.640000e-06	6.680575e-06	2.731912e-08	4.774133e+01	1.621592e+03
1.650000e-06	6.681893e-06	2.731279e-08	4.775075e+01	1.621441e+03
1.660000e-06	6.680904e-06	2.730817e-08	4.774369e+01	1.621239e+03
1.670000e-06	6.677856e-06	2.730839e-08	4.772191e+01	1.621040e+03
1.680000e-06	6.672567e-06	2.730549e-08	4.768410e+01	1.620851e+03
1.690000e-06	6.664960e-06	2.729842e-08	4.762975e+01	1.620631e+03
1.700000e-06	6.655254e-06	2.728700e-08	4.756038e+01	1.620301e+03
1.710000e-06	6.643325e-06	2.727439e-08	4.747513e+01	1.619781e+03
1.720000e-06	6.629023e-06	2.723988e-08	4.737293e+01	1.619018e+03
1.730000e-06	6.612595e-06	2.719441e-08	4.725553e+01	1.618005e+03
1.740000e-06	6.594083e-06	2.724237e-08	4.712323e+01	1.616790e+03
1.750000e-06	6.572789e-06	2.725586e-08	4.697106e+01	1.615451e+03
1.760000e-06	6.548322e-06	2.718733e-08	4.679622e+01	1.614071e+03
1.770000e-06	6.521178e-06	2.716026e-08	4.660224e+01	1.612707e+03
1.780000e-06	6.491818e-06	2.709427e-08	4.639242e+01	1.611367e+03
1.790000e-06	6.460639e-06	2.703430e-08	4.616960e+01	1.610016e+03
1.800000e-06	6.427932e-06	2.715285e-08	4.593587e+01	1.608586e+03
1.810000e-06	6.393243e-06	2.702624e-08	4.568797e+01	1.607008e+03
1.820000e-06	6.356272e-06	2.693182e-08	4.542377e+01	1.605234e+03
1.830000e-06	6.317196e-06	2.707628e-08	4.514452e+01	1.603258e+03
1.840000e-06	6.275844e-06	2.696404e-08	4.484901e+01	1.601111e+03
1.850000e-06	6.232383e-06	2.697102e-08	4.453842e+01	1.598847e+03
1.860000e-06	6.186727e-06	2.685977e-08	4.421216e+01	1.596515e+03
1.870000e-06	6.138635e-06	2.673117e-08	4.386847e+01	1.594141e+03
1.880000e-06	6.088362e-06	2.683635e-08	4.350921e+01	1.591719e+03
1.890000e-06	6.035549e-06	2.674436e-08	4.313179e+01	1.589209e+03
1.900000e-06	5.980227e-06	2.671433e-08	4.273644e+01	1.586561e+03
1.910000e-06	5.922812e-06	2.665578e-08	4.232614e+01	1.583734e+03
1.920000e-06	5.863314e-06	2.658031e-08	4.190095e+01	1.580713e+03
1.930000e-06	5.801691e-06	2.660785e-08	4.146058e+01	1.577512e+03
1.940000e-06	5.737850e-06	2.644373e-08	4.100435e+01	1.574169e+03
1.950000e-06	5.672007e-06	2.640176e-08	4.053381e+01	1.570729e+03
1.960000e-06	5.604072e-06	2.636269e-08	4.004833e+01	1.567220e+03
1.970000e-06	5.533844e-06	2.633477e-08	3.954646e+01	1.563645e+03
1.980000e-06	5.461612e-06	2.629387e-08	3.903027e+01	1.559979e+03
1.990000e-06	5.387392e-06	2.612208e-08	3.849988e+01	1.556183e+03
2.000000e-06	5.311083e-06	2.612029e-08	3.795455e+01	1.552220e+03
2.010000e-06	5.232698e-06	2.604510e-08	3.739438e+01	1.548068e+03
2.020000e-06	5.152423e-06	2.597671e-08	3.682072e+01	1.543737e+03
2.030000e-06	5.070438e-06	2.587793e-08	3.623483e+01	1.539256e+03
2.040000e-06	4.986578e-06	2.579825e-08	3.563554e+01	1.534664e+03
2.050000e-06	4.900808e-06	2.577721e-08	3.502260e+01	1.529991e+03
2.060000e-06	4.813238e-06	2.565483e-08	3.439680e+01	1.525243e+03
2.070000e-06	4.724025e-06	2.555834e-08	3.375926e+01	1.520400e+03
2.080000e-06	4.633249e-06	2.545210e-08	3.311055e+01	1.515421e+03
2.090000e-06	4.540745e-06	2.540775e-08	3.244948e+01	1.510263e+03
2.100000e-06	4.446543e-06	2.531836e-08	3.177629e+01	1.504893e+03
2.110000e-06	4.350807e-06	2.520175e-08	3.109213e+01	1.499306e+03
2.120000e-06	4.253645e-06	2.511643e-08	3.039779e+01	1.493522e+03
2.130000e-06	4.155095e-06	2.502728e-08	2.969352e+01	1.487579e+03
2.140000e-06	4.054979e-06	2.493442e-08	2.897806e+01	1.481515e+03
2.150000e-06	3.953248e-06	2.479629e-08	2.825106e+01	1.475351e+03
2.160000e-06	3.850007e-06	2.468989e-08	2.751327e+01	1.469086e+03
2.170000e-06	3.745348e-06	2.459391e-08	2.676535e+01	1.462692e+03
2.180000e-06	3.639488e-06	2.449633e-08	2.600884e+01	1.456126e+03
2.190000e-06	3.532465e-06	2.436562e-08	2.524403e+01	1.449351e+03
2.200000e-06	3.424222e-06	2.424115e-08	2.447049e+01	1.442342e+03
2.210000e-06	3.314751e-06	2.413743e-08	2.368817e+01	1.435099e+03
2.220000e-06	3.203976e-06	2.401820e-08	2.289654e+01	1.427642e+03
2.230000e-06	3.091966e-06	2.387517e-08	2.209609e+01	1.420001e+03
2.240000e-06	2.978835e-06	2.372875e-08	2.128762e+01	1.412202e+03
2.250000e-06	2.864628e-06	2.360842e-08	2.047146e+01	1.404257e+03
2.260000e-06	2.749340e-06	2.347961e-08	1.964758e+01	1.396155e+03
2.270000e-06	2.632874e-06	2.333445e-08	1.881529e+01	1.387871e+03
2.280000e-06	2.515282e-06	2.317974e-08	1.797494e+01	1.379374e+03
2.290000e-06	2.396712e-06	2.304160e-08	1.712760e+01	1.370635e+03
2.300000e-06	2.277233e-06	2.289807e-08	1.627377e+01	1.361642e+03
2.310000e-06	2.156868e-06	2.273256e-08	1.541361e+01	1.352395e+03
2.320000e-06	2.035777e-06	2.255884e-08	1.454825e+01	1.342904e+03
2.330000e-06	1.914053e-06	2.240285e-08	1.367838e+01	1.333184e+03
2.340000e-06	1.791704e-06	2.225017e-08	1.280404e+01	1.323240e+03
2.350000e-06	1.668774e-06	2.207437e-08	1.192554e+01	1.313069e+03
2.360000e-06	1.545237e-06	2.188953e-08	1.104271e+01	1.302657e+03
2.370000e-06	1.421102e-06	2.171036e-08	1.015561e+01	1.291984e+03
2.380000e-06	1.296410e-06	2.153637e-08	9.264527e+00	1.281032e+03
2.390000e-06	1.171238e-06	2.134325e-08	8.370008e+00	1.269788e+03
2.400000e-06	1.045674e-06	2.113941e-08	7.472689e+00	1.258246e+03
2.410000e-06	9.198313e-07	2.094338e-08	6.573382e+00	1.246405e+03
2.420000e-06	7.936822e-07	2.075167e-08	5.671884e+00	1.234260e+03
2.430000e-06	6.671763e-07	2.054337e-08	4.767836e+00	1.221806e+03
2.440000e-06	5.404183e-07	2.031581e-08	3.861986e+00	1.209024e+03
2.450000e-06	4.134922e-07	2.009149e-08	2.954935e+00	1.195892e+03
2.460000e-06	2.864413e-07	1.987046e-08	2.046993e+00	1.182376e+03
2.470000e-06	1.592028e-07	1.963642e-08	1.137710e+00	1.168436e+03
2.480000e-06	3.182747e-08	1.938565e-08	2.274483e-01	1.154021e+03
2.490000e-06	-9.553570e-08	1.913075e-08	-6.827259e-01	1.139073e+03
2.500000e-06	-2.228266e-07	1.887949e-08	-1.592383e+00	1.123519e+03
2.510000e-06	-3.500391e-07	1.861219e-08	-2.501481e+00	1.107282e+03
2.520000e-06	-4.771102e-07	1.831987e-08	-3.409569e+00	1.090282e+03
2.530000e-06	-6.039841e-07	1.801515e-08	-4.316246e+00	1.072453e+03
2.540000e-06	-7.306667e-07	1.770477e-08	-5.221557e+00	1.053747e+03
2.550000e-06	-8.570373e-07	1.737880e-08	-6.124638e+00	1.034139e+03
2.560000e-06	-9.829754e-07	1.702736e-08	-7.024628e+00	1.013616e+03
2.570000e-06	-1.108551e-06	1.666222e-08	-7.922031e+00	9.921569e+02
2.580000e-06	-1.233800e-06	1.629168e-08	-8.817096e+00	9.696999e+02
2.590000e-06	-1.358653e-06	1.590359e-08	-9.709331e+00	9.461180e+02
2.600000e-06	-1.482993e-06	1.548241e-08	-1.059790e+01	9.211985e+02
2.610000e-06	-1.606629e-06	1.503129e-08	-1.148144e+01	8.946429e+02
2.620000e-06	-1.729529e-06	1.455600e-08	-1.235972e+01	8.660826e+02
2.630000e-06	-1.851819e-06	1.404205e-08	-1.323363e+01	8.351040e+02
2.640000e-06	-1.973520e-06	1.347234e-08	-1.410335e+01	8.012702e+02
2.650000e-06	-2.094605e-06	1.284548e-08	-1.496866e+01	7.641238e+02
2.660000e-06	-2.215032e-06	1.216513e-08	-1.582926e+01	7.231658e+02
2.670000e-06	-2.334661e-06	1.141578e-08	-1.668417e+01	6.778142e+02
2.680000e-06	-2.453345e-06	1.057267e-08	-1.753232e+01	6.273586e+02
2.690000e-06	-2.571093e-06	9.625789e-09	-1.837378e+01	5.709400e+02
2.700000e-06	-2.687875e-06	8.569202e-09	-1.920833e+01	5.075803e+02
2.710000e-06	-2.803495e-06	7.384529e-09	-2.003459e+01	4.362810e+02
2.720000e-06	-2.917921e-06	6.046537e-09	-2.085231e+01	3.561874e+02
2.730000e-06	-3.031165e-06	4.549212e-09	-2.166159e+01	2.667954e+02
2.740000e-06	-3.143154e-06	2.906228e-09	-2.246189e+01	1.681561e+02
2.750000e-06	-3.253885e-06	1.126013e-09	-2.325321e+01	6.102484e+01
2.760000e-06	-3.363359e-06	-7.801382e-10	-2.403554e+01	-5.308951e+01
2.770000e-06	-3.471696e-06	-2.777728e-09	-2.480975e+01	-1.720025e+02
2.780000e-06	-3.578947e-06	-4.810931e-09	-2.557620e+01	-2.930543e+02
2.790000e-06	-3.685092e-06	-6.829416e-09	-2.633474e+01	-4.133967e+02
2.800000e-06	-3.790058e-06	-8.797996e-09	-2.708486e+01	-5.303105e+02
2.810000e-06	-3.893562e-06	-1.067721e-08	-2.782453e+01	-6.414886e+02
2.820000e-06	-3.995501e-06	-1.242924e-08	-2.855302e+01	-7.452307e+02
2.830000e-06	-4.095929e-06	-1.403447e-08	-2.927070e+01	-8.405197e+02
2.840000e-06	-4.194939e-06	-1.549491e-08	-2.997825e+01	-9.269805e+02
2.850000e-06	-4.292623e-06	-1.681692e-08	-3.067633e+01	-1.004750e+03
2.860000e-06	-4.388922e-06	-1.799871e-08	-3.136452e+01	-1.074301e+03
2.870000e-06	-4.483660e-06	-1.904569e-08	-3.204154e+01	-1.136276e+03
2.880000e-06	-4.576710e-06	-1.997754e-08	-3.270650e+01	-1.191349e+03
2.890000e-06	-4.668115e-06	-2.080955e-08	-3.335971e+01	-1.240162e+03
2.900000e-06	-4.757915e-06	-2.154407e-08	-3.400145e+01	-1.283297e+03
2.910000e-06	-4.846035e-06	-2.218520e-08	-3.463118e+01	-1.321298e+03
2.920000e-06	-4.932363e-06	-2.274802e-08	-3.524810e+01	-1.354687e+03
2.930000e-06	-5.016818e-06	-2.324661e-08	-3.585164e+01	-1.383988e+03
2.940000e-06	-5.099590e-06	-2.368575e-08	-3.644315e+01	-1.409715e+03
2.950000e-06	-5.180708e-06	-2.407101e-08	-3.702285e+01	-1.432359e+03
2.960000e-06	-5.259999e-06	-2.441116e-08	-3.758948e+01	-1.452355e+03
2.970000e-06	-5.337154e-06	-2.471599e-08	-3.814085e+01	-1.470072e+03
2.980000e-06	-5.412060e-06	-2.498687e-08	-3.867616e+01	-1.485803e+03
2.990000e-06	-5.485021e-06	-2.522122e-08	-3.919756e+01	-1.499784e+03
3.000000e-06	-5.556087e-06	-2.542802e-08	-3.970541e+01	-1.512214e+03
3.010000e-06	-5.625068e-06	-2.561555e-08	-4.019837e+01	-1.523275e+03
3.020000e-06	-5.691973e-06	-2.578537e-08	-4.067649e+01	-1.533148e+03
3.030000e-06	-5.756959e-06	-2.593716e-08	-4.114090e+01	-1.542004e+03
3.040000e-06	-5.820002e-06	-2.607459e-08	-4.159143e+01	-1.549997e+03
3.050000e-06	-5.880897e-06	-2.620199e-08	-4.202660e+01	-1.557246e+03
3.060000e-06	-5.939563e-06	-2.631843e-08	-4.244585e+01	-1.563833e+03
3.070000e-06	-5.996207e-06	-2.641960e-08	-4.285064e+01	-1.569803e+03
3.080000e-06	-6.050812e-06	-2.650777e-08	-4.324086e+01	-1.575186e+03
3.090000e-06	-6.103013e-06	-2.658897e-08	-4.361391e+01	-1.580012e+03
3.100000e-06	-6.152641e-06	-2.666554e-08	-4.396857e+01	-1.584333e+03
3.110000e-06	-6.199744e-06	-2.673298e-08	-4.430518e+01	-1.588224e+03
3.120000e-06	-6.244675e-06	-2.679083e-08	-4.462626e+01	-1.591774e+03
3.130000e-06	-6.287707e-06	-2.684406e-08	-4.493378e+01	-1.595066e+03
3.140000e-06	-6.328681e-06	-2.689674e-08	-4.522659e+01	-1.598155e+03
3.150000e-06	-6.367513e-06	-2.694593e-08	-4.550411e+01	-1.601056e+03
3.160000e-06	-6.404043e-06	-2.698751e-08	-4.576516e+01	-1.603745e+03
3.170000e-06	-6.438267e-06	-2.702612e-08	-4.600973e+01	-1.606181e+03
3.180000e-06	-6.470322e-06	-2.706494e-08	-4.623881e+01	-1.608323e+03
3.190000e-06	-6.499989e-06	-2.710053e-08	-4.645082e+01	-1.610162e+03
3.200000e-06	-6.527228e-06	-2.712659e-08	-4.664547e+01	-1.611725e+03
3.210000e-06	-6.552227e-06	-2.714670e-08	-4.682412e+01	-1.613076e+03
3.220000e-06	-6.574915e-06	-2.716699e-08	-4.698626e+01	-1.614286e+03
3.230000e-06	-6.595201e-06	-2.718716e-08	-4.713123e+01	-1.615416e+03
3.240000e-06	-6.613260e-06	-2.720347e-08	-4.726028e+01	-1.616487e+03
3.250000e-06	-6.629122e-06	-2.721761e-08	-4.737363e+01	-1.617477e+03
3.260000e-06	-6.642336e-06	-2.723347e-08	-4.746807e+01	-1.618328e+03
3.270000e-06	-6.652877e-06	-2.724921e-08	-4.754340e+01	-1.618979e+03
3.280000e-06	-6.661152e-06	-2.725819e-08	-4.760253e+01	-1.619386e+03
3.290000e-06	-6.667054e-06	-2.726062e-08	-4.764471e+01	-1.619548e+03
3.300000e-06	-6.670521e-06	-2.726022e-08	-4.766949e+01	-1.619511e+03
3.310000e-06	-6.671764e-06	-2.726242e-08	-4.767837e+01	-1.619352e+03
