# Temperatura_=_53.63
# Concentracion g/m^3_=_22500.0
# C_Vs_to_Am_M_A/Vsm_=_59384043850.047264
# pendiente_HvsI_1/m_=_3716.3
# ordenada_HvsI_A/m_=_1297.0
# frecuencia_Hz_=_301754.69323187997

Tiempo_(s)	Campo_(V.s)	Magnetizacion_(V.s)	Campo_(kA/m)	Magnetizacion_(A/m)
0.000000e+00	-8.038645e-06	-2.551521e-08	-5.681048e+01	-1.513566e+03
1.000000e-08	-8.034316e-06	-2.550631e-08	-5.677988e+01	-1.512853e+03
2.000000e-08	-8.027393e-06	-2.549579e-08	-5.673095e+01	-1.511968e+03
3.000000e-08	-8.017795e-06	-2.547991e-08	-5.666313e+01	-1.511039e+03
4.000000e-08	-8.005342e-06	-2.546189e-08	-5.657512e+01	-1.510152e+03
5.000000e-08	-7.989906e-06	-2.544390e-08	-5.646603e+01	-1.509308e+03
6.000000e-08	-7.971639e-06	-2.542686e-08	-5.633694e+01	-1.508419e+03
7.000000e-08	-7.950977e-06	-2.540740e-08	-5.619091e+01	-1.507348e+03
8.000000e-08	-7.927743e-06	-2.535575e-08	-5.602672e+01	-1.505962e+03
9.000000e-08	-7.901269e-06	-2.530464e-08	-5.583962e+01	-1.504198e+03
1.000000e-07	-7.871520e-06	-2.529611e-08	-5.562938e+01	-1.502086e+03
1.100000e-07	-7.838980e-06	-2.528853e-08	-5.539941e+01	-1.499744e+03
1.200000e-07	-7.803789e-06	-2.524943e-08	-5.515071e+01	-1.497325e+03
1.300000e-07	-7.766129e-06	-2.519454e-08	-5.488456e+01	-1.494956e+03
1.400000e-07	-7.726347e-06	-2.518503e-08	-5.460342e+01	-1.492679e+03
1.500000e-07	-7.684258e-06	-2.515976e-08	-5.430596e+01	-1.490434e+03
1.600000e-07	-7.639346e-06	-2.506251e-08	-5.398857e+01	-1.488081e+03
1.700000e-07	-7.591678e-06	-2.501826e-08	-5.365169e+01	-1.485463e+03
1.800000e-07	-7.541157e-06	-2.495706e-08	-5.329464e+01	-1.482464e+03
1.900000e-07	-7.487496e-06	-2.490911e-08	-5.291541e+01	-1.479062e+03
2.000000e-07	-7.431068e-06	-2.487790e-08	-5.251663e+01	-1.475333e+03
2.100000e-07	-7.371971e-06	-2.478730e-08	-5.209898e+01	-1.471417e+03
2.200000e-07	-7.310230e-06	-2.473706e-08	-5.166264e+01	-1.467453e+03
2.300000e-07	-7.245863e-06	-2.466599e-08	-5.120775e+01	-1.463523e+03
2.400000e-07	-7.178720e-06	-2.460622e-08	-5.073324e+01	-1.459608e+03
2.500000e-07	-7.108964e-06	-2.452183e-08	-5.024026e+01	-1.455604e+03
2.600000e-07	-7.036542e-06	-2.442007e-08	-4.972844e+01	-1.451361e+03
2.700000e-07	-6.961362e-06	-2.436080e-08	-4.919714e+01	-1.446749e+03
2.800000e-07	-6.883452e-06	-2.429902e-08	-4.864653e+01	-1.441713e+03
2.900000e-07	-6.802820e-06	-2.421155e-08	-4.807669e+01	-1.436292e+03
3.000000e-07	-6.719738e-06	-2.408729e-08	-4.748953e+01	-1.430599e+03
3.100000e-07	-6.634447e-06	-2.400027e-08	-4.688677e+01	-1.424768e+03
3.200000e-07	-6.546887e-06	-2.390995e-08	-4.626797e+01	-1.418889e+03
3.300000e-07	-6.456966e-06	-2.379335e-08	-4.563248e+01	-1.412971e+03
3.400000e-07	-6.364729e-06	-2.368275e-08	-4.498063e+01	-1.406933e+03
3.500000e-07	-6.270241e-06	-2.357440e-08	-4.431287e+01	-1.400641e+03
3.600000e-07	-6.173400e-06	-2.347564e-08	-4.362847e+01	-1.393963e+03
3.700000e-07	-6.074285e-06	-2.336066e-08	-4.292801e+01	-1.386830e+03
3.800000e-07	-5.973100e-06	-2.322605e-08	-4.221292e+01	-1.379261e+03
3.900000e-07	-5.869757e-06	-2.308418e-08	-4.148258e+01	-1.371352e+03
4.000000e-07	-5.764144e-06	-2.295758e-08	-4.073619e+01	-1.363226e+03
4.100000e-07	-5.656433e-06	-2.283246e-08	-3.997498e+01	-1.354977e+03
4.200000e-07	-5.546778e-06	-2.268217e-08	-3.920003e+01	-1.346617e+03
4.300000e-07	-5.435174e-06	-2.252365e-08	-3.841130e+01	-1.338072e+03
4.400000e-07	-5.321453e-06	-2.237518e-08	-3.760762e+01	-1.329210e+03
4.500000e-07	-5.205510e-06	-2.222377e-08	-3.678823e+01	-1.319896e+03
4.600000e-07	-5.087562e-06	-2.205187e-08	-3.595467e+01	-1.310055e+03
4.700000e-07	-4.967825e-06	-2.187532e-08	-3.510847e+01	-1.299708e+03
4.800000e-07	-4.846262e-06	-2.170693e-08	-3.424936e+01	-1.288957e+03
4.900000e-07	-4.722910e-06	-2.153358e-08	-3.337761e+01	-1.277942e+03
5.000000e-07	-4.597807e-06	-2.134315e-08	-3.249349e+01	-1.266775e+03
5.100000e-07	-4.471102e-06	-2.114391e-08	-3.159804e+01	-1.255483e+03
5.200000e-07	-4.342901e-06	-2.094192e-08	-3.069202e+01	-1.243988e+03
5.300000e-07	-4.213021e-06	-2.073969e-08	-2.977414e+01	-1.232142e+03
5.400000e-07	-4.081581e-06	-2.052832e-08	-2.884523e+01	-1.219783e+03
5.500000e-07	-3.948703e-06	-2.030577e-08	-2.790616e+01	-1.206809e+03
5.600000e-07	-3.814360e-06	-2.008324e-08	-2.695674e+01	-1.193222e+03
5.700000e-07	-3.678670e-06	-1.985919e-08	-2.599779e+01	-1.179125e+03
5.800000e-07	-3.541652e-06	-1.962308e-08	-2.502946e+01	-1.164675e+03
5.900000e-07	-3.403188e-06	-1.937419e-08	-2.405091e+01	-1.150008e+03
6.000000e-07	-3.263405e-06	-1.912264e-08	-2.306304e+01	-1.135168e+03
6.100000e-07	-3.122422e-06	-1.886655e-08	-2.206669e+01	-1.120079e+03
6.200000e-07	-2.980148e-06	-1.859890e-08	-2.106122e+01	-1.104572e+03
6.300000e-07	-2.836588e-06	-1.831944e-08	-2.004665e+01	-1.088454e+03
6.400000e-07	-2.691932e-06	-1.803453e-08	-1.902434e+01	-1.071594e+03
6.500000e-07	-2.546341e-06	-1.774497e-08	-1.799543e+01	-1.053987e+03
6.600000e-07	-2.399904e-06	-1.744980e-08	-1.696053e+01	-1.035755e+03
6.700000e-07	-2.252650e-06	-1.714581e-08	-1.591986e+01	-1.017097e+03
6.800000e-07	-2.104643e-06	-1.683244e-08	-1.487387e+01	-9.981900e+02
6.900000e-07	-1.955957e-06	-1.650860e-08	-1.382308e+01	-9.790995e+02
7.000000e-07	-1.806565e-06	-1.617196e-08	-1.276730e+01	-9.597292e+02
7.100000e-07	-1.656446e-06	-1.582367e-08	-1.170639e+01	-9.398457e+02
7.200000e-07	-1.505734e-06	-1.546596e-08	-1.064128e+01	-9.191671e+02
7.300000e-07	-1.354617e-06	-1.510255e-08	-9.573313e+00	-8.974817e+02
7.400000e-07	-1.203054e-06	-1.473044e-08	-8.502192e+00	-8.747414e+02
7.500000e-07	-1.050975e-06	-1.434667e-08	-7.427422e+00	-8.510850e+02
7.600000e-07	-8.984485e-07	-1.394856e-08	-6.349489e+00	-8.267710e+02
7.700000e-07	-7.455805e-07	-1.353680e-08	-5.269145e+00	-8.020416e+02
7.800000e-07	-5.923811e-07	-1.311004e-08	-4.186458e+00	-7.769735e+02
7.900000e-07	-4.389088e-07	-1.266591e-08	-3.101844e+00	-7.513821e+02
8.000000e-07	-2.853087e-07	-1.220265e-08	-2.016326e+00	-7.248286e+02
8.100000e-07	-1.316373e-07	-1.171807e-08	-9.303030e-01	-6.967369e+02
8.200000e-07	2.212276e-08	-1.120985e-08	1.563453e-01	-6.665765e+02
8.300000e-07	1.759071e-07	-1.067253e-08	1.243166e+00	-6.340286e+02
8.400000e-07	3.295708e-07	-1.010130e-08	2.329133e+00	-5.990469e+02
8.500000e-07	4.830850e-07	-9.488270e-09	3.414044e+00	-5.617569e+02
8.600000e-07	6.364911e-07	-8.824008e-09	4.498191e+00	-5.222014e+02
8.700000e-07	7.896714e-07	-8.097645e-09	5.580743e+00	-4.800100e+02
8.800000e-07	9.424683e-07	-7.294998e-09	6.660584e+00	-4.341214e+02
8.900000e-07	1.094832e-06	-6.397009e-09	7.737368e+00	-3.826943e+02
9.000000e-07	1.246783e-06	-5.375398e-09	8.811227e+00	-3.232990e+02
9.100000e-07	1.398279e-06	-4.195996e-09	9.881875e+00	-2.533923e+02
9.200000e-07	1.549220e-06	-2.822393e-09	1.094860e+01	-1.709800e+02
9.300000e-07	1.699591e-06	-1.225689e-09	1.201130e+01	-7.529148e+01
9.400000e-07	1.849346e-06	6.003726e-10	1.306964e+01	3.273646e+01
9.500000e-07	1.998443e-06	2.615920e-09	1.412334e+01	1.503312e+02
9.600000e-07	2.146907e-06	4.732968e-09	1.517256e+01	2.731812e+02
9.700000e-07	2.294715e-06	6.838976e-09	1.621715e+01	3.961061e+02
9.800000e-07	2.441719e-06	8.824758e-09	1.725604e+01	5.139361e+02
9.900000e-07	2.587826e-06	1.061849e-08	1.828861e+01	6.223767e+02
1.000000e-06	2.733007e-06	1.219252e-08	1.931463e+01	7.186406e+02
1.010000e-06	2.877128e-06	1.355611e-08	2.033315e+01	8.017008e+02
1.020000e-06	3.020198e-06	1.473023e-08	2.134426e+01	8.721352e+02
1.030000e-06	3.162118e-06	1.573892e-08	2.234723e+01	9.316480e+02
1.040000e-06	3.302828e-06	1.660812e-08	2.334165e+01	9.824368e+02
1.050000e-06	3.442349e-06	1.736221e-08	2.432767e+01	1.026599e+03
1.060000e-06	3.580523e-06	1.802148e-08	2.530417e+01	1.065730e+03
1.070000e-06	3.717263e-06	1.859880e-08	2.627053e+01	1.100791e+03
1.080000e-06	3.852611e-06	1.910537e-08	2.722706e+01	1.132213e+03
1.090000e-06	3.986587e-06	1.955340e-08	2.817389e+01	1.160150e+03
1.100000e-06	4.119107e-06	1.995597e-08	2.911043e+01	1.184755e+03
1.110000e-06	4.250176e-06	2.032125e-08	3.003672e+01	1.206356e+03
1.120000e-06	4.379770e-06	2.065318e-08	3.095258e+01	1.225494e+03
1.130000e-06	4.507783e-06	2.095551e-08	3.185728e+01	1.242831e+03
1.140000e-06	4.634253e-06	2.123514e-08	3.275106e+01	1.258977e+03
1.150000e-06	4.759178e-06	2.149510e-08	3.363392e+01	1.274352e+03
1.160000e-06	4.882454e-06	2.173573e-08	3.450514e+01	1.289106e+03
1.170000e-06	5.003941e-06	2.195767e-08	3.536371e+01	1.303162e+03
1.180000e-06	5.123475e-06	2.216512e-08	3.620847e+01	1.316331e+03
1.190000e-06	5.241067e-06	2.236303e-08	3.703952e+01	1.328457e+03
1.200000e-06	5.356711e-06	2.255241e-08	3.785679e+01	1.339524e+03
1.210000e-06	5.470251e-06	2.273030e-08	3.865920e+01	1.349687e+03
1.220000e-06	5.581715e-06	2.289920e-08	3.944694e+01	1.359220e+03
1.230000e-06	5.691260e-06	2.306197e-08	4.022111e+01	1.368406e+03
1.240000e-06	5.798876e-06	2.321558e-08	4.098165e+01	1.377436e+03
1.250000e-06	5.904344e-06	2.335833e-08	4.172701e+01	1.386341e+03
1.260000e-06	6.007572e-06	2.349057e-08	4.245654e+01	1.395006e+03
1.270000e-06	6.108667e-06	2.361656e-08	4.317099e+01	1.403239e+03
1.280000e-06	6.207523e-06	2.373828e-08	4.386963e+01	1.410870e+03
1.290000e-06	6.304041e-06	2.385417e-08	4.455173e+01	1.417837e+03
1.300000e-06	6.398355e-06	2.396575e-08	4.521827e+01	1.424217e+03
1.310000e-06	6.490529e-06	2.407417e-08	4.586968e+01	1.430192e+03
1.320000e-06	6.580391e-06	2.417884e-08	4.650475e+01	1.435974e+03
1.330000e-06	6.667916e-06	2.427698e-08	4.712330e+01	1.441717e+03
1.340000e-06	6.753158e-06	2.436824e-08	4.772572e+01	1.447460e+03
1.350000e-06	6.836100e-06	2.445581e-08	4.831189e+01	1.453120e+03
1.360000e-06	6.916599e-06	2.454033e-08	4.888079e+01	1.458540e+03
1.370000e-06	6.994527e-06	2.462090e-08	4.943152e+01	1.463566e+03
1.380000e-06	7.069792e-06	2.469710e-08	4.996343e+01	1.468121e+03
1.390000e-06	7.142402e-06	2.477075e-08	5.047658e+01	1.472238e+03
1.400000e-06	7.212521e-06	2.484193e-08	5.097212e+01	1.476046e+03
1.410000e-06	7.280067e-06	2.490851e-08	5.144948e+01	1.479710e+03
1.420000e-06	7.344941e-06	2.496951e-08	5.190795e+01	1.483362e+03
1.430000e-06	7.407310e-06	2.502733e-08	5.234873e+01	1.487042e+03
1.440000e-06	7.467209e-06	2.508520e-08	5.277204e+01	1.490685e+03
1.450000e-06	7.524443e-06	2.514066e-08	5.317652e+01	1.494158e+03
1.460000e-06	7.578896e-06	2.519030e-08	5.356135e+01	1.497319e+03
1.470000e-06	7.630242e-06	2.523561e-08	5.392422e+01	1.500082e+03
1.480000e-06	7.678475e-06	2.527892e-08	5.426510e+01	1.502458e+03
1.490000e-06	7.724005e-06	2.531903e-08	5.458686e+01	1.504545e+03
1.500000e-06	7.766734e-06	2.535431e-08	5.488884e+01	1.506485e+03
1.510000e-06	7.806600e-06	2.538661e-08	5.517058e+01	1.508400e+03
1.520000e-06	7.843877e-06	2.541672e-08	5.543402e+01	1.510340e+03
1.530000e-06	7.878460e-06	2.544593e-08	5.567842e+01	1.512261e+03
1.540000e-06	7.910190e-06	2.547216e-08	5.590266e+01	1.514047e+03
1.550000e-06	7.939248e-06	2.549273e-08	5.610802e+01	1.515570e+03
1.560000e-06	7.965450e-06	2.551061e-08	5.629320e+01	1.516741e+03
1.570000e-06	7.988680e-06	2.552687e-08	5.645736e+01	1.517557e+03
1.580000e-06	8.009254e-06	2.553904e-08	5.660276e+01	1.518101e+03
1.590000e-06	8.027054e-06	2.554690e-08	5.672856e+01	1.518502e+03
1.600000e-06	8.041899e-06	2.555407e-08	5.683348e+01	1.518881e+03
1.610000e-06	8.053675e-06	2.556159e-08	5.691669e+01	1.519296e+03
1.620000e-06	8.062316e-06	2.556716e-08	5.697777e+01	1.519717e+03
1.630000e-06	8.068141e-06	2.556717e-08	5.701893e+01	1.520042e+03
1.640000e-06	8.071160e-06	2.556473e-08	5.704027e+01	1.520147e+03
1.650000e-06	8.071335e-06	2.556132e-08	5.704150e+01	1.519941e+03
1.660000e-06	8.068873e-06	2.556009e-08	5.702410e+01	1.519410e+03
1.670000e-06	8.063711e-06	2.555072e-08	5.698762e+01	1.518625e+03
1.680000e-06	8.055865e-06	2.553458e-08	5.693217e+01	1.517711e+03
1.690000e-06	8.045345e-06	2.551870e-08	5.685783e+01	1.516788e+03
1.700000e-06	8.031939e-06	2.550192e-08	5.676308e+01	1.515917e+03
1.710000e-06	8.015862e-06	2.548250e-08	5.664947e+01	1.515069e+03
1.720000e-06	7.997526e-06	2.546219e-08	5.651988e+01	1.514136e+03
1.730000e-06	7.976762e-06	2.547721e-08	5.637314e+01	1.512974e+03
1.740000e-06	7.952933e-06	2.548668e-08	5.620474e+01	1.511467e+03
1.750000e-06	7.925505e-06	2.542937e-08	5.601090e+01	1.509580e+03
1.760000e-06	7.894540e-06	2.536170e-08	5.579206e+01	1.507376e+03
1.770000e-06	7.860741e-06	2.532066e-08	5.555320e+01	1.504991e+03
1.780000e-06	7.824412e-06	2.527489e-08	5.529645e+01	1.502576e+03
1.790000e-06	7.785650e-06	2.519918e-08	5.502252e+01	1.500235e+03
1.800000e-06	7.744945e-06	2.521729e-08	5.473485e+01	1.497977e+03
1.810000e-06	7.702037e-06	2.517044e-08	5.443161e+01	1.495712e+03
1.820000e-06	7.656319e-06	2.510822e-08	5.410851e+01	1.493289e+03
1.830000e-06	7.607862e-06	2.512182e-08	5.376606e+01	1.490554e+03
1.840000e-06	7.556348e-06	2.501654e-08	5.340200e+01	1.487421e+03
1.850000e-06	7.501840e-06	2.498696e-08	5.301678e+01	1.483899e+03
1.860000e-06	7.444695e-06	2.488971e-08	5.261293e+01	1.480092e+03
1.870000e-06	7.384796e-06	2.481847e-08	5.218961e+01	1.476145e+03
1.880000e-06	7.322271e-06	2.480147e-08	5.174774e+01	1.472186e+03
1.890000e-06	7.257022e-06	2.468472e-08	5.128662e+01	1.468265e+03
1.900000e-06	7.189065e-06	2.466861e-08	5.080635e+01	1.464334e+03
1.910000e-06	7.118288e-06	2.459016e-08	5.030616e+01	1.460268e+03
1.920000e-06	7.044772e-06	2.449927e-08	4.978660e+01	1.455915e+03
1.930000e-06	6.968658e-06	2.441028e-08	4.924870e+01	1.451167e+03
1.940000e-06	6.889825e-06	2.430270e-08	4.869157e+01	1.445996e+03
1.950000e-06	6.808550e-06	2.424527e-08	4.811718e+01	1.440471e+03
1.960000e-06	6.724767e-06	2.413725e-08	4.752507e+01	1.434718e+03
1.970000e-06	6.638501e-06	2.407250e-08	4.691542e+01	1.428863e+03
1.980000e-06	6.549928e-06	2.397000e-08	4.628946e+01	1.422973e+03
1.990000e-06	6.459096e-06	2.386101e-08	4.564754e+01	1.417027e+03
2.000000e-06	6.366053e-06	2.375918e-08	4.498998e+01	1.410921e+03
2.010000e-06	6.270690e-06	2.362244e-08	4.431604e+01	1.404514e+03
2.020000e-06	6.173133e-06	2.351425e-08	4.362659e+01	1.397692e+03
2.030000e-06	6.073307e-06	2.339072e-08	4.292110e+01	1.390410e+03
2.040000e-06	5.971202e-06	2.328369e-08	4.219950e+01	1.382717e+03
2.050000e-06	5.866924e-06	2.315014e-08	4.146256e+01	1.374723e+03
2.060000e-06	5.760636e-06	2.301290e-08	4.071140e+01	1.366548e+03
2.070000e-06	5.652388e-06	2.287592e-08	3.994639e+01	1.358264e+03
2.080000e-06	5.542028e-06	2.273074e-08	3.916646e+01	1.349855e+03
2.090000e-06	5.429582e-06	2.257673e-08	3.837178e+01	1.341222e+03
2.100000e-06	5.314989e-06	2.241773e-08	3.756193e+01	1.332225e+03
2.110000e-06	5.198301e-06	2.226138e-08	3.673728e+01	1.322743e+03
2.120000e-06	5.079653e-06	2.209542e-08	3.589878e+01	1.312731e+03
2.130000e-06	4.959121e-06	2.192077e-08	3.504696e+01	1.302238e+03
2.140000e-06	4.836822e-06	2.173713e-08	3.418265e+01	1.291385e+03
2.150000e-06	4.712823e-06	2.156274e-08	3.330633e+01	1.280310e+03
2.160000e-06	4.587061e-06	2.137884e-08	3.241754e+01	1.269103e+03
2.170000e-06	4.459660e-06	2.118856e-08	3.151718e+01	1.257756e+03
2.180000e-06	4.330722e-06	2.098068e-08	3.060595e+01	1.246165e+03
2.190000e-06	4.200300e-06	2.077572e-08	2.968424e+01	1.234168e+03
2.200000e-06	4.068408e-06	2.055929e-08	2.875213e+01	1.221616e+03
2.210000e-06	3.934921e-06	2.033343e-08	2.780876e+01	1.208437e+03
2.220000e-06	3.800006e-06	2.010731e-08	2.685529e+01	1.194668e+03
2.230000e-06	3.663760e-06	1.987874e-08	2.589242e+01	1.180438e+03
2.240000e-06	3.526156e-06	1.964821e-08	2.491995e+01	1.165905e+03
2.250000e-06	3.387187e-06	1.939711e-08	2.393783e+01	1.151181e+03
2.260000e-06	3.246905e-06	1.913926e-08	2.294643e+01	1.136273e+03
2.270000e-06	3.105352e-06	1.887315e-08	2.194605e+01	1.121069e+03
2.280000e-06	2.962662e-06	1.860017e-08	2.093764e+01	1.105383e+03
2.290000e-06	2.818942e-06	1.831905e-08	1.992195e+01	1.089033e+03
2.300000e-06	2.674193e-06	1.803179e-08	1.889898e+01	1.071925e+03
2.310000e-06	2.528543e-06	1.773974e-08	1.786964e+01	1.054096e+03
2.320000e-06	2.382039e-06	1.744038e-08	1.683428e+01	1.035703e+03
2.330000e-06	2.234652e-06	1.712978e-08	1.579267e+01	1.016947e+03
2.340000e-06	2.086421e-06	1.681093e-08	1.474510e+01	9.979791e+02
2.350000e-06	1.937411e-06	1.648448e-08	1.369201e+01	9.788148e+02
2.360000e-06	1.787674e-06	1.614846e-08	1.263380e+01	9.593075e+02
2.370000e-06	1.637333e-06	1.579800e-08	1.157131e+01	9.391961e+02
2.380000e-06	1.486497e-06	1.543414e-08	1.050533e+01	9.182084e+02
2.390000e-06	1.335193e-06	1.506124e-08	9.436037e+00	8.961777e+02
2.400000e-06	1.183441e-06	1.468158e-08	8.363576e+00	8.731178e+02
2.410000e-06	1.031297e-06	1.429339e-08	7.288354e+00	8.492174e+02
2.420000e-06	8.787675e-07	1.389241e-08	6.210400e+00	8.247465e+02
2.430000e-06	7.259029e-07	1.348031e-08	5.130080e+00	7.999092e+02
2.440000e-06	5.727989e-07	1.304951e-08	4.048068e+00	7.747044e+02
2.450000e-06	4.195195e-07	1.259772e-08	2.964816e+00	7.488594e+02
2.460000e-06	2.660797e-07	1.212221e-08	1.880431e+00	7.218739e+02
2.470000e-06	1.125407e-07	1.162870e-08	7.953445e-01	6.931656e+02
2.480000e-06	-4.101717e-08	1.111691e-08	-2.898753e-01	6.622572e+02
2.490000e-06	-1.945417e-07	1.057736e-08	-1.374860e+00	6.289181e+02
2.500000e-06	-3.479827e-07	9.999707e-09	-2.459253e+00	5.931763e+02
2.510000e-06	-5.012715e-07	9.375713e-09	-3.542571e+00	5.551644e+02
2.520000e-06	-6.543593e-07	8.698970e-09	-4.624469e+00	5.148288e+02
2.530000e-06	-8.072126e-07	7.957386e-09	-5.704709e+00	4.716007e+02
2.540000e-06	-9.597618e-07	7.137534e-09	-6.782801e+00	4.241655e+02
2.550000e-06	-1.111961e-06	6.219924e-09	-7.858417e+00	3.704575e+02
2.560000e-06	-1.263694e-06	5.178470e-09	-8.930745e+00	3.079467e+02
2.570000e-06	-1.414946e-06	3.973120e-09	-9.999667e+00	2.341897e+02
2.580000e-06	-1.565744e-06	2.564253e-09	-1.106538e+01	1.475169e+02
2.590000e-06	-1.716037e-06	9.276671e-10	-1.212753e+01	4.766832e+01
2.600000e-06	-1.865732e-06	-9.323773e-10	-1.318545e+01	-6.382298e+01
2.610000e-06	-2.014746e-06	-2.966585e-09	-1.423855e+01	-1.836373e+02
2.620000e-06	-2.163028e-06	-5.080833e-09	-1.528649e+01	-3.070965e+02
2.630000e-06	-2.310477e-06	-7.159387e-09	-1.632853e+01	-4.289237e+02
2.640000e-06	-2.457044e-06	-9.102139e-09	-1.736435e+01	-5.441433e+02
2.650000e-06	-2.602736e-06	-1.084708e-08	-1.839398e+01	-6.488926e+02
2.660000e-06	-2.747489e-06	-1.237571e-08	-1.941698e+01	-7.409427e+02
2.670000e-06	-2.891212e-06	-1.369902e-08	-2.043269e+01	-8.198177e+02
2.680000e-06	-3.033897e-06	-1.483630e-08	-2.144107e+01	-8.865209e+02
2.690000e-06	-3.175488e-06	-1.581547e-08	-2.244171e+01	-9.429862e+02
2.700000e-06	-3.315863e-06	-1.666279e-08	-2.343377e+01	-9.914367e+02
2.710000e-06	-3.454886e-06	-1.739656e-08	-2.441627e+01	-1.033840e+03
2.720000e-06	-3.592520e-06	-1.803484e-08	-2.538895e+01	-1.071590e+03
2.730000e-06	-3.728784e-06	-1.859496e-08	-2.635195e+01	-1.105455e+03
2.740000e-06	-3.863743e-06	-1.909279e-08	-2.730573e+01	-1.135747e+03
2.750000e-06	-3.997396e-06	-1.953483e-08	-2.825028e+01	-1.162593e+03
2.760000e-06	-4.129583e-06	-1.992911e-08	-2.918447e+01	-1.186188e+03
2.770000e-06	-4.260234e-06	-2.028665e-08	-3.010780e+01	-1.206931e+03
2.780000e-06	-4.389365e-06	-2.061351e-08	-3.102039e+01	-1.225420e+03
2.790000e-06	-4.516998e-06	-2.091348e-08	-3.192240e+01	-1.242316e+03
2.800000e-06	-4.643099e-06	-2.118876e-08	-3.281358e+01	-1.258183e+03
2.810000e-06	-4.767506e-06	-2.144520e-08	-3.369278e+01	-1.273357e+03
2.820000e-06	-4.890152e-06	-2.168585e-08	-3.455954e+01	-1.287905e+03
2.830000e-06	-5.011068e-06	-2.191056e-08	-3.541407e+01	-1.301700e+03
2.840000e-06	-5.130190e-06	-2.211879e-08	-3.625593e+01	-1.314548e+03
2.850000e-06	-5.247345e-06	-2.231374e-08	-3.708388e+01	-1.326328e+03
2.860000e-06	-5.362329e-06	-2.249947e-08	-3.789650e+01	-1.337083e+03
2.870000e-06	-5.475115e-06	-2.267617e-08	-3.869358e+01	-1.347013e+03
2.880000e-06	-5.585775e-06	-2.284306e-08	-3.947563e+01	-1.356408e+03
2.890000e-06	-5.694351e-06	-2.300185e-08	-4.024295e+01	-1.365532e+03
2.900000e-06	-5.801019e-06	-2.315551e-08	-4.099679e+01	-1.374529e+03
2.910000e-06	-5.905727e-06	-2.330304e-08	-4.173678e+01	-1.383377e+03
2.920000e-06	-6.008268e-06	-2.344245e-08	-4.246146e+01	-1.391927e+03
2.930000e-06	-6.108545e-06	-2.357386e-08	-4.317013e+01	-1.399983e+03
2.940000e-06	-6.206638e-06	-2.370016e-08	-4.386337e+01	-1.407403e+03
2.950000e-06	-6.302682e-06	-2.381981e-08	-4.454213e+01	-1.414169e+03
2.960000e-06	-6.396477e-06	-2.393123e-08	-4.520499e+01	-1.420397e+03
2.970000e-06	-6.487926e-06	-2.403555e-08	-4.585128e+01	-1.426290e+03
2.980000e-06	-6.577172e-06	-2.413682e-08	-4.648200e+01	-1.432050e+03
2.990000e-06	-6.664148e-06	-2.423634e-08	-4.709667e+01	-1.437797e+03
3.000000e-06	-6.748635e-06	-2.433121e-08	-4.769376e+01	-1.443530e+03
3.010000e-06	-6.830701e-06	-2.441924e-08	-4.827373e+01	-1.449133e+03
3.020000e-06	-6.910399e-06	-2.450314e-08	-4.883697e+01	-1.454443e+03
3.030000e-06	-6.987449e-06	-2.458463e-08	-4.938150e+01	-1.459323e+03
3.040000e-06	-7.061770e-06	-2.466201e-08	-4.990673e+01	-1.463730e+03
3.050000e-06	-7.133567e-06	-2.473426e-08	-5.041414e+01	-1.467732e+03
3.060000e-06	-7.202763e-06	-2.480362e-08	-5.090316e+01	-1.471479e+03
3.070000e-06	-7.269355e-06	-2.487062e-08	-5.137378e+01	-1.475130e+03
3.080000e-06	-7.333484e-06	-2.493334e-08	-5.182699e+01	-1.478794e+03
3.090000e-06	-7.394956e-06	-2.498966e-08	-5.226142e+01	-1.482475e+03
3.100000e-06	-7.453714e-06	-2.504305e-08	-5.267667e+01	-1.486083e+03
3.110000e-06	-7.509851e-06	-2.509595e-08	-5.307340e+01	-1.489471e+03
3.120000e-06	-7.563152e-06	-2.514588e-08	-5.345009e+01	-1.492512e+03
3.130000e-06	-7.613465e-06	-2.519376e-08	-5.380566e+01	-1.495147e+03
3.140000e-06	-7.660733e-06	-2.523799e-08	-5.413971e+01	-1.497418e+03
3.150000e-06	-7.705222e-06	-2.527796e-08	-5.445412e+01	-1.499443e+03
3.160000e-06	-7.747259e-06	-2.531365e-08	-5.475121e+01	-1.501367e+03
3.170000e-06	-7.786736e-06	-2.534645e-08	-5.503019e+01	-1.503292e+03
3.180000e-06	-7.823434e-06	-2.537527e-08	-5.528955e+01	-1.505236e+03
3.190000e-06	-7.857341e-06	-2.540313e-08	-5.552917e+01	-1.507130e+03
3.200000e-06	-7.888423e-06	-2.542955e-08	-5.574883e+01	-1.508847e+03
3.210000e-06	-7.916586e-06	-2.545392e-08	-5.594787e+01	-1.510265e+03
3.220000e-06	-7.942013e-06	-2.547581e-08	-5.612756e+01	-1.511320e+03
3.230000e-06	-7.964636e-06	-2.549304e-08	-5.628744e+01	-1.512039e+03
3.240000e-06	-7.984387e-06	-2.550616e-08	-5.642703e+01	-1.512524e+03
3.250000e-06	-8.001374e-06	-2.551535e-08	-5.654707e+01	-1.512909e+03
3.260000e-06	-8.015308e-06	-2.552188e-08	-5.664555e+01	-1.513299e+03
3.270000e-06	-8.026148e-06	-2.552527e-08	-5.672216e+01	-1.513725e+03
3.280000e-06	-8.034156e-06	-2.552688e-08	-5.677875e+01	-1.514131e+03
3.290000e-06	-8.039223e-06	-2.552761e-08	-5.681456e+01	-1.514400e+03
3.300000e-06	-8.041452e-06	-2.552830e-08	-5.683032e+01	-1.514414e+03
3.310000e-06	-8.041026e-06	-2.552535e-08	-5.682730e+01	-1.514103e+03
