# Temperatura_=_55.55
# Concentracion g/m^3_=_22500.0
# C_Vs_to_Am_M_A/Vsm_=_59384043850.047264
# pendiente_HvsI_1/m_=_3716.3
# ordenada_HvsI_A/m_=_1297.0
# frecuencia_Hz_=_301755.12618024985

Tiempo_(s)	Campo_(V.s)	Magnetizacion_(V.s)	Campo_(kA/m)	Magnetizacion_(A/m)
0.000000e+00	-8.039811e-06	-2.556595e-08	-5.681118e+01	-1.516275e+03
1.000000e-08	-8.035437e-06	-2.556124e-08	-5.678027e+01	-1.515610e+03
2.000000e-08	-8.028488e-06	-2.555303e-08	-5.673117e+01	-1.514755e+03
3.000000e-08	-8.018829e-06	-2.553976e-08	-5.666292e+01	-1.513828e+03
4.000000e-08	-8.006323e-06	-2.552381e-08	-5.657455e+01	-1.512912e+03
5.000000e-08	-7.990893e-06	-2.550407e-08	-5.646552e+01	-1.512024e+03
6.000000e-08	-7.972690e-06	-2.548081e-08	-5.633689e+01	-1.511093e+03
7.000000e-08	-7.952058e-06	-2.545443e-08	-5.619110e+01	-1.509999e+03
8.000000e-08	-7.928817e-06	-2.540160e-08	-5.602687e+01	-1.508621e+03
9.000000e-08	-7.902328e-06	-2.536210e-08	-5.583970e+01	-1.506891e+03
1.000000e-07	-7.872566e-06	-2.536005e-08	-5.562939e+01	-1.504828e+03
1.100000e-07	-7.840057e-06	-2.535015e-08	-5.539968e+01	-1.502529e+03
1.200000e-07	-7.804869e-06	-2.531242e-08	-5.515103e+01	-1.500130e+03
1.300000e-07	-7.767182e-06	-2.526163e-08	-5.488472e+01	-1.497744e+03
1.400000e-07	-7.727385e-06	-2.524362e-08	-5.460350e+01	-1.495414e+03
1.500000e-07	-7.685214e-06	-2.520088e-08	-5.430551e+01	-1.493090e+03
1.600000e-07	-7.640247e-06	-2.511705e-08	-5.398777e+01	-1.490654e+03
1.700000e-07	-7.592555e-06	-2.506928e-08	-5.365077e+01	-1.487965e+03
1.800000e-07	-7.542025e-06	-2.501160e-08	-5.329371e+01	-1.484925e+03
1.900000e-07	-7.488375e-06	-2.497345e-08	-5.291461e+01	-1.481515e+03
2.000000e-07	-7.431876e-06	-2.493172e-08	-5.251537e+01	-1.477805e+03
2.100000e-07	-7.372671e-06	-2.484774e-08	-5.209701e+01	-1.473918e+03
2.200000e-07	-7.310859e-06	-2.478877e-08	-5.166024e+01	-1.469975e+03
2.300000e-07	-7.246501e-06	-2.471654e-08	-5.120547e+01	-1.466038e+03
2.400000e-07	-7.179335e-06	-2.465184e-08	-5.073086e+01	-1.462083e+03
2.500000e-07	-7.109482e-06	-2.456684e-08	-5.023726e+01	-1.458006e+03
2.600000e-07	-7.037057e-06	-2.448079e-08	-4.972549e+01	-1.453668e+03
2.700000e-07	-6.961870e-06	-2.441625e-08	-4.919420e+01	-1.448959e+03
2.800000e-07	-6.883904e-06	-2.434167e-08	-4.864327e+01	-1.443838e+03
2.900000e-07	-6.803258e-06	-2.425350e-08	-4.807341e+01	-1.438357e+03
3.000000e-07	-6.720151e-06	-2.413622e-08	-4.748616e+01	-1.432630e+03
3.100000e-07	-6.634811e-06	-2.404395e-08	-4.688312e+01	-1.426785e+03
3.200000e-07	-6.547215e-06	-2.395186e-08	-4.626415e+01	-1.420899e+03
3.300000e-07	-6.457272e-06	-2.384547e-08	-4.562859e+01	-1.414968e+03
3.400000e-07	-6.365002e-06	-2.373389e-08	-4.497659e+01	-1.408899e+03
3.500000e-07	-6.270473e-06	-2.362166e-08	-4.430863e+01	-1.402555e+03
3.600000e-07	-6.173598e-06	-2.351636e-08	-4.362409e+01	-1.395812e+03
3.700000e-07	-6.074396e-06	-2.339412e-08	-4.292310e+01	-1.388612e+03
3.800000e-07	-5.973091e-06	-2.326147e-08	-4.220726e+01	-1.380987e+03
3.900000e-07	-5.869695e-06	-2.312530e-08	-4.147663e+01	-1.373043e+03
4.000000e-07	-5.764026e-06	-2.300255e-08	-4.072996e+01	-1.364906e+03
4.100000e-07	-5.656208e-06	-2.287447e-08	-3.996809e+01	-1.356662e+03
4.200000e-07	-5.546486e-06	-2.272511e-08	-3.919277e+01	-1.348312e+03
4.300000e-07	-5.434897e-06	-2.256815e-08	-3.840425e+01	-1.339767e+03
4.400000e-07	-5.321175e-06	-2.241624e-08	-3.760067e+01	-1.330884e+03
4.500000e-07	-5.205202e-06	-2.226054e-08	-3.678117e+01	-1.321527e+03
4.600000e-07	-5.087234e-06	-2.209005e-08	-3.594758e+01	-1.311628e+03
4.700000e-07	-4.967437e-06	-2.191705e-08	-3.510107e+01	-1.301220e+03
4.800000e-07	-4.845819e-06	-2.174519e-08	-3.424169e+01	-1.290423e+03
4.900000e-07	-4.722444e-06	-2.156875e-08	-3.336989e+01	-1.279388e+03
5.000000e-07	-4.597334e-06	-2.137705e-08	-3.248583e+01	-1.268228e+03
5.100000e-07	-4.470588e-06	-2.117641e-08	-3.159022e+01	-1.256961e+03
5.200000e-07	-4.342307e-06	-2.097190e-08	-3.068376e+01	-1.245494e+03
5.300000e-07	-4.212354e-06	-2.076880e-08	-2.976548e+01	-1.233657e+03
5.400000e-07	-4.080833e-06	-2.056091e-08	-2.883612e+01	-1.221277e+03
5.500000e-07	-3.947897e-06	-2.034349e-08	-2.789676e+01	-1.208248e+03
5.600000e-07	-3.813583e-06	-2.012180e-08	-2.694767e+01	-1.194579e+03
5.700000e-07	-3.677911e-06	-1.989314e-08	-2.598898e+01	-1.180395e+03
5.800000e-07	-3.540844e-06	-1.965265e-08	-2.502043e+01	-1.165872e+03
5.900000e-07	-3.402398e-06	-1.939867e-08	-2.404214e+01	-1.151161e+03
6.000000e-07	-3.262674e-06	-1.914230e-08	-2.305481e+01	-1.136310e+03
6.100000e-07	-3.121656e-06	-1.888451e-08	-2.205835e+01	-1.121233e+03
6.200000e-07	-2.979224e-06	-1.862092e-08	-2.105189e+01	-1.105739e+03
6.300000e-07	-2.835610e-06	-1.834732e-08	-2.003708e+01	-1.089611e+03
6.400000e-07	-2.690990e-06	-1.806381e-08	-1.901516e+01	-1.072699e+03
6.500000e-07	-2.545363e-06	-1.777056e-08	-1.798613e+01	-1.054990e+03
6.600000e-07	-2.398833e-06	-1.746828e-08	-1.695071e+01	-1.036618e+03
6.700000e-07	-2.251471e-06	-1.715702e-08	-1.590942e+01	-1.017801e+03
6.800000e-07	-2.103369e-06	-1.683591e-08	-1.486289e+01	-9.987425e+02
6.900000e-07	-1.954601e-06	-1.650820e-08	-1.381167e+01	-9.795292e+02
7.000000e-07	-1.805158e-06	-1.617315e-08	-1.275567e+01	-9.600743e+02
7.100000e-07	-1.655033e-06	-1.582932e-08	-1.169485e+01	-9.401387e+02
7.200000e-07	-1.504357e-06	-1.547409e-08	-1.063014e+01	-9.194226e+02
7.300000e-07	-1.353230e-06	-1.510886e-08	-9.562236e+00	-8.976909e+02
7.400000e-07	-1.201653e-06	-1.473330e-08	-8.491161e+00	-8.748763e+02
7.500000e-07	-1.049573e-06	-1.434461e-08	-7.416527e+00	-8.511081e+02
7.600000e-07	-8.970019e-07	-1.394167e-08	-6.338425e+00	-8.266485e+02
7.700000e-07	-7.440251e-07	-1.352485e-08	-5.257455e+00	-8.017535e+02
7.800000e-07	-5.907861e-07	-1.309380e-08	-4.174633e+00	-7.765177e+02
7.900000e-07	-4.373989e-07	-1.264873e-08	-3.090763e+00	-7.507708e+02
8.000000e-07	-2.838810e-07	-1.218502e-08	-2.005969e+00	-7.240792e+02
8.100000e-07	-1.302256e-07	-1.169797e-08	-9.202044e-01	-6.958617e+02
8.200000e-07	2.351140e-08	-1.118779e-08	1.661371e-01	-6.655757e+02
8.300000e-07	1.772478e-07	-1.065036e-08	1.252474e+00	-6.328876e+02
8.400000e-07	3.309613e-07	-1.007628e-08	2.338650e+00	-5.977395e+02
8.500000e-07	4.845629e-07	-9.456801e-09	3.424034e+00	-5.602500e+02
8.600000e-07	6.379227e-07	-8.785844e-09	4.507711e+00	-5.204574e+02
8.700000e-07	7.909837e-07	-8.054010e-09	5.589276e+00	-4.779848e+02
8.800000e-07	9.436884e-07	-7.244724e-09	6.668323e+00	-4.317569e+02
8.900000e-07	1.095958e-06	-6.337729e-09	7.744294e+00	-3.799106e+02
9.000000e-07	1.247827e-06	-5.306766e-09	8.817438e+00	-3.199908e+02
9.100000e-07	1.399372e-06	-4.119167e-09	9.888289e+00	-2.494360e+02
9.200000e-07	1.550466e-06	-2.736359e-09	1.095595e+01	-1.662542e+02
9.300000e-07	1.700880e-06	-1.125482e-09	1.201881e+01	-6.970870e+01
9.400000e-07	1.850650e-06	7.182522e-10	1.307713e+01	3.919503e+01
9.500000e-07	1.999846e-06	2.750185e-09	1.413138e+01	1.575882e+02
9.600000e-07	2.148345e-06	4.878590e-09	1.518071e+01	2.810544e+02
9.700000e-07	2.296039e-06	6.990518e-09	1.622435e+01	4.043241e+02
9.800000e-07	2.442932e-06	8.975895e-09	1.726233e+01	5.221780e+02
9.900000e-07	2.589032e-06	1.076278e-08	1.829471e+01	6.303276e+02
1.000000e-06	2.734181e-06	1.232530e-08	1.932037e+01	7.260474e+02
1.010000e-06	2.878314e-06	1.367683e-08	2.033884e+01	8.084139e+02
1.020000e-06	3.021451e-06	1.484074e-08	2.135028e+01	8.781241e+02
1.030000e-06	3.163434e-06	1.583971e-08	2.235357e+01	9.369862e+02
1.040000e-06	3.304172e-06	1.669921e-08	2.334805e+01	9.872624e+02
1.050000e-06	3.443679e-06	1.744673e-08	2.433384e+01	1.031064e+03
1.060000e-06	3.581847e-06	1.810289e-08	2.531017e+01	1.069955e+03
1.070000e-06	3.718612e-06	1.867781e-08	2.627658e+01	1.104835e+03
1.080000e-06	3.853990e-06	1.918261e-08	2.723319e+01	1.136074e+03
1.090000e-06	3.987952e-06	1.962752e-08	2.817980e+01	1.163785e+03
1.100000e-06	4.120473e-06	2.002581e-08	2.911623e+01	1.188114e+03
1.110000e-06	4.251531e-06	2.038574e-08	3.004231e+01	1.209417e+03
1.120000e-06	4.381073e-06	2.071092e-08	3.095768e+01	1.228283e+03
1.130000e-06	4.509067e-06	2.100792e-08	3.186212e+01	1.245418e+03
1.140000e-06	4.635524e-06	2.128505e-08	3.275570e+01	1.261461e+03
1.150000e-06	4.760379e-06	2.154526e-08	3.363795e+01	1.276823e+03
1.160000e-06	4.883576e-06	2.178725e-08	3.450849e+01	1.291621e+03
1.170000e-06	5.005021e-06	2.201164e-08	3.536665e+01	1.305726e+03
1.180000e-06	5.124644e-06	2.222106e-08	3.621193e+01	1.318901e+03
1.190000e-06	5.242345e-06	2.241817e-08	3.704364e+01	1.330961e+03
1.200000e-06	5.357973e-06	2.260402e-08	3.786069e+01	1.341897e+03
1.210000e-06	5.471538e-06	2.277746e-08	3.866317e+01	1.351896e+03
1.220000e-06	5.583090e-06	2.294363e-08	3.945142e+01	1.361278e+03
1.230000e-06	5.692684e-06	2.310630e-08	4.022584e+01	1.370374e+03
1.240000e-06	5.800328e-06	2.326092e-08	4.098648e+01	1.379396e+03
1.250000e-06	5.905852e-06	2.340425e-08	4.173213e+01	1.388372e+03
1.260000e-06	6.009207e-06	2.353807e-08	4.246246e+01	1.397154e+03
1.270000e-06	6.110373e-06	2.366701e-08	4.317732e+01	1.405502e+03
1.280000e-06	6.209234e-06	2.379090e-08	4.387590e+01	1.413204e+03
1.290000e-06	6.305803e-06	2.390517e-08	4.455828e+01	1.420173e+03
1.300000e-06	6.400185e-06	2.401252e-08	4.522520e+01	1.426486e+03
1.310000e-06	6.492344e-06	2.411748e-08	4.587642e+01	1.432356e+03
1.320000e-06	6.582125e-06	2.421928e-08	4.651084e+01	1.438036e+03
1.330000e-06	6.669600e-06	2.431601e-08	4.712896e+01	1.443717e+03
1.340000e-06	6.754872e-06	2.440814e-08	4.773151e+01	1.449460e+03
1.350000e-06	6.837819e-06	2.449793e-08	4.831763e+01	1.455176e+03
1.360000e-06	6.918251e-06	2.458452e-08	4.888598e+01	1.460682e+03
1.370000e-06	6.996161e-06	2.466520e-08	4.943651e+01	1.465790e+03
1.380000e-06	7.071452e-06	2.473948e-08	4.996853e+01	1.470387e+03
1.390000e-06	7.144070e-06	2.481064e-08	5.048167e+01	1.474494e+03
1.400000e-06	7.214187e-06	2.488148e-08	5.097713e+01	1.478247e+03
1.410000e-06	7.281714e-06	2.494856e-08	5.145429e+01	1.481840e+03
1.420000e-06	7.346570e-06	2.501027e-08	5.191258e+01	1.485441e+03
1.430000e-06	7.408893e-06	2.507086e-08	5.235297e+01	1.489120e+03
1.440000e-06	7.468706e-06	2.512970e-08	5.277562e+01	1.492826e+03
1.450000e-06	7.525888e-06	2.518429e-08	5.317968e+01	1.496416e+03
1.460000e-06	7.580279e-06	2.523243e-08	5.356402e+01	1.499718e+03
1.470000e-06	7.631595e-06	2.527711e-08	5.392663e+01	1.502609e+03
1.480000e-06	7.679802e-06	2.532254e-08	5.426728e+01	1.505066e+03
1.490000e-06	7.725244e-06	2.536604e-08	5.458838e+01	1.507174e+03
1.500000e-06	7.767974e-06	2.540357e-08	5.489032e+01	1.509081e+03
1.510000e-06	7.807890e-06	2.543547e-08	5.517237e+01	1.510934e+03
1.520000e-06	7.845147e-06	2.546317e-08	5.543564e+01	1.512816e+03
1.530000e-06	7.879686e-06	2.548875e-08	5.567970e+01	1.514713e+03
1.540000e-06	7.911391e-06	2.551197e-08	5.590374e+01	1.516526e+03
1.550000e-06	7.940379e-06	2.553270e-08	5.610858e+01	1.518119e+03
1.560000e-06	7.966517e-06	2.555415e-08	5.629327e+01	1.519384e+03
1.570000e-06	7.989746e-06	2.557427e-08	5.645741e+01	1.520289e+03
1.580000e-06	8.010313e-06	2.558902e-08	5.660274e+01	1.520890e+03
1.590000e-06	8.028138e-06	2.559745e-08	5.672870e+01	1.521303e+03
1.600000e-06	8.043000e-06	2.560316e-08	5.683372e+01	1.521652e+03
1.610000e-06	8.054736e-06	2.560777e-08	5.691665e+01	1.522013e+03
1.620000e-06	8.063361e-06	2.560939e-08	5.697759e+01	1.522380e+03
1.630000e-06	8.069190e-06	2.560852e-08	5.701878e+01	1.522675e+03
1.640000e-06	8.072202e-06	2.560742e-08	5.704006e+01	1.522783e+03
1.650000e-06	8.072405e-06	2.560513e-08	5.704150e+01	1.522611e+03
1.660000e-06	8.069977e-06	2.560210e-08	5.702435e+01	1.522129e+03
1.670000e-06	8.064778e-06	2.559182e-08	5.698761e+01	1.521389e+03
1.680000e-06	8.056843e-06	2.557725e-08	5.693153e+01	1.520496e+03
1.690000e-06	8.046291e-06	2.556342e-08	5.685698e+01	1.519564e+03
1.700000e-06	8.032877e-06	2.554733e-08	5.676219e+01	1.518658e+03
1.710000e-06	8.016755e-06	2.552827e-08	5.664826e+01	1.517765e+03
1.720000e-06	7.998366e-06	2.550957e-08	5.651832e+01	1.516795e+03
1.730000e-06	7.977541e-06	2.552534e-08	5.637117e+01	1.515619e+03
1.740000e-06	7.953666e-06	2.552326e-08	5.620246e+01	1.514129e+03
1.750000e-06	7.926235e-06	2.546159e-08	5.600863e+01	1.512284e+03
1.760000e-06	7.895263e-06	2.540014e-08	5.578977e+01	1.510130e+03
1.770000e-06	7.861418e-06	2.536194e-08	5.555061e+01	1.507782e+03
1.780000e-06	7.825039e-06	2.531717e-08	5.529356e+01	1.505376e+03
1.790000e-06	7.786268e-06	2.526004e-08	5.501959e+01	1.503005e+03
1.800000e-06	7.745548e-06	2.527070e-08	5.473185e+01	1.500685e+03
1.810000e-06	7.702526e-06	2.521317e-08	5.442785e+01	1.498338e+03
1.820000e-06	7.656760e-06	2.515953e-08	5.410445e+01	1.495833e+03
1.830000e-06	7.608325e-06	2.513995e-08	5.376220e+01	1.493037e+03
1.840000e-06	7.556807e-06	2.504323e-08	5.339816e+01	1.489874e+03
1.850000e-06	7.502250e-06	2.501666e-08	5.301265e+01	1.486354e+03
1.860000e-06	7.445050e-06	2.492653e-08	5.260846e+01	1.482571e+03
1.870000e-06	7.385187e-06	2.487421e-08	5.218546e+01	1.478652e+03
1.880000e-06	7.322701e-06	2.483946e-08	5.174391e+01	1.474706e+03
1.890000e-06	7.257465e-06	2.473590e-08	5.128294e+01	1.470769e+03
1.900000e-06	7.189535e-06	2.470339e-08	5.080294e+01	1.466787e+03
1.910000e-06	7.118819e-06	2.461118e-08	5.030324e+01	1.462639e+03
1.920000e-06	7.045354e-06	2.453189e-08	4.978412e+01	1.458190e+03
1.930000e-06	6.969282e-06	2.443903e-08	4.924657e+01	1.453346e+03
1.940000e-06	6.890472e-06	2.434016e-08	4.868968e+01	1.448098e+03
1.950000e-06	6.809193e-06	2.427784e-08	4.811535e+01	1.442522e+03
1.960000e-06	6.725510e-06	2.417448e-08	4.752403e+01	1.436742e+03
1.970000e-06	6.639325e-06	2.410356e-08	4.691502e+01	1.430877e+03
1.980000e-06	6.550705e-06	2.399212e-08	4.628881e+01	1.424980e+03
1.990000e-06	6.459868e-06	2.388967e-08	4.564694e+01	1.419016e+03
2.000000e-06	6.366815e-06	2.378160e-08	4.498940e+01	1.412872e+03
2.010000e-06	6.271387e-06	2.364934e-08	4.431509e+01	1.406410e+03
2.020000e-06	6.173831e-06	2.353658e-08	4.362573e+01	1.399520e+03
2.030000e-06	6.074072e-06	2.341652e-08	4.292081e+01	1.392173e+03
2.040000e-06	5.971990e-06	2.330925e-08	4.219948e+01	1.384430e+03
2.050000e-06	5.867715e-06	2.317308e-08	4.146264e+01	1.376409e+03
2.060000e-06	5.761419e-06	2.303506e-08	4.071153e+01	1.368230e+03
2.070000e-06	5.653139e-06	2.289243e-08	3.994640e+01	1.359955e+03
2.080000e-06	5.542726e-06	2.274750e-08	3.916620e+01	1.351554e+03
2.090000e-06	5.430237e-06	2.259116e-08	3.837132e+01	1.342915e+03
2.100000e-06	5.315656e-06	2.243413e-08	3.756167e+01	1.333890e+03
2.110000e-06	5.198952e-06	2.227717e-08	3.673701e+01	1.324360e+03
2.120000e-06	5.080176e-06	2.211432e-08	3.589771e+01	1.314287e+03
2.130000e-06	4.959551e-06	2.194010e-08	3.504534e+01	1.303736e+03
2.140000e-06	4.837227e-06	2.175590e-08	3.418097e+01	1.292845e+03
2.150000e-06	4.713170e-06	2.157933e-08	3.330436e+01	1.281759e+03
2.160000e-06	4.587363e-06	2.139509e-08	3.241538e+01	1.270566e+03
2.170000e-06	4.459892e-06	2.120578e-08	3.151464e+01	1.259248e+03
2.180000e-06	4.330873e-06	2.099893e-08	3.060296e+01	1.247680e+03
2.190000e-06	4.200416e-06	2.079452e-08	2.968112e+01	1.235684e+03
2.200000e-06	4.068500e-06	2.057742e-08	2.874897e+01	1.223100e+03
2.210000e-06	3.935027e-06	2.035102e-08	2.780582e+01	1.209856e+03
2.220000e-06	3.800101e-06	2.012161e-08	2.685240e+01	1.196002e+03
2.230000e-06	3.663758e-06	1.989213e-08	2.588897e+01	1.181687e+03
2.240000e-06	3.526076e-06	1.965879e-08	2.491608e+01	1.167089e+03
2.250000e-06	3.387074e-06	1.940744e-08	2.393385e+01	1.152333e+03
2.260000e-06	3.246746e-06	1.914846e-08	2.294227e+01	1.137423e+03
2.270000e-06	3.105160e-06	1.888534e-08	2.194179e+01	1.122234e+03
2.280000e-06	2.962406e-06	1.861730e-08	2.093306e+01	1.106557e+03
2.290000e-06	2.818604e-06	1.833798e-08	1.991692e+01	1.090185e+03
2.300000e-06	2.673786e-06	1.804934e-08	1.889359e+01	1.073009e+03
2.310000e-06	2.528038e-06	1.775443e-08	1.786371e+01	1.055065e+03
2.320000e-06	2.381493e-06	1.745206e-08	1.682819e+01	1.036522e+03
2.330000e-06	2.234128e-06	1.713719e-08	1.578687e+01	1.017607e+03
2.340000e-06	2.085897e-06	1.681404e-08	1.473944e+01	9.984957e+02
2.350000e-06	1.936899e-06	1.648538e-08	1.368658e+01	9.792209e+02
2.360000e-06	1.787215e-06	1.615347e-08	1.262888e+01	9.596409e+02
2.370000e-06	1.636921e-06	1.580789e-08	1.156687e+01	9.394846e+02
2.380000e-06	1.486084e-06	1.544624e-08	1.050102e+01	9.184593e+02
2.390000e-06	1.334738e-06	1.507032e-08	9.431572e+00	8.963754e+02
2.400000e-06	1.182888e-06	1.468534e-08	8.358561e+00	8.732297e+02
2.410000e-06	1.030605e-06	1.429177e-08	7.282499e+00	8.492058e+02
2.420000e-06	8.780143e-07	1.388652e-08	6.204254e+00	8.245812e+02
2.430000e-06	7.251084e-07	1.347368e-08	5.123786e+00	7.995759e+02
2.440000e-06	5.719266e-07	1.304530e-08	4.041367e+00	7.742064e+02
2.450000e-06	4.185063e-07	1.259648e-08	2.957263e+00	7.482116e+02
2.460000e-06	2.649214e-07	1.212155e-08	1.871997e+00	7.210932e+02
2.470000e-06	1.112673e-07	1.162358e-08	7.862405e-01	6.922609e+02
2.480000e-06	-4.241676e-08	1.110390e-08	-2.997267e-01	6.612239e+02
2.490000e-06	-1.960172e-07	1.055748e-08	-1.385103e+00	6.277375e+02
2.500000e-06	-3.494962e-07	9.976127e-09	-2.469622e+00	5.918194e+02
2.510000e-06	-5.027646e-07	9.352071e-09	-3.552652e+00	5.535966e+02
2.520000e-06	-6.558334e-07	8.677253e-09	-4.634272e+00	5.130109e+02
2.530000e-06	-8.087327e-07	7.936662e-09	-5.714694e+00	4.694850e+02
2.540000e-06	-9.613333e-07	7.111283e-09	-6.793006e+00	4.216878e+02
2.550000e-06	-1.113573e-06	6.181974e-09	-7.868767e+00	3.675296e+02
2.560000e-06	-1.265406e-06	5.126162e-09	-8.941654e+00	3.044561e+02
2.570000e-06	-1.416758e-06	3.908464e-09	-1.001114e+01	2.300105e+02
2.580000e-06	-1.567532e-06	2.487787e-09	-1.107654e+01	1.425349e+02
2.590000e-06	-1.717751e-06	8.378035e-10	-1.213803e+01	4.181447e+01
2.600000e-06	-1.867428e-06	-1.035655e-09	-1.319569e+01	-7.053893e+01
2.610000e-06	-2.016484e-06	-3.082068e-09	-1.424894e+01	-1.911041e+02
2.620000e-06	-2.164823e-06	-5.205385e-09	-1.529715e+01	-3.151003e+02
2.630000e-06	-2.312296e-06	-7.290381e-09	-1.633922e+01	-4.371718e+02
2.640000e-06	-2.458911e-06	-9.234561e-09	-1.737524e+01	-5.523104e+02
2.650000e-06	-2.604706e-06	-1.097348e-08	-1.840546e+01	-6.566780e+02
2.660000e-06	-2.749520e-06	-1.249093e-08	-1.942875e+01	-7.481231e+02
2.670000e-06	-2.893283e-06	-1.380266e-08	-2.044461e+01	-8.262816e+02
2.680000e-06	-3.035998e-06	-1.492979e-08	-2.145307e+01	-8.922742e+02
2.690000e-06	-3.177574e-06	-1.589785e-08	-2.245348e+01	-9.481282e+02
2.700000e-06	-3.317871e-06	-1.673410e-08	-2.344485e+01	-9.961158e+02
2.710000e-06	-3.456873e-06	-1.746233e-08	-2.442707e+01	-1.038203e+03
2.720000e-06	-3.594592e-06	-1.809963e-08	-2.540023e+01	-1.075738e+03
2.730000e-06	-3.730976e-06	-1.865765e-08	-2.636395e+01	-1.109428e+03
2.740000e-06	-3.866016e-06	-1.915084e-08	-2.731817e+01	-1.139526e+03
2.750000e-06	-3.999614e-06	-1.959011e-08	-2.826220e+01	-1.166128e+03
2.760000e-06	-4.131767e-06	-1.998228e-08	-2.919603e+01	-1.189435e+03
2.770000e-06	-4.262452e-06	-2.033335e-08	-3.011948e+01	-1.209884e+03
2.780000e-06	-4.391611e-06	-2.065305e-08	-3.103215e+01	-1.228117e+03
2.790000e-06	-4.519236e-06	-2.094902e-08	-3.193397e+01	-1.244842e+03
2.800000e-06	-4.645261e-06	-2.122320e-08	-3.282450e+01	-1.260637e+03
2.810000e-06	-4.769642e-06	-2.147902e-08	-3.370341e+01	-1.275821e+03
2.820000e-06	-4.892362e-06	-2.171984e-08	-3.457057e+01	-1.290421e+03
2.830000e-06	-5.013347e-06	-2.194680e-08	-3.542548e+01	-1.304255e+03
2.840000e-06	-5.132436e-06	-2.215651e-08	-3.626699e+01	-1.317087e+03
2.850000e-06	-5.249475e-06	-2.234950e-08	-3.709402e+01	-1.328779e+03
2.860000e-06	-5.364393e-06	-2.253013e-08	-3.790606e+01	-1.339386e+03
2.870000e-06	-5.477151e-06	-2.270191e-08	-3.870283e+01	-1.349151e+03
2.880000e-06	-5.587748e-06	-2.286620e-08	-3.948433e+01	-1.358410e+03
2.890000e-06	-5.696323e-06	-2.302503e-08	-4.025155e+01	-1.367469e+03
2.900000e-06	-5.802969e-06	-2.318017e-08	-4.100513e+01	-1.376485e+03
2.910000e-06	-5.907635e-06	-2.332937e-08	-4.174473e+01	-1.385423e+03
2.920000e-06	-6.010152e-06	-2.347112e-08	-4.246914e+01	-1.394095e+03
2.930000e-06	-6.110441e-06	-2.360524e-08	-4.317781e+01	-1.402256e+03
2.940000e-06	-6.208555e-06	-2.373260e-08	-4.387110e+01	-1.409726e+03
2.950000e-06	-6.304546e-06	-2.385172e-08	-4.454939e+01	-1.416469e+03
2.960000e-06	-6.398314e-06	-2.396218e-08	-4.521198e+01	-1.422615e+03
2.970000e-06	-6.489742e-06	-2.406623e-08	-4.585803e+01	-1.428399e+03
2.980000e-06	-6.578943e-06	-2.416633e-08	-4.648835e+01	-1.434066e+03
2.990000e-06	-6.665889e-06	-2.426388e-08	-4.710273e+01	-1.439770e+03
3.000000e-06	-6.750372e-06	-2.435896e-08	-4.769971e+01	-1.445521e+03
3.010000e-06	-6.832417e-06	-2.444890e-08	-4.827945e+01	-1.451194e+03
3.020000e-06	-6.912040e-06	-2.453433e-08	-4.884209e+01	-1.456592e+03
3.030000e-06	-6.989018e-06	-2.461723e-08	-4.938603e+01	-1.461544e+03
3.040000e-06	-7.063357e-06	-2.469464e-08	-4.991133e+01	-1.465977e+03
3.050000e-06	-7.135189e-06	-2.476518e-08	-5.041891e+01	-1.469953e+03
3.060000e-06	-7.204368e-06	-2.483243e-08	-5.090775e+01	-1.473635e+03
3.070000e-06	-7.270917e-06	-2.489837e-08	-5.137800e+01	-1.477218e+03
3.080000e-06	-7.334946e-06	-2.496255e-08	-5.183044e+01	-1.480843e+03
3.090000e-06	-7.396359e-06	-2.502162e-08	-5.226440e+01	-1.484544e+03
3.100000e-06	-7.455124e-06	-2.507807e-08	-5.267965e+01	-1.488234e+03
3.110000e-06	-7.511230e-06	-2.513264e-08	-5.307611e+01	-1.491751e+03
3.120000e-06	-7.564518e-06	-2.518476e-08	-5.345265e+01	-1.494932e+03
3.130000e-06	-7.614793e-06	-2.523499e-08	-5.380790e+01	-1.497682e+03
3.140000e-06	-7.662068e-06	-2.528048e-08	-5.414196e+01	-1.500016e+03
3.150000e-06	-7.706621e-06	-2.532156e-08	-5.445678e+01	-1.502043e+03
3.160000e-06	-7.748673e-06	-2.535797e-08	-5.475393e+01	-1.503920e+03
3.170000e-06	-7.788114e-06	-2.539035e-08	-5.503263e+01	-1.505780e+03
3.180000e-06	-7.824751e-06	-2.541785e-08	-5.529152e+01	-1.507675e+03
3.190000e-06	-7.858641e-06	-2.544535e-08	-5.553099e+01	-1.509561e+03
3.200000e-06	-7.889748e-06	-2.547389e-08	-5.575080e+01	-1.511320e+03
3.210000e-06	-7.917903e-06	-2.550030e-08	-5.594975e+01	-1.512818e+03
3.220000e-06	-7.943253e-06	-2.552225e-08	-5.612888e+01	-1.513969e+03
3.230000e-06	-7.965834e-06	-2.553971e-08	-5.628844e+01	-1.514768e+03
3.240000e-06	-7.985551e-06	-2.555506e-08	-5.642777e+01	-1.515296e+03
3.250000e-06	-8.002529e-06	-2.556586e-08	-5.654774e+01	-1.515678e+03
3.260000e-06	-8.016550e-06	-2.557105e-08	-5.664682e+01	-1.516028e+03
3.270000e-06	-8.027420e-06	-2.557367e-08	-5.672363e+01	-1.516397e+03
3.280000e-06	-8.035380e-06	-2.557587e-08	-5.677987e+01	-1.516754e+03
3.290000e-06	-8.040477e-06	-2.557709e-08	-5.681589e+01	-1.517004e+03
3.300000e-06	-8.042750e-06	-2.557736e-08	-5.683195e+01	-1.517031e+03
3.310000e-06	-8.042278e-06	-2.557355e-08	-5.682862e+01	-1.516761e+03
