# Temperatura_=_37.97
# Concentracion g/m^3_=_22500.0
# C_Vs_to_Am_M_A/Vsm_=_59384043850.047264
# pendiente_HvsI_1/m_=_3716.3
# ordenada_HvsI_A/m_=_1297.0
# frecuencia_Hz_=_301755.7550354356

Tiempo_(s)	Campo_(V.s)	Magnetizacion_(V.s)	Campo_(kA/m)	Magnetizacion_(A/m)
0.000000e+00	-8.037136e-06	-2.541351e-08	-5.681532e+01	-1.507577e+03
1.000000e-08	-8.032982e-06	-2.540639e-08	-5.678595e+01	-1.507094e+03
2.000000e-08	-8.026187e-06	-2.539661e-08	-5.673791e+01	-1.506373e+03
3.000000e-08	-8.016725e-06	-2.538489e-08	-5.667103e+01	-1.505504e+03
4.000000e-08	-8.004450e-06	-2.537050e-08	-5.658426e+01	-1.504581e+03
5.000000e-08	-7.989235e-06	-2.535246e-08	-5.647670e+01	-1.503664e+03
6.000000e-08	-7.971192e-06	-2.533136e-08	-5.634915e+01	-1.502745e+03
7.000000e-08	-7.950684e-06	-2.530335e-08	-5.620418e+01	-1.501748e+03
8.000000e-08	-7.927569e-06	-2.528119e-08	-5.604078e+01	-1.500561e+03
9.000000e-08	-7.901313e-06	-2.524723e-08	-5.585517e+01	-1.499086e+03
1.000000e-07	-7.871790e-06	-2.521784e-08	-5.564647e+01	-1.497284e+03
1.100000e-07	-7.839425e-06	-2.520238e-08	-5.541768e+01	-1.495193e+03
1.200000e-07	-7.804445e-06	-2.517010e-08	-5.517040e+01	-1.492917e+03
1.300000e-07	-7.767010e-06	-2.512905e-08	-5.490577e+01	-1.490577e+03
1.400000e-07	-7.727381e-06	-2.508869e-08	-5.462563e+01	-1.488264e+03
1.500000e-07	-7.685402e-06	-2.506760e-08	-5.432887e+01	-1.485991e+03
1.600000e-07	-7.640673e-06	-2.499825e-08	-5.401268e+01	-1.483689e+03
1.700000e-07	-7.593176e-06	-2.493884e-08	-5.367692e+01	-1.481229e+03
1.800000e-07	-7.542800e-06	-2.491797e-08	-5.332081e+01	-1.478479e+03
1.900000e-07	-7.489309e-06	-2.484372e-08	-5.294267e+01	-1.475357e+03
2.000000e-07	-7.432992e-06	-2.479689e-08	-5.254456e+01	-1.471866e+03
2.100000e-07	-7.374040e-06	-2.474704e-08	-5.212782e+01	-1.468091e+03
2.200000e-07	-7.312489e-06	-2.467350e-08	-5.169271e+01	-1.464163e+03
2.300000e-07	-7.248277e-06	-2.461111e-08	-5.123879e+01	-1.460202e+03
2.400000e-07	-7.181293e-06	-2.453344e-08	-5.076528e+01	-1.456261e+03
2.500000e-07	-7.111713e-06	-2.447554e-08	-5.027340e+01	-1.452301e+03
2.600000e-07	-7.039479e-06	-2.439682e-08	-4.976278e+01	-1.448207e+03
2.700000e-07	-6.964491e-06	-2.431700e-08	-4.923268e+01	-1.443834e+03
2.800000e-07	-6.886747e-06	-2.424429e-08	-4.868310e+01	-1.439065e+03
2.900000e-07	-6.806270e-06	-2.416084e-08	-4.811420e+01	-1.433863e+03
3.000000e-07	-6.723350e-06	-2.407027e-08	-4.752803e+01	-1.428284e+03
3.100000e-07	-6.638241e-06	-2.395522e-08	-4.692639e+01	-1.422448e+03
3.200000e-07	-6.550883e-06	-2.386469e-08	-4.630885e+01	-1.416488e+03
3.300000e-07	-6.461130e-06	-2.376737e-08	-4.567437e+01	-1.410487e+03
3.400000e-07	-6.369025e-06	-2.366079e-08	-4.502327e+01	-1.404444e+03
3.500000e-07	-6.274671e-06	-2.355006e-08	-4.435627e+01	-1.398269e+03
3.600000e-07	-6.177975e-06	-2.343639e-08	-4.367272e+01	-1.391823e+03
3.700000e-07	-6.078982e-06	-2.332977e-08	-4.297293e+01	-1.384974e+03
3.800000e-07	-5.977890e-06	-2.320499e-08	-4.225830e+01	-1.377655e+03
3.900000e-07	-5.874636e-06	-2.307134e-08	-4.152839e+01	-1.369889e+03
4.000000e-07	-5.769154e-06	-2.293311e-08	-4.078272e+01	-1.361776e+03
4.100000e-07	-5.661555e-06	-2.280891e-08	-4.002210e+01	-1.353446e+03
4.200000e-07	-5.552025e-06	-2.267037e-08	-3.924782e+01	-1.344997e+03
4.300000e-07	-5.440571e-06	-2.251435e-08	-3.845994e+01	-1.336448e+03
4.400000e-07	-5.326971e-06	-2.236008e-08	-3.765689e+01	-1.327727e+03
4.500000e-07	-5.211148e-06	-2.221124e-08	-3.683813e+01	-1.318703e+03
4.600000e-07	-5.093357e-06	-2.205517e-08	-3.600545e+01	-1.309235e+03
4.700000e-07	-4.973818e-06	-2.188103e-08	-3.516042e+01	-1.299242e+03
4.800000e-07	-4.852443e-06	-2.170416e-08	-3.430240e+01	-1.288732e+03
4.900000e-07	-4.729207e-06	-2.152500e-08	-3.343124e+01	-1.277801e+03
5.000000e-07	-4.604238e-06	-2.134334e-08	-3.254782e+01	-1.266589e+03
5.100000e-07	-4.477683e-06	-2.114522e-08	-3.165319e+01	-1.255213e+03
5.200000e-07	-4.349602e-06	-2.094134e-08	-3.074777e+01	-1.243713e+03
5.300000e-07	-4.219866e-06	-2.074298e-08	-2.983065e+01	-1.232029e+03
5.400000e-07	-4.088525e-06	-2.054550e-08	-2.890219e+01	-1.220023e+03
5.500000e-07	-3.955722e-06	-2.033406e-08	-2.796340e+01	-1.207534e+03
5.600000e-07	-3.821519e-06	-2.011031e-08	-2.701470e+01	-1.194448e+03
5.700000e-07	-3.685946e-06	-1.988536e-08	-2.605632e+01	-1.180748e+03
5.800000e-07	-3.548949e-06	-1.965260e-08	-2.508787e+01	-1.166517e+03
5.900000e-07	-3.410556e-06	-1.940666e-08	-2.410956e+01	-1.151902e+03
6.000000e-07	-3.270895e-06	-1.914997e-08	-2.312228e+01	-1.137043e+03
6.100000e-07	-3.129946e-06	-1.889620e-08	-2.212590e+01	-1.122005e+03
6.200000e-07	-2.987622e-06	-1.864276e-08	-2.111980e+01	-1.106744e+03
6.300000e-07	-2.844071e-06	-1.837815e-08	-2.010502e+01	-1.091120e+03
6.400000e-07	-2.699483e-06	-1.809808e-08	-1.908292e+01	-1.074954e+03
6.500000e-07	-2.553961e-06	-1.781093e-08	-1.805421e+01	-1.058107e+03
6.600000e-07	-2.407561e-06	-1.752079e-08	-1.701929e+01	-1.040543e+03
6.700000e-07	-2.260349e-06	-1.722175e-08	-1.597863e+01	-1.022343e+03
6.800000e-07	-2.112447e-06	-1.690926e-08	-1.493310e+01	-1.003671e+03
6.900000e-07	-1.963838e-06	-1.658931e-08	-1.388256e+01	-9.846932e+02
7.000000e-07	-1.814501e-06	-1.626891e-08	-1.282689e+01	-9.654928e+02
7.100000e-07	-1.664540e-06	-1.593927e-08	-1.176680e+01	-9.460213e+02
7.200000e-07	-1.514052e-06	-1.559440e-08	-1.070298e+01	-9.261037e+02
7.300000e-07	-1.363110e-06	-1.523911e-08	-9.635957e+00	-9.055044e+02
7.400000e-07	-1.211645e-06	-1.487975e-08	-8.565236e+00	-8.840240e+02
7.500000e-07	-1.059644e-06	-1.451119e-08	-7.490727e+00	-8.615840e+02
7.600000e-07	-9.071716e-07	-1.412509e-08	-6.412887e+00	-8.382564e+02
7.700000e-07	-7.543281e-07	-1.372570e-08	-5.332420e+00	-8.142200e+02
7.800000e-07	-6.011994e-07	-1.331737e-08	-4.249938e+00	-7.896558e+02
7.900000e-07	-4.477945e-07	-1.289751e-08	-3.165504e+00	-7.646241e+02
8.000000e-07	-2.941843e-07	-1.245606e-08	-2.079618e+00	-7.389786e+02
8.100000e-07	-1.404654e-07	-1.199232e-08	-9.929638e-01	-7.123613e+02
8.200000e-07	1.326402e-08	-1.151040e-08	9.376465e-02	-6.842869e+02
8.300000e-07	1.669506e-07	-1.100603e-08	1.180191e+00	-6.542848e+02
8.400000e-07	3.205627e-07	-1.046929e-08	2.266090e+00	-6.220324e+02
8.500000e-07	4.740779e-07	-9.893879e-09	3.351304e+00	-5.874070e+02
8.600000e-07	6.274734e-07	-9.280519e-09	4.435672e+00	-5.504085e+02
8.700000e-07	7.806577e-07	-8.621621e-09	5.518547e+00	-5.109569e+02
8.800000e-07	9.334516e-07	-7.898632e-09	6.598663e+00	-4.686260e+02
8.900000e-07	1.085725e-06	-7.093379e-09	7.675095e+00	-4.224201e+02
9.000000e-07	1.237496e-06	-6.193822e-09	8.747980e+00	-3.707071e+02
9.100000e-07	1.388834e-06	-5.179357e-09	9.817809e+00	-3.113839e+02
9.200000e-07	1.539696e-06	-4.015438e-09	1.088426e+01	-2.422805e+02
9.300000e-07	1.690037e-06	-2.664373e-09	1.194704e+01	-1.617224e+02
9.400000e-07	1.839837e-06	-1.108616e-09	1.300599e+01	-6.910356e+01
9.500000e-07	1.988987e-06	6.443218e-10	1.406035e+01	3.469939e+01
9.600000e-07	2.137450e-06	2.563913e-09	1.510985e+01	1.472157e+02
9.700000e-07	2.285172e-06	4.582971e-09	1.615411e+01	2.646307e+02
9.800000e-07	2.432147e-06	6.597674e-09	1.719309e+01	3.823575e+02
9.900000e-07	2.578356e-06	8.505984e-09	1.822666e+01	4.957920e+02
1.000000e-06	2.723571e-06	1.024908e-08	1.925320e+01	6.010619e+02
1.010000e-06	2.867725e-06	1.180622e-08	2.027223e+01	6.955807e+02
1.020000e-06	3.010866e-06	1.317393e-08	2.128411e+01	7.782824e+02
1.030000e-06	3.152861e-06	1.435873e-08	2.228789e+01	8.495041e+02
1.040000e-06	3.293602e-06	1.538481e-08	2.328280e+01	9.105897e+02
1.050000e-06	3.433100e-06	1.628365e-08	2.426892e+01	9.633545e+02
1.060000e-06	3.571311e-06	1.707302e-08	2.524595e+01	1.009575e+03
1.070000e-06	3.708130e-06	1.776264e-08	2.621314e+01	1.050642e+03
1.080000e-06	3.843561e-06	1.836639e-08	2.717051e+01	1.087429e+03
1.090000e-06	3.977609e-06	1.890275e-08	2.811812e+01	1.120375e+03
1.100000e-06	4.110255e-06	1.938245e-08	2.905580e+01	1.149694e+03
1.110000e-06	4.241428e-06	1.980974e-08	2.998307e+01	1.175594e+03
1.120000e-06	4.371011e-06	2.019260e-08	3.089911e+01	1.198429e+03
1.130000e-06	4.499018e-06	2.054149e-08	3.180400e+01	1.218732e+03
1.140000e-06	4.625478e-06	2.086206e-08	3.269796e+01	1.237124e+03
1.150000e-06	4.750401e-06	2.115439e-08	3.358106e+01	1.254182e+03
1.160000e-06	4.873670e-06	2.142074e-08	3.445246e+01	1.270303e+03
1.170000e-06	4.995136e-06	2.166973e-08	3.531111e+01	1.285647e+03
1.180000e-06	5.114766e-06	2.190674e-08	3.615679e+01	1.300172e+03
1.190000e-06	5.232494e-06	2.212947e-08	3.698902e+01	1.313733e+03
1.200000e-06	5.348212e-06	2.233659e-08	3.780704e+01	1.326209e+03
1.210000e-06	5.461837e-06	2.252980e-08	3.861027e+01	1.337601e+03
1.220000e-06	5.573420e-06	2.271306e-08	3.939906e+01	1.348059e+03
1.230000e-06	5.683083e-06	2.288444e-08	4.017428e+01	1.357834e+03
1.240000e-06	5.790765e-06	2.304324e-08	4.093549e+01	1.367191e+03
1.250000e-06	5.896286e-06	2.319456e-08	4.168143e+01	1.376311e+03
1.260000e-06	5.999646e-06	2.334117e-08	4.241210e+01	1.385239e+03
1.270000e-06	6.100931e-06	2.348089e-08	4.312809e+01	1.393884e+03
1.280000e-06	6.199990e-06	2.360913e-08	4.382835e+01	1.402083e+03
1.290000e-06	6.296702e-06	2.372992e-08	4.451201e+01	1.409690e+03
1.300000e-06	6.391175e-06	2.384654e-08	4.517985e+01	1.416647e+03
1.310000e-06	6.483490e-06	2.395537e-08	4.583244e+01	1.423017e+03
1.320000e-06	6.573524e-06	2.405538e-08	4.646890e+01	1.428960e+03
1.330000e-06	6.661225e-06	2.415185e-08	4.708886e+01	1.434665e+03
1.340000e-06	6.746651e-06	2.424798e-08	4.769275e+01	1.440278e+03
1.350000e-06	6.829694e-06	2.434157e-08	4.827979e+01	1.445847e+03
1.360000e-06	6.910235e-06	2.442911e-08	4.884914e+01	1.451310e+03
1.370000e-06	6.988242e-06	2.451089e-08	4.940058e+01	1.456541e+03
1.380000e-06	7.063625e-06	2.458928e-08	4.993347e+01	1.461405e+03
1.390000e-06	7.136324e-06	2.466365e-08	5.044739e+01	1.465833e+03
1.400000e-06	7.206499e-06	2.473249e-08	5.094346e+01	1.469844e+03
1.410000e-06	7.274201e-06	2.479729e-08	5.142205e+01	1.473543e+03
1.420000e-06	7.339249e-06	2.486182e-08	5.188188e+01	1.477072e+03
1.430000e-06	7.401715e-06	2.492478e-08	5.232346e+01	1.480549e+03
1.440000e-06	7.461739e-06	2.498244e-08	5.274778e+01	1.484016e+03
1.450000e-06	7.519152e-06	2.503439e-08	5.315364e+01	1.487429e+03
1.460000e-06	7.573755e-06	2.508358e-08	5.353963e+01	1.490681e+03
1.470000e-06	7.625279e-06	2.513013e-08	5.390386e+01	1.493651e+03
1.480000e-06	7.673669e-06	2.517262e-08	5.424593e+01	1.496261e+03
1.490000e-06	7.719277e-06	2.521166e-08	5.456834e+01	1.498511e+03
1.500000e-06	7.762185e-06	2.524888e-08	5.487166e+01	1.500474e+03
1.510000e-06	7.802283e-06	2.528380e-08	5.515512e+01	1.502265e+03
1.520000e-06	7.839685e-06	2.531361e-08	5.541951e+01	1.503988e+03
1.530000e-06	7.874365e-06	2.534011e-08	5.566467e+01	1.505692e+03
1.540000e-06	7.906206e-06	2.536435e-08	5.588976e+01	1.507350e+03
1.550000e-06	7.935325e-06	2.538485e-08	5.609560e+01	1.508881e+03
1.560000e-06	7.961639e-06	2.540256e-08	5.628162e+01	1.510184e+03
1.570000e-06	7.985070e-06	2.541784e-08	5.644726e+01	1.511193e+03
1.580000e-06	8.005827e-06	2.543075e-08	5.659399e+01	1.511903e+03
1.590000e-06	8.023812e-06	2.544131e-08	5.672113e+01	1.512375e+03
1.600000e-06	8.038874e-06	2.545007e-08	5.682760e+01	1.512710e+03
1.610000e-06	8.050895e-06	2.545723e-08	5.691258e+01	1.513001e+03
1.620000e-06	8.059777e-06	2.546124e-08	5.697536e+01	1.513292e+03
1.630000e-06	8.065740e-06	2.546246e-08	5.701752e+01	1.513559e+03
1.640000e-06	8.068864e-06	2.546233e-08	5.703960e+01	1.513724e+03
1.650000e-06	8.069132e-06	2.545921e-08	5.704150e+01	1.513692e+03
1.660000e-06	8.066771e-06	2.545246e-08	5.702481e+01	1.513395e+03
1.670000e-06	8.061830e-06	2.544418e-08	5.698988e+01	1.512828e+03
1.680000e-06	8.054176e-06	2.543340e-08	5.693577e+01	1.512047e+03
1.690000e-06	8.043765e-06	2.541957e-08	5.686218e+01	1.511150e+03
1.700000e-06	8.030498e-06	2.540461e-08	5.676839e+01	1.510224e+03
1.710000e-06	8.014554e-06	2.539082e-08	5.665568e+01	1.509310e+03
1.720000e-06	7.996318e-06	2.538620e-08	5.652677e+01	1.508376e+03
1.730000e-06	7.975687e-06	2.537417e-08	5.638093e+01	1.507329e+03
1.740000e-06	7.952053e-06	2.536285e-08	5.621385e+01	1.506056e+03
1.750000e-06	7.924885e-06	2.532861e-08	5.602181e+01	1.504476e+03
1.760000e-06	7.894198e-06	2.527466e-08	5.580488e+01	1.502572e+03
1.770000e-06	7.860594e-06	2.523164e-08	5.556733e+01	1.500407e+03
1.780000e-06	7.824471e-06	2.518852e-08	5.531197e+01	1.498097e+03
1.790000e-06	7.785962e-06	2.514919e-08	5.503974e+01	1.495758e+03
1.800000e-06	7.745412e-06	2.511877e-08	5.475309e+01	1.493459e+03
1.810000e-06	7.702639e-06	2.512056e-08	5.445072e+01	1.491187e+03
1.820000e-06	7.657132e-06	2.504656e-08	5.412903e+01	1.488848e+03
1.830000e-06	7.608842e-06	2.499857e-08	5.378766e+01	1.486307e+03
1.840000e-06	7.557508e-06	2.497059e-08	5.342478e+01	1.483442e+03
1.850000e-06	7.503132e-06	2.487900e-08	5.304039e+01	1.480195e+03
1.860000e-06	7.446074e-06	2.483371e-08	5.263704e+01	1.476599e+03
1.870000e-06	7.386406e-06	2.476645e-08	5.221524e+01	1.472759e+03
1.880000e-06	7.324137e-06	2.472607e-08	5.177505e+01	1.468808e+03
1.890000e-06	7.259123e-06	2.466605e-08	5.131547e+01	1.464851e+03
1.900000e-06	7.191407e-06	2.458583e-08	5.083677e+01	1.460911e+03
1.910000e-06	7.120920e-06	2.452903e-08	5.033849e+01	1.456923e+03
1.920000e-06	7.047644e-06	2.443020e-08	4.982050e+01	1.452753e+03
1.930000e-06	6.971727e-06	2.436000e-08	4.928383e+01	1.448261e+03
1.940000e-06	6.893132e-06	2.426766e-08	4.872823e+01	1.443351e+03
1.950000e-06	6.812044e-06	2.418357e-08	4.815502e+01	1.438018e+03
1.960000e-06	6.728479e-06	2.411629e-08	4.756429e+01	1.432340e+03
1.970000e-06	6.642409e-06	2.401167e-08	4.695585e+01	1.426449e+03
1.980000e-06	6.554026e-06	2.392342e-08	4.633106e+01	1.420469e+03
1.990000e-06	6.463443e-06	2.380615e-08	4.569073e+01	1.414458e+03
2.000000e-06	6.370580e-06	2.370811e-08	4.503426e+01	1.408385e+03
2.010000e-06	6.275304e-06	2.359236e-08	4.436075e+01	1.402138e+03
2.020000e-06	6.177809e-06	2.347016e-08	4.367155e+01	1.395574e+03
2.030000e-06	6.078088e-06	2.336059e-08	4.296661e+01	1.388575e+03
2.040000e-06	5.976110e-06	2.324048e-08	4.224572e+01	1.381104e+03
2.050000e-06	5.872003e-06	2.312309e-08	4.150978e+01	1.373212e+03
2.060000e-06	5.765901e-06	2.297469e-08	4.075973e+01	1.365015e+03
2.070000e-06	5.657783e-06	2.284057e-08	3.999543e+01	1.356637e+03
2.080000e-06	5.547516e-06	2.269306e-08	3.921594e+01	1.348158e+03
2.090000e-06	5.435179e-06	2.254709e-08	3.842182e+01	1.339564e+03
2.100000e-06	5.320807e-06	2.238829e-08	3.761332e+01	1.330761e+03
2.110000e-06	5.204374e-06	2.222956e-08	3.679024e+01	1.321606e+03
2.120000e-06	5.085909e-06	2.207142e-08	3.595280e+01	1.311973e+03
2.130000e-06	4.965564e-06	2.190207e-08	3.510207e+01	1.301807e+03
2.140000e-06	4.843462e-06	2.172686e-08	3.423891e+01	1.291147e+03
2.150000e-06	4.719618e-06	2.154212e-08	3.336345e+01	1.280110e+03
2.160000e-06	4.594005e-06	2.136575e-08	3.247548e+01	1.268833e+03
2.170000e-06	4.466714e-06	2.117619e-08	3.157565e+01	1.257417e+03
2.180000e-06	4.337885e-06	2.097886e-08	3.066494e+01	1.245868e+03
2.190000e-06	4.207544e-06	2.077020e-08	2.974355e+01	1.234097e+03
2.200000e-06	4.075703e-06	2.055990e-08	2.881155e+01	1.221951e+03
2.210000e-06	3.942343e-06	2.034189e-08	2.786882e+01	1.209277e+03
2.220000e-06	3.807566e-06	2.012021e-08	2.691606e+01	1.195990e+03
2.230000e-06	3.671446e-06	1.989342e-08	2.595382e+01	1.182104e+03
2.240000e-06	3.533951e-06	1.966119e-08	2.498185e+01	1.167732e+03
2.250000e-06	3.395129e-06	1.941854e-08	2.400051e+01	1.153024e+03
2.260000e-06	3.255030e-06	1.916479e-08	2.301013e+01	1.138104e+03
2.270000e-06	3.113617e-06	1.890429e-08	2.201047e+01	1.123004e+03
2.280000e-06	2.971043e-06	1.863738e-08	2.100260e+01	1.107644e+03
2.290000e-06	2.827426e-06	1.836775e-08	1.998736e+01	1.091863e+03
2.300000e-06	2.682786e-06	1.809039e-08	1.896489e+01	1.075488e+03
2.310000e-06	2.537245e-06	1.780659e-08	1.793604e+01	1.058408e+03
2.320000e-06	2.390895e-06	1.751248e-08	1.690148e+01	1.040624e+03
2.330000e-06	2.243709e-06	1.721163e-08	1.586100e+01	1.022252e+03
2.340000e-06	2.095600e-06	1.689949e-08	1.481401e+01	1.003465e+03
2.350000e-06	1.946642e-06	1.657834e-08	1.376101e+01	9.844108e+02
2.360000e-06	1.797018e-06	1.624906e-08	1.270330e+01	9.651342e+02
2.370000e-06	1.646868e-06	1.591293e-08	1.164187e+01	9.455420e+02
2.380000e-06	1.496202e-06	1.556680e-08	1.057680e+01	9.254301e+02
2.390000e-06	1.345019e-06	1.520756e-08	9.508071e+00	9.045637e+02
2.400000e-06	1.193286e-06	1.483958e-08	8.435457e+00	8.827751e+02
2.410000e-06	1.041065e-06	1.446415e-08	7.359394e+00	8.600340e+02
2.420000e-06	8.885151e-07	1.407938e-08	6.281002e+00	8.364553e+02
2.430000e-06	7.356438e-07	1.368134e-08	5.200339e+00	8.122318e+02
2.440000e-06	5.824719e-07	1.326699e-08	4.117552e+00	7.875185e+02
2.450000e-06	4.291391e-07	1.283487e-08	3.033627e+00	7.623153e+02
2.460000e-06	2.756570e-07	1.238561e-08	1.948647e+00	7.364039e+02
2.470000e-06	1.220655e-07	1.191787e-08	8.628933e-01	7.093724e+02
2.480000e-06	-3.150590e-08	1.142981e-08	-2.227184e-01	6.807237e+02
2.490000e-06	-1.850527e-07	1.091921e-08	-1.308156e+00	6.500227e+02
2.500000e-06	-3.385801e-07	1.038198e-08	-2.393456e+00	6.170110e+02
2.510000e-06	-4.920007e-07	9.807054e-09	-3.478002e+00	5.816205e+02
2.520000e-06	-6.452228e-07	9.183870e-09	-4.561144e+00	5.438522e+02
2.530000e-06	-7.981766e-07	8.507378e-09	-5.642390e+00	5.035444e+02
2.540000e-06	-9.507977e-07	7.768657e-09	-6.721284e+00	4.601066e+02
2.550000e-06	-1.103044e-06	6.949726e-09	-7.797530e+00	4.123357e+02
2.560000e-06	-1.254816e-06	6.031257e-09	-8.870419e+00	3.584181e+02
2.570000e-06	-1.406033e-06	4.991030e-09	-9.939390e+00	2.961751e+02
2.580000e-06	-1.556712e-06	3.798729e-09	-1.100455e+01	2.235308e+02
2.590000e-06	-1.706890e-06	2.420264e-09	-1.206618e+01	1.390957e+02
2.600000e-06	-1.856568e-06	8.338571e-10	-1.312426e+01	4.270758e+01
2.610000e-06	-2.005599e-06	-9.506396e-10	-1.417778e+01	-6.423968e+01
2.620000e-06	-2.153791e-06	-2.887771e-09	-1.522536e+01	-1.787988e+02
2.630000e-06	-2.301140e-06	-4.899638e-09	-1.626699e+01	-2.968322e+02
2.640000e-06	-2.447678e-06	-6.890823e-09	-1.730288e+01	-4.136614e+02
2.650000e-06	-2.593391e-06	-8.769004e-09	-1.833294e+01	-5.248418e+02
2.660000e-06	-2.738255e-06	-1.047323e-08	-1.935700e+01	-6.268675e+02
2.670000e-06	-2.882120e-06	-1.198498e-08	-2.037399e+01	-7.176325e+02
2.680000e-06	-3.024850e-06	-1.331143e-08	-2.138297e+01	-7.965502e+02
2.690000e-06	-3.166456e-06	-1.446624e-08	-2.238399e+01	-8.643347e+02
2.700000e-06	-3.306786e-06	-1.546745e-08	-2.337600e+01	-9.225415e+02
2.710000e-06	-3.445755e-06	-1.633976e-08	-2.435838e+01	-9.730238e+02
2.720000e-06	-3.583495e-06	-1.710540e-08	-2.533208e+01	-1.017462e+03
2.730000e-06	-3.719912e-06	-1.778008e-08	-2.629643e+01	-1.057083e+03
2.740000e-06	-3.854894e-06	-1.837480e-08	-2.725063e+01	-1.092604e+03
2.750000e-06	-3.988499e-06	-1.889982e-08	-2.819510e+01	-1.124367e+03
2.760000e-06	-4.120647e-06	-1.936567e-08	-2.912927e+01	-1.152560e+03
2.770000e-06	-4.251294e-06	-1.978260e-08	-3.005282e+01	-1.177428e+03
2.780000e-06	-4.380575e-06	-2.015780e-08	-3.096672e+01	-1.199386e+03
2.790000e-06	-4.508409e-06	-2.049852e-08	-3.187039e+01	-1.219006e+03
2.800000e-06	-4.634634e-06	-2.081272e-08	-3.276269e+01	-1.236915e+03
2.810000e-06	-4.759183e-06	-2.110586e-08	-3.364314e+01	-1.253640e+03
2.820000e-06	-4.882020e-06	-2.137642e-08	-3.451148e+01	-1.269507e+03
2.830000e-06	-5.003109e-06	-2.162433e-08	-3.536748e+01	-1.284601e+03
2.840000e-06	-5.122286e-06	-2.185435e-08	-3.620995e+01	-1.298834e+03
2.850000e-06	-5.239409e-06	-2.207043e-08	-3.703791e+01	-1.312056e+03
2.860000e-06	-5.354448e-06	-2.227288e-08	-3.785113e+01	-1.324177e+03
2.870000e-06	-5.467323e-06	-2.246058e-08	-3.864905e+01	-1.335248e+03
2.880000e-06	-5.577953e-06	-2.263725e-08	-3.943111e+01	-1.345457e+03
2.890000e-06	-5.686573e-06	-2.280828e-08	-4.019895e+01	-1.355072e+03
2.900000e-06	-5.793380e-06	-2.297261e-08	-4.095398e+01	-1.364340e+03
2.910000e-06	-5.898263e-06	-2.312680e-08	-4.169541e+01	-1.373403e+03
2.920000e-06	-6.000949e-06	-2.327397e-08	-4.242131e+01	-1.382255e+03
2.930000e-06	-6.101311e-06	-2.341602e-08	-4.313077e+01	-1.390777e+03
2.940000e-06	-6.199516e-06	-2.355108e-08	-4.382500e+01	-1.398800e+03
2.950000e-06	-6.295686e-06	-2.367574e-08	-4.450483e+01	-1.406199e+03
2.960000e-06	-6.389600e-06	-2.379196e-08	-4.516872e+01	-1.412957e+03
2.970000e-06	-6.481134e-06	-2.390320e-08	-4.581578e+01	-1.419170e+03
2.980000e-06	-6.570464e-06	-2.400959e-08	-4.644727e+01	-1.425017e+03
2.990000e-06	-6.657511e-06	-2.411122e-08	-4.706261e+01	-1.430682e+03
3.000000e-06	-6.742111e-06	-2.420797e-08	-4.766066e+01	-1.436283e+03
3.010000e-06	-6.824355e-06	-2.430065e-08	-4.824205e+01	-1.441830e+03
3.020000e-06	-6.904236e-06	-2.438768e-08	-4.880673e+01	-1.447235e+03
3.030000e-06	-6.981433e-06	-2.446859e-08	-4.935244e+01	-1.452361e+03
3.040000e-06	-7.055890e-06	-2.454469e-08	-4.987879e+01	-1.457090e+03
3.050000e-06	-7.127792e-06	-2.461717e-08	-5.038707e+01	-1.461378e+03
3.060000e-06	-7.197084e-06	-2.468771e-08	-5.087691e+01	-1.465276e+03
3.070000e-06	-7.263745e-06	-2.475566e-08	-5.134814e+01	-1.468906e+03
3.080000e-06	-7.327893e-06	-2.481935e-08	-5.180161e+01	-1.472410e+03
3.090000e-06	-7.389462e-06	-2.487801e-08	-5.223684e+01	-1.475884e+03
3.100000e-06	-7.448365e-06	-2.493331e-08	-5.265323e+01	-1.479343e+03
3.110000e-06	-7.504610e-06	-2.498631e-08	-5.305084e+01	-1.482719e+03
3.120000e-06	-7.558053e-06	-2.503561e-08	-5.342863e+01	-1.485893e+03
3.130000e-06	-7.608525e-06	-2.508234e-08	-5.378543e+01	-1.488754e+03
3.140000e-06	-7.655922e-06	-2.512632e-08	-5.412047e+01	-1.491246e+03
3.150000e-06	-7.700548e-06	-2.516726e-08	-5.443594e+01	-1.493394e+03
3.160000e-06	-7.742780e-06	-2.520501e-08	-5.473448e+01	-1.495290e+03
3.170000e-06	-7.782434e-06	-2.523894e-08	-5.501480e+01	-1.497051e+03
3.180000e-06	-7.819271e-06	-2.526888e-08	-5.527521e+01	-1.498767e+03
3.190000e-06	-7.853345e-06	-2.529480e-08	-5.551608e+01	-1.500463e+03
3.200000e-06	-7.884616e-06	-2.531840e-08	-5.573714e+01	-1.502092e+03
3.210000e-06	-7.912975e-06	-2.534128e-08	-5.593761e+01	-1.503562e+03
3.220000e-06	-7.938572e-06	-2.536198e-08	-5.611856e+01	-1.504776e+03
3.230000e-06	-7.961406e-06	-2.537811e-08	-5.627998e+01	-1.505687e+03
3.240000e-06	-7.981346e-06	-2.539178e-08	-5.642093e+01	-1.506312e+03
3.250000e-06	-7.998451e-06	-2.540371e-08	-5.654185e+01	-1.506730e+03
3.260000e-06	-8.012612e-06	-2.541292e-08	-5.664195e+01	-1.507044e+03
3.270000e-06	-8.023690e-06	-2.541883e-08	-5.672027e+01	-1.507334e+03
3.280000e-06	-8.031838e-06	-2.542146e-08	-5.677786e+01	-1.507624e+03
3.290000e-06	-8.037079e-06	-2.542126e-08	-5.681491e+01	-1.507870e+03
3.300000e-06	-8.039513e-06	-2.541900e-08	-5.683212e+01	-1.507982e+03
3.310000e-06	-8.039296e-06	-2.541623e-08	-5.683059e+01	-1.507871e+03
