# Temperatura_=_56.78
# Concentracion g/m^3_=_22500.0
# C_Vs_to_Am_M_A/Vsm_=_59384043850.047264
# pendiente_HvsI_1/m_=_3716.3
# ordenada_HvsI_A/m_=_1297.0
# frecuencia_Hz_=_301753.8925395589

Tiempo_(s)	Campo_(V.s)	Magnetizacion_(V.s)	Campo_(kA/m)	Magnetizacion_(A/m)
0.000000e+00	-7.992449e-06	-2.560905e-08	-5.681624e+01	-1.518722e+03
1.000000e-08	-7.988516e-06	-2.560277e-08	-5.678828e+01	-1.518043e+03
2.000000e-08	-7.981986e-06	-2.559527e-08	-5.674186e+01	-1.517199e+03
3.000000e-08	-7.972879e-06	-2.558249e-08	-5.667712e+01	-1.516321e+03
4.000000e-08	-7.960941e-06	-2.556646e-08	-5.659226e+01	-1.515492e+03
5.000000e-08	-7.946065e-06	-2.554736e-08	-5.648651e+01	-1.514710e+03
6.000000e-08	-7.928374e-06	-2.552811e-08	-5.636074e+01	-1.513883e+03
7.000000e-08	-7.908253e-06	-2.551463e-08	-5.621771e+01	-1.512863e+03
8.000000e-08	-7.885610e-06	-2.547651e-08	-5.605675e+01	-1.511512e+03
9.000000e-08	-7.859779e-06	-2.540179e-08	-5.587313e+01	-1.509759e+03
1.000000e-07	-7.830681e-06	-2.538234e-08	-5.566628e+01	-1.507636e+03
1.100000e-07	-7.798777e-06	-2.539459e-08	-5.543947e+01	-1.505266e+03
1.200000e-07	-7.764174e-06	-2.536693e-08	-5.519349e+01	-1.502814e+03
1.300000e-07	-7.727046e-06	-2.530510e-08	-5.492956e+01	-1.500417e+03
1.400000e-07	-7.687781e-06	-2.527647e-08	-5.465043e+01	-1.498126e+03
1.500000e-07	-7.646308e-06	-2.527603e-08	-5.435562e+01	-1.495883e+03
1.600000e-07	-7.602137e-06	-2.516047e-08	-5.404161e+01	-1.493543e+03
1.700000e-07	-7.555222e-06	-2.512553e-08	-5.370811e+01	-1.490935e+03
1.800000e-07	-7.505489e-06	-2.507360e-08	-5.335457e+01	-1.487932e+03
1.900000e-07	-7.452594e-06	-2.498754e-08	-5.297855e+01	-1.484502e+03
2.000000e-07	-7.396891e-06	-2.499465e-08	-5.258257e+01	-1.480721e+03
2.100000e-07	-7.338560e-06	-2.489466e-08	-5.216791e+01	-1.476737e+03
2.200000e-07	-7.277578e-06	-2.483258e-08	-5.173441e+01	-1.472702e+03
2.300000e-07	-7.214004e-06	-2.476133e-08	-5.128248e+01	-1.468708e+03
2.400000e-07	-7.147687e-06	-2.469551e-08	-5.081105e+01	-1.464744e+03
2.500000e-07	-7.078706e-06	-2.463564e-08	-5.032068e+01	-1.460700e+03
2.600000e-07	-7.007156e-06	-2.451830e-08	-4.981205e+01	-1.456414e+03
2.700000e-07	-6.932940e-06	-2.445069e-08	-4.928446e+01	-1.451741e+03
2.800000e-07	-6.855954e-06	-2.438374e-08	-4.873719e+01	-1.446612e+03
2.900000e-07	-6.776240e-06	-2.430989e-08	-4.817053e+01	-1.441067e+03
3.000000e-07	-6.694026e-06	-2.418388e-08	-4.758609e+01	-1.435231e+03
3.100000e-07	-6.609530e-06	-2.407312e-08	-4.698543e+01	-1.429258e+03
3.200000e-07	-6.522734e-06	-2.400158e-08	-4.636842e+01	-1.423265e+03
3.300000e-07	-6.433630e-06	-2.388636e-08	-4.573500e+01	-1.417276e+03
3.400000e-07	-6.342277e-06	-2.377528e-08	-4.508560e+01	-1.411211e+03
3.500000e-07	-6.248698e-06	-2.365860e-08	-4.442037e+01	-1.404918e+03
3.600000e-07	-6.152826e-06	-2.355500e-08	-4.373884e+01	-1.398240e+03
3.700000e-07	-6.054661e-06	-2.344489e-08	-4.304101e+01	-1.391077e+03
3.800000e-07	-5.954335e-06	-2.330501e-08	-4.232782e+01	-1.383429e+03
3.900000e-07	-5.851871e-06	-2.316183e-08	-4.159943e+01	-1.375391e+03
4.000000e-07	-5.747265e-06	-2.302693e-08	-4.085581e+01	-1.367106e+03
4.100000e-07	-5.640525e-06	-2.291002e-08	-4.009703e+01	-1.358699e+03
4.200000e-07	-5.531768e-06	-2.275926e-08	-3.932390e+01	-1.350217e+03
4.300000e-07	-5.421062e-06	-2.259878e-08	-3.853692e+01	-1.341608e+03
4.400000e-07	-5.308295e-06	-2.244673e-08	-3.773529e+01	-1.332738e+03
4.500000e-07	-5.193419e-06	-2.229589e-08	-3.691866e+01	-1.323454e+03
4.600000e-07	-5.076490e-06	-2.212707e-08	-3.608745e+01	-1.313646e+03
4.700000e-07	-4.957668e-06	-2.194414e-08	-3.524277e+01	-1.303301e+03
4.800000e-07	-4.837093e-06	-2.177191e-08	-3.438564e+01	-1.292502e+03
4.900000e-07	-4.714777e-06	-2.159861e-08	-3.351612e+01	-1.281391e+03
5.000000e-07	-4.590699e-06	-2.141276e-08	-3.263408e+01	-1.270105e+03
5.100000e-07	-4.465003e-06	-2.120694e-08	-3.174054e+01	-1.258704e+03
5.200000e-07	-4.337780e-06	-2.100237e-08	-3.083615e+01	-1.247145e+03
5.300000e-07	-4.208953e-06	-2.080169e-08	-2.992035e+01	-1.235296e+03
5.400000e-07	-4.078539e-06	-2.059401e-08	-2.899328e+01	-1.222987e+03
5.500000e-07	-3.946653e-06	-2.037118e-08	-2.805573e+01	-1.210090e+03
5.600000e-07	-3.813359e-06	-2.014549e-08	-2.710817e+01	-1.196569e+03
5.700000e-07	-3.678643e-06	-1.992200e-08	-2.615051e+01	-1.182497e+03
5.800000e-07	-3.542554e-06	-1.968416e-08	-2.518309e+01	-1.168020e+03
5.900000e-07	-3.405174e-06	-1.943081e-08	-2.420649e+01	-1.153286e+03
6.000000e-07	-3.266552e-06	-1.917549e-08	-2.322107e+01	-1.138368e+03
6.100000e-07	-3.126647e-06	-1.892419e-08	-2.222652e+01	-1.123227e+03
6.200000e-07	-2.985391e-06	-1.866120e-08	-2.122237e+01	-1.107718e+03
6.300000e-07	-2.842910e-06	-1.838221e-08	-2.020950e+01	-1.091653e+03
6.400000e-07	-2.699382e-06	-1.809442e-08	-1.918920e+01	-1.074881e+03
6.500000e-07	-2.554887e-06	-1.780277e-08	-1.816203e+01	-1.057358e+03
6.600000e-07	-2.409466e-06	-1.750661e-08	-1.712827e+01	-1.039170e+03
6.700000e-07	-2.263141e-06	-1.719981e-08	-1.608808e+01	-1.020495e+03
6.800000e-07	-2.115958e-06	-1.688478e-08	-1.504180e+01	-1.001514e+03
6.900000e-07	-1.968037e-06	-1.656484e-08	-1.399026e+01	-9.823225e+02
7.000000e-07	-1.819456e-06	-1.623533e-08	-1.293404e+01	-9.628658e+02
7.100000e-07	-1.670293e-06	-1.588673e-08	-1.187368e+01	-9.429477e+02
7.200000e-07	-1.520618e-06	-1.552300e-08	-1.080968e+01	-9.223032e+02
7.300000e-07	-1.370406e-06	-1.515480e-08	-9.741857e+00	-9.007084e+02
7.400000e-07	-1.219672e-06	-1.478250e-08	-8.670329e+00	-8.780804e+02
7.500000e-07	-1.068482e-06	-1.440047e-08	-7.595559e+00	-8.545152e+02
7.600000e-07	-9.169157e-07	-1.400360e-08	-6.518115e+00	-8.302408e+02
7.700000e-07	-7.650092e-07	-1.359580e-08	-5.438251e+00	-8.054968e+02
7.800000e-07	-6.127948e-07	-1.317283e-08	-4.356199e+00	-7.803889e+02
7.900000e-07	-4.603553e-07	-1.272933e-08	-3.272546e+00	-7.547831e+02
8.000000e-07	-3.077475e-07	-1.226204e-08	-2.187697e+00	-7.282921e+02
8.100000e-07	-1.550052e-07	-1.177395e-08	-1.101892e+00	-7.003705e+02
8.200000e-07	-2.233934e-09	-1.126919e-08	-1.588046e-02	-6.704841e+02
8.300000e-07	1.504903e-07	-1.073890e-08	1.069796e+00	-6.382790e+02
8.400000e-07	3.031559e-07	-1.017294e-08	2.155057e+00	-6.036618e+02
8.500000e-07	4.557208e-07	-9.565475e-09	3.239600e+00	-5.667292e+02
8.600000e-07	6.081232e-07	-8.912194e-09	4.322990e+00	-5.275413e+02
8.700000e-07	7.603261e-07	-8.198379e-09	5.404961e+00	-4.858043e+02
8.800000e-07	9.122616e-07	-7.405629e-09	6.485031e+00	-4.405807e+02
8.900000e-07	1.063821e-06	-6.519513e-09	7.562426e+00	-3.901652e+02
9.000000e-07	1.214993e-06	-5.520105e-09	8.637066e+00	-3.322241e+02
9.100000e-07	1.365770e-06	-4.371423e-09	9.708906e+00	-2.642202e+02
9.200000e-07	1.516058e-06	-3.033592e-09	1.077727e+01	-1.840451e+02
9.300000e-07	1.665755e-06	-1.476361e-09	1.184142e+01	-9.069556e+01
9.400000e-07	1.814787e-06	3.083989e-10	1.290085e+01	1.520329e+01
9.500000e-07	1.963145e-06	2.289316e-09	1.395549e+01	1.312030e+02
9.600000e-07	2.110860e-06	4.392181e-09	1.500555e+01	2.532523e+02
9.700000e-07	2.257882e-06	6.507146e-09	1.605070e+01	3.763037e+02
9.800000e-07	2.404078e-06	8.518053e-09	1.708996e+01	4.951609e+02
9.900000e-07	2.549411e-06	1.034505e-08	1.812310e+01	6.053537e+02
1.000000e-06	2.693840e-06	1.195755e-08	1.914981e+01	7.038162e+02
1.010000e-06	2.837250e-06	1.335927e-08	2.016927e+01	7.892108e+02
1.020000e-06	2.979626e-06	1.456605e-08	2.118138e+01	8.618443e+02
1.030000e-06	3.120886e-06	1.560009e-08	2.218556e+01	9.232425e+02
1.040000e-06	3.260888e-06	1.649011e-08	2.318080e+01	9.755380e+02
1.050000e-06	3.399664e-06	1.726561e-08	2.416733e+01	1.020863e+03
1.060000e-06	3.537195e-06	1.794472e-08	2.514500e+01	1.060911e+03
1.070000e-06	3.673362e-06	1.853941e-08	2.611297e+01	1.096751e+03
1.080000e-06	3.808153e-06	1.906190e-08	2.707117e+01	1.128898e+03
1.090000e-06	3.941598e-06	1.952426e-08	2.801980e+01	1.157541e+03
1.100000e-06	4.073627e-06	1.993723e-08	2.895836e+01	1.182817e+03
1.110000e-06	4.204183e-06	2.030768e-08	2.988645e+01	1.205017e+03
1.120000e-06	4.333223e-06	2.064375e-08	3.080375e+01	1.224645e+03
1.130000e-06	4.460715e-06	2.095252e-08	3.171006e+01	1.242344e+03
1.140000e-06	4.586728e-06	2.124037e-08	3.260586e+01	1.258748e+03
1.150000e-06	4.711145e-06	2.150653e-08	3.349030e+01	1.274316e+03
1.160000e-06	4.833896e-06	2.175148e-08	3.436291e+01	1.289254e+03
1.170000e-06	4.954878e-06	2.197932e-08	3.522294e+01	1.303523e+03
1.180000e-06	5.074022e-06	2.219267e-08	3.606990e+01	1.316948e+03
1.190000e-06	5.191265e-06	2.239314e-08	3.690335e+01	1.329358e+03
1.200000e-06	5.306502e-06	2.258241e-08	3.772254e+01	1.340703e+03
1.210000e-06	5.419699e-06	2.276284e-08	3.852723e+01	1.351100e+03
1.220000e-06	5.530837e-06	2.293653e-08	3.931728e+01	1.360799e+03
1.230000e-06	5.640054e-06	2.310197e-08	4.009367e+01	1.370086e+03
1.240000e-06	5.747304e-06	2.325595e-08	4.085609e+01	1.379175e+03
1.250000e-06	5.852445e-06	2.340046e-08	4.160351e+01	1.388136e+03
1.260000e-06	5.955475e-06	2.353702e-08	4.233592e+01	1.396888e+03
1.270000e-06	6.056362e-06	2.366721e-08	4.305310e+01	1.405256e+03
1.280000e-06	6.155008e-06	2.379104e-08	4.375435e+01	1.413068e+03
1.290000e-06	6.251376e-06	2.390915e-08	4.443941e+01	1.420236e+03
1.300000e-06	6.345546e-06	2.402409e-08	4.510883e+01	1.426805e+03
1.310000e-06	6.437559e-06	2.413407e-08	4.576293e+01	1.432928e+03
1.320000e-06	6.527263e-06	2.423654e-08	4.640062e+01	1.438806e+03
1.330000e-06	6.614630e-06	2.433326e-08	4.702169e+01	1.444600e+03
1.340000e-06	6.699750e-06	2.442677e-08	4.762678e+01	1.450372e+03
1.350000e-06	6.782541e-06	2.451703e-08	4.821532e+01	1.456067e+03
1.360000e-06	6.862857e-06	2.460318e-08	4.878627e+01	1.461549e+03
1.370000e-06	6.940647e-06	2.468374e-08	4.933925e+01	1.466675e+03
1.380000e-06	7.015875e-06	2.476118e-08	4.987403e+01	1.471356e+03
1.390000e-06	7.088484e-06	2.483614e-08	5.039019e+01	1.475607e+03
1.400000e-06	7.158598e-06	2.490754e-08	5.088861e+01	1.479533e+03
1.410000e-06	7.226203e-06	2.497555e-08	5.136919e+01	1.483284e+03
1.420000e-06	7.291161e-06	2.504146e-08	5.183097e+01	1.486987e+03
1.430000e-06	7.353592e-06	2.510523e-08	5.227477e+01	1.490693e+03
1.440000e-06	7.413558e-06	2.516356e-08	5.270105e+01	1.494358e+03
1.450000e-06	7.470905e-06	2.521481e-08	5.310872e+01	1.497867e+03
1.460000e-06	7.525534e-06	2.526158e-08	5.349706e+01	1.501090e+03
1.470000e-06	7.577148e-06	2.530710e-08	5.386397e+01	1.503945e+03
1.480000e-06	7.625613e-06	2.535225e-08	5.420850e+01	1.506433e+03
1.490000e-06	7.671302e-06	2.539738e-08	5.453329e+01	1.508637e+03
1.500000e-06	7.714267e-06	2.544113e-08	5.483871e+01	1.510687e+03
1.510000e-06	7.754439e-06	2.548041e-08	5.512429e+01	1.512695e+03
1.520000e-06	7.792003e-06	2.551022e-08	5.539132e+01	1.514711e+03
1.530000e-06	7.826834e-06	2.553231e-08	5.563893e+01	1.516696e+03
1.540000e-06	7.858776e-06	2.555244e-08	5.586599e+01	1.518546e+03
1.550000e-06	7.888037e-06	2.557341e-08	5.607400e+01	1.520138e+03
1.560000e-06	7.914597e-06	2.559453e-08	5.626281e+01	1.521389e+03
1.570000e-06	7.938266e-06	2.561413e-08	5.643107e+01	1.522293e+03
1.580000e-06	7.959179e-06	2.563139e-08	5.657973e+01	1.522925e+03
1.590000e-06	7.977351e-06	2.564539e-08	5.670891e+01	1.523408e+03
1.600000e-06	7.992616e-06	2.565417e-08	5.681743e+01	1.523856e+03
1.610000e-06	8.004776e-06	2.565689e-08	5.690387e+01	1.524324e+03
1.620000e-06	8.013819e-06	2.565668e-08	5.696815e+01	1.524784e+03
1.630000e-06	8.020058e-06	2.565544e-08	5.701251e+01	1.525140e+03
1.640000e-06	8.023525e-06	2.565449e-08	5.703715e+01	1.525270e+03
1.650000e-06	8.024137e-06	2.565032e-08	5.704150e+01	1.525089e+03
1.660000e-06	8.022102e-06	2.565024e-08	5.702703e+01	1.524587e+03
1.670000e-06	8.017452e-06	2.564551e-08	5.699398e+01	1.523839e+03
1.680000e-06	8.010070e-06	2.563299e-08	5.694151e+01	1.522969e+03
1.690000e-06	8.000003e-06	2.561607e-08	5.686994e+01	1.522098e+03
1.700000e-06	7.987143e-06	2.559591e-08	5.677852e+01	1.521287e+03
1.710000e-06	7.971591e-06	2.557480e-08	5.666797e+01	1.520503e+03
1.720000e-06	7.953683e-06	2.554857e-08	5.654066e+01	1.519629e+03
1.730000e-06	7.933400e-06	2.554416e-08	5.639647e+01	1.518514e+03
1.740000e-06	7.910220e-06	2.558737e-08	5.623169e+01	1.517034e+03
1.750000e-06	7.883534e-06	2.554596e-08	5.604199e+01	1.515152e+03
1.760000e-06	7.853266e-06	2.545806e-08	5.582683e+01	1.512931e+03
1.770000e-06	7.820052e-06	2.541341e-08	5.559071e+01	1.510514e+03
1.780000e-06	7.784385e-06	2.537903e-08	5.533717e+01	1.508066e+03
1.790000e-06	7.746244e-06	2.528598e-08	5.506603e+01	1.505701e+03
1.800000e-06	7.706009e-06	2.530282e-08	5.478001e+01	1.503435e+03
1.810000e-06	7.663695e-06	2.529444e-08	5.447921e+01	1.501178e+03
1.820000e-06	7.618696e-06	2.516325e-08	5.415933e+01	1.498768e+03
1.830000e-06	7.570985e-06	2.522176e-08	5.382016e+01	1.496041e+03
1.840000e-06	7.520321e-06	2.511688e-08	5.346000e+01	1.492896e+03
1.850000e-06	7.466602e-06	2.505875e-08	5.307813e+01	1.489339e+03
1.860000e-06	7.410176e-06	2.500530e-08	5.267701e+01	1.485473e+03
1.870000e-06	7.351104e-06	2.487897e-08	5.225709e+01	1.481455e+03
1.880000e-06	7.289451e-06	2.490956e-08	5.181881e+01	1.477425e+03
1.890000e-06	7.225075e-06	2.477115e-08	5.136118e+01	1.473446e+03
1.900000e-06	7.158048e-06	2.473527e-08	5.088470e+01	1.469470e+03
1.910000e-06	7.088313e-06	2.467653e-08	5.038897e+01	1.465365e+03
1.920000e-06	7.015808e-06	2.456308e-08	4.987355e+01	1.460966e+03
1.930000e-06	6.940695e-06	2.450842e-08	4.933959e+01	1.456146e+03
1.940000e-06	6.862826e-06	2.436582e-08	4.878604e+01	1.450872e+03
1.950000e-06	6.782405e-06	2.432775e-08	4.821435e+01	1.445215e+03
1.960000e-06	6.699575e-06	2.421325e-08	4.762554e+01	1.439317e+03
1.970000e-06	6.614324e-06	2.413256e-08	4.701951e+01	1.433327e+03
1.980000e-06	6.526698e-06	2.404461e-08	4.639659e+01	1.427336e+03
1.990000e-06	6.436760e-06	2.390652e-08	4.575725e+01	1.421333e+03
2.000000e-06	6.344642e-06	2.382901e-08	4.510241e+01	1.415211e+03
2.010000e-06	6.250154e-06	2.367971e-08	4.443072e+01	1.408808e+03
2.020000e-06	6.153426e-06	2.358175e-08	4.374311e+01	1.401978e+03
2.030000e-06	6.054496e-06	2.345156e-08	4.303983e+01	1.394653e+03
2.040000e-06	5.953361e-06	2.334656e-08	4.232089e+01	1.386863e+03
2.050000e-06	5.850077e-06	2.321741e-08	4.158667e+01	1.378728e+03
2.060000e-06	5.744674e-06	2.306646e-08	4.083740e+01	1.370391e+03
2.070000e-06	5.637267e-06	2.292862e-08	4.007386e+01	1.361957e+03
2.080000e-06	5.527811e-06	2.277083e-08	3.929577e+01	1.353443e+03
2.090000e-06	5.416344e-06	2.262984e-08	3.850338e+01	1.344765e+03
2.100000e-06	5.302788e-06	2.246449e-08	3.769614e+01	1.335776e+03
2.110000e-06	5.187213e-06	2.231315e-08	3.687455e+01	1.326329e+03
2.120000e-06	5.069633e-06	2.214428e-08	3.603870e+01	1.316344e+03
2.130000e-06	4.950078e-06	2.197634e-08	3.518881e+01	1.305837e+03
2.140000e-06	4.828710e-06	2.178778e-08	3.432605e+01	1.294919e+03
2.150000e-06	4.705580e-06	2.160713e-08	3.345074e+01	1.283738e+03
2.160000e-06	4.580783e-06	2.142074e-08	3.256359e+01	1.272410e+03
2.170000e-06	4.454315e-06	2.123111e-08	3.166456e+01	1.260967e+03
2.180000e-06	4.326278e-06	2.102752e-08	3.075438e+01	1.249330e+03
2.190000e-06	4.196780e-06	2.081782e-08	2.983382e+01	1.237349e+03
2.200000e-06	4.065783e-06	2.060771e-08	2.890259e+01	1.224860e+03
2.210000e-06	3.933334e-06	2.038072e-08	2.796105e+01	1.211759e+03
2.220000e-06	3.799521e-06	2.015877e-08	2.700980e+01	1.198046e+03
2.230000e-06	3.664273e-06	1.992549e-08	2.604836e+01	1.183824e+03
2.240000e-06	3.527600e-06	1.969491e-08	2.507679e+01	1.169249e+03
2.250000e-06	3.389648e-06	1.944316e-08	2.409613e+01	1.154450e+03
2.260000e-06	3.250447e-06	1.918585e-08	2.310658e+01	1.139469e+03
2.270000e-06	3.110053e-06	1.891965e-08	2.210855e+01	1.124227e+03
2.280000e-06	2.968469e-06	1.864718e-08	2.110208e+01	1.108558e+03
2.290000e-06	2.825719e-06	1.836981e-08	2.008730e+01	1.092276e+03
2.300000e-06	2.681916e-06	1.808449e-08	1.906505e+01	1.075259e+03
2.310000e-06	2.537230e-06	1.779485e-08	1.803651e+01	1.057505e+03
2.320000e-06	2.391648e-06	1.749412e-08	1.700160e+01	1.039137e+03
2.330000e-06	2.245165e-06	1.718360e-08	1.596029e+01	1.020344e+03
2.340000e-06	2.097926e-06	1.686116e-08	1.491361e+01	1.001290e+03
2.350000e-06	1.949953e-06	1.653132e-08	1.386171e+01	9.820249e+02
2.360000e-06	1.801333e-06	1.619462e-08	1.280521e+01	9.624446e+02
2.370000e-06	1.652099e-06	1.584882e-08	1.174434e+01	9.423203e+02
2.380000e-06	1.502273e-06	1.549096e-08	1.067927e+01	9.213875e+02
2.390000e-06	1.351982e-06	1.512111e-08	9.610887e+00	8.994591e+02
2.400000e-06	1.201203e-06	1.474025e-08	8.539042e+00	8.765093e+02
2.410000e-06	1.049991e-06	1.434952e-08	7.464113e+00	8.526859e+02
2.420000e-06	8.984484e-07	1.394595e-08	6.386836e+00	8.282360e+02
2.430000e-06	7.465896e-07	1.353240e-08	5.307312e+00	8.033716e+02
2.440000e-06	5.943974e-07	1.310292e-08	4.225417e+00	7.781293e+02
2.450000e-06	4.419385e-07	1.265683e-08	3.141626e+00	7.522897e+02
2.460000e-06	2.893441e-07	1.218936e-08	2.056872e+00	7.253995e+02
2.470000e-06	1.366679e-07	1.169943e-08	9.715367e-01	6.968969e+02
2.480000e-06	-1.608328e-08	1.118785e-08	-1.143318e-01	6.662897e+02
2.490000e-06	-1.688134e-07	1.064872e-08	-1.200050e+00	6.333054e+02
2.500000e-06	-3.214224e-07	1.007724e-08	-2.284908e+00	5.979273e+02
2.510000e-06	-4.738864e-07	9.461915e-09	-3.368735e+00	5.602715e+02
2.520000e-06	-6.261639e-07	8.795010e-09	-4.451236e+00	5.203204e+02
2.530000e-06	-7.782183e-07	8.065489e-09	-5.532151e+00	4.775995e+02
2.540000e-06	-9.299221e-07	7.261244e-09	-6.610574e+00	4.309268e+02
2.550000e-06	-1.081213e-06	6.362876e-09	-7.686064e+00	3.783657e+02
2.560000e-06	-1.232090e-06	5.342108e-09	-8.758606e+00	3.174582e+02
2.570000e-06	-1.382540e-06	4.164487e-09	-9.828118e+00	2.457301e+02
2.580000e-06	-1.532571e-06	2.792720e-09	-1.089465e+01	1.613576e+02
2.590000e-06	-1.682099e-06	1.200472e-09	-1.195761e+01	6.381682e+01
2.600000e-06	-1.831045e-06	-6.185987e-10	-1.301643e+01	-4.568315e+01
2.610000e-06	-1.979308e-06	-2.625838e-09	-1.407039e+01	-1.641343e+02
2.620000e-06	-2.126854e-06	-4.732550e-09	-1.511925e+01	-2.870836e+02
2.630000e-06	-2.273659e-06	-6.824002e-09	-1.616285e+01	-4.093373e+02
2.640000e-06	-2.419618e-06	-8.795030e-09	-1.720043e+01	-5.258425e+02
2.650000e-06	-2.564696e-06	-1.057689e-08	-1.823175e+01	-6.325208e+02
2.660000e-06	-2.708775e-06	-1.214112e-08	-1.925598e+01	-7.268463e+02
2.670000e-06	-2.851791e-06	-1.349604e-08	-2.027264e+01	-8.080380e+02
2.680000e-06	-2.993759e-06	-1.466442e-08	-2.128185e+01	-8.768536e+02
2.690000e-06	-3.134605e-06	-1.567312e-08	-2.228309e+01	-9.350841e+02
2.700000e-06	-3.274249e-06	-1.654648e-08	-2.327578e+01	-9.849230e+02
2.710000e-06	-3.412657e-06	-1.730193e-08	-2.425969e+01	-1.028398e+03
2.720000e-06	-3.549783e-06	-1.795790e-08	-2.523448e+01	-1.067009e+03
2.730000e-06	-3.685520e-06	-1.853271e-08	-2.619940e+01	-1.101629e+03
2.740000e-06	-3.819897e-06	-1.904049e-08	-2.715465e+01	-1.132639e+03
2.750000e-06	-3.952941e-06	-1.949041e-08	-2.810043e+01	-1.160182e+03
2.760000e-06	-4.084562e-06	-1.989294e-08	-2.903609e+01	-1.184429e+03
2.770000e-06	-4.214705e-06	-2.025924e-08	-2.996124e+01	-1.205740e+03
2.780000e-06	-4.343390e-06	-2.059428e-08	-3.087603e+01	-1.224677e+03
2.790000e-06	-4.470533e-06	-2.090113e-08	-3.177985e+01	-1.241898e+03
2.800000e-06	-4.596069e-06	-2.118003e-08	-3.267226e+01	-1.257997e+03
2.810000e-06	-4.720021e-06	-2.143784e-08	-3.355340e+01	-1.273355e+03
2.820000e-06	-4.842279e-06	-2.168153e-08	-3.442250e+01	-1.288093e+03
2.830000e-06	-4.962771e-06	-2.190941e-08	-3.527905e+01	-1.302115e+03
2.840000e-06	-5.081444e-06	-2.212178e-08	-3.612266e+01	-1.315230e+03
2.850000e-06	-5.198115e-06	-2.232134e-08	-3.695205e+01	-1.327297e+03
2.860000e-06	-5.312644e-06	-2.251200e-08	-3.776621e+01	-1.338319e+03
2.870000e-06	-5.425074e-06	-2.269346e-08	-3.856544e+01	-1.348462e+03
2.880000e-06	-5.535408e-06	-2.286280e-08	-3.934977e+01	-1.358001e+03
2.890000e-06	-5.643697e-06	-2.302311e-08	-4.011958e+01	-1.367209e+03
2.900000e-06	-5.750082e-06	-2.317782e-08	-4.087584e+01	-1.376260e+03
2.910000e-06	-5.854500e-06	-2.332668e-08	-4.161812e+01	-1.385170e+03
2.920000e-06	-5.956764e-06	-2.346708e-08	-4.234509e+01	-1.393822e+03
2.930000e-06	-6.056781e-06	-2.360025e-08	-4.305608e+01	-1.402029e+03
2.940000e-06	-6.154705e-06	-2.373073e-08	-4.375219e+01	-1.409639e+03
2.950000e-06	-6.250566e-06	-2.385413e-08	-4.443365e+01	-1.416606e+03
2.960000e-06	-6.344154e-06	-2.396849e-08	-4.509894e+01	-1.423013e+03
2.970000e-06	-6.435419e-06	-2.407462e-08	-4.574772e+01	-1.429038e+03
2.980000e-06	-6.524491e-06	-2.417831e-08	-4.638091e+01	-1.434877e+03
2.990000e-06	-6.611331e-06	-2.428070e-08	-4.699823e+01	-1.440665e+03
3.000000e-06	-6.695706e-06	-2.437683e-08	-4.759803e+01	-1.446425e+03
3.010000e-06	-6.777691e-06	-2.446635e-08	-4.818084e+01	-1.452070e+03
3.020000e-06	-6.857321e-06	-2.455131e-08	-4.874691e+01	-1.457454e+03
3.030000e-06	-6.934307e-06	-2.463301e-08	-4.929419e+01	-1.462444e+03
3.040000e-06	-7.008589e-06	-2.470960e-08	-4.982224e+01	-1.466983e+03
3.050000e-06	-7.080329e-06	-2.478201e-08	-5.033221e+01	-1.471116e+03
3.060000e-06	-7.149486e-06	-2.485436e-08	-5.082383e+01	-1.474971e+03
3.070000e-06	-7.216065e-06	-2.492650e-08	-5.129713e+01	-1.478697e+03
3.080000e-06	-7.280172e-06	-2.499247e-08	-5.175285e+01	-1.482402e+03
3.090000e-06	-7.341682e-06	-2.505074e-08	-5.219011e+01	-1.486106e+03
3.100000e-06	-7.400531e-06	-2.510481e-08	-5.260845e+01	-1.489738e+03
3.110000e-06	-7.456750e-06	-2.515779e-08	-5.300810e+01	-1.493170e+03
3.120000e-06	-7.510193e-06	-2.520641e-08	-5.338801e+01	-1.496282e+03
3.130000e-06	-7.560668e-06	-2.525291e-08	-5.374682e+01	-1.499017e+03
3.140000e-06	-7.608082e-06	-2.529949e-08	-5.408388e+01	-1.501403e+03
3.150000e-06	-7.652708e-06	-2.534448e-08	-5.440111e+01	-1.503545e+03
3.160000e-06	-7.694915e-06	-2.538498e-08	-5.470115e+01	-1.505573e+03
3.170000e-06	-7.734628e-06	-2.542006e-08	-5.498346e+01	-1.507585e+03
3.180000e-06	-7.771586e-06	-2.545084e-08	-5.524618e+01	-1.509601e+03
3.190000e-06	-7.805762e-06	-2.547888e-08	-5.548913e+01	-1.511558e+03
3.200000e-06	-7.837194e-06	-2.550373e-08	-5.571257e+01	-1.513339e+03
3.210000e-06	-7.865741e-06	-2.552628e-08	-5.591551e+01	-1.514830e+03
3.220000e-06	-7.891453e-06	-2.554936e-08	-5.609828e+01	-1.515967e+03
3.230000e-06	-7.914435e-06	-2.557119e-08	-5.626166e+01	-1.516775e+03
3.240000e-06	-7.934569e-06	-2.559051e-08	-5.640478e+01	-1.517347e+03
3.250000e-06	-7.951954e-06	-2.560398e-08	-5.652837e+01	-1.517810e+03
3.260000e-06	-7.966425e-06	-2.561140e-08	-5.663124e+01	-1.518264e+03
3.270000e-06	-7.977723e-06	-2.561366e-08	-5.671156e+01	-1.518739e+03
3.280000e-06	-7.986132e-06	-2.561420e-08	-5.677133e+01	-1.519180e+03
3.290000e-06	-7.991696e-06	-2.561432e-08	-5.681089e+01	-1.519477e+03
3.300000e-06	-7.994375e-06	-2.561494e-08	-5.682993e+01	-1.519516e+03
3.310000e-06	-7.994371e-06	-2.561483e-08	-5.682990e+01	-1.519231e+03
