# Temperatura_=_26.52
# Concentracion g/m^3_=_22500.0
# C_Vs_to_Am_M_A/Vsm_=_59384043850.047264
# pendiente_HvsI_1/m_=_3716.3
# ordenada_HvsI_A/m_=_1297.0
# frecuencia_Hz_=_301747.4394790946

Tiempo_(s)	Campo_(V.s)	Magnetizacion_(V.s)	Campo_(kA/m)	Magnetizacion_(A/m)
0.000000e+00	-8.016430e-06	-2.564464e-08	-5.681133e+01	-1.522120e+03
1.000000e-08	-8.011864e-06	-2.563840e-08	-5.677897e+01	-1.521639e+03
2.000000e-08	-8.004741e-06	-2.563032e-08	-5.672849e+01	-1.520944e+03
3.000000e-08	-7.994915e-06	-2.561446e-08	-5.665885e+01	-1.520084e+03
4.000000e-08	-7.982264e-06	-2.559681e-08	-5.656920e+01	-1.519120e+03
5.000000e-08	-7.966629e-06	-2.558122e-08	-5.645840e+01	-1.518094e+03
6.000000e-08	-7.948215e-06	-2.556658e-08	-5.632790e+01	-1.517003e+03
7.000000e-08	-7.927537e-06	-2.554974e-08	-5.618136e+01	-1.515799e+03
8.000000e-08	-7.904232e-06	-2.549032e-08	-5.601619e+01	-1.514404e+03
9.000000e-08	-7.877618e-06	-2.544209e-08	-5.582758e+01	-1.512750e+03
1.000000e-07	-7.847773e-06	-2.544308e-08	-5.561608e+01	-1.510807e+03
1.100000e-07	-7.815188e-06	-2.543049e-08	-5.538515e+01	-1.508604e+03
1.200000e-07	-7.779898e-06	-2.538098e-08	-5.513506e+01	-1.506221e+03
1.300000e-07	-7.742090e-06	-2.532274e-08	-5.486712e+01	-1.503757e+03
1.400000e-07	-7.702220e-06	-2.531990e-08	-5.458456e+01	-1.501286e+03
1.500000e-07	-7.660016e-06	-2.528101e-08	-5.428547e+01	-1.498824e+03
1.600000e-07	-7.614981e-06	-2.519923e-08	-5.396632e+01	-1.496314e+03
1.700000e-07	-7.567247e-06	-2.515876e-08	-5.362803e+01	-1.493652e+03
1.800000e-07	-7.516564e-06	-2.508249e-08	-5.326885e+01	-1.490718e+03
1.900000e-07	-7.462767e-06	-2.505030e-08	-5.288760e+01	-1.487433e+03
2.000000e-07	-7.406257e-06	-2.500424e-08	-5.248712e+01	-1.483785e+03
2.100000e-07	-7.347061e-06	-2.490648e-08	-5.206760e+01	-1.479837e+03
2.200000e-07	-7.285285e-06	-2.485828e-08	-5.162980e+01	-1.475697e+03
2.300000e-07	-7.220917e-06	-2.478950e-08	-5.117363e+01	-1.471473e+03
2.400000e-07	-7.153765e-06	-2.473745e-08	-5.069774e+01	-1.467224e+03
2.500000e-07	-7.083977e-06	-2.464188e-08	-5.020316e+01	-1.462931e+03
2.600000e-07	-7.011544e-06	-2.454553e-08	-4.968984e+01	-1.458508e+03
2.700000e-07	-6.936349e-06	-2.448670e-08	-4.915694e+01	-1.453830e+03
2.800000e-07	-6.858408e-06	-2.441494e-08	-4.860458e+01	-1.448791e+03
2.900000e-07	-6.777738e-06	-2.431400e-08	-4.803289e+01	-1.443347e+03
3.000000e-07	-6.694627e-06	-2.418423e-08	-4.744389e+01	-1.437531e+03
3.100000e-07	-6.609363e-06	-2.411504e-08	-4.683964e+01	-1.431442e+03
3.200000e-07	-6.521909e-06	-2.402418e-08	-4.621987e+01	-1.425198e+03
3.300000e-07	-6.432119e-06	-2.390112e-08	-4.558353e+01	-1.418882e+03
3.400000e-07	-6.340003e-06	-2.378357e-08	-4.493072e+01	-1.412503e+03
3.500000e-07	-6.245644e-06	-2.367484e-08	-4.426201e+01	-1.405989e+03
3.600000e-07	-6.148910e-06	-2.357215e-08	-4.357647e+01	-1.399214e+03
3.700000e-07	-6.049857e-06	-2.344158e-08	-4.287450e+01	-1.392048e+03
3.800000e-07	-5.948717e-06	-2.330763e-08	-4.215773e+01	-1.384414e+03
3.900000e-07	-5.845456e-06	-2.317374e-08	-4.142593e+01	-1.376316e+03
4.000000e-07	-5.739956e-06	-2.305215e-08	-4.067828e+01	-1.367838e+03
4.100000e-07	-5.632328e-06	-2.290801e-08	-3.991553e+01	-1.359104e+03
4.200000e-07	-5.522797e-06	-2.274405e-08	-3.913930e+01	-1.350220e+03
4.300000e-07	-5.411399e-06	-2.258752e-08	-3.834984e+01	-1.341228e+03
4.400000e-07	-5.297845e-06	-2.243792e-08	-3.754509e+01	-1.332081e+03
4.500000e-07	-5.182047e-06	-2.228044e-08	-3.672445e+01	-1.322664e+03
4.600000e-07	-5.064283e-06	-2.210597e-08	-3.588987e+01	-1.312837e+03
4.700000e-07	-4.944790e-06	-2.193426e-08	-3.504304e+01	-1.302500e+03
4.800000e-07	-4.823509e-06	-2.176226e-08	-3.418354e+01	-1.291635e+03
4.900000e-07	-4.700362e-06	-2.157859e-08	-3.331082e+01	-1.280312e+03
5.000000e-07	-4.575490e-06	-2.137121e-08	-3.242587e+01	-1.268661e+03
5.100000e-07	-4.449020e-06	-2.116537e-08	-3.152959e+01	-1.256812e+03
5.200000e-07	-4.320982e-06	-2.096680e-08	-3.062220e+01	-1.244836e+03
5.300000e-07	-4.191342e-06	-2.076467e-08	-2.970346e+01	-1.232708e+03
5.400000e-07	-4.060127e-06	-2.055106e-08	-2.877356e+01	-1.220313e+03
5.500000e-07	-3.927419e-06	-2.033277e-08	-2.783307e+01	-1.207491e+03
5.600000e-07	-3.793328e-06	-2.011450e-08	-2.688279e+01	-1.194106e+03
5.700000e-07	-3.657937e-06	-1.988288e-08	-2.592329e+01	-1.180102e+03
5.800000e-07	-3.521158e-06	-1.963419e-08	-2.495396e+01	-1.165524e+03
5.900000e-07	-3.383061e-06	-1.937749e-08	-2.397528e+01	-1.150503e+03
6.000000e-07	-3.243673e-06	-1.912642e-08	-2.298746e+01	-1.135194e+03
6.100000e-07	-3.102863e-06	-1.887162e-08	-2.198956e+01	-1.119707e+03
6.200000e-07	-2.960715e-06	-1.860716e-08	-2.098217e+01	-1.104053e+03
6.300000e-07	-2.817403e-06	-1.833438e-08	-1.996654e+01	-1.088136e+03
6.400000e-07	-2.673126e-06	-1.805936e-08	-1.894407e+01	-1.071790e+03
6.500000e-07	-2.527885e-06	-1.777436e-08	-1.791477e+01	-1.054847e+03
6.600000e-07	-2.381722e-06	-1.747526e-08	-1.687894e+01	-1.037211e+03
6.700000e-07	-2.234844e-06	-1.716707e-08	-1.583803e+01	-1.018896e+03
6.800000e-07	-2.087178e-06	-1.685378e-08	-1.479154e+01	-1.000021e+03
6.900000e-07	-1.938710e-06	-1.653828e-08	-1.373937e+01	-9.807488e+02
7.000000e-07	-1.789611e-06	-1.620940e-08	-1.268273e+01	-9.612104e+02
7.100000e-07	-1.639964e-06	-1.587055e-08	-1.162220e+01	-9.414352e+02
7.200000e-07	-1.489790e-06	-1.552675e-08	-1.055793e+01	-9.213267e+02
7.300000e-07	-1.339119e-06	-1.517768e-08	-9.490154e+00	-9.006936e+02
7.400000e-07	-1.187931e-06	-1.481672e-08	-8.418706e+00	-8.793260e+02
7.500000e-07	-1.036259e-06	-1.444297e-08	-7.343821e+00	-8.570814e+02
7.600000e-07	-8.841832e-07	-1.405920e-08	-6.266084e+00	-8.339407e+02
7.700000e-07	-7.317139e-07	-1.366507e-08	-5.185555e+00	-8.100057e+02
7.800000e-07	-5.789268e-07	-1.325623e-08	-4.102774e+00	-7.854325e+02
7.900000e-07	-4.259524e-07	-1.283164e-08	-3.018666e+00	-7.603274e+02
8.000000e-07	-2.728194e-07	-1.239412e-08	-1.933433e+00	-7.346496e+02
8.100000e-07	-1.195571e-07	-1.194103e-08	-8.472845e-01	-7.081662e+02
8.200000e-07	3.377051e-08	-1.146792e-08	2.393269e-01	-6.804850e+02
8.300000e-07	1.871116e-07	-1.096787e-08	1.326034e+00	-6.511551e+02
8.400000e-07	3.403676e-07	-1.044097e-08	2.412138e+00	-6.197915e+02
8.500000e-07	4.934798e-07	-9.883032e-09	3.497223e+00	-5.861600e+02
8.600000e-07	6.463880e-07	-9.284735e-09	4.580862e+00	-5.501692e+02
8.700000e-07	7.990269e-07	-8.638275e-09	5.662593e+00	-5.117482e+02
8.800000e-07	9.513392e-07	-7.938629e-09	6.742009e+00	-4.706387e+02
8.900000e-07	1.103285e-06	-7.176324e-09	7.818825e+00	-4.261784e+02
9.000000e-07	1.254831e-06	-6.331101e-09	8.892810e+00	-3.771727e+02
9.100000e-07	1.405937e-06	-5.381087e-09	9.963683e+00	-3.219407e+02
9.200000e-07	1.556492e-06	-4.304504e-09	1.103064e+01	-2.585708e+02
9.300000e-07	1.706440e-06	-3.075582e-09	1.209331e+01	-1.853534e+02
9.400000e-07	1.855810e-06	-1.665708e-09	1.315187e+01	-1.012888e+02
9.500000e-07	2.004540e-06	-6.547310e-11	1.420590e+01	-6.526121e+00
9.600000e-07	2.152546e-06	1.704537e-09	1.525479e+01	9.740275e+01
9.700000e-07	2.299782e-06	3.592502e-09	1.629824e+01	2.076473e+02
9.800000e-07	2.446247e-06	5.519974e-09	1.733621e+01	3.204062e+02
9.900000e-07	2.591883e-06	7.405852e-09	1.836832e+01	4.315196e+02
1.000000e-06	2.736551e-06	9.177065e-09	1.939356e+01	5.371394e+02
1.010000e-06	2.880202e-06	1.078902e-08	2.041159e+01	6.343093e+02
1.020000e-06	3.022767e-06	1.222510e-08	2.142193e+01	7.213173e+02
1.030000e-06	3.164116e-06	1.349256e-08	2.242365e+01	7.977497e+02
1.040000e-06	3.304237e-06	1.460677e-08	2.341667e+01	8.642671e+02
1.050000e-06	3.443157e-06	1.558648e-08	2.440118e+01	9.221960e+02
1.060000e-06	3.580819e-06	1.644974e-08	2.537677e+01	9.730711e+02
1.070000e-06	3.717076e-06	1.721275e-08	2.634240e+01	1.018259e+03
1.080000e-06	3.851922e-06	1.788998e-08	2.729804e+01	1.058750e+03
1.090000e-06	3.985428e-06	1.849066e-08	2.824418e+01	1.095138e+03
1.100000e-06	4.117498e-06	1.902454e-08	2.918014e+01	1.127743e+03
1.110000e-06	4.248093e-06	1.950055e-08	3.010564e+01	1.156793e+03
1.120000e-06	4.377238e-06	1.992920e-08	3.102088e+01	1.182588e+03
1.130000e-06	4.504819e-06	2.031856e-08	3.192503e+01	1.205568e+03
1.140000e-06	4.630799e-06	2.067610e-08	3.281783e+01	1.226285e+03
1.150000e-06	4.755128e-06	2.100388e-08	3.369894e+01	1.245300e+03
1.160000e-06	4.877771e-06	2.130451e-08	3.456809e+01	1.263067e+03
1.170000e-06	4.998747e-06	2.158086e-08	3.542543e+01	1.279851e+03
1.180000e-06	5.117891e-06	2.183769e-08	3.626978e+01	1.295719e+03
1.190000e-06	5.235047e-06	2.207927e-08	3.710005e+01	1.310603e+03
1.200000e-06	5.350144e-06	2.230695e-08	3.791573e+01	1.324403e+03
1.210000e-06	5.463139e-06	2.252024e-08	3.871651e+01	1.337083e+03
1.220000e-06	5.574139e-06	2.272181e-08	3.950315e+01	1.348728e+03
1.230000e-06	5.683224e-06	2.291279e-08	4.027622e+01	1.359534e+03
1.240000e-06	5.790315e-06	2.309184e-08	4.103516e+01	1.369746e+03
1.250000e-06	5.895283e-06	2.325868e-08	4.177905e+01	1.379577e+03
1.260000e-06	5.998120e-06	2.341406e-08	4.250784e+01	1.389137e+03
1.270000e-06	6.098800e-06	2.356212e-08	4.322135e+01	1.398416e+03
1.280000e-06	6.197255e-06	2.370491e-08	4.391908e+01	1.407309e+03
1.290000e-06	6.293436e-06	2.384050e-08	4.460071e+01	1.415682e+03
1.300000e-06	6.387384e-06	2.396794e-08	4.526651e+01	1.423444e+03
1.310000e-06	6.479160e-06	2.408845e-08	4.591691e+01	1.430594e+03
1.320000e-06	6.568643e-06	2.420331e-08	4.655106e+01	1.437226e+03
1.330000e-06	6.655803e-06	2.431221e-08	4.716875e+01	1.443489e+03
1.340000e-06	6.740645e-06	2.441350e-08	4.777002e+01	1.449532e+03
1.350000e-06	6.823175e-06	2.451029e-08	4.835490e+01	1.455441e+03
1.360000e-06	6.903268e-06	2.460449e-08	4.892250e+01	1.461218e+03
1.370000e-06	6.980806e-06	2.469477e-08	4.947200e+01	1.466790e+03
1.380000e-06	7.055726e-06	2.478007e-08	5.000295e+01	1.472050e+03
1.390000e-06	7.127983e-06	2.486110e-08	5.051503e+01	1.476916e+03
1.400000e-06	7.197674e-06	2.493825e-08	5.100892e+01	1.481369e+03
1.410000e-06	7.264810e-06	2.501097e-08	5.148470e+01	1.485463e+03
1.420000e-06	7.329338e-06	2.507809e-08	5.194200e+01	1.489301e+03
1.430000e-06	7.391371e-06	2.514033e-08	5.238162e+01	1.492996e+03
1.440000e-06	7.450839e-06	2.519987e-08	5.280306e+01	1.496617e+03
1.450000e-06	7.507603e-06	2.525795e-08	5.320534e+01	1.500168e+03
1.460000e-06	7.561614e-06	2.531337e-08	5.358811e+01	1.503588e+03
1.470000e-06	7.612560e-06	2.536450e-08	5.394916e+01	1.506786e+03
1.480000e-06	7.660430e-06	2.541291e-08	5.428841e+01	1.509679e+03
1.490000e-06	7.705602e-06	2.545772e-08	5.460853e+01	1.512234e+03
1.500000e-06	7.748040e-06	2.549867e-08	5.490929e+01	1.514477e+03
1.510000e-06	7.787608e-06	2.553466e-08	5.518970e+01	1.516482e+03
1.520000e-06	7.824543e-06	2.556536e-08	5.545145e+01	1.518337e+03
1.530000e-06	7.858801e-06	2.559462e-08	5.569423e+01	1.520104e+03
1.540000e-06	7.890249e-06	2.562260e-08	5.591710e+01	1.521794e+03
1.550000e-06	7.918998e-06	2.564666e-08	5.612084e+01	1.523368e+03
1.560000e-06	7.944931e-06	2.566705e-08	5.630463e+01	1.524756e+03
1.570000e-06	7.967995e-06	2.568399e-08	5.646808e+01	1.525894e+03
1.580000e-06	7.988390e-06	2.569851e-08	5.661261e+01	1.526756e+03
1.590000e-06	8.006001e-06	2.571055e-08	5.673742e+01	1.527362e+03
1.600000e-06	8.020629e-06	2.571890e-08	5.684108e+01	1.527771e+03
1.610000e-06	8.032082e-06	2.572582e-08	5.692225e+01	1.528055e+03
1.620000e-06	8.040413e-06	2.573078e-08	5.698129e+01	1.528264e+03
1.630000e-06	8.046063e-06	2.573172e-08	5.702133e+01	1.528407e+03
1.640000e-06	8.048909e-06	2.572918e-08	5.704150e+01	1.528447e+03
1.650000e-06	8.048856e-06	2.572393e-08	5.704113e+01	1.528329e+03
1.660000e-06	8.046211e-06	2.572073e-08	5.702238e+01	1.528001e+03
1.670000e-06	8.040881e-06	2.571116e-08	5.698461e+01	1.527446e+03
1.680000e-06	8.032823e-06	2.569680e-08	5.692750e+01	1.526690e+03
1.690000e-06	8.022101e-06	2.568279e-08	5.685152e+01	1.525789e+03
1.700000e-06	8.008500e-06	2.566694e-08	5.675513e+01	1.524802e+03
1.710000e-06	7.992222e-06	2.564559e-08	5.663977e+01	1.523756e+03
1.720000e-06	7.973697e-06	2.561758e-08	5.650848e+01	1.522634e+03
1.730000e-06	7.952691e-06	2.563589e-08	5.635962e+01	1.521376e+03
1.740000e-06	7.928578e-06	2.563899e-08	5.618874e+01	1.519903e+03
1.750000e-06	7.900884e-06	2.557136e-08	5.599247e+01	1.518155e+03
1.760000e-06	7.869691e-06	2.550764e-08	5.577141e+01	1.516122e+03
1.770000e-06	7.835739e-06	2.547848e-08	5.553079e+01	1.513849e+03
1.780000e-06	7.799345e-06	2.543522e-08	5.527288e+01	1.511429e+03
1.790000e-06	7.760591e-06	2.536990e-08	5.499823e+01	1.508956e+03
1.800000e-06	7.719890e-06	2.539396e-08	5.470979e+01	1.506488e+03
1.810000e-06	7.676876e-06	2.531178e-08	5.440496e+01	1.504018e+03
1.820000e-06	7.631076e-06	2.527207e-08	5.408038e+01	1.501471e+03
1.830000e-06	7.582609e-06	2.527675e-08	5.373690e+01	1.498732e+03
1.840000e-06	7.531021e-06	2.515476e-08	5.337130e+01	1.495690e+03
1.850000e-06	7.476424e-06	2.513841e-08	5.298438e+01	1.492285e+03
1.860000e-06	7.419251e-06	2.503436e-08	5.257921e+01	1.488530e+03
1.870000e-06	7.359384e-06	2.498454e-08	5.215493e+01	1.484506e+03
1.880000e-06	7.296858e-06	2.494041e-08	5.171182e+01	1.480327e+03
1.890000e-06	7.231614e-06	2.482872e-08	5.124944e+01	1.476091e+03
1.900000e-06	7.163769e-06	2.480767e-08	5.076864e+01	1.471832e+03
1.910000e-06	7.093132e-06	2.470201e-08	5.026805e+01	1.467508e+03
1.920000e-06	7.019761e-06	2.463341e-08	4.974807e+01	1.463015e+03
1.930000e-06	6.943756e-06	2.453229e-08	4.920944e+01	1.458230e+03
1.940000e-06	6.864964e-06	2.443876e-08	4.865105e+01	1.453060e+03
1.950000e-06	6.783710e-06	2.437189e-08	4.807521e+01	1.447488e+03
1.960000e-06	6.700066e-06	2.424391e-08	4.748244e+01	1.441570e+03
1.970000e-06	6.613998e-06	2.417634e-08	4.687249e+01	1.435418e+03
1.980000e-06	6.525542e-06	2.405622e-08	4.624561e+01	1.429144e+03
1.990000e-06	6.434863e-06	2.396285e-08	4.560298e+01	1.422810e+03
2.000000e-06	6.341912e-06	2.384855e-08	4.494425e+01	1.416397e+03
2.010000e-06	6.246545e-06	2.372429e-08	4.426840e+01	1.409813e+03
2.020000e-06	6.149020e-06	2.361244e-08	4.357725e+01	1.402923e+03
2.030000e-06	6.049339e-06	2.347187e-08	4.287083e+01	1.395611e+03
2.040000e-06	5.947412e-06	2.335589e-08	4.214849e+01	1.387822e+03
2.050000e-06	5.843230e-06	2.320596e-08	4.141016e+01	1.379588e+03
2.060000e-06	5.737069e-06	2.307934e-08	4.065781e+01	1.371013e+03
2.070000e-06	5.629001e-06	2.292981e-08	3.989195e+01	1.362219e+03
2.080000e-06	5.518816e-06	2.278799e-08	3.911108e+01	1.353299e+03
2.090000e-06	5.406565e-06	2.262918e-08	3.831557e+01	1.344265e+03
2.100000e-06	5.292225e-06	2.246336e-08	3.750526e+01	1.335046e+03
2.110000e-06	5.175790e-06	2.229780e-08	3.668011e+01	1.325510e+03
2.120000e-06	5.057299e-06	2.212503e-08	3.584038e+01	1.315525e+03
2.130000e-06	4.936938e-06	2.195264e-08	3.498740e+01	1.305015e+03
2.140000e-06	4.814829e-06	2.176686e-08	3.412202e+01	1.293989e+03
2.150000e-06	4.690964e-06	2.159079e-08	3.324421e+01	1.282544e+03
2.160000e-06	4.565358e-06	2.139547e-08	3.235406e+01	1.270816e+03
2.170000e-06	4.438126e-06	2.119904e-08	3.145238e+01	1.258922e+03
2.180000e-06	4.309354e-06	2.098601e-08	3.053980e+01	1.246903e+03
2.190000e-06	4.179124e-06	2.077956e-08	2.961687e+01	1.234704e+03
2.200000e-06	4.047441e-06	2.055885e-08	2.868365e+01	1.222188e+03
2.210000e-06	3.914227e-06	2.033669e-08	2.773958e+01	1.209196e+03
2.220000e-06	3.779561e-06	2.010952e-08	2.678523e+01	1.195612e+03
2.230000e-06	3.643519e-06	1.987879e-08	2.582111e+01	1.181412e+03
2.240000e-06	3.506162e-06	1.964008e-08	2.484768e+01	1.166673e+03
2.250000e-06	3.367499e-06	1.938387e-08	2.386500e+01	1.151543e+03
2.260000e-06	3.227525e-06	1.912536e-08	2.287302e+01	1.136167e+03
2.270000e-06	3.086310e-06	1.885678e-08	2.187225e+01	1.120630e+03
2.280000e-06	2.943978e-06	1.858744e-08	2.086356e+01	1.104905e+03
2.290000e-06	2.800548e-06	1.830558e-08	1.984710e+01	1.088869e+03
2.300000e-06	2.656120e-06	1.802471e-08	1.882355e+01	1.072346e+03
2.310000e-06	2.510773e-06	1.773874e-08	1.779350e+01	1.055184e+03
2.320000e-06	2.364581e-06	1.744779e-08	1.675746e+01	1.037321e+03
2.330000e-06	2.217559e-06	1.714211e-08	1.571553e+01	1.018809e+03
2.340000e-06	2.069550e-06	1.682447e-08	1.466661e+01	9.997867e+02
2.350000e-06	1.920777e-06	1.650013e-08	1.361228e+01	9.804172e+02
2.360000e-06	1.771501e-06	1.616569e-08	1.255438e+01	9.608043e+02
2.370000e-06	1.621658e-06	1.582204e-08	1.149247e+01	9.409370e+02
2.380000e-06	1.471196e-06	1.546918e-08	1.042616e+01	9.206821e+02
2.390000e-06	1.320218e-06	1.511425e-08	9.356202e+00	8.998330e+02
2.400000e-06	1.168801e-06	1.475439e-08	8.283133e+00	8.781925e+02
2.410000e-06	1.016965e-06	1.438104e-08	7.207090e+00	8.556542e+02
2.420000e-06	8.648052e-07	1.399120e-08	6.128755e+00	8.322413e+02
2.430000e-06	7.123621e-07	1.359167e-08	5.048412e+00	8.080830e+02
2.440000e-06	5.596586e-07	1.318012e-08	3.966223e+00	7.833314e+02
2.450000e-06	4.067834e-07	1.275070e-08	2.882818e+00	7.580545e+02
2.460000e-06	2.537907e-07	1.230093e-08	1.798579e+00	7.321509e+02
2.470000e-06	1.006898e-07	1.184022e-08	7.135745e-01	7.053293e+02
2.480000e-06	-5.243362e-08	1.136550e-08	-3.715898e-01	6.771654e+02
2.490000e-06	-2.055365e-07	1.086588e-08	-1.456609e+00	6.472163e+02
2.500000e-06	-3.585163e-07	1.033407e-08	-2.540756e+00	6.151399e+02
2.510000e-06	-5.113209e-07	9.768499e-09	-3.623660e+00	5.807543e+02
2.520000e-06	-6.639698e-07	9.165039e-09	-4.705462e+00	5.439932e+02
2.530000e-06	-8.164105e-07	8.511995e-09	-5.785788e+00	5.047504e+02
2.540000e-06	-9.686093e-07	7.798940e-09	-6.864400e+00	4.626591e+02
2.550000e-06	-1.120417e-06	7.016041e-09	-7.940240e+00	4.168931e+02
2.560000e-06	-1.271773e-06	6.154076e-09	-9.012879e+00	3.660863e+02
2.570000e-06	-1.422652e-06	5.188452e-09	-1.008214e+01	3.084460e+02
2.580000e-06	-1.572930e-06	4.087820e-09	-1.114714e+01	2.420722e+02
2.590000e-06	-1.722598e-06	2.826579e-09	-1.220782e+01	1.654282e+02
2.600000e-06	-1.871715e-06	1.387397e-09	-1.326459e+01	7.784311e+01
2.610000e-06	-2.020269e-06	-2.361646e-10	-1.431737e+01	-2.010176e+01
2.620000e-06	-2.168103e-06	-2.023810e-09	-1.536505e+01	-1.264285e+02
2.630000e-06	-2.315071e-06	-3.918135e-09	-1.640659e+01	-2.379276e+02
2.640000e-06	-2.461160e-06	-5.836897e-09	-1.744190e+01	-3.506109e+02
2.650000e-06	-2.606391e-06	-7.695188e-09	-1.847113e+01	-4.603466e+02
2.660000e-06	-2.750723e-06	-9.429117e-09	-1.949399e+01	-5.635187e+02
2.670000e-06	-2.894051e-06	-1.100292e-08	-2.050974e+01	-6.575461e+02
2.680000e-06	-3.036238e-06	-1.240173e-08	-2.151740e+01	-7.411429e+02
2.690000e-06	-3.177256e-06	-1.363371e-08	-2.251678e+01	-8.142762e+02
2.700000e-06	-3.317113e-06	-1.471803e-08	-2.350792e+01	-8.778707e+02
2.710000e-06	-3.455694e-06	-1.567448e-08	-2.449003e+01	-9.333680e+02
2.720000e-06	-3.592987e-06	-1.651816e-08	-2.546300e+01	-9.822829e+02
2.730000e-06	-3.728903e-06	-1.726216e-08	-2.642622e+01	-1.025875e+03
2.740000e-06	-3.863370e-06	-1.792348e-08	-2.737917e+01	-1.065000e+03
2.750000e-06	-3.996479e-06	-1.851126e-08	-2.832249e+01	-1.100147e+03
2.760000e-06	-4.128188e-06	-1.903233e-08	-2.925589e+01	-1.131584e+03
2.770000e-06	-4.258388e-06	-1.949570e-08	-3.017861e+01	-1.159551e+03
2.780000e-06	-4.387138e-06	-1.991257e-08	-3.109104e+01	-1.184387e+03
2.790000e-06	-4.514408e-06	-2.029435e-08	-3.199298e+01	-1.206578e+03
2.800000e-06	-4.640060e-06	-2.064489e-08	-3.288346e+01	-1.226690e+03
2.810000e-06	-4.764042e-06	-2.096721e-08	-3.376211e+01	-1.245264e+03
2.820000e-06	-4.886288e-06	-2.126703e-08	-3.462844e+01	-1.262698e+03
2.830000e-06	-5.006739e-06	-2.154654e-08	-3.548206e+01	-1.279190e+03
2.840000e-06	-5.125273e-06	-2.180389e-08	-3.632210e+01	-1.294754e+03
2.850000e-06	-5.241767e-06	-2.204075e-08	-3.714768e+01	-1.309300e+03
2.860000e-06	-5.356136e-06	-2.226191e-08	-3.795820e+01	-1.322740e+03
2.870000e-06	-5.468363e-06	-2.246986e-08	-3.875353e+01	-1.335073e+03
2.880000e-06	-5.578563e-06	-2.266341e-08	-3.953450e+01	-1.346424e+03
2.890000e-06	-5.686728e-06	-2.284550e-08	-4.030106e+01	-1.357014e+03
2.900000e-06	-5.792958e-06	-2.302116e-08	-4.105389e+01	-1.367085e+03
2.910000e-06	-5.897221e-06	-2.319063e-08	-4.179279e+01	-1.376824e+03
2.920000e-06	-5.999296e-06	-2.335161e-08	-4.251618e+01	-1.386302e+03
2.930000e-06	-6.099127e-06	-2.350205e-08	-4.322367e+01	-1.395472e+03
2.940000e-06	-6.196815e-06	-2.364474e-08	-4.391597e+01	-1.404213e+03
2.950000e-06	-6.292400e-06	-2.378247e-08	-4.459337e+01	-1.412397e+03
2.960000e-06	-6.385730e-06	-2.391487e-08	-4.525478e+01	-1.419959e+03
2.970000e-06	-6.476775e-06	-2.403683e-08	-4.590001e+01	-1.426930e+03
2.980000e-06	-6.565604e-06	-2.415052e-08	-4.652953e+01	-1.433427e+03
2.990000e-06	-6.652114e-06	-2.426096e-08	-4.714261e+01	-1.439607e+03
3.000000e-06	-6.736168e-06	-2.436657e-08	-4.773829e+01	-1.445602e+03
3.010000e-06	-6.817894e-06	-2.446323e-08	-4.831747e+01	-1.451474e+03
3.020000e-06	-6.897200e-06	-2.455261e-08	-4.887950e+01	-1.457197e+03
3.030000e-06	-6.973844e-06	-2.464045e-08	-4.942267e+01	-1.462681e+03
3.040000e-06	-7.047826e-06	-2.472714e-08	-4.994696e+01	-1.467823e+03
3.050000e-06	-7.119161e-06	-2.480831e-08	-5.045251e+01	-1.472556e+03
3.060000e-06	-7.187926e-06	-2.488256e-08	-5.093984e+01	-1.476886e+03
3.070000e-06	-7.254228e-06	-2.495340e-08	-5.140971e+01	-1.480886e+03
3.080000e-06	-7.317987e-06	-2.502289e-08	-5.186156e+01	-1.484668e+03
3.090000e-06	-7.379099e-06	-2.508662e-08	-5.229465e+01	-1.488336e+03
3.100000e-06	-7.437534e-06	-2.514425e-08	-5.270878e+01	-1.491938e+03
3.110000e-06	-7.493236e-06	-2.519968e-08	-5.310353e+01	-1.495458e+03
3.120000e-06	-7.546120e-06	-2.525439e-08	-5.347831e+01	-1.498818e+03
3.130000e-06	-7.595974e-06	-2.530654e-08	-5.383162e+01	-1.501927e+03
3.140000e-06	-7.642814e-06	-2.535331e-08	-5.416356e+01	-1.504713e+03
3.150000e-06	-7.687038e-06	-2.539579e-08	-5.447697e+01	-1.507163e+03
3.160000e-06	-7.728843e-06	-2.543564e-08	-5.477324e+01	-1.509322e+03
3.170000e-06	-7.768005e-06	-2.547221e-08	-5.505078e+01	-1.511271e+03
3.180000e-06	-7.804352e-06	-2.550254e-08	-5.530836e+01	-1.513094e+03
3.190000e-06	-7.838016e-06	-2.552971e-08	-5.554694e+01	-1.514839e+03
3.200000e-06	-7.868900e-06	-2.555687e-08	-5.576580e+01	-1.516499e+03
3.210000e-06	-7.896854e-06	-2.558230e-08	-5.596391e+01	-1.518022e+03
3.220000e-06	-7.922028e-06	-2.560320e-08	-5.614232e+01	-1.519337e+03
3.230000e-06	-7.944375e-06	-2.561998e-08	-5.630068e+01	-1.520389e+03
3.240000e-06	-7.963845e-06	-2.563576e-08	-5.643866e+01	-1.521165e+03
3.250000e-06	-7.980585e-06	-2.564875e-08	-5.655730e+01	-1.521701e+03
3.260000e-06	-7.994330e-06	-2.565581e-08	-5.665471e+01	-1.522064e+03
3.270000e-06	-8.004973e-06	-2.565737e-08	-5.673013e+01	-1.522321e+03
3.280000e-06	-8.012755e-06	-2.565825e-08	-5.678529e+01	-1.522512e+03
3.290000e-06	-8.017655e-06	-2.566174e-08	-5.682001e+01	-1.522628e+03
3.300000e-06	-8.019713e-06	-2.566401e-08	-5.683459e+01	-1.522626e+03
3.310000e-06	-8.019055e-06	-2.565791e-08	-5.682993e+01	-1.522445e+03
