# Temperatura_=_40.17
# Concentracion g/m^3_=_20000.0
# C_Vs_to_Am_M_A/Vsm_=_59384043850.047264
# pendiente_HvsI_1/m_=_3716.3
# ordenada_HvsI_A/m_=_1297.0
# frecuencia_Hz_=_301341.54476679483

Tiempo_(s)	Campo_(V.s)	Magnetizacion_(V.s)	Campo_(kA/m)	Magnetizacion_(A/m)
0.000000e+00	-6.723474e-06	-2.557016e-08	-4.770916e+01	-1.517941e+03
1.000000e-08	-6.719875e-06	-2.556581e-08	-4.768362e+01	-1.517808e+03
2.000000e-08	-6.714090e-06	-2.556278e-08	-4.764257e+01	-1.517534e+03
3.000000e-08	-6.706233e-06	-2.555661e-08	-4.758682e+01	-1.517108e+03
4.000000e-08	-6.696094e-06	-2.554628e-08	-4.751487e+01	-1.516519e+03
5.000000e-08	-6.683517e-06	-2.553186e-08	-4.742563e+01	-1.515768e+03
6.000000e-08	-6.668496e-06	-2.552748e-08	-4.731904e+01	-1.514868e+03
7.000000e-08	-6.650984e-06	-2.552141e-08	-4.719478e+01	-1.513839e+03
8.000000e-08	-6.631053e-06	-2.545230e-08	-4.705335e+01	-1.512703e+03
9.000000e-08	-6.608599e-06	-2.538380e-08	-4.689402e+01	-1.511478e+03
1.000000e-07	-6.583399e-06	-2.540037e-08	-4.671520e+01	-1.510174e+03
1.100000e-07	-6.555770e-06	-2.542694e-08	-4.651914e+01	-1.508787e+03
1.200000e-07	-6.526248e-06	-2.540150e-08	-4.630966e+01	-1.507305e+03
1.300000e-07	-6.495075e-06	-2.540274e-08	-4.608846e+01	-1.505715e+03
1.400000e-07	-6.462170e-06	-2.538439e-08	-4.585497e+01	-1.504003e+03
1.500000e-07	-6.427020e-06	-2.526539e-08	-4.560555e+01	-1.502164e+03
1.600000e-07	-6.389681e-06	-2.530006e-08	-4.534059e+01	-1.500198e+03
1.700000e-07	-6.350299e-06	-2.523586e-08	-4.506115e+01	-1.498115e+03
1.800000e-07	-6.308349e-06	-2.513879e-08	-4.476347e+01	-1.495929e+03
1.900000e-07	-6.263996e-06	-2.520182e-08	-4.444875e+01	-1.493653e+03
2.000000e-07	-6.217478e-06	-2.512855e-08	-4.411866e+01	-1.491297e+03
2.100000e-07	-6.168495e-06	-2.511243e-08	-4.377108e+01	-1.488867e+03
2.200000e-07	-6.116933e-06	-2.506635e-08	-4.340520e+01	-1.486365e+03
2.300000e-07	-6.062897e-06	-2.497410e-08	-4.302177e+01	-1.483787e+03
2.400000e-07	-6.006597e-06	-2.496640e-08	-4.262227e+01	-1.481126e+03
2.500000e-07	-5.948067e-06	-2.490195e-08	-4.220694e+01	-1.478375e+03
2.600000e-07	-5.887329e-06	-2.486382e-08	-4.177595e+01	-1.475522e+03
2.700000e-07	-5.824575e-06	-2.483391e-08	-4.133065e+01	-1.472558e+03
2.800000e-07	-5.759787e-06	-2.477646e-08	-4.087092e+01	-1.469474e+03
2.900000e-07	-5.692843e-06	-2.471617e-08	-4.039590e+01	-1.466265e+03
3.000000e-07	-5.623764e-06	-2.464173e-08	-3.990572e+01	-1.462932e+03
3.100000e-07	-5.552724e-06	-2.460134e-08	-3.940162e+01	-1.459479e+03
3.200000e-07	-5.479722e-06	-2.451756e-08	-3.888361e+01	-1.455919e+03
3.300000e-07	-5.404496e-06	-2.447451e-08	-3.834981e+01	-1.452262e+03
3.400000e-07	-5.327022e-06	-2.443705e-08	-3.780006e+01	-1.448519e+03
3.500000e-07	-5.247429e-06	-2.435011e-08	-3.723528e+01	-1.444694e+03
3.600000e-07	-5.165848e-06	-2.428931e-08	-3.665638e+01	-1.440783e+03
3.700000e-07	-5.082498e-06	-2.420908e-08	-3.606495e+01	-1.436773e+03
3.800000e-07	-4.997503e-06	-2.414383e-08	-3.546183e+01	-1.432647e+03
3.900000e-07	-4.910920e-06	-2.407191e-08	-3.484744e+01	-1.428391e+03
4.000000e-07	-4.822681e-06	-2.400407e-08	-3.422130e+01	-1.423993e+03
4.100000e-07	-4.732699e-06	-2.392970e-08	-3.358280e+01	-1.419453e+03
4.200000e-07	-4.640971e-06	-2.384763e-08	-3.293190e+01	-1.414777e+03
4.300000e-07	-4.547555e-06	-2.377627e-08	-3.226903e+01	-1.409978e+03
4.400000e-07	-4.452502e-06	-2.368341e-08	-3.159455e+01	-1.405073e+03
4.500000e-07	-4.355837e-06	-2.359875e-08	-3.090862e+01	-1.400071e+03
4.600000e-07	-4.257620e-06	-2.351128e-08	-3.021168e+01	-1.394977e+03
4.700000e-07	-4.157813e-06	-2.342746e-08	-2.950346e+01	-1.389787e+03
4.800000e-07	-4.056497e-06	-2.333910e-08	-2.878453e+01	-1.384492e+03
4.900000e-07	-3.953856e-06	-2.324737e-08	-2.805620e+01	-1.379083e+03
5.000000e-07	-3.849885e-06	-2.315837e-08	-2.731843e+01	-1.373552e+03
5.100000e-07	-3.744453e-06	-2.306213e-08	-2.657029e+01	-1.367895e+03
5.200000e-07	-3.637531e-06	-2.296725e-08	-2.581159e+01	-1.362114e+03
5.300000e-07	-3.529275e-06	-2.286378e-08	-2.504341e+01	-1.356210e+03
5.400000e-07	-3.419789e-06	-2.276407e-08	-2.426651e+01	-1.350186e+03
5.500000e-07	-3.309102e-06	-2.266435e-08	-2.348108e+01	-1.344039e+03
5.600000e-07	-3.197270e-06	-2.256139e-08	-2.268753e+01	-1.337765e+03
5.700000e-07	-3.084261e-06	-2.245241e-08	-2.188563e+01	-1.331355e+03
5.800000e-07	-2.970047e-06	-2.234285e-08	-2.107519e+01	-1.324802e+03
5.900000e-07	-2.854669e-06	-2.223355e-08	-2.025647e+01	-1.318103e+03
6.000000e-07	-2.738126e-06	-2.211855e-08	-1.942949e+01	-1.311258e+03
6.100000e-07	-2.620505e-06	-2.199875e-08	-1.859486e+01	-1.304271e+03
6.200000e-07	-2.501908e-06	-2.187881e-08	-1.775331e+01	-1.297144e+03
6.300000e-07	-2.382464e-06	-2.176265e-08	-1.690575e+01	-1.289881e+03
6.400000e-07	-2.262278e-06	-2.163999e-08	-1.605292e+01	-1.282477e+03
6.500000e-07	-2.141267e-06	-2.151197e-08	-1.519424e+01	-1.274927e+03
6.600000e-07	-2.019340e-06	-2.138028e-08	-1.432905e+01	-1.267222e+03
6.700000e-07	-1.896644e-06	-2.124822e-08	-1.345841e+01	-1.259354e+03
6.800000e-07	-1.773302e-06	-2.111205e-08	-1.258319e+01	-1.251321e+03
6.900000e-07	-1.649293e-06	-2.097089e-08	-1.170323e+01	-1.243123e+03
7.000000e-07	-1.524686e-06	-2.082883e-08	-1.081903e+01	-1.234764e+03
7.100000e-07	-1.399533e-06	-2.068774e-08	-9.930958e+00	-1.226246e+03
7.200000e-07	-1.273917e-06	-2.054749e-08	-9.039598e+00	-1.217567e+03
7.300000e-07	-1.147901e-06	-2.039989e-08	-8.145403e+00	-1.208719e+03
7.400000e-07	-1.021553e-06	-2.024672e-08	-7.248845e+00	-1.199688e+03
7.500000e-07	-8.948622e-07	-2.008947e-08	-6.349861e+00	-1.190462e+03
7.600000e-07	-7.678585e-07	-1.992987e-08	-5.448654e+00	-1.181029e+03
7.700000e-07	-6.406228e-07	-1.976797e-08	-4.545801e+00	-1.171383e+03
7.800000e-07	-5.131660e-07	-1.960166e-08	-3.641379e+00	-1.161523e+03
7.900000e-07	-3.855444e-07	-1.943201e-08	-2.735788e+00	-1.151444e+03
8.000000e-07	-2.578390e-07	-1.925903e-08	-1.829602e+00	-1.141136e+03
8.100000e-07	-1.300560e-07	-1.908347e-08	-9.228658e-01	-1.130570e+03
8.200000e-07	-2.242894e-09	-1.890220e-08	-1.591537e-02	-1.119700e+03
8.300000e-07	1.255392e-07	-1.871360e-08	8.908147e-01	-1.108468e+03
8.400000e-07	2.532914e-07	-1.851578e-08	1.797333e+00	-1.096814e+03
8.500000e-07	3.809745e-07	-1.830902e-08	2.703360e+00	-1.084692e+03
8.600000e-07	5.085343e-07	-1.809502e-08	3.608513e+00	-1.072081e+03
8.700000e-07	6.359129e-07	-1.787308e-08	4.512380e+00	-1.058992e+03
8.800000e-07	7.631085e-07	-1.764515e-08	5.414948e+00	-1.045468e+03
8.900000e-07	8.901128e-07	-1.741397e-08	6.316160e+00	-1.031565e+03
9.000000e-07	1.016772e-06	-1.717668e-08	7.214922e+00	-1.017337e+03
9.100000e-07	1.142985e-06	-1.693035e-08	8.110520e+00	-1.002812e+03
9.200000e-07	1.268829e-06	-1.667655e-08	9.003492e+00	-9.879803e+02
9.300000e-07	1.394323e-06	-1.641803e-08	9.893989e+00	-9.727896e+02
9.400000e-07	1.519404e-06	-1.615444e-08	1.078155e+01	-9.571500e+02
9.500000e-07	1.643936e-06	-1.588014e-08	1.166522e+01	-9.409469e+02
9.600000e-07	1.767831e-06	-1.559463e-08	1.254437e+01	-9.240539e+02
9.700000e-07	1.891102e-06	-1.529804e-08	1.341909e+01	-9.063402e+02
9.800000e-07	2.013716e-06	-1.498482e-08	1.428915e+01	-8.876685e+02
9.900000e-07	2.135558e-06	-1.464882e-08	1.515372e+01	-8.678841e+02
1.000000e-06	2.256572e-06	-1.428919e-08	1.601243e+01	-8.467989e+02
1.010000e-06	2.376740e-06	-1.390517e-08	1.686513e+01	-8.241764e+02
1.020000e-06	2.496048e-06	-1.349110e-08	1.771173e+01	-7.997218e+02
1.030000e-06	2.614450e-06	-1.304109e-08	1.855190e+01	-7.730810e+02
1.040000e-06	2.731909e-06	-1.254530e-08	1.938538e+01	-7.438436e+02
1.050000e-06	2.848416e-06	-1.199857e-08	2.021210e+01	-7.115475e+02
1.060000e-06	2.963797e-06	-1.138997e-08	2.103084e+01	-6.756785e+02
1.070000e-06	3.077853e-06	-1.070764e-08	2.184017e+01	-6.356634e+02
1.080000e-06	3.190584e-06	-9.941869e-09	2.264009e+01	-5.908622e+02
1.090000e-06	3.302148e-06	-9.083300e-09	2.343174e+01	-5.405686e+02
1.100000e-06	3.412628e-06	-8.121177e-09	2.421570e+01	-4.840331e+02
1.110000e-06	3.522022e-06	-7.039553e-09	2.499195e+01	-4.205204e+02
1.120000e-06	3.630324e-06	-5.827615e-09	2.576045e+01	-3.494044e+02
1.130000e-06	3.737315e-06	-4.479413e-09	2.651965e+01	-2.702938e+02
1.140000e-06	3.842802e-06	-2.994452e-09	2.726817e+01	-1.831669e+02
1.150000e-06	3.946822e-06	-1.379930e-09	2.800629e+01	-8.848616e+01
1.160000e-06	4.049444e-06	3.442821e-10	2.873449e+01	1.273859e+01
1.170000e-06	4.150716e-06	2.149423e-09	2.945310e+01	1.189628e+02
1.180000e-06	4.250539e-06	4.000711e-09	3.016144e+01	2.282042e+02
1.190000e-06	4.348667e-06	5.863055e-09	3.085774e+01	3.382139e+02
1.200000e-06	4.445052e-06	7.695767e-09	3.154169e+01	4.466934e+02
1.210000e-06	4.539809e-06	9.460214e-09	3.221407e+01	5.515179e+02
1.220000e-06	4.633109e-06	1.112941e-08	3.287612e+01	6.509239e+02
1.230000e-06	4.725028e-06	1.268369e-08	3.352837e+01	7.436302e+02
1.240000e-06	4.815251e-06	1.411042e-08	3.416858e+01	8.288759e+02
1.250000e-06	4.903603e-06	1.540664e-08	3.479552e+01	9.063806e+02
1.260000e-06	4.990236e-06	1.657285e-08	3.541026e+01	9.762467e+02
1.270000e-06	5.075264e-06	1.761502e-08	3.601361e+01	1.038836e+03
1.280000e-06	5.158586e-06	1.854434e-08	3.660485e+01	1.094652e+03
1.290000e-06	5.239981e-06	1.937102e-08	3.718243e+01	1.144245e+03
1.300000e-06	5.319412e-06	2.010280e-08	3.774606e+01	1.188165e+03
1.310000e-06	5.396964e-06	2.074900e-08	3.829636e+01	1.226938e+03
1.320000e-06	5.472517e-06	2.131830e-08	3.883248e+01	1.261073e+03
1.330000e-06	5.545849e-06	2.181709e-08	3.935284e+01	1.291069e+03
1.340000e-06	5.617117e-06	2.225281e-08	3.985855e+01	1.317423e+03
1.350000e-06	5.686511e-06	2.263393e-08	4.035097e+01	1.340616e+03
1.360000e-06	5.753912e-06	2.297284e-08	4.082923e+01	1.361099e+03
1.370000e-06	5.819127e-06	2.327580e-08	4.129199e+01	1.379268e+03
1.380000e-06	5.882215e-06	2.354669e-08	4.173966e+01	1.395448e+03
1.390000e-06	5.943392e-06	2.378878e-08	4.217377e+01	1.409892e+03
1.400000e-06	6.002523e-06	2.400438e-08	4.259336e+01	1.422791e+03
1.410000e-06	6.059417e-06	2.419500e-08	4.299707e+01	1.434293e+03
1.420000e-06	6.114098e-06	2.436021e-08	4.338508e+01	1.444529e+03
1.430000e-06	6.166473e-06	2.450498e-08	4.375673e+01	1.453628e+03
1.440000e-06	6.216228e-06	2.463675e-08	4.410979e+01	1.461725e+03
1.450000e-06	6.263493e-06	2.475606e-08	4.444518e+01	1.468954e+03
1.460000e-06	6.308675e-06	2.486300e-08	4.476578e+01	1.475441e+03
1.470000e-06	6.351670e-06	2.495962e-08	4.507088e+01	1.481288e+03
1.480000e-06	6.392286e-06	2.504843e-08	4.535908e+01	1.486569e+03
1.490000e-06	6.430664e-06	2.512991e-08	4.563141e+01	1.491331e+03
1.500000e-06	6.467006e-06	2.520050e-08	4.588928e+01	1.495600e+03
1.510000e-06	6.500991e-06	2.526026e-08	4.613044e+01	1.499394e+03
1.520000e-06	6.532526e-06	2.531370e-08	4.635421e+01	1.502738e+03
1.530000e-06	6.561940e-06	2.536206e-08	4.656293e+01	1.505665e+03
1.540000e-06	6.589109e-06	2.540445e-08	4.675572e+01	1.508219e+03
1.550000e-06	6.613769e-06	2.543965e-08	4.693070e+01	1.510448e+03
1.560000e-06	6.636039e-06	2.547023e-08	4.708873e+01	1.512393e+03
1.570000e-06	6.656204e-06	2.549900e-08	4.723182e+01	1.514085e+03
1.580000e-06	6.674073e-06	2.552370e-08	4.735861e+01	1.515542e+03
1.590000e-06	6.689422e-06	2.554247e-08	4.746753e+01	1.516771e+03
1.600000e-06	6.702298e-06	2.555737e-08	4.755889e+01	1.517775e+03
1.610000e-06	6.712559e-06	2.556860e-08	4.763170e+01	1.518562e+03
1.620000e-06	6.720240e-06	2.557469e-08	4.768621e+01	1.519148e+03
1.630000e-06	6.725621e-06	2.557803e-08	4.772439e+01	1.519553e+03
1.640000e-06	6.728702e-06	2.558094e-08	4.774625e+01	1.519802e+03
1.650000e-06	6.729335e-06	2.558309e-08	4.775075e+01	1.519913e+03
1.660000e-06	6.727676e-06	2.558926e-08	4.773898e+01	1.519896e+03
1.670000e-06	6.724002e-06	2.559005e-08	4.771291e+01	1.519748e+03
1.680000e-06	6.718038e-06	2.558349e-08	4.767059e+01	1.519459e+03
1.690000e-06	6.709768e-06	2.557115e-08	4.761190e+01	1.519015e+03
1.700000e-06	6.699465e-06	2.555547e-08	4.753880e+01	1.518408e+03
1.710000e-06	6.686834e-06	2.553893e-08	4.744917e+01	1.517641e+03
1.720000e-06	6.671838e-06	2.550231e-08	4.734276e+01	1.516726e+03
1.730000e-06	6.654846e-06	2.551273e-08	4.722218e+01	1.515684e+03
1.740000e-06	6.635688e-06	2.557813e-08	4.708624e+01	1.514538e+03
1.750000e-06	6.613540e-06	2.554028e-08	4.692908e+01	1.513305e+03
1.760000e-06	6.588253e-06	2.546212e-08	4.674964e+01	1.511992e+03
1.770000e-06	6.560456e-06	2.541879e-08	4.655240e+01	1.510595e+03
1.780000e-06	6.530431e-06	2.531456e-08	4.633935e+01	1.509103e+03
1.790000e-06	6.498619e-06	2.536321e-08	4.611361e+01	1.507500e+03
1.800000e-06	6.465157e-06	2.542914e-08	4.587616e+01	1.505775e+03
1.810000e-06	6.429539e-06	2.524198e-08	4.562342e+01	1.503921e+03
1.820000e-06	6.391675e-06	2.529828e-08	4.535474e+01	1.501942e+03
1.830000e-06	6.351569e-06	2.529476e-08	4.507016e+01	1.499848e+03
1.840000e-06	6.309217e-06	2.516935e-08	4.476963e+01	1.497651e+03
1.850000e-06	6.264810e-06	2.520466e-08	4.445452e+01	1.495366e+03
1.860000e-06	6.218065e-06	2.503519e-08	4.412282e+01	1.493002e+03
1.870000e-06	6.169025e-06	2.507003e-08	4.377484e+01	1.490565e+03
1.880000e-06	6.117737e-06	2.510647e-08	4.341090e+01	1.488054e+03
1.890000e-06	6.063793e-06	2.497548e-08	4.302813e+01	1.485468e+03
1.900000e-06	6.007553e-06	2.498481e-08	4.262905e+01	1.482798e+03
1.910000e-06	5.949255e-06	2.486346e-08	4.221537e+01	1.480036e+03
1.920000e-06	5.888835e-06	2.485728e-08	4.178664e+01	1.477172e+03
1.930000e-06	5.826229e-06	2.481631e-08	4.134239e+01	1.474196e+03
1.940000e-06	5.761417e-06	2.469865e-08	4.088249e+01	1.471098e+03
1.950000e-06	5.694657e-06	2.472546e-08	4.040877e+01	1.467876e+03
1.960000e-06	5.625690e-06	2.464376e-08	3.991939e+01	1.464529e+03
1.970000e-06	5.554467e-06	2.463224e-08	3.941399e+01	1.461065e+03
1.980000e-06	5.481301e-06	2.449447e-08	3.889481e+01	1.457493e+03
1.990000e-06	5.406083e-06	2.441736e-08	3.836107e+01	1.453827e+03
2.000000e-06	5.328697e-06	2.442815e-08	3.781195e+01	1.450075e+03
2.010000e-06	5.249146e-06	2.431182e-08	3.724746e+01	1.446241e+03
2.020000e-06	5.167758e-06	2.427778e-08	3.666994e+01	1.442320e+03
2.030000e-06	5.084641e-06	2.417650e-08	3.608015e+01	1.438298e+03
2.040000e-06	4.999703e-06	2.414860e-08	3.547744e+01	1.434159e+03
2.050000e-06	4.912886e-06	2.406548e-08	3.486139e+01	1.429888e+03
2.060000e-06	4.824269e-06	2.395813e-08	3.423258e+01	1.425475e+03
2.070000e-06	4.734074e-06	2.390261e-08	3.359256e+01	1.420920e+03
2.080000e-06	4.642217e-06	2.381791e-08	3.294075e+01	1.416230e+03
2.090000e-06	4.548713e-06	2.376723e-08	3.227725e+01	1.411419e+03
2.100000e-06	4.453524e-06	2.364603e-08	3.160180e+01	1.406503e+03
2.110000e-06	4.356740e-06	2.357473e-08	3.091503e+01	1.401491e+03
2.120000e-06	4.258526e-06	2.349585e-08	3.021811e+01	1.396387e+03
2.130000e-06	4.158893e-06	2.340951e-08	2.951113e+01	1.391186e+03
2.140000e-06	4.057677e-06	2.331133e-08	2.879291e+01	1.385880e+03
2.150000e-06	3.954834e-06	2.320774e-08	2.806314e+01	1.380458e+03
2.160000e-06	3.850543e-06	2.313629e-08	2.732310e+01	1.374913e+03
2.170000e-06	3.744876e-06	2.303719e-08	2.657330e+01	1.369243e+03
2.180000e-06	3.638032e-06	2.293356e-08	2.581514e+01	1.363448e+03
2.190000e-06	3.529957e-06	2.282167e-08	2.504825e+01	1.357532e+03
2.200000e-06	3.420559e-06	2.273382e-08	2.427197e+01	1.351495e+03
2.210000e-06	3.309874e-06	2.263186e-08	2.348656e+01	1.345335e+03
2.220000e-06	3.197932e-06	2.251592e-08	2.269223e+01	1.339046e+03
2.230000e-06	3.084806e-06	2.239847e-08	2.188951e+01	1.332621e+03
2.240000e-06	2.970503e-06	2.229892e-08	2.107842e+01	1.326053e+03
2.250000e-06	2.855101e-06	2.219169e-08	2.025954e+01	1.319338e+03
2.260000e-06	2.738535e-06	2.206642e-08	1.943240e+01	1.312477e+03
2.270000e-06	2.620840e-06	2.194141e-08	1.859724e+01	1.305475e+03
2.280000e-06	2.502112e-06	2.182148e-08	1.775476e+01	1.298334e+03
2.290000e-06	2.382420e-06	2.170621e-08	1.690544e+01	1.291056e+03
2.300000e-06	2.261905e-06	2.157177e-08	1.605027e+01	1.283637e+03
2.310000e-06	2.140623e-06	2.144242e-08	1.518966e+01	1.276070e+03
2.320000e-06	2.018658e-06	2.131815e-08	1.432421e+01	1.268348e+03
2.330000e-06	1.896021e-06	2.119279e-08	1.345399e+01	1.260462e+03
2.340000e-06	1.772744e-06	2.105146e-08	1.257923e+01	1.252411e+03
2.350000e-06	1.648897e-06	2.090761e-08	1.170042e+01	1.244196e+03
2.360000e-06	1.524394e-06	2.077053e-08	1.081696e+01	1.235820e+03
2.370000e-06	1.399189e-06	2.062526e-08	9.928517e+00	1.227285e+03
2.380000e-06	1.273450e-06	2.047305e-08	9.036282e+00	1.218588e+03
2.390000e-06	1.147333e-06	2.031877e-08	8.141371e+00	1.209721e+03
2.400000e-06	1.020841e-06	2.017251e-08	7.243792e+00	1.200670e+03
2.410000e-06	8.939430e-07	2.002098e-08	6.343338e+00	1.191422e+03
2.420000e-06	7.667533e-07	1.985953e-08	5.440812e+00	1.181966e+03
2.430000e-06	6.392981e-07	1.969486e-08	4.536401e+00	1.172298e+03
2.440000e-06	5.115432e-07	1.952823e-08	3.629864e+00	1.162414e+03
2.450000e-06	3.835635e-07	1.935842e-08	2.721731e+00	1.152312e+03
2.460000e-06	2.554357e-07	1.918066e-08	1.812549e+00	1.141978e+03
2.470000e-06	1.272135e-07	1.900003e-08	9.026954e-01	1.131381e+03
2.480000e-06	-1.048474e-09	1.881756e-08	-7.439877e-03	1.120476e+03
2.490000e-06	-1.293071e-07	1.862945e-08	-9.175517e-01	1.109201e+03
2.500000e-06	-2.575041e-07	1.843330e-08	-1.827226e+00	1.097499e+03
2.510000e-06	-3.855532e-07	1.822863e-08	-2.735851e+00	1.085325e+03
2.520000e-06	-5.134440e-07	1.801654e-08	-3.643352e+00	1.072661e+03
2.530000e-06	-6.411836e-07	1.779577e-08	-4.549781e+00	1.059524e+03
2.540000e-06	-7.686926e-07	1.756668e-08	-5.454573e+00	1.045956e+03
2.550000e-06	-8.958559e-07	1.732985e-08	-6.356912e+00	1.032016e+03
2.560000e-06	-1.022667e-06	1.708764e-08	-7.256753e+00	1.017755e+03
2.570000e-06	-1.149129e-06	1.684469e-08	-8.154116e+00	1.003199e+03
2.580000e-06	-1.275201e-06	1.659940e-08	-9.048712e+00	9.883318e+02
2.590000e-06	-1.400794e-06	1.634546e-08	-9.939905e+00	9.730978e+02
2.600000e-06	-1.525858e-06	1.607994e-08	-1.082735e+01	9.574036e+02
2.610000e-06	-1.650345e-06	1.580680e-08	-1.171070e+01	9.411327e+02
2.620000e-06	-1.774160e-06	1.552468e-08	-1.258927e+01	9.241581e+02
2.630000e-06	-1.897293e-06	1.522620e-08	-1.346302e+01	9.063485e+02
2.640000e-06	-2.019749e-06	1.490943e-08	-1.433196e+01	8.875654e+02
2.650000e-06	-2.141503e-06	1.457393e-08	-1.519591e+01	8.676513e+02
2.660000e-06	-2.262522e-06	1.421833e-08	-1.605465e+01	8.464137e+02
2.670000e-06	-2.382765e-06	1.383763e-08	-1.690788e+01	8.236100e+02
2.680000e-06	-2.502163e-06	1.342413e-08	-1.775512e+01	7.989391e+02
2.690000e-06	-2.620618e-06	1.297351e-08	-1.859566e+01	7.720406e+02
2.700000e-06	-2.738004e-06	1.248286e-08	-1.942863e+01	7.424985e+02
2.710000e-06	-2.854253e-06	1.194236e-08	-2.025352e+01	7.098452e+02
2.720000e-06	-2.969326e-06	1.133830e-08	-2.107007e+01	6.735605e+02
2.730000e-06	-3.083212e-06	1.066084e-08	-2.187819e+01	6.330644e+02
2.740000e-06	-3.195897e-06	9.904126e-09	-2.267779e+01	5.877096e+02
2.750000e-06	-3.307265e-06	9.057713e-09	-2.346805e+01	5.367834e+02
2.760000e-06	-3.417278e-06	8.104153e-09	-2.424869e+01	4.795345e+02
2.770000e-06	-3.526067e-06	7.031893e-09	-2.502065e+01	4.152340e+02
2.780000e-06	-3.633766e-06	5.836210e-09	-2.578487e+01	3.432747e+02
2.790000e-06	-3.740353e-06	4.508882e-09	-2.654121e+01	2.632985e+02
2.800000e-06	-3.845671e-06	3.044078e-09	-2.728853e+01	1.753308e+02
2.810000e-06	-3.949615e-06	1.450216e-09	-2.802611e+01	7.989073e+01
2.820000e-06	-4.052109e-06	-2.513452e-10	-2.875339e+01	-2.195240e+01
2.830000e-06	-4.153063e-06	-2.035454e-09	-2.946976e+01	-1.286011e+02
2.840000e-06	-4.252514e-06	-3.873459e-09	-3.017545e+01	-2.380351e+02
2.850000e-06	-4.350527e-06	-5.724967e-09	-3.087095e+01	-3.479896e+02
2.860000e-06	-4.447091e-06	-7.546721e-09	-3.155615e+01	-4.561742e+02
2.870000e-06	-4.542113e-06	-9.303381e-09	-3.223042e+01	-5.604947e+02
2.880000e-06	-4.635438e-06	-1.097007e-08	-3.289264e+01	-6.592350e+02
2.890000e-06	-4.727053e-06	-1.252679e-08	-3.354273e+01	-7.511693e+02
2.900000e-06	-4.817062e-06	-1.395712e-08	-3.418144e+01	-8.355914e+02
2.910000e-06	-4.905433e-06	-1.525529e-08	-3.480850e+01	-9.122671e+02
2.920000e-06	-4.991990e-06	-1.642863e-08	-3.542270e+01	-9.813329e+02
2.930000e-06	-5.076622e-06	-1.748108e-08	-3.602325e+01	-1.043171e+03
2.940000e-06	-5.159509e-06	-1.841430e-08	-3.661141e+01	-1.098293e+03
2.950000e-06	-5.240730e-06	-1.924245e-08	-3.718774e+01	-1.147253e+03
2.960000e-06	-5.320136e-06	-1.997967e-08	-3.775120e+01	-1.190597e+03
2.970000e-06	-5.397445e-06	-2.063250e-08	-3.829978e+01	-1.228849e+03
2.980000e-06	-5.472524e-06	-2.120456e-08	-3.883253e+01	-1.262516e+03
2.990000e-06	-5.545587e-06	-2.170500e-08	-3.935098e+01	-1.292099e+03
3.000000e-06	-5.616680e-06	-2.214820e-08	-3.985545e+01	-1.318091e+03
3.010000e-06	-5.685696e-06	-2.254064e-08	-4.034518e+01	-1.340973e+03
3.020000e-06	-5.752645e-06	-2.288446e-08	-4.082025e+01	-1.361191e+03
3.030000e-06	-5.817664e-06	-2.318809e-08	-4.128162e+01	-1.379132e+03
3.040000e-06	-5.880704e-06	-2.345995e-08	-4.172894e+01	-1.395115e+03
3.050000e-06	-5.941527e-06	-2.370501e-08	-4.216054e+01	-1.409385e+03
3.060000e-06	-6.000139e-06	-2.392366e-08	-4.257644e+01	-1.422128e+03
3.070000e-06	-6.056747e-06	-2.411556e-08	-4.297813e+01	-1.433488e+03
3.080000e-06	-6.111273e-06	-2.428732e-08	-4.336503e+01	-1.443597e+03
3.090000e-06	-6.163356e-06	-2.444404e-08	-4.373461e+01	-1.452582e+03
3.100000e-06	-6.212879e-06	-2.458458e-08	-4.408602e+01	-1.460579e+03
3.110000e-06	-6.259915e-06	-2.470789e-08	-4.441979e+01	-1.467723e+03
3.120000e-06	-6.304747e-06	-2.481850e-08	-4.473791e+01	-1.474137e+03
3.130000e-06	-6.347589e-06	-2.491934e-08	-4.504191e+01	-1.479920e+03
3.140000e-06	-6.388357e-06	-2.500876e-08	-4.533120e+01	-1.485145e+03
3.150000e-06	-6.426940e-06	-2.508516e-08	-4.560498e+01	-1.489852e+03
3.160000e-06	-6.463191e-06	-2.515359e-08	-4.586222e+01	-1.494069e+03
3.170000e-06	-6.497176e-06	-2.521900e-08	-4.610337e+01	-1.497814e+03
3.180000e-06	-6.528920e-06	-2.527938e-08	-4.632862e+01	-1.501111e+03
3.190000e-06	-6.558198e-06	-2.532971e-08	-4.653638e+01	-1.503996e+03
3.200000e-06	-6.585155e-06	-2.537175e-08	-4.672766e+01	-1.506514e+03
3.210000e-06	-6.609945e-06	-2.540895e-08	-4.690357e+01	-1.508710e+03
3.220000e-06	-6.632299e-06	-2.544279e-08	-4.706219e+01	-1.510627e+03
3.230000e-06	-6.652190e-06	-2.547174e-08	-4.720334e+01	-1.512293e+03
3.240000e-06	-6.669824e-06	-2.549375e-08	-4.732846e+01	-1.513725e+03
3.250000e-06	-6.685152e-06	-2.551447e-08	-4.743723e+01	-1.514930e+03
3.260000e-06	-6.697834e-06	-2.553522e-08	-4.752722e+01	-1.515910e+03
3.270000e-06	-6.707886e-06	-2.555179e-08	-4.759855e+01	-1.516675e+03
3.280000e-06	-6.715648e-06	-2.556053e-08	-4.765363e+01	-1.517240e+03
3.290000e-06	-6.721026e-06	-2.556625e-08	-4.769179e+01	-1.517628e+03
3.300000e-06	-6.724027e-06	-2.557357e-08	-4.771308e+01	-1.517861e+03
3.310000e-06	-6.724837e-06	-2.557750e-08	-4.771883e+01	-1.517959e+03
