# Temperatura_=_59.39
# Concentracion g/m^3_=_20000.0
# C_Vs_to_Am_M_A/Vsm_=_59384043850.047264
# pendiente_HvsI_1/m_=_3716.3
# ordenada_HvsI_A/m_=_1297.0
# frecuencia_Hz_=_301344.3270262585

Tiempo_(s)	Campo_(V.s)	Magnetizacion_(V.s)	Campo_(kA/m)	Magnetizacion_(A/m)
0.000000e+00	-6.742017e-06	-2.546207e-08	-4.771070e+01	-1.511949e+03
1.000000e-08	-6.738392e-06	-2.546072e-08	-4.768504e+01	-1.511865e+03
2.000000e-08	-6.732490e-06	-2.545921e-08	-4.764328e+01	-1.511650e+03
3.000000e-08	-6.724492e-06	-2.545434e-08	-4.758668e+01	-1.511265e+03
4.000000e-08	-6.714241e-06	-2.544515e-08	-4.751413e+01	-1.510690e+03
5.000000e-08	-6.701527e-06	-2.543298e-08	-4.742416e+01	-1.509933e+03
6.000000e-08	-6.686332e-06	-2.542224e-08	-4.731663e+01	-1.509025e+03
7.000000e-08	-6.668659e-06	-2.540477e-08	-4.719157e+01	-1.508011e+03
8.000000e-08	-6.648558e-06	-2.535514e-08	-4.704933e+01	-1.506931e+03
9.000000e-08	-6.625879e-06	-2.531056e-08	-4.688883e+01	-1.505808e+03
1.000000e-07	-6.600496e-06	-2.531775e-08	-4.670921e+01	-1.504639e+03
1.100000e-07	-6.572689e-06	-2.533078e-08	-4.651243e+01	-1.503399e+03
1.200000e-07	-6.542895e-06	-2.531244e-08	-4.630159e+01	-1.502053e+03
1.300000e-07	-6.511489e-06	-2.529879e-08	-4.607934e+01	-1.500564e+03
1.400000e-07	-6.478373e-06	-2.527388e-08	-4.584499e+01	-1.498912e+03
1.500000e-07	-6.442982e-06	-2.521005e-08	-4.559454e+01	-1.497099e+03
1.600000e-07	-6.405381e-06	-2.519978e-08	-4.532845e+01	-1.495145e+03
1.700000e-07	-6.365752e-06	-2.515144e-08	-4.504802e+01	-1.493088e+03
1.800000e-07	-6.323628e-06	-2.509420e-08	-4.474992e+01	-1.490964e+03
1.900000e-07	-6.279138e-06	-2.509595e-08	-4.443508e+01	-1.488801e+03
2.000000e-07	-6.232466e-06	-2.504951e-08	-4.410480e+01	-1.486608e+03
2.100000e-07	-6.183271e-06	-2.502387e-08	-4.375666e+01	-1.484379e+03
2.200000e-07	-6.131432e-06	-2.497762e-08	-4.338982e+01	-1.482094e+03
2.300000e-07	-6.077105e-06	-2.492636e-08	-4.300537e+01	-1.479727e+03
2.400000e-07	-6.020588e-06	-2.490700e-08	-4.260542e+01	-1.477256e+03
2.500000e-07	-5.961830e-06	-2.484952e-08	-4.218961e+01	-1.474666e+03
2.600000e-07	-5.900862e-06	-2.481121e-08	-4.175816e+01	-1.471955e+03
2.700000e-07	-5.837915e-06	-2.477235e-08	-4.131271e+01	-1.469129e+03
2.800000e-07	-5.772880e-06	-2.471035e-08	-4.085249e+01	-1.466200e+03
2.900000e-07	-5.705664e-06	-2.465599e-08	-4.037682e+01	-1.463179e+03
3.000000e-07	-5.636328e-06	-2.460268e-08	-3.988615e+01	-1.460073e+03
3.100000e-07	-5.565003e-06	-2.455634e-08	-3.938142e+01	-1.456883e+03
3.200000e-07	-5.491702e-06	-2.449377e-08	-3.886269e+01	-1.453604e+03
3.300000e-07	-5.416176e-06	-2.445109e-08	-3.832822e+01	-1.450229e+03
3.400000e-07	-5.338422e-06	-2.440278e-08	-3.777799e+01	-1.446752e+03
3.500000e-07	-5.258549e-06	-2.432870e-08	-3.721276e+01	-1.443167e+03
3.600000e-07	-5.176607e-06	-2.426460e-08	-3.663289e+01	-1.439474e+03
3.700000e-07	-5.092906e-06	-2.419347e-08	-3.604057e+01	-1.435673e+03
3.800000e-07	-5.007648e-06	-2.413544e-08	-3.543722e+01	-1.431768e+03
3.900000e-07	-4.920796e-06	-2.407029e-08	-3.482261e+01	-1.427758e+03
4.000000e-07	-4.832267e-06	-2.400354e-08	-3.419612e+01	-1.423642e+03
4.100000e-07	-4.741958e-06	-2.393411e-08	-3.355704e+01	-1.419412e+03
4.200000e-07	-4.649893e-06	-2.386086e-08	-3.290553e+01	-1.415061e+03
4.300000e-07	-4.556148e-06	-2.378760e-08	-3.224213e+01	-1.410580e+03
4.400000e-07	-4.460821e-06	-2.370069e-08	-3.156754e+01	-1.405962e+03
4.500000e-07	-4.363892e-06	-2.362127e-08	-3.088161e+01	-1.401211e+03
4.600000e-07	-4.265287e-06	-2.354244e-08	-3.018382e+01	-1.396333e+03
4.700000e-07	-4.165144e-06	-2.346270e-08	-2.947514e+01	-1.391342e+03
4.800000e-07	-4.063553e-06	-2.337439e-08	-2.875622e+01	-1.386254e+03
4.900000e-07	-3.960572e-06	-2.328689e-08	-2.802747e+01	-1.381079e+03
5.000000e-07	-3.856261e-06	-2.320364e-08	-2.728930e+01	-1.375821e+03
5.100000e-07	-3.750489e-06	-2.311448e-08	-2.654079e+01	-1.370470e+03
5.200000e-07	-3.643207e-06	-2.301949e-08	-2.578159e+01	-1.365008e+03
5.300000e-07	-3.534641e-06	-2.292120e-08	-2.501331e+01	-1.359410e+03
5.400000e-07	-3.424907e-06	-2.282488e-08	-2.423677e+01	-1.353654e+03
5.500000e-07	-3.313936e-06	-2.272854e-08	-2.345147e+01	-1.347727e+03
5.600000e-07	-3.201803e-06	-2.263024e-08	-2.265795e+01	-1.341630e+03
5.700000e-07	-3.088508e-06	-2.252703e-08	-2.185620e+01	-1.335379e+03
5.800000e-07	-2.973912e-06	-2.242363e-08	-2.104525e+01	-1.328995e+03
5.900000e-07	-2.858032e-06	-2.231532e-08	-2.022521e+01	-1.322501e+03
6.000000e-07	-2.741008e-06	-2.220031e-08	-1.939708e+01	-1.315910e+03
6.100000e-07	-2.623007e-06	-2.208425e-08	-1.856203e+01	-1.309218e+03
6.200000e-07	-2.504134e-06	-2.197020e-08	-1.772081e+01	-1.302404e+03
6.300000e-07	-2.384478e-06	-2.185601e-08	-1.687405e+01	-1.295438e+03
6.400000e-07	-2.263983e-06	-2.173758e-08	-1.602135e+01	-1.288290e+03
6.500000e-07	-2.142551e-06	-2.161726e-08	-1.516202e+01	-1.280942e+03
6.600000e-07	-2.020285e-06	-2.149334e-08	-1.429679e+01	-1.273395e+03
6.700000e-07	-1.897259e-06	-2.136311e-08	-1.342618e+01	-1.265667e+03
6.800000e-07	-1.773522e-06	-2.122650e-08	-1.255054e+01	-1.257789e+03
6.900000e-07	-1.649128e-06	-2.108878e-08	-1.167025e+01	-1.249786e+03
7.000000e-07	-1.524163e-06	-2.095097e-08	-1.078593e+01	-1.241671e+03
7.100000e-07	-1.398734e-06	-2.081122e-08	-9.898310e+00	-1.233432e+03
7.200000e-07	-1.272862e-06	-2.067048e-08	-9.007559e+00	-1.225038e+03
7.300000e-07	-1.146516e-06	-2.052832e-08	-8.113459e+00	-1.216445e+03
7.400000e-07	-1.019797e-06	-2.038410e-08	-7.216720e+00	-1.207616e+03
7.500000e-07	-8.927759e-07	-2.023186e-08	-6.317836e+00	-1.198532e+03
7.600000e-07	-7.654350e-07	-2.007248e-08	-5.416693e+00	-1.189200e+03
7.700000e-07	-6.378878e-07	-1.991021e-08	-4.514090e+00	-1.179650e+03
7.800000e-07	-5.101977e-07	-1.974539e-08	-3.610476e+00	-1.169918e+03
7.900000e-07	-3.823242e-07	-1.957619e-08	-2.705564e+00	-1.160023e+03
8.000000e-07	-2.542741e-07	-1.940469e-08	-1.799402e+00	-1.149955e+03
8.100000e-07	-1.261949e-07	-1.923411e-08	-8.930331e-01	-1.139662e+03
8.200000e-07	1.864540e-09	-1.906049e-08	1.319464e-02	-1.129058e+03
8.300000e-07	1.299623e-07	-1.887688e-08	9.196942e-01	-1.118044e+03
8.400000e-07	2.580674e-07	-1.868013e-08	1.826245e+00	-1.106534e+03
8.500000e-07	3.860774e-07	-1.847433e-08	2.732123e+00	-1.094481e+03
8.600000e-07	5.139214e-07	-1.826199e-08	3.636827e+00	-1.081892e+03
8.700000e-07	6.415862e-07	-1.804139e-08	4.540262e+00	-1.068821e+03
8.800000e-07	7.690396e-07	-1.781263e-08	5.442202e+00	-1.055350e+03
8.900000e-07	8.962542e-07	-1.758057e-08	6.342451e+00	-1.041559e+03
9.000000e-07	1.023215e-06	-1.734505e-08	7.240906e+00	-1.027496e+03
9.100000e-07	1.149819e-06	-1.710288e-08	8.136830e+00	-1.013157e+03
9.200000e-07	1.275987e-06	-1.685336e-08	9.029679e+00	-9.984856e+02
9.300000e-07	1.401725e-06	-1.659707e-08	9.919476e+00	-9.833828e+02
9.400000e-07	1.527065e-06	-1.633415e-08	1.080646e+01	-9.677308e+02
9.500000e-07	1.651985e-06	-1.606076e-08	1.169047e+01	-9.514114e+02
9.600000e-07	1.776346e-06	-1.577196e-08	1.257052e+01	-9.343141e+02
9.700000e-07	1.900052e-06	-1.546669e-08	1.344595e+01	-9.163288e+02
9.800000e-07	2.023046e-06	-1.514645e-08	1.431633e+01	-8.973244e+02
9.900000e-07	2.145260e-06	-1.480578e-08	1.518119e+01	-8.771233e+02
1.000000e-06	2.266628e-06	-1.443646e-08	1.604007e+01	-8.554799e+02
1.010000e-06	2.387043e-06	-1.403656e-08	1.689220e+01	-8.320722e+02
1.020000e-06	2.506541e-06	-1.360436e-08	1.773784e+01	-8.065071e+02
1.030000e-06	2.625206e-06	-1.313143e-08	1.857759e+01	-7.783350e+02
1.040000e-06	2.743015e-06	-1.260284e-08	1.941127e+01	-7.470608e+02
1.050000e-06	2.859825e-06	-1.200762e-08	2.023790e+01	-7.121439e+02
1.060000e-06	2.975402e-06	-1.134057e-08	2.105579e+01	-6.729818e+02
1.070000e-06	3.089693e-06	-1.059066e-08	2.186459e+01	-6.288847e+02
1.080000e-06	3.202756e-06	-9.739725e-09	2.266469e+01	-5.790574e+02
1.090000e-06	3.314605e-06	-8.773224e-09	2.345620e+01	-5.226107e+02
1.100000e-06	3.425318e-06	-7.678972e-09	2.423968e+01	-4.586223e+02
1.110000e-06	3.534971e-06	-6.447586e-09	2.501565e+01	-3.862552e+02
1.120000e-06	3.643487e-06	-5.066159e-09	2.578358e+01	-3.049226e+02
1.130000e-06	3.750712e-06	-3.523737e-09	2.654237e+01	-2.144716e+02
1.140000e-06	3.856532e-06	-1.832835e-09	2.729121e+01	-1.153425e+02
1.150000e-06	3.960839e-06	-1.840784e-11	2.802936e+01	-8.660292e+00
1.160000e-06	4.063668e-06	1.891008e-09	2.875704e+01	1.037766e+02
1.170000e-06	4.165148e-06	3.857429e-09	2.947518e+01	2.196213e+02
1.180000e-06	4.265204e-06	5.832751e-09	3.018323e+01	3.362022e+02
1.190000e-06	4.363659e-06	7.766677e-09	3.087996e+01	4.508041e+02
1.200000e-06	4.460354e-06	9.617080e-09	3.156423e+01	5.609541e+02
1.210000e-06	4.555413e-06	1.135553e-08	3.223693e+01	6.646545e+02
1.220000e-06	4.649007e-06	1.296166e-08	3.289926e+01	7.605227e+02
1.230000e-06	4.741073e-06	1.442142e-08	3.355078e+01	8.478216e+02
1.240000e-06	4.831430e-06	1.573224e-08	3.419019e+01	9.263889e+02
1.250000e-06	4.919948e-06	1.690334e-08	3.481661e+01	9.964987e+02
1.260000e-06	5.006710e-06	1.794302e-08	3.543059e+01	1.058698e+03
1.270000e-06	5.091814e-06	1.885862e-08	3.603283e+01	1.113655e+03
1.280000e-06	5.175263e-06	1.966172e-08	3.662337e+01	1.162059e+03
1.290000e-06	5.256833e-06	2.036828e-08	3.720062e+01	1.204560e+03
1.300000e-06	5.336429e-06	2.098897e-08	3.776388e+01	1.241765e+03
1.310000e-06	5.414156e-06	2.152911e-08	3.831393e+01	1.274249e+03
1.320000e-06	5.489868e-06	2.199807e-08	3.884972e+01	1.302574e+03
1.330000e-06	5.563344e-06	2.240852e-08	3.936968e+01	1.327292e+03
1.340000e-06	5.634741e-06	2.277000e-08	3.987493e+01	1.348934e+03
1.350000e-06	5.704249e-06	2.308598e-08	4.036680e+01	1.367979e+03
1.360000e-06	5.771702e-06	2.336324e-08	4.084415e+01	1.384831e+03
1.370000e-06	5.836988e-06	2.361225e-08	4.130615e+01	1.399803e+03
1.380000e-06	5.900181e-06	2.383650e-08	4.175334e+01	1.413125e+03
1.390000e-06	5.961458e-06	2.403243e-08	4.218698e+01	1.424959e+03
1.400000e-06	6.020755e-06	2.420359e-08	4.260660e+01	1.435439e+03
1.410000e-06	6.077829e-06	2.435522e-08	4.301049e+01	1.444696e+03
1.420000e-06	6.132650e-06	2.448988e-08	4.339844e+01	1.452873e+03
1.430000e-06	6.185122e-06	2.460921e-08	4.376977e+01	1.460130e+03
1.440000e-06	6.234992e-06	2.471603e-08	4.412267e+01	1.466623e+03
1.450000e-06	6.282400e-06	2.481573e-08	4.445816e+01	1.472487e+03
1.460000e-06	6.327718e-06	2.490755e-08	4.477886e+01	1.477818e+03
1.470000e-06	6.370861e-06	2.498722e-08	4.508417e+01	1.482665e+03
1.480000e-06	6.411552e-06	2.505685e-08	4.537212e+01	1.487046e+03
1.490000e-06	6.449931e-06	2.512079e-08	4.564372e+01	1.490957e+03
1.500000e-06	6.486227e-06	2.517752e-08	4.590056e+01	1.494407e+03
1.510000e-06	6.520231e-06	2.522625e-08	4.614120e+01	1.497422e+03
1.520000e-06	6.551824e-06	2.527063e-08	4.636477e+01	1.500057e+03
1.530000e-06	6.581193e-06	2.531146e-08	4.657260e+01	1.502380e+03
1.540000e-06	6.608334e-06	2.534561e-08	4.676467e+01	1.504458e+03
1.550000e-06	6.633031e-06	2.537386e-08	4.693945e+01	1.506339e+03
1.560000e-06	6.655285e-06	2.539902e-08	4.709693e+01	1.508038e+03
1.570000e-06	6.675327e-06	2.542212e-08	4.723876e+01	1.509544e+03
1.580000e-06	6.693096e-06	2.544287e-08	4.736450e+01	1.510826e+03
1.590000e-06	6.708373e-06	2.546033e-08	4.747261e+01	1.511857e+03
1.600000e-06	6.721163e-06	2.547394e-08	4.756312e+01	1.512630e+03
1.610000e-06	6.731326e-06	2.548124e-08	4.763504e+01	1.513166e+03
1.620000e-06	6.738915e-06	2.548259e-08	4.768874e+01	1.513509e+03
1.630000e-06	6.744209e-06	2.548249e-08	4.772621e+01	1.513716e+03
1.640000e-06	6.747157e-06	2.548483e-08	4.774707e+01	1.513837e+03
1.650000e-06	6.747677e-06	2.548603e-08	4.775075e+01	1.513899e+03
1.660000e-06	6.745957e-06	2.548670e-08	4.773858e+01	1.513897e+03
1.670000e-06	6.742191e-06	2.548454e-08	4.771193e+01	1.513802e+03
1.680000e-06	6.736180e-06	2.547847e-08	4.766939e+01	1.513570e+03
1.690000e-06	6.727890e-06	2.546755e-08	4.761073e+01	1.513165e+03
1.700000e-06	6.717490e-06	2.545348e-08	4.753713e+01	1.512570e+03
1.710000e-06	6.704782e-06	2.544024e-08	4.744720e+01	1.511795e+03
1.720000e-06	6.689732e-06	2.542131e-08	4.734070e+01	1.510874e+03
1.730000e-06	6.672645e-06	2.543127e-08	4.721978e+01	1.509851e+03
1.740000e-06	6.653356e-06	2.546166e-08	4.708328e+01	1.508765e+03
1.750000e-06	6.631057e-06	2.542347e-08	4.692547e+01	1.507637e+03
1.760000e-06	6.605616e-06	2.535765e-08	4.674544e+01	1.506462e+03
1.770000e-06	6.577667e-06	2.531136e-08	4.654766e+01	1.505214e+03
1.780000e-06	6.547511e-06	2.525785e-08	4.633425e+01	1.503854e+03
1.790000e-06	6.515587e-06	2.528032e-08	4.610834e+01	1.502348e+03
1.800000e-06	6.481987e-06	2.529713e-08	4.587057e+01	1.500678e+03
1.810000e-06	6.446256e-06	2.519903e-08	4.561771e+01	1.498848e+03
1.820000e-06	6.408268e-06	2.520290e-08	4.534888e+01	1.496882e+03
1.830000e-06	6.367988e-06	2.518012e-08	4.506383e+01	1.494816e+03
1.840000e-06	6.325487e-06	2.510572e-08	4.476308e+01	1.492687e+03
1.850000e-06	6.280899e-06	2.509015e-08	4.444754e+01	1.490520e+03
1.860000e-06	6.233951e-06	2.499237e-08	4.411531e+01	1.488324e+03
1.870000e-06	6.184689e-06	2.500471e-08	4.376670e+01	1.486090e+03
1.880000e-06	6.133145e-06	2.499812e-08	4.340194e+01	1.483798e+03
1.890000e-06	6.079023e-06	2.491347e-08	4.301894e+01	1.481420e+03
1.900000e-06	6.022607e-06	2.489748e-08	4.261970e+01	1.478937e+03
1.910000e-06	5.964062e-06	2.481817e-08	4.220541e+01	1.476334e+03
1.920000e-06	5.903338e-06	2.479102e-08	4.177568e+01	1.473610e+03
1.930000e-06	5.840417e-06	2.474257e-08	4.133042e+01	1.470773e+03
1.940000e-06	5.775383e-06	2.466665e-08	4.087019e+01	1.467834e+03
1.950000e-06	5.708380e-06	2.465864e-08	4.039604e+01	1.464803e+03
1.960000e-06	5.639081e-06	2.459293e-08	3.990564e+01	1.461688e+03
1.970000e-06	5.567568e-06	2.455232e-08	3.939957e+01	1.458489e+03
1.980000e-06	5.494130e-06	2.445880e-08	3.887987e+01	1.455200e+03
1.990000e-06	5.418677e-06	2.440851e-08	3.834592e+01	1.451814e+03
2.000000e-06	5.341030e-06	2.438197e-08	3.779644e+01	1.448326e+03
2.010000e-06	5.261253e-06	2.429046e-08	3.723189e+01	1.444729e+03
2.020000e-06	5.179679e-06	2.424654e-08	3.665462e+01	1.441024e+03
2.030000e-06	5.096379e-06	2.416528e-08	3.606514e+01	1.437212e+03
2.040000e-06	5.011180e-06	2.411602e-08	3.546222e+01	1.433296e+03
2.050000e-06	4.923999e-06	2.403248e-08	3.484527e+01	1.429275e+03
2.060000e-06	4.835135e-06	2.395727e-08	3.421641e+01	1.425147e+03
2.070000e-06	4.744705e-06	2.390916e-08	3.357648e+01	1.420905e+03
2.080000e-06	4.652672e-06	2.383297e-08	3.292520e+01	1.416540e+03
2.090000e-06	4.558898e-06	2.376441e-08	3.226159e+01	1.412044e+03
2.100000e-06	4.463340e-06	2.366542e-08	3.158536e+01	1.407412e+03
2.110000e-06	4.366277e-06	2.359356e-08	3.089849e+01	1.402647e+03
2.120000e-06	4.267754e-06	2.350427e-08	3.020128e+01	1.397756e+03
2.130000e-06	4.167753e-06	2.341498e-08	2.949361e+01	1.392754e+03
2.140000e-06	4.066098e-06	2.333063e-08	2.877423e+01	1.387656e+03
2.150000e-06	3.962759e-06	2.325252e-08	2.804294e+01	1.382473e+03
2.160000e-06	3.858067e-06	2.317723e-08	2.730208e+01	1.377205e+03
2.170000e-06	3.752118e-06	2.307919e-08	2.655232e+01	1.371844e+03
2.180000e-06	3.645014e-06	2.297931e-08	2.579438e+01	1.366368e+03
2.190000e-06	3.536691e-06	2.287838e-08	2.502782e+01	1.360754e+03
2.200000e-06	3.426989e-06	2.278167e-08	2.425150e+01	1.354980e+03
2.210000e-06	3.315947e-06	2.267428e-08	2.346570e+01	1.349035e+03
2.220000e-06	3.203695e-06	2.257276e-08	2.267134e+01	1.342920e+03
2.230000e-06	3.090244e-06	2.247528e-08	2.186848e+01	1.336653e+03
2.240000e-06	2.975611e-06	2.237839e-08	2.105727e+01	1.330257e+03
2.250000e-06	2.859910e-06	2.226313e-08	2.023850e+01	1.323753e+03
2.260000e-06	2.742961e-06	2.214369e-08	1.941089e+01	1.317151e+03
2.270000e-06	2.624732e-06	2.202813e-08	1.857423e+01	1.310447e+03
2.280000e-06	2.505426e-06	2.191045e-08	1.772995e+01	1.303619e+03
2.290000e-06	2.385262e-06	2.178794e-08	1.687960e+01	1.296634e+03
2.300000e-06	2.264367e-06	2.166177e-08	1.602406e+01	1.289465e+03
2.310000e-06	2.142749e-06	2.154736e-08	1.516342e+01	1.282096e+03
2.320000e-06	2.020435e-06	2.142725e-08	1.429785e+01	1.274528e+03
2.330000e-06	1.897476e-06	2.129607e-08	1.342772e+01	1.266783e+03
2.340000e-06	1.773881e-06	2.115572e-08	1.255308e+01	1.258890e+03
2.350000e-06	1.649577e-06	2.102221e-08	1.167343e+01	1.250875e+03
2.360000e-06	1.524590e-06	2.088790e-08	1.078895e+01	1.242747e+03
2.370000e-06	1.399041e-06	2.074208e-08	9.900486e+00	1.234494e+03
2.380000e-06	1.273008e-06	2.059368e-08	9.008593e+00	1.226080e+03
2.390000e-06	1.146493e-06	2.045087e-08	8.113294e+00	1.217464e+03
2.400000e-06	1.019522e-06	2.030937e-08	7.214772e+00	1.208608e+03
2.410000e-06	8.921626e-07	2.015776e-08	6.313496e+00	1.199497e+03
2.420000e-06	7.644989e-07	2.000036e-08	5.410069e+00	1.190140e+03
2.430000e-06	6.365542e-07	1.984182e-08	4.504652e+00	1.180569e+03
2.440000e-06	5.083884e-07	1.967739e-08	3.597672e+00	1.170818e+03
2.450000e-06	3.800572e-07	1.950363e-08	2.689520e+00	1.160906e+03
2.460000e-06	2.516025e-07	1.932858e-08	1.780495e+00	1.150817e+03
2.470000e-06	1.230710e-07	1.915524e-08	8.709270e-01	1.140496e+03
2.480000e-06	-5.512849e-09	1.897851e-08	-3.901234e-02	1.129853e+03
2.490000e-06	-1.340921e-07	1.879304e-08	-9.489188e-01	1.118789e+03
2.500000e-06	-2.626469e-07	1.860074e-08	-1.858653e+00	1.107221e+03
2.510000e-06	-3.911292e-07	1.840098e-08	-2.767873e+00	1.095110e+03
2.520000e-06	-5.195029e-07	1.818958e-08	-3.676325e+00	1.082466e+03
2.530000e-06	-6.477225e-07	1.796526e-08	-4.583687e+00	1.069348e+03
2.540000e-06	-7.756879e-07	1.773291e-08	-5.489249e+00	1.055839e+03
2.550000e-06	-9.033303e-07	1.749851e-08	-6.392526e+00	1.042018e+03
2.560000e-06	-1.030570e-06	1.726321e-08	-7.292950e+00	1.027927e+03
2.570000e-06	-1.157361e-06	1.702321e-08	-8.190203e+00	1.013556e+03
2.580000e-06	-1.283756e-06	1.677821e-08	-9.084657e+00	9.988432e+02
2.590000e-06	-1.409708e-06	1.652703e-08	-9.975971e+00	9.836872e+02
2.600000e-06	-1.535187e-06	1.626446e-08	-1.086394e+01	9.679693e+02
2.610000e-06	-1.660104e-06	1.598851e-08	-1.174793e+01	9.515717e+02
2.620000e-06	-1.784234e-06	1.569633e-08	-1.262635e+01	9.343847e+02
2.630000e-06	-1.907606e-06	1.539176e-08	-1.349940e+01	9.162971e+02
2.640000e-06	-2.030300e-06	1.507245e-08	-1.436766e+01	8.971741e+02
2.650000e-06	-2.152261e-06	1.473146e-08	-1.523073e+01	8.768315e+02
2.660000e-06	-2.273532e-06	1.436487e-08	-1.608892e+01	8.550158e+02
2.670000e-06	-2.394095e-06	1.397025e-08	-1.694210e+01	8.313969e+02
2.680000e-06	-2.513753e-06	1.354082e-08	-1.778888e+01	8.055749e+02
2.690000e-06	-2.632443e-06	1.306460e-08	-1.862880e+01	7.770948e+02
2.700000e-06	-2.750177e-06	1.253609e-08	-1.946196e+01	7.454571e+02
2.710000e-06	-2.866758e-06	1.195037e-08	-2.028696e+01	7.101155e+02
2.720000e-06	-2.982134e-06	1.129418e-08	-2.110343e+01	6.704594e+02
2.730000e-06	-3.096347e-06	1.055066e-08	-2.191167e+01	6.257883e+02
2.740000e-06	-3.209309e-06	9.707861e-09	-2.271106e+01	5.752956e+02
2.750000e-06	-3.320955e-06	8.756325e-09	-2.350114e+01	5.180846e+02
2.760000e-06	-3.431289e-06	7.680265e-09	-2.428193e+01	4.532357e+02
2.770000e-06	-3.540360e-06	6.462463e-09	-2.505378e+01	3.799300e+02
2.780000e-06	-3.648289e-06	5.092704e-09	-2.581755e+01	2.976184e+02
2.790000e-06	-3.755079e-06	3.571664e-09	-2.657327e+01	2.062048e+02
2.800000e-06	-3.860625e-06	1.905712e-09	-2.732018e+01	1.062003e+02
2.810000e-06	-3.964853e-06	1.113833e-10	-2.805776e+01	-1.195576e+00
2.820000e-06	-4.067561e-06	-1.781948e-09	-2.878459e+01	-1.141177e+02
2.830000e-06	-4.168681e-06	-3.732278e-09	-2.950018e+01	-2.301723e+02
2.840000e-06	-4.268275e-06	-5.691694e-09	-3.020496e+01	-3.466690e+02
2.850000e-06	-4.366435e-06	-7.615086e-09	-3.089960e+01	-4.609055e+02
2.860000e-06	-4.463167e-06	-9.462532e-09	-3.158414e+01	-5.704500e+02
2.870000e-06	-4.558334e-06	-1.120143e-08	-3.225760e+01	-6.733658e+02
2.880000e-06	-4.651844e-06	-1.280770e-08	-3.291934e+01	-7.683401e+02
2.890000e-06	-4.743717e-06	-1.427174e-08	-3.356949e+01	-8.547022e+02
2.900000e-06	-4.833975e-06	-1.559215e-08	-3.420821e+01	-9.323440e+02
2.910000e-06	-4.922534e-06	-1.676965e-08	-3.483490e+01	-1.001577e+03
2.920000e-06	-5.009265e-06	-1.781064e-08	-3.544867e+01	-1.062967e+03
2.930000e-06	-5.094131e-06	-1.872870e-08	-3.604923e+01	-1.117190e+03
2.940000e-06	-5.177263e-06	-1.953820e-08	-3.663753e+01	-1.164930e+03
2.950000e-06	-5.258672e-06	-2.024963e-08	-3.721363e+01	-1.206836e+03
2.960000e-06	-5.338166e-06	-2.087276e-08	-3.777618e+01	-1.243508e+03
2.970000e-06	-5.415552e-06	-2.141828e-08	-3.832381e+01	-1.275519e+03
2.980000e-06	-5.490771e-06	-2.189404e-08	-3.885611e+01	-1.303432e+03
2.990000e-06	-5.563950e-06	-2.230920e-08	-3.937397e+01	-1.327796e+03
3.000000e-06	-5.635159e-06	-2.267226e-08	-3.987788e+01	-1.349138e+03
3.010000e-06	-5.704281e-06	-2.299137e-08	-4.036703e+01	-1.367930e+03
3.020000e-06	-5.771317e-06	-2.327352e-08	-4.084142e+01	-1.384567e+03
3.030000e-06	-5.836447e-06	-2.352506e-08	-4.130232e+01	-1.399353e+03
3.040000e-06	-5.899611e-06	-2.374974e-08	-4.174931e+01	-1.412508e+03
3.050000e-06	-5.960579e-06	-2.394859e-08	-4.218076e+01	-1.424191e+03
3.060000e-06	-6.019308e-06	-2.412608e-08	-4.259636e+01	-1.434534e+03
3.070000e-06	-6.075941e-06	-2.428449e-08	-4.299713e+01	-1.443668e+03
3.080000e-06	-6.130472e-06	-2.442354e-08	-4.338302e+01	-1.451739e+03
3.090000e-06	-6.182599e-06	-2.454608e-08	-4.375190e+01	-1.458906e+03
3.100000e-06	-6.232100e-06	-2.465742e-08	-4.410221e+01	-1.465326e+03
3.110000e-06	-6.279049e-06	-2.475765e-08	-4.443445e+01	-1.471129e+03
3.120000e-06	-6.323858e-06	-2.484789e-08	-4.475155e+01	-1.476406e+03
3.130000e-06	-6.366757e-06	-2.492872e-08	-4.505513e+01	-1.481204e+03
3.140000e-06	-6.407603e-06	-2.500048e-08	-4.534418e+01	-1.485534e+03
3.150000e-06	-6.446177e-06	-2.506531e-08	-4.561715e+01	-1.489396e+03
3.160000e-06	-6.482403e-06	-2.512403e-08	-4.587351e+01	-1.492797e+03
3.170000e-06	-6.516427e-06	-2.517741e-08	-4.611428e+01	-1.495768e+03
3.180000e-06	-6.548179e-06	-2.522491e-08	-4.633898e+01	-1.498366e+03
3.190000e-06	-6.577498e-06	-2.526592e-08	-4.654646e+01	-1.500660e+03
3.200000e-06	-6.604460e-06	-2.530161e-08	-4.673726e+01	-1.502715e+03
3.210000e-06	-6.629155e-06	-2.533371e-08	-4.691202e+01	-1.504576e+03
3.220000e-06	-6.651452e-06	-2.536100e-08	-4.706980e+01	-1.506256e+03
3.230000e-06	-6.671346e-06	-2.538371e-08	-4.721058e+01	-1.507739e+03
3.240000e-06	-6.689001e-06	-2.540412e-08	-4.733552e+01	-1.508995e+03
3.250000e-06	-6.704270e-06	-2.542335e-08	-4.744358e+01	-1.509999e+03
3.260000e-06	-6.716807e-06	-2.543986e-08	-4.753230e+01	-1.510745e+03
3.270000e-06	-6.726770e-06	-2.545027e-08	-4.760280e+01	-1.511257e+03
3.280000e-06	-6.734487e-06	-2.545725e-08	-4.765741e+01	-1.511583e+03
3.290000e-06	-6.739800e-06	-2.546346e-08	-4.769501e+01	-1.511779e+03
3.300000e-06	-6.742689e-06	-2.546683e-08	-4.771545e+01	-1.511893e+03
3.310000e-06	-6.743396e-06	-2.546618e-08	-4.772046e+01	-1.511949e+03
