# Temperatura_=_64.07
# Concentracion g/m^3_=_20000.0
# C_Vs_to_Am_M_A/Vsm_=_59384043850.047264
# pendiente_HvsI_1/m_=_3716.3
# ordenada_HvsI_A/m_=_1297.0
# frecuencia_Hz_=_301343.0823716937

Tiempo_(s)	Campo_(V.s)	Magnetizacion_(V.s)	Campo_(kA/m)	Magnetizacion_(A/m)
0.000000e+00	-6.705128e-06	-2.538988e-08	-4.772217e+01	-1.507594e+03
1.000000e-08	-6.703575e-06	-2.538809e-08	-4.771112e+01	-1.507597e+03
2.000000e-08	-6.699640e-06	-2.538631e-08	-4.768311e+01	-1.507482e+03
3.000000e-08	-6.693497e-06	-2.538255e-08	-4.763939e+01	-1.507207e+03
4.000000e-08	-6.685280e-06	-2.537460e-08	-4.758091e+01	-1.506750e+03
5.000000e-08	-6.674742e-06	-2.536286e-08	-4.750591e+01	-1.506113e+03
6.000000e-08	-6.661738e-06	-2.535331e-08	-4.741336e+01	-1.505326e+03
7.000000e-08	-6.646269e-06	-2.534687e-08	-4.730326e+01	-1.504430e+03
8.000000e-08	-6.628368e-06	-2.532543e-08	-4.717585e+01	-1.503467e+03
9.000000e-08	-6.608045e-06	-2.528095e-08	-4.703121e+01	-1.502458e+03
1.000000e-07	-6.585114e-06	-2.524507e-08	-4.686800e+01	-1.501398e+03
1.100000e-07	-6.559537e-06	-2.524544e-08	-4.668596e+01	-1.500262e+03
1.200000e-07	-6.531574e-06	-2.525109e-08	-4.648694e+01	-1.499013e+03
1.300000e-07	-6.501709e-06	-2.524229e-08	-4.627439e+01	-1.497618e+03
1.400000e-07	-6.470235e-06	-2.522954e-08	-4.605038e+01	-1.496063e+03
1.500000e-07	-6.436971e-06	-2.517486e-08	-4.581363e+01	-1.494356e+03
1.600000e-07	-6.401489e-06	-2.514292e-08	-4.556109e+01	-1.492522e+03
1.700000e-07	-6.363884e-06	-2.512614e-08	-4.529345e+01	-1.490596e+03
1.800000e-07	-6.324192e-06	-2.506649e-08	-4.501095e+01	-1.488605e+03
1.900000e-07	-6.281946e-06	-2.504888e-08	-4.471028e+01	-1.486563e+03
2.000000e-07	-6.237355e-06	-2.502447e-08	-4.439291e+01	-1.484466e+03
2.100000e-07	-6.190571e-06	-2.498148e-08	-4.405994e+01	-1.482299e+03
2.200000e-07	-6.141343e-06	-2.495794e-08	-4.370957e+01	-1.480044e+03
2.300000e-07	-6.089601e-06	-2.490043e-08	-4.334131e+01	-1.477692e+03
2.400000e-07	-6.035342e-06	-2.484686e-08	-4.295513e+01	-1.475245e+03
2.500000e-07	-5.978835e-06	-2.482395e-08	-4.255295e+01	-1.472713e+03
2.600000e-07	-5.920192e-06	-2.478528e-08	-4.213558e+01	-1.470112e+03
2.700000e-07	-5.859381e-06	-2.474374e-08	-4.170277e+01	-1.467449e+03
2.800000e-07	-5.796519e-06	-2.470444e-08	-4.125536e+01	-1.464720e+03
2.900000e-07	-5.731602e-06	-2.464789e-08	-4.079333e+01	-1.461907e+03
3.000000e-07	-5.664519e-06	-2.458527e-08	-4.031588e+01	-1.458984e+03
3.100000e-07	-5.595280e-06	-2.453640e-08	-3.982309e+01	-1.455926e+03
3.200000e-07	-5.524035e-06	-2.448434e-08	-3.931602e+01	-1.452723e+03
3.300000e-07	-5.450835e-06	-2.442539e-08	-3.879504e+01	-1.449377e+03
3.400000e-07	-5.375533e-06	-2.438447e-08	-3.825909e+01	-1.445909e+03
3.500000e-07	-5.298049e-06	-2.433196e-08	-3.770762e+01	-1.442346e+03
3.600000e-07	-5.218479e-06	-2.426027e-08	-3.714130e+01	-1.438713e+03
3.700000e-07	-5.136905e-06	-2.419107e-08	-3.656072e+01	-1.435021e+03
3.800000e-07	-5.053524e-06	-2.412532e-08	-3.596727e+01	-1.431261e+03
3.900000e-07	-4.968529e-06	-2.406380e-08	-3.536234e+01	-1.427412e+03
4.000000e-07	-4.881914e-06	-2.400147e-08	-3.474588e+01	-1.423442e+03
4.100000e-07	-4.793674e-06	-2.393473e-08	-3.411785e+01	-1.419326e+03
4.200000e-07	-4.703677e-06	-2.386378e-08	-3.347732e+01	-1.415050e+03
4.300000e-07	-4.611869e-06	-2.378916e-08	-3.282389e+01	-1.410619e+03
4.400000e-07	-4.518433e-06	-2.371199e-08	-3.215889e+01	-1.406052e+03
4.500000e-07	-4.423399e-06	-2.363012e-08	-3.148250e+01	-1.401378e+03
4.600000e-07	-4.326833e-06	-2.354934e-08	-3.079521e+01	-1.396621e+03
4.700000e-07	-4.228682e-06	-2.346724e-08	-3.009665e+01	-1.391796e+03
4.800000e-07	-4.128889e-06	-2.338543e-08	-2.938639e+01	-1.386901e+03
4.900000e-07	-4.027673e-06	-2.330142e-08	-2.866602e+01	-1.381924e+03
5.000000e-07	-3.925119e-06	-2.321424e-08	-2.793611e+01	-1.376841e+03
5.100000e-07	-3.821214e-06	-2.313002e-08	-2.719659e+01	-1.371633e+03
5.200000e-07	-3.715894e-06	-2.304309e-08	-2.644700e+01	-1.366282e+03
5.300000e-07	-3.609049e-06	-2.295099e-08	-2.568656e+01	-1.360784e+03
5.400000e-07	-3.500862e-06	-2.285468e-08	-2.491656e+01	-1.355140e+03
5.500000e-07	-3.391511e-06	-2.275710e-08	-2.413829e+01	-1.349358e+03
5.600000e-07	-3.280973e-06	-2.265948e-08	-2.335155e+01	-1.343446e+03
5.700000e-07	-3.169289e-06	-2.255801e-08	-2.255667e+01	-1.337407e+03
5.800000e-07	-3.056535e-06	-2.245261e-08	-2.175417e+01	-1.331244e+03
5.900000e-07	-2.942624e-06	-2.234877e-08	-2.094344e+01	-1.324955e+03
6.000000e-07	-2.827450e-06	-2.224638e-08	-2.012371e+01	-1.318537e+03
6.100000e-07	-2.711117e-06	-2.213903e-08	-1.929574e+01	-1.311987e+03
6.200000e-07	-2.593715e-06	-2.202425e-08	-1.846016e+01	-1.305302e+03
6.300000e-07	-2.475258e-06	-2.190894e-08	-1.761707e+01	-1.298478e+03
6.400000e-07	-2.355914e-06	-2.179371e-08	-1.676766e+01	-1.291512e+03
6.500000e-07	-2.235825e-06	-2.167479e-08	-1.591296e+01	-1.284399e+03
6.600000e-07	-2.115026e-06	-2.155174e-08	-1.505320e+01	-1.277134e+03
6.700000e-07	-1.993502e-06	-2.142635e-08	-1.418828e+01	-1.269714e+03
6.800000e-07	-1.871200e-06	-2.129965e-08	-1.331782e+01	-1.262140e+03
6.900000e-07	-1.748152e-06	-2.117014e-08	-1.244206e+01	-1.254411e+03
7.000000e-07	-1.624380e-06	-2.103618e-08	-1.156114e+01	-1.246530e+03
7.100000e-07	-1.499980e-06	-2.089910e-08	-1.067576e+01	-1.238494e+03
7.200000e-07	-1.375127e-06	-2.076157e-08	-9.787141e+00	-1.230295e+03
7.300000e-07	-1.249905e-06	-2.062128e-08	-8.895907e+00	-1.221917e+03
7.400000e-07	-1.124299e-06	-2.047650e-08	-8.001938e+00	-1.213344e+03
7.500000e-07	-9.982628e-07	-2.032851e-08	-7.104901e+00	-1.204559e+03
7.600000e-07	-8.718386e-07	-2.017767e-08	-6.205107e+00	-1.195555e+03
7.700000e-07	-7.451011e-07	-2.002421e-08	-5.303082e+00	-1.186332e+03
7.800000e-07	-6.181110e-07	-1.986605e-08	-4.399260e+00	-1.176902e+03
7.900000e-07	-4.909145e-07	-1.970337e-08	-3.493969e+00	-1.167275e+03
8.000000e-07	-3.635667e-07	-1.953796e-08	-2.587601e+00	-1.157449e+03
8.100000e-07	-2.361406e-07	-1.936942e-08	-1.680675e+00	-1.147403e+03
8.200000e-07	-1.086252e-07	-1.919632e-08	-7.731147e-01	-1.137092e+03
8.300000e-07	1.900193e-08	-1.901672e-08	1.352418e-01	-1.126450e+03
8.400000e-07	1.466701e-07	-1.882978e-08	1.043890e+00	-1.115403e+03
8.500000e-07	2.742336e-07	-1.863479e-08	1.951793e+00	-1.103891e+03
8.600000e-07	4.016827e-07	-1.843261e-08	2.858882e+00	-1.091879e+03
8.700000e-07	5.290255e-07	-1.822347e-08	3.765215e+00	-1.079372e+03
8.800000e-07	6.561662e-07	-1.800557e-08	4.670109e+00	-1.066409e+03
8.900000e-07	7.830626e-07	-1.777824e-08	5.573264e+00	-1.053052e+03
9.000000e-07	9.096110e-07	-1.754514e-08	6.473943e+00	-1.039360e+03
9.100000e-07	1.035773e-06	-1.730931e-08	7.371872e+00	-1.025368e+03
9.200000e-07	1.161606e-06	-1.706783e-08	8.267459e+00	-1.011074e+03
9.300000e-07	1.287044e-06	-1.681873e-08	9.160230e+00	-9.964292e+02
9.400000e-07	1.412071e-06	-1.656351e-08	1.005009e+01	-9.813494e+02
9.500000e-07	1.536688e-06	-1.630123e-08	1.093702e+01	-9.657278e+02
9.600000e-07	1.660811e-06	-1.602780e-08	1.182043e+01	-9.494490e+02
9.700000e-07	1.784350e-06	-1.573870e-08	1.269969e+01	-9.323950e+02
9.800000e-07	1.907120e-06	-1.543354e-08	1.357348e+01	-9.144395e+02
9.900000e-07	2.029019e-06	-1.511368e-08	1.444107e+01	-8.954325e+02
1.000000e-06	2.150189e-06	-1.477186e-08	1.530346e+01	-8.751802e+02
1.010000e-06	2.270701e-06	-1.439940e-08	1.616118e+01	-8.534286e+02
1.020000e-06	2.390390e-06	-1.399650e-08	1.701304e+01	-8.298561e+02
1.030000e-06	2.509148e-06	-1.356132e-08	1.785827e+01	-8.040755e+02
1.040000e-06	2.626976e-06	-1.308256e-08	1.869688e+01	-7.756420e+02
1.050000e-06	2.743911e-06	-1.254680e-08	1.952914e+01	-7.440579e+02
1.060000e-06	2.859824e-06	-1.194712e-08	2.035413e+01	-7.087670e+02
1.070000e-06	2.974435e-06	-1.127679e-08	2.116984e+01	-6.691378e+02
1.080000e-06	3.087767e-06	-1.051898e-08	2.197646e+01	-6.244432e+02
1.090000e-06	3.199994e-06	-9.654789e-09	2.277521e+01	-5.738521e+02
1.100000e-06	3.311124e-06	-8.673194e-09	2.356615e+01	-5.164540e+02
1.110000e-06	3.421143e-06	-7.561845e-09	2.434918e+01	-4.513312e+02
1.120000e-06	3.530075e-06	-6.308877e-09	2.512448e+01	-3.776856e+02
1.130000e-06	3.637839e-06	-4.904318e-09	2.589146e+01	-2.950048e+02
1.140000e-06	3.744176e-06	-3.345762e-09	2.664829e+01	-2.032394e+02
1.150000e-06	3.848982e-06	-1.643740e-09	2.739422e+01	-1.029491e+02
1.160000e-06	3.952392e-06	1.815862e-10	2.813022e+01	4.624648e+00
1.170000e-06	4.054448e-06	2.098007e-09	2.885658e+01	1.175881e+02
1.180000e-06	4.155148e-06	4.063226e-09	2.957329e+01	2.335366e+02
1.190000e-06	4.254341e-06	6.029667e-09	3.027927e+01	3.497872e+02
1.200000e-06	4.351848e-06	7.951378e-09	3.097325e+01	4.636610e+02
1.210000e-06	4.447749e-06	9.786404e-09	3.165581e+01	5.727606e+02
1.220000e-06	4.542130e-06	1.150390e-08	3.232754e+01	6.751882e+02
1.230000e-06	4.635058e-06	1.308603e-08	3.298893e+01	7.696679e+02
1.240000e-06	4.726459e-06	1.452492e-08	3.363946e+01	8.555584e+02
1.250000e-06	4.816053e-06	1.581890e-08	3.427713e+01	9.327702e+02
1.260000e-06	4.903806e-06	1.697326e-08	3.490169e+01	1.001621e+03
1.270000e-06	4.989876e-06	1.799529e-08	3.551427e+01	1.062674e+03
1.280000e-06	5.074348e-06	1.889668e-08	3.611548e+01	1.116595e+03
1.290000e-06	5.157104e-06	1.968931e-08	3.670448e+01	1.164059e+03
1.300000e-06	5.237898e-06	2.038358e-08	3.727950e+01	1.205706e+03
1.310000e-06	5.316757e-06	2.099045e-08	3.784077e+01	1.242135e+03
1.320000e-06	5.393776e-06	2.151921e-08	3.838894e+01	1.273925e+03
1.330000e-06	5.468675e-06	2.198055e-08	3.892201e+01	1.301643e+03
1.340000e-06	5.541416e-06	2.238450e-08	3.943973e+01	1.325846e+03
1.350000e-06	5.612155e-06	2.273936e-08	3.994319e+01	1.347062e+03
1.360000e-06	5.680949e-06	2.305090e-08	4.043282e+01	1.365760e+03
1.370000e-06	5.747723e-06	2.332661e-08	4.090807e+01	1.382325e+03
1.380000e-06	5.812381e-06	2.357281e-08	4.136826e+01	1.397048e+03
1.390000e-06	5.875014e-06	2.379139e-08	4.181403e+01	1.410139e+03
1.400000e-06	5.935719e-06	2.398220e-08	4.224608e+01	1.421751e+03
1.410000e-06	5.994384e-06	2.415087e-08	4.266362e+01	1.432015e+03
1.420000e-06	6.050823e-06	2.430289e-08	4.306531e+01	1.441069e+03
1.430000e-06	6.105051e-06	2.443693e-08	4.345127e+01	1.449069e+03
1.440000e-06	6.156846e-06	2.455312e-08	4.381990e+01	1.456181e+03
1.450000e-06	6.206018e-06	2.465645e-08	4.416988e+01	1.462566e+03
1.460000e-06	6.252814e-06	2.475269e-08	4.450293e+01	1.468350e+03
1.470000e-06	6.297542e-06	2.484077e-08	4.482127e+01	1.473617e+03
1.480000e-06	6.340066e-06	2.491903e-08	4.512393e+01	1.478403e+03
1.490000e-06	6.380194e-06	2.498960e-08	4.540953e+01	1.482715e+03
1.500000e-06	6.418141e-06	2.505493e-08	4.567961e+01	1.486550e+03
1.510000e-06	6.454028e-06	2.511229e-08	4.593503e+01	1.489919e+03
1.520000e-06	6.487502e-06	2.516007e-08	4.617327e+01	1.492862e+03
1.530000e-06	6.518546e-06	2.520121e-08	4.639422e+01	1.495441e+03
1.540000e-06	6.547508e-06	2.523802e-08	4.660035e+01	1.497730e+03
1.550000e-06	6.574192e-06	2.526991e-08	4.679027e+01	1.499791e+03
1.560000e-06	6.598347e-06	2.529845e-08	4.696219e+01	1.501659e+03
1.570000e-06	6.620206e-06	2.532580e-08	4.711776e+01	1.503336e+03
1.580000e-06	6.639952e-06	2.534994e-08	4.725830e+01	1.504800e+03
1.590000e-06	6.657322e-06	2.536995e-08	4.738193e+01	1.506019e+03
1.600000e-06	6.672167e-06	2.538516e-08	4.748758e+01	1.506974e+03
1.610000e-06	6.684484e-06	2.539580e-08	4.757524e+01	1.507671e+03
1.620000e-06	6.694152e-06	2.540041e-08	4.764406e+01	1.508150e+03
1.630000e-06	6.701327e-06	2.540151e-08	4.769512e+01	1.508464e+03
1.640000e-06	6.706292e-06	2.540344e-08	4.773046e+01	1.508671e+03
1.650000e-06	6.708934e-06	2.540530e-08	4.774926e+01	1.508810e+03
1.660000e-06	6.709143e-06	2.540727e-08	4.775075e+01	1.508889e+03
1.670000e-06	6.707151e-06	2.540919e-08	4.773657e+01	1.508886e+03
1.680000e-06	6.703062e-06	2.540804e-08	4.770747e+01	1.508760e+03
1.690000e-06	6.696704e-06	2.540086e-08	4.766222e+01	1.508473e+03
1.700000e-06	6.688115e-06	2.538701e-08	4.760109e+01	1.508003e+03
1.710000e-06	6.677429e-06	2.537203e-08	4.752504e+01	1.507354e+03
1.720000e-06	6.664454e-06	2.535589e-08	4.743268e+01	1.506557e+03
1.730000e-06	6.649176e-06	2.533917e-08	4.732395e+01	1.505656e+03
1.740000e-06	6.631883e-06	2.534961e-08	4.720087e+01	1.504689e+03
1.750000e-06	6.612339e-06	2.536530e-08	4.706177e+01	1.503677e+03
1.760000e-06	6.589765e-06	2.533507e-08	4.690110e+01	1.502613e+03
1.770000e-06	6.564105e-06	2.528533e-08	4.671848e+01	1.501470e+03
1.780000e-06	6.535955e-06	2.522203e-08	4.651812e+01	1.500211e+03
1.790000e-06	6.505692e-06	2.518661e-08	4.630273e+01	1.498805e+03
1.800000e-06	6.473750e-06	2.522439e-08	4.607539e+01	1.497239e+03
1.810000e-06	6.440058e-06	2.518965e-08	4.583560e+01	1.495522e+03
1.820000e-06	6.404149e-06	2.512495e-08	4.558003e+01	1.493681e+03
1.830000e-06	6.366087e-06	2.512337e-08	4.530913e+01	1.491749e+03
1.840000e-06	6.325786e-06	2.507125e-08	4.502229e+01	1.489755e+03
1.850000e-06	6.283206e-06	2.503553e-08	4.471924e+01	1.487709e+03
1.860000e-06	6.238553e-06	2.499353e-08	4.440144e+01	1.485607e+03
1.870000e-06	6.191586e-06	2.492238e-08	4.406716e+01	1.483434e+03
1.880000e-06	6.142348e-06	2.493692e-08	4.371672e+01	1.481173e+03
1.890000e-06	6.090816e-06	2.491641e-08	4.334995e+01	1.478814e+03
1.900000e-06	6.036696e-06	2.484493e-08	4.296477e+01	1.476360e+03
1.910000e-06	5.980269e-06	2.479472e-08	4.256316e+01	1.473823e+03
1.920000e-06	5.921705e-06	2.473842e-08	4.214634e+01	1.471217e+03
1.930000e-06	5.861062e-06	2.470439e-08	4.171473e+01	1.468550e+03
1.940000e-06	5.798266e-06	2.465197e-08	4.126779e+01	1.465816e+03
1.950000e-06	5.733320e-06	2.460216e-08	4.080556e+01	1.462996e+03
1.960000e-06	5.666373e-06	2.457471e-08	4.032908e+01	1.460064e+03
1.970000e-06	5.597173e-06	2.452665e-08	3.983656e+01	1.456997e+03
1.980000e-06	5.525842e-06	2.446588e-08	3.932888e+01	1.453783e+03
1.990000e-06	5.452544e-06	2.437651e-08	3.880720e+01	1.450427e+03
2.000000e-06	5.377172e-06	2.433035e-08	3.827076e+01	1.446952e+03
2.010000e-06	5.299675e-06	2.429562e-08	3.771919e+01	1.443384e+03
2.020000e-06	5.220110e-06	2.421849e-08	3.715291e+01	1.439746e+03
2.030000e-06	5.138708e-06	2.415584e-08	3.657355e+01	1.436049e+03
2.040000e-06	5.055542e-06	2.408984e-08	3.598163e+01	1.432284e+03
2.050000e-06	4.970579e-06	2.403198e-08	3.537693e+01	1.428428e+03
2.060000e-06	4.883754e-06	2.395142e-08	3.475897e+01	1.424448e+03
2.070000e-06	4.795185e-06	2.387492e-08	3.412861e+01	1.420321e+03
2.080000e-06	4.704973e-06	2.382240e-08	3.348654e+01	1.416034e+03
2.090000e-06	4.613183e-06	2.375121e-08	3.283325e+01	1.411592e+03
2.100000e-06	4.519779e-06	2.367224e-08	3.216847e+01	1.407017e+03
2.110000e-06	4.424596e-06	2.358130e-08	3.149102e+01	1.402336e+03
2.120000e-06	4.327842e-06	2.351062e-08	3.080240e+01	1.397574e+03
2.130000e-06	4.229596e-06	2.342964e-08	3.010316e+01	1.392744e+03
2.140000e-06	4.129899e-06	2.333847e-08	2.939359e+01	1.387844e+03
2.150000e-06	4.028728e-06	2.325308e-08	2.867353e+01	1.382860e+03
2.160000e-06	3.925879e-06	2.317117e-08	2.794152e+01	1.377769e+03
2.170000e-06	3.821553e-06	2.309321e-08	2.719900e+01	1.372551e+03
2.180000e-06	3.715964e-06	2.299797e-08	2.644750e+01	1.367190e+03
2.190000e-06	3.609168e-06	2.290213e-08	2.568741e+01	1.361681e+03
2.200000e-06	3.501188e-06	2.280598e-08	2.491888e+01	1.356028e+03
2.210000e-06	3.391959e-06	2.271008e-08	2.414147e+01	1.350236e+03
2.220000e-06	3.281449e-06	2.260352e-08	2.335494e+01	1.344314e+03
2.230000e-06	3.169710e-06	2.249603e-08	2.255966e+01	1.338267e+03
2.240000e-06	3.056702e-06	2.239667e-08	2.175536e+01	1.332095e+03
2.250000e-06	2.942450e-06	2.229799e-08	2.094219e+01	1.325797e+03
2.260000e-06	2.827179e-06	2.218862e-08	2.012179e+01	1.319370e+03
2.270000e-06	2.710920e-06	2.207346e-08	1.929434e+01	1.312810e+03
2.280000e-06	2.593533e-06	2.196025e-08	1.845886e+01	1.306115e+03
2.290000e-06	2.474992e-06	2.184208e-08	1.761518e+01	1.299282e+03
2.300000e-06	2.355506e-06	2.171837e-08	1.676476e+01	1.292306e+03
2.310000e-06	2.235246e-06	2.159216e-08	1.590884e+01	1.285182e+03
2.320000e-06	2.114238e-06	2.147560e-08	1.504760e+01	1.277906e+03
2.330000e-06	1.992453e-06	2.135748e-08	1.418082e+01	1.270475e+03
2.340000e-06	1.869927e-06	2.122977e-08	1.330877e+01	1.262890e+03
2.350000e-06	1.746831e-06	2.109578e-08	1.243266e+01	1.255150e+03
2.360000e-06	1.623166e-06	2.096590e-08	1.155250e+01	1.247258e+03
2.370000e-06	1.498881e-06	2.083180e-08	1.066793e+01	1.239211e+03
2.380000e-06	1.374108e-06	2.068406e-08	9.779888e+00	1.231000e+03
2.390000e-06	1.248928e-06	2.053504e-08	8.888950e+00	1.222609e+03
2.400000e-06	1.123291e-06	2.039364e-08	7.994763e+00	1.214021e+03
2.410000e-06	9.971842e-07	2.025436e-08	7.097224e+00	1.205221e+03
2.420000e-06	8.705986e-07	2.010497e-08	6.196281e+00	1.196200e+03
2.430000e-06	7.436238e-07	1.994837e-08	5.292568e+00	1.186963e+03
2.440000e-06	6.163843e-07	1.978972e-08	4.386971e+00	1.177519e+03
2.450000e-06	4.888769e-07	1.962531e-08	3.479467e+00	1.167877e+03
2.460000e-06	3.611618e-07	1.945185e-08	2.570484e+00	1.158037e+03
2.470000e-06	2.333203e-07	1.927725e-08	1.660603e+00	1.147974e+03
2.480000e-06	1.053963e-07	1.910548e-08	7.501336e-01	1.137642e+03
2.490000e-06	-2.256638e-08	1.893103e-08	-1.606109e-01	1.126973e+03
2.500000e-06	-1.505062e-07	1.874613e-08	-1.071193e+00	1.115895e+03
2.510000e-06	-2.783980e-07	1.855270e-08	-1.981432e+00	1.104348e+03
2.520000e-06	-4.061453e-07	1.835311e-08	-2.890644e+00	1.092300e+03
2.530000e-06	-5.337028e-07	1.814271e-08	-3.798504e+00	1.079759e+03
2.540000e-06	-6.611112e-07	1.792065e-08	-4.705303e+00	1.066766e+03
2.550000e-06	-7.882316e-07	1.769159e-08	-5.610054e+00	1.053383e+03
2.560000e-06	-9.149966e-07	1.746092e-08	-6.512273e+00	1.039668e+03
2.570000e-06	-1.041420e-06	1.722732e-08	-7.412060e+00	1.025656e+03
2.580000e-06	-1.167375e-06	1.698867e-08	-8.308517e+00	1.011339e+03
2.590000e-06	-1.292839e-06	1.674517e-08	-9.201475e+00	9.966664e+02
2.600000e-06	-1.417854e-06	1.649382e-08	-1.009124e+01	9.815516e+02
2.610000e-06	-1.542348e-06	1.623068e-08	-1.097730e+01	9.658870e+02
2.620000e-06	-1.666309e-06	1.595518e-08	-1.185956e+01	9.495569e+02
2.630000e-06	-1.789705e-06	1.566684e-08	-1.273780e+01	9.324429e+02
2.640000e-06	-1.912457e-06	1.536521e-08	-1.361146e+01	9.144178e+02
2.650000e-06	-2.034452e-06	1.504507e-08	-1.447974e+01	8.953290e+02
2.660000e-06	-2.155623e-06	1.470130e-08	-1.534214e+01	8.749789e+02
2.670000e-06	-2.276101e-06	1.433376e-08	-1.619962e+01	8.531088e+02
2.680000e-06	-2.395897e-06	1.393945e-08	-1.705224e+01	8.293921e+02
2.690000e-06	-2.514790e-06	1.350893e-08	-1.789843e+01	8.034375e+02
2.700000e-06	-2.632619e-06	1.303039e-08	-1.873704e+01	7.747962e+02
2.710000e-06	-2.749330e-06	1.249851e-08	-1.956771e+01	7.429666e+02
2.720000e-06	-2.864926e-06	1.190592e-08	-2.039044e+01	7.073879e+02
2.730000e-06	-2.979411e-06	1.123775e-08	-2.120526e+01	6.674223e+02
2.740000e-06	-3.092729e-06	1.048123e-08	-2.201178e+01	6.223353e+02
2.750000e-06	-3.204736e-06	9.627473e-09	-2.280896e+01	5.712889e+02
2.760000e-06	-3.315414e-06	8.665113e-09	-2.359668e+01	5.133689e+02
2.770000e-06	-3.424894e-06	7.575033e-09	-2.437588e+01	4.476615e+02
2.780000e-06	-3.533267e-06	6.339370e-09	-2.514720e+01	3.733831e+02
2.790000e-06	-3.640541e-06	4.951718e-09	-2.591069e+01	2.900486e+02
2.800000e-06	-3.746628e-06	3.412388e-09	-2.666574e+01	1.976480e+02
2.810000e-06	-3.851474e-06	1.728492e-09	-2.741196e+01	9.678811e+01
2.820000e-06	-3.954975e-06	-7.880579e-11	-2.814860e+01	-1.124042e+01
2.830000e-06	-4.056906e-06	-1.975673e-09	-2.887408e+01	-1.245016e+02
2.840000e-06	-4.157244e-06	-3.920488e-09	-2.958821e+01	-2.405622e+02
2.850000e-06	-4.256156e-06	-5.870367e-09	-3.029219e+01	-3.567299e+02
2.860000e-06	-4.353644e-06	-7.781052e-09	-3.098604e+01	-4.703373e+02
2.870000e-06	-4.449674e-06	-9.610254e-09	-3.166951e+01	-5.790162e+02
2.880000e-06	-4.544101e-06	-1.132895e-08	-3.234157e+01	-6.809107e+02
2.890000e-06	-4.636832e-06	-1.291681e-08	-3.300156e+01	-7.747908e+02
2.900000e-06	-4.728019e-06	-1.436203e-08	-3.365056e+01	-8.600587e+02
2.910000e-06	-4.817590e-06	-1.566180e-08	-3.428807e+01	-9.366588e+02
2.920000e-06	-4.905436e-06	-1.682000e-08	-3.491329e+01	-1.004932e+03
2.930000e-06	-4.991430e-06	-1.784692e-08	-3.552533e+01	-1.065452e+03
2.940000e-06	-5.075542e-06	-1.875268e-08	-3.612398e+01	-1.118890e+03
2.950000e-06	-5.157973e-06	-1.954823e-08	-3.671066e+01	-1.165918e+03
2.960000e-06	-5.238754e-06	-2.024774e-08	-3.728560e+01	-1.207173e+03
2.970000e-06	-5.317620e-06	-2.086292e-08	-3.784691e+01	-1.243252e+03
2.980000e-06	-5.394274e-06	-2.139975e-08	-3.839248e+01	-1.274732e+03
2.990000e-06	-5.468769e-06	-2.186514e-08	-3.892268e+01	-1.302180e+03
3.000000e-06	-5.541338e-06	-2.227220e-08	-3.943917e+01	-1.326153e+03
3.010000e-06	-5.611919e-06	-2.263195e-08	-3.994152e+01	-1.347174e+03
3.020000e-06	-5.680348e-06	-2.294883e-08	-4.042854e+01	-1.365708e+03
3.030000e-06	-5.746776e-06	-2.322682e-08	-4.090133e+01	-1.382133e+03
3.040000e-06	-5.811358e-06	-2.347376e-08	-4.136098e+01	-1.396734e+03
3.050000e-06	-5.873899e-06	-2.369474e-08	-4.180609e+01	-1.409714e+03
3.060000e-06	-5.934168e-06	-2.389066e-08	-4.223505e+01	-1.421225e+03
3.070000e-06	-5.992221e-06	-2.406455e-08	-4.264823e+01	-1.431398e+03
3.080000e-06	-6.048291e-06	-2.421882e-08	-4.304729e+01	-1.440371e+03
3.090000e-06	-6.102246e-06	-2.435565e-08	-4.343130e+01	-1.448302e+03
3.100000e-06	-6.153739e-06	-2.447792e-08	-4.379779e+01	-1.455357e+03
3.110000e-06	-6.202647e-06	-2.458882e-08	-4.414588e+01	-1.461695e+03
3.120000e-06	-6.249081e-06	-2.468820e-08	-4.447636e+01	-1.467440e+03
3.130000e-06	-6.293434e-06	-2.477671e-08	-4.479204e+01	-1.472672e+03
3.140000e-06	-6.335804e-06	-2.485593e-08	-4.509360e+01	-1.477424e+03
3.150000e-06	-6.376128e-06	-2.492763e-08	-4.538059e+01	-1.481702e+03
3.160000e-06	-6.414257e-06	-2.499191e-08	-4.565197e+01	-1.485503e+03
3.170000e-06	-6.450047e-06	-2.504758e-08	-4.590669e+01	-1.488840e+03
3.180000e-06	-6.483599e-06	-2.509895e-08	-4.614549e+01	-1.491755e+03
3.190000e-06	-6.514904e-06	-2.514644e-08	-4.636830e+01	-1.494311e+03
3.200000e-06	-6.543765e-06	-2.518754e-08	-4.657371e+01	-1.496581e+03
3.210000e-06	-6.570250e-06	-2.522305e-08	-4.676221e+01	-1.498627e+03
3.220000e-06	-6.594507e-06	-2.525425e-08	-4.693486e+01	-1.500482e+03
3.230000e-06	-6.616351e-06	-2.528348e-08	-4.709032e+01	-1.502145e+03
3.240000e-06	-6.635831e-06	-2.530806e-08	-4.722897e+01	-1.503593e+03
3.250000e-06	-6.653129e-06	-2.532690e-08	-4.735208e+01	-1.504793e+03
3.260000e-06	-6.668013e-06	-2.534466e-08	-4.745802e+01	-1.505728e+03
3.270000e-06	-6.680184e-06	-2.536042e-08	-4.754464e+01	-1.506409e+03
3.280000e-06	-6.689820e-06	-2.537006e-08	-4.761322e+01	-1.506873e+03
3.290000e-06	-6.697105e-06	-2.537617e-08	-4.766507e+01	-1.507178e+03
3.300000e-06	-6.701982e-06	-2.538318e-08	-4.769978e+01	-1.507380e+03
3.310000e-06	-6.704561e-06	-2.538895e-08	-4.771814e+01	-1.507514e+03
