# Temperatura_=_91.56
# Concentracion g/m^3_=_20000.0
# C_Vs_to_Am_M_A/Vsm_=_59384043850.047264
# pendiente_HvsI_1/m_=_3716.3
# ordenada_HvsI_A/m_=_1297.0
# frecuencia_Hz_=_301337.3778729371

Tiempo_(s)	Campo_(V.s)	Magnetizacion_(V.s)	Campo_(kA/m)	Magnetizacion_(A/m)
0.000000e+00	-6.703595e-06	-2.479271e-08	-4.772753e+01	-1.473008e+03
1.000000e-08	-6.702029e-06	-2.478959e-08	-4.771639e+01	-1.472945e+03
2.000000e-08	-6.698054e-06	-2.478923e-08	-4.768808e+01	-1.472767e+03
3.000000e-08	-6.691915e-06	-2.478955e-08	-4.764438e+01	-1.472464e+03
4.000000e-08	-6.683701e-06	-2.478554e-08	-4.758590e+01	-1.472037e+03
5.000000e-08	-6.673179e-06	-2.477741e-08	-4.751098e+01	-1.471491e+03
6.000000e-08	-6.660176e-06	-2.476700e-08	-4.741840e+01	-1.470834e+03
7.000000e-08	-6.644723e-06	-2.475904e-08	-4.730838e+01	-1.470075e+03
8.000000e-08	-6.626812e-06	-2.474852e-08	-4.718086e+01	-1.469213e+03
9.000000e-08	-6.606484e-06	-2.470178e-08	-4.703614e+01	-1.468245e+03
1.000000e-07	-6.583648e-06	-2.465143e-08	-4.687355e+01	-1.467166e+03
1.100000e-07	-6.558160e-06	-2.465302e-08	-4.669208e+01	-1.465972e+03
1.200000e-07	-6.530262e-06	-2.467042e-08	-4.649346e+01	-1.464667e+03
1.300000e-07	-6.500400e-06	-2.465669e-08	-4.628085e+01	-1.463258e+03
1.400000e-07	-6.468947e-06	-2.464026e-08	-4.605691e+01	-1.461753e+03
1.500000e-07	-6.435735e-06	-2.462107e-08	-4.582045e+01	-1.460156e+03
1.600000e-07	-6.400262e-06	-2.455783e-08	-4.556789e+01	-1.458464e+03
1.700000e-07	-6.362645e-06	-2.455262e-08	-4.530007e+01	-1.456668e+03
1.800000e-07	-6.322923e-06	-2.450576e-08	-4.501727e+01	-1.454759e+03
1.900000e-07	-6.280650e-06	-2.444242e-08	-4.471630e+01	-1.452731e+03
2.000000e-07	-6.236031e-06	-2.444740e-08	-4.439862e+01	-1.450593e+03
2.100000e-07	-6.189223e-06	-2.440575e-08	-4.406536e+01	-1.448366e+03
2.200000e-07	-6.140009e-06	-2.439518e-08	-4.371497e+01	-1.446079e+03
2.300000e-07	-6.088281e-06	-2.435165e-08	-4.334668e+01	-1.443759e+03
2.400000e-07	-6.034023e-06	-2.428700e-08	-4.296039e+01	-1.441418e+03
2.500000e-07	-5.977520e-06	-2.427116e-08	-4.255810e+01	-1.439052e+03
2.600000e-07	-5.918807e-06	-2.421099e-08	-4.214008e+01	-1.436630e+03
2.700000e-07	-5.857931e-06	-2.416015e-08	-4.170666e+01	-1.434113e+03
2.800000e-07	-5.795096e-06	-2.413354e-08	-4.125930e+01	-1.431457e+03
2.900000e-07	-5.730236e-06	-2.409209e-08	-4.079752e+01	-1.428638e+03
3.000000e-07	-5.663194e-06	-2.404489e-08	-4.032020e+01	-1.425653e+03
3.100000e-07	-5.594029e-06	-2.398789e-08	-3.982776e+01	-1.422528e+03
3.200000e-07	-5.522854e-06	-2.393950e-08	-3.932102e+01	-1.419304e+03
3.300000e-07	-5.449639e-06	-2.386525e-08	-3.879975e+01	-1.416025e+03
3.400000e-07	-5.374301e-06	-2.381583e-08	-3.826337e+01	-1.412719e+03
3.500000e-07	-5.296852e-06	-2.376962e-08	-3.771195e+01	-1.409390e+03
3.600000e-07	-5.217300e-06	-2.369925e-08	-3.714557e+01	-1.406013e+03
3.700000e-07	-5.135686e-06	-2.365144e-08	-3.656450e+01	-1.402547e+03
3.800000e-07	-5.052290e-06	-2.359372e-08	-3.597075e+01	-1.398950e+03
3.900000e-07	-4.967312e-06	-2.353833e-08	-3.536573e+01	-1.395190e+03
4.000000e-07	-4.880723e-06	-2.346911e-08	-3.474924e+01	-1.391260e+03
4.100000e-07	-4.792450e-06	-2.339889e-08	-3.412077e+01	-1.387180e+03
4.200000e-07	-4.702432e-06	-2.332303e-08	-3.347987e+01	-1.382980e+03
4.300000e-07	-4.610631e-06	-2.324285e-08	-3.282627e+01	-1.378695e+03
4.400000e-07	-4.517191e-06	-2.317360e-08	-3.216101e+01	-1.374348e+03
4.500000e-07	-4.422236e-06	-2.310104e-08	-3.148496e+01	-1.369941e+03
4.600000e-07	-4.325692e-06	-2.303581e-08	-3.079760e+01	-1.365460e+03
4.700000e-07	-4.227518e-06	-2.296324e-08	-3.009863e+01	-1.360878e+03
4.800000e-07	-4.127718e-06	-2.288514e-08	-2.938808e+01	-1.356173e+03
4.900000e-07	-4.026495e-06	-2.279761e-08	-2.866741e+01	-1.351334e+03
5.000000e-07	-3.923972e-06	-2.270581e-08	-2.793747e+01	-1.346365e+03
5.100000e-07	-3.820039e-06	-2.261770e-08	-2.719750e+01	-1.341281e+03
5.200000e-07	-3.714732e-06	-2.253053e-08	-2.644775e+01	-1.336099e+03
5.300000e-07	-3.608036e-06	-2.244771e-08	-2.568811e+01	-1.330827e+03
5.400000e-07	-3.499935e-06	-2.236197e-08	-2.491846e+01	-1.325459e+03
5.500000e-07	-3.390611e-06	-2.227224e-08	-2.414011e+01	-1.319975e+03
5.600000e-07	-3.280143e-06	-2.217914e-08	-2.335360e+01	-1.314350e+03
5.700000e-07	-3.168510e-06	-2.208328e-08	-2.255882e+01	-1.308562e+03
5.800000e-07	-3.055726e-06	-2.198155e-08	-2.175583e+01	-1.302606e+03
5.900000e-07	-2.941823e-06	-2.187594e-08	-2.094487e+01	-1.296493e+03
6.000000e-07	-2.826731e-06	-2.176991e-08	-2.012545e+01	-1.290246e+03
6.100000e-07	-2.710410e-06	-2.166379e-08	-1.929729e+01	-1.283888e+03
6.200000e-07	-2.593057e-06	-2.155645e-08	-1.846177e+01	-1.277433e+03
6.300000e-07	-2.474788e-06	-2.144640e-08	-1.761973e+01	-1.270876e+03
6.400000e-07	-2.355658e-06	-2.133649e-08	-1.677156e+01	-1.264194e+03
6.500000e-07	-2.235685e-06	-2.122598e-08	-1.591739e+01	-1.257356e+03
6.600000e-07	-2.114885e-06	-2.111184e-08	-1.505733e+01	-1.250333e+03
6.700000e-07	-1.993370e-06	-2.098870e-08	-1.419218e+01	-1.243110e+03
6.800000e-07	-1.871187e-06	-2.086031e-08	-1.332228e+01	-1.235692e+03
6.900000e-07	-1.748294e-06	-2.073131e-08	-1.244732e+01	-1.228101e+03
7.000000e-07	-1.624626e-06	-2.059934e-08	-1.156684e+01	-1.220361e+03
7.100000e-07	-1.500264e-06	-2.046348e-08	-1.068142e+01	-1.212490e+03
7.200000e-07	-1.375430e-06	-2.032809e-08	-9.792640e+00	-1.204484e+03
7.300000e-07	-1.250168e-06	-2.019568e-08	-8.900813e+00	-1.196321e+03
7.400000e-07	-1.124501e-06	-2.006086e-08	-8.006103e+00	-1.187963e+03
7.500000e-07	-9.984615e-07	-1.991845e-08	-7.108739e+00	-1.179376e+03
7.600000e-07	-8.720821e-07	-1.976504e-08	-6.208956e+00	-1.170541e+03
7.700000e-07	-7.454305e-07	-1.960766e-08	-5.307235e+00	-1.161459e+03
7.800000e-07	-6.185190e-07	-1.944945e-08	-4.403665e+00	-1.152154e+03
7.900000e-07	-4.913981e-07	-1.928660e-08	-3.498603e+00	-1.142650e+03
8.000000e-07	-3.641483e-07	-1.912207e-08	-2.592624e+00	-1.132958e+03
8.100000e-07	-2.367853e-07	-1.896125e-08	-1.685838e+00	-1.123059e+03
8.200000e-07	-1.092703e-07	-1.879950e-08	-7.779709e-01	-1.112898e+03
8.300000e-07	1.831859e-08	-1.862591e-08	1.304227e-01	-1.102393e+03
8.400000e-07	1.458870e-07	-1.843744e-08	1.038671e+00	-1.091455e+03
8.500000e-07	2.733611e-07	-1.823801e-08	1.946247e+00	-1.080015e+03
8.600000e-07	4.007272e-07	-1.803314e-08	2.853054e+00	-1.068044e+03
8.700000e-07	5.279377e-07	-1.782222e-08	3.758754e+00	-1.055559e+03
8.800000e-07	6.549334e-07	-1.760255e-08	4.662924e+00	-1.042615e+03
8.900000e-07	7.817138e-07	-1.737743e-08	5.565561e+00	-1.029286e+03
9.000000e-07	9.082266e-07	-1.715207e-08	6.466294e+00	-1.015633e+03
9.100000e-07	1.034434e-06	-1.692026e-08	7.364851e+00	-1.001685e+03
9.200000e-07	1.160286e-06	-1.667504e-08	8.260879e+00	-9.874246e+02
9.300000e-07	1.285745e-06	-1.642167e-08	9.154109e+00	-9.727898e+02
9.400000e-07	1.410789e-06	-1.616591e-08	1.004438e+01	-9.576865e+02
9.500000e-07	1.535357e-06	-1.590508e-08	1.093127e+01	-9.420019e+02
9.600000e-07	1.659417e-06	-1.563067e-08	1.181454e+01	-9.256121e+02
9.700000e-07	1.782894e-06	-1.533881e-08	1.269366e+01	-9.083799e+02
9.800000e-07	1.905661e-06	-1.503031e-08	1.356772e+01	-8.901430e+02
9.900000e-07	2.027609e-06	-1.470148e-08	1.443595e+01	-8.706964e+02
1.000000e-06	2.148740e-06	-1.434299e-08	1.529837e+01	-8.497794e+02
1.010000e-06	2.269179e-06	-1.395164e-08	1.615585e+01	-8.270687e+02
1.020000e-06	2.388820e-06	-1.352715e-08	1.700766e+01	-8.021797e+02
1.030000e-06	2.507563e-06	-1.306349e-08	1.785307e+01	-7.746682e+02
1.040000e-06	2.625449e-06	-1.254765e-08	1.869239e+01	-7.440255e+02
1.050000e-06	2.742362e-06	-1.196374e-08	1.952477e+01	-7.096591e+02
1.060000e-06	2.858160e-06	-1.130315e-08	2.034922e+01	-6.708617e+02
1.070000e-06	2.972749e-06	-1.055306e-08	2.116506e+01	-6.267810e+02
1.080000e-06	3.086089e-06	-9.692132e-09	2.197201e+01	-5.764122e+02
1.090000e-06	3.198305e-06	-8.700813e-09	2.277095e+01	-5.186367e+02
1.100000e-06	3.309431e-06	-7.566099e-09	2.356213e+01	-4.523268e+02
1.110000e-06	3.419435e-06	-6.274840e-09	2.434533e+01	-3.765149e+02
1.120000e-06	3.528309e-06	-4.815825e-09	2.512048e+01	-2.906078e+02
1.130000e-06	3.635967e-06	-3.186169e-09	2.588696e+01	-1.946041e+02
1.140000e-06	3.742266e-06	-1.397132e-09	2.664378e+01	-8.926182e+01
1.150000e-06	3.847147e-06	5.223630e-10	2.739050e+01	2.383419e+01
1.160000e-06	3.950633e-06	2.533525e-09	2.812729e+01	1.423384e+02
1.170000e-06	4.052722e-06	4.585900e-09	2.885413e+01	2.633458e+02
1.180000e-06	4.153379e-06	6.619958e-09	2.957078e+01	3.836988e+02
1.190000e-06	4.252495e-06	8.582655e-09	3.027646e+01	5.003409e+02
1.200000e-06	4.350004e-06	1.043530e-08	3.097069e+01	6.106485e+02
1.210000e-06	4.445876e-06	1.214771e-08	3.165327e+01	7.126746e+02
1.220000e-06	4.540211e-06	1.369828e-08	3.232490e+01	8.052636e+02
1.230000e-06	4.633109e-06	1.507944e-08	3.298631e+01	8.880276e+02
1.240000e-06	4.724405e-06	1.630222e-08	3.363631e+01	9.612082e+02
1.250000e-06	4.813959e-06	1.737919e-08	3.427390e+01	1.025472e+03
1.260000e-06	4.901786e-06	1.832151e-08	3.489921e+01	1.081695e+03
1.270000e-06	4.987932e-06	1.914131e-08	3.551254e+01	1.130789e+03
1.280000e-06	5.072429e-06	1.985353e-08	3.611413e+01	1.173590e+03
1.290000e-06	5.155101e-06	2.047394e-08	3.670273e+01	1.210824e+03
1.300000e-06	5.235846e-06	2.101175e-08	3.727761e+01	1.243120e+03
1.310000e-06	5.314757e-06	2.147454e-08	3.783944e+01	1.271054e+03
1.320000e-06	5.391784e-06	2.187453e-08	3.838784e+01	1.295184e+03
1.330000e-06	5.466710e-06	2.222283e-08	3.892129e+01	1.316058e+03
1.340000e-06	5.539431e-06	2.252719e-08	3.943904e+01	1.334207e+03
1.350000e-06	5.610129e-06	2.279402e-08	3.994239e+01	1.350108e+03
1.360000e-06	5.678935e-06	2.302668e-08	4.043227e+01	1.364153e+03
1.370000e-06	5.745711e-06	2.323178e-08	4.090769e+01	1.376633e+03
1.380000e-06	5.810320e-06	2.341561e-08	4.136769e+01	1.387744e+03
1.390000e-06	5.872916e-06	2.357960e-08	4.181335e+01	1.397614e+03
1.400000e-06	5.933647e-06	2.372381e-08	4.224574e+01	1.406342e+03
1.410000e-06	5.992278e-06	2.385037e-08	4.266317e+01	1.414033e+03
1.420000e-06	6.048656e-06	2.396115e-08	4.306457e+01	1.420811e+03
1.430000e-06	6.102830e-06	2.405932e-08	4.345027e+01	1.426825e+03
1.440000e-06	6.154576e-06	2.414671e-08	4.381869e+01	1.432223e+03
1.450000e-06	6.203737e-06	2.422711e-08	4.416870e+01	1.437135e+03
1.460000e-06	6.250576e-06	2.430471e-08	4.450217e+01	1.441647e+03
1.470000e-06	6.295324e-06	2.437459e-08	4.482077e+01	1.445799e+03
1.480000e-06	6.337893e-06	2.443624e-08	4.512385e+01	1.449595e+03
1.490000e-06	6.378078e-06	2.449361e-08	4.540995e+01	1.453021e+03
1.500000e-06	6.416016e-06	2.454559e-08	4.568006e+01	1.456067e+03
1.510000e-06	6.451784e-06	2.458957e-08	4.593472e+01	1.458746e+03
1.520000e-06	6.485137e-06	2.462529e-08	4.617218e+01	1.461096e+03
1.530000e-06	6.516159e-06	2.465829e-08	4.639305e+01	1.463171e+03
1.540000e-06	6.545087e-06	2.469000e-08	4.659900e+01	1.465027e+03
1.550000e-06	6.571749e-06	2.471610e-08	4.678883e+01	1.466706e+03
1.560000e-06	6.595932e-06	2.473728e-08	4.696101e+01	1.468226e+03
1.570000e-06	6.617803e-06	2.475770e-08	4.711672e+01	1.469583e+03
1.580000e-06	6.637565e-06	2.477803e-08	4.725742e+01	1.470761e+03
1.590000e-06	6.654986e-06	2.479508e-08	4.738145e+01	1.471746e+03
1.600000e-06	6.669840e-06	2.480577e-08	4.748721e+01	1.472533e+03
1.610000e-06	6.682155e-06	2.481485e-08	4.757488e+01	1.473135e+03
1.620000e-06	6.691842e-06	2.482174e-08	4.764386e+01	1.473581e+03
1.630000e-06	6.699011e-06	2.482397e-08	4.769490e+01	1.473899e+03
1.640000e-06	6.703950e-06	2.482442e-08	4.773006e+01	1.474114e+03
1.650000e-06	6.706598e-06	2.482619e-08	4.774892e+01	1.474240e+03
1.660000e-06	6.706856e-06	2.482696e-08	4.775075e+01	1.474273e+03
1.670000e-06	6.704925e-06	2.482772e-08	4.773700e+01	1.474202e+03
1.680000e-06	6.700878e-06	2.482461e-08	4.770819e+01	1.474015e+03
1.690000e-06	6.694534e-06	2.481754e-08	4.766302e+01	1.473704e+03
1.700000e-06	6.685990e-06	2.480725e-08	4.760219e+01	1.473267e+03
1.710000e-06	6.675399e-06	2.479411e-08	4.752679e+01	1.472713e+03
1.720000e-06	6.662495e-06	2.478156e-08	4.743492e+01	1.472050e+03
1.730000e-06	6.647289e-06	2.475732e-08	4.732665e+01	1.471283e+03
1.740000e-06	6.630071e-06	2.476112e-08	4.720406e+01	1.470414e+03
1.750000e-06	6.610575e-06	2.479682e-08	4.706526e+01	1.469438e+03
1.760000e-06	6.588029e-06	2.476958e-08	4.690474e+01	1.468350e+03
1.770000e-06	6.562396e-06	2.470690e-08	4.672224e+01	1.467149e+03
1.780000e-06	6.534301e-06	2.466263e-08	4.652221e+01	1.465836e+03
1.790000e-06	6.504082e-06	2.460606e-08	4.630706e+01	1.464420e+03
1.800000e-06	6.472135e-06	2.462212e-08	4.607961e+01	1.462908e+03
1.810000e-06	6.438438e-06	2.464034e-08	4.583970e+01	1.461305e+03
1.820000e-06	6.402548e-06	2.453264e-08	4.558417e+01	1.459606e+03
1.830000e-06	6.364452e-06	2.454516e-08	4.531294e+01	1.457802e+03
1.840000e-06	6.324157e-06	2.453626e-08	4.502605e+01	1.455884e+03
1.850000e-06	6.281623e-06	2.446155e-08	4.472322e+01	1.453848e+03
1.860000e-06	6.236981e-06	2.445128e-08	4.440539e+01	1.451703e+03
1.870000e-06	6.190025e-06	2.433137e-08	4.407107e+01	1.449471e+03
1.880000e-06	6.140783e-06	2.433421e-08	4.372048e+01	1.447181e+03
1.890000e-06	6.089253e-06	2.434575e-08	4.335360e+01	1.444858e+03
1.900000e-06	6.035098e-06	2.425823e-08	4.296804e+01	1.442517e+03
1.910000e-06	5.978664e-06	2.425726e-08	4.256625e+01	1.440148e+03
1.920000e-06	5.920140e-06	2.418751e-08	4.214957e+01	1.437721e+03
1.930000e-06	5.859468e-06	2.415081e-08	4.171761e+01	1.435194e+03
1.940000e-06	5.796678e-06	2.409468e-08	4.127056e+01	1.432528e+03
1.950000e-06	5.731777e-06	2.400376e-08	4.080849e+01	1.429696e+03
1.960000e-06	5.664855e-06	2.400282e-08	4.033202e+01	1.426701e+03
1.970000e-06	5.595708e-06	2.394631e-08	3.983972e+01	1.423567e+03
1.980000e-06	5.524377e-06	2.392234e-08	3.933186e+01	1.420338e+03
1.990000e-06	5.451079e-06	2.383137e-08	3.881001e+01	1.417056e+03
2.000000e-06	5.375751e-06	2.377422e-08	3.827369e+01	1.413749e+03
2.010000e-06	5.298307e-06	2.375074e-08	3.772232e+01	1.410417e+03
2.020000e-06	5.218817e-06	2.364850e-08	3.715637e+01	1.407035e+03
2.030000e-06	5.137463e-06	2.359939e-08	3.657715e+01	1.403562e+03
2.040000e-06	5.054300e-06	2.352063e-08	3.598506e+01	1.399954e+03
2.050000e-06	4.969376e-06	2.348457e-08	3.538043e+01	1.396181e+03
2.060000e-06	4.882571e-06	2.341250e-08	3.476240e+01	1.392241e+03
2.070000e-06	4.793998e-06	2.333893e-08	3.413179e+01	1.388150e+03
2.080000e-06	4.703850e-06	2.329246e-08	3.348997e+01	1.383943e+03
2.090000e-06	4.612041e-06	2.321360e-08	3.283631e+01	1.379653e+03
2.100000e-06	4.518584e-06	2.313942e-08	3.217093e+01	1.375302e+03
2.110000e-06	4.423412e-06	2.303152e-08	3.149333e+01	1.370891e+03
2.120000e-06	4.326697e-06	2.296114e-08	3.080475e+01	1.366403e+03
2.130000e-06	4.228560e-06	2.288584e-08	3.010604e+01	1.361814e+03
2.140000e-06	4.128897e-06	2.281045e-08	2.939648e+01	1.357099e+03
2.150000e-06	4.027718e-06	2.273637e-08	2.867611e+01	1.352251e+03
2.160000e-06	3.924961e-06	2.266045e-08	2.794452e+01	1.347273e+03
2.170000e-06	3.820727e-06	2.258544e-08	2.720240e+01	1.342181e+03
2.180000e-06	3.715242e-06	2.248357e-08	2.645138e+01	1.336992e+03
2.190000e-06	3.608593e-06	2.238030e-08	2.569207e+01	1.331714e+03
2.200000e-06	3.500745e-06	2.228209e-08	2.492423e+01	1.326339e+03
2.210000e-06	3.391649e-06	2.219731e-08	2.414750e+01	1.320846e+03
2.220000e-06	3.281254e-06	2.210180e-08	2.336152e+01	1.315209e+03
2.230000e-06	3.169637e-06	2.200202e-08	2.256684e+01	1.309410e+03
2.240000e-06	3.056766e-06	2.190562e-08	2.176323e+01	1.303442e+03
2.250000e-06	2.942638e-06	2.181430e-08	2.095068e+01	1.297319e+03
2.260000e-06	2.827461e-06	2.170632e-08	2.013065e+01	1.291063e+03
2.270000e-06	2.711195e-06	2.158961e-08	1.930287e+01	1.284697e+03
2.280000e-06	2.593855e-06	2.147556e-08	1.846745e+01	1.278235e+03
2.290000e-06	2.475405e-06	2.136385e-08	1.762412e+01	1.271670e+03
2.300000e-06	2.355897e-06	2.124888e-08	1.677326e+01	1.264979e+03
2.310000e-06	2.235572e-06	2.112559e-08	1.591658e+01	1.258129e+03
2.320000e-06	2.114573e-06	2.101294e-08	1.505511e+01	1.251092e+03
2.330000e-06	1.992905e-06	2.090031e-08	1.418887e+01	1.243854e+03
2.340000e-06	1.870550e-06	2.077896e-08	1.331774e+01	1.236423e+03
2.350000e-06	1.747529e-06	2.064558e-08	1.244187e+01	1.228820e+03
2.360000e-06	1.623834e-06	2.051447e-08	1.156120e+01	1.221071e+03
2.370000e-06	1.499552e-06	2.038286e-08	1.067635e+01	1.213191e+03
2.380000e-06	1.374755e-06	2.024080e-08	9.787834e+00	1.205175e+03
2.390000e-06	1.249547e-06	2.009330e-08	8.896389e+00	1.196999e+03
2.400000e-06	1.123993e-06	1.995294e-08	8.002485e+00	1.188625e+03
2.410000e-06	9.979319e-07	1.981929e-08	7.104968e+00	1.180021e+03
2.420000e-06	8.713428e-07	1.967821e-08	6.203692e+00	1.171168e+03
2.430000e-06	7.443655e-07	1.952717e-08	5.299653e+00	1.162070e+03
2.440000e-06	6.170919e-07	1.937119e-08	4.393504e+00	1.152750e+03
2.450000e-06	4.896040e-07	1.921038e-08	3.485830e+00	1.143232e+03
2.460000e-06	3.619153e-07	1.903912e-08	2.576726e+00	1.133527e+03
2.470000e-06	2.340816e-07	1.886065e-08	1.666589e+00	1.123611e+03
2.480000e-06	1.061799e-07	1.868554e-08	7.559679e-01	1.113429e+03
2.490000e-06	-2.174989e-08	1.851516e-08	-1.548525e-01	1.102895e+03
2.500000e-06	-1.496538e-07	1.833686e-08	-1.065489e+00	1.091923e+03
2.510000e-06	-2.774926e-07	1.814750e-08	-1.975662e+00	1.080446e+03
2.520000e-06	-4.052216e-07	1.794974e-08	-2.885053e+00	1.068437e+03
2.530000e-06	-5.327957e-07	1.774142e-08	-3.793341e+00	1.055917e+03
2.540000e-06	-6.601945e-07	1.751893e-08	-4.700382e+00	1.042943e+03
2.550000e-06	-7.873331e-07	1.728633e-08	-5.605569e+00	1.029589e+03
2.560000e-06	-9.140831e-07	1.705269e-08	-6.507991e+00	1.015915e+03
2.570000e-06	-1.040431e-06	1.682088e-08	-7.407546e+00	1.001946e+03
2.580000e-06	-1.166398e-06	1.658527e-08	-8.304394e+00	9.876611e+02
2.590000e-06	-1.291879e-06	1.634128e-08	-9.197780e+00	9.729963e+02
2.600000e-06	-1.416827e-06	1.608799e-08	-1.008737e+01	9.578554e+02
2.610000e-06	-1.541238e-06	1.582456e-08	-1.097314e+01	9.421247e+02
2.620000e-06	-1.665121e-06	1.554810e-08	-1.185515e+01	9.256795e+02
2.630000e-06	-1.788502e-06	1.525507e-08	-1.273358e+01	9.083814e+02
2.640000e-06	-1.911157e-06	1.494723e-08	-1.360685e+01	8.900654e+02
2.650000e-06	-2.033022e-06	1.462108e-08	-1.447449e+01	8.705232e+02
2.660000e-06	-2.154205e-06	1.426818e-08	-1.533727e+01	8.494896e+02
2.670000e-06	-2.274686e-06	1.388468e-08	-1.619506e+01	8.266369e+02
2.680000e-06	-2.394428e-06	1.346774e-08	-1.704759e+01	8.015760e+02
2.690000e-06	-2.513312e-06	1.300795e-08	-1.789401e+01	7.738585e+02
2.700000e-06	-2.631100e-06	1.249413e-08	-1.873262e+01	7.429707e+02
2.710000e-06	-2.747749e-06	1.191742e-08	-1.956312e+01	7.083129e+02
2.720000e-06	-2.863378e-06	1.126711e-08	-2.038637e+01	6.691682e+02
2.730000e-06	-2.977894e-06	1.052676e-08	-2.120169e+01	6.246735e+02
2.740000e-06	-3.091223e-06	9.677044e-09	-2.200855e+01	5.738136e+02
2.750000e-06	-3.203248e-06	8.701437e-09	-2.280614e+01	5.154651e+02
2.760000e-06	-3.313905e-06	7.585831e-09	-2.359398e+01	4.485055e+02
2.770000e-06	-3.423330e-06	6.314825e-09	-2.437306e+01	3.719864e+02
2.780000e-06	-3.531660e-06	4.876441e-09	-2.514433e+01	2.853500e+02
2.790000e-06	-3.638928e-06	3.269956e-09	-2.590805e+01	1.886444e+02
2.800000e-06	-3.744999e-06	1.505053e-09	-2.666324e+01	8.268606e+01
2.810000e-06	-3.849780e-06	-3.941460e-10	-2.740925e+01	-3.088209e+01
2.820000e-06	-3.953196e-06	-2.386293e-09	-2.814554e+01	-1.496663e+02
2.830000e-06	-4.055031e-06	-4.420987e-09	-2.887057e+01	-2.707326e+02
2.840000e-06	-4.155314e-06	-6.442807e-09	-2.958456e+01	-3.909184e+02
2.850000e-06	-4.254186e-06	-8.399485e-09	-3.028849e+01	-5.071881e+02
2.860000e-06	-4.351631e-06	-1.024673e-08	-3.098227e+01	-6.169597e+02
2.870000e-06	-4.447641e-06	-1.195407e-08	-3.166583e+01	-7.183404e+02
2.880000e-06	-4.542081e-06	-1.350678e-08	-3.233822e+01	-8.102320e+02
2.890000e-06	-4.634877e-06	-1.489862e-08	-3.299890e+01	-8.922972e+02
2.900000e-06	-4.726035e-06	-1.613307e-08	-3.364791e+01	-9.648150e+02
2.910000e-06	-4.815513e-06	-1.721776e-08	-3.428497e+01	-1.028474e+03
2.920000e-06	-4.903275e-06	-1.816494e-08	-3.490981e+01	-1.084158e+03
2.930000e-06	-4.989255e-06	-1.899169e-08	-3.552196e+01	-1.132776e+03
2.940000e-06	-5.073410e-06	-1.970997e-08	-3.612112e+01	-1.175157e+03
2.950000e-06	-5.155769e-06	-2.033085e-08	-3.670749e+01	-1.212018e+03
2.960000e-06	-5.236399e-06	-2.086971e-08	-3.728155e+01	-1.243984e+03
2.970000e-06	-5.315187e-06	-2.134104e-08	-3.784249e+01	-1.271628e+03
2.980000e-06	-5.391855e-06	-2.175135e-08	-3.838835e+01	-1.295507e+03
2.990000e-06	-5.466410e-06	-2.210547e-08	-3.891915e+01	-1.316169e+03
3.000000e-06	-5.538987e-06	-2.241250e-08	-3.943588e+01	-1.334143e+03
3.010000e-06	-5.609537e-06	-2.268181e-08	-3.993818e+01	-1.349899e+03
3.020000e-06	-5.678007e-06	-2.291885e-08	-4.042566e+01	-1.363824e+03
3.030000e-06	-5.744455e-06	-2.312680e-08	-4.089875e+01	-1.376200e+03
3.040000e-06	-5.808963e-06	-2.331209e-08	-4.135803e+01	-1.387219e+03
3.050000e-06	-5.871458e-06	-2.347855e-08	-4.180297e+01	-1.397004e+03
3.060000e-06	-5.931756e-06	-2.362772e-08	-4.223228e+01	-1.405655e+03
3.070000e-06	-5.989847e-06	-2.375974e-08	-4.264587e+01	-1.413276e+03
3.080000e-06	-6.045953e-06	-2.387612e-08	-4.304532e+01	-1.419994e+03
3.090000e-06	-6.099969e-06	-2.398088e-08	-4.342990e+01	-1.425959e+03
3.100000e-06	-6.151511e-06	-2.407587e-08	-4.379686e+01	-1.431319e+03
3.110000e-06	-6.200482e-06	-2.416154e-08	-4.414553e+01	-1.436199e+03
3.120000e-06	-6.246981e-06	-2.423798e-08	-4.447658e+01	-1.440685e+03
3.130000e-06	-6.291348e-06	-2.430567e-08	-4.479246e+01	-1.444812e+03
3.140000e-06	-6.333795e-06	-2.436501e-08	-4.509467e+01	-1.448582e+03
3.150000e-06	-6.374144e-06	-2.441859e-08	-4.538194e+01	-1.451981e+03
3.160000e-06	-6.412194e-06	-2.446828e-08	-4.565285e+01	-1.455000e+03
3.170000e-06	-6.447957e-06	-2.451591e-08	-4.590747e+01	-1.457654e+03
3.180000e-06	-6.481524e-06	-2.456175e-08	-4.614646e+01	-1.459982e+03
3.190000e-06	-6.512817e-06	-2.460415e-08	-4.636925e+01	-1.462040e+03
3.200000e-06	-6.541657e-06	-2.463941e-08	-4.657458e+01	-1.463882e+03
3.210000e-06	-6.568139e-06	-2.466566e-08	-4.676313e+01	-1.465549e+03
3.220000e-06	-6.592423e-06	-2.468532e-08	-4.693602e+01	-1.467058e+03
3.230000e-06	-6.614354e-06	-2.470451e-08	-4.709216e+01	-1.468403e+03
3.240000e-06	-6.633889e-06	-2.472476e-08	-4.723125e+01	-1.469568e+03
3.250000e-06	-6.651162e-06	-2.474246e-08	-4.735423e+01	-1.470538e+03
3.260000e-06	-6.666038e-06	-2.475914e-08	-4.746014e+01	-1.471311e+03
3.270000e-06	-6.678255e-06	-2.477550e-08	-4.754712e+01	-1.471902e+03
3.280000e-06	-6.687954e-06	-2.478937e-08	-4.761617e+01	-1.472337e+03
3.290000e-06	-6.695324e-06	-2.479651e-08	-4.766865e+01	-1.472647e+03
3.300000e-06	-6.700303e-06	-2.479661e-08	-4.770409e+01	-1.472856e+03
3.310000e-06	-6.702962e-06	-2.479411e-08	-4.772303e+01	-1.472974e+03
