# Temperatura_=_26.27
# Concentracion g/m^3_=_11000.0
# C_Vs_to_Am_M_A/Vsm_=_59384043850.047264
# pendiente_HvsI_1/m_=_3716.3
# ordenada_HvsI_A/m_=_1297.0
# frecuencia_Hz_=_301223.7197041286

Tiempo_(s)	Campo_(V.s)	Magnetizacion_(V.s)	Campo_(kA/m)	Magnetizacion_(A/m)
0.000000e+00	-5.436543e-06	-3.148921e-09	-3.844830e+01	-1.856921e+02
1.000000e-08	-5.435416e-06	-3.151823e-09	-3.844033e+01	-1.859577e+02
2.000000e-08	-5.432346e-06	-3.155557e-09	-3.841862e+01	-1.861646e+02
3.000000e-08	-5.427414e-06	-3.157628e-09	-3.838374e+01	-1.862976e+02
4.000000e-08	-5.420920e-06	-3.156437e-09	-3.833782e+01	-1.863470e+02
5.000000e-08	-5.412891e-06	-3.152623e-09	-3.828103e+01	-1.863106e+02
6.000000e-08	-5.402877e-06	-3.149139e-09	-3.821021e+01	-1.861946e+02
7.000000e-08	-5.390767e-06	-3.148797e-09	-3.812457e+01	-1.860119e+02
8.000000e-08	-5.376811e-06	-3.141235e-09	-3.802587e+01	-1.857798e+02
9.000000e-08	-5.360544e-06	-3.121309e-09	-3.791083e+01	-1.855162e+02
1.000000e-07	-5.341848e-06	-3.104244e-09	-3.777860e+01	-1.852367e+02
1.100000e-07	-5.321135e-06	-3.104168e-09	-3.763212e+01	-1.849521e+02
1.200000e-07	-5.298632e-06	-3.120506e-09	-3.747297e+01	-1.846665e+02
1.300000e-07	-5.274634e-06	-3.136732e-09	-3.730325e+01	-1.843769e+02
1.400000e-07	-5.249304e-06	-3.127691e-09	-3.712411e+01	-1.840740e+02
1.500000e-07	-5.222217e-06	-3.108944e-09	-3.693255e+01	-1.837435e+02
1.600000e-07	-5.193200e-06	-3.092005e-09	-3.672733e+01	-1.833688e+02
1.700000e-07	-5.162729e-06	-3.084927e-09	-3.651184e+01	-1.829338e+02
1.800000e-07	-5.130681e-06	-3.075413e-09	-3.628518e+01	-1.824253e+02
1.900000e-07	-5.096407e-06	-3.051598e-09	-3.604280e+01	-1.818363e+02
2.000000e-07	-5.060299e-06	-3.049485e-09	-3.578743e+01	-1.811662e+02
2.100000e-07	-5.022677e-06	-3.061470e-09	-3.552136e+01	-1.804220e+02
2.200000e-07	-4.983270e-06	-3.050861e-09	-3.524267e+01	-1.796162e+02
2.300000e-07	-4.942168e-06	-3.013549e-09	-3.495198e+01	-1.787640e+02
2.400000e-07	-4.899113e-06	-2.983984e-09	-3.464749e+01	-1.778804e+02
2.500000e-07	-4.854084e-06	-2.962811e-09	-3.432904e+01	-1.769756e+02
2.600000e-07	-4.807304e-06	-2.955563e-09	-3.399820e+01	-1.760535e+02
2.700000e-07	-4.758645e-06	-2.948929e-09	-3.365407e+01	-1.751099e+02
2.800000e-07	-4.707899e-06	-2.923419e-09	-3.329519e+01	-1.741345e+02
2.900000e-07	-4.655036e-06	-2.917618e-09	-3.292133e+01	-1.731140e+02
3.000000e-07	-4.600442e-06	-2.908173e-09	-3.253523e+01	-1.720360e+02
3.100000e-07	-4.544376e-06	-2.861764e-09	-3.213872e+01	-1.708940e+02
3.200000e-07	-4.486699e-06	-2.829483e-09	-3.173082e+01	-1.696895e+02
3.300000e-07	-4.427281e-06	-2.821422e-09	-3.131061e+01	-1.684321e+02
3.400000e-07	-4.366182e-06	-2.809610e-09	-3.087850e+01	-1.671371e+02
3.500000e-07	-4.303671e-06	-2.791038e-09	-3.043641e+01	-1.658208e+02
3.600000e-07	-4.239891e-06	-2.767007e-09	-2.998535e+01	-1.644947e+02
3.700000e-07	-4.174535e-06	-2.737491e-09	-2.952313e+01	-1.631616e+02
3.800000e-07	-4.107398e-06	-2.705772e-09	-2.904833e+01	-1.618141e+02
3.900000e-07	-4.038635e-06	-2.678514e-09	-2.856202e+01	-1.604365e+02
4.000000e-07	-3.968516e-06	-2.652559e-09	-2.806613e+01	-1.590097e+02
4.100000e-07	-3.897197e-06	-2.635215e-09	-2.756175e+01	-1.575178e+02
4.200000e-07	-3.824566e-06	-2.617273e-09	-2.704808e+01	-1.559536e+02
4.300000e-07	-3.750366e-06	-2.588014e-09	-2.652333e+01	-1.543212e+02
4.400000e-07	-3.674507e-06	-2.557963e-09	-2.598684e+01	-1.526351e+02
4.500000e-07	-3.597194e-06	-2.526317e-09	-2.544007e+01	-1.509150e+02
4.600000e-07	-3.518445e-06	-2.494596e-09	-2.488314e+01	-1.491786e+02
4.700000e-07	-3.438204e-06	-2.462226e-09	-2.431566e+01	-1.474347e+02
4.800000e-07	-3.356672e-06	-2.430938e-09	-2.373904e+01	-1.456795e+02
4.900000e-07	-3.273937e-06	-2.405252e-09	-2.315393e+01	-1.438970e+02
5.000000e-07	-3.190141e-06	-2.376946e-09	-2.256131e+01	-1.420643e+02
5.100000e-07	-3.105434e-06	-2.344082e-09	-2.196224e+01	-1.401598e+02
5.200000e-07	-3.019794e-06	-2.307991e-09	-2.135658e+01	-1.381710e+02
5.300000e-07	-2.933178e-06	-2.272554e-09	-2.074401e+01	-1.360997e+02
5.400000e-07	-2.845608e-06	-2.236175e-09	-2.012470e+01	-1.339623e+02
5.500000e-07	-2.757135e-06	-2.199550e-09	-1.949900e+01	-1.317842e+02
5.600000e-07	-2.667589e-06	-2.164725e-09	-1.886572e+01	-1.295911e+02
5.700000e-07	-2.576819e-06	-2.129876e-09	-1.822377e+01	-1.273996e+02
5.800000e-07	-2.484984e-06	-2.093149e-09	-1.757430e+01	-1.252109e+02
5.900000e-07	-2.392350e-06	-2.052690e-09	-1.691917e+01	-1.230100e+02
6.000000e-07	-2.298964e-06	-2.012098e-09	-1.625872e+01	-1.207702e+02
6.100000e-07	-2.204865e-06	-1.974119e-09	-1.559324e+01	-1.184633e+02
6.200000e-07	-2.110034e-06	-1.937047e-09	-1.492258e+01	-1.160691e+02
6.300000e-07	-2.014440e-06	-1.897014e-09	-1.424651e+01	-1.135832e+02
6.400000e-07	-1.918188e-06	-1.855772e-09	-1.356580e+01	-1.110186e+02
6.500000e-07	-1.821299e-06	-1.813623e-09	-1.288058e+01	-1.084010e+02
6.600000e-07	-1.723646e-06	-1.767640e-09	-1.218996e+01	-1.057591e+02
6.700000e-07	-1.625115e-06	-1.719190e-09	-1.149313e+01	-1.031142e+02
6.800000e-07	-1.525883e-06	-1.673403e-09	-1.079134e+01	-1.004717e+02
6.900000e-07	-1.426167e-06	-1.631085e-09	-1.008614e+01	-9.781927e+01
7.000000e-07	-1.326014e-06	-1.589461e-09	-9.377832e+00	-9.513138e+01
7.100000e-07	-1.225363e-06	-1.546332e-09	-8.666007e+00	-9.237887e+01
7.200000e-07	-1.124315e-06	-1.499129e-09	-7.951376e+00	-8.954017e+01
7.300000e-07	-1.023001e-06	-1.448749e-09	-7.234862e+00	-8.660958e+01
7.400000e-07	-9.213337e-07	-1.397364e-09	-6.515853e+00	-8.359951e+01
7.500000e-07	-8.192681e-07	-1.345202e-09	-5.794025e+00	-8.053576e+01
7.600000e-07	-7.168879e-07	-1.294100e-09	-5.069973e+00	-7.744743e+01
7.700000e-07	-6.143133e-07	-1.244803e-09	-4.344545e+00	-7.435540e+01
7.800000e-07	-5.116006e-07	-1.195538e-09	-3.618141e+00	-7.126375e+01
7.900000e-07	-4.087357e-07	-1.145023e-09	-2.890659e+00	-6.815753e+01
8.000000e-07	-3.056704e-07	-1.093176e-09	-2.161762e+00	-6.500785e+01
8.100000e-07	-2.024766e-07	-1.038249e-09	-1.431954e+00	-6.178256e+01
8.200000e-07	-9.920750e-08	-9.800806e-10	-7.016150e-01	-5.845844e+01
8.300000e-07	4.123753e-09	-9.204931e-10	2.916399e-02	-5.503031e+01
8.400000e-07	1.074242e-07	-8.631843e-10	7.597250e-01	-5.151352e+01
8.500000e-07	2.105797e-07	-8.063667e-10	1.489261e+00	-4.793877e+01
8.600000e-07	3.136178e-07	-7.459979e-10	2.217967e+00	-4.434115e+01
8.700000e-07	4.166919e-07	-6.840603e-10	2.946927e+00	-4.074747e+01
8.800000e-07	5.196520e-07	-6.245957e-10	3.675081e+00	-3.716668e+01
8.900000e-07	6.223297e-07	-5.667699e-10	4.401238e+00	-3.358710e+01
9.000000e-07	7.247473e-07	-5.048468e-10	5.125556e+00	-2.998147e+01
9.100000e-07	8.269541e-07	-4.405492e-10	5.848382e+00	-2.631797e+01
9.200000e-07	9.288728e-07	-3.784335e-10	6.569172e+00	-2.257311e+01
9.300000e-07	1.030398e-06	-3.158463e-10	7.287178e+00	-1.874149e+01
9.400000e-07	1.131590e-06	-2.492955e-10	8.002828e+00	-1.483877e+01
9.500000e-07	1.232475e-06	-1.821709e-10	8.716309e+00	-1.089670e+01
9.600000e-07	1.332999e-06	-1.174654e-10	9.427228e+00	-6.951998e+00
9.700000e-07	1.433061e-06	-5.540687e-11	1.013489e+01	-3.033340e+00
9.800000e-07	1.532591e-06	7.739477e-12	1.083878e+01	8.487868e-01
9.900000e-07	1.631513e-06	7.415833e-11	1.153838e+01	4.705455e+00
1.000000e-06	1.729691e-06	1.410728e-10	1.223272e+01	8.564791e+00
1.010000e-06	1.827047e-06	2.073417e-10	1.292124e+01	1.246132e+01
1.020000e-06	1.923672e-06	2.745332e-10	1.360459e+01	1.642321e+01
1.030000e-06	2.019631e-06	3.423933e-10	1.428323e+01	2.046229e+01
1.040000e-06	2.114905e-06	4.089672e-10	1.495703e+01	2.457034e+01
1.050000e-06	2.209471e-06	4.749503e-10	1.562582e+01	2.872310e+01
1.060000e-06	2.303311e-06	5.438844e-10	1.628947e+01	3.289006e+01
1.070000e-06	2.396481e-06	6.160198e-10	1.694839e+01	3.704636e+01
1.080000e-06	2.488953e-06	6.887747e-10	1.760237e+01	4.118201e+01
1.090000e-06	2.580507e-06	7.602505e-10	1.824986e+01	4.530507e+01
1.100000e-06	2.670920e-06	8.286877e-10	1.888927e+01	4.943767e+01
1.110000e-06	2.760198e-06	8.960555e-10	1.952067e+01	5.360639e+01
1.120000e-06	2.848451e-06	9.640863e-10	2.014480e+01	5.783100e+01
1.130000e-06	2.935748e-06	1.034805e-09	2.076219e+01	6.211567e+01
1.140000e-06	3.022088e-06	1.109756e-09	2.137280e+01	6.644604e+01
1.150000e-06	3.107493e-06	1.184833e-09	2.197681e+01	7.079320e+01
1.160000e-06	3.191933e-06	1.257411e-09	2.257398e+01	7.512277e+01
1.170000e-06	3.275308e-06	1.329423e-09	2.316363e+01	7.940561e+01
1.180000e-06	3.357493e-06	1.401970e-09	2.374485e+01	8.362600e+01
1.190000e-06	3.438374e-06	1.473838e-09	2.431686e+01	8.778424e+01
1.200000e-06	3.517989e-06	1.542665e-09	2.487991e+01	9.189290e+01
1.210000e-06	3.596320e-06	1.608296e-09	2.543388e+01	9.596834e+01
1.220000e-06	3.673430e-06	1.675338e-09	2.597922e+01	1.000209e+02
1.230000e-06	3.749197e-06	1.744258e-09	2.651506e+01	1.040477e+02
1.240000e-06	3.823339e-06	1.812270e-09	2.703941e+01	1.080311e+02
1.250000e-06	3.895885e-06	1.878119e-09	2.755247e+01	1.119424e+02
1.260000e-06	3.967069e-06	1.942277e-09	2.805589e+01	1.157507e+02
1.270000e-06	4.036950e-06	2.006500e-09	2.855011e+01	1.194327e+02
1.280000e-06	4.105489e-06	2.068662e-09	2.903483e+01	1.229788e+02
1.290000e-06	4.172559e-06	2.125345e-09	2.950916e+01	1.263954e+02
1.300000e-06	4.237951e-06	2.177995e-09	2.997162e+01	1.297004e+02
1.310000e-06	4.301831e-06	2.230804e-09	3.042340e+01	1.329147e+02
1.320000e-06	4.364338e-06	2.284399e-09	3.086546e+01	1.360533e+02
1.330000e-06	4.425452e-06	2.336916e-09	3.129767e+01	1.391186e+02
1.340000e-06	4.485220e-06	2.387851e-09	3.172036e+01	1.420987e+02
1.350000e-06	4.543279e-06	2.437323e-09	3.213096e+01	1.449717e+02
1.360000e-06	4.599501e-06	2.485339e-09	3.252858e+01	1.477139e+02
1.370000e-06	4.654108e-06	2.530568e-09	3.291477e+01	1.503084e+02
1.380000e-06	4.706923e-06	2.569847e-09	3.328829e+01	1.527516e+02
1.390000e-06	4.757660e-06	2.606554e-09	3.364711e+01	1.550552e+02
1.400000e-06	4.806350e-06	2.643006e-09	3.399146e+01	1.572422e+02
1.410000e-06	4.853251e-06	2.678987e-09	3.432315e+01	1.593391e+02
1.420000e-06	4.898550e-06	2.713731e-09	3.464351e+01	1.613671e+02
1.430000e-06	4.942194e-06	2.746778e-09	3.495217e+01	1.633353e+02
1.440000e-06	4.983948e-06	2.780378e-09	3.524746e+01	1.652383e+02
1.450000e-06	5.023889e-06	2.811221e-09	3.552994e+01	1.670593e+02
1.460000e-06	5.062212e-06	2.838371e-09	3.580096e+01	1.687766e+02
1.470000e-06	5.098900e-06	2.864415e-09	3.606043e+01	1.703723e+02
1.480000e-06	5.133724e-06	2.888900e-09	3.630671e+01	1.718389e+02
1.490000e-06	5.166580e-06	2.910752e-09	3.653907e+01	1.731826e+02
1.500000e-06	5.197663e-06	2.930154e-09	3.675890e+01	1.744218e+02
1.510000e-06	5.227100e-06	2.948629e-09	3.696708e+01	1.755810e+02
1.520000e-06	5.254787e-06	2.968123e-09	3.716289e+01	1.766837e+02
1.530000e-06	5.280393e-06	2.983748e-09	3.734398e+01	1.777451e+02
1.540000e-06	5.303934e-06	2.996505e-09	3.751047e+01	1.787686e+02
1.550000e-06	5.325726e-06	3.012350e-09	3.766458e+01	1.797455e+02
1.560000e-06	5.345894e-06	3.029764e-09	3.780722e+01	1.806592e+02
1.570000e-06	5.364127e-06	3.044828e-09	3.793617e+01	1.814918e+02
1.580000e-06	5.380295e-06	3.055984e-09	3.805051e+01	1.822298e+02
1.590000e-06	5.394597e-06	3.065025e-09	3.815165e+01	1.828695e+02
1.600000e-06	5.406894e-06	3.073336e-09	3.823862e+01	1.834181e+02
1.610000e-06	5.416902e-06	3.079988e-09	3.830940e+01	1.838915e+02
1.620000e-06	5.424805e-06	3.084718e-09	3.836529e+01	1.843098e+02
1.630000e-06	5.430968e-06	3.089882e-09	3.840888e+01	1.846915e+02
1.640000e-06	5.435415e-06	3.096941e-09	3.844033e+01	1.850488e+02
1.650000e-06	5.437836e-06	3.103412e-09	3.845745e+01	1.853846e+02
1.660000e-06	5.438197e-06	3.108033e-09	3.846000e+01	1.856921e+02
1.670000e-06	5.436792e-06	3.111383e-09	3.845007e+01	1.859577e+02
1.680000e-06	5.433760e-06	3.114583e-09	3.842862e+01	1.861646e+02
1.690000e-06	5.428922e-06	3.116914e-09	3.839440e+01	1.862976e+02
1.700000e-06	5.422139e-06	3.116732e-09	3.834644e+01	1.863470e+02
1.710000e-06	5.413664e-06	3.116538e-09	3.828650e+01	1.863106e+02
1.720000e-06	5.403584e-06	3.116495e-09	3.821521e+01	1.861946e+02
1.730000e-06	5.391677e-06	3.115944e-09	3.813100e+01	1.860119e+02
1.740000e-06	5.377707e-06	3.124880e-09	3.803220e+01	1.857798e+02
1.750000e-06	5.361777e-06	3.140607e-09	3.791954e+01	1.855162e+02
1.760000e-06	5.343590e-06	3.137557e-09	3.779092e+01	1.852367e+02
1.770000e-06	5.322638e-06	3.114614e-09	3.764275e+01	1.849521e+02
1.780000e-06	5.299407e-06	3.083907e-09	3.747845e+01	1.846665e+02
1.790000e-06	5.274818e-06	3.068098e-09	3.730455e+01	1.843769e+02
1.800000e-06	5.249365e-06	3.073268e-09	3.712454e+01	1.840740e+02
1.810000e-06	5.222472e-06	3.082175e-09	3.693435e+01	1.837435e+02
1.820000e-06	5.193322e-06	3.094663e-09	3.672820e+01	1.833688e+02
1.830000e-06	5.162411e-06	3.092377e-09	3.650959e+01	1.829338e+02
1.840000e-06	5.129788e-06	3.071633e-09	3.627887e+01	1.824253e+02
1.850000e-06	5.095238e-06	3.063553e-09	3.603452e+01	1.818363e+02
1.860000e-06	5.059232e-06	3.026343e-09	3.577988e+01	1.811662e+02
1.870000e-06	5.021285e-06	2.988834e-09	3.551152e+01	1.804220e+02
1.880000e-06	4.981266e-06	3.021947e-09	3.522849e+01	1.796162e+02
1.890000e-06	4.939650e-06	3.038623e-09	3.493418e+01	1.787640e+02
1.900000e-06	4.896385e-06	3.021427e-09	3.462820e+01	1.778804e+02
1.910000e-06	4.851527e-06	2.985639e-09	3.431096e+01	1.769756e+02
1.920000e-06	4.804723e-06	2.946834e-09	3.397995e+01	1.760535e+02
1.930000e-06	4.755943e-06	2.955508e-09	3.363497e+01	1.751099e+02
1.940000e-06	4.705614e-06	2.923523e-09	3.327903e+01	1.741345e+02
1.950000e-06	4.653309e-06	2.897413e-09	3.290912e+01	1.731140e+02
1.960000e-06	4.598967e-06	2.934933e-09	3.252480e+01	1.720360e+02
1.970000e-06	4.542866e-06	2.913064e-09	3.212805e+01	1.708940e+02
1.980000e-06	4.485158e-06	2.867917e-09	3.171992e+01	1.696895e+02
1.990000e-06	4.426108e-06	2.825423e-09	3.130231e+01	1.684321e+02
2.000000e-06	4.365368e-06	2.805857e-09	3.087274e+01	1.671371e+02
2.010000e-06	4.302881e-06	2.810811e-09	3.043082e+01	1.658208e+02
2.020000e-06	4.238905e-06	2.776299e-09	2.997837e+01	1.644947e+02
2.030000e-06	4.173466e-06	2.762080e-09	2.951557e+01	1.631616e+02
2.040000e-06	4.106614e-06	2.748572e-09	2.904278e+01	1.618141e+02
2.050000e-06	4.038221e-06	2.729214e-09	2.855909e+01	1.604365e+02
2.060000e-06	3.968173e-06	2.697294e-09	2.806370e+01	1.590097e+02
2.070000e-06	3.896590e-06	2.651883e-09	2.755745e+01	1.575178e+02
2.080000e-06	3.823724e-06	2.640847e-09	2.704213e+01	1.559536e+02
2.090000e-06	3.749488e-06	2.613061e-09	2.651712e+01	1.543212e+02
2.100000e-06	3.673746e-06	2.585214e-09	2.598146e+01	1.526351e+02
2.110000e-06	3.596449e-06	2.555626e-09	2.543480e+01	1.509150e+02
2.120000e-06	3.517605e-06	2.531908e-09	2.487720e+01	1.491786e+02
2.130000e-06	3.437536e-06	2.513332e-09	2.431093e+01	1.474347e+02
2.140000e-06	3.356342e-06	2.466359e-09	2.373671e+01	1.456795e+02
2.150000e-06	3.274037e-06	2.430748e-09	2.315463e+01	1.438970e+02
2.160000e-06	3.190696e-06	2.402493e-09	2.256523e+01	1.420643e+02
2.170000e-06	3.106120e-06	2.385547e-09	2.196709e+01	1.401598e+02
2.180000e-06	3.020214e-06	2.352919e-09	2.135955e+01	1.381710e+02
2.190000e-06	2.933182e-06	2.309784e-09	2.074404e+01	1.360997e+02
2.200000e-06	2.845189e-06	2.276532e-09	2.012174e+01	1.339623e+02
2.210000e-06	2.756254e-06	2.238661e-09	1.949277e+01	1.317842e+02
2.220000e-06	2.666454e-06	2.197078e-09	1.885769e+01	1.295911e+02
2.230000e-06	2.575835e-06	2.150300e-09	1.821681e+01	1.273996e+02
2.240000e-06	2.484367e-06	2.123315e-09	1.756993e+01	1.252109e+02
2.250000e-06	2.392006e-06	2.100640e-09	1.691674e+01	1.230100e+02
2.260000e-06	2.298595e-06	2.062110e-09	1.625612e+01	1.207702e+02
2.270000e-06	2.204212e-06	2.012656e-09	1.558862e+01	1.184633e+02
2.280000e-06	2.109045e-06	1.966914e-09	1.491559e+01	1.160691e+02
2.290000e-06	2.013186e-06	1.928026e-09	1.423765e+01	1.135832e+02
2.300000e-06	1.916658e-06	1.881871e-09	1.355498e+01	1.110186e+02
2.310000e-06	1.819442e-06	1.834117e-09	1.286745e+01	1.084010e+02
2.320000e-06	1.721563e-06	1.796437e-09	1.217524e+01	1.057591e+02
2.330000e-06	1.623129e-06	1.761127e-09	1.147909e+01	1.031142e+02
2.340000e-06	1.524307e-06	1.712383e-09	1.078020e+01	1.004717e+02
2.350000e-06	1.425076e-06	1.656948e-09	1.007842e+01	9.781927e+01
2.360000e-06	1.325301e-06	1.608819e-09	9.372791e+00	9.513138e+01
2.370000e-06	1.224978e-06	1.567757e-09	8.663287e+00	9.237887e+01
2.380000e-06	1.124234e-06	1.520005e-09	7.950802e+00	8.954017e+01
2.390000e-06	1.023019e-06	1.467118e-09	7.234992e+00	8.660958e+01
2.400000e-06	9.212360e-07	1.418831e-09	6.515162e+00	8.359951e+01
2.410000e-06	8.190067e-07	1.370245e-09	5.792177e+00	8.053576e+01
2.420000e-06	7.165016e-07	1.314158e-09	5.067240e+00	7.744743e+01
2.430000e-06	6.137648e-07	1.253775e-09	4.340666e+00	7.435540e+01
2.440000e-06	5.107667e-07	1.201077e-09	3.612243e+00	7.126375e+01
2.450000e-06	4.075760e-07	1.152799e-09	2.882458e+00	6.815753e+01
2.460000e-06	3.042984e-07	1.100781e-09	2.152058e+00	6.500785e+01
2.470000e-06	2.010072e-07	1.043554e-09	1.421563e+00	6.178256e+01
2.480000e-06	9.763768e-08	9.871825e-10	6.905129e-01	5.845844e+01
2.490000e-06	-5.889645e-09	9.327446e-10	-4.165273e-02	5.503031e+01
2.500000e-06	-1.093517e-07	8.724351e-10	-7.733569e-01	5.151352e+01
2.510000e-06	-2.126952e-07	8.071214e-10	-1.504223e+00	4.793877e+01
2.520000e-06	-3.159814e-07	7.440444e-10	-2.234683e+00	4.434115e+01
2.530000e-06	-4.192006e-07	6.865806e-10	-2.964669e+00	4.074747e+01
2.540000e-06	-5.223056e-07	6.282071e-10	-3.693848e+00	3.716668e+01
2.550000e-06	-6.251967e-07	5.670416e-10	-4.421515e+00	3.358710e+01
2.560000e-06	-7.278113e-07	5.069974e-10	-5.147225e+00	2.998147e+01
2.570000e-06	-8.301505e-07	4.463083e-10	-5.870988e+00	2.631797e+01
2.580000e-06	-9.320872e-07	3.816574e-10	-6.591905e+00	2.257311e+01
2.590000e-06	-1.033481e-06	3.143037e-10	-7.308978e+00	1.874149e+01
2.600000e-06	-1.134370e-06	2.476424e-10	-8.022487e+00	1.483877e+01
2.610000e-06	-1.234741e-06	1.816863e-10	-8.732328e+00	1.089670e+01
2.620000e-06	-1.334643e-06	1.153109e-10	-9.438859e+00	6.951998e+00
2.630000e-06	-1.434092e-06	4.782715e-11	-1.014218e+01	3.033340e+00
2.640000e-06	-1.533079e-06	-1.707700e-11	-1.084224e+01	-8.487868e-01
2.650000e-06	-1.631618e-06	-7.976901e-11	-1.153912e+01	-4.705455e+00
2.660000e-06	-1.729652e-06	-1.459498e-10	-1.223244e+01	-8.564791e+00
2.670000e-06	-1.827104e-06	-2.153771e-10	-1.292164e+01	-1.246132e+01
2.680000e-06	-1.923917e-06	-2.833421e-10	-1.360632e+01	-1.642321e+01
2.690000e-06	-2.020097e-06	-3.501794e-10	-1.428652e+01	-2.046229e+01
2.700000e-06	-2.115694e-06	-4.188988e-10	-1.496261e+01	-2.457034e+01
2.710000e-06	-2.210658e-06	-4.900161e-10	-1.563421e+01	-2.872310e+01
2.720000e-06	-2.304806e-06	-5.608941e-10	-1.630004e+01	-3.289006e+01
2.730000e-06	-2.398003e-06	-6.287585e-10	-1.695915e+01	-3.704636e+01
2.740000e-06	-2.490195e-06	-6.966891e-10	-1.761115e+01	-4.118201e+01
2.750000e-06	-2.581374e-06	-7.679420e-10	-1.825599e+01	-4.530507e+01
2.760000e-06	-2.671610e-06	-8.406881e-10	-1.889415e+01	-4.943767e+01
2.770000e-06	-2.760945e-06	-9.121647e-10	-1.952595e+01	-5.360639e+01
2.780000e-06	-2.849362e-06	-9.831072e-10	-2.015125e+01	-5.783100e+01
2.790000e-06	-2.936886e-06	-1.054379e-09	-2.077024e+01	-6.211567e+01
2.800000e-06	-3.023466e-06	-1.126746e-09	-2.138255e+01	-6.644604e+01
2.810000e-06	-3.108873e-06	-1.199439e-09	-2.198656e+01	-7.079320e+01
2.820000e-06	-3.192973e-06	-1.272135e-09	-2.258133e+01	-7.512277e+01
2.830000e-06	-3.275876e-06	-1.344065e-09	-2.316764e+01	-7.940561e+01
2.840000e-06	-3.357744e-06	-1.414872e-09	-2.374663e+01	-8.362600e+01
2.850000e-06	-3.438564e-06	-1.485548e-09	-2.431820e+01	-8.778424e+01
2.860000e-06	-3.518228e-06	-1.555153e-09	-2.488160e+01	-9.189290e+01
2.870000e-06	-3.596537e-06	-1.623546e-09	-2.543542e+01	-9.596834e+01
2.880000e-06	-3.673307e-06	-1.691011e-09	-2.597835e+01	-1.000209e+02
2.890000e-06	-3.748612e-06	-1.757621e-09	-2.651093e+01	-1.040477e+02
2.900000e-06	-3.822558e-06	-1.825981e-09	-2.703388e+01	-1.080311e+02
2.910000e-06	-3.895161e-06	-1.893212e-09	-2.754735e+01	-1.119424e+02
2.920000e-06	-3.966429e-06	-1.956319e-09	-2.805137e+01	-1.157507e+02
2.930000e-06	-4.036236e-06	-2.016375e-09	-2.854505e+01	-1.194327e+02
2.940000e-06	-4.104474e-06	-2.074457e-09	-2.902765e+01	-1.229788e+02
2.950000e-06	-4.171261e-06	-2.132875e-09	-2.949998e+01	-1.263954e+02
2.960000e-06	-4.236642e-06	-2.189817e-09	-2.996237e+01	-1.297004e+02
2.970000e-06	-4.300621e-06	-2.243393e-09	-3.041484e+01	-1.329147e+02
2.980000e-06	-4.363086e-06	-2.296101e-09	-3.085660e+01	-1.360533e+02
2.990000e-06	-4.423826e-06	-2.349238e-09	-3.128617e+01	-1.391186e+02
3.000000e-06	-4.482917e-06	-2.399483e-09	-3.170407e+01	-1.420987e+02
3.010000e-06	-4.540495e-06	-2.445138e-09	-3.211127e+01	-1.449717e+02
3.020000e-06	-4.596621e-06	-2.489668e-09	-3.250821e+01	-1.477139e+02
3.030000e-06	-4.651082e-06	-2.533635e-09	-3.289337e+01	-1.503084e+02
3.040000e-06	-4.703575e-06	-2.575368e-09	-3.326461e+01	-1.527516e+02
3.050000e-06	-4.754163e-06	-2.613644e-09	-3.362238e+01	-1.550552e+02
3.060000e-06	-4.802819e-06	-2.650314e-09	-3.396648e+01	-1.572422e+02
3.070000e-06	-4.849460e-06	-2.687515e-09	-3.429633e+01	-1.593391e+02
3.080000e-06	-4.894394e-06	-2.722649e-09	-3.461412e+01	-1.613671e+02
3.090000e-06	-4.937864e-06	-2.754498e-09	-3.492155e+01	-1.633353e+02
3.100000e-06	-4.979812e-06	-2.785565e-09	-3.521821e+01	-1.652383e+02
3.110000e-06	-5.020182e-06	-2.816213e-09	-3.550372e+01	-1.670593e+02
3.120000e-06	-5.058863e-06	-2.845070e-09	-3.577727e+01	-1.687766e+02
3.130000e-06	-5.095590e-06	-2.871865e-09	-3.603702e+01	-1.703723e+02
3.140000e-06	-5.130412e-06	-2.898009e-09	-3.628329e+01	-1.718389e+02
3.150000e-06	-5.163557e-06	-2.922727e-09	-3.651769e+01	-1.731826e+02
3.160000e-06	-5.194981e-06	-2.945293e-09	-3.673993e+01	-1.744218e+02
3.170000e-06	-5.224374e-06	-2.965478e-09	-3.694780e+01	-1.755810e+02
3.180000e-06	-5.251854e-06	-2.983844e-09	-3.714215e+01	-1.766837e+02
3.190000e-06	-5.277597e-06	-3.002618e-09	-3.732421e+01	-1.777451e+02
3.200000e-06	-5.301505e-06	-3.021808e-09	-3.749329e+01	-1.787686e+02
3.210000e-06	-5.323479e-06	-3.038706e-09	-3.764870e+01	-1.797455e+02
3.220000e-06	-5.343477e-06	-3.054227e-09	-3.779012e+01	-1.806592e+02
3.230000e-06	-5.361689e-06	-3.070843e-09	-3.791892e+01	-1.814918e+02
3.240000e-06	-5.378143e-06	-3.084486e-09	-3.803529e+01	-1.822298e+02
3.250000e-06	-5.392497e-06	-3.095019e-09	-3.813680e+01	-1.828695e+02
3.260000e-06	-5.404592e-06	-3.103866e-09	-3.822234e+01	-1.834181e+02
3.270000e-06	-5.414680e-06	-3.111285e-09	-3.829369e+01	-1.838915e+02
3.280000e-06	-5.422927e-06	-3.118756e-09	-3.835201e+01	-1.843098e+02
3.290000e-06	-5.429216e-06	-3.127514e-09	-3.839649e+01	-1.846915e+02
3.300000e-06	-5.433486e-06	-3.136570e-09	-3.842668e+01	-1.850488e+02
3.310000e-06	-5.435907e-06	-3.144315e-09	-3.844380e+01	-1.853846e+02
