# Temperatura_=_28.82
# Concentracion g/m^3_=_11000.0
# C_Vs_to_Am_M_A/Vsm_=_59384043850.047264
# pendiente_HvsI_1/m_=_3716.3
# ordenada_HvsI_A/m_=_1297.0
# frecuencia_Hz_=_301221.93426079594

Tiempo_(s)	Campo_(V.s)	Magnetizacion_(V.s)	Campo_(kA/m)	Magnetizacion_(A/m)
0.000000e+00	-5.415905e-06	-3.160494e-09	-3.844352e+01	-1.868724e+02
1.000000e-08	-5.412991e-06	-3.162797e-09	-3.842283e+01	-1.870439e+02
2.000000e-08	-5.408220e-06	-3.161478e-09	-3.838897e+01	-1.871277e+02
3.000000e-08	-5.401796e-06	-3.160721e-09	-3.834337e+01	-1.871195e+02
4.000000e-08	-5.393807e-06	-3.160650e-09	-3.828666e+01	-1.870315e+02
5.000000e-08	-5.383973e-06	-3.161580e-09	-3.821686e+01	-1.868905e+02
6.000000e-08	-5.372047e-06	-3.156857e-09	-3.813220e+01	-1.867311e+02
7.000000e-08	-5.358224e-06	-3.136235e-09	-3.803408e+01	-1.865844e+02
8.000000e-08	-5.342217e-06	-3.122287e-09	-3.792046e+01	-1.864686e+02
9.000000e-08	-5.323801e-06	-3.125349e-09	-3.778974e+01	-1.863818e+02
1.000000e-07	-5.303306e-06	-3.124477e-09	-3.764426e+01	-1.863022e+02
1.100000e-07	-5.280957e-06	-3.128331e-09	-3.748562e+01	-1.861936e+02
1.200000e-07	-5.257069e-06	-3.136200e-09	-3.731606e+01	-1.860156e+02
1.300000e-07	-5.231921e-06	-3.101202e-09	-3.713755e+01	-1.857353e+02
1.400000e-07	-5.205127e-06	-3.129975e-09	-3.694736e+01	-1.853359e+02
1.500000e-07	-5.176423e-06	-3.130422e-09	-3.674361e+01	-1.848203e+02
1.600000e-07	-5.146156e-06	-3.046276e-09	-3.652877e+01	-1.842078e+02
1.700000e-07	-5.114229e-06	-3.060015e-09	-3.630214e+01	-1.835267e+02
1.800000e-07	-5.080107e-06	-3.059078e-09	-3.605994e+01	-1.828048e+02
1.900000e-07	-5.044221e-06	-3.041114e-09	-3.580521e+01	-1.820606e+02
2.000000e-07	-5.006845e-06	-3.060738e-09	-3.553990e+01	-1.813001e+02
2.100000e-07	-4.967714e-06	-3.017086e-09	-3.526214e+01	-1.805177e+02
2.200000e-07	-4.926907e-06	-2.996596e-09	-3.497248e+01	-1.797021e+02
2.300000e-07	-4.884158e-06	-3.008301e-09	-3.466904e+01	-1.788436e+02
2.400000e-07	-4.839432e-06	-2.957293e-09	-3.435156e+01	-1.779400e+02
2.500000e-07	-4.792963e-06	-2.965315e-09	-3.402171e+01	-1.769987e+02
2.600000e-07	-4.744671e-06	-2.967080e-09	-3.367892e+01	-1.760348e+02
2.700000e-07	-4.694351e-06	-2.950194e-09	-3.332174e+01	-1.750646e+02
2.800000e-07	-4.641950e-06	-2.952459e-09	-3.294978e+01	-1.740994e+02
2.900000e-07	-4.587710e-06	-2.914736e-09	-3.256477e+01	-1.731399e+02
3.000000e-07	-4.531909e-06	-2.888580e-09	-3.216868e+01	-1.721752e+02
3.100000e-07	-4.474513e-06	-2.874267e-09	-3.176127e+01	-1.711851e+02
3.200000e-07	-4.415394e-06	-2.863488e-09	-3.134162e+01	-1.701471e+02
3.300000e-07	-4.354678e-06	-2.833812e-09	-3.091065e+01	-1.690431e+02
3.400000e-07	-4.292541e-06	-2.821020e-09	-3.046959e+01	-1.678647e+02
3.500000e-07	-4.229034e-06	-2.819153e-09	-3.001879e+01	-1.666150e+02
3.600000e-07	-4.164003e-06	-2.776031e-09	-2.955719e+01	-1.653060e+02
3.700000e-07	-4.097273e-06	-2.747022e-09	-2.908352e+01	-1.639539e+02
3.800000e-07	-4.028932e-06	-2.731212e-09	-2.859842e+01	-1.625723e+02
3.900000e-07	-3.959227e-06	-2.698726e-09	-2.810364e+01	-1.611683e+02
4.000000e-07	-3.888243e-06	-2.682540e-09	-2.759977e+01	-1.597408e+02
4.100000e-07	-3.815970e-06	-2.663076e-09	-2.708676e+01	-1.582821e+02
4.200000e-07	-3.742263e-06	-2.644649e-09	-2.656356e+01	-1.567824e+02
4.300000e-07	-3.666912e-06	-2.615227e-09	-2.602870e+01	-1.552336e+02
4.400000e-07	-3.590010e-06	-2.570287e-09	-2.548283e+01	-1.536322e+02
4.500000e-07	-3.511693e-06	-2.532613e-09	-2.492692e+01	-1.519798e+02
4.600000e-07	-3.431917e-06	-2.507767e-09	-2.436065e+01	-1.502807e+02
4.700000e-07	-3.350773e-06	-2.494672e-09	-2.378467e+01	-1.485388e+02
4.800000e-07	-3.268455e-06	-2.463856e-09	-2.320035e+01	-1.467548e+02
4.900000e-07	-3.185041e-06	-2.433738e-09	-2.260826e+01	-1.449250e+02
5.000000e-07	-3.100612e-06	-2.401053e-09	-2.200896e+01	-1.430432e+02
5.100000e-07	-3.015245e-06	-2.364537e-09	-2.140300e+01	-1.411033e+02
5.200000e-07	-2.928986e-06	-2.323722e-09	-2.079071e+01	-1.391026e+02
5.300000e-07	-2.841738e-06	-2.281867e-09	-2.017141e+01	-1.370436e+02
5.400000e-07	-2.753537e-06	-2.256192e-09	-1.954533e+01	-1.349334e+02
5.500000e-07	-2.664398e-06	-2.230069e-09	-1.891260e+01	-1.327809e+02
5.600000e-07	-2.574135e-06	-2.194927e-09	-1.827188e+01	-1.305926e+02
5.700000e-07	-2.482805e-06	-2.149363e-09	-1.762361e+01	-1.283696e+02
5.800000e-07	-2.390531e-06	-2.109758e-09	-1.696862e+01	-1.261061e+02
5.900000e-07	-2.297520e-06	-2.070706e-09	-1.630840e+01	-1.237915e+02
6.000000e-07	-2.203846e-06	-2.024739e-09	-1.564348e+01	-1.214145e+02
6.100000e-07	-2.109398e-06	-1.981246e-09	-1.497306e+01	-1.189681e+02
6.200000e-07	-2.014193e-06	-1.946634e-09	-1.429727e+01	-1.164533e+02
6.300000e-07	-1.918297e-06	-1.914962e-09	-1.361658e+01	-1.138797e+02
6.400000e-07	-1.821755e-06	-1.870718e-09	-1.293130e+01	-1.112626e+02
6.500000e-07	-1.724594e-06	-1.819801e-09	-1.224162e+01	-1.086181e+02
6.600000e-07	-1.626684e-06	-1.772824e-09	-1.154663e+01	-1.059564e+02
6.700000e-07	-1.527960e-06	-1.731804e-09	-1.084586e+01	-1.032786e+02
6.800000e-07	-1.428668e-06	-1.684667e-09	-1.014106e+01	-1.005752e+02
6.900000e-07	-1.328868e-06	-1.633835e-09	-9.432653e+00	-9.782969e+01
7.000000e-07	-1.228525e-06	-1.590837e-09	-8.720396e+00	-9.502485e+01
7.100000e-07	-1.127810e-06	-1.550748e-09	-8.005493e+00	-9.214879e+01
7.200000e-07	-1.026914e-06	-1.501239e-09	-7.289305e+00	-8.919961e+01
7.300000e-07	-9.257158e-07	-1.445657e-09	-6.570974e+00	-8.618593e+01
7.400000e-07	-8.240925e-07	-1.395139e-09	-5.849625e+00	-8.312340e+01
7.500000e-07	-7.220965e-07	-1.348567e-09	-5.125631e+00	-8.002837e+01
7.600000e-07	-6.198897e-07	-1.295365e-09	-4.400140e+00	-7.691122e+01
7.700000e-07	-5.175779e-07	-1.235637e-09	-3.673904e+00	-7.377195e+01
7.800000e-07	-4.150966e-07	-1.182800e-09	-2.946464e+00	-7.059981e+01
7.900000e-07	-3.124555e-07	-1.134138e-09	-2.217891e+00	-6.737716e+01
8.000000e-07	-2.097042e-07	-1.079947e-09	-1.488536e+00	-6.408616e+01
8.100000e-07	-1.068978e-07	-1.019194e-09	-7.587888e-01	-6.071560e+01
8.200000e-07	-3.990741e-09	-9.607387e-10	-2.832733e-02	-5.726541e+01
8.300000e-07	9.897443e-08	-9.068421e-10	7.025465e-01	-5.374698e+01
8.400000e-07	2.018630e-07	-8.478337e-10	1.432877e+00	-5.017919e+01
8.500000e-07	3.046449e-07	-7.838976e-10	2.162449e+00	-4.658168e+01
8.600000e-07	4.073387e-07	-7.225774e-10	2.891397e+00	-4.296794e+01
8.700000e-07	5.098734e-07	-6.671392e-10	3.619215e+00	-3.934087e+01
8.800000e-07	6.121747e-07	-6.076895e-10	4.345377e+00	-3.569245e+01
8.900000e-07	7.142358e-07	-5.413960e-10	5.069834e+00	-3.200765e+01
9.000000e-07	8.161193e-07	-4.771669e-10	5.793029e+00	-2.827097e+01
9.100000e-07	9.177286e-07	-4.179882e-10	6.514279e+00	-2.447307e+01
9.200000e-07	1.018938e-06	-3.556527e-10	7.232687e+00	-2.061500e+01
9.300000e-07	1.119825e-06	-2.835883e-10	7.948816e+00	-1.670839e+01
9.400000e-07	1.220416e-06	-2.147767e-10	8.662834e+00	-1.277152e+01
9.500000e-07	1.320697e-06	-1.530663e-10	9.374655e+00	-8.823026e+00
9.600000e-07	1.420503e-06	-9.136656e-11	1.008311e+01	-4.875324e+00
9.700000e-07	1.519653e-06	-2.468899e-11	1.078690e+01	-9.305875e-01
9.800000e-07	1.618138e-06	4.488934e-11	1.148597e+01	3.019536e+00
9.900000e-07	1.715901e-06	1.117612e-10	1.217991e+01	6.990326e+00
1.000000e-06	1.812940e-06	1.771638e-10	1.286873e+01	1.099802e+01
1.010000e-06	1.909311e-06	2.455484e-10	1.355279e+01	1.505373e+01
1.020000e-06	2.005024e-06	3.165962e-10	1.423219e+01	1.915959e+01
1.030000e-06	2.100029e-06	3.871310e-10	1.490656e+01	2.330835e+01
1.040000e-06	2.194290e-06	4.563601e-10	1.557564e+01	2.748656e+01
1.050000e-06	2.287844e-06	5.253594e-10	1.623972e+01	3.167981e+01
1.060000e-06	2.380718e-06	5.947277e-10	1.689896e+01	3.587808e+01
1.070000e-06	2.472907e-06	6.656210e-10	1.755334e+01	4.007910e+01
1.080000e-06	2.564229e-06	7.394889e-10	1.820157e+01	4.428848e+01
1.090000e-06	2.654458e-06	8.139281e-10	1.884204e+01	4.851674e+01
1.100000e-06	2.743571e-06	8.858270e-10	1.947459e+01	5.277444e+01
1.110000e-06	2.831622e-06	9.548079e-10	2.009959e+01	5.706732e+01
1.120000e-06	2.918725e-06	1.022769e-09	2.071788e+01	6.139321e+01
1.130000e-06	3.004885e-06	1.095274e-09	2.132947e+01	6.574181e+01
1.140000e-06	3.090056e-06	1.173054e-09	2.193403e+01	7.009735e+01
1.150000e-06	3.174272e-06	1.249239e-09	2.253182e+01	7.444279e+01
1.160000e-06	3.257437e-06	1.322618e-09	2.312214e+01	7.876413e+01
1.170000e-06	3.339329e-06	1.396903e-09	2.370343e+01	8.305306e+01
1.180000e-06	3.419955e-06	1.468772e-09	2.427574e+01	8.730711e+01
1.190000e-06	3.499431e-06	1.537444e-09	2.483988e+01	9.152734e+01
1.200000e-06	3.577653e-06	1.604315e-09	2.539512e+01	9.571457e+01
1.210000e-06	3.654599e-06	1.673936e-09	2.594130e+01	9.986565e+01
1.220000e-06	3.730171e-06	1.746371e-09	2.647773e+01	1.039712e+02
1.230000e-06	3.804107e-06	1.814856e-09	2.700255e+01	1.080155e+02
1.240000e-06	3.876522e-06	1.881454e-09	2.751657e+01	1.119793e+02
1.250000e-06	3.947585e-06	1.947616e-09	2.802100e+01	1.158431e+02
1.260000e-06	4.017267e-06	2.011789e-09	2.851562e+01	1.195917e+02
1.270000e-06	4.085690e-06	2.072297e-09	2.900130e+01	1.232167e+02
1.280000e-06	4.152636e-06	2.129696e-09	2.947650e+01	1.267177e+02
1.290000e-06	4.217873e-06	2.186132e-09	2.993957e+01	1.301004e+02
1.300000e-06	4.281632e-06	2.240703e-09	3.039215e+01	1.333740e+02
1.310000e-06	4.344040e-06	2.293782e-09	3.083513e+01	1.365472e+02
1.320000e-06	4.405055e-06	2.345425e-09	3.126824e+01	1.396248e+02
1.330000e-06	4.464665e-06	2.394948e-09	3.169137e+01	1.426068e+02
1.340000e-06	4.522559e-06	2.443138e-09	3.210231e+01	1.454879e+02
1.350000e-06	4.578672e-06	2.490794e-09	3.250062e+01	1.482602e+02
1.360000e-06	4.633224e-06	2.537804e-09	3.288784e+01	1.509157e+02
1.370000e-06	4.686024e-06	2.580721e-09	3.326263e+01	1.534496e+02
1.380000e-06	4.736665e-06	2.621373e-09	3.362209e+01	1.558618e+02
1.390000e-06	4.785221e-06	2.659362e-09	3.396676e+01	1.581575e+02
1.400000e-06	4.832102e-06	2.695100e-09	3.429953e+01	1.603453e+02
1.410000e-06	4.877427e-06	2.730249e-09	3.462126e+01	1.624346e+02
1.420000e-06	4.921102e-06	2.763427e-09	3.493128e+01	1.644327e+02
1.430000e-06	4.962859e-06	2.795772e-09	3.522768e+01	1.663424e+02
1.440000e-06	5.002762e-06	2.827224e-09	3.551092e+01	1.681611e+02
1.450000e-06	5.041009e-06	2.856000e-09	3.578241e+01	1.698820e+02
1.460000e-06	5.077657e-06	2.881334e-09	3.604254e+01	1.714973e+02
1.470000e-06	5.112484e-06	2.905725e-09	3.628975e+01	1.730012e+02
1.480000e-06	5.145310e-06	2.928941e-09	3.652276e+01	1.743933e+02
1.490000e-06	5.176397e-06	2.951512e-09	3.674343e+01	1.756800e+02
1.500000e-06	5.205856e-06	2.972293e-09	3.695254e+01	1.768738e+02
1.510000e-06	5.233561e-06	2.992101e-09	3.714919e+01	1.779903e+02
1.520000e-06	5.259209e-06	3.010355e-09	3.733125e+01	1.790438e+02
1.530000e-06	5.282839e-06	3.025745e-09	3.749898e+01	1.800430e+02
1.540000e-06	5.304736e-06	3.039517e-09	3.765441e+01	1.809882e+02
1.550000e-06	5.324974e-06	3.051977e-09	3.779807e+01	1.818717e+02
1.560000e-06	5.343329e-06	3.065471e-09	3.792835e+01	1.826805e+02
1.570000e-06	5.359638e-06	3.079191e-09	3.804412e+01	1.834018e+02
1.580000e-06	5.373999e-06	3.089407e-09	3.814606e+01	1.840286e+02
1.590000e-06	5.386387e-06	3.096860e-09	3.823399e+01	1.845633e+02
1.600000e-06	5.396569e-06	3.104396e-09	3.830626e+01	1.850187e+02
1.610000e-06	5.404620e-06	3.110516e-09	3.836341e+01	1.854149e+02
1.620000e-06	5.410836e-06	3.114750e-09	3.840753e+01	1.857730e+02
1.630000e-06	5.415303e-06	3.118384e-09	3.843924e+01	1.861082e+02
1.640000e-06	5.417791e-06	3.123002e-09	3.845691e+01	1.864244e+02
1.650000e-06	5.418227e-06	3.127756e-09	3.846000e+01	1.867120e+02
1.660000e-06	5.416888e-06	3.130892e-09	3.845049e+01	1.869516e+02
1.670000e-06	5.413956e-06	3.135639e-09	3.842969e+01	1.871203e+02
1.680000e-06	5.409272e-06	3.135832e-09	3.839643e+01	1.872009e+02
1.690000e-06	5.402620e-06	3.133894e-09	3.834921e+01	1.871897e+02
1.700000e-06	5.394293e-06	3.132494e-09	3.829011e+01	1.870993e+02
1.710000e-06	5.384440e-06	3.131954e-09	3.822017e+01	1.869572e+02
1.720000e-06	5.372799e-06	3.135689e-09	3.813754e+01	1.867978e+02
1.730000e-06	5.359164e-06	3.164878e-09	3.804075e+01	1.866522e+02
1.740000e-06	5.343562e-06	3.155099e-09	3.793001e+01	1.865376e+02
1.750000e-06	5.325731e-06	3.143717e-09	3.780344e+01	1.864517e+02
1.760000e-06	5.305179e-06	3.138917e-09	3.765755e+01	1.863719e+02
1.770000e-06	5.282210e-06	3.097568e-09	3.749451e+01	1.862615e+02
1.780000e-06	5.257762e-06	3.149649e-09	3.732097e+01	1.860805e+02
1.790000e-06	5.232448e-06	3.144664e-09	3.714129e+01	1.857962e+02
1.800000e-06	5.205728e-06	3.118189e-09	3.695163e+01	1.853926e+02
1.810000e-06	5.176738e-06	3.158711e-09	3.674585e+01	1.848732e+02
1.820000e-06	5.145967e-06	3.085216e-09	3.652742e+01	1.842579e+02
1.830000e-06	5.113551e-06	3.080767e-09	3.629733e+01	1.835750e+02
1.840000e-06	5.079219e-06	3.117781e-09	3.605363e+01	1.828521e+02
1.850000e-06	5.043315e-06	3.041760e-09	3.579878e+01	1.821075e+02
1.860000e-06	5.005522e-06	3.084430e-09	3.553051e+01	1.813464e+02
1.870000e-06	4.965858e-06	3.093710e-09	3.524896e+01	1.805631e+02
1.880000e-06	4.924593e-06	3.010666e-09	3.495605e+01	1.797463e+02
1.890000e-06	4.881573e-06	3.037832e-09	3.465069e+01	1.788862e+02
1.900000e-06	4.836926e-06	2.990239e-09	3.433377e+01	1.779812e+02
1.910000e-06	4.790415e-06	2.977637e-09	3.400362e+01	1.770389e+02
1.920000e-06	4.741908e-06	2.986529e-09	3.365931e+01	1.760746e+02
1.930000e-06	4.691827e-06	2.905752e-09	3.330382e+01	1.751045e+02
1.940000e-06	4.639927e-06	2.928710e-09	3.293542e+01	1.741397e+02
1.950000e-06	4.586019e-06	2.914443e-09	3.255277e+01	1.731805e+02
1.960000e-06	4.530315e-06	2.893583e-09	3.215737e+01	1.722152e+02
1.970000e-06	4.472941e-06	2.892993e-09	3.175011e+01	1.712239e+02
1.980000e-06	4.414134e-06	2.853215e-09	3.133268e+01	1.701840e+02
1.990000e-06	4.353682e-06	2.852589e-09	3.090358e+01	1.690775e+02
2.000000e-06	4.291560e-06	2.793075e-09	3.046262e+01	1.678966e+02
2.010000e-06	4.227937e-06	2.799170e-09	3.001101e+01	1.666446e+02
2.020000e-06	4.162819e-06	2.806545e-09	2.954878e+01	1.653339e+02
2.030000e-06	4.096297e-06	2.757106e-09	2.907659e+01	1.639806e+02
2.040000e-06	4.028257e-06	2.757834e-09	2.859362e+01	1.625983e+02
2.050000e-06	3.958597e-06	2.704254e-09	2.809916e+01	1.611936e+02
2.060000e-06	3.887384e-06	2.690460e-09	2.759367e+01	1.597652e+02
2.070000e-06	3.814830e-06	2.654922e-09	2.707866e+01	1.583054e+02
2.080000e-06	3.740946e-06	2.627862e-09	2.655422e+01	1.568041e+02
2.090000e-06	3.665672e-06	2.643442e-09	2.601990e+01	1.552535e+02
2.100000e-06	3.588905e-06	2.604179e-09	2.547499e+01	1.536504e+02
2.110000e-06	3.510551e-06	2.575500e-09	2.491881e+01	1.519963e+02
2.120000e-06	3.430866e-06	2.527200e-09	2.435319e+01	1.502958e+02
2.130000e-06	3.350014e-06	2.513275e-09	2.377928e+01	1.485525e+02
2.140000e-06	3.268054e-06	2.485933e-09	2.319750e+01	1.467670e+02
2.150000e-06	3.185092e-06	2.441404e-09	2.260862e+01	1.449356e+02
2.160000e-06	3.101059e-06	2.419847e-09	2.201214e+01	1.430520e+02
2.170000e-06	3.015787e-06	2.389313e-09	2.140685e+01	1.411100e+02
2.180000e-06	2.929225e-06	2.369016e-09	2.079241e+01	1.391072e+02
2.190000e-06	2.841594e-06	2.318680e-09	2.017038e+01	1.370463e+02
2.200000e-06	2.753022e-06	2.278204e-09	1.954168e+01	1.349346e+02
2.210000e-06	2.663511e-06	2.247607e-09	1.890630e+01	1.327808e+02
2.220000e-06	2.573175e-06	2.212584e-09	1.826507e+01	1.305914e+02
2.230000e-06	2.482005e-06	2.170219e-09	1.761792e+01	1.283672e+02
2.240000e-06	2.390001e-06	2.126697e-09	1.696486e+01	1.261022e+02
2.250000e-06	2.297087e-06	2.101990e-09	1.630532e+01	1.237857e+02
2.260000e-06	2.203224e-06	2.063232e-09	1.563906e+01	1.214064e+02
2.270000e-06	2.108426e-06	2.013007e-09	1.496616e+01	1.189576e+02
2.280000e-06	2.012862e-06	1.960770e-09	1.428782e+01	1.164406e+02
2.290000e-06	1.916726e-06	1.923557e-09	1.360542e+01	1.138652e+02
2.300000e-06	1.819956e-06	1.886992e-09	1.291853e+01	1.112470e+02
2.310000e-06	1.722495e-06	1.838408e-09	1.222672e+01	1.086018e+02
2.320000e-06	1.624460e-06	1.788588e-09	1.153085e+01	1.059398e+02
2.330000e-06	1.526007e-06	1.744618e-09	1.083200e+01	1.032613e+02
2.340000e-06	1.427108e-06	1.703268e-09	1.012999e+01	1.005568e+02
2.350000e-06	1.327663e-06	1.650704e-09	9.424099e+00	9.780959e+01
2.360000e-06	1.227685e-06	1.599038e-09	8.714432e+00	9.500247e+01
2.370000e-06	1.127348e-06	1.555916e-09	8.002215e+00	9.212388e+01
2.380000e-06	1.026685e-06	1.512117e-09	7.287679e+00	8.917229e+01
2.390000e-06	9.255555e-07	1.456327e-09	6.569836e+00	8.615668e+01
2.400000e-06	8.239049e-07	1.396593e-09	5.848293e+00	8.309283e+01
2.410000e-06	7.219629e-07	1.345383e-09	5.124682e+00	7.999699e+01
2.420000e-06	6.197751e-07	1.296710e-09	4.399326e+00	7.687922e+01
2.430000e-06	5.172279e-07	1.240985e-09	3.671420e+00	7.373912e+01
2.440000e-06	4.143683e-07	1.182630e-09	2.941295e+00	7.056560e+01
2.450000e-06	3.113767e-07	1.131077e-09	2.210233e+00	6.734091e+01
2.460000e-06	2.083267e-07	1.081534e-09	1.478758e+00	6.404731e+01
2.470000e-06	1.051271e-07	1.022834e-09	7.462195e-01	6.067393e+01
2.480000e-06	1.864527e-09	9.585349e-10	1.323491e-02	5.722116e+01
2.490000e-06	-1.012884e-07	9.004601e-10	-7.189714e-01	5.370072e+01
2.500000e-06	-2.043678e-07	8.443901e-10	-1.450657e+00	5.013166e+01
2.510000e-06	-3.073376e-07	7.809686e-10	-2.181563e+00	4.653349e+01
2.520000e-06	-4.101741e-07	7.143793e-10	-2.911524e+00	4.291940e+01
2.530000e-06	-5.128512e-07	6.543155e-10	-3.640353e+00	3.929186e+01
2.540000e-06	-6.152105e-07	5.978056e-10	-4.366926e+00	3.564253e+01
2.550000e-06	-7.172887e-07	5.342372e-10	-5.091504e+00	3.195624e+01
2.560000e-06	-8.190797e-07	4.655426e-10	-5.814043e+00	2.821758e+01
2.570000e-06	-9.204278e-07	4.004151e-10	-6.533439e+00	2.441755e+01
2.580000e-06	-1.021255e-06	3.396417e-10	-7.249135e+00	2.055760e+01
2.590000e-06	-1.121725e-06	2.747880e-10	-7.962296e+00	1.664967e+01
2.600000e-06	-1.221866e-06	2.036508e-10	-8.673127e+00	1.271220e+01
2.610000e-06	-1.321600e-06	1.379899e-10	-9.381066e+00	8.763669e+00
2.620000e-06	-1.420864e-06	7.574420e-11	-1.008567e+01	4.816207e+00
2.630000e-06	-1.519576e-06	9.647970e-12	-1.078635e+01	8.715825e-01
2.640000e-06	-1.617767e-06	-6.085714e-11	-1.148334e+01	-3.078886e+00
2.650000e-06	-1.715499e-06	-1.305549e-10	-1.217707e+01	-7.050625e+00
2.660000e-06	-1.812661e-06	-1.935492e-10	-1.286675e+01	-1.105978e+01
2.670000e-06	-1.909154e-06	-2.578730e-10	-1.355167e+01	-1.511720e+01
2.680000e-06	-2.005096e-06	-3.291532e-10	-1.423270e+01	-1.922466e+01
2.690000e-06	-2.100517e-06	-4.002706e-10	-1.491002e+01	-2.337463e+01
2.700000e-06	-2.195233e-06	-4.670087e-10	-1.558234e+01	-2.755351e+01
2.710000e-06	-2.289025e-06	-5.362682e-10	-1.624810e+01	-3.174696e+01
2.720000e-06	-2.381818e-06	-6.093393e-10	-1.690677e+01	-3.594522e+01
2.730000e-06	-2.473699e-06	-6.799667e-10	-1.755897e+01	-4.014629e+01
2.740000e-06	-2.564705e-06	-7.474097e-10	-1.820495e+01	-4.435604e+01
2.750000e-06	-2.654795e-06	-8.183926e-10	-1.884443e+01	-4.858508e+01
2.760000e-06	-2.743932e-06	-8.956288e-10	-1.947715e+01	-5.284388e+01
2.770000e-06	-2.832155e-06	-9.714401e-10	-2.010338e+01	-5.713792e+01
2.780000e-06	-2.919494e-06	-1.040498e-09	-2.072334e+01	-6.146473e+01
2.790000e-06	-3.005763e-06	-1.109377e-09	-2.133570e+01	-6.581377e+01
2.800000e-06	-3.090839e-06	-1.182048e-09	-2.193959e+01	-7.016913e+01
2.810000e-06	-3.174712e-06	-1.256365e-09	-2.253494e+01	-7.451382e+01
2.820000e-06	-3.257508e-06	-1.327153e-09	-2.312265e+01	-7.883400e+01
2.830000e-06	-3.339257e-06	-1.397669e-09	-2.370292e+01	-8.312159e+01
2.840000e-06	-3.419889e-06	-1.472578e-09	-2.427527e+01	-8.737430e+01
2.850000e-06	-3.499426e-06	-1.546435e-09	-2.483985e+01	-9.159324e+01
2.860000e-06	-3.577628e-06	-1.615192e-09	-2.539494e+01	-9.577917e+01
2.870000e-06	-3.654254e-06	-1.680833e-09	-2.593885e+01	-9.992872e+01
2.880000e-06	-3.729355e-06	-1.749260e-09	-2.647194e+01	-1.040323e+02
2.890000e-06	-3.803078e-06	-1.820518e-09	-2.699525e+01	-1.080740e+02
2.900000e-06	-3.875491e-06	-1.888969e-09	-2.750925e+01	-1.120344e+02
2.910000e-06	-3.946632e-06	-1.953386e-09	-2.801423e+01	-1.158942e+02
2.920000e-06	-4.016340e-06	-2.017385e-09	-2.850903e+01	-1.196384e+02
2.930000e-06	-4.084451e-06	-2.080118e-09	-2.899251e+01	-1.232588e+02
2.940000e-06	-4.151142e-06	-2.138393e-09	-2.946590e+01	-1.267553e+02
2.950000e-06	-4.216505e-06	-2.192743e-09	-2.992986e+01	-1.301339e+02
2.960000e-06	-4.280456e-06	-2.245271e-09	-3.038380e+01	-1.334037e+02
2.970000e-06	-4.342875e-06	-2.299109e-09	-3.082686e+01	-1.365733e+02
2.980000e-06	-4.403545e-06	-2.353550e-09	-3.125752e+01	-1.396474e+02
2.990000e-06	-4.462571e-06	-2.405403e-09	-3.167650e+01	-1.426258e+02
3.000000e-06	-4.520137e-06	-2.454077e-09	-3.208512e+01	-1.455031e+02
3.010000e-06	-4.576196e-06	-2.501634e-09	-3.248304e+01	-1.482712e+02
3.020000e-06	-4.630583e-06	-2.544997e-09	-3.286910e+01	-1.509223e+02
3.030000e-06	-4.682994e-06	-2.583322e-09	-3.324113e+01	-1.534517e+02
3.040000e-06	-4.733504e-06	-2.621342e-09	-3.359966e+01	-1.558596e+02
3.050000e-06	-4.782157e-06	-2.660923e-09	-3.394500e+01	-1.581511e+02
3.060000e-06	-4.828795e-06	-2.699507e-09	-3.427606e+01	-1.603351e+02
3.070000e-06	-4.873691e-06	-2.734343e-09	-3.459474e+01	-1.624210e+02
3.080000e-06	-4.917109e-06	-2.768783e-09	-3.490293e+01	-1.644158e+02
3.090000e-06	-4.959038e-06	-2.804466e-09	-3.520055e+01	-1.663222e+02
3.100000e-06	-4.999417e-06	-2.837580e-09	-3.548717e+01	-1.681374e+02
3.110000e-06	-5.038068e-06	-2.866583e-09	-3.576153e+01	-1.698547e+02
3.120000e-06	-5.074807e-06	-2.891828e-09	-3.602231e+01	-1.714660e+02
3.130000e-06	-5.109707e-06	-2.915410e-09	-3.627005e+01	-1.729657e+02
3.140000e-06	-5.142900e-06	-2.938576e-09	-3.650566e+01	-1.743538e+02
3.150000e-06	-5.174339e-06	-2.959231e-09	-3.672882e+01	-1.756368e+02
3.160000e-06	-5.203749e-06	-2.979890e-09	-3.693758e+01	-1.768274e+02
3.170000e-06	-5.231215e-06	-3.000560e-09	-3.713254e+01	-1.779414e+02
3.180000e-06	-5.256939e-06	-3.020021e-09	-3.731513e+01	-1.789927e+02
3.190000e-06	-5.280882e-06	-3.038511e-09	-3.748509e+01	-1.799899e+02
3.200000e-06	-5.302800e-06	-3.053933e-09	-3.764067e+01	-1.809330e+02
3.210000e-06	-5.322694e-06	-3.067965e-09	-3.778188e+01	-1.818139e+02
3.220000e-06	-5.340848e-06	-3.082355e-09	-3.791074e+01	-1.826197e+02
3.230000e-06	-5.357293e-06	-3.094978e-09	-3.802747e+01	-1.833376e+02
3.240000e-06	-5.371761e-06	-3.107137e-09	-3.813017e+01	-1.839609e+02
3.250000e-06	-5.383975e-06	-3.116518e-09	-3.821687e+01	-1.844924e+02
3.260000e-06	-5.394119e-06	-3.123381e-09	-3.828888e+01	-1.849452e+02
3.270000e-06	-5.402462e-06	-3.131014e-09	-3.834810e+01	-1.853396e+02
3.280000e-06	-5.408903e-06	-3.139358e-09	-3.839382e+01	-1.856966e+02
3.290000e-06	-5.413309e-06	-3.146884e-09	-3.842509e+01	-1.860310e+02
3.300000e-06	-5.415884e-06	-3.151540e-09	-3.844337e+01	-1.863463e+02
3.310000e-06	-5.416792e-06	-3.154777e-09	-3.844981e+01	-1.866325e+02
