# Temperatura_=_29.92
# Concentracion g/m^3_=_11000.0
# C_Vs_to_Am_M_A/Vsm_=_59384043850.047264
# pendiente_HvsI_1/m_=_3716.3
# ordenada_HvsI_A/m_=_1297.0
# frecuencia_Hz_=_301224.1125357355

Tiempo_(s)	Campo_(V.s)	Magnetizacion_(V.s)	Campo_(kA/m)	Magnetizacion_(A/m)
0.000000e+00	-5.427823e-06	-3.226501e-09	-3.844586e+01	-1.900086e+02
1.000000e-08	-5.424904e-06	-3.230292e-09	-3.842518e+01	-1.902626e+02
2.000000e-08	-5.420234e-06	-3.231632e-09	-3.839210e+01	-1.904421e+02
3.000000e-08	-5.413865e-06	-3.230782e-09	-3.834699e+01	-1.905155e+02
4.000000e-08	-5.405844e-06	-3.227586e-09	-3.829018e+01	-1.904716e+02
5.000000e-08	-5.396028e-06	-3.225594e-09	-3.822065e+01	-1.903258e+02
6.000000e-08	-5.384148e-06	-3.221209e-09	-3.813651e+01	-1.901173e+02
7.000000e-08	-5.370342e-06	-3.203449e-09	-3.803871e+01	-1.898965e+02
8.000000e-08	-5.354351e-06	-3.184496e-09	-3.792545e+01	-1.897089e+02
9.000000e-08	-5.335907e-06	-3.185956e-09	-3.779481e+01	-1.895791e+02
1.000000e-07	-5.315340e-06	-3.192681e-09	-3.764913e+01	-1.895022e+02
1.100000e-07	-5.292946e-06	-3.196722e-09	-3.749051e+01	-1.894451e+02
1.200000e-07	-5.269093e-06	-3.207873e-09	-3.732155e+01	-1.893568e+02
1.300000e-07	-5.244018e-06	-3.178454e-09	-3.714395e+01	-1.891853e+02
1.400000e-07	-5.217249e-06	-3.187030e-09	-3.695434e+01	-1.888924e+02
1.500000e-07	-5.188551e-06	-3.193681e-09	-3.675106e+01	-1.884645e+02
1.600000e-07	-5.158318e-06	-3.119994e-09	-3.653692e+01	-1.879132e+02
1.700000e-07	-5.126381e-06	-3.116437e-09	-3.631071e+01	-1.872681e+02
1.800000e-07	-5.092281e-06	-3.128626e-09	-3.606918e+01	-1.865636e+02
1.900000e-07	-5.056513e-06	-3.113832e-09	-3.581583e+01	-1.858268e+02
2.000000e-07	-5.019208e-06	-3.126710e-09	-3.555159e+01	-1.850691e+02
2.100000e-07	-4.980084e-06	-3.090119e-09	-3.527447e+01	-1.842859e+02
2.200000e-07	-4.939222e-06	-3.061018e-09	-3.498504e+01	-1.834627e+02
2.300000e-07	-4.896411e-06	-3.066819e-09	-3.468181e+01	-1.825851e+02
2.400000e-07	-4.851676e-06	-3.023498e-09	-3.436495e+01	-1.816472e+02
2.500000e-07	-4.805143e-06	-3.032196e-09	-3.403535e+01	-1.806568e+02
2.600000e-07	-4.756663e-06	-3.031285e-09	-3.369196e+01	-1.796323e+02
2.700000e-07	-4.706208e-06	-3.002857e-09	-3.333458e+01	-1.785958e+02
2.800000e-07	-4.653777e-06	-3.010765e-09	-3.296321e+01	-1.775638e+02
2.900000e-07	-4.599502e-06	-2.979328e-09	-3.257877e+01	-1.765395e+02
3.000000e-07	-4.543740e-06	-2.938306e-09	-3.218380e+01	-1.755109e+02
3.100000e-07	-4.486300e-06	-2.924414e-09	-3.177695e+01	-1.744547e+02
3.200000e-07	-4.427064e-06	-2.915979e-09	-3.135738e+01	-1.733443e+02
3.300000e-07	-4.366284e-06	-2.885568e-09	-3.092686e+01	-1.721595e+02
3.400000e-07	-4.304062e-06	-2.868643e-09	-3.048614e+01	-1.708929e+02
3.500000e-07	-4.240505e-06	-2.861962e-09	-3.003596e+01	-1.695517e+02
3.600000e-07	-4.175398e-06	-2.825321e-09	-2.957480e+01	-1.681536e+02
3.700000e-07	-4.108553e-06	-2.797833e-09	-2.910132e+01	-1.667193e+02
3.800000e-07	-4.040096e-06	-2.776774e-09	-2.861643e+01	-1.652640e+02
3.900000e-07	-3.970265e-06	-2.736660e-09	-2.812182e+01	-1.637932e+02
4.000000e-07	-3.899216e-06	-2.719685e-09	-2.761857e+01	-1.623011e+02
4.100000e-07	-3.826797e-06	-2.703614e-09	-2.710562e+01	-1.607754e+02
4.200000e-07	-3.752822e-06	-2.681060e-09	-2.658165e+01	-1.592035e+02
4.300000e-07	-3.677217e-06	-2.648177e-09	-2.604613e+01	-1.575780e+02
4.400000e-07	-3.600149e-06	-2.606255e-09	-2.550024e+01	-1.559002e+02
4.500000e-07	-3.521632e-06	-2.574078e-09	-2.494410e+01	-1.541784e+02
4.600000e-07	-3.441629e-06	-2.544542e-09	-2.437743e+01	-1.524235e+02
4.700000e-07	-3.360335e-06	-2.520763e-09	-2.380162e+01	-1.506432e+02
4.800000e-07	-3.277825e-06	-2.488251e-09	-2.321719e+01	-1.488380e+02
4.900000e-07	-3.194320e-06	-2.459988e-09	-2.262571e+01	-1.470002e+02
5.000000e-07	-3.109864e-06	-2.426163e-09	-2.202751e+01	-1.451174e+02
5.100000e-07	-3.024413e-06	-2.388916e-09	-2.142224e+01	-1.431770e+02
5.200000e-07	-2.938035e-06	-2.353597e-09	-2.081042e+01	-1.411720e+02
5.300000e-07	-2.850718e-06	-2.317008e-09	-2.019194e+01	-1.391033e+02
5.400000e-07	-2.762474e-06	-2.286633e-09	-1.956690e+01	-1.369788e+02
5.500000e-07	-2.673103e-06	-2.254561e-09	-1.893388e+01	-1.348091e+02
5.600000e-07	-2.582526e-06	-2.217523e-09	-1.829231e+01	-1.326023e+02
5.700000e-07	-2.490965e-06	-2.173907e-09	-1.764378e+01	-1.303595e+02
5.800000e-07	-2.398626e-06	-2.134476e-09	-1.698973e+01	-1.280741e+02
5.900000e-07	-2.305512e-06	-2.095835e-09	-1.633019e+01	-1.257345e+02
6.000000e-07	-2.211666e-06	-2.054316e-09	-1.566547e+01	-1.233292e+02
6.100000e-07	-2.117039e-06	-2.012193e-09	-1.499522e+01	-1.208529e+02
6.200000e-07	-2.021591e-06	-1.973435e-09	-1.431915e+01	-1.183096e+02
6.300000e-07	-1.925501e-06	-1.936671e-09	-1.363853e+01	-1.157119e+02
6.400000e-07	-1.828777e-06	-1.892226e-09	-1.295343e+01	-1.130766e+02
6.500000e-07	-1.731293e-06	-1.843018e-09	-1.226293e+01	-1.104183e+02
6.600000e-07	-1.632918e-06	-1.795913e-09	-1.156614e+01	-1.077431e+02
6.700000e-07	-1.533798e-06	-1.753613e-09	-1.086405e+01	-1.050461e+02
6.800000e-07	-1.434229e-06	-1.708000e-09	-1.015880e+01	-1.023129e+02
6.900000e-07	-1.334214e-06	-1.661211e-09	-9.450379e+00	-9.952494e+01
7.000000e-07	-1.233670e-06	-1.617656e-09	-8.738215e+00	-9.666710e+01
7.100000e-07	-1.132762e-06	-1.573585e-09	-8.023479e+00	-9.373319e+01
7.200000e-07	-1.031590e-06	-1.521400e-09	-7.306866e+00	-9.072831e+01
7.300000e-07	-9.300956e-07	-1.465351e-09	-6.587968e+00	-8.766641e+01
7.400000e-07	-8.282125e-07	-1.413287e-09	-5.866319e+00	-8.456429e+01
7.500000e-07	-7.260049e-07	-1.362891e-09	-5.142371e+00	-8.143446e+01
7.600000e-07	-6.236379e-07	-1.311040e-09	-4.417295e+00	-7.827991e+01
7.700000e-07	-5.211673e-07	-1.257589e-09	-3.691484e+00	-7.509280e+01
7.800000e-07	-4.184759e-07	-1.206069e-09	-2.964110e+00	-7.185776e+01
7.900000e-07	-3.155612e-07	-1.153700e-09	-2.235154e+00	-6.855818e+01
8.000000e-07	-2.125271e-07	-1.096069e-09	-1.505353e+00	-6.518300e+01
8.100000e-07	-1.094112e-07	-1.033623e-09	-7.749715e-01	-6.173107e+01
8.200000e-07	-6.147638e-09	-9.731796e-10	-4.354439e-02	-5.821136e+01
8.300000e-07	9.713234e-08	-9.183856e-10	6.879989e-01	-5.463901e+01
8.400000e-07	2.002192e-07	-8.632532e-10	1.418174e+00	-5.102894e+01
8.500000e-07	3.031524e-07	-8.021379e-10	2.147261e+00	-4.738985e+01
8.600000e-07	4.060395e-07	-7.378098e-10	2.876022e+00	-4.372114e+01
8.700000e-07	5.087940e-07	-6.758616e-10	3.603843e+00	-4.001402e+01
8.800000e-07	6.112736e-07	-6.130734e-10	4.329717e+00	-3.625631e+01
8.900000e-07	7.135772e-07	-5.470772e-10	5.054345e+00	-3.243881e+01
9.000000e-07	8.157037e-07	-4.816541e-10	5.777718e+00	-2.856044e+01
9.100000e-07	9.175121e-07	-4.207603e-10	6.498838e+00	-2.462999e+01
9.200000e-07	1.018997e-06	-3.582082e-10	7.217665e+00	-2.066353e+01
9.300000e-07	1.120139e-06	-2.880123e-10	7.934069e+00	-1.667872e+01
9.400000e-07	1.220888e-06	-2.177558e-10	8.647683e+00	-1.268829e+01
9.500000e-07	1.321293e-06	-1.517793e-10	9.358858e+00	-8.695512e+00
9.600000e-07	1.421303e-06	-8.684181e-11	1.006725e+01	-4.693461e+00
9.700000e-07	1.520770e-06	-1.770735e-11	1.077178e+01	-6.684503e-01
9.800000e-07	1.619632e-06	5.179910e-11	1.147203e+01	3.393941e+00
9.900000e-07	1.717742e-06	1.174664e-10	1.216695e+01	7.502767e+00
1.000000e-06	1.815056e-06	1.835861e-10	1.285624e+01	1.165813e+01
1.010000e-06	1.911649e-06	2.569448e-10	1.354042e+01	1.585152e+01
1.020000e-06	2.007597e-06	3.337070e-10	1.422002e+01	2.006992e+01
1.030000e-06	2.102835e-06	4.071409e-10	1.489461e+01	2.430164e+01
1.040000e-06	2.197309e-06	4.782596e-10	1.556378e+01	2.854142e+01
1.050000e-06	2.291090e-06	5.494608e-10	1.622804e+01	3.279251e+01
1.060000e-06	2.384132e-06	6.172338e-10	1.688706e+01	3.706474e+01
1.070000e-06	2.476517e-06	6.855332e-10	1.754144e+01	4.136947e+01
1.080000e-06	2.568165e-06	7.621937e-10	1.819059e+01	4.571373e+01
1.090000e-06	2.658683e-06	8.427613e-10	1.883174e+01	5.009598e+01
1.100000e-06	2.747952e-06	9.184348e-10	1.946404e+01	5.450551e+01
1.110000e-06	2.836243e-06	9.878460e-10	2.008942e+01	5.892580e+01
1.120000e-06	2.923592e-06	1.058263e-09	2.070812e+01	6.334023e+01
1.130000e-06	3.009905e-06	1.133320e-09	2.131948e+01	6.773791e+01
1.140000e-06	3.095217e-06	1.208173e-09	2.192376e+01	7.211679e+01
1.150000e-06	3.179606e-06	1.280809e-09	2.252150e+01	7.648270e+01
1.160000e-06	3.262974e-06	1.355812e-09	2.311200e+01	8.084466e+01
1.170000e-06	3.345134e-06	1.434177e-09	2.369395e+01	8.520828e+01
1.180000e-06	3.426003e-06	1.509165e-09	2.426675e+01	8.957018e+01
1.190000e-06	3.505620e-06	1.579221e-09	2.483068e+01	9.391581e+01
1.200000e-06	3.583996e-06	1.648974e-09	2.538583e+01	9.822168e+01
1.210000e-06	3.661094e-06	1.721492e-09	2.593193e+01	1.024613e+02
1.220000e-06	3.736871e-06	1.791977e-09	2.646866e+01	1.066124e+02
1.230000e-06	3.811008e-06	1.856917e-09	2.699378e+01	1.106623e+02
1.240000e-06	3.883565e-06	1.922399e-09	2.750771e+01	1.146098e+02
1.250000e-06	3.954761e-06	1.990206e-09	2.801200e+01	1.184617e+02
1.260000e-06	4.024560e-06	2.055672e-09	2.850640e+01	1.222273e+02
1.270000e-06	4.093134e-06	2.116681e-09	2.899211e+01	1.259112e+02
1.280000e-06	4.160276e-06	2.177325e-09	2.946769e+01	1.295091e+02
1.290000e-06	4.225679e-06	2.236513e-09	2.993094e+01	1.330074e+02
1.300000e-06	4.289541e-06	2.291117e-09	3.038328e+01	1.363878e+02
1.310000e-06	4.351998e-06	2.343354e-09	3.082568e+01	1.396335e+02
1.320000e-06	4.413126e-06	2.395946e-09	3.125865e+01	1.427356e+02
1.330000e-06	4.472881e-06	2.447367e-09	3.168190e+01	1.456966e+02
1.340000e-06	4.530892e-06	2.495007e-09	3.209280e+01	1.485291e+02
1.350000e-06	4.587090e-06	2.540469e-09	3.249085e+01	1.512502e+02
1.360000e-06	4.641730e-06	2.586176e-09	3.287787e+01	1.538750e+02
1.370000e-06	4.694713e-06	2.629918e-09	3.325316e+01	1.564103e+02
1.380000e-06	4.745607e-06	2.670505e-09	3.361365e+01	1.588528e+02
1.390000e-06	4.794358e-06	2.708590e-09	3.395896e+01	1.611912e+02
1.400000e-06	4.841365e-06	2.746347e-09	3.429191e+01	1.634122e+02
1.410000e-06	4.886819e-06	2.782987e-09	3.461387e+01	1.655074e+02
1.420000e-06	4.930596e-06	2.814467e-09	3.492394e+01	1.674776e+02
1.430000e-06	4.972530e-06	2.843058e-09	3.522097e+01	1.693338e+02
1.440000e-06	5.012618e-06	2.872214e-09	3.550491e+01	1.710928e+02
1.450000e-06	5.050948e-06	2.901376e-09	3.577641e+01	1.727708e+02
1.460000e-06	5.087710e-06	2.927668e-09	3.603680e+01	1.743771e+02
1.470000e-06	5.122725e-06	2.949316e-09	3.628482e+01	1.759106e+02
1.480000e-06	5.155751e-06	2.971843e-09	3.651874e+01	1.773612e+02
1.490000e-06	5.186946e-06	2.996546e-09	3.673970e+01	1.787155e+02
1.500000e-06	5.216457e-06	3.018433e-09	3.694873e+01	1.799639e+02
1.510000e-06	5.244221e-06	3.037639e-09	3.714539e+01	1.811064e+02
1.520000e-06	5.269977e-06	3.055025e-09	3.732782e+01	1.821543e+02
1.530000e-06	5.293714e-06	3.071613e-09	3.749595e+01	1.831263e+02
1.540000e-06	5.315651e-06	3.085298e-09	3.765133e+01	1.840411e+02
1.550000e-06	5.335962e-06	3.095647e-09	3.779520e+01	1.849100e+02
1.560000e-06	5.354411e-06	3.106165e-09	3.792587e+01	1.857312e+02
1.570000e-06	5.370779e-06	3.118721e-09	3.804181e+01	1.864904e+02
1.580000e-06	5.385201e-06	3.131150e-09	3.814396e+01	1.871675e+02
1.590000e-06	5.397658e-06	3.141944e-09	3.823219e+01	1.877455e+02
1.600000e-06	5.407892e-06	3.151516e-09	3.830469e+01	1.882202e+02
1.610000e-06	5.416024e-06	3.157326e-09	3.836229e+01	1.886042e+02
1.620000e-06	5.422302e-06	3.160386e-09	3.840675e+01	1.889253e+02
1.630000e-06	5.426772e-06	3.162471e-09	3.843841e+01	1.892166e+02
1.640000e-06	5.429311e-06	3.165154e-09	3.845640e+01	1.895052e+02
1.650000e-06	5.429820e-06	3.169938e-09	3.846000e+01	1.898004e+02
1.660000e-06	5.428515e-06	3.175560e-09	3.845076e+01	1.900898e+02
1.670000e-06	5.425592e-06	3.182884e-09	3.843006e+01	1.903419e+02
1.680000e-06	5.421054e-06	3.186549e-09	3.839791e+01	1.905182e+02
1.690000e-06	5.414615e-06	3.187082e-09	3.835231e+01	1.905876e+02
1.700000e-06	5.406332e-06	3.185289e-09	3.829364e+01	1.905397e+02
1.710000e-06	5.396427e-06	3.181607e-09	3.822348e+01	1.903911e+02
1.720000e-06	5.384826e-06	3.180998e-09	3.814131e+01	1.901813e+02
1.730000e-06	5.371256e-06	3.209619e-09	3.804519e+01	1.899611e+02
1.740000e-06	5.355607e-06	3.206601e-09	3.793434e+01	1.897755e+02
1.750000e-06	5.337661e-06	3.195447e-09	3.780723e+01	1.896480e+02
1.760000e-06	5.317029e-06	3.188990e-09	3.766109e+01	1.895727e+02
1.770000e-06	5.294047e-06	3.146859e-09	3.749831e+01	1.895154e+02
1.780000e-06	5.269560e-06	3.195183e-09	3.732486e+01	1.894252e+02
1.790000e-06	5.244193e-06	3.210458e-09	3.714519e+01	1.892500e+02
1.800000e-06	5.217477e-06	3.169693e-09	3.695595e+01	1.889524e+02
1.810000e-06	5.188551e-06	3.198990e-09	3.675107e+01	1.885199e+02
1.820000e-06	5.157860e-06	3.162372e-09	3.653368e+01	1.879649e+02
1.830000e-06	5.125525e-06	3.150878e-09	3.630465e+01	1.873172e+02
1.840000e-06	5.091200e-06	3.181470e-09	3.606152e+01	1.866113e+02
1.850000e-06	5.055269e-06	3.118194e-09	3.580702e+01	1.858738e+02
1.860000e-06	5.017449e-06	3.137780e-09	3.553914e+01	1.851154e+02
1.870000e-06	4.977702e-06	3.152740e-09	3.525760e+01	1.843312e+02
1.880000e-06	4.936374e-06	3.081682e-09	3.496487e+01	1.835064e+02
1.890000e-06	4.893353e-06	3.092486e-09	3.466015e+01	1.826268e+02
1.900000e-06	4.848736e-06	3.051853e-09	3.434412e+01	1.816870e+02
1.910000e-06	4.802241e-06	3.038736e-09	3.401479e+01	1.806951e+02
1.920000e-06	4.753711e-06	3.056900e-09	3.367105e+01	1.796699e+02
1.930000e-06	4.703599e-06	2.971808e-09	3.331610e+01	1.786335e+02
1.940000e-06	4.651689e-06	2.979956e-09	3.294842e+01	1.776019e+02
1.950000e-06	4.597787e-06	2.985611e-09	3.256663e+01	1.765779e+02
1.960000e-06	4.542049e-06	2.952750e-09	3.217182e+01	1.755489e+02
1.970000e-06	4.484584e-06	2.948495e-09	3.176479e+01	1.744913e+02
1.980000e-06	4.425727e-06	2.912782e-09	3.134790e+01	1.733787e+02
1.990000e-06	4.365288e-06	2.906293e-09	3.091981e+01	1.721911e+02
2.000000e-06	4.303090e-06	2.862788e-09	3.047925e+01	1.709218e+02
2.010000e-06	4.239336e-06	2.852633e-09	3.002768e+01	1.695783e+02
2.020000e-06	4.174120e-06	2.854134e-09	2.956575e+01	1.681787e+02
2.030000e-06	4.107515e-06	2.806588e-09	2.909397e+01	1.667435e+02
2.040000e-06	4.039304e-06	2.804467e-09	2.861083e+01	1.652878e+02
2.050000e-06	3.969426e-06	2.756596e-09	2.811587e+01	1.638165e+02
2.060000e-06	3.898085e-06	2.732799e-09	2.761056e+01	1.623236e+02
2.070000e-06	3.825468e-06	2.710031e-09	2.709621e+01	1.607966e+02
2.080000e-06	3.751514e-06	2.682196e-09	2.657238e+01	1.592229e+02
2.090000e-06	3.676070e-06	2.684508e-09	2.603800e+01	1.575956e+02
2.100000e-06	3.599060e-06	2.638005e-09	2.549253e+01	1.559162e+02
2.110000e-06	3.520523e-06	2.608548e-09	2.493625e+01	1.541932e+02
2.120000e-06	3.440708e-06	2.573594e-09	2.437091e+01	1.524374e+02
2.130000e-06	3.359667e-06	2.552445e-09	2.379688e+01	1.506564e+02
2.140000e-06	3.277526e-06	2.524991e-09	2.321507e+01	1.488503e+02
2.150000e-06	3.194414e-06	2.485212e-09	2.262638e+01	1.470113e+02
2.160000e-06	3.110143e-06	2.465450e-09	2.202948e+01	1.451267e+02
2.170000e-06	3.024520e-06	2.433075e-09	2.142301e+01	1.431842e+02
2.180000e-06	2.937663e-06	2.404859e-09	2.080779e+01	1.411770e+02
2.190000e-06	2.849814e-06	2.357632e-09	2.018554e+01	1.391063e+02
2.200000e-06	2.761025e-06	2.319406e-09	1.955664e+01	1.369801e+02
2.210000e-06	2.671344e-06	2.288100e-09	1.892142e+01	1.348091e+02
2.220000e-06	2.580844e-06	2.248274e-09	1.828040e+01	1.326012e+02
2.230000e-06	2.489505e-06	2.209189e-09	1.763343e+01	1.303572e+02
2.240000e-06	2.397273e-06	2.171502e-09	1.698014e+01	1.280702e+02
2.250000e-06	2.304071e-06	2.143503e-09	1.631998e+01	1.257285e+02
2.260000e-06	2.209986e-06	2.100431e-09	1.565357e+01	1.233208e+02
2.270000e-06	2.115040e-06	2.049547e-09	1.498105e+01	1.208422e+02
2.280000e-06	2.019328e-06	1.999657e-09	1.430312e+01	1.182968e+02
2.290000e-06	1.923041e-06	1.958383e-09	1.362111e+01	1.156975e+02
2.300000e-06	1.826113e-06	1.917447e-09	1.293455e+01	1.130614e+02
2.310000e-06	1.728467e-06	1.870612e-09	1.224292e+01	1.104025e+02
2.320000e-06	1.630200e-06	1.827355e-09	1.154688e+01	1.077269e+02
2.330000e-06	1.531513e-06	1.783482e-09	1.084788e+01	1.050290e+02
2.340000e-06	1.432475e-06	1.736568e-09	1.014637e+01	1.022942e+02
2.350000e-06	1.332924e-06	1.682456e-09	9.441243e+00	9.950415e+01
2.360000e-06	1.232789e-06	1.631018e-09	8.731977e+00	9.664377e+01
2.370000e-06	1.132267e-06	1.585599e-09	8.019973e+00	9.370729e+01
2.380000e-06	1.031371e-06	1.538323e-09	7.305311e+00	9.070022e+01
2.390000e-06	9.298811e-07	1.486494e-09	6.586448e+00	8.763673e+01
2.400000e-06	8.277580e-07	1.432910e-09	5.863100e+00	8.453357e+01
2.410000e-06	7.253574e-07	1.381731e-09	5.137785e+00	8.140301e+01
2.420000e-06	6.228713e-07	1.327540e-09	4.411865e+00	7.824761e+01
2.430000e-06	5.201317e-07	1.266733e-09	3.684149e+00	7.505921e+01
2.440000e-06	4.171804e-07	1.208693e-09	2.954934e+00	7.182227e+01
2.450000e-06	3.141723e-07	1.157275e-09	2.225317e+00	6.852026e+01
2.460000e-06	2.110847e-07	1.105316e-09	1.495136e+00	6.514241e+01
2.470000e-06	1.078353e-07	1.046528e-09	7.638088e-01	6.168798e+01
2.480000e-06	4.463299e-09	9.835897e-10	3.161403e-02	5.816624e+01
2.490000e-06	-9.888201e-08	9.236273e-10	-7.003920e-01	5.459243e+01
2.500000e-06	-2.020835e-07	8.637873e-10	-1.431379e+00	5.098135e+01
2.510000e-06	-3.051851e-07	7.999153e-10	-2.161659e+00	4.734140e+01
2.520000e-06	-4.082272e-07	7.334140e-10	-2.891518e+00	4.367164e+01
2.530000e-06	-5.111114e-07	6.699718e-10	-3.620258e+00	3.996305e+01
2.540000e-06	-6.137494e-07	6.099776e-10	-4.347254e+00	3.620345e+01
2.550000e-06	-7.161615e-07	5.458586e-10	-5.072649e+00	3.238386e+01
2.560000e-06	-8.183747e-07	4.775657e-10	-5.796637e+00	2.850355e+01
2.570000e-06	-9.201885e-07	4.104243e-10	-6.517795e+00	2.457164e+01
2.580000e-06	-1.021398e-06	3.457671e-10	-7.234671e+00	2.060435e+01
2.590000e-06	-1.122114e-06	2.808743e-10	-7.948056e+00	1.661930e+01
2.600000e-06	-1.222406e-06	2.103942e-10	-8.658432e+00	1.262892e+01
2.610000e-06	-1.322282e-06	1.398725e-10	-9.365866e+00	8.636113e+00
2.620000e-06	-1.421736e-06	7.270878e-11	-1.007031e+01	4.633629e+00
2.630000e-06	-1.520725e-06	5.119624e-12	-1.077146e+01	6.076422e-01
2.640000e-06	-1.619216e-06	-6.632608e-11	-1.146908e+01	-3.456172e+00
2.650000e-06	-1.717122e-06	-1.367344e-10	-1.216256e+01	-7.566588e+00
2.660000e-06	-1.814407e-06	-2.004017e-10	-1.285164e+01	-1.172337e+01
2.670000e-06	-1.911113e-06	-2.655340e-10	-1.353662e+01	-1.591776e+01
2.680000e-06	-2.007267e-06	-3.370218e-10	-1.421769e+01	-2.013669e+01
2.690000e-06	-2.102855e-06	-4.111942e-10	-1.489475e+01	-2.436860e+01
2.700000e-06	-2.197781e-06	-4.836669e-10	-1.556712e+01	-2.860856e+01
2.710000e-06	-2.291816e-06	-5.563794e-10	-1.623318e+01	-3.286009e+01
2.720000e-06	-2.384797e-06	-6.304992e-10	-1.689178e+01	-3.713316e+01
2.730000e-06	-2.476874e-06	-7.022216e-10	-1.754397e+01	-4.143910e+01
2.740000e-06	-2.568103e-06	-7.706081e-10	-1.819015e+01	-4.578467e+01
2.750000e-06	-2.658356e-06	-8.413516e-10	-1.882942e+01	-5.016800e+01
2.760000e-06	-2.747644e-06	-9.188834e-10	-1.946186e+01	-5.457810e+01
2.770000e-06	-2.836027e-06	-9.985539e-10	-2.008789e+01	-5.899831e+01
2.780000e-06	-2.923563e-06	-1.073325e-09	-2.070791e+01	-6.341215e+01
2.790000e-06	-3.010109e-06	-1.145369e-09	-2.132093e+01	-6.780902e+01
2.800000e-06	-3.095380e-06	-1.218774e-09	-2.192491e+01	-7.218717e+01
2.810000e-06	-3.179438e-06	-1.293166e-09	-2.252030e+01	-7.655266e+01
2.820000e-06	-3.262434e-06	-1.365104e-09	-2.310817e+01	-8.091450e+01
2.830000e-06	-3.344375e-06	-1.435385e-09	-2.368857e+01	-8.527805e+01
2.840000e-06	-3.425242e-06	-1.508412e-09	-2.426136e+01	-8.963956e+01
2.850000e-06	-3.504969e-06	-1.583570e-09	-2.482608e+01	-9.398408e+01
2.860000e-06	-3.583313e-06	-1.655989e-09	-2.538100e+01	-9.828791e+01
2.870000e-06	-3.660124e-06	-1.724635e-09	-2.592505e+01	-1.025246e+02
2.880000e-06	-3.735518e-06	-1.794859e-09	-2.645908e+01	-1.066721e+02
2.890000e-06	-3.809501e-06	-1.867218e-09	-2.698311e+01	-1.107182e+02
2.900000e-06	-3.882103e-06	-1.935428e-09	-2.749735e+01	-1.146620e+02
2.910000e-06	-3.953370e-06	-1.999275e-09	-2.800215e+01	-1.185105e+02
2.920000e-06	-4.023143e-06	-2.062289e-09	-2.849636e+01	-1.222731e+02
2.930000e-06	-4.091403e-06	-2.124484e-09	-2.897985e+01	-1.259539e+02
2.940000e-06	-4.158277e-06	-2.184844e-09	-2.945353e+01	-1.295483e+02
2.950000e-06	-4.223748e-06	-2.243294e-09	-2.991726e+01	-1.330427e+02
2.960000e-06	-4.287910e-06	-2.300490e-09	-3.037173e+01	-1.364184e+02
2.970000e-06	-4.350541e-06	-2.355727e-09	-3.081535e+01	-1.396589e+02
2.980000e-06	-4.411373e-06	-2.408014e-09	-3.124623e+01	-1.427557e+02
2.990000e-06	-4.470569e-06	-2.457746e-09	-3.166552e+01	-1.457118e+02
3.000000e-06	-4.528312e-06	-2.505631e-09	-3.207453e+01	-1.485398e+02
3.010000e-06	-4.584624e-06	-2.552199e-09	-3.247339e+01	-1.512572e+02
3.020000e-06	-4.639091e-06	-2.595650e-09	-3.285918e+01	-1.538786e+02
3.030000e-06	-4.691510e-06	-2.636938e-09	-3.323047e+01	-1.564106e+02
3.040000e-06	-4.742209e-06	-2.677336e-09	-3.358958e+01	-1.588495e+02
3.050000e-06	-4.790933e-06	-2.715921e-09	-3.393470e+01	-1.611837e+02
3.060000e-06	-4.837614e-06	-2.753104e-09	-3.426534e+01	-1.634002e+02
3.070000e-06	-4.882694e-06	-2.787452e-09	-3.458465e+01	-1.654907e+02
3.080000e-06	-4.926240e-06	-2.821959e-09	-3.489309e+01	-1.674565e+02
3.090000e-06	-4.968278e-06	-2.857214e-09	-3.519085e+01	-1.693088e+02
3.100000e-06	-5.008825e-06	-2.888683e-09	-3.547805e+01	-1.710645e+02
3.110000e-06	-5.047620e-06	-2.917672e-09	-3.575284e+01	-1.727397e+02
3.120000e-06	-5.084458e-06	-2.943974e-09	-3.601377e+01	-1.743434e+02
3.130000e-06	-5.119513e-06	-2.969419e-09	-3.626207e+01	-1.758740e+02
3.140000e-06	-5.152858e-06	-2.995351e-09	-3.649825e+01	-1.773212e+02
3.150000e-06	-5.184425e-06	-3.019188e-09	-3.672185e+01	-1.786717e+02
3.160000e-06	-5.214022e-06	-3.041976e-09	-3.693149e+01	-1.799162e+02
3.170000e-06	-5.241695e-06	-3.061725e-09	-3.712749e+01	-1.810550e+02
3.180000e-06	-5.267516e-06	-3.078544e-09	-3.731038e+01	-1.820997e+02
3.190000e-06	-5.291519e-06	-3.094606e-09	-3.748040e+01	-1.830692e+02
3.200000e-06	-5.313662e-06	-3.109424e-09	-3.763724e+01	-1.839821e+02
3.210000e-06	-5.333825e-06	-3.124988e-09	-3.778006e+01	-1.848493e+02
3.220000e-06	-5.352202e-06	-3.143133e-09	-3.791023e+01	-1.856684e+02
3.230000e-06	-5.368839e-06	-3.159858e-09	-3.802807e+01	-1.864250e+02
3.240000e-06	-5.383374e-06	-3.172733e-09	-3.813102e+01	-1.870986e+02
3.250000e-06	-5.395619e-06	-3.182232e-09	-3.821775e+01	-1.876728e+02
3.260000e-06	-5.405873e-06	-3.188152e-09	-3.829038e+01	-1.881438e+02
3.270000e-06	-5.414370e-06	-3.193199e-09	-3.835057e+01	-1.885249e+02
3.280000e-06	-5.420856e-06	-3.200014e-09	-3.839651e+01	-1.888442e+02
3.290000e-06	-5.425244e-06	-3.206710e-09	-3.842759e+01	-1.891349e+02
3.300000e-06	-5.427878e-06	-3.212832e-09	-3.844625e+01	-1.894235e+02
3.310000e-06	-5.428787e-06	-3.219390e-09	-3.845269e+01	-1.897188e+02
