# Temperatura_=_28.26
# Concentracion g/m^3_=_11000.0
# C_Vs_to_Am_M_A/Vsm_=_59384043850.047264
# pendiente_HvsI_1/m_=_3716.3
# ordenada_HvsI_A/m_=_1297.0
# frecuencia_Hz_=_301221.906247309

Tiempo_(s)	Campo_(V.s)	Magnetizacion_(V.s)	Campo_(kA/m)	Magnetizacion_(A/m)
0.000000e+00	-5.406342e-06	-3.200102e-09	-3.844522e+01	-1.892673e+02
1.000000e-08	-5.403562e-06	-3.199980e-09	-3.842545e+01	-1.893895e+02
2.000000e-08	-5.398950e-06	-3.198788e-09	-3.839265e+01	-1.894686e+02
3.000000e-08	-5.392700e-06	-3.198636e-09	-3.834821e+01	-1.895174e+02
4.000000e-08	-5.384875e-06	-3.198460e-09	-3.829256e+01	-1.895422e+02
5.000000e-08	-5.375212e-06	-3.199704e-09	-3.822385e+01	-1.895408e+02
6.000000e-08	-5.363471e-06	-3.198337e-09	-3.814036e+01	-1.895040e+02
7.000000e-08	-5.349776e-06	-3.184945e-09	-3.804297e+01	-1.894204e+02
8.000000e-08	-5.333904e-06	-3.175805e-09	-3.793010e+01	-1.892813e+02
9.000000e-08	-5.315635e-06	-3.171007e-09	-3.780019e+01	-1.890839e+02
1.000000e-07	-5.295292e-06	-3.163455e-09	-3.765552e+01	-1.888332e+02
1.100000e-07	-5.273116e-06	-3.169043e-09	-3.749783e+01	-1.885387e+02
1.200000e-07	-5.249406e-06	-3.179172e-09	-3.732922e+01	-1.882106e+02
1.300000e-07	-5.224394e-06	-3.154502e-09	-3.715136e+01	-1.878541e+02
1.400000e-07	-5.197688e-06	-3.174557e-09	-3.696145e+01	-1.874666e+02
1.500000e-07	-5.169119e-06	-3.163498e-09	-3.675829e+01	-1.870369e+02
1.600000e-07	-5.138994e-06	-3.106050e-09	-3.654407e+01	-1.865489e+02
1.700000e-07	-5.107259e-06	-3.121746e-09	-3.631840e+01	-1.859869e+02
1.800000e-07	-5.073474e-06	-3.109163e-09	-3.607815e+01	-1.853420e+02
1.900000e-07	-5.037864e-06	-3.097618e-09	-3.582492e+01	-1.846160e+02
2.000000e-07	-5.000677e-06	-3.105977e-09	-3.556048e+01	-1.838228e+02
2.100000e-07	-4.961701e-06	-3.073362e-09	-3.528332e+01	-1.829845e+02
2.200000e-07	-4.921060e-06	-3.057182e-09	-3.499431e+01	-1.821251e+02
2.300000e-07	-4.878523e-06	-3.047011e-09	-3.469183e+01	-1.812638e+02
2.400000e-07	-4.834005e-06	-3.010226e-09	-3.437525e+01	-1.804081e+02
2.500000e-07	-4.787755e-06	-3.017541e-09	-3.404636e+01	-1.795520e+02
2.600000e-07	-4.739700e-06	-2.999469e-09	-3.370464e+01	-1.786777e+02
2.700000e-07	-4.689719e-06	-2.984665e-09	-3.334921e+01	-1.777612e+02
2.800000e-07	-4.637676e-06	-2.982875e-09	-3.297913e+01	-1.767806e+02
2.900000e-07	-4.583741e-06	-2.944856e-09	-3.259559e+01	-1.757227e+02
3.000000e-07	-4.528231e-06	-2.926339e-09	-3.220085e+01	-1.745874e+02
3.100000e-07	-4.471097e-06	-2.908883e-09	-3.179457e+01	-1.733873e+02
3.200000e-07	-4.412188e-06	-2.889231e-09	-3.137566e+01	-1.721433e+02
3.300000e-07	-4.351679e-06	-2.857648e-09	-3.094536e+01	-1.708769e+02
3.400000e-07	-4.289726e-06	-2.844188e-09	-3.050481e+01	-1.696028e+02
3.500000e-07	-4.226347e-06	-2.830068e-09	-3.005411e+01	-1.683235e+02
3.600000e-07	-4.161531e-06	-2.793648e-09	-2.959320e+01	-1.670285e+02
3.700000e-07	-4.095058e-06	-2.777508e-09	-2.912050e+01	-1.656979e+02
3.800000e-07	-4.026916e-06	-2.757467e-09	-2.863593e+01	-1.643095e+02
3.900000e-07	-3.957337e-06	-2.721950e-09	-2.814115e+01	-1.628468e+02
4.000000e-07	-3.886517e-06	-2.697666e-09	-2.763754e+01	-1.613048e+02
4.100000e-07	-3.814470e-06	-2.672212e-09	-2.712520e+01	-1.596925e+02
4.200000e-07	-3.740979e-06	-2.649508e-09	-2.660260e+01	-1.580293e+02
4.300000e-07	-3.665848e-06	-2.621331e-09	-2.606833e+01	-1.563387e+02
4.400000e-07	-3.589174e-06	-2.587256e-09	-2.552309e+01	-1.546393e+02
4.500000e-07	-3.511057e-06	-2.557088e-09	-2.496759e+01	-1.529381e+02
4.600000e-07	-3.431465e-06	-2.527910e-09	-2.440160e+01	-1.512273e+02
4.700000e-07	-3.350523e-06	-2.502344e-09	-2.382601e+01	-1.494869e+02
4.800000e-07	-3.268335e-06	-2.465797e-09	-2.324156e+01	-1.476909e+02
4.900000e-07	-3.185044e-06	-2.435850e-09	-2.264927e+01	-1.458171e+02
5.000000e-07	-3.100822e-06	-2.404533e-09	-2.205036e+01	-1.438545e+02
5.100000e-07	-3.015722e-06	-2.371792e-09	-2.144520e+01	-1.418075e+02
5.200000e-07	-2.929707e-06	-2.336386e-09	-2.083353e+01	-1.396941e+02
5.300000e-07	-2.842723e-06	-2.296850e-09	-2.021498e+01	-1.375398e+02
5.400000e-07	-2.754727e-06	-2.262922e-09	-1.958923e+01	-1.353677e+02
5.500000e-07	-2.665829e-06	-2.227896e-09	-1.895706e+01	-1.331900e+02
5.600000e-07	-2.575930e-06	-2.191358e-09	-1.831778e+01	-1.310035e+02
5.700000e-07	-2.484776e-06	-2.150307e-09	-1.766957e+01	-1.287900e+02
5.800000e-07	-2.392641e-06	-2.113691e-09	-1.701439e+01	-1.265238e+02
5.900000e-07	-2.299862e-06	-2.076226e-09	-1.635462e+01	-1.241807e+02
6.000000e-07	-2.206405e-06	-2.033774e-09	-1.569004e+01	-1.217473e+02
6.100000e-07	-2.112183e-06	-1.988805e-09	-1.502002e+01	-1.192271e+02
6.200000e-07	-2.017138e-06	-1.947425e-09	-1.434413e+01	-1.166390e+02
6.300000e-07	-1.921338e-06	-1.909899e-09	-1.366289e+01	-1.140106e+02
6.400000e-07	-1.824976e-06	-1.866817e-09	-1.297765e+01	-1.113684e+02
6.500000e-07	-1.728012e-06	-1.819642e-09	-1.228812e+01	-1.087271e+02
6.600000e-07	-1.630265e-06	-1.773586e-09	-1.159303e+01	-1.060842e+02
6.700000e-07	-1.531780e-06	-1.730856e-09	-1.089269e+01	-1.034203e+02
6.800000e-07	-1.432647e-06	-1.684556e-09	-1.018774e+01	-1.007060e+02
6.900000e-07	-1.332879e-06	-1.636822e-09	-9.478283e+00	-9.791301e+01
7.000000e-07	-1.232631e-06	-1.591432e-09	-8.765400e+00	-9.502488e+01
7.100000e-07	-1.132104e-06	-1.546428e-09	-8.050541e+00	-9.204356e+01
7.200000e-07	-1.031343e-06	-1.497100e-09	-7.334017e+00	-8.898907e+01
7.300000e-07	-9.303184e-07	-1.442591e-09	-6.615618e+00	-8.589234e+01
7.400000e-07	-8.289247e-07	-1.389922e-09	-5.894594e+00	-8.278375e+01
7.500000e-07	-7.271728e-07	-1.339957e-09	-5.171023e+00	-7.968159e+01
7.600000e-07	-6.252404e-07	-1.288009e-09	-4.446167e+00	-7.658492e+01
7.700000e-07	-5.231225e-07	-1.233730e-09	-3.719993e+00	-7.347356e+01
7.800000e-07	-4.207441e-07	-1.182722e-09	-2.991967e+00	-7.031530e+01
7.900000e-07	-3.181886e-07	-1.132736e-09	-2.262681e+00	-6.707774e+01
8.000000e-07	-2.156128e-07	-1.077247e-09	-1.533251e+00	-6.374026e+01
8.100000e-07	-1.129678e-07	-1.016364e-09	-8.033287e-01	-6.030165e+01
8.200000e-07	-1.017669e-08	-9.550983e-10	-7.236782e-02	-5.678037e+01
8.300000e-07	9.264442e-08	-8.979679e-10	6.588068e-01	-5.320745e+01
8.400000e-07	1.953664e-07	-8.407397e-10	1.389276e+00	-4.961464e+01
8.500000e-07	2.979621e-07	-7.793043e-10	2.118848e+00	-4.602240e+01
8.600000e-07	4.005015e-07	-7.183314e-10	2.848020e+00	-4.243235e+01
8.700000e-07	5.028964e-07	-6.620437e-10	3.576163e+00	-3.882716e+01
8.800000e-07	6.050138e-07	-6.027211e-10	4.302334e+00	-3.517792e+01
8.900000e-07	7.069144e-07	-5.365154e-10	5.026962e+00	-3.145613e+01
9.000000e-07	8.086389e-07	-4.708287e-10	5.750339e+00	-2.764579e+01
9.100000e-07	9.101070e-07	-4.086156e-10	6.471892e+00	-2.375070e+01
9.200000e-07	1.011195e-06	-3.441003e-10	7.190743e+00	-1.979423e+01
9.300000e-07	1.111915e-06	-2.741503e-10	7.906974e+00	-1.581148e+01
9.400000e-07	1.212389e-06	-2.069111e-10	8.621458e+00	-1.183685e+01
9.500000e-07	1.312592e-06	-1.443376e-10	9.334013e+00	-7.891721e+00
9.600000e-07	1.412301e-06	-8.116063e-11	1.004306e+01	-3.977054e+00
9.700000e-07	1.511328e-06	-1.469564e-11	1.074725e+01	-7.371669e-02
9.800000e-07	1.609614e-06	5.177667e-11	1.144618e+01	3.849627e+00
9.900000e-07	1.707130e-06	1.169088e-10	1.213963e+01	7.824104e+00
1.000000e-06	1.803978e-06	1.829708e-10	1.282833e+01	1.186855e+01
1.010000e-06	1.900222e-06	2.531251e-10	1.351273e+01	1.598241e+01
1.020000e-06	1.995816e-06	3.237611e-10	1.419251e+01	2.014644e+01
1.030000e-06	2.090724e-06	3.911341e-10	1.486742e+01	2.433071e+01
1.040000e-06	2.184903e-06	4.600238e-10	1.553713e+01	2.850693e+01
1.050000e-06	2.278358e-06	5.312516e-10	1.620171e+01	3.265994e+01
1.060000e-06	2.371144e-06	6.010958e-10	1.686152e+01	3.679407e+01
1.070000e-06	2.463229e-06	6.697915e-10	1.751635e+01	4.093151e+01
1.080000e-06	2.554402e-06	7.403818e-10	1.816469e+01	4.510353e+01
1.090000e-06	2.644462e-06	8.127937e-10	1.880512e+01	4.933778e+01
1.100000e-06	2.733404e-06	8.843908e-10	1.943760e+01	5.364667e+01
1.110000e-06	2.821383e-06	9.557816e-10	2.006323e+01	5.802147e+01
1.120000e-06	2.908429e-06	1.029724e-09	2.068223e+01	6.243432e+01
1.130000e-06	2.994485e-06	1.106702e-09	2.129418e+01	6.684759e+01
1.140000e-06	3.079544e-06	1.182460e-09	2.189905e+01	7.122669e+01
1.150000e-06	3.163659e-06	1.255241e-09	2.249720e+01	7.555162e+01
1.160000e-06	3.246702e-06	1.327361e-09	2.308773e+01	7.982250e+01
1.170000e-06	3.328509e-06	1.399702e-09	2.366947e+01	8.405695e+01
1.180000e-06	3.409123e-06	1.471428e-09	2.424272e+01	8.828037e+01
1.190000e-06	3.488497e-06	1.542033e-09	2.480716e+01	9.251281e+01
1.200000e-06	3.566567e-06	1.612869e-09	2.536233e+01	9.675759e+01
1.210000e-06	3.643379e-06	1.685884e-09	2.590855e+01	1.009962e+02
1.220000e-06	3.718874e-06	1.758766e-09	2.644541e+01	1.051917e+02
1.230000e-06	3.792792e-06	1.826892e-09	2.697105e+01	1.092988e+02
1.240000e-06	3.865104e-06	1.892481e-09	2.748527e+01	1.132783e+02
1.250000e-06	3.936099e-06	1.957282e-09	2.799012e+01	1.171086e+02
1.260000e-06	4.005779e-06	2.020138e-09	2.848563e+01	1.207917e+02
1.270000e-06	4.074190e-06	2.080479e-09	2.897211e+01	1.243500e+02
1.280000e-06	4.141155e-06	2.139965e-09	2.944830e+01	1.278162e+02
1.290000e-06	4.206386e-06	2.199080e-09	2.991217e+01	1.312196e+02
1.300000e-06	4.270108e-06	2.255861e-09	3.036531e+01	1.345739e+02
1.310000e-06	4.332472e-06	2.310933e-09	3.080878e+01	1.378712e+02
1.320000e-06	4.393534e-06	2.364845e-09	3.124301e+01	1.410845e+02
1.330000e-06	4.453211e-06	2.416505e-09	3.166737e+01	1.441770e+02
1.340000e-06	4.511128e-06	2.465794e-09	3.207923e+01	1.471156e+02
1.350000e-06	4.567209e-06	2.513055e-09	3.247803e+01	1.498824e+02
1.360000e-06	4.621657e-06	2.558598e-09	3.286522e+01	1.524810e+02
1.370000e-06	4.674376e-06	2.601074e-09	3.324011e+01	1.549348e+02
1.380000e-06	4.725094e-06	2.641030e-09	3.360077e+01	1.572782e+02
1.390000e-06	4.773797e-06	2.679810e-09	3.394710e+01	1.595441e+02
1.400000e-06	4.820708e-06	2.716815e-09	3.428069e+01	1.617529e+02
1.410000e-06	4.866027e-06	2.751912e-09	3.460297e+01	1.639065e+02
1.420000e-06	4.909721e-06	2.784556e-09	3.491368e+01	1.659888e+02
1.430000e-06	4.951489e-06	2.816696e-09	3.521069e+01	1.679739e+02
1.440000e-06	4.991457e-06	2.849727e-09	3.549491e+01	1.698367e+02
1.450000e-06	5.029813e-06	2.880667e-09	3.576767e+01	1.715631e+02
1.460000e-06	5.066516e-06	2.908927e-09	3.602867e+01	1.731554e+02
1.470000e-06	5.101341e-06	2.933908e-09	3.627631e+01	1.746317e+02
1.480000e-06	5.134179e-06	2.955622e-09	3.650983e+01	1.760187e+02
1.490000e-06	5.165284e-06	2.975798e-09	3.673102e+01	1.773428e+02
1.500000e-06	5.194781e-06	2.996460e-09	3.694077e+01	1.786204e+02
1.510000e-06	5.222536e-06	3.018769e-09	3.713815e+01	1.798534e+02
1.520000e-06	5.248243e-06	3.040513e-09	3.732096e+01	1.810298e+02
1.530000e-06	5.272004e-06	3.060595e-09	3.748992e+01	1.821298e+02
1.540000e-06	5.294005e-06	3.079440e-09	3.764638e+01	1.831340e+02
1.550000e-06	5.314256e-06	3.095220e-09	3.779038e+01	1.840313e+02
1.560000e-06	5.332651e-06	3.106814e-09	3.792119e+01	1.848232e+02
1.570000e-06	5.349048e-06	3.115208e-09	3.803779e+01	1.855231e+02
1.580000e-06	5.363481e-06	3.123194e-09	3.814043e+01	1.861509e+02
1.590000e-06	5.375884e-06	3.132988e-09	3.822863e+01	1.867260e+02
1.600000e-06	5.386083e-06	3.144137e-09	3.830115e+01	1.872608e+02
1.610000e-06	5.394238e-06	3.152951e-09	3.835915e+01	1.877571e+02
1.620000e-06	5.400588e-06	3.159616e-09	3.840430e+01	1.882075e+02
1.630000e-06	5.405174e-06	3.167327e-09	3.843691e+01	1.885993e+02
1.640000e-06	5.407802e-06	3.172866e-09	3.845560e+01	1.889215e+02
1.650000e-06	5.408421e-06	3.175897e-09	3.846000e+01	1.891695e+02
1.660000e-06	5.407269e-06	3.176821e-09	3.845180e+01	1.893477e+02
1.670000e-06	5.404432e-06	3.181337e-09	3.843163e+01	1.894682e+02
1.680000e-06	5.399855e-06	3.183660e-09	3.839909e+01	1.895461e+02
1.690000e-06	5.393362e-06	3.183415e-09	3.835291e+01	1.895941e+02
1.700000e-06	5.385112e-06	3.183161e-09	3.829425e+01	1.896182e+02
1.710000e-06	5.375360e-06	3.183957e-09	3.822490e+01	1.896157e+02
1.720000e-06	5.363905e-06	3.188488e-09	3.814344e+01	1.895775e+02
1.730000e-06	5.350461e-06	3.207413e-09	3.804784e+01	1.894922e+02
1.740000e-06	5.335010e-06	3.206568e-09	3.793796e+01	1.893510e+02
1.750000e-06	5.317313e-06	3.204910e-09	3.781212e+01	1.891517e+02
1.760000e-06	5.296879e-06	3.193206e-09	3.766681e+01	1.888993e+02
1.770000e-06	5.274027e-06	3.148986e-09	3.750431e+01	1.886035e+02
1.780000e-06	5.249677e-06	3.169867e-09	3.733115e+01	1.882744e+02
1.790000e-06	5.224407e-06	3.165388e-09	3.715145e+01	1.879170e+02
1.800000e-06	5.197757e-06	3.167742e-09	3.696194e+01	1.875283e+02
1.810000e-06	5.169006e-06	3.187564e-09	3.675749e+01	1.870969e+02
1.820000e-06	5.138526e-06	3.125508e-09	3.654074e+01	1.866065e+02
1.830000e-06	5.106337e-06	3.133625e-09	3.631184e+01	1.860418e+02
1.840000e-06	5.072180e-06	3.145435e-09	3.606894e+01	1.853939e+02
1.850000e-06	5.036448e-06	3.090327e-09	3.581485e+01	1.846654e+02
1.860000e-06	4.998859e-06	3.114948e-09	3.554755e+01	1.838702e+02
1.870000e-06	4.959386e-06	3.109951e-09	3.526685e+01	1.830308e+02
1.880000e-06	4.918292e-06	3.075699e-09	3.497463e+01	1.821711e+02
1.890000e-06	4.875427e-06	3.082043e-09	3.466981e+01	1.813100e+02
1.900000e-06	4.830968e-06	3.025613e-09	3.435365e+01	1.804546e+02
1.910000e-06	4.784689e-06	3.035443e-09	3.402456e+01	1.795983e+02
1.920000e-06	4.736412e-06	3.027849e-09	3.368125e+01	1.787229e+02
1.930000e-06	4.686539e-06	2.974097e-09	3.332660e+01	1.778046e+02
1.940000e-06	4.634924e-06	3.001741e-09	3.295956e+01	1.768215e+02
1.950000e-06	4.581337e-06	2.971705e-09	3.257849e+01	1.757608e+02
1.960000e-06	4.525878e-06	2.956045e-09	3.218412e+01	1.746230e+02
1.970000e-06	4.468663e-06	2.945643e-09	3.177726e+01	1.734210e+02
1.980000e-06	4.410020e-06	2.905238e-09	3.136024e+01	1.721759e+02
1.990000e-06	4.349820e-06	2.890306e-09	3.093215e+01	1.709091e+02
2.000000e-06	4.287930e-06	2.847397e-09	3.049204e+01	1.696349e+02
2.010000e-06	4.224482e-06	2.850952e-09	3.004085e+01	1.683554e+02
2.020000e-06	4.159545e-06	2.829119e-09	2.957908e+01	1.670596e+02
2.030000e-06	4.093245e-06	2.796917e-09	2.910761e+01	1.657274e+02
2.040000e-06	4.025415e-06	2.800133e-09	2.862526e+01	1.643367e+02
2.050000e-06	3.955999e-06	2.757011e-09	2.813163e+01	1.628712e+02
2.060000e-06	3.885170e-06	2.739120e-09	2.762796e+01	1.613266e+02
2.070000e-06	3.812946e-06	2.696429e-09	2.711436e+01	1.597121e+02
2.080000e-06	3.739308e-06	2.669720e-09	2.659072e+01	1.580476e+02
2.090000e-06	3.664221e-06	2.656097e-09	2.605677e+01	1.563565e+02
2.100000e-06	3.587658e-06	2.615511e-09	2.551231e+01	1.546571e+02
2.110000e-06	3.509541e-06	2.594486e-09	2.495681e+01	1.529559e+02
2.120000e-06	3.430026e-06	2.557643e-09	2.439137e+01	1.512445e+02
2.130000e-06	3.349321e-06	2.544117e-09	2.381746e+01	1.495026e+02
2.140000e-06	3.267530e-06	2.510440e-09	2.323584e+01	1.477042e+02
2.150000e-06	3.184745e-06	2.472449e-09	2.264714e+01	1.458275e+02
2.160000e-06	3.100845e-06	2.440662e-09	2.205052e+01	1.438618e+02
2.170000e-06	3.015742e-06	2.404608e-09	2.144534e+01	1.418120e+02
2.180000e-06	2.929337e-06	2.375412e-09	2.083090e+01	1.396969e+02
2.190000e-06	2.841824e-06	2.327983e-09	2.020859e+01	1.375416e+02
2.200000e-06	2.753392e-06	2.296052e-09	1.957974e+01	1.353693e+02
2.210000e-06	2.664104e-06	2.262040e-09	1.894480e+01	1.331915e+02
2.220000e-06	2.574008e-06	2.225501e-09	1.830411e+01	1.310044e+02
2.230000e-06	2.483023e-06	2.183277e-09	1.765711e+01	1.287897e+02
2.240000e-06	2.391233e-06	2.145642e-09	1.700438e+01	1.265212e+02
2.250000e-06	2.298625e-06	2.115667e-09	1.634583e+01	1.241750e+02
2.260000e-06	2.205151e-06	2.071217e-09	1.568112e+01	1.217385e+02
2.270000e-06	2.110681e-06	2.021116e-09	1.500933e+01	1.192155e+02
2.280000e-06	2.015343e-06	1.971660e-09	1.433137e+01	1.166255e+02
2.290000e-06	1.919419e-06	1.932027e-09	1.364925e+01	1.139963e+02
2.300000e-06	1.822860e-06	1.890580e-09	1.296260e+01	1.113540e+02
2.310000e-06	1.725628e-06	1.845277e-09	1.227117e+01	1.087129e+02
2.320000e-06	1.627777e-06	1.802388e-09	1.157534e+01	1.060698e+02
2.330000e-06	1.529470e-06	1.760175e-09	1.087627e+01	1.034047e+02
2.340000e-06	1.430694e-06	1.711782e-09	1.017386e+01	1.006881e+02
2.350000e-06	1.331333e-06	1.656029e-09	9.467287e+00	9.789195e+01
2.360000e-06	1.231560e-06	1.603093e-09	8.757790e+00	9.500042e+01
2.370000e-06	1.131565e-06	1.556908e-09	8.046710e+00	9.201612e+01
2.380000e-06	1.031276e-06	1.509151e-09	7.333539e+00	8.895963e+01
2.390000e-06	9.305410e-07	1.457877e-09	6.617201e+00	8.586207e+01
2.400000e-06	8.292518e-07	1.406159e-09	5.896919e+00	8.275357e+01
2.410000e-06	7.275881e-07	1.354380e-09	5.173975e+00	7.965182e+01
2.420000e-06	6.256212e-07	1.298482e-09	4.448875e+00	7.655515e+01
2.430000e-06	5.232098e-07	1.236377e-09	3.720614e+00	7.344279e+01
2.440000e-06	4.205323e-07	1.180186e-09	2.990461e+00	7.028229e+01
2.450000e-06	3.177758e-07	1.130617e-09	2.259746e+00	6.704149e+01
2.460000e-06	2.149336e-07	1.080036e-09	1.528422e+00	6.370037e+01
2.470000e-06	1.119229e-07	1.023962e-09	7.958988e-01	6.025846e+01
2.480000e-06	8.821279e-09	9.652093e-10	6.272929e-02	5.673484e+01
2.490000e-06	-9.414671e-08	9.062562e-10	-6.694898e-01	5.316077e+01
2.500000e-06	-1.970420e-07	8.419185e-10	-1.401192e+00	4.956780e+01
2.510000e-06	-2.999434e-07	7.741280e-10	-2.132937e+00	4.597581e+01
2.520000e-06	-4.027351e-07	7.089503e-10	-2.863903e+00	4.238569e+01
2.530000e-06	-5.053032e-07	6.502791e-10	-3.593278e+00	3.877954e+01
2.540000e-06	-6.075184e-07	5.936388e-10	-4.320144e+00	3.512823e+01
2.550000e-06	-7.094779e-07	5.320168e-10	-5.045192e+00	3.140353e+01
2.560000e-06	-8.111835e-07	4.668486e-10	-5.768433e+00	2.759004e+01
2.570000e-06	-9.124206e-07	4.015090e-10	-6.488344e+00	2.369233e+01
2.580000e-06	-1.013124e-06	3.338579e-10	-7.204457e+00	1.973436e+01
2.590000e-06	-1.113370e-06	2.634971e-10	-7.917321e+00	1.575144e+01
2.600000e-06	-1.213258e-06	1.938662e-10	-8.627642e+00	1.177767e+01
2.610000e-06	-1.312807e-06	1.274510e-10	-9.335544e+00	7.833820e+00
2.620000e-06	-1.411886e-06	6.329555e-11	-1.004011e+01	3.920066e+00
2.630000e-06	-1.510455e-06	-1.892736e-12	-1.074105e+01	1.666682e-02
2.640000e-06	-1.608583e-06	-6.916733e-11	-1.143885e+01	-3.907933e+00
2.650000e-06	-1.706184e-06	-1.373099e-10	-1.213290e+01	-7.884611e+00
2.660000e-06	-1.803189e-06	-2.061363e-10	-1.282271e+01	-1.193159e+01
2.670000e-06	-1.899587e-06	-2.763728e-10	-1.350822e+01	-1.604760e+01
2.680000e-06	-1.995481e-06	-3.475350e-10	-1.419013e+01	-2.021281e+01
2.690000e-06	-2.090858e-06	-4.185095e-10	-1.486837e+01	-2.439716e+01
2.700000e-06	-2.185493e-06	-4.895609e-10	-1.554133e+01	-2.857263e+01
2.710000e-06	-2.279176e-06	-5.623840e-10	-1.620752e+01	-3.272470e+01
2.720000e-06	-2.371831e-06	-6.336291e-10	-1.686640e+01	-3.685840e+01
2.730000e-06	-2.463541e-06	-7.002716e-10	-1.751857e+01	-4.099645e+01
2.740000e-06	-2.554398e-06	-7.678830e-10	-1.816467e+01	-4.517020e+01
2.750000e-06	-2.644359e-06	-8.400439e-10	-1.880439e+01	-4.940694e+01
2.760000e-06	-2.733333e-06	-9.151943e-10	-1.943710e+01	-5.371839e+01
2.770000e-06	-2.821421e-06	-9.905853e-10	-2.006350e+01	-5.809504e+01
2.780000e-06	-2.908681e-06	-1.064404e-09	-2.068402e+01	-6.250850e+01
2.790000e-06	-2.994889e-06	-1.138265e-09	-2.129706e+01	-6.692101e+01
2.800000e-06	-3.079848e-06	-1.212713e-09	-2.190121e+01	-7.129833e+01
2.810000e-06	-3.163648e-06	-1.284570e-09	-2.249712e+01	-7.562114e+01
2.820000e-06	-3.246415e-06	-1.353336e-09	-2.308569e+01	-7.989025e+01
2.830000e-06	-3.328071e-06	-1.423896e-09	-2.366635e+01	-8.412379e+01
2.840000e-06	-3.408617e-06	-1.496971e-09	-2.423913e+01	-8.834718e+01
2.850000e-06	-3.488094e-06	-1.568809e-09	-2.480430e+01	-9.258005e+01
2.860000e-06	-3.566209e-06	-1.638727e-09	-2.535978e+01	-9.682498e+01
2.870000e-06	-3.642747e-06	-1.709236e-09	-2.590406e+01	-1.010627e+02
2.880000e-06	-3.717799e-06	-1.781840e-09	-2.643776e+01	-1.052557e+02
2.890000e-06	-3.791483e-06	-1.853351e-09	-2.696174e+01	-1.093588e+02
2.900000e-06	-3.863903e-06	-1.920174e-09	-2.747673e+01	-1.133331e+02
2.910000e-06	-3.935029e-06	-1.984891e-09	-2.798252e+01	-1.171580e+02
2.920000e-06	-4.004610e-06	-2.047783e-09	-2.847731e+01	-1.208361e+02
2.930000e-06	-4.072661e-06	-2.105861e-09	-2.896123e+01	-1.243904e+02
2.940000e-06	-4.139338e-06	-2.162775e-09	-2.943538e+01	-1.278539e+02
2.950000e-06	-4.204617e-06	-2.221553e-09	-2.989959e+01	-1.312553e+02
2.960000e-06	-4.268516e-06	-2.278605e-09	-3.035399e+01	-1.346077e+02
2.970000e-06	-4.330881e-06	-2.333347e-09	-3.079747e+01	-1.379025e+02
2.980000e-06	-4.391526e-06	-2.386800e-09	-3.122872e+01	-1.411121e+02
2.990000e-06	-4.450533e-06	-2.438449e-09	-3.164833e+01	-1.441995e+02
3.000000e-06	-4.508061e-06	-2.488338e-09	-3.205742e+01	-1.471321e+02
3.010000e-06	-4.564158e-06	-2.535012e-09	-3.245633e+01	-1.498926e+02
3.020000e-06	-4.618550e-06	-2.576368e-09	-3.284312e+01	-1.524855e+02
3.030000e-06	-4.670996e-06	-2.616076e-09	-3.321607e+01	-1.549347e+02
3.040000e-06	-4.721620e-06	-2.655884e-09	-3.357607e+01	-1.572747e+02
3.050000e-06	-4.770310e-06	-2.692937e-09	-3.392231e+01	-1.595382e+02
3.060000e-06	-4.816976e-06	-2.728724e-09	-3.425416e+01	-1.617451e+02
3.070000e-06	-4.861941e-06	-2.764287e-09	-3.457391e+01	-1.638963e+02
3.080000e-06	-4.905378e-06	-2.799629e-09	-3.488280e+01	-1.659756e+02
3.090000e-06	-4.947305e-06	-2.835438e-09	-3.518094e+01	-1.679566e+02
3.100000e-06	-4.987722e-06	-2.868880e-09	-3.546835e+01	-1.698147e+02
3.110000e-06	-5.026449e-06	-2.898870e-09	-3.574374e+01	-1.715361e+02
3.120000e-06	-5.063264e-06	-2.924307e-09	-3.600554e+01	-1.731238e+02
3.130000e-06	-5.098199e-06	-2.948068e-09	-3.625397e+01	-1.745962e+02
3.140000e-06	-5.131389e-06	-2.971357e-09	-3.648999e+01	-1.759806e+02
3.150000e-06	-5.162825e-06	-2.992892e-09	-3.671353e+01	-1.773027e+02
3.160000e-06	-5.192311e-06	-3.014177e-09	-3.692321e+01	-1.785787e+02
3.170000e-06	-5.219874e-06	-3.033533e-09	-3.711922e+01	-1.798099e+02
3.180000e-06	-5.245613e-06	-3.052373e-09	-3.730225e+01	-1.809839e+02
3.190000e-06	-5.269616e-06	-3.072276e-09	-3.747294e+01	-1.820807e+02
3.200000e-06	-5.291705e-06	-3.088871e-09	-3.763002e+01	-1.830810e+02
3.210000e-06	-5.311823e-06	-3.103129e-09	-3.777308e+01	-1.839744e+02
3.220000e-06	-5.330179e-06	-3.117914e-09	-3.790361e+01	-1.847627e+02
3.230000e-06	-5.346759e-06	-3.131727e-09	-3.802151e+01	-1.854595e+02
3.240000e-06	-5.361318e-06	-3.144260e-09	-3.812504e+01	-1.860851e+02
3.250000e-06	-5.373662e-06	-3.154387e-09	-3.821283e+01	-1.866585e+02
3.260000e-06	-5.383981e-06	-3.161656e-09	-3.828621e+01	-1.871919e+02
3.270000e-06	-5.392491e-06	-3.169035e-09	-3.834672e+01	-1.876867e+02
3.280000e-06	-5.399057e-06	-3.178351e-09	-3.839341e+01	-1.881351e+02
3.290000e-06	-5.403568e-06	-3.186940e-09	-3.842549e+01	-1.885245e+02
3.300000e-06	-5.406273e-06	-3.192346e-09	-3.844473e+01	-1.888440e+02
3.310000e-06	-5.407212e-06	-3.195687e-09	-3.845141e+01	-1.890893e+02
