# Temperatura_=_31.17
# Concentracion g/m^3_=_11000.0
# C_Vs_to_Am_M_A/Vsm_=_59384043850.047264
# pendiente_HvsI_1/m_=_3716.3
# ordenada_HvsI_A/m_=_1297.0
# frecuencia_Hz_=_301223.31223665

Tiempo_(s)	Campo_(V.s)	Magnetizacion_(V.s)	Campo_(kA/m)	Magnetizacion_(A/m)
0.000000e+00	-5.420261e-06	-3.261954e-09	-3.844104e+01	-1.928997e+02
1.000000e-08	-5.417496e-06	-3.265347e-09	-3.842144e+01	-1.930671e+02
2.000000e-08	-5.412986e-06	-3.266060e-09	-3.838945e+01	-1.931754e+02
3.000000e-08	-5.406894e-06	-3.264874e-09	-3.834625e+01	-1.932254e+02
4.000000e-08	-5.399174e-06	-3.263834e-09	-3.829149e+01	-1.932269e+02
5.000000e-08	-5.389577e-06	-3.264906e-09	-3.822343e+01	-1.931962e+02
6.000000e-08	-5.377873e-06	-3.264142e-09	-3.814042e+01	-1.931497e+02
7.000000e-08	-5.364249e-06	-3.254003e-09	-3.804380e+01	-1.930966e+02
8.000000e-08	-5.348520e-06	-3.241412e-09	-3.793225e+01	-1.930341e+02
9.000000e-08	-5.330463e-06	-3.214043e-09	-3.780419e+01	-1.929457e+02
1.000000e-07	-5.310316e-06	-3.214983e-09	-3.766131e+01	-1.928049e+02
1.100000e-07	-5.288327e-06	-3.248328e-09	-3.750535e+01	-1.925830e+02
1.200000e-07	-5.264722e-06	-3.250910e-09	-3.733795e+01	-1.922578e+02
1.300000e-07	-5.239753e-06	-3.250163e-09	-3.716086e+01	-1.918206e+02
1.400000e-07	-5.213171e-06	-3.246237e-09	-3.697234e+01	-1.912788e+02
1.500000e-07	-5.184690e-06	-3.186814e-09	-3.677035e+01	-1.906537e+02
1.600000e-07	-5.154635e-06	-3.208821e-09	-3.655720e+01	-1.899737e+02
1.700000e-07	-5.122981e-06	-3.197447e-09	-3.633271e+01	-1.892652e+02
1.800000e-07	-5.089200e-06	-3.115663e-09	-3.609313e+01	-1.885462e+02
1.900000e-07	-5.053588e-06	-3.165906e-09	-3.584056e+01	-1.878216e+02
2.000000e-07	-5.016485e-06	-3.169429e-09	-3.557742e+01	-1.870853e+02
2.100000e-07	-4.977595e-06	-3.146703e-09	-3.530161e+01	-1.863241e+02
2.200000e-07	-4.936992e-06	-3.155470e-09	-3.501365e+01	-1.855248e+02
2.300000e-07	-4.894455e-06	-3.096712e-09	-3.471197e+01	-1.846790e+02
2.400000e-07	-4.849917e-06	-3.058128e-09	-3.439611e+01	-1.837860e+02
2.500000e-07	-4.803661e-06	-3.070234e-09	-3.406806e+01	-1.828514e+02
2.600000e-07	-4.755585e-06	-3.059535e-09	-3.372710e+01	-1.818831e+02
2.700000e-07	-4.705507e-06	-3.048539e-09	-3.337193e+01	-1.808866e+02
2.800000e-07	-4.653341e-06	-3.035857e-09	-3.300197e+01	-1.798621e+02
2.900000e-07	-4.599337e-06	-3.029402e-09	-3.261897e+01	-1.788039e+02
3.000000e-07	-4.543765e-06	-2.999323e-09	-3.222485e+01	-1.777028e+02
3.100000e-07	-4.486588e-06	-2.951486e-09	-3.181934e+01	-1.765503e+02
3.200000e-07	-4.427672e-06	-2.932245e-09	-3.140150e+01	-1.753423e+02
3.300000e-07	-4.367126e-06	-2.912275e-09	-3.097210e+01	-1.740812e+02
3.400000e-07	-4.305133e-06	-2.917121e-09	-3.053245e+01	-1.727746e+02
3.500000e-07	-4.241752e-06	-2.894107e-09	-3.008294e+01	-1.714320e+02
3.600000e-07	-4.176825e-06	-2.855312e-09	-2.962247e+01	-1.700605e+02
3.700000e-07	-4.110198e-06	-2.846279e-09	-2.914994e+01	-1.686619e+02
3.800000e-07	-4.042016e-06	-2.824563e-09	-2.866639e+01	-1.672317e+02
3.900000e-07	-3.972375e-06	-2.787345e-09	-2.817249e+01	-1.657614e+02
4.000000e-07	-3.901458e-06	-2.744694e-09	-2.766954e+01	-1.642425e+02
4.100000e-07	-3.829266e-06	-2.726105e-09	-2.715755e+01	-1.626705e+02
4.200000e-07	-3.755561e-06	-2.715320e-09	-2.663482e+01	-1.610473e+02
4.300000e-07	-3.680250e-06	-2.684638e-09	-2.610071e+01	-1.593804e+02
4.400000e-07	-3.603470e-06	-2.643593e-09	-2.555618e+01	-1.576795e+02
4.500000e-07	-3.525311e-06	-2.610282e-09	-2.500186e+01	-1.559519e+02
4.600000e-07	-3.445676e-06	-2.592491e-09	-2.443709e+01	-1.541984e+02
4.700000e-07	-3.364661e-06	-2.561566e-09	-2.386252e+01	-1.524122e+02
4.800000e-07	-3.282454e-06	-2.521002e-09	-2.327950e+01	-1.505807e+02
4.900000e-07	-3.199148e-06	-2.492670e-09	-2.268868e+01	-1.486903e+02
5.000000e-07	-3.114857e-06	-2.463557e-09	-2.209088e+01	-1.467313e+02
5.100000e-07	-3.029676e-06	-2.423602e-09	-2.148677e+01	-1.447022e+02
5.200000e-07	-2.943517e-06	-2.380400e-09	-2.087573e+01	-1.426103e+02
5.300000e-07	-2.856387e-06	-2.344784e-09	-2.025779e+01	-1.404685e+02
5.400000e-07	-2.768379e-06	-2.317144e-09	-1.963363e+01	-1.382898e+02
5.500000e-07	-2.679331e-06	-2.283279e-09	-1.900209e+01	-1.360815e+02
5.600000e-07	-2.589061e-06	-2.242001e-09	-1.836188e+01	-1.338415e+02
5.700000e-07	-2.497665e-06	-2.200356e-09	-1.771369e+01	-1.315581e+02
5.800000e-07	-2.405414e-06	-2.164499e-09	-1.705944e+01	-1.292147e+02
5.900000e-07	-2.312495e-06	-2.121370e-09	-1.640045e+01	-1.267954e+02
6.000000e-07	-2.218872e-06	-2.071743e-09	-1.573647e+01	-1.242921e+02
6.100000e-07	-2.124468e-06	-2.029669e-09	-1.506695e+01	-1.217081e+02
6.200000e-07	-2.029267e-06	-1.992227e-09	-1.439177e+01	-1.190574e+02
6.300000e-07	-1.933389e-06	-1.953805e-09	-1.371179e+01	-1.163601e+02
6.400000e-07	-1.836951e-06	-1.905944e-09	-1.302785e+01	-1.136352e+02
6.500000e-07	-1.739883e-06	-1.857840e-09	-1.233943e+01	-1.108942e+02
6.600000e-07	-1.641874e-06	-1.812614e-09	-1.164434e+01	-1.081368e+02
6.700000e-07	-1.543015e-06	-1.765968e-09	-1.094322e+01	-1.053516e+02
6.800000e-07	-1.443626e-06	-1.713378e-09	-1.023834e+01	-1.025213e+02
6.900000e-07	-1.343762e-06	-1.663700e-09	-9.530099e+00	-9.962962e+01
7.000000e-07	-1.243471e-06	-1.622556e-09	-8.818822e+00	-9.666768e+01
7.100000e-07	-1.142845e-06	-1.576504e-09	-8.105174e+00	-9.363767e+01
7.200000e-07	-1.041939e-06	-1.521893e-09	-7.389539e+00	-9.055163e+01
7.300000e-07	-9.406719e-07	-1.466232e-09	-6.671341e+00	-8.742648e+01
7.400000e-07	-8.389615e-07	-1.416147e-09	-5.950001e+00	-8.427696e+01
7.500000e-07	-7.368931e-07	-1.363396e-09	-5.226121e+00	-8.110943e+01
7.600000e-07	-6.346040e-07	-1.304191e-09	-4.500677e+00	-7.791892e+01
7.700000e-07	-5.321381e-07	-1.247888e-09	-3.773978e+00	-7.469059e+01
7.800000e-07	-4.294748e-07	-1.199018e-09	-3.045879e+00	-7.140500e+01
7.900000e-07	-3.266059e-07	-1.148748e-09	-2.316322e+00	-6.804503e+01
8.000000e-07	-2.236760e-07	-1.089500e-09	-1.586333e+00	-6.460188e+01
8.100000e-07	-1.207677e-07	-1.026286e-09	-8.564968e-01	-6.107787e+01
8.200000e-07	-1.775868e-08	-9.639932e-10	-1.259464e-01	-5.748506e+01
8.300000e-07	8.531926e-08	-9.035876e-10	6.050929e-01	-5.384050e+01
8.400000e-07	1.883450e-07	-8.402451e-10	1.335762e+00	-5.016006e+01
8.500000e-07	2.912844e-07	-7.763943e-10	2.065819e+00	-4.645323e+01
8.600000e-07	3.941303e-07	-7.168339e-10	2.795213e+00	-4.272091e+01
8.700000e-07	4.968223e-07	-6.589598e-10	3.523515e+00	-3.895670e+01
8.800000e-07	5.992759e-07	-5.955827e-10	4.250126e+00	-3.515103e+01
8.900000e-07	7.015055e-07	-5.277399e-10	4.975149e+00	-3.129613e+01
9.000000e-07	8.035358e-07	-4.625389e-10	5.698758e+00	-2.738993e+01
9.100000e-07	9.052380e-07	-3.972134e-10	6.420041e+00	-2.343725e+01
9.200000e-07	1.006528e-06	-3.288997e-10	7.138403e+00	-1.944812e+01
9.300000e-07	1.107471e-06	-2.572717e-10	7.854295e+00	-1.543408e+01
9.400000e-07	1.208080e-06	-1.887772e-10	8.567826e+00	-1.140418e+01
9.500000e-07	1.308397e-06	-1.226837e-10	9.279289e+00	-7.362363e+00
9.600000e-07	1.408337e-06	-5.503475e-11	9.988072e+00	-3.307171e+00
9.700000e-07	1.507773e-06	1.301746e-11	1.069328e+01	7.662946e-01
9.800000e-07	1.606653e-06	8.077494e-11	1.139455e+01	4.863267e+00
9.900000e-07	1.704830e-06	1.486095e-10	1.209083e+01	8.986582e+00
1.000000e-06	1.802126e-06	2.189674e-10	1.278086e+01	1.313558e+01
1.010000e-06	1.898576e-06	2.905099e-10	1.346489e+01	1.730706e+01
1.020000e-06	1.994390e-06	3.604056e-10	1.414442e+01	2.149782e+01
1.030000e-06	2.089607e-06	4.312161e-10	1.481970e+01	2.570731e+01
1.040000e-06	2.184062e-06	5.048161e-10	1.548959e+01	2.993928e+01
1.050000e-06	2.277705e-06	5.776068e-10	1.615371e+01	3.420122e+01
1.060000e-06	2.370641e-06	6.443390e-10	1.681283e+01	3.850188e+01
1.070000e-06	2.462931e-06	7.124444e-10	1.746736e+01	4.284771e+01
1.080000e-06	2.554502e-06	7.886556e-10	1.811679e+01	4.723977e+01
1.090000e-06	2.645080e-06	8.693709e-10	1.875917e+01	5.167243e+01
1.100000e-06	2.734382e-06	9.464524e-10	1.939252e+01	5.613446e+01
1.110000e-06	2.822566e-06	1.019704e-09	2.001793e+01	6.061218e+01
1.120000e-06	2.909807e-06	1.093358e-09	2.063665e+01	6.509324e+01
1.130000e-06	2.996044e-06	1.167582e-09	2.124825e+01	6.956968e+01
1.140000e-06	3.081308e-06	1.241693e-09	2.185295e+01	7.403881e+01
1.150000e-06	3.165676e-06	1.316527e-09	2.245130e+01	7.850160e+01
1.160000e-06	3.249077e-06	1.394503e-09	2.304279e+01	8.295930e+01
1.170000e-06	3.331254e-06	1.473434e-09	2.362559e+01	8.740966e+01
1.180000e-06	3.412159e-06	1.549022e-09	2.419938e+01	9.184437e+01
1.190000e-06	3.491812e-06	1.619662e-09	2.476429e+01	9.624882e+01
1.200000e-06	3.570171e-06	1.690286e-09	2.532002e+01	1.006043e+02
1.210000e-06	3.647271e-06	1.762646e-09	2.586682e+01	1.048915e+02
1.220000e-06	3.723122e-06	1.834329e-09	2.640477e+01	1.090951e+02
1.230000e-06	3.797406e-06	1.903566e-09	2.693159e+01	1.132052e+02
1.240000e-06	3.870038e-06	1.973236e-09	2.744670e+01	1.172184e+02
1.250000e-06	3.941304e-06	2.041714e-09	2.795213e+01	1.211356e+02
1.260000e-06	4.011212e-06	2.105898e-09	2.844793e+01	1.249584e+02
1.270000e-06	4.079803e-06	2.166791e-09	2.893438e+01	1.286865e+02
1.280000e-06	4.147053e-06	2.227906e-09	2.941132e+01	1.323160e+02
1.290000e-06	4.212649e-06	2.287806e-09	2.987654e+01	1.358398e+02
1.300000e-06	4.276617e-06	2.343619e-09	3.033020e+01	1.392494e+02
1.310000e-06	4.339172e-06	2.398043e-09	3.077385e+01	1.425377e+02
1.320000e-06	4.400366e-06	2.453459e-09	3.120785e+01	1.457010e+02
1.330000e-06	4.460237e-06	2.507743e-09	3.163246e+01	1.487393e+02
1.340000e-06	4.518403e-06	2.556695e-09	3.204498e+01	1.516554e+02
1.350000e-06	4.574787e-06	2.602176e-09	3.244486e+01	1.544521e+02
1.360000e-06	4.629588e-06	2.649310e-09	3.283351e+01	1.571311e+02
1.370000e-06	4.682652e-06	2.693978e-09	3.320985e+01	1.596912e+02
1.380000e-06	4.733650e-06	2.734274e-09	3.357153e+01	1.621294e+02
1.390000e-06	4.782555e-06	2.774110e-09	3.391837e+01	1.644434e+02
1.400000e-06	4.829692e-06	2.812490e-09	3.425267e+01	1.666333e+02
1.410000e-06	4.875174e-06	2.848091e-09	3.457524e+01	1.687039e+02
1.420000e-06	4.919115e-06	2.879884e-09	3.488687e+01	1.706636e+02
1.430000e-06	4.961205e-06	2.909869e-09	3.518537e+01	1.725232e+02
1.440000e-06	5.001381e-06	2.939853e-09	3.547030e+01	1.742920e+02
1.450000e-06	5.039973e-06	2.970265e-09	3.574400e+01	1.759754e+02
1.460000e-06	5.076908e-06	2.998603e-09	3.600595e+01	1.775733e+02
1.470000e-06	5.112004e-06	3.022746e-09	3.625485e+01	1.790812e+02
1.480000e-06	5.145174e-06	3.045943e-09	3.649010e+01	1.804929e+02
1.490000e-06	5.176520e-06	3.067528e-09	3.671241e+01	1.818046e+02
1.500000e-06	5.206148e-06	3.085605e-09	3.692254e+01	1.830175e+02
1.510000e-06	5.234135e-06	3.103140e-09	3.712102e+01	1.841387e+02
1.520000e-06	5.260134e-06	3.120374e-09	3.730541e+01	1.851796e+02
1.530000e-06	5.284042e-06	3.136630e-09	3.747497e+01	1.861521e+02
1.540000e-06	5.306187e-06	3.151918e-09	3.763202e+01	1.870645e+02
1.550000e-06	5.326684e-06	3.165791e-09	3.777739e+01	1.879185e+02
1.560000e-06	5.345382e-06	3.177576e-09	3.791000e+01	1.887096e+02
1.570000e-06	5.362022e-06	3.188260e-09	3.802801e+01	1.894293e+02
1.580000e-06	5.376665e-06	3.197971e-09	3.813186e+01	1.900697e+02
1.590000e-06	5.389350e-06	3.205216e-09	3.822182e+01	1.906280e+02
1.600000e-06	5.399843e-06	3.212134e-09	3.829624e+01	1.911086e+02
1.610000e-06	5.408212e-06	3.218488e-09	3.835559e+01	1.915232e+02
1.620000e-06	5.414707e-06	3.222965e-09	3.840165e+01	1.918864e+02
1.630000e-06	5.419426e-06	3.227620e-09	3.843512e+01	1.922112e+02
1.640000e-06	5.422210e-06	3.232355e-09	3.845486e+01	1.925043e+02
1.650000e-06	5.422934e-06	3.234985e-09	3.846000e+01	1.927639e+02
1.660000e-06	5.421806e-06	3.236551e-09	3.845200e+01	1.929818e+02
1.670000e-06	5.419044e-06	3.241710e-09	3.843241e+01	1.931473e+02
1.680000e-06	5.414620e-06	3.243701e-09	3.840104e+01	1.932536e+02
1.690000e-06	5.408282e-06	3.243381e-09	3.835609e+01	1.933017e+02
1.700000e-06	5.400179e-06	3.242374e-09	3.829862e+01	1.933018e+02
1.710000e-06	5.390537e-06	3.240931e-09	3.823024e+01	1.932704e+02
1.720000e-06	5.379152e-06	3.240606e-09	3.814950e+01	1.932236e+02
1.730000e-06	5.365756e-06	3.246799e-09	3.805449e+01	1.931705e+02
1.740000e-06	5.350396e-06	3.282181e-09	3.794556e+01	1.931075e+02
1.750000e-06	5.332836e-06	3.298211e-09	3.782101e+01	1.930177e+02
1.760000e-06	5.312593e-06	3.267103e-09	3.767745e+01	1.928746e+02
1.770000e-06	5.289855e-06	3.228292e-09	3.751619e+01	1.926495e+02
1.780000e-06	5.265465e-06	3.180293e-09	3.734321e+01	1.923204e+02
1.790000e-06	5.240194e-06	3.202265e-09	3.716399e+01	1.918793e+02
1.800000e-06	5.213647e-06	3.297567e-09	3.697572e+01	1.913342e+02
1.810000e-06	5.184981e-06	3.208843e-09	3.677242e+01	1.907068e+02
1.820000e-06	5.154484e-06	3.150082e-09	3.655613e+01	1.900254e+02
1.830000e-06	5.122354e-06	3.223497e-09	3.632826e+01	1.893165e+02
1.840000e-06	5.088265e-06	3.161921e-09	3.608650e+01	1.885973e+02
1.850000e-06	5.052492e-06	3.149242e-09	3.583279e+01	1.878726e+02
1.860000e-06	5.014880e-06	3.158083e-09	3.556604e+01	1.871357e+02
1.870000e-06	4.975419e-06	3.105402e-09	3.528618e+01	1.863734e+02
1.880000e-06	4.934372e-06	3.157047e-09	3.499507e+01	1.855726e+02
1.890000e-06	4.891514e-06	3.142955e-09	3.469112e+01	1.847252e+02
1.900000e-06	4.847082e-06	3.063489e-09	3.437600e+01	1.838308e+02
1.910000e-06	4.800860e-06	3.071168e-09	3.404819e+01	1.828949e+02
1.920000e-06	4.752521e-06	3.050848e-09	3.370536e+01	1.819256e+02
1.930000e-06	4.702619e-06	3.054496e-09	3.335146e+01	1.809282e+02
1.940000e-06	4.651030e-06	3.004921e-09	3.298558e+01	1.799028e+02
1.950000e-06	4.597445e-06	2.978807e-09	3.260555e+01	1.788433e+02
1.960000e-06	4.541962e-06	3.038800e-09	3.221206e+01	1.777406e+02
1.970000e-06	4.484708e-06	2.993705e-09	3.180600e+01	1.765862e+02
1.980000e-06	4.426097e-06	2.959718e-09	3.139033e+01	1.753764e+02
1.990000e-06	4.365940e-06	2.907135e-09	3.096370e+01	1.741136e+02
2.000000e-06	4.303986e-06	2.876897e-09	3.052431e+01	1.728056e+02
2.010000e-06	4.240457e-06	2.896109e-09	3.007375e+01	1.714620e+02
2.020000e-06	4.175461e-06	2.837546e-09	2.961280e+01	1.700897e+02
2.030000e-06	4.109059e-06	2.837957e-09	2.914187e+01	1.686901e+02
2.040000e-06	4.041166e-06	2.833194e-09	2.866036e+01	1.672587e+02
2.050000e-06	3.971678e-06	2.806578e-09	2.816755e+01	1.657869e+02
2.060000e-06	3.900594e-06	2.769721e-09	2.766341e+01	1.642662e+02
2.070000e-06	3.828148e-06	2.701393e-09	2.714962e+01	1.626924e+02
2.080000e-06	3.754419e-06	2.710491e-09	2.662672e+01	1.610676e+02
2.090000e-06	3.679231e-06	2.697520e-09	2.609348e+01	1.593995e+02
2.100000e-06	3.602594e-06	2.664388e-09	2.554996e+01	1.576976e+02
2.110000e-06	3.524385e-06	2.618175e-09	2.499530e+01	1.559692e+02
2.120000e-06	3.444758e-06	2.590086e-09	2.443058e+01	1.542147e+02
2.130000e-06	3.363922e-06	2.588980e-09	2.385728e+01	1.524273e+02
2.140000e-06	3.281967e-06	2.537856e-09	2.327605e+01	1.505940e+02
2.150000e-06	3.199034e-06	2.504665e-09	2.268787e+01	1.487014e+02
2.160000e-06	3.115014e-06	2.475001e-09	2.209200e+01	1.467399e+02
2.170000e-06	3.029778e-06	2.452754e-09	2.148750e+01	1.447085e+02
2.180000e-06	2.943227e-06	2.411821e-09	2.087367e+01	1.426147e+02
2.190000e-06	2.855592e-06	2.358785e-09	2.025215e+01	1.404715e+02
2.200000e-06	2.767063e-06	2.336891e-09	1.962429e+01	1.382917e+02
2.210000e-06	2.677617e-06	2.307121e-09	1.898994e+01	1.360825e+02
2.220000e-06	2.587286e-06	2.267652e-09	1.834930e+01	1.338412e+02
2.230000e-06	2.496111e-06	2.210996e-09	1.770267e+01	1.315561e+02
2.240000e-06	2.404138e-06	2.178496e-09	1.705040e+01	1.292103e+02
2.250000e-06	2.311297e-06	2.152092e-09	1.639196e+01	1.267882e+02
2.260000e-06	2.217598e-06	2.102842e-09	1.572743e+01	1.242820e+02
2.270000e-06	2.122901e-06	2.050712e-09	1.505583e+01	1.216954e+02
2.280000e-06	2.027317e-06	2.005453e-09	1.437794e+01	1.190428e+02
2.290000e-06	1.931166e-06	1.971672e-09	1.369603e+01	1.163442e+02
2.300000e-06	1.834466e-06	1.920046e-09	1.301022e+01	1.136188e+02
2.310000e-06	1.737042e-06	1.864454e-09	1.231928e+01	1.108774e+02
2.320000e-06	1.638892e-06	1.822033e-09	1.162319e+01	1.081193e+02
2.330000e-06	1.540337e-06	1.783634e-09	1.092423e+01	1.053329e+02
2.340000e-06	1.441363e-06	1.731368e-09	1.022229e+01	1.025008e+02
2.350000e-06	1.341868e-06	1.669649e-09	9.516664e+00	9.960677e+01
2.360000e-06	1.242006e-06	1.620354e-09	8.808433e+00	9.664239e+01
2.370000e-06	1.141856e-06	1.577908e-09	8.098158e+00	9.361021e+01
2.380000e-06	1.041346e-06	1.526292e-09	7.385334e+00	9.052257e+01
2.390000e-06	9.402968e-07	1.469305e-09	6.668681e+00	8.739643e+01
2.400000e-06	8.385853e-07	1.419981e-09	5.947333e+00	8.424632e+01
2.410000e-06	7.364836e-07	1.372300e-09	5.223217e+00	8.107821e+01
2.420000e-06	6.341384e-07	1.313550e-09	4.497374e+00	7.788675e+01
2.430000e-06	5.314592e-07	1.245808e-09	3.769163e+00	7.465681e+01
2.440000e-06	4.285105e-07	1.188515e-09	3.039040e+00	7.136891e+01
2.450000e-06	3.254607e-07	1.140276e-09	2.308200e+00	6.800616e+01
2.460000e-06	2.223909e-07	1.088263e-09	1.577219e+00	6.456011e+01
2.470000e-06	1.191556e-07	1.028415e-09	8.450634e-01	6.103349e+01
2.480000e-06	1.584177e-08	9.686838e-10	1.123514e-01	5.743862e+01
2.490000e-06	-8.737040e-08	9.124375e-10	-6.196398e-01	5.379262e+01
2.500000e-06	-1.905233e-07	8.461415e-10	-1.351211e+00	5.011122e+01
2.510000e-06	-2.936508e-07	7.725921e-10	-2.082601e+00	4.640361e+01
2.520000e-06	-3.967542e-07	7.037515e-10	-2.813821e+00	4.267039e+01
2.530000e-06	-4.996176e-07	6.453381e-10	-3.543339e+00	3.890496e+01
2.540000e-06	-6.021736e-07	5.882042e-10	-4.270677e+00	3.509774e+01
2.550000e-06	-7.045089e-07	5.241315e-10	-4.996449e+00	3.124109e+01
2.560000e-06	-8.065666e-07	4.584409e-10	-5.720253e+00	2.733321e+01
2.570000e-06	-9.082070e-07	3.934421e-10	-6.441097e+00	2.337912e+01
2.580000e-06	-1.009309e-06	3.252525e-10	-7.158120e+00	1.938900e+01
2.590000e-06	-1.109861e-06	2.516643e-10	-7.871249e+00	1.537436e+01
2.600000e-06	-1.209965e-06	1.806992e-10	-8.581195e+00	1.134410e+01
2.610000e-06	-1.309700e-06	1.165068e-10	-9.288526e+00	7.301949e+00
2.620000e-06	-1.409006e-06	5.203498e-11	-9.992817e+00	3.246294e+00
2.630000e-06	-1.507884e-06	-1.602297e-11	-1.069407e+01	-8.278339e-01
2.640000e-06	-1.606334e-06	-8.597203e-11	-1.139229e+01	-4.925623e+00
2.650000e-06	-1.704262e-06	-1.549326e-10	-1.208680e+01	-9.049793e+00
2.660000e-06	-1.801541e-06	-2.239516e-10	-1.277672e+01	-1.319956e+01
2.670000e-06	-1.898210e-06	-2.957211e-10	-1.346230e+01	-1.737169e+01
2.680000e-06	-1.994315e-06	-3.685140e-10	-1.414388e+01	-2.156300e+01
2.690000e-06	-2.089872e-06	-4.392390e-10	-1.482159e+01	-2.577311e+01
2.700000e-06	-2.184851e-06	-5.092974e-10	-1.549519e+01	-3.000591e+01
2.710000e-06	-2.278977e-06	-5.821584e-10	-1.616274e+01	-3.426899e+01
2.720000e-06	-2.371992e-06	-6.561532e-10	-1.682241e+01	-3.857108e+01
2.730000e-06	-2.463972e-06	-7.277283e-10	-1.747474e+01	-4.291849e+01
2.740000e-06	-2.555113e-06	-7.982652e-10	-1.812112e+01	-4.731204e+01
2.750000e-06	-2.645332e-06	-8.724711e-10	-1.876096e+01	-5.174587e+01
2.760000e-06	-2.734575e-06	-9.503693e-10	-1.939389e+01	-5.620861e+01
2.770000e-06	-2.822940e-06	-1.026716e-09	-2.002058e+01	-6.068655e+01
2.780000e-06	-2.910448e-06	-1.099088e-09	-2.064119e+01	-6.516745e+01
2.790000e-06	-2.997000e-06	-1.173405e-09	-2.125503e+01	-6.964356e+01
2.800000e-06	-3.082268e-06	-1.251178e-09	-2.185976e+01	-7.411234e+01
2.810000e-06	-3.166274e-06	-1.327658e-09	-2.245554e+01	-7.857484e+01
2.820000e-06	-3.249229e-06	-1.400735e-09	-2.304386e+01	-8.303225e+01
2.830000e-06	-3.331138e-06	-1.474351e-09	-2.362477e+01	-8.748214e+01
2.840000e-06	-3.411968e-06	-1.550638e-09	-2.419802e+01	-9.191596e+01
2.850000e-06	-3.491696e-06	-1.625694e-09	-2.476347e+01	-9.631891e+01
2.860000e-06	-3.570090e-06	-1.697365e-09	-2.531944e+01	-1.006721e+02
2.870000e-06	-3.646866e-06	-1.767487e-09	-2.586395e+01	-1.049566e+02
2.880000e-06	-3.722174e-06	-1.838952e-09	-2.639804e+01	-1.091568e+02
2.890000e-06	-3.796185e-06	-1.911630e-09	-2.692293e+01	-1.132634e+02
2.900000e-06	-3.868900e-06	-1.981245e-09	-2.743863e+01	-1.172731e+02
2.910000e-06	-3.940339e-06	-2.046663e-09	-2.794529e+01	-1.211867e+02
2.920000e-06	-4.010289e-06	-2.111182e-09	-2.844138e+01	-1.250061e+02
2.930000e-06	-4.078568e-06	-2.173632e-09	-2.892562e+01	-1.287307e+02
2.940000e-06	-4.145428e-06	-2.232542e-09	-2.939980e+01	-1.323565e+02
2.950000e-06	-4.210962e-06	-2.290191e-09	-2.986457e+01	-1.358762e+02
2.960000e-06	-4.275142e-06	-2.346394e-09	-3.031974e+01	-1.392815e+02
2.970000e-06	-4.337823e-06	-2.401472e-09	-3.076428e+01	-1.425653e+02
2.980000e-06	-4.398716e-06	-2.456973e-09	-3.119614e+01	-1.457240e+02
2.990000e-06	-4.457903e-06	-2.510954e-09	-3.161590e+01	-1.487578e+02
3.000000e-06	-4.515650e-06	-2.559957e-09	-3.202545e+01	-1.516694e+02
3.010000e-06	-4.571973e-06	-2.605859e-09	-3.242490e+01	-1.544619e+02
3.020000e-06	-4.626640e-06	-2.649319e-09	-3.281260e+01	-1.571366e+02
3.030000e-06	-4.679349e-06	-2.689064e-09	-3.318642e+01	-1.596922e+02
3.040000e-06	-4.730137e-06	-2.728338e-09	-3.354662e+01	-1.621260e+02
3.050000e-06	-4.779018e-06	-2.766879e-09	-3.389328e+01	-1.644354e+02
3.060000e-06	-4.825896e-06	-2.804516e-09	-3.422575e+01	-1.666209e+02
3.070000e-06	-4.871078e-06	-2.840559e-09	-3.454618e+01	-1.686872e+02
3.080000e-06	-4.914772e-06	-2.875163e-09	-3.485606e+01	-1.706431e+02
3.090000e-06	-4.956979e-06	-2.908252e-09	-3.515540e+01	-1.724992e+02
3.100000e-06	-4.997641e-06	-2.938094e-09	-3.544378e+01	-1.742648e+02
3.110000e-06	-5.036504e-06	-2.966173e-09	-3.571940e+01	-1.759451e+02
3.120000e-06	-5.073431e-06	-2.992336e-09	-3.598129e+01	-1.775398e+02
3.130000e-06	-5.108502e-06	-3.017207e-09	-3.623002e+01	-1.790442e+02
3.140000e-06	-5.141859e-06	-3.040649e-09	-3.646659e+01	-1.804523e+02
3.150000e-06	-5.173574e-06	-3.061603e-09	-3.669151e+01	-1.817604e+02
3.160000e-06	-5.203352e-06	-3.080801e-09	-3.690271e+01	-1.829697e+02
3.170000e-06	-5.231209e-06	-3.102117e-09	-3.710027e+01	-1.840878e+02
3.180000e-06	-5.257313e-06	-3.123931e-09	-3.728540e+01	-1.851259e+02
3.190000e-06	-5.281598e-06	-3.143863e-09	-3.745763e+01	-1.860961e+02
3.200000e-06	-5.303881e-06	-3.159422e-09	-3.761567e+01	-1.870062e+02
3.210000e-06	-5.324148e-06	-3.170321e-09	-3.775940e+01	-1.878581e+02
3.220000e-06	-5.342610e-06	-3.181667e-09	-3.789034e+01	-1.886467e+02
3.230000e-06	-5.359352e-06	-3.193319e-09	-3.800907e+01	-1.893636e+02
3.240000e-06	-5.374133e-06	-3.205392e-09	-3.811390e+01	-1.900010e+02
3.250000e-06	-5.386693e-06	-3.217761e-09	-3.820298e+01	-1.905562e+02
3.260000e-06	-5.397199e-06	-3.229872e-09	-3.827749e+01	-1.910342e+02
3.270000e-06	-5.405900e-06	-3.239528e-09	-3.833919e+01	-1.914466e+02
3.280000e-06	-5.412632e-06	-3.247479e-09	-3.838694e+01	-1.918081e+02
3.290000e-06	-5.417254e-06	-3.252702e-09	-3.841972e+01	-1.921317e+02
3.300000e-06	-5.420056e-06	-3.254336e-09	-3.843959e+01	-1.924235e+02
3.310000e-06	-5.421086e-06	-3.256309e-09	-3.844690e+01	-1.926817e+02
