# Temperatura_=_63.3
# Concentracion g/m^3_=_22500.0
# C_Vs_to_Am_M_A/Vsm_=_59384043850.047264
# pendiente_HvsI_1/m_=_3716.3
# ordenada_HvsI_A/m_=_1297.0
# frecuencia_Hz_=_301156.1330829318

Tiempo_(s)	Campo_(V.s)	Magnetizacion_(V.s)	Campo_(kA/m)	Magnetizacion_(A/m)
0.000000e+00	-5.374236e-06	-2.101648e-08	-3.823648e+01	-1.246979e+03
1.000000e-08	-5.372100e-06	-2.100494e-08	-3.822129e+01	-1.246607e+03
2.000000e-08	-5.368032e-06	-2.099363e-08	-3.819235e+01	-1.246090e+03
3.000000e-08	-5.362365e-06	-2.098238e-08	-3.815203e+01	-1.245412e+03
4.000000e-08	-5.355156e-06	-2.096936e-08	-3.810073e+01	-1.244543e+03
5.000000e-08	-5.346251e-06	-2.095267e-08	-3.803738e+01	-1.243450e+03
6.000000e-08	-5.335284e-06	-2.093718e-08	-3.795935e+01	-1.242114e+03
7.000000e-08	-5.322262e-06	-2.092953e-08	-3.786670e+01	-1.240541e+03
8.000000e-08	-5.307210e-06	-2.088065e-08	-3.775961e+01	-1.238761e+03
9.000000e-08	-5.289738e-06	-2.078357e-08	-3.763530e+01	-1.236829e+03
1.000000e-07	-5.270014e-06	-2.076384e-08	-3.749497e+01	-1.234804e+03
1.100000e-07	-5.248494e-06	-2.076953e-08	-3.734186e+01	-1.232734e+03
1.200000e-07	-5.225338e-06	-2.075127e-08	-3.717711e+01	-1.230639e+03
1.300000e-07	-5.200881e-06	-2.077152e-08	-3.700311e+01	-1.228503e+03
1.400000e-07	-5.175022e-06	-2.062346e-08	-3.681913e+01	-1.226273e+03
1.500000e-07	-5.147223e-06	-2.052612e-08	-3.662134e+01	-1.223879e+03
1.600000e-07	-5.117696e-06	-2.063546e-08	-3.641126e+01	-1.221250e+03
1.700000e-07	-5.086659e-06	-2.047370e-08	-3.619044e+01	-1.218334e+03
1.800000e-07	-5.053667e-06	-2.034436e-08	-3.595571e+01	-1.215115e+03
1.900000e-07	-5.018680e-06	-2.037658e-08	-3.570679e+01	-1.211610e+03
2.000000e-07	-4.982112e-06	-2.026871e-08	-3.544661e+01	-1.207866e+03
2.100000e-07	-4.943860e-06	-2.029129e-08	-3.517446e+01	-1.203937e+03
2.200000e-07	-4.903852e-06	-2.023124e-08	-3.488981e+01	-1.199870e+03
2.300000e-07	-4.862062e-06	-2.003599e-08	-3.459248e+01	-1.195688e+03
2.400000e-07	-4.818271e-06	-2.001906e-08	-3.428092e+01	-1.191389e+03
2.500000e-07	-4.772648e-06	-1.997383e-08	-3.395633e+01	-1.186946e+03
2.600000e-07	-4.725285e-06	-1.990109e-08	-3.361934e+01	-1.182326e+03
2.700000e-07	-4.676081e-06	-1.980970e-08	-3.326927e+01	-1.177500e+03
2.800000e-07	-4.624863e-06	-1.968268e-08	-3.290486e+01	-1.172456e+03
2.900000e-07	-4.571651e-06	-1.967546e-08	-3.252627e+01	-1.167200e+03
3.000000e-07	-4.516765e-06	-1.961343e-08	-3.213577e+01	-1.161757e+03
3.100000e-07	-4.460378e-06	-1.945457e-08	-3.173459e+01	-1.156155e+03
3.200000e-07	-4.402316e-06	-1.932466e-08	-3.132150e+01	-1.150413e+03
3.300000e-07	-4.342511e-06	-1.926952e-08	-3.089599e+01	-1.144538e+03
3.400000e-07	-4.281264e-06	-1.920755e-08	-3.046024e+01	-1.138516e+03
3.500000e-07	-4.218673e-06	-1.904653e-08	-3.001491e+01	-1.132319e+03
3.600000e-07	-4.154647e-06	-1.892917e-08	-2.955938e+01	-1.125915e+03
3.700000e-07	-4.089010e-06	-1.884691e-08	-2.909239e+01	-1.119276e+03
3.800000e-07	-4.021643e-06	-1.874381e-08	-2.861309e+01	-1.112387e+03
3.900000e-07	-3.952744e-06	-1.861590e-08	-2.812289e+01	-1.105247e+03
4.000000e-07	-3.882573e-06	-1.844949e-08	-2.762364e+01	-1.097869e+03
4.100000e-07	-3.811199e-06	-1.834814e-08	-2.711582e+01	-1.090269e+03
4.200000e-07	-3.738439e-06	-1.825212e-08	-2.659815e+01	-1.082464e+03
4.300000e-07	-3.664033e-06	-1.810322e-08	-2.606877e+01	-1.074461e+03
4.400000e-07	-3.588025e-06	-1.792708e-08	-2.552799e+01	-1.066262e+03
4.500000e-07	-3.510618e-06	-1.778242e-08	-2.497726e+01	-1.057859e+03
4.600000e-07	-3.431790e-06	-1.767666e-08	-2.441642e+01	-1.049244e+03
4.700000e-07	-3.351544e-06	-1.752365e-08	-2.384549e+01	-1.040408e+03
4.800000e-07	-3.270048e-06	-1.734887e-08	-2.326566e+01	-1.031345e+03
4.900000e-07	-3.187415e-06	-1.719064e-08	-2.267774e+01	-1.022054e+03
5.000000e-07	-3.103740e-06	-1.705300e-08	-2.208242e+01	-1.012533e+03
5.100000e-07	-3.019182e-06	-1.689196e-08	-2.148080e+01	-1.002783e+03
5.200000e-07	-2.933787e-06	-1.669771e-08	-2.087324e+01	-9.928018e+02
5.300000e-07	-2.847388e-06	-1.652028e-08	-2.025853e+01	-9.825864e+02
5.400000e-07	-2.759997e-06	-1.636397e-08	-1.963676e+01	-9.721365e+02
5.500000e-07	-2.671780e-06	-1.619415e-08	-1.900912e+01	-9.614542e+02
5.600000e-07	-2.582623e-06	-1.599440e-08	-1.837479e+01	-9.505448e+02
5.700000e-07	-2.492313e-06	-1.580006e-08	-1.773225e+01	-9.394153e+02
5.800000e-07	-2.400908e-06	-1.562582e-08	-1.708192e+01	-9.280702e+02
5.900000e-07	-2.308670e-06	-1.543874e-08	-1.642567e+01	-9.165085e+02
6.000000e-07	-2.215746e-06	-1.522399e-08	-1.576454e+01	-9.047214e+02
6.100000e-07	-2.122136e-06	-1.500918e-08	-1.509852e+01	-8.926926e+02
6.200000e-07	-2.027758e-06	-1.481348e-08	-1.442705e+01	-8.804027e+02
6.300000e-07	-1.932652e-06	-1.461578e-08	-1.375038e+01	-8.678346e+02
6.400000e-07	-1.836967e-06	-1.439455e-08	-1.306961e+01	-8.549789e+02
6.500000e-07	-1.740699e-06	-1.416698e-08	-1.238468e+01	-8.418369e+02
6.600000e-07	-1.643699e-06	-1.394910e-08	-1.169455e+01	-8.284187e+02
6.700000e-07	-1.545884e-06	-1.372642e-08	-1.099862e+01	-8.147389e+02
6.800000e-07	-1.447345e-06	-1.348413e-08	-1.029754e+01	-8.008090e+02
6.900000e-07	-1.348239e-06	-1.323653e-08	-9.592422e+00	-7.866304e+02
7.000000e-07	-1.248676e-06	-1.300254e-08	-8.884049e+00	-7.721917e+02
7.100000e-07	-1.148659e-06	-1.276705e-08	-8.172450e+00	-7.574692e+02
7.200000e-07	-1.048246e-06	-1.251276e-08	-7.458033e+00	-7.424330e+02
7.300000e-07	-9.475420e-07	-1.224502e-08	-6.741549e+00	-7.270542e+02
7.400000e-07	-8.465834e-07	-1.198082e-08	-6.023251e+00	-7.113124e+02
7.500000e-07	-7.453492e-07	-1.171664e-08	-5.302993e+00	-6.951984e+02
7.600000e-07	-6.438390e-07	-1.143659e-08	-4.580771e+00	-6.787122e+02
7.700000e-07	-5.420938e-07	-1.114646e-08	-3.856876e+00	-6.618567e+02
7.800000e-07	-4.401282e-07	-1.085873e-08	-3.131413e+00	-6.446276e+02
7.900000e-07	-3.380270e-07	-1.057260e-08	-2.404986e+00	-6.270055e+02
8.000000e-07	-2.358060e-07	-1.027044e-08	-1.677707e+00	-6.089495e+02
8.100000e-07	-1.334657e-07	-9.949642e-09	-9.495788e-01	-5.903976e+02
8.200000e-07	-3.109596e-08	-9.623207e-09	-2.212408e-01	-5.712704e+02
8.300000e-07	7.124989e-08	-9.294867e-09	5.069270e-01	-5.514788e+02
8.400000e-07	1.735558e-07	-8.952738e-09	1.234810e+00	-5.309325e+02
8.500000e-07	2.758248e-07	-8.587979e-09	1.962432e+00	-5.095460e+02
8.600000e-07	3.780018e-07	-8.210469e-09	2.689398e+00	-4.872424e+02
8.700000e-07	4.800361e-07	-7.824821e-09	3.415350e+00	-4.639541e+02
8.800000e-07	5.819299e-07	-7.418109e-09	4.140301e+00	-4.396203e+02
8.900000e-07	6.836393e-07	-6.982550e-09	4.863941e+00	-4.141824e+02
9.000000e-07	7.850900e-07	-6.528854e-09	5.585740e+00	-3.875784e+02
9.100000e-07	8.862581e-07	-6.063998e-09	6.305528e+00	-3.597348e+02
9.200000e-07	9.871312e-07	-5.578504e-09	7.023218e+00	-3.305569e+02
9.300000e-07	1.087665e-06	-5.058270e-09	7.738494e+00	-2.999183e+02
9.400000e-07	1.187834e-06	-4.507412e-09	8.451170e+00	-2.676506e+02
9.500000e-07	1.287654e-06	-3.932197e-09	9.161367e+00	-2.335390e+02
9.600000e-07	1.387063e-06	-3.324460e-09	9.868646e+00	-1.973266e+02
9.700000e-07	1.485922e-06	-2.670843e-09	1.057201e+01	-1.587330e+02
9.800000e-07	1.584104e-06	-1.969474e-09	1.127055e+01	-1.174874e+02
9.900000e-07	1.681534e-06	-1.225615e-09	1.196374e+01	-7.337437e+01
1.000000e-06	1.778251e-06	-4.313159e-10	1.265186e+01	-2.628615e+01
1.010000e-06	1.874361e-06	4.182434e-10	1.333566e+01	2.373043e+01
1.020000e-06	1.969858e-06	1.314475e-09	1.401510e+01	7.644203e+01
1.030000e-06	2.064681e-06	2.242585e-09	1.468975e+01	1.314216e+02
1.040000e-06	2.158833e-06	3.194875e-09	1.535961e+01	1.880701e+02
1.050000e-06	2.252298e-06	4.167197e-09	1.602459e+01	2.456649e+02
1.060000e-06	2.345077e-06	5.143647e-09	1.668470e+01	3.034262e+02
1.070000e-06	2.437143e-06	6.106792e-09	1.733973e+01	3.605891e+02
1.080000e-06	2.528350e-06	7.044152e-09	1.798865e+01	4.164681e+02
1.090000e-06	2.618470e-06	7.953352e-09	1.862983e+01	4.705026e+02
1.100000e-06	2.707415e-06	8.828124e-09	1.926265e+01	5.222783e+02
1.110000e-06	2.795373e-06	9.657710e-09	1.988845e+01	5.715254e+02
1.120000e-06	2.882432e-06	1.043651e-08	2.050786e+01	6.180980e+02
1.130000e-06	2.968541e-06	1.116725e-08	2.112050e+01	6.619459e+02
1.140000e-06	3.053710e-06	1.185596e-08	2.172647e+01	7.030847e+02
1.150000e-06	3.137910e-06	1.250249e-08	2.232553e+01	7.415731e+02
1.160000e-06	3.221073e-06	1.310687e-08	2.291722e+01	7.774984e+02
1.170000e-06	3.303037e-06	1.367153e-08	2.350037e+01	8.109689e+02
1.180000e-06	3.383802e-06	1.419904e-08	2.407499e+01	8.421114e+02
1.190000e-06	3.463355e-06	1.468512e-08	2.464100e+01	8.710680e+02
1.200000e-06	3.541614e-06	1.513174e-08	2.519779e+01	8.979916e+02
1.210000e-06	3.618671e-06	1.554548e-08	2.574603e+01	9.230383e+02
1.220000e-06	3.694423e-06	1.593403e-08	2.628500e+01	9.463592e+02
1.230000e-06	3.768561e-06	1.629808e-08	2.681247e+01	9.680936e+02
1.240000e-06	3.841126e-06	1.663784e-08	2.732875e+01	9.883655e+02
1.250000e-06	3.912387e-06	1.695708e-08	2.783576e+01	1.007284e+03
1.260000e-06	3.982331e-06	1.725498e-08	2.833339e+01	1.024948e+03
1.270000e-06	4.050937e-06	1.753105e-08	2.882151e+01	1.041450e+03
1.280000e-06	4.118150e-06	1.778746e-08	2.929972e+01	1.056879e+03
1.290000e-06	4.183736e-06	1.802727e-08	2.976634e+01	1.071322e+03
1.300000e-06	4.247742e-06	1.825461e-08	3.022173e+01	1.084862e+03
1.310000e-06	4.310333e-06	1.847047e-08	3.066705e+01	1.097574e+03
1.320000e-06	4.371546e-06	1.867178e-08	3.110257e+01	1.109521e+03
1.330000e-06	4.431437e-06	1.885971e-08	3.152869e+01	1.120753e+03
1.340000e-06	4.489715e-06	1.903599e-08	3.194332e+01	1.131308e+03
1.350000e-06	4.546167e-06	1.920080e-08	3.234496e+01	1.141216e+03
1.360000e-06	4.600973e-06	1.935468e-08	3.273489e+01	1.150506e+03
1.370000e-06	4.654106e-06	1.949801e-08	3.311292e+01	1.159205e+03
1.380000e-06	4.705316e-06	1.963392e-08	3.347727e+01	1.167343e+03
1.390000e-06	4.754500e-06	1.976399e-08	3.382720e+01	1.174952e+03
1.400000e-06	4.801859e-06	1.988567e-08	3.416415e+01	1.182064e+03
1.410000e-06	4.847600e-06	1.999848e-08	3.448959e+01	1.188709e+03
1.420000e-06	4.891824e-06	2.010260e-08	3.480424e+01	1.194916e+03
1.430000e-06	4.934261e-06	2.019763e-08	3.510617e+01	1.200709e+03
1.440000e-06	4.974736e-06	2.028623e-08	3.539413e+01	1.206114e+03
1.450000e-06	5.013553e-06	2.037101e-08	3.567031e+01	1.211155e+03
1.460000e-06	5.050791e-06	2.045065e-08	3.593525e+01	1.215858e+03
1.470000e-06	5.086264e-06	2.052699e-08	3.618763e+01	1.220248e+03
1.480000e-06	5.119802e-06	2.059992e-08	3.642625e+01	1.224343e+03
1.490000e-06	5.151490e-06	2.066637e-08	3.665170e+01	1.228157e+03
1.500000e-06	5.181499e-06	2.072563e-08	3.686520e+01	1.231695e+03
1.510000e-06	5.209845e-06	2.077881e-08	3.706688e+01	1.234955e+03
1.520000e-06	5.236263e-06	2.082883e-08	3.725484e+01	1.237935e+03
1.530000e-06	5.260605e-06	2.087440e-08	3.742803e+01	1.240632e+03
1.540000e-06	5.283166e-06	2.091547e-08	3.758854e+01	1.243052e+03
1.550000e-06	5.304085e-06	2.095396e-08	3.773738e+01	1.245207e+03
1.560000e-06	5.323207e-06	2.098950e-08	3.787342e+01	1.247115e+03
1.570000e-06	5.340332e-06	2.101980e-08	3.799526e+01	1.248793e+03
1.580000e-06	5.355448e-06	2.104347e-08	3.810282e+01	1.250254e+03
1.590000e-06	5.368631e-06	2.106184e-08	3.819661e+01	1.251501e+03
1.600000e-06	5.379701e-06	2.107681e-08	3.827537e+01	1.252531e+03
1.610000e-06	5.388632e-06	2.108939e-08	3.833891e+01	1.253335e+03
1.620000e-06	5.395615e-06	2.109839e-08	3.838859e+01	1.253908e+03
1.630000e-06	5.400818e-06	2.110552e-08	3.842561e+01	1.254252e+03
1.640000e-06	5.404244e-06	2.110959e-08	3.844998e+01	1.254383e+03
1.650000e-06	5.405651e-06	2.110845e-08	3.846000e+01	1.254324e+03
1.660000e-06	5.405100e-06	2.110682e-08	3.845608e+01	1.254102e+03
1.670000e-06	5.402910e-06	2.110353e-08	3.844050e+01	1.253733e+03
1.680000e-06	5.399145e-06	2.109161e-08	3.841371e+01	1.253220e+03
1.690000e-06	5.393545e-06	2.107658e-08	3.837387e+01	1.252547e+03
1.700000e-06	5.386038e-06	2.105920e-08	3.832045e+01	1.251683e+03
1.710000e-06	5.376848e-06	2.103774e-08	3.825507e+01	1.250597e+03
1.720000e-06	5.366016e-06	2.100283e-08	3.817801e+01	1.249269e+03
1.730000e-06	5.353325e-06	2.096764e-08	3.808771e+01	1.247702e+03
1.740000e-06	5.338644e-06	2.101351e-08	3.798326e+01	1.245927e+03
1.750000e-06	5.321821e-06	2.100247e-08	3.786356e+01	1.243997e+03
1.760000e-06	5.302475e-06	2.092467e-08	3.772592e+01	1.241973e+03
1.770000e-06	5.280548e-06	2.084854e-08	3.756992e+01	1.239902e+03
1.780000e-06	5.256777e-06	2.071539e-08	3.740079e+01	1.237807e+03
1.790000e-06	5.231982e-06	2.083945e-08	3.722438e+01	1.235671e+03
1.800000e-06	5.206054e-06	2.090247e-08	3.703991e+01	1.233444e+03
1.810000e-06	5.178249e-06	2.060937e-08	3.684208e+01	1.231056e+03
1.820000e-06	5.148484e-06	2.068206e-08	3.663031e+01	1.228434e+03
1.830000e-06	5.117058e-06	2.075727e-08	3.640672e+01	1.225528e+03
1.840000e-06	5.083680e-06	2.058631e-08	3.616925e+01	1.222317e+03
1.850000e-06	5.048559e-06	2.064680e-08	3.591937e+01	1.218821e+03
1.860000e-06	5.011818e-06	2.046723e-08	3.565796e+01	1.215083e+03
1.870000e-06	4.973110e-06	2.032020e-08	3.538256e+01	1.211158e+03
1.880000e-06	4.932709e-06	2.044179e-08	3.509512e+01	1.207093e+03
1.890000e-06	4.890607e-06	2.027739e-08	3.479558e+01	1.202914e+03
1.900000e-06	4.846884e-06	2.019455e-08	3.448449e+01	1.198617e+03
1.910000e-06	4.801572e-06	2.014131e-08	3.416211e+01	1.194179e+03
1.920000e-06	4.754205e-06	2.002191e-08	3.382510e+01	1.189564e+03
1.930000e-06	4.705018e-06	2.006652e-08	3.347515e+01	1.184744e+03
1.940000e-06	4.654202e-06	1.981814e-08	3.311361e+01	1.179705e+03
1.950000e-06	4.601521e-06	1.968908e-08	3.273879e+01	1.174456e+03
1.960000e-06	4.546937e-06	1.972907e-08	3.235044e+01	1.169017e+03
1.970000e-06	4.490511e-06	1.960999e-08	3.194898e+01	1.163418e+03
1.980000e-06	4.432610e-06	1.952078e-08	3.153703e+01	1.157680e+03
1.990000e-06	4.373331e-06	1.932451e-08	3.111527e+01	1.151808e+03
2.000000e-06	4.312394e-06	1.929850e-08	3.068172e+01	1.145790e+03
2.010000e-06	4.249795e-06	1.924572e-08	3.023634e+01	1.139598e+03
2.020000e-06	4.185609e-06	1.905390e-08	2.977967e+01	1.133201e+03
2.030000e-06	4.119994e-06	1.897179e-08	2.931284e+01	1.126568e+03
2.040000e-06	4.053001e-06	1.882706e-08	2.883620e+01	1.119687e+03
2.050000e-06	3.984537e-06	1.877725e-08	2.834909e+01	1.112554e+03
2.060000e-06	3.914498e-06	1.862451e-08	2.785078e+01	1.105182e+03
2.070000e-06	3.842926e-06	1.843483e-08	2.734156e+01	1.097588e+03
2.080000e-06	3.770055e-06	1.835903e-08	2.682310e+01	1.089789e+03
2.090000e-06	3.695832e-06	1.822686e-08	2.629502e+01	1.081791e+03
2.100000e-06	3.620160e-06	1.811369e-08	2.575663e+01	1.073598e+03
2.110000e-06	3.542914e-06	1.790977e-08	2.520704e+01	1.065201e+03
2.120000e-06	3.464133e-06	1.778127e-08	2.464653e+01	1.056592e+03
2.130000e-06	3.384149e-06	1.768174e-08	2.407746e+01	1.047762e+03
2.140000e-06	3.303043e-06	1.750848e-08	2.350041e+01	1.038705e+03
2.150000e-06	3.220827e-06	1.733229e-08	2.291546e+01	1.029421e+03
2.160000e-06	3.137570e-06	1.714629e-08	2.232311e+01	1.019907e+03
2.170000e-06	3.053262e-06	1.703814e-08	2.172328e+01	1.010163e+03
2.180000e-06	2.967690e-06	1.686870e-08	2.111445e+01	1.000188e+03
2.190000e-06	2.880900e-06	1.666697e-08	2.049696e+01	9.899798e+02
2.200000e-06	2.793135e-06	1.648925e-08	1.987253e+01	9.795366e+02
2.210000e-06	2.704466e-06	1.633416e-08	1.924167e+01	9.688608e+02
2.220000e-06	2.614956e-06	1.616926e-08	1.860483e+01	9.579578e+02
2.230000e-06	2.524620e-06	1.593864e-08	1.796211e+01	9.468343e+02
2.240000e-06	2.433497e-06	1.574192e-08	1.731379e+01	9.354953e+02
2.250000e-06	2.341523e-06	1.557385e-08	1.665942e+01	9.239398e+02
2.260000e-06	2.248672e-06	1.539494e-08	1.599880e+01	9.121593e+02
2.270000e-06	2.154936e-06	1.516988e-08	1.533189e+01	9.001377e+02
2.280000e-06	2.060285e-06	1.494263e-08	1.465847e+01	8.878558e+02
2.290000e-06	1.964843e-06	1.475279e-08	1.397942e+01	8.752963e+02
2.300000e-06	1.868747e-06	1.454775e-08	1.329572e+01	8.624493e+02
2.310000e-06	1.772107e-06	1.430704e-08	1.260814e+01	8.493156e+02
2.320000e-06	1.674936e-06	1.406168e-08	1.191679e+01	8.359054e+02
2.330000e-06	1.577184e-06	1.384950e-08	1.122131e+01	8.222331e+02
2.340000e-06	1.478862e-06	1.363404e-08	1.052177e+01	8.083103e+02
2.350000e-06	1.380083e-06	1.338169e-08	9.818983e+00	7.941391e+02
2.360000e-06	1.280946e-06	1.311655e-08	9.113645e+00	7.797084e+02
2.370000e-06	1.181463e-06	1.287600e-08	8.405844e+00	7.649949e+02
2.380000e-06	1.081563e-06	1.263982e-08	7.695082e+00	7.499687e+02
2.390000e-06	9.812397e-07	1.237199e-08	6.981301e+00	7.346009e+02
2.400000e-06	8.805530e-07	1.208866e-08	6.264937e+00	7.188707e+02
2.410000e-06	7.794878e-07	1.182250e-08	5.545882e+00	7.027683e+02
2.420000e-06	6.780033e-07	1.156270e-08	4.823842e+00	6.862937e+02
2.430000e-06	5.761812e-07	1.127477e-08	4.099401e+00	6.694497e+02
2.440000e-06	4.741506e-07	1.096915e-08	3.373476e+00	6.522325e+02
2.450000e-06	3.719806e-07	1.067352e-08	2.646559e+00	6.346233e+02
2.460000e-06	2.697033e-07	1.038447e-08	1.918879e+00	6.165822e+02
2.470000e-06	1.672807e-07	1.006980e-08	1.190165e+00	5.980476e+02
2.480000e-06	6.482573e-08	9.731226e-09	4.612205e-01	5.789407e+02
2.490000e-06	-3.762914e-08	9.395511e-09	-2.677229e-01	5.591729e+02
2.500000e-06	-1.401299e-07	9.063164e-09	-9.969927e-01	5.386534e+02
2.510000e-06	-2.425579e-07	8.709138e-09	-1.725745e+00	5.172965e+02
2.520000e-06	-3.448463e-07	8.322686e-09	-2.453504e+00	4.950253e+02
2.530000e-06	-4.469776e-07	7.928916e-09	-3.180146e+00	4.717716e+02
2.540000e-06	-5.489322e-07	7.529214e-09	-3.905530e+00	4.474744e+02
2.550000e-06	-6.505988e-07	7.102099e-09	-4.628865e+00	4.220754e+02
2.560000e-06	-7.518470e-07	6.641134e-09	-5.349223e+00	3.955125e+02
2.570000e-06	-8.527424e-07	6.166886e-09	-6.067071e+00	3.677130e+02
2.580000e-06	-9.533316e-07	5.691685e-09	-6.782741e+00	3.385830e+02
2.590000e-06	-1.053572e-06	5.188737e-09	-7.495927e+00	3.079975e+02
2.600000e-06	-1.153403e-06	4.642336e-09	-8.206206e+00	2.757898e+02
2.610000e-06	-1.252759e-06	4.061788e-09	-8.913100e+00	2.417466e+02
2.620000e-06	-1.351721e-06	3.457477e-09	-9.617195e+00	2.056124e+02
2.630000e-06	-1.450300e-06	2.816461e-09	-1.031856e+01	1.671070e+02
2.640000e-06	-1.548406e-06	2.121490e-09	-1.101656e+01	1.259586e+02
2.650000e-06	-1.645943e-06	1.380402e-09	-1.171052e+01	8.194900e+01
2.660000e-06	-1.742917e-06	5.995452e-10	-1.240046e+01	3.496561e+01
2.670000e-06	-1.839419e-06	-2.294890e-10	-1.308706e+01	-1.495091e+01
2.680000e-06	-1.935395e-06	-1.113966e-09	-1.376990e+01	-6.757414e+01
2.690000e-06	-2.030697e-06	-2.041987e-09	-1.444795e+01	-1.224838e+02
2.700000e-06	-2.125238e-06	-2.992011e-09	-1.512059e+01	-1.790862e+02
2.710000e-06	-2.218997e-06	-3.955210e-09	-1.578767e+01	-2.366622e+02
2.720000e-06	-2.311839e-06	-4.928378e-09	-1.644822e+01	-2.944326e+02
2.730000e-06	-2.403703e-06	-5.896905e-09	-1.710181e+01	-3.516310e+02
2.740000e-06	-2.494673e-06	-6.837211e-09	-1.774904e+01	-4.075680e+02
2.750000e-06	-2.584756e-06	-7.742236e-09	-1.838996e+01	-4.616781e+02
2.760000e-06	-2.673929e-06	-8.616392e-09	-1.902441e+01	-5.135416e+02
2.770000e-06	-2.762209e-06	-9.454585e-09	-1.965250e+01	-5.628838e+02
2.780000e-06	-2.849586e-06	-1.024508e-08	-2.027417e+01	-6.095550e+02
2.790000e-06	-2.935962e-06	-1.098348e-08	-2.088872e+01	-6.535018e+02
2.800000e-06	-3.021178e-06	-1.167938e-08	-2.149500e+01	-6.947382e+02
2.810000e-06	-3.105194e-06	-1.233571e-08	-2.209276e+01	-7.333216e+02
2.820000e-06	-3.188173e-06	-1.294533e-08	-2.268314e+01	-7.693384e+02
2.830000e-06	-3.270122e-06	-1.350748e-08	-2.326618e+01	-8.028961e+02
2.840000e-06	-3.350969e-06	-1.403122e-08	-2.384139e+01	-8.341211e+02
2.850000e-06	-3.430736e-06	-1.452463e-08	-2.440892e+01	-8.631548e+02
2.860000e-06	-3.509186e-06	-1.498467e-08	-2.496707e+01	-8.901500e+02
2.870000e-06	-3.586039e-06	-1.540892e-08	-2.551386e+01	-9.152627e+02
2.880000e-06	-3.661387e-06	-1.580368e-08	-2.604995e+01	-9.386444e+02
2.890000e-06	-3.735371e-06	-1.617664e-08	-2.657633e+01	-9.604349e+02
2.900000e-06	-3.808052e-06	-1.652598e-08	-2.709344e+01	-9.807587e+02
2.910000e-06	-3.879503e-06	-1.684645e-08	-2.760179e+01	-9.997257e+02
2.920000e-06	-3.949541e-06	-1.714298e-08	-2.810010e+01	-1.017435e+03
2.930000e-06	-4.017999e-06	-1.742220e-08	-2.858716e+01	-1.033978e+03
2.940000e-06	-4.084986e-06	-1.768590e-08	-2.906376e+01	-1.049445e+03
2.950000e-06	-4.150569e-06	-1.793083e-08	-2.953037e+01	-1.063924e+03
2.960000e-06	-4.214760e-06	-1.815718e-08	-2.998708e+01	-1.077497e+03
2.970000e-06	-4.277548e-06	-1.837146e-08	-3.043380e+01	-1.090239e+03
2.980000e-06	-4.338709e-06	-1.857626e-08	-3.086894e+01	-1.102214e+03
2.990000e-06	-4.398197e-06	-1.876889e-08	-3.129218e+01	-1.113472e+03
3.000000e-06	-4.456232e-06	-1.894749e-08	-3.170510e+01	-1.124052e+03
3.010000e-06	-4.512814e-06	-1.911520e-08	-3.210766e+01	-1.133985e+03
3.020000e-06	-4.567753e-06	-1.927468e-08	-3.249854e+01	-1.143298e+03
3.030000e-06	-4.620760e-06	-1.942208e-08	-3.287567e+01	-1.152019e+03
3.040000e-06	-4.671838e-06	-1.955803e-08	-3.323908e+01	-1.160178e+03
3.050000e-06	-4.721096e-06	-1.968651e-08	-3.358954e+01	-1.167807e+03
3.060000e-06	-4.768345e-06	-1.980950e-08	-3.392571e+01	-1.174938e+03
3.070000e-06	-4.813806e-06	-1.992348e-08	-3.424915e+01	-1.181601e+03
3.080000e-06	-4.857774e-06	-2.002781e-08	-3.456197e+01	-1.187825e+03
3.090000e-06	-4.900203e-06	-2.012425e-08	-3.486385e+01	-1.193634e+03
3.100000e-06	-4.941122e-06	-2.021503e-08	-3.515497e+01	-1.199054e+03
3.110000e-06	-4.980493e-06	-2.030109e-08	-3.543509e+01	-1.204109e+03
3.120000e-06	-5.017959e-06	-2.037976e-08	-3.570166e+01	-1.208826e+03
3.130000e-06	-5.053477e-06	-2.045077e-08	-3.595436e+01	-1.213228e+03
3.140000e-06	-5.087290e-06	-2.051772e-08	-3.619493e+01	-1.217335e+03
3.150000e-06	-5.119382e-06	-2.058333e-08	-3.642325e+01	-1.221160e+03
3.160000e-06	-5.149571e-06	-2.064358e-08	-3.663804e+01	-1.224710e+03
3.170000e-06	-5.177791e-06	-2.069915e-08	-3.683883e+01	-1.227982e+03
3.180000e-06	-5.204215e-06	-2.074946e-08	-3.702683e+01	-1.230973e+03
3.190000e-06	-5.228887e-06	-2.079457e-08	-3.720236e+01	-1.233682e+03
3.200000e-06	-5.251705e-06	-2.083369e-08	-3.736471e+01	-1.236113e+03
3.210000e-06	-5.272499e-06	-2.086825e-08	-3.751265e+01	-1.238279e+03
3.220000e-06	-5.291437e-06	-2.090123e-08	-3.764739e+01	-1.240197e+03
3.230000e-06	-5.308697e-06	-2.093136e-08	-3.777019e+01	-1.241885e+03
3.240000e-06	-5.324041e-06	-2.095753e-08	-3.787936e+01	-1.243355e+03
3.250000e-06	-5.337178e-06	-2.097884e-08	-3.797283e+01	-1.244612e+03
3.260000e-06	-5.348199e-06	-2.099481e-08	-3.805124e+01	-1.245652e+03
3.270000e-06	-5.357383e-06	-2.100692e-08	-3.811658e+01	-1.246465e+03
3.280000e-06	-5.364786e-06	-2.101683e-08	-3.816925e+01	-1.247048e+03
3.290000e-06	-5.370207e-06	-2.102470e-08	-3.820782e+01	-1.247401e+03
3.300000e-06	-5.373626e-06	-2.102941e-08	-3.823215e+01	-1.247541e+03
3.310000e-06	-5.375290e-06	-2.103125e-08	-3.824399e+01	-1.247490e+03
3.320000e-06	-5.375227e-06	-2.102692e-08	-3.824353e+01	-1.247275e+03
