# Temperatura_=_40.03
# Concentracion g/m^3_=_22500.0
# C_Vs_to_Am_M_A/Vsm_=_59384043850.047264
# pendiente_HvsI_1/m_=_3716.3
# ordenada_HvsI_A/m_=_1297.0
# frecuencia_Hz_=_301157.68344095413

Tiempo_(s)	Campo_(V.s)	Magnetizacion_(V.s)	Campo_(kA/m)	Magnetizacion_(A/m)
0.000000e+00	-5.386108e-06	-2.090614e-08	-3.823914e+01	-1.240797e+03
1.000000e-08	-5.384228e-06	-2.089240e-08	-3.822579e+01	-1.240483e+03
2.000000e-08	-5.380369e-06	-2.088137e-08	-3.819840e+01	-1.240080e+03
3.000000e-08	-5.374820e-06	-2.087423e-08	-3.815900e+01	-1.239558e+03
4.000000e-08	-5.367700e-06	-2.086587e-08	-3.810846e+01	-1.238854e+03
5.000000e-08	-5.358918e-06	-2.085017e-08	-3.804610e+01	-1.237893e+03
6.000000e-08	-5.348090e-06	-2.083196e-08	-3.796923e+01	-1.236619e+03
7.000000e-08	-5.335202e-06	-2.082619e-08	-3.787773e+01	-1.235015e+03
8.000000e-08	-5.320365e-06	-2.079034e-08	-3.777239e+01	-1.233119e+03
9.000000e-08	-5.303104e-06	-2.068452e-08	-3.764985e+01	-1.231015e+03
1.000000e-07	-5.283492e-06	-2.064506e-08	-3.751061e+01	-1.228806e+03
1.100000e-07	-5.262028e-06	-2.064990e-08	-3.735823e+01	-1.226585e+03
1.200000e-07	-5.238945e-06	-2.062584e-08	-3.719435e+01	-1.224401e+03
1.300000e-07	-5.214560e-06	-2.066863e-08	-3.702122e+01	-1.222242e+03
1.400000e-07	-5.188792e-06	-2.055288e-08	-3.683828e+01	-1.220040e+03
1.500000e-07	-5.161108e-06	-2.039899e-08	-3.664174e+01	-1.217691e+03
1.600000e-07	-5.131690e-06	-2.051735e-08	-3.643288e+01	-1.215091e+03
1.700000e-07	-5.100779e-06	-2.039694e-08	-3.621342e+01	-1.212165e+03
1.800000e-07	-5.067910e-06	-2.022804e-08	-3.598007e+01	-1.208891e+03
1.900000e-07	-5.032993e-06	-2.027830e-08	-3.573217e+01	-1.205304e+03
2.000000e-07	-4.996463e-06	-2.016157e-08	-3.547282e+01	-1.201478e+03
2.100000e-07	-4.958263e-06	-2.017223e-08	-3.520162e+01	-1.197495e+03
2.200000e-07	-4.918298e-06	-2.015912e-08	-3.491789e+01	-1.193422e+03
2.300000e-07	-4.876605e-06	-1.994160e-08	-3.462188e+01	-1.189281e+03
2.400000e-07	-4.832932e-06	-1.989955e-08	-3.431182e+01	-1.185052e+03
2.500000e-07	-4.787398e-06	-1.988010e-08	-3.398855e+01	-1.180680e+03
2.600000e-07	-4.740135e-06	-1.980110e-08	-3.365300e+01	-1.176102e+03
2.700000e-07	-4.691075e-06	-1.972322e-08	-3.330470e+01	-1.171270e+03
2.800000e-07	-4.640021e-06	-1.959437e-08	-3.294223e+01	-1.166170e+03
2.900000e-07	-4.586869e-06	-1.957009e-08	-3.256487e+01	-1.160825e+03
3.000000e-07	-4.531990e-06	-1.952483e-08	-3.217526e+01	-1.155285e+03
3.100000e-07	-4.475580e-06	-1.936955e-08	-3.177477e+01	-1.149603e+03
3.200000e-07	-4.417534e-06	-1.922091e-08	-3.136267e+01	-1.143817e+03
3.300000e-07	-4.357794e-06	-1.915189e-08	-3.093854e+01	-1.137933e+03
3.400000e-07	-4.296537e-06	-1.911697e-08	-3.050364e+01	-1.131922e+03
3.500000e-07	-4.233895e-06	-1.895989e-08	-3.005891e+01	-1.125736e+03
3.600000e-07	-4.169832e-06	-1.882473e-08	-2.960409e+01	-1.119318e+03
3.700000e-07	-4.104248e-06	-1.874438e-08	-2.913847e+01	-1.112631e+03
3.800000e-07	-4.036935e-06	-1.863602e-08	-2.866057e+01	-1.105664e+03
3.900000e-07	-3.967988e-06	-1.850731e-08	-2.817108e+01	-1.098431e+03
4.000000e-07	-3.897731e-06	-1.833744e-08	-2.767228e+01	-1.090970e+03
4.100000e-07	-3.826212e-06	-1.822858e-08	-2.716452e+01	-1.083317e+03
4.200000e-07	-3.753390e-06	-1.813944e-08	-2.664752e+01	-1.075498e+03
4.300000e-07	-3.679020e-06	-1.799673e-08	-2.611952e+01	-1.067514e+03
4.400000e-07	-3.603001e-06	-1.782328e-08	-2.557982e+01	-1.059349e+03
4.500000e-07	-3.525569e-06	-1.767491e-08	-2.503009e+01	-1.050973e+03
4.600000e-07	-3.446753e-06	-1.756803e-08	-2.447052e+01	-1.042358e+03
4.700000e-07	-3.366517e-06	-1.741561e-08	-2.390088e+01	-1.033492e+03
4.800000e-07	-3.284958e-06	-1.723572e-08	-2.332185e+01	-1.024381e+03
4.900000e-07	-3.202249e-06	-1.707532e-08	-2.273465e+01	-1.015045e+03
5.000000e-07	-3.118471e-06	-1.693803e-08	-2.213986e+01	-1.005513e+03
5.100000e-07	-3.033773e-06	-1.678580e-08	-2.153854e+01	-9.958037e+02
5.200000e-07	-2.948281e-06	-1.659745e-08	-2.093158e+01	-9.859223e+02
5.300000e-07	-2.861856e-06	-1.641919e-08	-2.031800e+01	-9.758546e+02
5.400000e-07	-2.774427e-06	-1.626395e-08	-1.969729e+01	-9.655739e+02
5.500000e-07	-2.686032e-06	-1.609473e-08	-1.906972e+01	-9.550516e+02
5.600000e-07	-2.596699e-06	-1.589426e-08	-1.843549e+01	-9.442685e+02
5.700000e-07	-2.506351e-06	-1.569858e-08	-1.779406e+01	-9.332222e+02
5.800000e-07	-2.414926e-06	-1.552811e-08	-1.714498e+01	-9.219272e+02
5.900000e-07	-2.322600e-06	-1.534596e-08	-1.648950e+01	-9.104080e+02
6.000000e-07	-2.229526e-06	-1.513356e-08	-1.582871e+01	-8.986877e+02
6.100000e-07	-2.135720e-06	-1.492007e-08	-1.516273e+01	-8.867777e+02
6.200000e-07	-2.041202e-06	-1.472657e-08	-1.449169e+01	-8.746719e+02
6.300000e-07	-1.945936e-06	-1.453246e-08	-1.381534e+01	-8.623481e+02
6.400000e-07	-1.849988e-06	-1.431100e-08	-1.313415e+01	-8.497757e+02
6.500000e-07	-1.753460e-06	-1.408472e-08	-1.244884e+01	-8.369272e+02
6.600000e-07	-1.656293e-06	-1.387304e-08	-1.175900e+01	-8.237874e+02
6.700000e-07	-1.558431e-06	-1.365803e-08	-1.106422e+01	-8.103579e+02
6.800000e-07	-1.459860e-06	-1.341969e-08	-1.036440e+01	-7.966549e+02
6.900000e-07	-1.360620e-06	-1.317384e-08	-9.659841e+00	-7.826999e+02
7.000000e-07	-1.260819e-06	-1.294251e-08	-8.951295e+00	-7.685092e+02
7.100000e-07	-1.160584e-06	-1.271054e-08	-8.239670e+00	-7.540848e+02
7.200000e-07	-1.060032e-06	-1.245967e-08	-7.525791e+00	-7.394105e+02
7.300000e-07	-9.592175e-07	-1.219687e-08	-6.810049e+00	-7.244549e+02
7.400000e-07	-8.580841e-07	-1.194271e-08	-6.092043e+00	-7.091797e+02
7.500000e-07	-7.566442e-07	-1.169022e-08	-5.371861e+00	-6.935501e+02
7.600000e-07	-6.549407e-07	-1.141916e-08	-4.649809e+00	-6.775423e+02
7.700000e-07	-5.529962e-07	-1.113537e-08	-3.926044e+00	-6.611463e+02
7.800000e-07	-4.508380e-07	-1.085529e-08	-3.200763e+00	-6.443615e+02
7.900000e-07	-3.485467e-07	-1.057796e-08	-2.474537e+00	-6.271881e+02
8.000000e-07	-2.461178e-07	-1.028241e-08	-1.747335e+00	-6.096150e+02
8.100000e-07	-1.435492e-07	-9.968164e-09	-1.019140e+00	-5.916116e+02
8.200000e-07	-4.098266e-08	-9.654094e-09	-2.909599e-01	-5.731229e+02
8.300000e-07	6.156910e-08	-9.342634e-09	4.371152e-01	-5.540720e+02
8.400000e-07	1.640940e-07	-9.014214e-09	1.165000e+00	-5.343676e+02
8.500000e-07	2.665720e-07	-8.661605e-09	1.892551e+00	-5.139147e+02
8.600000e-07	3.690027e-07	-8.299732e-09	2.619767e+00	-4.926257e+02
8.700000e-07	4.713128e-07	-7.933459e-09	3.346126e+00	-4.704276e+02
8.800000e-07	5.734552e-07	-7.545878e-09	4.071295e+00	-4.472648e+02
8.900000e-07	6.753788e-07	-7.129387e-09	4.794911e+00	-4.230970e+02
9.000000e-07	7.770433e-07	-6.699640e-09	5.516687e+00	-3.978909e+02
9.100000e-07	8.784294e-07	-6.263835e-09	6.236487e+00	-3.716098e+02
9.200000e-07	9.795060e-07	-5.810336e-09	6.954088e+00	-3.442009e+02
9.300000e-07	1.080298e-06	-5.324423e-09	7.669668e+00	-3.155827e+02
9.400000e-07	1.180777e-06	-4.813596e-09	8.383026e+00	-2.856354e+02
9.500000e-07	1.280888e-06	-4.286309e-09	9.093777e+00	-2.541957e+02
9.600000e-07	1.380581e-06	-3.730567e-09	9.801558e+00	-2.210591e+02
9.700000e-07	1.479707e-06	-3.132849e-09	1.050531e+01	-1.859914e+02
9.800000e-07	1.578126e-06	-2.498049e-09	1.120405e+01	-1.487492e+02
9.900000e-07	1.675805e-06	-1.832162e-09	1.189753e+01	-1.091110e+02
1.000000e-06	1.772831e-06	-1.122805e-09	1.258637e+01	-6.691303e+01
1.010000e-06	1.869240e-06	-3.607829e-10	1.327083e+01	-2.208593e+01
1.020000e-06	1.964989e-06	4.470798e-10	1.395061e+01	2.531405e+01
1.030000e-06	2.060092e-06	1.286850e-09	1.462580e+01	7.508622e+01
1.040000e-06	2.154500e-06	2.158121e-09	1.529606e+01	1.268833e+02
1.050000e-06	2.248129e-06	3.062078e-09	1.596079e+01	1.802278e+02
1.060000e-06	2.341080e-06	3.983592e-09	1.662070e+01	2.345448e+02
1.070000e-06	2.433381e-06	4.904995e-09	1.727600e+01	2.892064e+02
1.080000e-06	2.524849e-06	5.815958e-09	1.792539e+01	3.435810e+02
1.090000e-06	2.615199e-06	6.716179e-09	1.856683e+01	3.970786e+02
1.100000e-06	2.704379e-06	7.597191e-09	1.919997e+01	4.491878e+02
1.110000e-06	2.792581e-06	8.444425e-09	1.982617e+01	4.994986e+02
1.120000e-06	2.879847e-06	9.251530e-09	2.044573e+01	5.477115e+02
1.130000e-06	2.966166e-06	1.002227e-08	2.105855e+01	5.936332e+02
1.140000e-06	3.051558e-06	1.075637e-08	2.166480e+01	6.371625e+02
1.150000e-06	3.136098e-06	1.144766e-08	2.226500e+01	6.782714e+02
1.160000e-06	3.219671e-06	1.209792e-08	2.285833e+01	7.169846e+02
1.170000e-06	3.302032e-06	1.271151e-08	2.344306e+01	7.533613e+02
1.180000e-06	3.383203e-06	1.328922e-08	2.401935e+01	7.874801e+02
1.190000e-06	3.463139e-06	1.382557e-08	2.458686e+01	8.194309e+02
1.200000e-06	3.541726e-06	1.432221e-08	2.514480e+01	8.493094e+02
1.210000e-06	3.619032e-06	1.478783e-08	2.569363e+01	8.772173e+02
1.220000e-06	3.695010e-06	1.522611e-08	2.623305e+01	9.032628e+02
1.230000e-06	3.769490e-06	1.563442e-08	2.676182e+01	9.275624e+02
1.240000e-06	3.842429e-06	1.601368e-08	2.727966e+01	9.502396e+02
1.250000e-06	3.913965e-06	1.636900e-08	2.778753e+01	9.714220e+02
1.260000e-06	3.984171e-06	1.670354e-08	2.828597e+01	9.912352e+02
1.270000e-06	4.053080e-06	1.701452e-08	2.877520e+01	1.009795e+03
1.280000e-06	4.120632e-06	1.730250e-08	2.925479e+01	1.027203e+03
1.290000e-06	4.186586e-06	1.757455e-08	2.972303e+01	1.043538e+03
1.300000e-06	4.250907e-06	1.783364e-08	3.017969e+01	1.058865e+03
1.310000e-06	4.313751e-06	1.807820e-08	3.062585e+01	1.073231e+03
1.320000e-06	4.375226e-06	1.830391e-08	3.106230e+01	1.086682e+03
1.330000e-06	4.435397e-06	1.851304e-08	3.148949e+01	1.099265e+03
1.340000e-06	4.493973e-06	1.871164e-08	3.190535e+01	1.111036e+03
1.350000e-06	4.550716e-06	1.889810e-08	3.230820e+01	1.122059e+03
1.360000e-06	4.605809e-06	1.907055e-08	3.269934e+01	1.132403e+03
1.370000e-06	4.659242e-06	1.923142e-08	3.307870e+01	1.142127e+03
1.380000e-06	4.710741e-06	1.938558e-08	3.344432e+01	1.151277e+03
1.390000e-06	4.760177e-06	1.953283e-08	3.379529e+01	1.159880e+03
1.400000e-06	4.807795e-06	1.966810e-08	3.413336e+01	1.167944e+03
1.410000e-06	4.853834e-06	1.979155e-08	3.446022e+01	1.175464e+03
1.420000e-06	4.898320e-06	1.990754e-08	3.477605e+01	1.182439e+03
1.430000e-06	4.941022e-06	2.001524e-08	3.507922e+01	1.188883e+03
1.440000e-06	4.981834e-06	2.011307e-08	3.536896e+01	1.194829e+03
1.450000e-06	5.020948e-06	2.020350e-08	3.564666e+01	1.200329e+03
1.460000e-06	5.058418e-06	2.029061e-08	3.591268e+01	1.205450e+03
1.470000e-06	5.094197e-06	2.037566e-08	3.616669e+01	1.210249e+03
1.480000e-06	5.128052e-06	2.045332e-08	3.640705e+01	1.214767e+03
1.490000e-06	5.159995e-06	2.052298e-08	3.663384e+01	1.219016e+03
1.500000e-06	5.190258e-06	2.058874e-08	3.684869e+01	1.222984e+03
1.510000e-06	5.218853e-06	2.064945e-08	3.705170e+01	1.226637e+03
1.520000e-06	5.245512e-06	2.070362e-08	3.724097e+01	1.229944e+03
1.530000e-06	5.270048e-06	2.075121e-08	3.741517e+01	1.232891e+03
1.540000e-06	5.292706e-06	2.079451e-08	3.757603e+01	1.235488e+03
1.550000e-06	5.313736e-06	2.083706e-08	3.772533e+01	1.237771e+03
1.560000e-06	5.333084e-06	2.087476e-08	3.786270e+01	1.239791e+03
1.570000e-06	5.350464e-06	2.090480e-08	3.798609e+01	1.241598e+03
1.580000e-06	5.365814e-06	2.093056e-08	3.809506e+01	1.243220e+03
1.590000e-06	5.379207e-06	2.095388e-08	3.819015e+01	1.244657e+03
1.600000e-06	5.390519e-06	2.097249e-08	3.827046e+01	1.245886e+03
1.610000e-06	5.399677e-06	2.098579e-08	3.833548e+01	1.246868e+03
1.620000e-06	5.406834e-06	2.099518e-08	3.838629e+01	1.247570e+03
1.630000e-06	5.412205e-06	2.100391e-08	3.842442e+01	1.247985e+03
1.640000e-06	5.415741e-06	2.100952e-08	3.844953e+01	1.248138e+03
1.650000e-06	5.417216e-06	2.100709e-08	3.846000e+01	1.248080e+03
1.660000e-06	5.416806e-06	2.100333e-08	3.845709e+01	1.247871e+03
1.670000e-06	5.414784e-06	2.100273e-08	3.844273e+01	1.247559e+03
1.680000e-06	5.411170e-06	2.099455e-08	3.841708e+01	1.247157e+03
1.690000e-06	5.405701e-06	2.098128e-08	3.837825e+01	1.246639e+03
1.700000e-06	5.398311e-06	2.096434e-08	3.832578e+01	1.245941e+03
1.710000e-06	5.389291e-06	2.094547e-08	3.826174e+01	1.244989e+03
1.720000e-06	5.378665e-06	2.091647e-08	3.818630e+01	1.243725e+03
1.730000e-06	5.366187e-06	2.086968e-08	3.809771e+01	1.242131e+03
1.740000e-06	5.351679e-06	2.090281e-08	3.799471e+01	1.240244e+03
1.750000e-06	5.335038e-06	2.090777e-08	3.787657e+01	1.238144e+03
1.760000e-06	5.315919e-06	2.083123e-08	3.774083e+01	1.235935e+03
1.770000e-06	5.294158e-06	2.076091e-08	3.758634e+01	1.233712e+03
1.780000e-06	5.270424e-06	2.061169e-08	3.741783e+01	1.231525e+03
1.790000e-06	5.245654e-06	2.068531e-08	3.724198e+01	1.229364e+03
1.800000e-06	5.219911e-06	2.080674e-08	3.705922e+01	1.227163e+03
1.810000e-06	5.192322e-06	2.051154e-08	3.686335e+01	1.224821e+03
1.820000e-06	5.162629e-06	2.053514e-08	3.665254e+01	1.222229e+03
1.830000e-06	5.131309e-06	2.067271e-08	3.643018e+01	1.219314e+03
1.840000e-06	5.098138e-06	2.047431e-08	3.619467e+01	1.216051e+03
1.850000e-06	5.063176e-06	2.052288e-08	3.594646e+01	1.212473e+03
1.860000e-06	5.026594e-06	2.037711e-08	3.568674e+01	1.208652e+03
1.870000e-06	4.987992e-06	2.014929e-08	3.541269e+01	1.204672e+03
1.880000e-06	4.947637e-06	2.029865e-08	3.512618e+01	1.200600e+03
1.890000e-06	4.905652e-06	2.018997e-08	3.482810e+01	1.196460e+03
1.900000e-06	4.862022e-06	2.006896e-08	3.451835e+01	1.192234e+03
1.910000e-06	4.816827e-06	2.004627e-08	3.419748e+01	1.187867e+03
1.920000e-06	4.769565e-06	1.988932e-08	3.386194e+01	1.183296e+03
1.930000e-06	4.720426e-06	1.993209e-08	3.351308e+01	1.178472e+03
1.940000e-06	4.669693e-06	1.972102e-08	3.315289e+01	1.173379e+03
1.950000e-06	4.617048e-06	1.953474e-08	3.277913e+01	1.168041e+03
1.960000e-06	4.562486e-06	1.959234e-08	3.239176e+01	1.162505e+03
1.970000e-06	4.506081e-06	1.949066e-08	3.199131e+01	1.156826e+03
1.980000e-06	4.448165e-06	1.940991e-08	3.158014e+01	1.151042e+03
1.990000e-06	4.388922e-06	1.920197e-08	3.115953e+01	1.145160e+03
2.000000e-06	4.328036e-06	1.914536e-08	3.072727e+01	1.139153e+03
2.010000e-06	4.265441e-06	1.913892e-08	3.028287e+01	1.132972e+03
2.020000e-06	4.201261e-06	1.892997e-08	2.982722e+01	1.126562e+03
2.030000e-06	4.135719e-06	1.883811e-08	2.936190e+01	1.119884e+03
2.040000e-06	4.068807e-06	1.870063e-08	2.888685e+01	1.112925e+03
2.050000e-06	4.000345e-06	1.864690e-08	2.840080e+01	1.105700e+03
2.060000e-06	3.930254e-06	1.852486e-08	2.790318e+01	1.098245e+03
2.070000e-06	3.858635e-06	1.830617e-08	2.739471e+01	1.090597e+03
2.080000e-06	3.785709e-06	1.822896e-08	2.687697e+01	1.082781e+03
2.090000e-06	3.711399e-06	1.809869e-08	2.634940e+01	1.074803e+03
2.100000e-06	3.635622e-06	1.798348e-08	2.581142e+01	1.066643e+03
2.110000e-06	3.558306e-06	1.778376e-08	2.526250e+01	1.058273e+03
2.120000e-06	3.479464e-06	1.763736e-08	2.470276e+01	1.049666e+03
2.130000e-06	3.399360e-06	1.755611e-08	2.413406e+01	1.040807e+03
2.140000e-06	3.318134e-06	1.738521e-08	2.355738e+01	1.031703e+03
2.150000e-06	3.235897e-06	1.720890e-08	2.297353e+01	1.022373e+03
2.160000e-06	3.152659e-06	1.701092e-08	2.238258e+01	1.012846e+03
2.170000e-06	3.068314e-06	1.690003e-08	2.178377e+01	1.003141e+03
2.180000e-06	2.982717e-06	1.674499e-08	2.117606e+01	9.932648e+02
2.190000e-06	2.895828e-06	1.653547e-08	2.055919e+01	9.832026e+02
2.200000e-06	2.807954e-06	1.635658e-08	1.993531e+01	9.729286e+02
2.210000e-06	2.719223e-06	1.620471e-08	1.930536e+01	9.624138e+02
2.220000e-06	2.629647e-06	1.605422e-08	1.866941e+01	9.516387e+02
2.230000e-06	2.539272e-06	1.582417e-08	1.802779e+01	9.406001e+02
2.240000e-06	2.448038e-06	1.561948e-08	1.738006e+01	9.293122e+02
2.250000e-06	2.355900e-06	1.545315e-08	1.672592e+01	9.177990e+02
2.260000e-06	2.262934e-06	1.527907e-08	1.606590e+01	9.060841e+02
2.270000e-06	2.169110e-06	1.505669e-08	1.539979e+01	8.941793e+02
2.280000e-06	2.074320e-06	1.482409e-08	1.472681e+01	8.820793e+02
2.290000e-06	1.978709e-06	1.464072e-08	1.404802e+01	8.697623e+02
2.300000e-06	1.882442e-06	1.444953e-08	1.336456e+01	8.571979e+02
2.310000e-06	1.785613e-06	1.421675e-08	1.267712e+01	8.443581e+02
2.320000e-06	1.688272e-06	1.397047e-08	1.198603e+01	8.312272e+02
2.330000e-06	1.590387e-06	1.376063e-08	1.129109e+01	8.178064e+02
2.340000e-06	1.491956e-06	1.355414e-08	1.059227e+01	8.041113e+02
2.350000e-06	1.392987e-06	1.330783e-08	9.889633e+00	7.901634e+02
2.360000e-06	1.293615e-06	1.304379e-08	9.184130e+00	7.759795e+02
2.370000e-06	1.193892e-06	1.280730e-08	8.476141e+00	7.615622e+02
2.380000e-06	1.093732e-06	1.258304e-08	7.765043e+00	7.468958e+02
2.390000e-06	9.931674e-07	1.232434e-08	7.051079e+00	7.319493e+02
2.400000e-06	8.922681e-07	1.204530e-08	6.334735e+00	7.166847e+02
2.410000e-06	7.909905e-07	1.178405e-08	5.615706e+00	7.010668e+02
2.420000e-06	6.892563e-07	1.153496e-08	4.893435e+00	6.850712e+02
2.430000e-06	5.871826e-07	1.125812e-08	4.168754e+00	6.686876e+02
2.440000e-06	4.849248e-07	1.095753e-08	3.442766e+00	6.519152e+02
2.450000e-06	3.825190e-07	1.066584e-08	2.715727e+00	6.347542e+02
2.460000e-06	2.799270e-07	1.038817e-08	1.987366e+00	6.171943e+02
2.470000e-06	1.771763e-07	1.008758e-08	1.257879e+00	5.992056e+02
2.480000e-06	7.437259e-08	9.757457e-09	5.280147e-01	5.807340e+02
2.490000e-06	-2.843854e-08	9.431950e-09	-2.019019e-01	5.617032e+02
2.500000e-06	-1.312326e-07	9.116846e-09	-9.316971e-01	5.420222e+02
2.510000e-06	-2.339527e-07	8.783041e-09	-1.660968e+00	5.215962e+02
2.520000e-06	-3.365417e-07	8.412354e-09	-2.389308e+00	5.003369e+02
2.530000e-06	-4.389835e-07	8.032629e-09	-3.116601e+00	4.781707e+02
2.540000e-06	-5.411916e-07	7.655107e-09	-3.842237e+00	4.550417e+02
2.550000e-06	-6.431065e-07	7.254481e-09	-4.565791e+00	4.309088e+02
2.560000e-06	-7.446321e-07	6.815853e-09	-5.286581e+00	4.057389e+02
2.570000e-06	-8.457507e-07	6.362188e-09	-6.004481e+00	3.794956e+02
2.580000e-06	-9.465758e-07	5.915742e-09	-6.720298e+00	3.521266e+02
2.590000e-06	-1.047036e-06	5.449112e-09	-7.433521e+00	3.235519e+02
2.600000e-06	-1.147084e-06	4.939900e-09	-8.143823e+00	2.936531e+02
2.610000e-06	-1.246758e-06	4.400395e-09	-8.851467e+00	2.622685e+02
2.620000e-06	-1.346024e-06	3.847728e-09	-9.556216e+00	2.291950e+02
2.630000e-06	-1.444808e-06	3.269407e-09	-1.025754e+01	1.941989e+02
2.640000e-06	-1.543062e-06	2.640435e-09	-1.095511e+01	1.570369e+02
2.650000e-06	-1.640780e-06	1.968948e-09	-1.164886e+01	1.174861e+02
2.660000e-06	-1.737975e-06	1.268642e-09	-1.233891e+01	7.537988e+01
2.670000e-06	-1.834642e-06	5.317194e-10	-1.302520e+01	3.064503e+01
2.680000e-06	-1.930765e-06	-2.604234e-10	-1.370764e+01	-1.666713e+01
2.690000e-06	-2.026302e-06	-1.102522e-09	-1.438591e+01	-6.636121e+01
2.700000e-06	-2.121220e-06	-1.969824e-09	-1.505978e+01	-1.180950e+02
2.710000e-06	-2.215330e-06	-2.855981e-09	-1.572793e+01	-1.713952e+02
2.720000e-06	-2.308433e-06	-3.768398e-09	-1.638892e+01	-2.256895e+02
2.730000e-06	-2.400577e-06	-4.698272e-09	-1.704310e+01	-2.803514e+02
2.740000e-06	-2.491821e-06	-5.615934e-09	-1.769090e+01	-3.347483e+02
2.750000e-06	-2.582221e-06	-6.509584e-09	-1.833271e+01	-3.882880e+02
2.760000e-06	-2.671712e-06	-7.386501e-09	-1.896805e+01	-4.404560e+02
2.770000e-06	-2.760227e-06	-8.242256e-09	-1.959648e+01	-4.908383e+02
2.780000e-06	-2.847871e-06	-9.058659e-09	-2.021871e+01	-5.391316e+02
2.790000e-06	-2.934555e-06	-9.827403e-09	-2.083413e+01	-5.851389e+02
2.800000e-06	-3.020079e-06	-1.055994e-08	-2.144132e+01	-6.287559e+02
2.810000e-06	-3.104370e-06	-1.126218e-08	-2.203975e+01	-6.699526e+02
2.820000e-06	-3.187463e-06	-1.192058e-08	-2.262967e+01	-7.087521e+02
2.830000e-06	-3.269553e-06	-1.252936e-08	-2.321248e+01	-7.452124e+02
2.840000e-06	-3.350631e-06	-1.310140e-08	-2.378810e+01	-7.794119e+02
2.850000e-06	-3.430624e-06	-1.364631e-08	-2.435601e+01	-8.114399e+02
2.860000e-06	-3.509422e-06	-1.415703e-08	-2.491545e+01	-8.413923e+02
2.870000e-06	-3.586689e-06	-1.462729e-08	-2.546401e+01	-8.693702e+02
2.880000e-06	-3.662350e-06	-1.506478e-08	-2.600118e+01	-8.954818e+02
2.890000e-06	-3.736627e-06	-1.547966e-08	-2.652851e+01	-9.198431e+02
2.900000e-06	-3.809612e-06	-1.587033e-08	-2.704667e+01	-9.425776e+02
2.910000e-06	-3.881307e-06	-1.622869e-08	-2.755568e+01	-9.638127e+02
2.920000e-06	-3.951613e-06	-1.655989e-08	-2.805482e+01	-9.836742e+02
2.930000e-06	-4.020278e-06	-1.687473e-08	-2.854231e+01	-1.002279e+03
2.940000e-06	-4.087456e-06	-1.717432e-08	-2.901925e+01	-1.019727e+03
2.950000e-06	-4.153327e-06	-1.745225e-08	-2.948691e+01	-1.036101e+03
2.960000e-06	-4.217806e-06	-1.770812e-08	-2.994468e+01	-1.051464e+03
2.970000e-06	-4.280868e-06	-1.794980e-08	-3.039240e+01	-1.065866e+03
2.980000e-06	-4.342319e-06	-1.818084e-08	-3.082867e+01	-1.079350e+03
2.990000e-06	-4.402081e-06	-1.839504e-08	-3.125296e+01	-1.091965e+03
3.000000e-06	-4.460313e-06	-1.859030e-08	-3.166638e+01	-1.103765e+03
3.010000e-06	-4.517093e-06	-1.877424e-08	-3.206950e+01	-1.114816e+03
3.020000e-06	-4.572333e-06	-1.895058e-08	-3.246168e+01	-1.125184e+03
3.030000e-06	-4.625708e-06	-1.911446e-08	-3.284062e+01	-1.134930e+03
3.040000e-06	-4.677082e-06	-1.926771e-08	-3.320535e+01	-1.144102e+03
3.050000e-06	-4.726591e-06	-1.941524e-08	-3.355685e+01	-1.152726e+03
3.060000e-06	-4.774114e-06	-1.955761e-08	-3.389424e+01	-1.160810e+03
3.070000e-06	-4.819779e-06	-1.968713e-08	-3.421844e+01	-1.168351e+03
3.080000e-06	-4.863935e-06	-1.980289e-08	-3.453193e+01	-1.175348e+03
3.090000e-06	-4.906618e-06	-1.990999e-08	-3.483496e+01	-1.181812e+03
3.100000e-06	-4.947797e-06	-2.001168e-08	-3.512731e+01	-1.187776e+03
3.110000e-06	-4.987340e-06	-2.010734e-08	-3.540806e+01	-1.193293e+03
3.120000e-06	-5.025004e-06	-2.019326e-08	-3.567545e+01	-1.198427e+03
3.130000e-06	-5.060750e-06	-2.027224e-08	-3.592924e+01	-1.203238e+03
3.140000e-06	-5.094757e-06	-2.034849e-08	-3.617067e+01	-1.207767e+03
3.150000e-06	-5.127096e-06	-2.042250e-08	-3.640026e+01	-1.212028e+03
3.160000e-06	-5.157637e-06	-2.048840e-08	-3.661710e+01	-1.216007e+03
3.170000e-06	-5.186143e-06	-2.054890e-08	-3.681948e+01	-1.219674e+03
3.180000e-06	-5.212764e-06	-2.060527e-08	-3.700847e+01	-1.222996e+03
3.190000e-06	-5.237670e-06	-2.065667e-08	-3.718530e+01	-1.225957e+03
3.200000e-06	-5.260730e-06	-2.070059e-08	-3.734901e+01	-1.228567e+03
3.210000e-06	-5.281824e-06	-2.073642e-08	-3.749877e+01	-1.230862e+03
3.220000e-06	-5.301048e-06	-2.076970e-08	-3.763525e+01	-1.232892e+03
3.230000e-06	-5.318532e-06	-2.080219e-08	-3.775939e+01	-1.234707e+03
3.240000e-06	-5.334134e-06	-2.083072e-08	-3.787015e+01	-1.236337e+03
3.250000e-06	-5.347521e-06	-2.085327e-08	-3.796519e+01	-1.237783e+03
3.260000e-06	-5.358753e-06	-2.087257e-08	-3.804494e+01	-1.239022e+03
3.270000e-06	-5.368163e-06	-2.089041e-08	-3.811174e+01	-1.240014e+03
3.280000e-06	-5.375778e-06	-2.090402e-08	-3.816580e+01	-1.240728e+03
3.290000e-06	-5.381382e-06	-2.091154e-08	-3.820559e+01	-1.241155e+03
3.300000e-06	-5.384965e-06	-2.091578e-08	-3.823103e+01	-1.241318e+03
3.310000e-06	-5.386793e-06	-2.092031e-08	-3.824401e+01	-1.241268e+03
3.320000e-06	-5.386908e-06	-2.091748e-08	-3.824482e+01	-1.241065e+03
