# Temperatura_=_60.0
# Concentracion g/m^3_=_22500.0
# C_Vs_to_Am_M_A/Vsm_=_59384043850.047264
# pendiente_HvsI_1/m_=_3716.3
# ordenada_HvsI_A/m_=_1297.0
# frecuencia_Hz_=_301157.7885951987

Tiempo_(s)	Campo_(V.s)	Magnetizacion_(V.s)	Campo_(kA/m)	Magnetizacion_(A/m)
0.000000e+00	-5.378580e-06	-2.107630e-08	-3.823183e+01	-1.250877e+03
1.000000e-08	-5.376288e-06	-2.106454e-08	-3.821554e+01	-1.250547e+03
2.000000e-08	-5.372113e-06	-2.105502e-08	-3.818586e+01	-1.250127e+03
3.000000e-08	-5.366263e-06	-2.104690e-08	-3.814427e+01	-1.249573e+03
4.000000e-08	-5.358813e-06	-2.103609e-08	-3.809132e+01	-1.248815e+03
5.000000e-08	-5.349611e-06	-2.101969e-08	-3.802591e+01	-1.247782e+03
6.000000e-08	-5.338389e-06	-2.100775e-08	-3.794614e+01	-1.246433e+03
7.000000e-08	-5.325168e-06	-2.100066e-08	-3.785216e+01	-1.244777e+03
8.000000e-08	-5.309769e-06	-2.093376e-08	-3.774271e+01	-1.242874e+03
9.000000e-08	-5.291938e-06	-2.083752e-08	-3.761596e+01	-1.240819e+03
1.000000e-07	-5.271964e-06	-2.082838e-08	-3.747398e+01	-1.238710e+03
1.100000e-07	-5.250166e-06	-2.082970e-08	-3.731904e+01	-1.236619e+03
1.200000e-07	-5.226813e-06	-2.083114e-08	-3.715304e+01	-1.234564e+03
1.300000e-07	-5.202213e-06	-2.083940e-08	-3.697818e+01	-1.232501e+03
1.400000e-07	-5.176058e-06	-2.065661e-08	-3.679227e+01	-1.230340e+03
1.500000e-07	-5.147970e-06	-2.061155e-08	-3.659261e+01	-1.227973e+03
1.600000e-07	-5.118278e-06	-2.071444e-08	-3.638156e+01	-1.225308e+03
1.700000e-07	-5.087022e-06	-2.051451e-08	-3.615938e+01	-1.222300e+03
1.800000e-07	-5.053710e-06	-2.042348e-08	-3.592260e+01	-1.218956e+03
1.900000e-07	-5.018414e-06	-2.043621e-08	-3.567171e+01	-1.215333e+03
2.000000e-07	-4.981514e-06	-2.033448e-08	-3.540941e+01	-1.211510e+03
2.100000e-07	-4.942959e-06	-2.037839e-08	-3.513536e+01	-1.207562e+03
2.200000e-07	-4.902696e-06	-2.028252e-08	-3.484917e+01	-1.203526e+03
2.300000e-07	-4.860579e-06	-2.009211e-08	-3.454979e+01	-1.199401e+03
2.400000e-07	-4.816503e-06	-2.009626e-08	-3.423649e+01	-1.195143e+03
2.500000e-07	-4.770706e-06	-2.005419e-08	-3.391096e+01	-1.190695e+03
2.600000e-07	-4.723175e-06	-1.997226e-08	-3.357310e+01	-1.186004e+03
2.700000e-07	-4.673681e-06	-1.986478e-08	-3.322129e+01	-1.181048e+03
2.800000e-07	-4.622155e-06	-1.976240e-08	-3.285503e+01	-1.175841e+03
2.900000e-07	-4.568700e-06	-1.975442e-08	-3.247507e+01	-1.170426e+03
3.000000e-07	-4.513593e-06	-1.966866e-08	-3.208336e+01	-1.164860e+03
3.100000e-07	-4.456921e-06	-1.951127e-08	-3.168052e+01	-1.159186e+03
3.200000e-07	-4.398563e-06	-1.938570e-08	-3.126571e+01	-1.153418e+03
3.300000e-07	-4.338539e-06	-1.934784e-08	-3.083904e+01	-1.147537e+03
3.400000e-07	-4.277061e-06	-1.927323e-08	-3.040205e+01	-1.141494e+03
3.500000e-07	-4.214232e-06	-1.909720e-08	-2.995545e+01	-1.135232e+03
3.600000e-07	-4.149943e-06	-1.898592e-08	-2.949848e+01	-1.128705e+03
3.700000e-07	-4.084008e-06	-1.890629e-08	-2.902980e+01	-1.121893e+03
3.800000e-07	-4.016341e-06	-1.879772e-08	-2.854881e+01	-1.114806e+03
3.900000e-07	-3.947186e-06	-1.865234e-08	-2.805725e+01	-1.107475e+03
4.000000e-07	-3.876774e-06	-1.849162e-08	-2.755675e+01	-1.099940e+03
4.100000e-07	-3.805112e-06	-1.839789e-08	-2.704736e+01	-1.092231e+03
4.200000e-07	-3.732034e-06	-1.829556e-08	-2.652791e+01	-1.084357e+03
4.300000e-07	-3.657379e-06	-1.813987e-08	-2.599725e+01	-1.076304e+03
4.400000e-07	-3.581183e-06	-1.796757e-08	-2.545563e+01	-1.068043e+03
4.500000e-07	-3.503568e-06	-1.783482e-08	-2.490393e+01	-1.059545e+03
4.600000e-07	-3.424536e-06	-1.771817e-08	-2.434216e+01	-1.050792e+03
4.700000e-07	-3.344100e-06	-1.754807e-08	-2.377041e+01	-1.041784e+03
4.800000e-07	-3.262377e-06	-1.737209e-08	-2.318951e+01	-1.032542e+03
4.900000e-07	-3.179543e-06	-1.722090e-08	-2.260071e+01	-1.023093e+03
5.000000e-07	-3.095744e-06	-1.708679e-08	-2.200506e+01	-1.013460e+03
5.100000e-07	-3.011041e-06	-1.692124e-08	-2.140297e+01	-1.003651e+03
5.200000e-07	-2.925422e-06	-1.672723e-08	-2.079438e+01	-9.936570e+02
5.300000e-07	-2.838825e-06	-1.655418e-08	-2.017884e+01	-9.834515e+02
5.400000e-07	-2.751284e-06	-1.639501e-08	-1.955658e+01	-9.730046e+02
5.500000e-07	-2.662774e-06	-1.621408e-08	-1.892743e+01	-9.622942e+02
5.600000e-07	-2.573240e-06	-1.600838e-08	-1.829101e+01	-9.513147e+02
5.700000e-07	-2.482693e-06	-1.582202e-08	-1.764739e+01	-9.400786e+02
5.800000e-07	-2.391166e-06	-1.565191e-08	-1.699680e+01	-9.286107e+02
5.900000e-07	-2.298768e-06	-1.545900e-08	-1.634002e+01	-9.169367e+02
6.000000e-07	-2.205662e-06	-1.523985e-08	-1.567821e+01	-9.050719e+02
6.100000e-07	-2.111874e-06	-1.502703e-08	-1.501155e+01	-8.930136e+02
6.200000e-07	-2.017336e-06	-1.483284e-08	-1.433955e+01	-8.807413e+02
6.300000e-07	-1.922109e-06	-1.462953e-08	-1.366267e+01	-8.682238e+02
6.400000e-07	-1.826262e-06	-1.440483e-08	-1.298137e+01	-8.554304e+02
6.500000e-07	-1.729739e-06	-1.418241e-08	-1.229527e+01	-8.423413e+02
6.600000e-07	-1.632453e-06	-1.397089e-08	-1.160375e+01	-8.289535e+02
6.700000e-07	-1.534444e-06	-1.374539e-08	-1.090708e+01	-8.152792e+02
6.800000e-07	-1.435785e-06	-1.349764e-08	-1.020579e+01	-8.013380e+02
6.900000e-07	-1.336555e-06	-1.325017e-08	-9.500450e+00	-7.871460e+02
7.000000e-07	-1.236803e-06	-1.301611e-08	-8.791400e+00	-7.727064e+02
7.100000e-07	-1.136588e-06	-1.277737e-08	-8.079052e+00	-7.580044e+02
7.200000e-07	-1.036009e-06	-1.251986e-08	-7.364119e+00	-7.430104e+02
7.300000e-07	-9.351650e-07	-1.225571e-08	-6.647306e+00	-7.276872e+02
7.400000e-07	-8.341094e-07	-1.199733e-08	-5.928986e+00	-7.120003e+02
7.500000e-07	-7.327430e-07	-1.173244e-08	-5.208457e+00	-6.959262e+02
7.600000e-07	-6.310747e-07	-1.144918e-08	-4.485782e+00	-6.794554e+02
7.700000e-07	-5.292045e-07	-1.116014e-08	-3.761672e+00	-6.625883e+02
7.800000e-07	-4.271588e-07	-1.087566e-08	-3.036315e+00	-6.453264e+02
7.900000e-07	-3.249294e-07	-1.058798e-08	-2.309652e+00	-6.276613e+02
8.000000e-07	-2.225328e-07	-1.028016e-08	-1.581800e+00	-6.095651e+02
8.100000e-07	-1.200851e-07	-9.958471e-09	-8.535848e-01	-5.909854e+02
8.200000e-07	-1.765472e-08	-9.636613e-09	-1.254927e-01	-5.718469e+02
8.300000e-07	8.477960e-08	-9.308785e-09	6.026273e-01	-5.520573e+02
8.400000e-07	1.871777e-07	-8.961375e-09	1.330490e+00	-5.315172e+02
8.500000e-07	2.894839e-07	-8.594564e-09	2.057699e+00	-5.101303e+02
8.600000e-07	3.916759e-07	-8.221484e-09	2.784096e+00	-4.878102e+02
8.700000e-07	4.937577e-07	-7.837010e-09	3.509710e+00	-4.644852e+02
8.800000e-07	5.957289e-07	-7.425713e-09	4.234539e+00	-4.400966e+02
8.900000e-07	6.974930e-07	-6.987685e-09	4.957894e+00	-4.145947e+02
9.000000e-07	7.989846e-07	-6.536152e-09	5.679313e+00	-3.879295e+02
9.100000e-07	9.001826e-07	-6.071944e-09	6.398645e+00	-3.600391e+02
9.200000e-07	1.001088e-06	-5.582978e-09	7.115895e+00	-3.308368e+02
9.300000e-07	1.101702e-06	-5.061341e-09	7.831080e+00	-3.001978e+02
9.400000e-07	1.202008e-06	-4.513424e-09	8.544066e+00	-2.679502e+02
9.500000e-07	1.301960e-06	-3.941200e-09	9.254542e+00	-2.338721e+02
9.600000e-07	1.401459e-06	-3.331697e-09	9.961802e+00	-1.977007e+02
9.700000e-07	1.500395e-06	-2.675503e-09	1.066505e+01	-1.591542e+02
9.800000e-07	1.598647e-06	-1.974945e-09	1.136345e+01	-1.179675e+02
9.900000e-07	1.696117e-06	-1.232438e-09	1.205628e+01	-7.393758e+01
1.000000e-06	1.792848e-06	-4.377549e-10	1.274386e+01	-2.697130e+01
1.010000e-06	1.888967e-06	4.114028e-10	1.342709e+01	2.287311e+01
1.020000e-06	1.984471e-06	1.302845e-09	1.410595e+01	7.536035e+01
1.030000e-06	2.079259e-06	2.223528e-09	1.477971e+01	1.300749e+02
1.040000e-06	2.173313e-06	3.171460e-09	1.544827e+01	1.864429e+02
1.050000e-06	2.266690e-06	4.142979e-09	1.611200e+01	2.437762e+02
1.060000e-06	2.359402e-06	5.118741e-09	1.677101e+01	3.013313e+02
1.070000e-06	2.451443e-06	6.080075e-09	1.742526e+01	3.583720e+02
1.080000e-06	2.542643e-06	7.017545e-09	1.807352e+01	4.142269e+02
1.090000e-06	2.632713e-06	7.928839e-09	1.871375e+01	4.683317e+02
1.100000e-06	2.721574e-06	8.805152e-09	1.934540e+01	5.202534e+02
1.110000e-06	2.809429e-06	9.636037e-09	1.996988e+01	5.696947e+02
1.120000e-06	2.896401e-06	1.041822e-08	2.058809e+01	6.164838e+02
1.130000e-06	2.982421e-06	1.115704e-08	2.119954e+01	6.605539e+02
1.140000e-06	3.067474e-06	1.185328e-08	2.180411e+01	7.019180e+02
1.150000e-06	3.151638e-06	1.250285e-08	2.240236e+01	7.406449e+02
1.160000e-06	3.234829e-06	1.311036e-08	2.299370e+01	7.768377e+02
1.170000e-06	3.316784e-06	1.368096e-08	2.357625e+01	8.106181e+02
1.180000e-06	3.397493e-06	1.421349e-08	2.414993e+01	8.421148e+02
1.190000e-06	3.476925e-06	1.470394e-08	2.471455e+01	8.714571e+02
1.200000e-06	3.555069e-06	1.515666e-08	2.527001e+01	8.987721e+02
1.210000e-06	3.632014e-06	1.557969e-08	2.581695e+01	9.241853e+02
1.220000e-06	3.707628e-06	1.597536e-08	2.635442e+01	9.478222e+02
1.230000e-06	3.781651e-06	1.634206e-08	2.688060e+01	9.698109e+02
1.240000e-06	3.854101e-06	1.668345e-08	2.739558e+01	9.902820e+02
1.250000e-06	3.925203e-06	1.700497e-08	2.790098e+01	1.009367e+03
1.260000e-06	3.995001e-06	1.730814e-08	2.839712e+01	1.027195e+03
1.270000e-06	4.063515e-06	1.758945e-08	2.888413e+01	1.043881e+03
1.280000e-06	4.130619e-06	1.784880e-08	2.936111e+01	1.059526e+03
1.290000e-06	4.196041e-06	1.809165e-08	2.982615e+01	1.074207e+03
1.300000e-06	4.259876e-06	1.832273e-08	3.027990e+01	1.087980e+03
1.310000e-06	4.322289e-06	1.854126e-08	3.072354e+01	1.100888e+03
1.320000e-06	4.383330e-06	1.874287e-08	3.115743e+01	1.112966e+03
1.330000e-06	4.443058e-06	1.893110e-08	3.158199e+01	1.124253e+03
1.340000e-06	4.501126e-06	1.910991e-08	3.199474e+01	1.134799e+03
1.350000e-06	4.557372e-06	1.927636e-08	3.239455e+01	1.144661e+03
1.360000e-06	4.612031e-06	1.942955e-08	3.278307e+01	1.153906e+03
1.370000e-06	4.665018e-06	1.957235e-08	3.315971e+01	1.162592e+03
1.380000e-06	4.716001e-06	1.970894e-08	3.352210e+01	1.170766e+03
1.390000e-06	4.764954e-06	1.984001e-08	3.387007e+01	1.178456e+03
1.400000e-06	4.812177e-06	1.996146e-08	3.420574e+01	1.185669e+03
1.410000e-06	4.857836e-06	2.007332e-08	3.453029e+01	1.192404e+03
1.420000e-06	4.901936e-06	2.017713e-08	3.484376e+01	1.198660e+03
1.430000e-06	4.944201e-06	2.027297e-08	3.514419e+01	1.204453e+03
1.440000e-06	4.984563e-06	2.036246e-08	3.543109e+01	1.209814e+03
1.450000e-06	5.023248e-06	2.044687e-08	3.570607e+01	1.214796e+03
1.460000e-06	5.060309e-06	2.052712e-08	3.596951e+01	1.219455e+03
1.470000e-06	5.095631e-06	2.060356e-08	3.622058e+01	1.223842e+03
1.480000e-06	5.128933e-06	2.067366e-08	3.645730e+01	1.227986e+03
1.490000e-06	5.160377e-06	2.073663e-08	3.668081e+01	1.231888e+03
1.500000e-06	5.190175e-06	2.079572e-08	3.689261e+01	1.235525e+03
1.510000e-06	5.218271e-06	2.085228e-08	3.709232e+01	1.238864e+03
1.520000e-06	5.244416e-06	2.090406e-08	3.727817e+01	1.241878e+03
1.530000e-06	5.268540e-06	2.094809e-08	3.744965e+01	1.244558e+03
1.540000e-06	5.290870e-06	2.098733e-08	3.760837e+01	1.246924e+03
1.550000e-06	5.311505e-06	2.102529e-08	3.775505e+01	1.249019e+03
1.560000e-06	5.330394e-06	2.105929e-08	3.788931e+01	1.250891e+03
1.570000e-06	5.347334e-06	2.108693e-08	3.800972e+01	1.252581e+03
1.580000e-06	5.362344e-06	2.111026e-08	3.811642e+01	1.254104e+03
1.590000e-06	5.375363e-06	2.113158e-08	3.820896e+01	1.255446e+03
1.600000e-06	5.386154e-06	2.114997e-08	3.828567e+01	1.256571e+03
1.610000e-06	5.394800e-06	2.116270e-08	3.834712e+01	1.257437e+03
1.620000e-06	5.401561e-06	2.116958e-08	3.839518e+01	1.258020e+03
1.630000e-06	5.406526e-06	2.117466e-08	3.843047e+01	1.258323e+03
1.640000e-06	5.409594e-06	2.117662e-08	3.845228e+01	1.258384e+03
1.650000e-06	5.410680e-06	2.117325e-08	3.846000e+01	1.258262e+03
1.660000e-06	5.409938e-06	2.117227e-08	3.845472e+01	1.258018e+03
1.670000e-06	5.407583e-06	2.117152e-08	3.843798e+01	1.257689e+03
1.680000e-06	5.403587e-06	2.116395e-08	3.840958e+01	1.257272e+03
1.690000e-06	5.397669e-06	2.115151e-08	3.836752e+01	1.256722e+03
1.700000e-06	5.389871e-06	2.113416e-08	3.831208e+01	1.255971e+03
1.710000e-06	5.380461e-06	2.111183e-08	3.824520e+01	1.254947e+03
1.720000e-06	5.369417e-06	2.107031e-08	3.816670e+01	1.253608e+03
1.730000e-06	5.356480e-06	2.104757e-08	3.807474e+01	1.251961e+03
1.740000e-06	5.341513e-06	2.109990e-08	3.796835e+01	1.250064e+03
1.750000e-06	5.324402e-06	2.107235e-08	3.784672e+01	1.248010e+03
1.760000e-06	5.304774e-06	2.099441e-08	3.770720e+01	1.245900e+03
1.770000e-06	5.282638e-06	2.089932e-08	3.754986e+01	1.243807e+03
1.780000e-06	5.258763e-06	2.078185e-08	3.738015e+01	1.241749e+03
1.790000e-06	5.233859e-06	2.094451e-08	3.720313e+01	1.239686e+03
1.800000e-06	5.207681e-06	2.093753e-08	3.701705e+01	1.237528e+03
1.810000e-06	5.179537e-06	2.066638e-08	3.681700e+01	1.235169e+03
1.820000e-06	5.149524e-06	2.079693e-08	3.660366e+01	1.232515e+03
1.830000e-06	5.117859e-06	2.080883e-08	3.637858e+01	1.229517e+03
1.840000e-06	5.084226e-06	2.066404e-08	3.613951e+01	1.226182e+03
1.850000e-06	5.048888e-06	2.071612e-08	3.588832e+01	1.222566e+03
1.860000e-06	5.011896e-06	2.048167e-08	3.562538e+01	1.218748e+03
1.870000e-06	4.972920e-06	2.039565e-08	3.534833e+01	1.214801e+03
1.880000e-06	4.932224e-06	2.051036e-08	3.505906e+01	1.210767e+03
1.890000e-06	4.889862e-06	2.032948e-08	3.475794e+01	1.206644e+03
1.900000e-06	4.845917e-06	2.026450e-08	3.444557e+01	1.202390e+03
1.910000e-06	4.800315e-06	2.018829e-08	3.412143e+01	1.197948e+03
1.920000e-06	4.752679e-06	2.010777e-08	3.378282e+01	1.193265e+03
1.930000e-06	4.703310e-06	2.010781e-08	3.343190e+01	1.188317e+03
1.940000e-06	4.652311e-06	1.983959e-08	3.306939e+01	1.183116e+03
1.950000e-06	4.599383e-06	1.976030e-08	3.269317e+01	1.177707e+03
1.960000e-06	4.544501e-06	1.976866e-08	3.230305e+01	1.172144e+03
1.970000e-06	4.487835e-06	1.966083e-08	3.190027e+01	1.166471e+03
1.980000e-06	4.429637e-06	1.954782e-08	3.148659e+01	1.160705e+03
1.990000e-06	4.369979e-06	1.936264e-08	3.106253e+01	1.154827e+03
2.000000e-06	4.308736e-06	1.937206e-08	3.062720e+01	1.148789e+03
2.010000e-06	4.245849e-06	1.927867e-08	3.018019e+01	1.142534e+03
2.020000e-06	4.181401e-06	1.909371e-08	2.972208e+01	1.136016e+03
2.030000e-06	4.115543e-06	1.900039e-08	2.925395e+01	1.129213e+03
2.040000e-06	4.048261e-06	1.887215e-08	2.877571e+01	1.122133e+03
2.050000e-06	3.979481e-06	1.881910e-08	2.828680e+01	1.114808e+03
2.060000e-06	3.909152e-06	1.863301e-08	2.778689e+01	1.107278e+03
2.070000e-06	3.837324e-06	1.846781e-08	2.727633e+01	1.099574e+03
2.080000e-06	3.764193e-06	1.838848e-08	2.675650e+01	1.091704e+03
2.090000e-06	3.689688e-06	1.825935e-08	2.622691e+01	1.083656e+03
2.100000e-06	3.613656e-06	1.812314e-08	2.568646e+01	1.075402e+03
2.110000e-06	3.536038e-06	1.791986e-08	2.513473e+01	1.066911e+03
2.120000e-06	3.456972e-06	1.781003e-08	2.457272e+01	1.058165e+03
2.130000e-06	3.376714e-06	1.769025e-08	2.400223e+01	1.049165e+03
2.140000e-06	3.295341e-06	1.751340e-08	2.342382e+01	1.039929e+03
2.150000e-06	3.212975e-06	1.732730e-08	2.283835e+01	1.030485e+03
2.160000e-06	3.129591e-06	1.715722e-08	2.224564e+01	1.020857e+03
2.170000e-06	3.045037e-06	1.704559e-08	2.164462e+01	1.011053e+03
2.180000e-06	2.959255e-06	1.686159e-08	2.103487e+01	1.001064e+03
2.190000e-06	2.872279e-06	1.666205e-08	2.041663e+01	9.908651e+02
2.200000e-06	2.784264e-06	1.648913e-08	1.979100e+01	9.804256e+02
2.210000e-06	2.695310e-06	1.634143e-08	1.915870e+01	9.697233e+02
2.220000e-06	2.605531e-06	1.615891e-08	1.852054e+01	9.587516e+02
2.230000e-06	2.515023e-06	1.592782e-08	1.787720e+01	9.475227e+02
2.240000e-06	2.423681e-06	1.573869e-08	1.722792e+01	9.360610e+02
2.250000e-06	2.331398e-06	1.557219e-08	1.657196e+01	9.243924e+02
2.260000e-06	2.238314e-06	1.538560e-08	1.591030e+01	9.125327e+02
2.270000e-06	2.144424e-06	1.515606e-08	1.524291e+01	9.004799e+02
2.280000e-06	2.049580e-06	1.493981e-08	1.456875e+01	8.882142e+02
2.290000e-06	1.953889e-06	1.475266e-08	1.388856e+01	8.757044e+02
2.300000e-06	1.857566e-06	1.454003e-08	1.320388e+01	8.629196e+02
2.310000e-06	1.760717e-06	1.429324e-08	1.251546e+01	8.498397e+02
2.320000e-06	1.663342e-06	1.405668e-08	1.182331e+01	8.364607e+02
2.330000e-06	1.565438e-06	1.385239e-08	1.112739e+01	8.227947e+02
2.340000e-06	1.466953e-06	1.363335e-08	1.042734e+01	8.088611e+02
2.350000e-06	1.367977e-06	1.337617e-08	9.723805e+00	7.946763e+02
2.360000e-06	1.268635e-06	1.311707e-08	9.017668e+00	7.802440e+02
2.370000e-06	1.168909e-06	1.288319e-08	8.308798e+00	7.655503e+02
2.380000e-06	1.068823e-06	1.264236e-08	7.597369e+00	7.505657e+02
2.390000e-06	9.683942e-07	1.236873e-08	6.883505e+00	7.352532e+02
2.400000e-06	8.676445e-07	1.209010e-08	6.167359e+00	7.195782e+02
2.410000e-06	7.665345e-07	1.183281e-08	5.448653e+00	7.035166e+02
2.420000e-06	6.649408e-07	1.157145e-08	4.726508e+00	6.870584e+02
2.430000e-06	5.629551e-07	1.127864e-08	4.001577e+00	6.702037e+02
2.440000e-06	4.607867e-07	1.097213e-08	3.275347e+00	6.529543e+02
2.450000e-06	3.584687e-07	1.068039e-08	2.548055e+00	6.353023e+02
2.460000e-06	2.559479e-07	1.039109e-08	1.819319e+00	6.172207e+02
2.470000e-06	1.533000e-07	1.007262e-08	1.089681e+00	5.986578e+02
2.480000e-06	5.065964e-08	9.736044e-09	3.600970e-01	5.795392e+02
2.490000e-06	-5.197161e-08	9.405814e-09	-3.694228e-01	5.597729e+02
2.500000e-06	-1.546199e-07	9.075007e-09	-1.099064e+00	5.392597e+02
2.510000e-06	-2.572158e-07	8.715644e-09	-1.828332e+00	5.179030e+02
2.520000e-06	-3.596424e-07	8.327182e-09	-2.556397e+00	4.956159e+02
2.530000e-06	-4.618587e-07	7.936030e-09	-3.282967e+00	4.723262e+02
2.540000e-06	-5.639075e-07	7.537841e-09	-4.008347e+00	4.479749e+02
2.550000e-06	-6.656604e-07	7.107673e-09	-4.731623e+00	4.225120e+02
2.560000e-06	-7.669629e-07	6.643572e-09	-5.451698e+00	3.958876e+02
2.570000e-06	-8.678580e-07	6.170946e-09	-6.168877e+00	3.680407e+02
2.580000e-06	-9.684063e-07	5.695656e-09	-6.883591e+00	3.388855e+02
2.590000e-06	-1.068540e-06	5.189323e-09	-7.595355e+00	3.082989e+02
2.600000e-06	-1.168276e-06	4.641890e-09	-8.304300e+00	2.761107e+02
2.610000e-06	-1.267677e-06	4.065452e-09	-9.010857e+00	2.421007e+02
2.620000e-06	-1.366698e-06	3.467082e-09	-9.714711e+00	2.060072e+02
2.630000e-06	-1.465271e-06	2.826509e-09	-1.041539e+01	1.675486e+02
2.640000e-06	-1.563345e-06	2.128794e-09	-1.111251e+01	1.264586e+02
2.650000e-06	-1.660895e-06	1.388530e-09	-1.180591e+01	8.253103e+01
2.660000e-06	-1.757891e-06	6.119609e-10	-1.249537e+01	3.566800e+01
2.670000e-06	-1.854373e-06	-2.125412e-10	-1.318118e+01	-1.407820e+01
2.680000e-06	-1.950308e-06	-1.093438e-09	-1.386311e+01	-6.647879e+01
2.690000e-06	-2.045641e-06	-2.014929e-09	-1.454075e+01	-1.211245e+02
2.700000e-06	-2.140316e-06	-2.957053e-09	-1.521371e+01	-1.774463e+02
2.710000e-06	-2.234111e-06	-3.915095e-09	-1.588043e+01	-2.347595e+02
2.720000e-06	-2.326879e-06	-4.887310e-09	-1.653984e+01	-2.923212e+02
2.730000e-06	-2.418666e-06	-5.854817e-09	-1.719228e+01	-3.493939e+02
2.740000e-06	-2.509596e-06	-6.794224e-09	-1.783862e+01	-4.053032e+02
2.750000e-06	-2.599652e-06	-7.700093e-09	-1.847876e+01	-4.594805e+02
2.760000e-06	-2.688782e-06	-8.576944e-09	-1.911230e+01	-5.114877e+02
2.770000e-06	-2.776998e-06	-9.419429e-09	-1.973935e+01	-5.610228e+02
2.780000e-06	-2.864353e-06	-1.021269e-08	-2.036029e+01	-6.079100e+02
2.790000e-06	-2.950686e-06	-1.095452e-08	-2.097396e+01	-6.520790e+02
2.800000e-06	-3.035743e-06	-1.165434e-08	-2.157856e+01	-6.935405e+02
2.810000e-06	-3.119602e-06	-1.231418e-08	-2.217464e+01	-7.323615e+02
2.820000e-06	-3.202428e-06	-1.292769e-08	-2.276338e+01	-7.686445e+02
2.830000e-06	-3.284231e-06	-1.349511e-08	-2.334485e+01	-8.025104e+02
2.840000e-06	-3.364977e-06	-1.402726e-08	-2.391881e+01	-8.340881e+02
2.850000e-06	-3.444678e-06	-1.452952e-08	-2.448533e+01	-8.635067e+02
2.860000e-06	-3.523005e-06	-1.499640e-08	-2.504210e+01	-8.908935e+02
2.870000e-06	-3.599635e-06	-1.542647e-08	-2.558680e+01	-9.163741e+02
2.880000e-06	-3.674778e-06	-1.582624e-08	-2.612092e+01	-9.400740e+02
2.890000e-06	-3.748577e-06	-1.620295e-08	-2.664550e+01	-9.621209e+02
2.900000e-06	-3.821068e-06	-1.655338e-08	-2.716078e+01	-9.826455e+02
2.910000e-06	-3.892364e-06	-1.687394e-08	-2.766756e+01	-1.001780e+03
2.920000e-06	-3.962224e-06	-1.717301e-08	-2.816414e+01	-1.019652e+03
2.930000e-06	-4.030432e-06	-1.745861e-08	-2.864897e+01	-1.036379e+03
2.940000e-06	-4.097207e-06	-1.772808e-08	-2.912362e+01	-1.052061e+03
2.950000e-06	-4.162673e-06	-1.797616e-08	-2.958896e+01	-1.066776e+03
2.960000e-06	-4.226761e-06	-1.820629e-08	-3.004451e+01	-1.080583e+03
2.970000e-06	-4.289409e-06	-1.842540e-08	-3.048982e+01	-1.093523e+03
2.980000e-06	-4.350336e-06	-1.863262e-08	-3.092290e+01	-1.105632e+03
2.990000e-06	-4.409559e-06	-1.882185e-08	-3.134387e+01	-1.116948e+03
3.000000e-06	-4.467373e-06	-1.899659e-08	-3.175482e+01	-1.127520e+03
3.010000e-06	-4.523741e-06	-1.916449e-08	-3.215549e+01	-1.137408e+03
3.020000e-06	-4.578442e-06	-1.932422e-08	-3.254431e+01	-1.146675e+03
3.030000e-06	-4.631202e-06	-1.947146e-08	-3.291934e+01	-1.155382e+03
3.040000e-06	-4.682066e-06	-1.960898e-08	-3.328089e+01	-1.163576e+03
3.050000e-06	-4.731079e-06	-1.974044e-08	-3.362928e+01	-1.171284e+03
3.060000e-06	-4.778054e-06	-1.986509e-08	-3.396319e+01	-1.178516e+03
3.070000e-06	-4.823298e-06	-1.997754e-08	-3.428479e+01	-1.185269e+03
3.080000e-06	-4.867127e-06	-2.008001e-08	-3.459634e+01	-1.191544e+03
3.090000e-06	-4.909469e-06	-2.017687e-08	-3.489731e+01	-1.197354e+03
3.100000e-06	-4.950248e-06	-2.026908e-08	-3.518717e+01	-1.202732e+03
3.110000e-06	-4.989365e-06	-2.035577e-08	-3.546523e+01	-1.207728e+03
3.120000e-06	-5.026610e-06	-2.043415e-08	-3.572997e+01	-1.212399e+03
3.130000e-06	-5.061997e-06	-2.050622e-08	-3.598151e+01	-1.216797e+03
3.140000e-06	-5.095683e-06	-2.057535e-08	-3.622095e+01	-1.220951e+03
3.150000e-06	-5.127607e-06	-2.064057e-08	-3.644787e+01	-1.224863e+03
3.160000e-06	-5.157579e-06	-2.069936e-08	-3.666092e+01	-1.228512e+03
3.170000e-06	-5.185587e-06	-2.075440e-08	-3.686000e+01	-1.231864e+03
3.180000e-06	-5.211808e-06	-2.080687e-08	-3.704639e+01	-1.234891e+03
3.190000e-06	-5.236261e-06	-2.085483e-08	-3.722020e+01	-1.237585e+03
3.200000e-06	-5.258840e-06	-2.089582e-08	-3.738069e+01	-1.239963e+03
3.210000e-06	-5.279440e-06	-2.093040e-08	-3.752713e+01	-1.242068e+03
3.220000e-06	-5.298225e-06	-2.096209e-08	-3.766065e+01	-1.243949e+03
3.230000e-06	-5.315349e-06	-2.099124e-08	-3.778237e+01	-1.245647e+03
3.240000e-06	-5.330546e-06	-2.101605e-08	-3.789039e+01	-1.247178e+03
3.250000e-06	-5.343465e-06	-2.103651e-08	-3.798222e+01	-1.248529e+03
3.260000e-06	-5.354237e-06	-2.105465e-08	-3.805879e+01	-1.249664e+03
3.270000e-06	-5.363195e-06	-2.107150e-08	-3.812247e+01	-1.250541e+03
3.280000e-06	-5.370328e-06	-2.108345e-08	-3.817317e+01	-1.251136e+03
3.290000e-06	-5.375416e-06	-2.108985e-08	-3.820933e+01	-1.251450e+03
3.300000e-06	-5.378594e-06	-2.109405e-08	-3.823192e+01	-1.251520e+03
3.310000e-06	-5.380097e-06	-2.109638e-08	-3.824261e+01	-1.251406e+03
3.320000e-06	-5.379817e-06	-2.108990e-08	-3.824062e+01	-1.251167e+03
