# Temperatura_=_67.04
# Concentracion g/m^3_=_22500.0
# C_Vs_to_Am_M_A/Vsm_=_59384043850.047264
# pendiente_HvsI_1/m_=_3716.3
# ordenada_HvsI_A/m_=_1297.0
# frecuencia_Hz_=_301156.6993202898

Tiempo_(s)	Campo_(V.s)	Magnetizacion_(V.s)	Campo_(kA/m)	Magnetizacion_(A/m)
0.000000e+00	-5.390400e-06	-2.117843e-08	-3.823977e+01	-1.256300e+03
1.000000e-08	-5.388296e-06	-2.116598e-08	-3.822484e+01	-1.255932e+03
2.000000e-08	-5.384279e-06	-2.115322e-08	-3.819634e+01	-1.255416e+03
3.000000e-08	-5.378552e-06	-2.114239e-08	-3.815571e+01	-1.254744e+03
4.000000e-08	-5.371254e-06	-2.113137e-08	-3.810394e+01	-1.253895e+03
5.000000e-08	-5.362260e-06	-2.111560e-08	-3.804014e+01	-1.252838e+03
6.000000e-08	-5.351253e-06	-2.109923e-08	-3.796205e+01	-1.251546e+03
7.000000e-08	-5.338231e-06	-2.108459e-08	-3.786967e+01	-1.250007e+03
8.000000e-08	-5.323130e-06	-2.103207e-08	-3.776255e+01	-1.248237e+03
9.000000e-08	-5.305567e-06	-2.095907e-08	-3.763796e+01	-1.246276e+03
1.000000e-07	-5.285728e-06	-2.094528e-08	-3.749722e+01	-1.244183e+03
1.100000e-07	-5.264063e-06	-2.093457e-08	-3.734352e+01	-1.242018e+03
1.200000e-07	-5.240795e-06	-2.091680e-08	-3.717846e+01	-1.239821e+03
1.300000e-07	-5.216249e-06	-2.090564e-08	-3.700433e+01	-1.237601e+03
1.400000e-07	-5.190229e-06	-2.076770e-08	-3.681974e+01	-1.235325e+03
1.500000e-07	-5.162285e-06	-2.072674e-08	-3.662151e+01	-1.232932e+03
1.600000e-07	-5.132662e-06	-2.077692e-08	-3.641136e+01	-1.230344e+03
1.700000e-07	-5.101456e-06	-2.061507e-08	-3.618998e+01	-1.227489e+03
1.800000e-07	-5.068262e-06	-2.054081e-08	-3.595451e+01	-1.224324e+03
1.900000e-07	-5.033114e-06	-2.053874e-08	-3.570516e+01	-1.220842e+03
2.000000e-07	-4.996381e-06	-2.044927e-08	-3.544457e+01	-1.217075e+03
2.100000e-07	-4.957938e-06	-2.045172e-08	-3.517186e+01	-1.213078e+03
2.200000e-07	-4.917776e-06	-2.035715e-08	-3.488695e+01	-1.208913e+03
2.300000e-07	-4.875853e-06	-2.021062e-08	-3.458955e+01	-1.204627e+03
2.400000e-07	-4.831923e-06	-2.018933e-08	-3.427790e+01	-1.200239e+03
2.500000e-07	-4.786158e-06	-2.012811e-08	-3.395325e+01	-1.195737e+03
2.600000e-07	-4.738628e-06	-2.005391e-08	-3.361606e+01	-1.191086e+03
2.700000e-07	-4.689235e-06	-1.994907e-08	-3.326567e+01	-1.186241e+03
2.800000e-07	-4.637773e-06	-1.985414e-08	-3.290059e+01	-1.181166e+03
2.900000e-07	-4.584278e-06	-1.983013e-08	-3.252110e+01	-1.175847e+03
3.000000e-07	-4.529172e-06	-1.973455e-08	-3.213017e+01	-1.170293e+03
3.100000e-07	-4.472638e-06	-1.959735e-08	-3.172911e+01	-1.164534e+03
3.200000e-07	-4.414419e-06	-1.948445e-08	-3.131611e+01	-1.158607e+03
3.300000e-07	-4.354391e-06	-1.941512e-08	-3.089027e+01	-1.152540e+03
3.400000e-07	-4.292872e-06	-1.932330e-08	-3.045385e+01	-1.146345e+03
3.500000e-07	-4.230002e-06	-1.917326e-08	-3.000784e+01	-1.140009e+03
3.600000e-07	-4.165705e-06	-1.906608e-08	-2.955172e+01	-1.133500e+03
3.700000e-07	-4.099803e-06	-1.897442e-08	-2.908421e+01	-1.126778e+03
3.800000e-07	-4.032186e-06	-1.886428e-08	-2.860452e+01	-1.119805e+03
3.900000e-07	-3.963099e-06	-1.872655e-08	-2.811442e+01	-1.112559e+03
4.000000e-07	-3.892694e-06	-1.857226e-08	-2.761497e+01	-1.105038e+03
4.100000e-07	-3.820970e-06	-1.847105e-08	-2.710615e+01	-1.097261e+03
4.200000e-07	-3.747902e-06	-1.835755e-08	-2.658780e+01	-1.089257e+03
4.300000e-07	-3.673227e-06	-1.820428e-08	-2.605805e+01	-1.081057e+03
4.400000e-07	-3.596969e-06	-1.803847e-08	-2.551708e+01	-1.072682e+03
4.500000e-07	-3.519380e-06	-1.790021e-08	-2.496665e+01	-1.064139e+03
4.600000e-07	-3.440401e-06	-1.777598e-08	-2.440638e+01	-1.055419e+03
4.700000e-07	-3.359935e-06	-1.761397e-08	-2.383554e+01	-1.046498e+03
4.800000e-07	-3.278170e-06	-1.744808e-08	-2.325550e+01	-1.037351e+03
4.900000e-07	-3.195342e-06	-1.729478e-08	-2.266792e+01	-1.027956e+03
5.000000e-07	-3.111460e-06	-1.714944e-08	-2.207285e+01	-1.018301e+03
5.100000e-07	-3.026659e-06	-1.698050e-08	-2.147127e+01	-1.008385e+03
5.200000e-07	-2.941043e-06	-1.679218e-08	-2.086390e+01	-9.982212e+02
5.300000e-07	-2.854471e-06	-1.661681e-08	-2.024976e+01	-9.878254e+02
5.400000e-07	-2.766900e-06	-1.645104e-08	-1.962853e+01	-9.772138e+02
5.500000e-07	-2.678382e-06	-1.627000e-08	-1.900058e+01	-9.663957e+02
5.600000e-07	-2.588925e-06	-1.607065e-08	-1.836596e+01	-9.553705e+02
5.700000e-07	-2.498355e-06	-1.588292e-08	-1.772346e+01	-9.441280e+02
5.800000e-07	-2.406630e-06	-1.570503e-08	-1.707275e+01	-9.326509e+02
5.900000e-07	-2.314100e-06	-1.551037e-08	-1.641634e+01	-9.209203e+02
6.000000e-07	-2.220949e-06	-1.529637e-08	-1.575553e+01	-9.089209e+02
6.100000e-07	-2.127056e-06	-1.508495e-08	-1.508944e+01	-8.966447e+02
6.200000e-07	-2.032407e-06	-1.488273e-08	-1.441800e+01	-8.840926e+02
6.300000e-07	-1.937050e-06	-1.467017e-08	-1.374153e+01	-8.712729e+02
6.400000e-07	-1.840995e-06	-1.444202e-08	-1.306011e+01	-8.581972e+02
6.500000e-07	-1.744283e-06	-1.421516e-08	-1.237403e+01	-8.448757e+02
6.600000e-07	-1.646947e-06	-1.399555e-08	-1.168352e+01	-8.313121e+02
6.700000e-07	-1.548959e-06	-1.376716e-08	-1.098839e+01	-8.175012e+02
6.800000e-07	-1.450240e-06	-1.352366e-08	-1.028807e+01	-8.034285e+02
6.900000e-07	-1.350770e-06	-1.327820e-08	-9.582428e+00	-7.890731e+02
7.000000e-07	-1.250696e-06	-1.303805e-08	-8.872502e+00	-7.744119e+02
7.100000e-07	-1.150269e-06	-1.278979e-08	-8.160063e+00	-7.594248e+02
7.200000e-07	-1.049593e-06	-1.252659e-08	-7.445868e+00	-7.440978e+02
7.300000e-07	-9.486401e-07	-1.225905e-08	-6.729700e+00	-7.284242e+02
7.400000e-07	-8.474153e-07	-1.199436e-08	-6.011606e+00	-7.124029e+02
7.500000e-07	-7.458919e-07	-1.172431e-08	-5.291394e+00	-6.960338e+02
7.600000e-07	-6.440823e-07	-1.143973e-08	-4.569152e+00	-6.793128e+02
7.700000e-07	-5.420388e-07	-1.114831e-08	-3.845250e+00	-6.622267e+02
7.800000e-07	-4.398070e-07	-1.085672e-08	-3.120013e+00	-6.447505e+02
7.900000e-07	-3.374282e-07	-1.056065e-08	-2.393732e+00	-6.268463e+02
8.000000e-07	-2.349056e-07	-1.024904e-08	-1.666432e+00	-6.084645e+02
8.100000e-07	-1.322883e-07	-9.924332e-09	-9.384601e-01	-5.895460e+02
8.200000e-07	-2.965333e-08	-9.595719e-09	-2.103622e-01	-5.700236e+02
8.300000e-07	7.296968e-08	-9.260380e-09	5.176505e-01	-5.498236e+02
8.400000e-07	1.755852e-07	-8.907259e-09	1.245610e+00	-5.288660e+02
8.500000e-07	2.781503e-07	-8.534473e-09	1.973212e+00	-5.070658e+02
8.600000e-07	3.806337e-07	-8.152135e-09	2.700234e+00	-4.843345e+02
8.700000e-07	4.829495e-07	-7.757896e-09	3.426067e+00	-4.605840e+02
8.800000e-07	5.850434e-07	-7.339428e-09	4.150327e+00	-4.357304e+02
8.900000e-07	6.869144e-07	-6.894524e-09	4.873005e+00	-4.096963e+02
9.000000e-07	7.885524e-07	-6.432426e-09	5.594030e+00	-3.824103e+02
9.100000e-07	8.899440e-07	-5.954868e-09	6.313307e+00	-3.537981e+02
9.200000e-07	9.910476e-07	-5.451651e-09	7.030541e+00	-3.237695e+02
9.300000e-07	1.091843e-06	-4.915072e-09	7.745588e+00	-2.922000e+02
9.400000e-07	1.192345e-06	-4.349586e-09	8.458555e+00	-2.589141e+02
9.500000e-07	1.292535e-06	-3.755817e-09	9.169309e+00	-2.236780e+02
9.600000e-07	1.392321e-06	-3.123393e-09	9.877197e+00	-1.862072e+02
9.700000e-07	1.491470e-06	-2.445257e-09	1.058056e+01	-1.461931e+02
9.800000e-07	1.589823e-06	-1.720624e-09	1.127828e+01	-1.033494e+02
9.900000e-07	1.687456e-06	-9.477957e-10	1.197090e+01	-5.746942e+01
1.000000e-06	1.784474e-06	-1.193478e-10	1.265915e+01	-8.485790e+00
1.010000e-06	1.880934e-06	7.637619e-10	1.334344e+01	4.348248e+01
1.020000e-06	1.976736e-06	1.688567e-09	1.402306e+01	9.810646e+01
1.030000e-06	2.071799e-06	2.643330e-09	1.469745e+01	1.548550e+02
1.040000e-06	2.166147e-06	3.623529e-09	1.536676e+01	2.130339e+02
1.050000e-06	2.259789e-06	4.620709e-09	1.603106e+01	2.718496e+02
1.060000e-06	2.352770e-06	5.612724e-09	1.669067e+01	3.304850e+02
1.070000e-06	2.445137e-06	6.582607e-09	1.734592e+01	3.881733e+02
1.080000e-06	2.536664e-06	7.522791e-09	1.799522e+01	4.442559e+02
1.090000e-06	2.626994e-06	8.430111e-09	1.863603e+01	4.982173e+02
1.100000e-06	2.716189e-06	9.294997e-09	1.926878e+01	5.496940e+02
1.110000e-06	2.804472e-06	1.011217e-08	1.989507e+01	5.984625e+02
1.120000e-06	2.891825e-06	1.088247e-08	2.051475e+01	6.444146e+02
1.130000e-06	2.978156e-06	1.160577e-08	2.112718e+01	6.875281e+02
1.140000e-06	3.063501e-06	1.228275e-08	2.173263e+01	7.278420e+02
1.150000e-06	3.147948e-06	1.291224e-08	2.233170e+01	7.654380e+02
1.160000e-06	3.231398e-06	1.349915e-08	2.292370e+01	8.004300e+02
1.170000e-06	3.313623e-06	1.404715e-08	2.350701e+01	8.329569e+02
1.180000e-06	3.394590e-06	1.455424e-08	2.408139e+01	8.631767e+02
1.190000e-06	3.474347e-06	1.501977e-08	2.464719e+01	8.912586e+02
1.200000e-06	3.552848e-06	1.545317e-08	2.520408e+01	9.173727e+02
1.210000e-06	3.630055e-06	1.586000e-08	2.575179e+01	9.416799e+02
1.220000e-06	3.705969e-06	1.624078e-08	2.629033e+01	9.643239e+02
1.230000e-06	3.780428e-06	1.659513e-08	2.681854e+01	9.854284e+02
1.240000e-06	3.853343e-06	1.692481e-08	2.733581e+01	1.005100e+03
1.250000e-06	3.924796e-06	1.723410e-08	2.784270e+01	1.023435e+03
1.260000e-06	3.994851e-06	1.752086e-08	2.833967e+01	1.040528e+03
1.270000e-06	4.063647e-06	1.778516e-08	2.882772e+01	1.056477e+03
1.280000e-06	4.131050e-06	1.803098e-08	2.930587e+01	1.071384e+03
1.290000e-06	4.196791e-06	1.826360e-08	2.977224e+01	1.085348e+03
1.300000e-06	4.260969e-06	1.848647e-08	3.022753e+01	1.098463e+03
1.310000e-06	4.323740e-06	1.869781e-08	3.067282e+01	1.110803e+03
1.320000e-06	4.385116e-06	1.889428e-08	3.110823e+01	1.122425e+03
1.330000e-06	4.445123e-06	1.907686e-08	3.153392e+01	1.133361e+03
1.340000e-06	4.503488e-06	1.924757e-08	3.194796e+01	1.143635e+03
1.350000e-06	4.560079e-06	1.940599e-08	3.234943e+01	1.153264e+03
1.360000e-06	4.615046e-06	1.955330e-08	3.273936e+01	1.162270e+03
1.370000e-06	4.668309e-06	1.969157e-08	3.311721e+01	1.170685e+03
1.380000e-06	4.719679e-06	1.982452e-08	3.348163e+01	1.178550e+03
1.390000e-06	4.769059e-06	1.995156e-08	3.383194e+01	1.185914e+03
1.400000e-06	4.816580e-06	2.006976e-08	3.416906e+01	1.192819e+03
1.410000e-06	4.862452e-06	2.017865e-08	3.449448e+01	1.199301e+03
1.420000e-06	4.906771e-06	2.028004e-08	3.480888e+01	1.205383e+03
1.430000e-06	4.949316e-06	2.037317e-08	3.511069e+01	1.211079e+03
1.440000e-06	4.989935e-06	2.045870e-08	3.539885e+01	1.216398e+03
1.450000e-06	5.028844e-06	2.053961e-08	3.567487e+01	1.221351e+03
1.460000e-06	5.066137e-06	2.061753e-08	3.593943e+01	1.225954e+03
1.470000e-06	5.101683e-06	2.069323e-08	3.619159e+01	1.230232e+03
1.480000e-06	5.135285e-06	2.076342e-08	3.642997e+01	1.234213e+03
1.490000e-06	5.167003e-06	2.082655e-08	3.665497e+01	1.237920e+03
1.500000e-06	5.197054e-06	2.088422e-08	3.686816e+01	1.241369e+03
1.510000e-06	5.225454e-06	2.093671e-08	3.706963e+01	1.244566e+03
1.520000e-06	5.251890e-06	2.098515e-08	3.725717e+01	1.247504e+03
1.530000e-06	5.276290e-06	2.102970e-08	3.743026e+01	1.250172e+03
1.540000e-06	5.298859e-06	2.106969e-08	3.759037e+01	1.252565e+03
1.550000e-06	5.319712e-06	2.110654e-08	3.773830e+01	1.254684e+03
1.560000e-06	5.338800e-06	2.113967e-08	3.787371e+01	1.256540e+03
1.570000e-06	5.355929e-06	2.116771e-08	3.799523e+01	1.258155e+03
1.580000e-06	5.371112e-06	2.119048e-08	3.810294e+01	1.259550e+03
1.590000e-06	5.384371e-06	2.120922e-08	3.819699e+01	1.260743e+03
1.600000e-06	5.395487e-06	2.122402e-08	3.827585e+01	1.261742e+03
1.610000e-06	5.404395e-06	2.123542e-08	3.833905e+01	1.262543e+03
1.620000e-06	5.411400e-06	2.124494e-08	3.838874e+01	1.263139e+03
1.630000e-06	5.416667e-06	2.125262e-08	3.842611e+01	1.263523e+03
1.640000e-06	5.420069e-06	2.125526e-08	3.845024e+01	1.263697e+03
1.650000e-06	5.421445e-06	2.125283e-08	3.846000e+01	1.263673e+03
1.660000e-06	5.420930e-06	2.125206e-08	3.845634e+01	1.263470e+03
1.670000e-06	5.418774e-06	2.124984e-08	3.844105e+01	1.263106e+03
1.680000e-06	5.414974e-06	2.124030e-08	3.841410e+01	1.262593e+03
1.690000e-06	5.409291e-06	2.122653e-08	3.837378e+01	1.261926e+03
1.700000e-06	5.401747e-06	2.120991e-08	3.832026e+01	1.261082e+03
1.710000e-06	5.392552e-06	2.118936e-08	3.825503e+01	1.260031e+03
1.720000e-06	5.381655e-06	2.115584e-08	3.817773e+01	1.258746e+03
1.730000e-06	5.368879e-06	2.113422e-08	3.808709e+01	1.257215e+03
1.740000e-06	5.354107e-06	2.116307e-08	3.798230e+01	1.255451e+03
1.750000e-06	5.337186e-06	2.113012e-08	3.786226e+01	1.253494e+03
1.760000e-06	5.317758e-06	2.106417e-08	3.772444e+01	1.251403e+03
1.770000e-06	5.295829e-06	2.098872e-08	3.756888e+01	1.249238e+03
1.780000e-06	5.272058e-06	2.089535e-08	3.740024e+01	1.247040e+03
1.790000e-06	5.247217e-06	2.100282e-08	3.722402e+01	1.244819e+03
1.800000e-06	5.221218e-06	2.098399e-08	3.703958e+01	1.242545e+03
1.810000e-06	5.193321e-06	2.077855e-08	3.684167e+01	1.240156e+03
1.820000e-06	5.163474e-06	2.085735e-08	3.662994e+01	1.237575e+03
1.830000e-06	5.131921e-06	2.085266e-08	3.640610e+01	1.234729e+03
1.840000e-06	5.098470e-06	2.074438e-08	3.616880e+01	1.231573e+03
1.850000e-06	5.063267e-06	2.076855e-08	3.591907e+01	1.228101e+03
1.860000e-06	5.026375e-06	2.059708e-08	3.565735e+01	1.224341e+03
1.870000e-06	4.987543e-06	2.052478e-08	3.538188e+01	1.220350e+03
1.880000e-06	4.947022e-06	2.055952e-08	3.509442e+01	1.216188e+03
1.890000e-06	4.904841e-06	2.039971e-08	3.479519e+01	1.211905e+03
1.900000e-06	4.861031e-06	2.033996e-08	3.448440e+01	1.207519e+03
1.910000e-06	4.815544e-06	2.025921e-08	3.416171e+01	1.203020e+03
1.920000e-06	4.768039e-06	2.019339e-08	3.382471e+01	1.198373e+03
1.930000e-06	4.718759e-06	2.017828e-08	3.347511e+01	1.193534e+03
1.940000e-06	4.667838e-06	1.995676e-08	3.311387e+01	1.188466e+03
1.950000e-06	4.614984e-06	1.988467e-08	3.273892e+01	1.183154e+03
1.960000e-06	4.560133e-06	1.985026e-08	3.234981e+01	1.177607e+03
1.970000e-06	4.503513e-06	1.973106e-08	3.194815e+01	1.171853e+03
1.980000e-06	4.445474e-06	1.963592e-08	3.153642e+01	1.165930e+03
1.990000e-06	4.385970e-06	1.947504e-08	3.111429e+01	1.159866e+03
2.000000e-06	4.324808e-06	1.944762e-08	3.068040e+01	1.153674e+03
2.010000e-06	4.261998e-06	1.934962e-08	3.023483e+01	1.147342e+03
2.020000e-06	4.197647e-06	1.919852e-08	2.977831e+01	1.140838e+03
2.030000e-06	4.131876e-06	1.910324e-08	2.931174e+01	1.134122e+03
2.040000e-06	4.064635e-06	1.896343e-08	2.883472e+01	1.127157e+03
2.050000e-06	3.995890e-06	1.889466e-08	2.834704e+01	1.119919e+03
2.060000e-06	3.925581e-06	1.872755e-08	2.784826e+01	1.112407e+03
2.070000e-06	3.853777e-06	1.857485e-08	2.733889e+01	1.104637e+03
2.080000e-06	3.780633e-06	1.847474e-08	2.682000e+01	1.096639e+03
2.090000e-06	3.706077e-06	1.834088e-08	2.629109e+01	1.088444e+03
2.100000e-06	3.630110e-06	1.821547e-08	2.575218e+01	1.080073e+03
2.110000e-06	3.552608e-06	1.802526e-08	2.520238e+01	1.071535e+03
2.120000e-06	3.473551e-06	1.790217e-08	2.464154e+01	1.062819e+03
2.130000e-06	3.393314e-06	1.777238e-08	2.407234e+01	1.053905e+03
2.140000e-06	3.312019e-06	1.760471e-08	2.349563e+01	1.044765e+03
2.150000e-06	3.229664e-06	1.743042e-08	2.291139e+01	1.035377e+03
2.160000e-06	3.146228e-06	1.725527e-08	2.231950e+01	1.025730e+03
2.170000e-06	3.061729e-06	1.712861e-08	2.172006e+01	1.015822e+03
2.180000e-06	2.975993e-06	1.695250e-08	2.111184e+01	1.005665e+03
2.190000e-06	2.888921e-06	1.676265e-08	2.049415e+01	9.952753e+02
2.200000e-06	2.800874e-06	1.658037e-08	1.986954e+01	9.846696e+02
2.210000e-06	2.711961e-06	1.641665e-08	1.923879e+01	9.738572e+02
2.220000e-06	2.622219e-06	1.623816e-08	1.860215e+01	9.628380e+02
2.230000e-06	2.531703e-06	1.601915e-08	1.796003e+01	9.516018e+02
2.240000e-06	2.440318e-06	1.582390e-08	1.731174e+01	9.401318e+02
2.250000e-06	2.348049e-06	1.564224e-08	1.665717e+01	9.284090e+02
2.260000e-06	2.254900e-06	1.545400e-08	1.599637e+01	9.164178e+02
2.270000e-06	2.160799e-06	1.523196e-08	1.532882e+01	9.041499e+02
2.280000e-06	2.065792e-06	1.501122e-08	1.465483e+01	8.916060e+02
2.290000e-06	1.970060e-06	1.480961e-08	1.397571e+01	8.787941e+02
2.300000e-06	1.873694e-06	1.459637e-08	1.329208e+01	8.657257e+02
2.310000e-06	1.776738e-06	1.435869e-08	1.260427e+01	8.524113e+02
2.320000e-06	1.679237e-06	1.411768e-08	1.191259e+01	8.388548e+02
2.330000e-06	1.581230e-06	1.389659e-08	1.121733e+01	8.250513e+02
2.340000e-06	1.482668e-06	1.367039e-08	1.051812e+01	8.109867e+02
2.350000e-06	1.383573e-06	1.342218e-08	9.815132e+00	7.966401e+02
2.360000e-06	1.284083e-06	1.316313e-08	9.109347e+00	7.819887e+02
2.370000e-06	1.184232e-06	1.291663e-08	8.401001e+00	7.670119e+02
2.380000e-06	1.084034e-06	1.266782e-08	7.690188e+00	7.516955e+02
2.390000e-06	9.834812e-07	1.239626e-08	6.976864e+00	7.360328e+02
2.400000e-06	8.825653e-07	1.211448e-08	6.260962e+00	7.200223e+02
2.410000e-06	7.812256e-07	1.184237e-08	5.542053e+00	7.036641e+02
2.420000e-06	6.794933e-07	1.157291e-08	4.820359e+00	6.869541e+02
2.430000e-06	5.774100e-07	1.128452e-08	4.096175e+00	6.698798e+02
2.440000e-06	4.750166e-07	1.098301e-08	3.369791e+00	6.524165e+02
2.450000e-06	3.724213e-07	1.068331e-08	2.641975e+00	6.345268e+02
2.460000e-06	2.696486e-07	1.038277e-08	1.912901e+00	6.161615e+02
2.470000e-06	1.667579e-07	1.006113e-08	1.182989e+00	5.972617e+02
2.480000e-06	6.383396e-08	9.720998e-09	4.528413e-01	5.777605e+02
2.490000e-06	-3.913966e-08	9.379318e-09	-2.776587e-01	5.575844e+02
2.500000e-06	-1.421685e-07	9.036891e-09	-1.008550e+00	5.366537e+02
2.510000e-06	-2.451593e-07	8.675278e-09	-1.739172e+00	5.148835e+02
2.520000e-06	-3.479808e-07	8.286366e-09	-2.468593e+00	4.921854e+02
2.530000e-06	-4.505805e-07	7.885838e-09	-3.196440e+00	4.684712e+02
2.540000e-06	-5.529598e-07	7.473420e-09	-3.922724e+00	4.436567e+02
2.550000e-06	-6.549881e-07	7.034978e-09	-4.646518e+00	4.176645e+02
2.560000e-06	-7.565698e-07	6.565573e-09	-5.367144e+00	3.904227e+02
2.570000e-06	-8.577289e-07	6.080158e-09	-6.084772e+00	3.618577e+02
2.580000e-06	-9.585125e-07	5.586289e-09	-6.799735e+00	3.318801e+02
2.590000e-06	-1.058910e-06	5.066085e-09	-7.511960e+00	3.003666e+02
2.600000e-06	-1.158970e-06	4.505997e-09	-8.221790e+00	2.671441e+02
2.610000e-06	-1.258697e-06	3.909840e-09	-8.929260e+00	2.319807e+02
2.620000e-06	-1.357969e-06	3.284301e-09	-9.633496e+00	1.945934e+02
2.630000e-06	-1.456743e-06	2.618611e-09	-1.033421e+01	1.546738e+02
2.640000e-06	-1.555038e-06	1.897854e-09	-1.103152e+01	1.119337e+02
2.650000e-06	-1.652842e-06	1.126814e-09	-1.172534e+01	6.616274e+01
2.660000e-06	-1.750136e-06	3.111427e-10	-1.241555e+01	1.728752e+01
2.670000e-06	-1.846792e-06	-5.520594e-10	-1.310124e+01	-3.458015e+01
2.680000e-06	-1.942789e-06	-1.466579e-09	-1.378224e+01	-8.911891e+01
2.690000e-06	-2.038294e-06	-2.422523e-09	-1.445976e+01	-1.458044e+02
2.700000e-06	-2.133224e-06	-3.399722e-09	-1.513320e+01	-2.039471e+02
2.710000e-06	-2.227304e-06	-4.384525e-09	-1.580060e+01	-2.627558e+02
2.720000e-06	-2.320342e-06	-5.370338e-09	-1.646062e+01	-3.214129e+02
2.730000e-06	-2.412434e-06	-6.347241e-09	-1.711392e+01	-3.791487e+02
2.740000e-06	-2.503666e-06	-7.295303e-09	-1.776113e+01	-4.353000e+02
2.750000e-06	-2.593961e-06	-8.203910e-09	-1.840169e+01	-4.893459e+02
2.760000e-06	-2.683334e-06	-9.073733e-09	-1.903571e+01	-5.409176e+02
2.770000e-06	-2.771798e-06	-9.902515e-09	-1.966327e+01	-5.897869e+02
2.780000e-06	-2.859392e-06	-1.068199e-08	-2.028467e+01	-6.358420e+02
2.790000e-06	-2.946034e-06	-1.140966e-08	-2.089931e+01	-6.790581e+02
2.800000e-06	-3.031481e-06	-1.209118e-08	-2.150547e+01	-7.194724e+02
2.810000e-06	-3.115732e-06	-1.273123e-08	-2.210316e+01	-7.571653e+02
2.820000e-06	-3.198894e-06	-1.332888e-08	-2.269311e+01	-7.922496e+02
2.830000e-06	-3.280988e-06	-1.388101e-08	-2.327549e+01	-8.248635e+02
2.840000e-06	-3.362033e-06	-1.439084e-08	-2.385043e+01	-8.551645e+02
2.850000e-06	-3.442015e-06	-1.486669e-08	-2.441782e+01	-8.833213e+02
2.860000e-06	-3.520703e-06	-1.531137e-08	-2.497604e+01	-9.095045e+02
2.870000e-06	-3.597788e-06	-1.572424e-08	-2.552288e+01	-9.338752e+02
2.880000e-06	-3.673351e-06	-1.610751e-08	-2.605894e+01	-9.565780e+02
2.890000e-06	-3.747589e-06	-1.646769e-08	-2.658558e+01	-9.777371e+02
2.900000e-06	-3.820515e-06	-1.680619e-08	-2.710292e+01	-9.974598e+02
2.910000e-06	-3.892142e-06	-1.711835e-08	-2.761105e+01	-1.015843e+03
2.920000e-06	-3.962337e-06	-1.740539e-08	-2.810901e+01	-1.032980e+03
2.930000e-06	-4.030932e-06	-1.767361e-08	-2.859563e+01	-1.048970e+03
2.940000e-06	-4.098049e-06	-1.792845e-08	-2.907176e+01	-1.063913e+03
2.950000e-06	-4.163809e-06	-1.816718e-08	-2.953827e+01	-1.077911e+03
2.960000e-06	-4.228189e-06	-1.838705e-08	-2.999498e+01	-1.091056e+03
2.970000e-06	-4.291132e-06	-1.859350e-08	-3.044150e+01	-1.103425e+03
2.980000e-06	-4.352431e-06	-1.879293e-08	-3.087636e+01	-1.115073e+03
2.990000e-06	-4.412056e-06	-1.898136e-08	-3.129935e+01	-1.126036e+03
3.000000e-06	-4.470228e-06	-1.915420e-08	-3.171202e+01	-1.136335e+03
3.010000e-06	-4.526945e-06	-1.931559e-08	-3.211438e+01	-1.145988e+03
3.020000e-06	-4.582017e-06	-1.946984e-08	-3.250505e+01	-1.155017e+03
3.030000e-06	-4.635187e-06	-1.961522e-08	-3.288225e+01	-1.163453e+03
3.040000e-06	-4.686460e-06	-1.974865e-08	-3.324598e+01	-1.171340e+03
3.050000e-06	-4.735835e-06	-1.987255e-08	-3.359625e+01	-1.178722e+03
3.060000e-06	-4.783164e-06	-1.999180e-08	-3.393200e+01	-1.185644e+03
3.070000e-06	-4.828728e-06	-2.010347e-08	-3.425524e+01	-1.192143e+03
3.080000e-06	-4.872806e-06	-2.020574e-08	-3.456792e+01	-1.198240e+03
3.090000e-06	-4.915349e-06	-2.029942e-08	-3.486973e+01	-1.203952e+03
3.100000e-06	-4.956321e-06	-2.038880e-08	-3.516039e+01	-1.209285e+03
3.110000e-06	-4.995691e-06	-2.047604e-08	-3.543968e+01	-1.214252e+03
3.120000e-06	-5.033192e-06	-2.055680e-08	-3.570572e+01	-1.218869e+03
3.130000e-06	-5.068778e-06	-2.062813e-08	-3.595816e+01	-1.223160e+03
3.140000e-06	-5.102650e-06	-2.069436e-08	-3.619845e+01	-1.227153e+03
3.150000e-06	-5.134813e-06	-2.075734e-08	-3.642662e+01	-1.230871e+03
3.160000e-06	-5.165103e-06	-2.081385e-08	-3.664150e+01	-1.234331e+03
3.170000e-06	-5.193433e-06	-2.086543e-08	-3.684247e+01	-1.237538e+03
3.180000e-06	-5.219930e-06	-2.091440e-08	-3.703044e+01	-1.240487e+03
3.190000e-06	-5.244693e-06	-2.096095e-08	-3.720611e+01	-1.243167e+03
3.200000e-06	-5.267625e-06	-2.100163e-08	-3.736880e+01	-1.245571e+03
3.210000e-06	-5.288543e-06	-2.103657e-08	-3.751718e+01	-1.247701e+03
3.220000e-06	-5.307542e-06	-2.106820e-08	-3.765197e+01	-1.249568e+03
3.230000e-06	-5.324840e-06	-2.109697e-08	-3.777468e+01	-1.251193e+03
3.240000e-06	-5.340263e-06	-2.112034e-08	-3.788409e+01	-1.252597e+03
3.250000e-06	-5.353427e-06	-2.113865e-08	-3.797747e+01	-1.253799e+03
3.260000e-06	-5.364471e-06	-2.115338e-08	-3.805583e+01	-1.254806e+03
3.270000e-06	-5.373705e-06	-2.116763e-08	-3.812133e+01	-1.255616e+03
3.280000e-06	-5.381063e-06	-2.117972e-08	-3.817353e+01	-1.256221e+03
3.290000e-06	-5.386387e-06	-2.118829e-08	-3.821130e+01	-1.256614e+03
3.300000e-06	-5.389813e-06	-2.119395e-08	-3.823560e+01	-1.256797e+03
3.310000e-06	-5.391528e-06	-2.119645e-08	-3.824777e+01	-1.256781e+03
3.320000e-06	-5.391450e-06	-2.119119e-08	-3.824722e+01	-1.256586e+03
