# Temperatura_=_44.35
# Concentracion g/m^3_=_22500.0
# C_Vs_to_Am_M_A/Vsm_=_59384043850.047264
# pendiente_HvsI_1/m_=_3716.3
# ordenada_HvsI_A/m_=_1297.0
# frecuencia_Hz_=_301160.13230085693

Tiempo_(s)	Campo_(V.s)	Magnetizacion_(V.s)	Campo_(kA/m)	Magnetizacion_(A/m)
0.000000e+00	-5.402101e-06	-2.101965e-08	-3.823360e+01	-1.248077e+03
1.000000e-08	-5.399634e-06	-2.100848e-08	-3.821613e+01	-1.247835e+03
2.000000e-08	-5.395287e-06	-2.100059e-08	-3.818536e+01	-1.247487e+03
3.000000e-08	-5.389334e-06	-2.099217e-08	-3.814323e+01	-1.246967e+03
4.000000e-08	-5.381805e-06	-2.098126e-08	-3.808995e+01	-1.246198e+03
5.000000e-08	-5.372509e-06	-2.096515e-08	-3.802415e+01	-1.245121e+03
6.000000e-08	-5.361124e-06	-2.095540e-08	-3.794358e+01	-1.243717e+03
7.000000e-08	-5.347716e-06	-2.095540e-08	-3.784869e+01	-1.242019e+03
8.000000e-08	-5.332163e-06	-2.087726e-08	-3.773861e+01	-1.240105e+03
9.000000e-08	-5.314167e-06	-2.075934e-08	-3.761123e+01	-1.238074e+03
1.000000e-07	-5.294003e-06	-2.076580e-08	-3.746853e+01	-1.236019e+03
1.100000e-07	-5.272015e-06	-2.078249e-08	-3.731291e+01	-1.233989e+03
1.200000e-07	-5.248469e-06	-2.078580e-08	-3.714626e+01	-1.231981e+03
1.300000e-07	-5.223673e-06	-2.081924e-08	-3.697076e+01	-1.229935e+03
1.400000e-07	-5.197380e-06	-2.059583e-08	-3.678468e+01	-1.227758e+03
1.500000e-07	-5.169144e-06	-2.053487e-08	-3.658483e+01	-1.225348e+03
1.600000e-07	-5.139230e-06	-2.069873e-08	-3.637312e+01	-1.222631e+03
1.700000e-07	-5.107783e-06	-2.044823e-08	-3.615054e+01	-1.219576e+03
1.800000e-07	-5.074292e-06	-2.034027e-08	-3.591351e+01	-1.216204e+03
1.900000e-07	-5.038866e-06	-2.039382e-08	-3.566278e+01	-1.212570e+03
2.000000e-07	-5.001906e-06	-2.027091e-08	-3.540120e+01	-1.208745e+03
2.100000e-07	-4.963230e-06	-2.034841e-08	-3.512747e+01	-1.204786e+03
2.200000e-07	-4.922781e-06	-2.024708e-08	-3.484119e+01	-1.200720e+03
2.300000e-07	-4.880439e-06	-2.000785e-08	-3.454151e+01	-1.196537e+03
2.400000e-07	-4.836114e-06	-2.003202e-08	-3.422780e+01	-1.192202e+03
2.500000e-07	-4.790021e-06	-1.998750e-08	-3.390158e+01	-1.187669e+03
2.600000e-07	-4.742127e-06	-1.990934e-08	-3.356260e+01	-1.182908e+03
2.700000e-07	-4.692328e-06	-1.980546e-08	-3.321015e+01	-1.177909e+03
2.800000e-07	-4.640475e-06	-1.969485e-08	-3.284315e+01	-1.172694e+03
2.900000e-07	-4.586596e-06	-1.971067e-08	-3.246182e+01	-1.167299e+03
3.000000e-07	-4.531132e-06	-1.961766e-08	-3.206927e+01	-1.161763e+03
3.100000e-07	-4.474209e-06	-1.944040e-08	-3.166640e+01	-1.156107e+03
3.200000e-07	-4.415550e-06	-1.930584e-08	-3.125124e+01	-1.150327e+03
3.300000e-07	-4.355218e-06	-1.928564e-08	-3.082424e+01	-1.144397e+03
3.400000e-07	-4.293452e-06	-1.922840e-08	-3.038709e+01	-1.138274e+03
3.500000e-07	-4.230295e-06	-1.903723e-08	-2.994009e+01	-1.131917e+03
3.600000e-07	-4.165668e-06	-1.892899e-08	-2.948269e+01	-1.125304e+03
3.700000e-07	-4.099372e-06	-1.884865e-08	-2.901347e+01	-1.118434e+03
3.800000e-07	-4.031340e-06	-1.873666e-08	-2.853197e+01	-1.111327e+03
3.900000e-07	-3.961816e-06	-1.858900e-08	-2.803992e+01	-1.104013e+03
4.000000e-07	-3.891070e-06	-1.841709e-08	-2.753921e+01	-1.096516e+03
4.100000e-07	-3.819081e-06	-1.833856e-08	-2.702970e+01	-1.088847e+03
4.200000e-07	-3.745625e-06	-1.824852e-08	-2.650982e+01	-1.080997e+03
4.300000e-07	-3.670491e-06	-1.809075e-08	-2.597805e+01	-1.072942e+03
4.400000e-07	-3.593825e-06	-1.790475e-08	-2.543544e+01	-1.064656e+03
4.500000e-07	-3.515782e-06	-1.776654e-08	-2.488309e+01	-1.056123e+03
4.600000e-07	-3.436267e-06	-1.765895e-08	-2.432032e+01	-1.047345e+03
4.700000e-07	-3.355339e-06	-1.748576e-08	-2.374755e+01	-1.038338e+03
4.800000e-07	-3.273217e-06	-1.731049e-08	-2.316633e+01	-1.029129e+03
4.900000e-07	-3.190029e-06	-1.716173e-08	-2.257756e+01	-1.019742e+03
5.000000e-07	-3.105854e-06	-1.703262e-08	-2.198181e+01	-1.010188e+03
5.100000e-07	-3.020775e-06	-1.686573e-08	-2.137966e+01	-1.000454e+03
5.200000e-07	-2.934795e-06	-1.666311e-08	-2.077113e+01	-9.905154e+02
5.300000e-07	-2.847872e-06	-1.649043e-08	-2.015593e+01	-9.803384e+02
5.400000e-07	-2.759907e-06	-1.633763e-08	-1.953336e+01	-9.698976e+02
5.500000e-07	-2.670957e-06	-1.616319e-08	-1.890381e+01	-9.591858e+02
5.600000e-07	-2.581018e-06	-1.595719e-08	-1.826726e+01	-9.482169e+02
5.700000e-07	-2.489952e-06	-1.577146e-08	-1.762274e+01	-9.370205e+02
5.800000e-07	-2.397885e-06	-1.560261e-08	-1.697113e+01	-9.256295e+02
5.900000e-07	-2.305055e-06	-1.540698e-08	-1.631413e+01	-9.140654e+02
6.000000e-07	-2.211492e-06	-1.518453e-08	-1.565192e+01	-9.023279e+02
6.100000e-07	-2.117220e-06	-1.497376e-08	-1.498471e+01	-8.903935e+02
6.200000e-07	-2.022262e-06	-1.478804e-08	-1.431265e+01	-8.782228e+02
6.300000e-07	-1.926581e-06	-1.459223e-08	-1.363545e+01	-8.657746e+02
6.400000e-07	-1.830196e-06	-1.436887e-08	-1.295329e+01	-8.530209e+02
6.500000e-07	-1.733190e-06	-1.414281e-08	-1.226672e+01	-8.399568e+02
6.600000e-07	-1.635498e-06	-1.392724e-08	-1.157531e+01	-8.266012e+02
6.700000e-07	-1.537058e-06	-1.369836e-08	-1.087859e+01	-8.129874e+02
6.800000e-07	-1.437911e-06	-1.345141e-08	-1.017687e+01	-7.991486e+02
6.900000e-07	-1.338162e-06	-1.320953e-08	-9.470895e+00	-7.851017e+02
7.000000e-07	-1.237938e-06	-1.298662e-08	-8.761559e+00	-7.708381e+02
7.100000e-07	-1.137337e-06	-1.275789e-08	-8.049550e+00	-7.563235e+02
7.200000e-07	-1.036504e-06	-1.250529e-08	-7.335899e+00	-7.415074e+02
7.300000e-07	-9.353371e-07	-1.224156e-08	-6.619888e+00	-7.263390e+02
7.400000e-07	-8.337935e-07	-1.198094e-08	-5.901208e+00	-7.107819e+02
7.500000e-07	-7.319412e-07	-1.171437e-08	-5.180344e+00	-6.948238e+02
7.600000e-07	-6.298525e-07	-1.143051e-08	-4.457807e+00	-6.784751e+02
7.700000e-07	-5.275911e-07	-1.114520e-08	-3.734048e+00	-6.617591e+02
7.800000e-07	-4.251438e-07	-1.086769e-08	-3.008973e+00	-6.446950e+02
7.900000e-07	-3.225361e-07	-1.058650e-08	-2.282763e+00	-6.272816e+02
8.000000e-07	-2.198200e-07	-1.028347e-08	-1.555785e+00	-6.094863e+02
8.100000e-07	-1.169892e-07	-9.966851e-09	-8.279962e-01	-5.912434e+02
8.200000e-07	-1.411131e-08	-9.649998e-09	-9.987337e-02	-5.724621e+02
8.300000e-07	8.870777e-08	-9.327600e-09	6.278329e-01	-5.530399e+02
8.400000e-07	1.915037e-07	-8.986135e-09	1.355375e+00	-5.328779e+02
8.500000e-07	2.942349e-07	-8.625488e-09	2.082460e+00	-5.118925e+02
8.600000e-07	3.969147e-07	-8.260454e-09	2.809181e+00	-4.900197e+02
8.700000e-07	4.994728e-07	-7.886526e-09	3.535039e+00	-4.672126e+02
8.800000e-07	6.018415e-07	-7.486898e-09	4.259558e+00	-4.434339e+02
8.900000e-07	7.040164e-07	-7.060188e-09	4.982705e+00	-4.186452e+02
9.000000e-07	8.058839e-07	-6.621683e-09	5.703677e+00	-3.927977e+02
9.100000e-07	9.074440e-07	-6.173148e-09	6.422473e+00	-3.658254e+02
9.200000e-07	1.008725e-06	-5.700215e-09	7.139296e+00	-3.376388e+02
9.300000e-07	1.109688e-06	-5.196221e-09	7.853864e+00	-3.081220e+02
9.400000e-07	1.210325e-06	-4.671399e-09	8.566122e+00	-2.771282e+02
9.500000e-07	1.310653e-06	-4.126294e-09	9.276201e+00	-2.444783e+02
9.600000e-07	1.410542e-06	-3.545339e-09	9.983169e+00	-2.099616e+02
9.700000e-07	1.509807e-06	-2.922861e-09	1.068572e+01	-1.733458e+02
9.800000e-07	1.608345e-06	-2.262857e-09	1.138313e+01	-1.343954e+02
9.900000e-07	1.706233e-06	-1.565143e-09	1.207593e+01	-9.290307e+01
1.000000e-06	1.803520e-06	-8.169061e-10	1.276449e+01	-4.872859e+01
1.010000e-06	1.900110e-06	-1.423866e-11	1.344811e+01	-1.840325e+00
1.020000e-06	1.995959e-06	8.297253e-10	1.412648e+01	4.764984e+01
1.030000e-06	2.091112e-06	1.702161e-09	1.479993e+01	9.946713e+01
1.040000e-06	2.185610e-06	2.605066e-09	1.546874e+01	1.531765e+02
1.050000e-06	2.279399e-06	3.537275e-09	1.613254e+01	2.082088e+02
1.060000e-06	2.372461e-06	4.479435e-09	1.679119e+01	2.639073e+02
1.070000e-06	2.464781e-06	5.415595e-09	1.744459e+01	3.195853e+02
1.080000e-06	2.556222e-06	6.339061e-09	1.809177e+01	3.745857e+02
1.090000e-06	2.646612e-06	7.246764e-09	1.873151e+01	4.283295e+02
1.100000e-06	2.735938e-06	8.126617e-09	1.936371e+01	4.803486e+02
1.110000e-06	2.824202e-06	8.967430e-09	1.998840e+01	5.302977e+02
1.120000e-06	2.911445e-06	9.764706e-09	2.060587e+01	5.779488e+02
1.130000e-06	2.997791e-06	1.052196e-08	2.121699e+01	6.231727e+02
1.140000e-06	3.083241e-06	1.124003e-08	2.182177e+01	6.659154e+02
1.150000e-06	3.167740e-06	1.191450e-08	2.241981e+01	7.061759e+02
1.160000e-06	3.251136e-06	1.255001e-08	2.301005e+01	7.439887e+02
1.170000e-06	3.333304e-06	1.314964e-08	2.359159e+01	7.794141e+02
1.180000e-06	3.414311e-06	1.371169e-08	2.416493e+01	8.125336e+02
1.190000e-06	3.494121e-06	1.423192e-08	2.472978e+01	8.434481e+02
1.200000e-06	3.572610e-06	1.471272e-08	2.528530e+01	8.722767e+02
1.210000e-06	3.649816e-06	1.516032e-08	2.583172e+01	8.991530e+02
1.220000e-06	3.725691e-06	1.557921e-08	2.636873e+01	9.242188e+02
1.230000e-06	3.800056e-06	1.597027e-08	2.689505e+01	9.476166e+02
1.240000e-06	3.872857e-06	1.633659e-08	2.741030e+01	9.694811e+02
1.250000e-06	3.944202e-06	1.668061e-08	2.791525e+01	9.899327e+02
1.260000e-06	4.014256e-06	1.700302e-08	2.841106e+01	1.009075e+03
1.270000e-06	4.083012e-06	1.730389e-08	2.889769e+01	1.026994e+03
1.280000e-06	4.150335e-06	1.758354e-08	2.937417e+01	1.043763e+03
1.290000e-06	4.216027e-06	1.784446e-08	2.983910e+01	1.059449e+03
1.300000e-06	4.280101e-06	1.809008e-08	3.029259e+01	1.074115e+03
1.310000e-06	4.342748e-06	1.832147e-08	3.073598e+01	1.087829e+03
1.320000e-06	4.404027e-06	1.853791e-08	3.116968e+01	1.100661e+03
1.330000e-06	4.463974e-06	1.874070e-08	3.159396e+01	1.112683e+03
1.340000e-06	4.522340e-06	1.893067e-08	3.200705e+01	1.123965e+03
1.350000e-06	4.578849e-06	1.910813e-08	3.240700e+01	1.134571e+03
1.360000e-06	4.633648e-06	1.927329e-08	3.279484e+01	1.144546e+03
1.370000e-06	4.686796e-06	1.942881e-08	3.317099e+01	1.153922e+03
1.380000e-06	4.738019e-06	1.957720e-08	3.353353e+01	1.162717e+03
1.390000e-06	4.787198e-06	1.971650e-08	3.388160e+01	1.170938e+03
1.400000e-06	4.834582e-06	1.984410e-08	3.421695e+01	1.178593e+03
1.410000e-06	4.880351e-06	1.996226e-08	3.454088e+01	1.185697e+03
1.420000e-06	4.924510e-06	2.007258e-08	3.485342e+01	1.192281e+03
1.430000e-06	4.966837e-06	2.017347e-08	3.515299e+01	1.198391e+03
1.440000e-06	5.007278e-06	2.026561e-08	3.543922e+01	1.204081e+03
1.450000e-06	5.046036e-06	2.035416e-08	3.571353e+01	1.209406e+03
1.460000e-06	5.083182e-06	2.044108e-08	3.597643e+01	1.214413e+03
1.470000e-06	5.118573e-06	2.052316e-08	3.622691e+01	1.219125e+03
1.480000e-06	5.151963e-06	2.059782e-08	3.646323e+01	1.223544e+03
1.490000e-06	5.183513e-06	2.066651e-08	3.668653e+01	1.227657e+03
1.500000e-06	5.213425e-06	2.072969e-08	3.689823e+01	1.231442e+03
1.510000e-06	5.241668e-06	2.078654e-08	3.709812e+01	1.234882e+03
1.520000e-06	5.267913e-06	2.083740e-08	3.728387e+01	1.237980e+03
1.530000e-06	5.292071e-06	2.088288e-08	3.745485e+01	1.240760e+03
1.540000e-06	5.314390e-06	2.092562e-08	3.761282e+01	1.243260e+03
1.550000e-06	5.335021e-06	2.096619e-08	3.775884e+01	1.245526e+03
1.560000e-06	5.353929e-06	2.100176e-08	3.789266e+01	1.247589e+03
1.570000e-06	5.370889e-06	2.103256e-08	3.801269e+01	1.249462e+03
1.580000e-06	5.385874e-06	2.106048e-08	3.811875e+01	1.251128e+03
1.590000e-06	5.398869e-06	2.108393e-08	3.821072e+01	1.252552e+03
1.600000e-06	5.409628e-06	2.110126e-08	3.828686e+01	1.253696e+03
1.610000e-06	5.418227e-06	2.111264e-08	3.834772e+01	1.254533e+03
1.620000e-06	5.424945e-06	2.112031e-08	3.839527e+01	1.255067e+03
1.630000e-06	5.429900e-06	2.112620e-08	3.843034e+01	1.255334e+03
1.640000e-06	5.433003e-06	2.112817e-08	3.845230e+01	1.255397e+03
1.650000e-06	5.434090e-06	2.112524e-08	3.846000e+01	1.255321e+03
1.660000e-06	5.433334e-06	2.112737e-08	3.845464e+01	1.255157e+03
1.670000e-06	5.430927e-06	2.112904e-08	3.843761e+01	1.254917e+03
1.680000e-06	5.426845e-06	2.111986e-08	3.840872e+01	1.254572e+03
1.690000e-06	5.420809e-06	2.110631e-08	3.836600e+01	1.254058e+03
1.700000e-06	5.412953e-06	2.108943e-08	3.831040e+01	1.253299e+03
1.710000e-06	5.403560e-06	2.106601e-08	3.824392e+01	1.252232e+03
1.720000e-06	5.392448e-06	2.101584e-08	3.816528e+01	1.250838e+03
1.730000e-06	5.379350e-06	2.098740e-08	3.807257e+01	1.249149e+03
1.740000e-06	5.364227e-06	2.107425e-08	3.796554e+01	1.247239e+03
1.750000e-06	5.346942e-06	2.104935e-08	3.784320e+01	1.245211e+03
1.760000e-06	5.327095e-06	2.095020e-08	3.770274e+01	1.243154e+03
1.770000e-06	5.304725e-06	2.084353e-08	3.754441e+01	1.241121e+03
1.780000e-06	5.280588e-06	2.068549e-08	3.737358e+01	1.239112e+03
1.790000e-06	5.255529e-06	2.091829e-08	3.719623e+01	1.237068e+03
1.800000e-06	5.229276e-06	2.093693e-08	3.701042e+01	1.234896e+03
1.810000e-06	5.200954e-06	2.056367e-08	3.680997e+01	1.232495e+03
1.820000e-06	5.170685e-06	2.075736e-08	3.659573e+01	1.229789e+03
1.830000e-06	5.138805e-06	2.079077e-08	3.637011e+01	1.226745e+03
1.840000e-06	5.105037e-06	2.059342e-08	3.613111e+01	1.223382e+03
1.850000e-06	5.069604e-06	2.069694e-08	3.588033e+01	1.219755e+03
1.860000e-06	5.032400e-06	2.039646e-08	3.561702e+01	1.215934e+03
1.870000e-06	4.993209e-06	2.031455e-08	3.533964e+01	1.211978e+03
1.880000e-06	4.952380e-06	2.051444e-08	3.505067e+01	1.207915e+03
1.890000e-06	4.909845e-06	2.027187e-08	3.474963e+01	1.203736e+03
1.900000e-06	4.865709e-06	2.021767e-08	3.443726e+01	1.199406e+03
1.910000e-06	4.819865e-06	2.013032e-08	3.411280e+01	1.194880e+03
1.920000e-06	4.771993e-06	2.003563e-08	3.377398e+01	1.190126e+03
1.930000e-06	4.722393e-06	2.008905e-08	3.342294e+01	1.185134e+03
1.940000e-06	4.671003e-06	1.974668e-08	3.305922e+01	1.179925e+03
1.950000e-06	4.617624e-06	1.969467e-08	3.268143e+01	1.174535e+03
1.960000e-06	4.562417e-06	1.974790e-08	3.229070e+01	1.169002e+03
1.970000e-06	4.505473e-06	1.961931e-08	3.188767e+01	1.163349e+03
1.980000e-06	4.447057e-06	1.950538e-08	3.147423e+01	1.157573e+03
1.990000e-06	4.387134e-06	1.926208e-08	3.105012e+01	1.151648e+03
2.000000e-06	4.325516e-06	1.931401e-08	3.061402e+01	1.145531e+03
2.010000e-06	4.262279e-06	1.922239e-08	3.016645e+01	1.139182e+03
2.020000e-06	4.197531e-06	1.901613e-08	2.970820e+01	1.132578e+03
2.030000e-06	4.131396e-06	1.894783e-08	2.924012e+01	1.125716e+03
2.040000e-06	4.063767e-06	1.880341e-08	2.876148e+01	1.118616e+03
2.050000e-06	3.994519e-06	1.878494e-08	2.827137e+01	1.111307e+03
2.060000e-06	3.923746e-06	1.855973e-08	2.777048e+01	1.103815e+03
2.070000e-06	3.851631e-06	1.837692e-08	2.726008e+01	1.096151e+03
2.080000e-06	3.778193e-06	1.831875e-08	2.674032e+01	1.088306e+03
2.090000e-06	3.703251e-06	1.818965e-08	2.620991e+01	1.080258e+03
2.100000e-06	3.626786e-06	1.807387e-08	2.566873e+01	1.071980e+03
2.110000e-06	3.548750e-06	1.784338e-08	2.511642e+01	1.063455e+03
2.120000e-06	3.469314e-06	1.775312e-08	2.455422e+01	1.054684e+03
2.130000e-06	3.388723e-06	1.763932e-08	2.398383e+01	1.045684e+03
2.140000e-06	3.307028e-06	1.744911e-08	2.340563e+01	1.036480e+03
2.150000e-06	3.224349e-06	1.725586e-08	2.282046e+01	1.027099e+03
2.160000e-06	3.140612e-06	1.708044e-08	2.222782e+01	1.017549e+03
2.170000e-06	3.055683e-06	1.699851e-08	2.162672e+01	1.007821e+03
2.180000e-06	2.969463e-06	1.681018e-08	2.101650e+01	9.978893e+02
2.190000e-06	2.882094e-06	1.660612e-08	2.039814e+01	9.877202e+02
2.200000e-06	2.793756e-06	1.643162e-08	1.977293e+01	9.772880e+02
2.210000e-06	2.704465e-06	1.629050e-08	1.914096e+01	9.665846e+02
2.220000e-06	2.614357e-06	1.610729e-08	1.850322e+01	9.556233e+02
2.230000e-06	2.523471e-06	1.586005e-08	1.785997e+01	9.444334e+02
2.240000e-06	2.431722e-06	1.567653e-08	1.721061e+01	9.330478e+02
2.250000e-06	2.339055e-06	1.552218e-08	1.655476e+01	9.214885e+02
2.260000e-06	2.245483e-06	1.534229e-08	1.589250e+01	9.097564e+02
2.270000e-06	2.151061e-06	1.510189e-08	1.522423e+01	8.978286e+02
2.280000e-06	2.055840e-06	1.488209e-08	1.455029e+01	8.856660e+02
2.290000e-06	1.959869e-06	1.470437e-08	1.387105e+01	8.732272e+02
2.300000e-06	1.863272e-06	1.449809e-08	1.318739e+01	8.604835e+02
2.310000e-06	1.766123e-06	1.424826e-08	1.249981e+01	8.474292e+02
2.320000e-06	1.668409e-06	1.401133e-08	1.180824e+01	8.340823e+02
2.330000e-06	1.570125e-06	1.381531e-08	1.111262e+01	8.204760e+02
2.340000e-06	1.471249e-06	1.359772e-08	1.041283e+01	8.066437e+02
2.350000e-06	1.371887e-06	1.333293e-08	9.709587e+00	7.926031e+02
2.360000e-06	1.272146e-06	1.306899e-08	9.003665e+00	7.783466e+02
2.370000e-06	1.172002e-06	1.284530e-08	8.294896e+00	7.638406e+02
2.380000e-06	1.071470e-06	1.261306e-08	7.583377e+00	7.490351e+02
2.390000e-06	9.705907e-07	1.233986e-08	6.869396e+00	7.338789e+02
2.400000e-06	8.692963e-07	1.206153e-08	6.152481e+00	7.183350e+02
2.410000e-06	7.674743e-07	1.180942e-08	5.431831e+00	7.023900e+02
2.420000e-06	6.652182e-07	1.155159e-08	4.708109e+00	6.860538e+02
2.430000e-06	5.627258e-07	1.125432e-08	3.982715e+00	6.693494e+02
2.440000e-06	4.600346e-07	1.094842e-08	3.255914e+00	6.522965e+02
2.450000e-06	3.571319e-07	1.066812e-08	2.527616e+00	6.348948e+02
2.460000e-06	2.540406e-07	1.039073e-08	1.797983e+00	6.171129e+02
2.470000e-06	1.508406e-07	1.007472e-08	1.067581e+00	5.988864e+02
2.480000e-06	4.764716e-08	9.738672e-09	3.372247e-01	5.801250e+02
2.490000e-06	-5.552502e-08	9.415366e-09	-3.929806e-01	5.607263e+02
2.500000e-06	-1.586784e-07	9.093746e-09	-1.123053e+00	5.405912e+02
2.510000e-06	-2.617139e-07	8.738399e-09	-1.852291e+00	5.196353e+02
2.520000e-06	-3.646164e-07	8.353908e-09	-2.580588e+00	4.977939e+02
2.530000e-06	-4.673557e-07	7.975119e-09	-3.307729e+00	4.750198e+02
2.540000e-06	-5.698924e-07	7.592750e-09	-4.033437e+00	4.512753e+02
2.550000e-06	-6.721407e-07	7.174482e-09	-4.757104e+00	4.265223e+02
2.560000e-06	-7.739610e-07	6.721270e-09	-5.477741e+00	4.007126e+02
2.570000e-06	-8.754045e-07	6.265644e-09	-6.195712e+00	3.737806e+02
2.580000e-06	-9.765072e-07	5.809451e-09	-6.911270e+00	3.456382e+02
2.590000e-06	-1.077196e-06	5.317437e-09	-7.623903e+00	3.161701e+02
2.600000e-06	-1.177449e-06	4.784407e-09	-8.333441e+00	2.852309e+02
2.610000e-06	-1.277283e-06	4.232834e-09	-9.040022e+00	2.526424e+02
2.620000e-06	-1.376709e-06	3.666391e-09	-9.743716e+00	2.181952e+02
2.630000e-06	-1.475617e-06	3.058103e-09	-1.044374e+01	1.816573e+02
2.640000e-06	-1.573973e-06	2.395481e-09	-1.113986e+01	1.427931e+02
2.650000e-06	-1.671824e-06	1.698426e-09	-1.183240e+01	1.013934e+02
2.660000e-06	-1.769173e-06	9.719348e-10	-1.252139e+01	5.731486e+01
2.670000e-06	-1.866001e-06	1.957394e-10	-1.320670e+01	1.052141e+01
2.680000e-06	-1.962200e-06	-6.395202e-10	-1.388755e+01	-3.888068e+01
2.690000e-06	-2.057762e-06	-1.511820e-09	-1.456390e+01	-9.062256e+01
2.700000e-06	-2.152681e-06	-2.404063e-09	-1.523569e+01	-1.442746e+02
2.710000e-06	-2.246845e-06	-3.320594e-09	-1.590214e+01	-1.992717e+02
2.720000e-06	-2.340113e-06	-4.262347e-09	-1.656225e+01	-2.549593e+02
2.730000e-06	-2.432374e-06	-5.207084e-09	-1.721523e+01	-3.106509e+02
2.740000e-06	-2.523654e-06	-6.128719e-09	-1.786127e+01	-3.656871e+02
2.750000e-06	-2.614051e-06	-7.027359e-09	-1.850106e+01	-4.194857e+02
2.760000e-06	-2.703539e-06	-7.908514e-09	-1.913441e+01	-4.715741e+02
2.770000e-06	-2.792038e-06	-8.760274e-09	-1.976076e+01	-5.216029e+02
2.780000e-06	-2.879659e-06	-9.564815e-09	-2.038091e+01	-5.693399e+02
2.790000e-06	-2.966362e-06	-1.032386e-08	-2.099455e+01	-6.146529e+02
2.800000e-06	-3.051873e-06	-1.104761e-08	-2.159976e+01	-6.574856e+02
2.810000e-06	-3.136114e-06	-1.173336e-08	-2.219597e+01	-6.978354e+02
2.820000e-06	-3.219198e-06	-1.237140e-08	-2.278401e+01	-7.357358e+02
2.830000e-06	-3.301266e-06	-1.296419e-08	-2.336484e+01	-7.712464e+02
2.840000e-06	-3.382295e-06	-1.352544e-08	-2.393833e+01	-8.044477e+02
2.850000e-06	-3.462252e-06	-1.405618e-08	-2.450423e+01	-8.354401e+02
2.860000e-06	-3.540936e-06	-1.454609e-08	-2.506112e+01	-8.643421e+02
2.870000e-06	-3.618041e-06	-1.499712e-08	-2.560684e+01	-8.912868e+02
2.880000e-06	-3.693599e-06	-1.542015e-08	-2.614160e+01	-9.164159e+02
2.890000e-06	-3.767756e-06	-1.582024e-08	-2.666645e+01	-9.398721e+02
2.900000e-06	-3.840592e-06	-1.619294e-08	-2.718195e+01	-9.617902e+02
2.910000e-06	-3.912157e-06	-1.653653e-08	-2.768845e+01	-9.822915e+02
2.920000e-06	-3.982328e-06	-1.686071e-08	-2.818509e+01	-1.001480e+03
2.930000e-06	-4.050887e-06	-1.716946e-08	-2.867032e+01	-1.019442e+03
2.940000e-06	-4.117917e-06	-1.745767e-08	-2.914473e+01	-1.036253e+03
2.950000e-06	-4.183604e-06	-1.772096e-08	-2.960963e+01	-1.051977e+03
2.960000e-06	-4.247936e-06	-1.796550e-08	-3.006494e+01	-1.066680e+03
2.970000e-06	-4.310741e-06	-1.819736e-08	-3.050945e+01	-1.080428e+03
2.980000e-06	-4.371885e-06	-1.841481e-08	-3.094220e+01	-1.093290e+03
2.990000e-06	-4.431384e-06	-1.861635e-08	-3.136330e+01	-1.105341e+03
3.000000e-06	-4.489385e-06	-1.880562e-08	-3.177381e+01	-1.116651e+03
3.010000e-06	-4.545905e-06	-1.898720e-08	-3.217383e+01	-1.127280e+03
3.020000e-06	-4.600760e-06	-1.915911e-08	-3.256207e+01	-1.137278e+03
3.030000e-06	-4.653747e-06	-1.931702e-08	-3.293709e+01	-1.146677e+03
3.040000e-06	-4.704794e-06	-1.946376e-08	-3.329838e+01	-1.155493e+03
3.050000e-06	-4.753918e-06	-1.960384e-08	-3.364605e+01	-1.163736e+03
3.060000e-06	-4.801054e-06	-1.973590e-08	-3.397966e+01	-1.171412e+03
3.070000e-06	-4.846410e-06	-1.985460e-08	-3.430067e+01	-1.178537e+03
3.080000e-06	-4.890285e-06	-1.996467e-08	-3.461119e+01	-1.185140e+03
3.090000e-06	-4.932687e-06	-2.006975e-08	-3.491130e+01	-1.191266e+03
3.100000e-06	-4.973570e-06	-2.016860e-08	-3.520065e+01	-1.196971e+03
3.110000e-06	-5.012802e-06	-2.025991e-08	-3.547831e+01	-1.202310e+03
3.120000e-06	-5.050103e-06	-2.034301e-08	-3.574231e+01	-1.207329e+03
3.130000e-06	-5.085487e-06	-2.042004e-08	-3.599275e+01	-1.212052e+03
3.140000e-06	-5.119168e-06	-2.049341e-08	-3.623113e+01	-1.216483e+03
3.150000e-06	-5.151147e-06	-2.056221e-08	-3.645746e+01	-1.220609e+03
3.160000e-06	-5.181250e-06	-2.062537e-08	-3.667051e+01	-1.224406e+03
3.170000e-06	-5.209397e-06	-2.068585e-08	-3.686972e+01	-1.227860e+03
3.180000e-06	-5.235718e-06	-2.074161e-08	-3.705601e+01	-1.230972e+03
3.190000e-06	-5.260259e-06	-2.078952e-08	-3.722970e+01	-1.233763e+03
3.200000e-06	-5.282933e-06	-2.082985e-08	-3.739018e+01	-1.236274e+03
3.210000e-06	-5.303552e-06	-2.086656e-08	-3.753611e+01	-1.238548e+03
3.220000e-06	-5.322268e-06	-2.090089e-08	-3.766857e+01	-1.240619e+03
3.230000e-06	-5.339293e-06	-2.093235e-08	-3.778907e+01	-1.242500e+03
3.240000e-06	-5.354384e-06	-2.096067e-08	-3.789587e+01	-1.244175e+03
3.250000e-06	-5.367228e-06	-2.098616e-08	-3.798678e+01	-1.245610e+03
3.260000e-06	-5.377974e-06	-2.100606e-08	-3.806283e+01	-1.246765e+03
3.270000e-06	-5.386923e-06	-2.101973e-08	-3.812617e+01	-1.247614e+03
3.280000e-06	-5.394057e-06	-2.102755e-08	-3.817667e+01	-1.248160e+03
3.290000e-06	-5.399156e-06	-2.103318e-08	-3.821275e+01	-1.248437e+03
3.300000e-06	-5.402301e-06	-2.103871e-08	-3.823501e+01	-1.248507e+03
3.310000e-06	-5.403748e-06	-2.104228e-08	-3.824525e+01	-1.248436e+03
3.320000e-06	-5.403420e-06	-2.103601e-08	-3.824293e+01	-1.248275e+03
