# Temperatura_=_32.85
# Concentracion g/m^3_=_20000.0
# C_Vs_to_Am_M_A/Vsm_=_59384043850.047264
# pendiente_HvsI_1/m_=_3716.3
# ordenada_HvsI_A/m_=_1297.0
# frecuencia_Hz_=_301390.1679878277

Tiempo_(s)	Campo_(V.s)	Magnetizacion_(V.s)	Campo_(kA/m)	Magnetizacion_(A/m)
0.000000e+00	-6.694650e-06	-2.836112e-08	-4.767954e+01	-1.683903e+03
1.000000e-08	-6.691531e-06	-2.835695e-08	-4.765733e+01	-1.683724e+03
2.000000e-08	-6.686192e-06	-2.835128e-08	-4.761930e+01	-1.683521e+03
3.000000e-08	-6.678882e-06	-2.834719e-08	-4.756724e+01	-1.683270e+03
4.000000e-08	-6.669365e-06	-2.834289e-08	-4.749946e+01	-1.682923e+03
5.000000e-08	-6.657387e-06	-2.833289e-08	-4.741415e+01	-1.682431e+03
6.000000e-08	-6.643012e-06	-2.832420e-08	-4.731177e+01	-1.681762e+03
7.000000e-08	-6.626223e-06	-2.832410e-08	-4.719220e+01	-1.680914e+03
8.000000e-08	-6.607065e-06	-2.829732e-08	-4.705575e+01	-1.679917e+03
9.000000e-08	-6.585514e-06	-2.824505e-08	-4.690227e+01	-1.678819e+03
1.000000e-07	-6.561334e-06	-2.823377e-08	-4.673006e+01	-1.677672e+03
1.100000e-07	-6.534493e-06	-2.824604e-08	-4.653890e+01	-1.676507e+03
1.200000e-07	-6.505396e-06	-2.823039e-08	-4.633166e+01	-1.675327e+03
1.300000e-07	-6.474563e-06	-2.822799e-08	-4.611207e+01	-1.674105e+03
1.400000e-07	-6.442088e-06	-2.822261e-08	-4.588079e+01	-1.672796e+03
1.500000e-07	-6.407547e-06	-2.813624e-08	-4.563478e+01	-1.671358e+03
1.600000e-07	-6.370781e-06	-2.814531e-08	-4.537294e+01	-1.669766e+03
1.700000e-07	-6.332043e-06	-2.813794e-08	-4.509704e+01	-1.668020e+03
1.800000e-07	-6.290944e-06	-2.802659e-08	-4.480434e+01	-1.666146e+03
1.900000e-07	-6.247354e-06	-2.802702e-08	-4.449388e+01	-1.664182e+03
2.000000e-07	-6.201640e-06	-2.800364e-08	-4.416831e+01	-1.662158e+03
2.100000e-07	-6.153646e-06	-2.798325e-08	-4.382649e+01	-1.660085e+03
2.200000e-07	-6.103070e-06	-2.797592e-08	-4.346629e+01	-1.657952e+03
2.300000e-07	-6.049945e-06	-2.790889e-08	-4.308793e+01	-1.655725e+03
2.400000e-07	-5.994423e-06	-2.787155e-08	-4.269250e+01	-1.653369e+03
2.500000e-07	-5.936687e-06	-2.782880e-08	-4.228130e+01	-1.650857e+03
2.600000e-07	-5.876777e-06	-2.777740e-08	-4.185462e+01	-1.648183e+03
2.700000e-07	-5.814774e-06	-2.772819e-08	-4.141303e+01	-1.645364e+03
2.800000e-07	-5.750770e-06	-2.767875e-08	-4.095719e+01	-1.642430e+03
2.900000e-07	-5.684652e-06	-2.765078e-08	-4.048630e+01	-1.639410e+03
3.000000e-07	-5.616407e-06	-2.760432e-08	-4.000025e+01	-1.636317e+03
3.100000e-07	-5.546121e-06	-2.755118e-08	-3.949967e+01	-1.633145e+03
3.200000e-07	-5.473865e-06	-2.747993e-08	-3.898506e+01	-1.629867e+03
3.300000e-07	-5.399545e-06	-2.741303e-08	-3.845576e+01	-1.626451e+03
3.400000e-07	-5.323040e-06	-2.737079e-08	-3.791089e+01	-1.622867e+03
3.500000e-07	-5.244386e-06	-2.729820e-08	-3.735071e+01	-1.619110e+03
3.600000e-07	-5.163594e-06	-2.723123e-08	-3.677531e+01	-1.615192e+03
3.700000e-07	-5.080855e-06	-2.716996e-08	-3.618603e+01	-1.611143e+03
3.800000e-07	-4.996494e-06	-2.711199e-08	-3.558521e+01	-1.606996e+03
3.900000e-07	-4.910569e-06	-2.704225e-08	-3.497325e+01	-1.602771e+03
4.000000e-07	-4.823087e-06	-2.696102e-08	-3.435020e+01	-1.598467e+03
4.100000e-07	-4.734032e-06	-2.688633e-08	-3.371595e+01	-1.594059e+03
4.200000e-07	-4.643150e-06	-2.680884e-08	-3.306868e+01	-1.589508e+03
4.300000e-07	-4.550427e-06	-2.673365e-08	-3.240831e+01	-1.584780e+03
4.400000e-07	-4.456164e-06	-2.664500e-08	-3.173696e+01	-1.579854e+03
4.500000e-07	-4.360362e-06	-2.656111e-08	-3.105466e+01	-1.574734e+03
4.600000e-07	-4.262973e-06	-2.648173e-08	-3.036105e+01	-1.569447e+03
4.700000e-07	-4.164019e-06	-2.639343e-08	-2.965630e+01	-1.564029e+03
4.800000e-07	-4.063465e-06	-2.629507e-08	-2.894014e+01	-1.558512e+03
4.900000e-07	-3.961450e-06	-2.619488e-08	-2.821359e+01	-1.552908e+03
5.000000e-07	-3.858098e-06	-2.609999e-08	-2.747751e+01	-1.547204e+03
5.100000e-07	-3.753427e-06	-2.600201e-08	-2.673205e+01	-1.541365e+03
5.200000e-07	-3.647343e-06	-2.589854e-08	-2.597651e+01	-1.535350e+03
5.300000e-07	-3.539823e-06	-2.579143e-08	-2.521075e+01	-1.529122e+03
5.400000e-07	-3.431048e-06	-2.568539e-08	-2.443605e+01	-1.522664e+03
5.500000e-07	-3.321089e-06	-2.557532e-08	-2.365292e+01	-1.515984e+03
5.600000e-07	-3.209981e-06	-2.545729e-08	-2.286160e+01	-1.509107e+03
5.700000e-07	-3.097796e-06	-2.533569e-08	-2.206262e+01	-1.502064e+03
5.800000e-07	-2.984399e-06	-2.521695e-08	-2.125500e+01	-1.494878e+03
5.900000e-07	-2.869729e-06	-2.509848e-08	-2.043831e+01	-1.487551e+03
6.000000e-07	-2.753926e-06	-2.497286e-08	-1.961356e+01	-1.480064e+03
6.100000e-07	-2.637066e-06	-2.484052e-08	-1.878128e+01	-1.472386e+03
6.200000e-07	-2.519224e-06	-2.470477e-08	-1.794201e+01	-1.464480e+03
6.300000e-07	-2.400443e-06	-2.456715e-08	-1.709604e+01	-1.456320e+03
6.400000e-07	-2.280864e-06	-2.442548e-08	-1.624439e+01	-1.447900e+03
6.500000e-07	-2.160582e-06	-2.428067e-08	-1.538775e+01	-1.439228e+03
6.600000e-07	-2.039511e-06	-2.413412e-08	-1.452547e+01	-1.430325e+03
6.700000e-07	-1.917605e-06	-2.398395e-08	-1.365725e+01	-1.421210e+03
6.800000e-07	-1.794882e-06	-2.382698e-08	-1.278321e+01	-1.411893e+03
6.900000e-07	-1.671468e-06	-2.366465e-08	-1.190426e+01	-1.402365e+03
7.000000e-07	-1.547501e-06	-2.349949e-08	-1.102136e+01	-1.392602e+03
7.100000e-07	-1.422967e-06	-2.333009e-08	-1.013442e+01	-1.382568e+03
7.200000e-07	-1.297940e-06	-2.315662e-08	-9.243979e+00	-1.372231e+03
7.300000e-07	-1.172515e-06	-2.297803e-08	-8.350697e+00	-1.361561e+03
7.400000e-07	-1.046712e-06	-2.279379e-08	-7.454720e+00	-1.350545e+03
7.500000e-07	-9.206042e-07	-2.260151e-08	-6.556577e+00	-1.339178e+03
7.600000e-07	-7.942178e-07	-2.240054e-08	-5.656448e+00	-1.327462e+03
7.700000e-07	-6.674982e-07	-2.219428e-08	-4.753946e+00	-1.315400e+03
7.800000e-07	-5.405170e-07	-2.198599e-08	-3.849582e+00	-1.302990e+03
7.900000e-07	-4.133768e-07	-2.177271e-08	-2.944085e+00	-1.290220e+03
8.000000e-07	-2.860877e-07	-2.155023e-08	-2.037527e+00	-1.277065e+03
8.100000e-07	-1.586613e-07	-2.132007e-08	-1.129992e+00	-1.263484e+03
8.200000e-07	-3.116639e-08	-2.108351e-08	-2.219682e-01	-1.249418e+03
8.300000e-07	9.626415e-08	-2.084005e-08	6.855968e-01	-1.234793e+03
8.400000e-07	2.236077e-07	-2.058455e-08	1.592542e+00	-1.219516e+03
8.500000e-07	3.508607e-07	-2.031524e-08	2.498843e+00	-1.203494e+03
8.600000e-07	4.780070e-07	-2.003299e-08	3.404383e+00	-1.186636e+03
8.700000e-07	6.050383e-07	-1.973391e-08	4.309105e+00	-1.168876e+03
8.800000e-07	7.318776e-07	-1.941403e-08	5.212459e+00	-1.150177e+03
8.900000e-07	8.584735e-07	-1.907605e-08	6.114079e+00	-1.130533e+03
9.000000e-07	9.847424e-07	-1.872721e-08	7.013371e+00	-1.109955e+03
9.100000e-07	1.110645e-06	-1.836810e-08	7.910055e+00	-1.088440e+03
9.200000e-07	1.236233e-06	-1.799333e-08	8.804495e+00	-1.065941e+03
9.300000e-07	1.361422e-06	-1.759847e-08	9.696094e+00	-1.042328e+03
9.400000e-07	1.486154e-06	-1.717855e-08	1.058444e+01	-1.017372e+03
9.500000e-07	1.610407e-06	-1.672648e-08	1.146937e+01	-9.907450e+02
9.600000e-07	1.734090e-06	-1.623456e-08	1.235025e+01	-9.620418e+02
9.700000e-07	1.857149e-06	-1.569922e-08	1.322669e+01	-9.308074e+02
9.800000e-07	1.979494e-06	-1.511641e-08	1.409803e+01	-8.965607e+02
9.900000e-07	2.100987e-06	-1.447901e-08	1.496331e+01	-8.587937e+02
1.000000e-06	2.221588e-06	-1.377468e-08	1.582223e+01	-8.169420e+02
1.010000e-06	2.341382e-06	-1.298695e-08	1.667541e+01	-7.703303e+02
1.020000e-06	2.460391e-06	-1.210023e-08	1.752300e+01	-7.181156e+02
1.030000e-06	2.578585e-06	-1.109579e-08	1.836478e+01	-6.592592e+02
1.040000e-06	2.695905e-06	-9.955551e-09	1.920033e+01	-5.925610e+02
1.050000e-06	2.812198e-06	-8.662065e-09	2.002858e+01	-5.167764e+02
1.060000e-06	2.927266e-06	-7.198742e-09	2.084809e+01	-4.308144e+02
1.070000e-06	3.041019e-06	-5.554437e-09	2.165825e+01	-3.339886e+02
1.080000e-06	3.153584e-06	-3.727991e-09	2.245994e+01	-2.262684e+02
1.090000e-06	3.265076e-06	-1.730852e-09	2.325399e+01	-1.084685e+02
1.100000e-06	3.375481e-06	4.099334e-10	2.404030e+01	1.768252e+01
1.110000e-06	3.484756e-06	2.650726e-09	2.481856e+01	1.496261e+02
1.120000e-06	3.592875e-06	4.932658e-09	2.558858e+01	2.842084e+02
1.130000e-06	3.699732e-06	7.193832e-09	2.634963e+01	4.180265e+02
1.140000e-06	3.805185e-06	9.379728e-09	2.710066e+01	5.478186e+02
1.150000e-06	3.909181e-06	1.144585e-08	2.784133e+01	6.708173e+02
1.160000e-06	4.011739e-06	1.335804e-08	2.857175e+01	7.850000e+02
1.170000e-06	4.112955e-06	1.510031e-08	2.929262e+01	8.891925e+02
1.180000e-06	4.212753e-06	1.667238e-08	3.000338e+01	9.830232e+02
1.190000e-06	4.310921e-06	1.807858e-08	3.070253e+01	1.066759e+03
1.200000e-06	4.407425e-06	1.932659e-08	3.138984e+01	1.141081e+03
1.210000e-06	4.502352e-06	2.042712e-08	3.206591e+01	1.206853e+03
1.220000e-06	4.595821e-06	2.139739e-08	3.273160e+01	1.264952e+03
1.230000e-06	4.687776e-06	2.225300e-08	3.338651e+01	1.316163e+03
1.240000e-06	4.778037e-06	2.300349e-08	3.402936e+01	1.361157e+03
1.250000e-06	4.866476e-06	2.365828e-08	3.465922e+01	1.400523e+03
1.260000e-06	4.953155e-06	2.422995e-08	3.527655e+01	1.434817e+03
1.270000e-06	5.038203e-06	2.472840e-08	3.588227e+01	1.464601e+03
1.280000e-06	5.121544e-06	2.516136e-08	3.647582e+01	1.490457e+03
1.290000e-06	5.203001e-06	2.553605e-08	3.705597e+01	1.512962e+03
1.300000e-06	5.282485e-06	2.586207e-08	3.762205e+01	1.532651e+03
1.310000e-06	5.360105e-06	2.615094e-08	3.817486e+01	1.549982e+03
1.320000e-06	5.435754e-06	2.640723e-08	3.871364e+01	1.565307e+03
1.330000e-06	5.509222e-06	2.663205e-08	3.923688e+01	1.578883e+03
1.340000e-06	5.580663e-06	2.682815e-08	3.974569e+01	1.590894e+03
1.350000e-06	5.650218e-06	2.700421e-08	4.024106e+01	1.601486e+03
1.360000e-06	5.717757e-06	2.716297e-08	4.072208e+01	1.610804e+03
1.370000e-06	5.783117e-06	2.730087e-08	4.118757e+01	1.619003e+03
1.380000e-06	5.846412e-06	2.742078e-08	4.163836e+01	1.626252e+03
1.390000e-06	5.907859e-06	2.752880e-08	4.207599e+01	1.632717e+03
1.400000e-06	5.967306e-06	2.762562e-08	4.249937e+01	1.638538e+03
1.410000e-06	6.024560e-06	2.770968e-08	4.290714e+01	1.643817e+03
1.420000e-06	6.079627e-06	2.778379e-08	4.329932e+01	1.648615e+03
1.430000e-06	6.132358e-06	2.785380e-08	4.367487e+01	1.652963e+03
1.440000e-06	6.182491e-06	2.792086e-08	4.403193e+01	1.656882e+03
1.450000e-06	6.230111e-06	2.798177e-08	4.437108e+01	1.660395e+03
1.460000e-06	6.275603e-06	2.803583e-08	4.469507e+01	1.663540e+03
1.470000e-06	6.319002e-06	2.808574e-08	4.500416e+01	1.666369e+03
1.480000e-06	6.360019e-06	2.813203e-08	4.529629e+01	1.668934e+03
1.490000e-06	6.398708e-06	2.817037e-08	4.557183e+01	1.671278e+03
1.500000e-06	6.435337e-06	2.820085e-08	4.583270e+01	1.673426e+03
1.510000e-06	6.469689e-06	2.822848e-08	4.607736e+01	1.675381e+03
1.520000e-06	6.501643e-06	2.825589e-08	4.630494e+01	1.677138e+03
1.530000e-06	6.531462e-06	2.828070e-08	4.651731e+01	1.678692e+03
1.540000e-06	6.559053e-06	2.830199e-08	4.671381e+01	1.680052e+03
1.550000e-06	6.584149e-06	2.832314e-08	4.689255e+01	1.681238e+03
1.560000e-06	6.606839e-06	2.834463e-08	4.705415e+01	1.682284e+03
1.570000e-06	6.627391e-06	2.836177e-08	4.720052e+01	1.683220e+03
1.580000e-06	6.645658e-06	2.837156e-08	4.733062e+01	1.684061e+03
1.590000e-06	6.661475e-06	2.837745e-08	4.744327e+01	1.684804e+03
1.600000e-06	6.674904e-06	2.838433e-08	4.753891e+01	1.685427e+03
1.610000e-06	6.685714e-06	2.839099e-08	4.761590e+01	1.685900e+03
1.620000e-06	6.693908e-06	2.839502e-08	4.767426e+01	1.686205e+03
1.630000e-06	6.699820e-06	2.839760e-08	4.771637e+01	1.686341e+03
1.640000e-06	6.703445e-06	2.840101e-08	4.774218e+01	1.686337e+03
1.650000e-06	6.704648e-06	2.840154e-08	4.775075e+01	1.686234e+03
1.660000e-06	6.703577e-06	2.840068e-08	4.774312e+01	1.686077e+03
1.670000e-06	6.700372e-06	2.839754e-08	4.772029e+01	1.685895e+03
1.680000e-06	6.694918e-06	2.839003e-08	4.768145e+01	1.685690e+03
1.690000e-06	6.687219e-06	2.838133e-08	4.762662e+01	1.685430e+03
1.700000e-06	6.677361e-06	2.837093e-08	4.755641e+01	1.685070e+03
1.710000e-06	6.665229e-06	2.835876e-08	4.747001e+01	1.684559e+03
1.720000e-06	6.650702e-06	2.833600e-08	4.736654e+01	1.683871e+03
1.730000e-06	6.634065e-06	2.832697e-08	4.724805e+01	1.683005e+03
1.740000e-06	6.615384e-06	2.835970e-08	4.711501e+01	1.681994e+03
1.750000e-06	6.593898e-06	2.834759e-08	4.696198e+01	1.680888e+03
1.760000e-06	6.569189e-06	2.829106e-08	4.678600e+01	1.679738e+03
1.770000e-06	6.541794e-06	2.825902e-08	4.659089e+01	1.678572e+03
1.780000e-06	6.512203e-06	2.818870e-08	4.638015e+01	1.677389e+03
1.790000e-06	6.480882e-06	2.818024e-08	4.615708e+01	1.676159e+03
1.800000e-06	6.448075e-06	2.824100e-08	4.592343e+01	1.674838e+03
1.810000e-06	6.413208e-06	2.812953e-08	4.567510e+01	1.673384e+03
1.820000e-06	6.375984e-06	2.811141e-08	4.540999e+01	1.671775e+03
1.830000e-06	6.336546e-06	2.816197e-08	4.512911e+01	1.670013e+03
1.840000e-06	6.294836e-06	2.808205e-08	4.483205e+01	1.668128e+03
1.850000e-06	6.251091e-06	2.808164e-08	4.452050e+01	1.666156e+03
1.860000e-06	6.205114e-06	2.798658e-08	4.419305e+01	1.664126e+03
1.870000e-06	6.156664e-06	2.791955e-08	4.384799e+01	1.662048e+03
1.880000e-06	6.106021e-06	2.794764e-08	4.348731e+01	1.659906e+03
1.890000e-06	6.052837e-06	2.788563e-08	4.310853e+01	1.657667e+03
1.900000e-06	5.997255e-06	2.787025e-08	4.271267e+01	1.655295e+03
1.910000e-06	5.939597e-06	2.780791e-08	4.230203e+01	1.652765e+03
1.920000e-06	5.879727e-06	2.776339e-08	4.187563e+01	1.650075e+03
1.930000e-06	5.817661e-06	2.775077e-08	4.143360e+01	1.647242e+03
1.940000e-06	5.753414e-06	2.763347e-08	4.097603e+01	1.644297e+03
1.950000e-06	5.687211e-06	2.758781e-08	4.050452e+01	1.641268e+03
1.960000e-06	5.618935e-06	2.754303e-08	4.001826e+01	1.638167e+03
1.970000e-06	5.548395e-06	2.752111e-08	3.951587e+01	1.634985e+03
1.980000e-06	5.475858e-06	2.747040e-08	3.899926e+01	1.631694e+03
1.990000e-06	5.401320e-06	2.736394e-08	3.846840e+01	1.628261e+03
2.000000e-06	5.324686e-06	2.733836e-08	3.792260e+01	1.624659e+03
2.010000e-06	5.245896e-06	2.726761e-08	3.736146e+01	1.620882e+03
2.020000e-06	5.165173e-06	2.720049e-08	3.678655e+01	1.616948e+03
2.030000e-06	5.082777e-06	2.711015e-08	3.619972e+01	1.612887e+03
2.040000e-06	4.998568e-06	2.703897e-08	3.559998e+01	1.608731e+03
2.050000e-06	4.912403e-06	2.699868e-08	3.498632e+01	1.604498e+03
2.060000e-06	4.824389e-06	2.691448e-08	3.435947e+01	1.600184e+03
2.070000e-06	4.734822e-06	2.683464e-08	3.372157e+01	1.595763e+03
2.080000e-06	4.643667e-06	2.674432e-08	3.307236e+01	1.591195e+03
2.090000e-06	4.550854e-06	2.668555e-08	3.241135e+01	1.586446e+03
2.100000e-06	4.456357e-06	2.659993e-08	3.173834e+01	1.581498e+03
2.110000e-06	4.360226e-06	2.649500e-08	3.105369e+01	1.576358e+03
2.120000e-06	4.262655e-06	2.640603e-08	3.035878e+01	1.571055e+03
2.130000e-06	4.163665e-06	2.632446e-08	2.965378e+01	1.565625e+03
2.140000e-06	4.063169e-06	2.624270e-08	2.893804e+01	1.560098e+03
2.150000e-06	3.961024e-06	2.613375e-08	2.821056e+01	1.554484e+03
2.160000e-06	3.857320e-06	2.603430e-08	2.747198e+01	1.548767e+03
2.170000e-06	3.752255e-06	2.594043e-08	2.672370e+01	1.542912e+03
2.180000e-06	3.645969e-06	2.584575e-08	2.596672e+01	1.536875e+03
2.190000e-06	3.538521e-06	2.573325e-08	2.520147e+01	1.530622e+03
2.200000e-06	3.429903e-06	2.561793e-08	2.442789e+01	1.524139e+03
2.210000e-06	3.319991e-06	2.551578e-08	2.364510e+01	1.517437e+03
2.220000e-06	3.208698e-06	2.540749e-08	2.285246e+01	1.510540e+03
2.230000e-06	3.096270e-06	2.528137e-08	2.205175e+01	1.503481e+03
2.240000e-06	2.982758e-06	2.514802e-08	2.124331e+01	1.496280e+03
2.250000e-06	2.868084e-06	2.502707e-08	2.042660e+01	1.488937e+03
2.260000e-06	2.752247e-06	2.490680e-08	1.960160e+01	1.481431e+03
2.270000e-06	2.635233e-06	2.477520e-08	1.876823e+01	1.473730e+03
2.280000e-06	2.517110e-06	2.463662e-08	1.792695e+01	1.465797e+03
2.290000e-06	2.398023e-06	2.450480e-08	1.707881e+01	1.457610e+03
2.300000e-06	2.278078e-06	2.436993e-08	1.622455e+01	1.449161e+03
2.310000e-06	2.157360e-06	2.421785e-08	1.536480e+01	1.440463e+03
2.320000e-06	2.035936e-06	2.405526e-08	1.450001e+01	1.431536e+03
2.330000e-06	1.913776e-06	2.390247e-08	1.362998e+01	1.422400e+03
2.340000e-06	1.790950e-06	2.375313e-08	1.275521e+01	1.413061e+03
2.350000e-06	1.667613e-06	2.359082e-08	1.187680e+01	1.403509e+03
2.360000e-06	1.543752e-06	2.341867e-08	1.099466e+01	1.393718e+03
2.370000e-06	1.419274e-06	2.325029e-08	1.010812e+01	1.383654e+03
2.380000e-06	1.294201e-06	2.308355e-08	9.217345e+00	1.373281e+03
2.390000e-06	1.168564e-06	2.290183e-08	8.322556e+00	1.362575e+03
2.400000e-06	1.042465e-06	2.270980e-08	7.424472e+00	1.351521e+03
2.410000e-06	9.160007e-07	2.251945e-08	6.523790e+00	1.340116e+03
2.420000e-06	7.892588e-07	2.233155e-08	5.621130e+00	1.328362e+03
2.430000e-06	6.622951e-07	2.213132e-08	4.716890e+00	1.316263e+03
2.440000e-06	5.351426e-07	2.191515e-08	3.811305e+00	1.303815e+03
2.450000e-06	4.077746e-07	2.169606e-08	2.904185e+00	1.291005e+03
2.460000e-06	2.801740e-07	2.147861e-08	1.995409e+00	1.277806e+03
2.470000e-06	1.524346e-07	2.125155e-08	1.085645e+00	1.264176e+03
2.480000e-06	2.461424e-08	2.100888e-08	1.753035e-01	1.250055e+03
2.490000e-06	-1.031715e-07	2.075832e-08	-7.347911e-01	1.235364e+03
2.500000e-06	-2.308600e-07	2.050429e-08	-1.644193e+00	1.220012e+03
2.510000e-06	-3.584927e-07	2.023748e-08	-2.553198e+00	1.203904e+03
2.520000e-06	-4.860090e-07	1.994868e-08	-3.461374e+00	1.186952e+03
2.530000e-06	-6.133211e-07	1.964391e-08	-4.368095e+00	1.169092e+03
2.540000e-06	-7.404189e-07	1.932959e-08	-5.273291e+00	1.150291e+03
2.550000e-06	-8.672574e-07	1.900193e-08	-6.176639e+00	1.130547e+03
2.560000e-06	-9.937898e-07	1.865129e-08	-7.077807e+00	1.109868e+03
2.570000e-06	-1.119917e-06	1.828359e-08	-7.976089e+00	1.088252e+03
2.580000e-06	-1.245590e-06	1.790779e-08	-8.871136e+00	1.065641e+03
2.590000e-06	-1.370762e-06	1.751581e-08	-9.762615e+00	1.041897e+03
2.600000e-06	-1.495350e-06	1.709356e-08	-1.064993e+01	1.016778e+03
2.610000e-06	-1.619320e-06	1.663750e-08	-1.153285e+01	9.899493e+02
2.620000e-06	-1.742662e-06	1.615083e-08	-1.241130e+01	9.609970e+02
2.630000e-06	-1.865399e-06	1.562558e-08	-1.328544e+01	9.294631e+02
2.640000e-06	-1.987486e-06	1.504687e-08	-1.415495e+01	8.948639e+02
2.650000e-06	-2.108842e-06	1.440664e-08	-1.501925e+01	8.566875e+02
2.660000e-06	-2.229497e-06	1.370301e-08	-1.587856e+01	8.143604e+02
2.670000e-06	-2.349437e-06	1.292218e-08	-1.673278e+01	7.671919e+02
2.680000e-06	-2.468530e-06	1.204022e-08	-1.758096e+01	7.143184e+02
2.690000e-06	-2.586688e-06	1.103948e-08	-1.842249e+01	6.546811e+02
2.700000e-06	-2.703783e-06	9.908282e-09	-1.925644e+01	5.870679e+02
2.710000e-06	-2.819690e-06	8.628994e-09	-2.008193e+01	5.102400e+02
2.720000e-06	-2.934440e-06	7.177898e-09	-2.089919e+01	4.231370e+02
2.730000e-06	-3.048082e-06	5.543887e-09	-2.170855e+01	3.251315e+02
2.740000e-06	-3.160485e-06	3.731361e-09	-2.250909e+01	2.162761e+02
2.750000e-06	-3.271593e-06	1.753183e-09	-2.330041e+01	9.748267e+01
2.760000e-06	-3.381398e-06	-3.676076e-10	-2.408244e+01	-2.942457e+01
2.770000e-06	-3.490043e-06	-2.589855e-09	-2.485621e+01	-1.618095e+02
2.780000e-06	-3.597634e-06	-4.853849e-09	-2.562248e+01	-2.964737e+02
2.790000e-06	-3.704097e-06	-7.098649e-09	-2.638071e+01	-4.300106e+02
2.800000e-06	-3.809376e-06	-9.272343e-09	-2.713051e+01	-5.591958e+02
2.810000e-06	-3.913272e-06	-1.133204e-08	-2.787046e+01	-6.813323e+02
2.820000e-06	-4.015590e-06	-1.324136e-08	-2.859918e+01	-7.944860e+02
2.830000e-06	-4.116307e-06	-1.497971e-08	-2.931649e+01	-8.975733e+02
2.840000e-06	-4.215588e-06	-1.654748e-08	-3.002357e+01	-9.903005e+02
2.850000e-06	-4.313524e-06	-1.795396e-08	-3.072108e+01	-1.072990e+03
2.860000e-06	-4.410061e-06	-1.920394e-08	-3.140862e+01	-1.146353e+03
2.870000e-06	-4.504997e-06	-2.030397e-08	-3.208475e+01	-1.211263e+03
2.880000e-06	-4.598214e-06	-2.127294e-08	-3.274865e+01	-1.268588e+03
2.890000e-06	-4.689811e-06	-2.213094e-08	-3.340100e+01	-1.319103e+03
2.900000e-06	-4.779821e-06	-2.288490e-08	-3.404206e+01	-1.363467e+03
2.910000e-06	-4.868178e-06	-2.353946e-08	-3.467134e+01	-1.402263e+03
2.920000e-06	-4.954678e-06	-2.410862e-08	-3.528740e+01	-1.436047e+03
2.930000e-06	-5.039277e-06	-2.460766e-08	-3.588991e+01	-1.465383e+03
2.940000e-06	-5.122152e-06	-2.504562e-08	-3.648015e+01	-1.490853e+03
2.950000e-06	-5.203410e-06	-2.542565e-08	-3.705888e+01	-1.513032e+03
2.960000e-06	-5.282796e-06	-2.575750e-08	-3.762427e+01	-1.532448e+03
2.970000e-06	-5.360013e-06	-2.605210e-08	-3.817420e+01	-1.549549e+03
2.980000e-06	-5.435146e-06	-2.631364e-08	-3.870931e+01	-1.564677e+03
2.990000e-06	-5.508313e-06	-2.654013e-08	-3.923041e+01	-1.578078e+03
3.000000e-06	-5.579466e-06	-2.673397e-08	-3.973716e+01	-1.589930e+03
3.010000e-06	-5.648495e-06	-2.690610e-08	-4.022879e+01	-1.600379e+03
3.020000e-06	-5.715484e-06	-2.706337e-08	-4.070589e+01	-1.609569e+03
3.030000e-06	-5.780634e-06	-2.720538e-08	-4.116989e+01	-1.617658e+03
3.040000e-06	-5.843851e-06	-2.732991e-08	-4.162012e+01	-1.624816e+03
3.050000e-06	-5.904878e-06	-2.744229e-08	-4.205476e+01	-1.631206e+03
3.060000e-06	-5.963732e-06	-2.754688e-08	-4.247392e+01	-1.636965e+03
3.070000e-06	-6.020558e-06	-2.763855e-08	-4.287863e+01	-1.642190e+03
3.080000e-06	-6.075270e-06	-2.771404e-08	-4.326829e+01	-1.646939e+03
3.090000e-06	-6.127555e-06	-2.778008e-08	-4.364067e+01	-1.651241e+03
3.100000e-06	-6.177267e-06	-2.784430e-08	-4.399472e+01	-1.655115e+03
3.110000e-06	-6.224453e-06	-2.790470e-08	-4.433078e+01	-1.658587e+03
3.120000e-06	-6.269415e-06	-2.795895e-08	-4.465100e+01	-1.661696e+03
3.130000e-06	-6.312428e-06	-2.800918e-08	-4.495734e+01	-1.664494e+03
3.140000e-06	-6.353438e-06	-2.805674e-08	-4.524942e+01	-1.667034e+03
3.150000e-06	-6.392223e-06	-2.809956e-08	-4.552564e+01	-1.669356e+03
3.160000e-06	-6.428690e-06	-2.813287e-08	-4.578537e+01	-1.671483e+03
3.170000e-06	-6.462972e-06	-2.815915e-08	-4.602952e+01	-1.673418e+03
3.180000e-06	-6.495017e-06	-2.818771e-08	-4.625775e+01	-1.675154e+03
3.190000e-06	-6.524628e-06	-2.821731e-08	-4.646864e+01	-1.676687e+03
3.200000e-06	-6.551836e-06	-2.824269e-08	-4.666242e+01	-1.678026e+03
3.210000e-06	-6.576808e-06	-2.826323e-08	-4.684026e+01	-1.679196e+03
3.220000e-06	-6.599493e-06	-2.828297e-08	-4.700183e+01	-1.680229e+03
3.230000e-06	-6.619781e-06	-2.830327e-08	-4.714632e+01	-1.681155e+03
3.240000e-06	-6.637793e-06	-2.831795e-08	-4.727460e+01	-1.681987e+03
3.250000e-06	-6.653504e-06	-2.832716e-08	-4.738650e+01	-1.682718e+03
3.260000e-06	-6.666599e-06	-2.833600e-08	-4.747976e+01	-1.683326e+03
3.270000e-06	-6.677138e-06	-2.834574e-08	-4.755482e+01	-1.683782e+03
3.280000e-06	-6.685361e-06	-2.835299e-08	-4.761338e+01	-1.684068e+03
3.290000e-06	-6.691111e-06	-2.835592e-08	-4.765434e+01	-1.684189e+03
3.300000e-06	-6.694421e-06	-2.835766e-08	-4.767791e+01	-1.684171e+03
3.310000e-06	-6.695555e-06	-2.836098e-08	-4.768599e+01	-1.684061e+03
