# Temperatura_=_91.55
# Concentracion g/m^3_=_20000.0
# C_Vs_to_Am_M_A/Vsm_=_59384043850.047264
# pendiente_HvsI_1/m_=_3716.3
# ordenada_HvsI_A/m_=_1297.0
# frecuencia_Hz_=_301389.7316597967

Tiempo_(s)	Campo_(V.s)	Magnetizacion_(V.s)	Campo_(kA/m)	Magnetizacion_(A/m)
0.000000e+00	-6.716884e-06	-2.864984e-08	-4.767824e+01	-1.703119e+03
1.000000e-08	-6.714035e-06	-2.864318e-08	-4.765802e+01	-1.702575e+03
2.000000e-08	-6.708909e-06	-2.864050e-08	-4.762164e+01	-1.702101e+03
3.000000e-08	-6.701700e-06	-2.863969e-08	-4.757047e+01	-1.701773e+03
4.000000e-08	-6.692260e-06	-2.863827e-08	-4.750345e+01	-1.701569e+03
5.000000e-08	-6.680410e-06	-2.862877e-08	-4.741934e+01	-1.701373e+03
6.000000e-08	-6.666135e-06	-2.862032e-08	-4.731801e+01	-1.701028e+03
7.000000e-08	-6.649400e-06	-2.862549e-08	-4.719922e+01	-1.700400e+03
8.000000e-08	-6.630366e-06	-2.859607e-08	-4.706411e+01	-1.699438e+03
9.000000e-08	-6.609003e-06	-2.852632e-08	-4.691248e+01	-1.698198e+03
1.000000e-07	-6.584922e-06	-2.851607e-08	-4.674154e+01	-1.696820e+03
1.100000e-07	-6.558141e-06	-2.854681e-08	-4.655145e+01	-1.695474e+03
1.200000e-07	-6.529153e-06	-2.853741e-08	-4.634568e+01	-1.694280e+03
1.300000e-07	-6.498416e-06	-2.853601e-08	-4.612750e+01	-1.693267e+03
1.400000e-07	-6.465994e-06	-2.855220e-08	-4.589736e+01	-1.692351e+03
1.500000e-07	-6.431490e-06	-2.845331e-08	-4.565244e+01	-1.691376e+03
1.600000e-07	-6.394714e-06	-2.845718e-08	-4.539139e+01	-1.690175e+03
1.700000e-07	-6.355948e-06	-2.847699e-08	-4.511623e+01	-1.688640e+03
1.800000e-07	-6.314920e-06	-2.834083e-08	-4.482499e+01	-1.686766e+03
1.900000e-07	-6.271410e-06	-2.835319e-08	-4.451615e+01	-1.684652e+03
2.000000e-07	-6.225740e-06	-2.834119e-08	-4.419197e+01	-1.682457e+03
2.100000e-07	-6.177765e-06	-2.831530e-08	-4.385143e+01	-1.680331e+03
2.200000e-07	-6.127164e-06	-2.832931e-08	-4.349225e+01	-1.678354e+03
2.300000e-07	-6.073975e-06	-2.825214e-08	-4.311470e+01	-1.676500e+03
2.400000e-07	-6.018445e-06	-2.822063e-08	-4.272053e+01	-1.674651e+03
2.500000e-07	-5.960670e-06	-2.818370e-08	-4.231043e+01	-1.672645e+03
2.600000e-07	-5.900712e-06	-2.812733e-08	-4.188484e+01	-1.670348e+03
2.700000e-07	-5.838731e-06	-2.809166e-08	-4.144488e+01	-1.667707e+03
2.800000e-07	-5.774714e-06	-2.805421e-08	-4.099047e+01	-1.664770e+03
2.900000e-07	-5.708538e-06	-2.803087e-08	-4.052074e+01	-1.661665e+03
3.000000e-07	-5.640221e-06	-2.797770e-08	-4.003580e+01	-1.658541e+03
3.100000e-07	-5.569865e-06	-2.793341e-08	-3.953639e+01	-1.655505e+03
3.200000e-07	-5.497514e-06	-2.786651e-08	-3.902283e+01	-1.652574e+03
3.300000e-07	-5.423036e-06	-2.779570e-08	-3.849416e+01	-1.649669e+03
3.400000e-07	-5.346420e-06	-2.776993e-08	-3.795033e+01	-1.646652e+03
3.500000e-07	-5.267711e-06	-2.770833e-08	-3.739162e+01	-1.643381e+03
3.600000e-07	-5.186859e-06	-2.765429e-08	-3.681772e+01	-1.639775e+03
3.700000e-07	-5.104121e-06	-2.759971e-08	-3.623042e+01	-1.635844e+03
3.800000e-07	-5.019748e-06	-2.753856e-08	-3.563152e+01	-1.631684e+03
3.900000e-07	-4.933765e-06	-2.746770e-08	-3.502119e+01	-1.627433e+03
4.000000e-07	-4.846148e-06	-2.738780e-08	-3.439926e+01	-1.623209e+03
4.100000e-07	-4.756819e-06	-2.732345e-08	-3.376518e+01	-1.619057e+03
4.200000e-07	-4.665691e-06	-2.725214e-08	-3.311833e+01	-1.614930e+03
4.300000e-07	-4.572826e-06	-2.718704e-08	-3.245914e+01	-1.610712e+03
4.400000e-07	-4.478389e-06	-2.710820e-08	-3.178880e+01	-1.606263e+03
4.500000e-07	-4.382390e-06	-2.702943e-08	-3.110738e+01	-1.601486e+03
4.600000e-07	-4.284739e-06	-2.695430e-08	-3.041423e+01	-1.596365e+03
4.700000e-07	-4.185476e-06	-2.686902e-08	-2.970963e+01	-1.590969e+03
4.800000e-07	-4.084714e-06	-2.677695e-08	-2.899440e+01	-1.585425e+03
4.900000e-07	-3.982605e-06	-2.668308e-08	-2.826960e+01	-1.579855e+03
5.000000e-07	-3.879143e-06	-2.659466e-08	-2.753520e+01	-1.574323e+03
5.100000e-07	-3.774237e-06	-2.650093e-08	-2.679055e+01	-1.568802e+03
5.200000e-07	-3.667880e-06	-2.640171e-08	-2.603560e+01	-1.563188e+03
5.300000e-07	-3.560095e-06	-2.629891e-08	-2.527051e+01	-1.557340e+03
5.400000e-07	-3.451033e-06	-2.619516e-08	-2.449636e+01	-1.551143e+03
5.500000e-07	-3.340828e-06	-2.608718e-08	-2.371409e+01	-1.544556e+03
5.600000e-07	-3.229514e-06	-2.597667e-08	-2.292395e+01	-1.537629e+03
5.700000e-07	-3.116994e-06	-2.586377e-08	-2.212526e+01	-1.530479e+03
5.800000e-07	-3.003284e-06	-2.574907e-08	-2.131811e+01	-1.523237e+03
5.900000e-07	-2.888373e-06	-2.563096e-08	-2.050244e+01	-1.515985e+03
6.000000e-07	-2.772171e-06	-2.550747e-08	-1.967761e+01	-1.508719e+03
6.100000e-07	-2.654902e-06	-2.537732e-08	-1.884521e+01	-1.501347e+03
6.200000e-07	-2.536711e-06	-2.524030e-08	-1.800625e+01	-1.493727e+03
6.300000e-07	-2.417658e-06	-2.510292e-08	-1.716118e+01	-1.485726e+03
6.400000e-07	-2.297774e-06	-2.496449e-08	-1.631022e+01	-1.477282e+03
6.500000e-07	-2.176984e-06	-2.482462e-08	-1.545282e+01	-1.468425e+03
6.600000e-07	-2.055419e-06	-2.468070e-08	-1.458992e+01	-1.459262e+03
6.700000e-07	-1.933211e-06	-2.453086e-08	-1.372245e+01	-1.449930e+03
6.800000e-07	-1.810242e-06	-2.437364e-08	-1.284958e+01	-1.440525e+03
6.900000e-07	-1.686494e-06	-2.420941e-08	-1.197118e+01	-1.431052e+03
7.000000e-07	-1.562091e-06	-2.403930e-08	-1.108814e+01	-1.421419e+03
7.100000e-07	-1.437168e-06	-2.386378e-08	-1.020140e+01	-1.411464e+03
7.200000e-07	-1.311807e-06	-2.368618e-08	-9.311561e+00	-1.401028e+03
7.300000e-07	-1.186045e-06	-2.350571e-08	-8.418868e+00	-1.390017e+03
7.400000e-07	-1.059894e-06	-2.332004e-08	-7.523409e+00	-1.378449e+03
7.500000e-07	-9.333601e-07	-2.312734e-08	-6.625240e+00	-1.366437e+03
7.600000e-07	-8.065302e-07	-2.292581e-08	-5.724967e+00	-1.354145e+03
7.700000e-07	-6.794540e-07	-2.271568e-08	-4.822947e+00	-1.341698e+03
7.800000e-07	-5.521561e-07	-2.249918e-08	-3.919352e+00	-1.329120e+03
7.900000e-07	-4.247143e-07	-2.227575e-08	-3.014736e+00	-1.316299e+03
8.000000e-07	-2.971451e-07	-2.204400e-08	-2.109216e+00	-1.303016e+03
8.100000e-07	-1.694125e-07	-2.180385e-08	-1.202536e+00	-1.289019e+03
8.200000e-07	-4.158358e-08	-2.155622e-08	-2.951714e-01	-1.274107e+03
8.300000e-07	8.621645e-08	-2.129923e-08	6.119875e-01	-1.258204e+03
8.400000e-07	2.139623e-07	-2.102904e-08	1.518762e+00	-1.241364e+03
8.500000e-07	3.416587e-07	-2.074439e-08	2.425185e+00	-1.223728e+03
8.600000e-07	4.692049e-07	-2.044170e-08	3.330542e+00	-1.205427e+03
8.700000e-07	5.965871e-07	-2.011709e-08	4.234735e+00	-1.186483e+03
8.800000e-07	7.237556e-07	-1.976812e-08	5.137411e+00	-1.166757e+03
8.900000e-07	8.506075e-07	-1.939912e-08	6.037840e+00	-1.145953e+03
9.000000e-07	9.771463e-07	-1.901606e-08	6.936046e+00	-1.123696e+03
9.100000e-07	1.103416e-06	-1.861700e-08	7.832340e+00	-1.099646e+03
9.200000e-07	1.229366e-06	-1.819436e-08	8.726370e+00	-1.073583e+03
9.300000e-07	1.354913e-06	-1.773945e-08	9.617533e+00	-1.045432e+03
9.400000e-07	1.480026e-06	-1.724418e-08	1.050562e+01	-1.015180e+03
9.500000e-07	1.604681e-06	-1.669720e-08	1.139045e+01	-9.827034e+02
9.600000e-07	1.728813e-06	-1.608653e-08	1.227158e+01	-9.475499e+02
9.700000e-07	1.852334e-06	-1.540314e-08	1.314837e+01	-9.087599e+02
9.800000e-07	1.975111e-06	-1.463162e-08	1.401987e+01	-8.647911e+02
9.900000e-07	2.097027e-06	-1.374681e-08	1.488526e+01	-8.136019e+02
1.000000e-06	2.218161e-06	-1.272091e-08	1.574510e+01	-7.528940e+02
1.010000e-06	2.338549e-06	-1.152039e-08	1.659965e+01	-6.804680e+02
1.020000e-06	2.458082e-06	-1.010559e-08	1.744812e+01	-5.946110e+02
1.030000e-06	2.576710e-06	-8.434177e-09	1.829018e+01	-4.944250e+02
1.040000e-06	2.694445e-06	-6.469166e-09	1.912589e+01	-3.800236e+02
1.050000e-06	2.811202e-06	-4.215646e-09	1.995467e+01	-2.525661e+02
1.060000e-06	2.926885e-06	-1.771110e-09	2.077581e+01	-1.141402e+02
1.070000e-06	3.041320e-06	7.420151e-10	2.158811e+01	3.245800e+01
1.080000e-06	3.154451e-06	3.265712e-09	2.239114e+01	1.839840e+02
1.090000e-06	3.266409e-06	5.790204e-09	2.318584e+01	3.369926e+02
1.100000e-06	3.377228e-06	8.315301e-09	2.397247e+01	4.880451e+02
1.110000e-06	3.486927e-06	1.082766e-08	2.475115e+01	6.338757e+02
1.120000e-06	3.595505e-06	1.324757e-08	2.552186e+01	7.715376e+02
1.130000e-06	3.702853e-06	1.544546e-08	2.628384e+01	8.985487e+02
1.140000e-06	3.808721e-06	1.735826e-08	2.703533e+01	1.013042e+03
1.150000e-06	3.913067e-06	1.900075e-08	2.777600e+01	1.113900e+03
1.160000e-06	4.016017e-06	2.040573e-08	2.850676e+01	1.200847e+03
1.170000e-06	4.117638e-06	2.160486e-08	2.922810e+01	1.274436e+03
1.180000e-06	4.217945e-06	2.262659e-08	2.994011e+01	1.335931e+03
1.190000e-06	4.316699e-06	2.349419e-08	3.064109e+01	1.387077e+03
1.200000e-06	4.413731e-06	2.422893e-08	3.132985e+01	1.429799e+03
1.210000e-06	4.509118e-06	2.484942e-08	3.200693e+01	1.465906e+03
1.220000e-06	4.602951e-06	2.537277e-08	3.267298e+01	1.496860e+03
1.230000e-06	4.695315e-06	2.581394e-08	3.332860e+01	1.523672e+03
1.240000e-06	4.786074e-06	2.618595e-08	3.397284e+01	1.546931e+03
1.250000e-06	4.875015e-06	2.650256e-08	3.460416e+01	1.566935e+03
1.260000e-06	4.962140e-06	2.677376e-08	3.522260e+01	1.583875e+03
1.270000e-06	5.047589e-06	2.700560e-08	3.582914e+01	1.597997e+03
1.280000e-06	5.131420e-06	2.720508e-08	3.642420e+01	1.609682e+03
1.290000e-06	5.213373e-06	2.737678e-08	3.700592e+01	1.619444e+03
1.300000e-06	5.293340e-06	2.752536e-08	3.757355e+01	1.627838e+03
1.310000e-06	5.371428e-06	2.765593e-08	3.812783e+01	1.635347e+03
1.320000e-06	5.447532e-06	2.776897e-08	3.866804e+01	1.642280e+03
1.330000e-06	5.521439e-06	2.786674e-08	3.919265e+01	1.648745e+03
1.340000e-06	5.593190e-06	2.795221e-08	3.970196e+01	1.654684e+03
1.350000e-06	5.663000e-06	2.803121e-08	4.019749e+01	1.659967e+03
1.360000e-06	5.730906e-06	2.810489e-08	4.067951e+01	1.664503e+03
1.370000e-06	5.796723e-06	2.817080e-08	4.114669e+01	1.668311e+03
1.380000e-06	5.860401e-06	2.823137e-08	4.159870e+01	1.671539e+03
1.390000e-06	5.922145e-06	2.828747e-08	4.203697e+01	1.674420e+03
1.400000e-06	5.981987e-06	2.833874e-08	4.246175e+01	1.677184e+03
1.410000e-06	6.039685e-06	2.838288e-08	4.287130e+01	1.679979e+03
1.420000e-06	6.095161e-06	2.842247e-08	4.326508e+01	1.682822e+03
1.430000e-06	6.148370e-06	2.846038e-08	4.364278e+01	1.685607e+03
1.440000e-06	6.198955e-06	2.849667e-08	4.400184e+01	1.688168e+03
1.450000e-06	6.246945e-06	2.853131e-08	4.434249e+01	1.690356e+03
1.460000e-06	6.292744e-06	2.856336e-08	4.466758e+01	1.692117e+03
1.470000e-06	6.336387e-06	2.859182e-08	4.497737e+01	1.693509e+03
1.480000e-06	6.377639e-06	2.861599e-08	4.527019e+01	1.694688e+03
1.490000e-06	6.416614e-06	2.863547e-08	4.554685e+01	1.695835e+03
1.500000e-06	6.453525e-06	2.865336e-08	4.580885e+01	1.697084e+03
1.510000e-06	6.488228e-06	2.867198e-08	4.605518e+01	1.698468e+03
1.520000e-06	6.520563e-06	2.869071e-08	4.628471e+01	1.699909e+03
1.530000e-06	6.550640e-06	2.870712e-08	4.649820e+01	1.701259e+03
1.540000e-06	6.578545e-06	2.871937e-08	4.669627e+01	1.702366e+03
1.550000e-06	6.604034e-06	2.873021e-08	4.687720e+01	1.703143e+03
1.560000e-06	6.627068e-06	2.873852e-08	4.704071e+01	1.703608e+03
1.570000e-06	6.647913e-06	2.874360e-08	4.718867e+01	1.703870e+03
1.580000e-06	6.666548e-06	2.874755e-08	4.732094e+01	1.704083e+03
1.590000e-06	6.682727e-06	2.875216e-08	4.743579e+01	1.704380e+03
1.600000e-06	6.696362e-06	2.875841e-08	4.753257e+01	1.704811e+03
1.610000e-06	6.707383e-06	2.876267e-08	4.761080e+01	1.705326e+03
1.620000e-06	6.715785e-06	2.876372e-08	4.767045e+01	1.705800e+03
1.630000e-06	6.721871e-06	2.876368e-08	4.771364e+01	1.706087e+03
1.640000e-06	6.725704e-06	2.876253e-08	4.774085e+01	1.706090e+03
1.650000e-06	6.727099e-06	2.875518e-08	4.775075e+01	1.705803e+03
1.660000e-06	6.726127e-06	2.874804e-08	4.774386e+01	1.705316e+03
1.670000e-06	6.723070e-06	2.874419e-08	4.772215e+01	1.704773e+03
1.680000e-06	6.717820e-06	2.873872e-08	4.768488e+01	1.704312e+03
1.690000e-06	6.710274e-06	2.873052e-08	4.763132e+01	1.703999e+03
1.700000e-06	6.700635e-06	2.871749e-08	4.756290e+01	1.703802e+03
1.710000e-06	6.688786e-06	2.870366e-08	4.747880e+01	1.703598e+03
1.720000e-06	6.674521e-06	2.867679e-08	4.737754e+01	1.703227e+03
1.730000e-06	6.658078e-06	2.866398e-08	4.726082e+01	1.702563e+03
1.740000e-06	6.639541e-06	2.871854e-08	4.712924e+01	1.701566e+03
1.750000e-06	6.618196e-06	2.871411e-08	4.697773e+01	1.700303e+03
1.760000e-06	6.593619e-06	2.864152e-08	4.680327e+01	1.698920e+03
1.770000e-06	6.566356e-06	2.860896e-08	4.660976e+01	1.697585e+03
1.780000e-06	6.536868e-06	2.852484e-08	4.640044e+01	1.696411e+03
1.790000e-06	6.505559e-06	2.850055e-08	4.617820e+01	1.695413e+03
1.800000e-06	6.472712e-06	2.860936e-08	4.594505e+01	1.694498e+03
1.810000e-06	6.437871e-06	2.848126e-08	4.569773e+01	1.693506e+03
1.820000e-06	6.400750e-06	2.844496e-08	4.543424e+01	1.692272e+03
1.830000e-06	6.361401e-06	2.854066e-08	4.515493e+01	1.690698e+03
1.840000e-06	6.319719e-06	2.843562e-08	4.485906e+01	1.688792e+03
1.850000e-06	6.275904e-06	2.846171e-08	4.454805e+01	1.686660e+03
1.860000e-06	6.229855e-06	2.834295e-08	4.422118e+01	1.684465e+03
1.870000e-06	6.181419e-06	2.824628e-08	4.387737e+01	1.682353e+03
1.880000e-06	6.130821e-06	2.832406e-08	4.351821e+01	1.680391e+03
1.890000e-06	6.077682e-06	2.824024e-08	4.314102e+01	1.678544e+03
1.900000e-06	6.022076e-06	2.824632e-08	4.274631e+01	1.676685e+03
1.910000e-06	5.964324e-06	2.818751e-08	4.233637e+01	1.674653e+03
1.920000e-06	5.904408e-06	2.812706e-08	4.191107e+01	1.672320e+03
1.930000e-06	5.842391e-06	2.814242e-08	4.147086e+01	1.669642e+03
1.940000e-06	5.778170e-06	2.800040e-08	4.101500e+01	1.666679e+03
1.950000e-06	5.711948e-06	2.795805e-08	4.054494e+01	1.663565e+03
1.960000e-06	5.643578e-06	2.791522e-08	4.005963e+01	1.660446e+03
1.970000e-06	5.572878e-06	2.791736e-08	3.955778e+01	1.657421e+03
1.980000e-06	5.500204e-06	2.788003e-08	3.904192e+01	1.654497e+03
1.990000e-06	5.425518e-06	2.774160e-08	3.851178e+01	1.651587e+03
2.000000e-06	5.348713e-06	2.773223e-08	3.796660e+01	1.648548e+03
2.010000e-06	5.269775e-06	2.765567e-08	3.740628e+01	1.645243e+03
2.020000e-06	5.188937e-06	2.760106e-08	3.683247e+01	1.641599e+03
2.030000e-06	5.106414e-06	2.751211e-08	3.624669e+01	1.637638e+03
2.040000e-06	5.022046e-06	2.744403e-08	3.564783e+01	1.633461e+03
2.050000e-06	4.935779e-06	2.742740e-08	3.503548e+01	1.629207e+03
2.060000e-06	4.847686e-06	2.733297e-08	3.441017e+01	1.624989e+03
2.070000e-06	4.757975e-06	2.724786e-08	3.377338e+01	1.620843e+03
2.080000e-06	4.666686e-06	2.714110e-08	3.312539e+01	1.616712e+03
2.090000e-06	4.573708e-06	2.709592e-08	3.246540e+01	1.612475e+03
2.100000e-06	4.479007e-06	2.702469e-08	3.179319e+01	1.607994e+03
2.110000e-06	4.382703e-06	2.692118e-08	3.110960e+01	1.603179e+03
2.120000e-06	4.284974e-06	2.683407e-08	3.041589e+01	1.598022e+03
2.130000e-06	4.185735e-06	2.675530e-08	2.971147e+01	1.592604e+03
2.140000e-06	4.084934e-06	2.668005e-08	2.899596e+01	1.587051e+03
2.150000e-06	3.982553e-06	2.656181e-08	2.826923e+01	1.581483e+03
2.160000e-06	3.878629e-06	2.645710e-08	2.753155e+01	1.575954e+03
2.170000e-06	3.773321e-06	2.636923e-08	2.678404e+01	1.570428e+03
2.180000e-06	3.666832e-06	2.628741e-08	2.602816e+01	1.564795e+03
2.190000e-06	3.559178e-06	2.617167e-08	2.526400e+01	1.558914e+03
2.200000e-06	3.450303e-06	2.605042e-08	2.449118e+01	1.552675e+03
2.210000e-06	3.340174e-06	2.594761e-08	2.370945e+01	1.546046e+03
2.220000e-06	3.228688e-06	2.584962e-08	2.291809e+01	1.539089e+03
2.230000e-06	3.116000e-06	2.572476e-08	2.211820e+01	1.531923e+03
2.240000e-06	3.002190e-06	2.558505e-08	2.131035e+01	1.524676e+03
2.250000e-06	2.887228e-06	2.546533e-08	2.049432e+01	1.517424e+03
2.260000e-06	2.771058e-06	2.534908e-08	1.966971e+01	1.510151e+03
2.270000e-06	2.653713e-06	2.521759e-08	1.883676e+01	1.502759e+03
2.280000e-06	2.535335e-06	2.506523e-08	1.799649e+01	1.495103e+03
2.290000e-06	2.415935e-06	2.493295e-08	1.714895e+01	1.487056e+03
2.300000e-06	2.295591e-06	2.480498e-08	1.629472e+01	1.478564e+03
2.310000e-06	2.174530e-06	2.465885e-08	1.543540e+01	1.469667e+03
2.320000e-06	2.052829e-06	2.449414e-08	1.457153e+01	1.460479e+03
2.330000e-06	1.930435e-06	2.433676e-08	1.370274e+01	1.451136e+03
2.340000e-06	1.807387e-06	2.419007e-08	1.282932e+01	1.441724e+03
2.350000e-06	1.683653e-06	2.402438e-08	1.195102e+01	1.432240e+03
2.360000e-06	1.559229e-06	2.384298e-08	1.106783e+01	1.422579e+03
2.370000e-06	1.434283e-06	2.366359e-08	1.018093e+01	1.412579e+03
2.380000e-06	1.308922e-06	2.349472e-08	9.291079e+00	1.402083e+03
2.390000e-06	1.183089e-06	2.331199e-08	8.397884e+00	1.391010e+03
2.400000e-06	1.056755e-06	2.311323e-08	7.501133e+00	1.379386e+03
2.410000e-06	9.299757e-07	2.291660e-08	6.601217e+00	1.367336e+03
2.420000e-06	8.027848e-07	2.272555e-08	5.698382e+00	1.355022e+03
2.430000e-06	6.752346e-07	2.252171e-08	4.792996e+00	1.342561e+03
2.440000e-06	5.474503e-07	2.229312e-08	3.885949e+00	1.329964e+03
2.450000e-06	4.195390e-07	2.205862e-08	2.978000e+00	1.317105e+03
2.460000e-06	2.914919e-07	2.182888e-08	2.069088e+00	1.303757e+03
2.470000e-06	1.632770e-07	2.159312e-08	1.158984e+00	1.289668e+03
2.480000e-06	3.502098e-08	2.133861e-08	2.485883e-01	1.274651e+03
2.490000e-06	-9.316797e-08	2.107106e-08	-6.613312e-01	1.258642e+03
2.500000e-06	-2.213093e-07	2.080114e-08	-1.570913e+00	1.241709e+03
2.510000e-06	-3.493931e-07	2.051799e-08	-2.480086e+00	1.223996e+03
2.520000e-06	-4.773901e-07	2.020513e-08	-3.388643e+00	1.205627e+03
2.530000e-06	-6.052343e-07	1.986707e-08	-4.296115e+00	1.186608e+03
2.540000e-06	-7.328056e-07	1.951885e-08	-5.201651e+00	1.166782e+03
2.550000e-06	-8.600696e-07	1.916157e-08	-6.105004e+00	1.145840e+03
2.560000e-06	-9.870461e-07	1.877891e-08	-7.006318e+00	1.123406e+03
2.570000e-06	-1.113593e-06	1.836878e-08	-7.904585e+00	1.099147e+03
2.580000e-06	-1.239628e-06	1.794028e-08	-8.799213e+00	1.072861e+03
2.590000e-06	-1.365167e-06	1.748827e-08	-9.690320e+00	1.044485e+03
2.600000e-06	-1.490211e-06	1.699142e-08	-1.057792e+01	1.014004e+03
2.610000e-06	-1.614738e-06	1.643854e-08	-1.146185e+01	9.812692e+02
2.620000e-06	-1.738704e-06	1.583090e-08	-1.234179e+01	9.457814e+02
2.630000e-06	-1.862018e-06	1.515638e-08	-1.321710e+01	9.065198e+02
2.640000e-06	-1.984600e-06	1.438821e-08	-1.408722e+01	8.618814e+02
2.650000e-06	-2.106485e-06	1.350021e-08	-1.495240e+01	8.097831e+02
2.660000e-06	-2.227615e-06	1.247725e-08	-1.581221e+01	7.479188e+02
2.670000e-06	-2.347982e-06	1.128906e-08	-1.666661e+01	6.741230e+02
2.680000e-06	-2.467547e-06	9.886165e-09	-1.751531e+01	5.867564e+02
2.690000e-06	-2.586136e-06	8.223635e-09	-1.835709e+01	4.850224e+02
2.700000e-06	-2.703664e-06	6.274664e-09	-1.919133e+01	3.691482e+02
2.710000e-06	-2.820114e-06	4.057121e-09	-2.001792e+01	2.404004e+02
2.720000e-06	-2.935443e-06	1.671109e-09	-2.083656e+01	1.009543e+02
2.730000e-06	-3.049622e-06	-7.725674e-10	-2.164703e+01	-4.633316e+01
2.740000e-06	-3.162574e-06	-3.232016e-09	-2.244880e+01	-1.981849e+02
2.750000e-06	-3.274181e-06	-5.692490e-09	-2.324101e+01	-3.511473e+02
2.760000e-06	-3.384461e-06	-8.140901e-09	-2.402381e+01	-5.017928e+02
2.770000e-06	-3.493465e-06	-1.057823e-08	-2.479755e+01	-6.468828e+02
2.780000e-06	-3.601358e-06	-1.295420e-08	-2.556341e+01	-7.835133e+02
2.790000e-06	-3.708190e-06	-1.514064e-08	-2.632173e+01	-9.092609e+02
2.800000e-06	-3.813774e-06	-1.705538e-08	-2.707119e+01	-1.022333e+03
2.810000e-06	-3.918011e-06	-1.870745e-08	-2.781109e+01	-1.121700e+03
2.820000e-06	-4.020785e-06	-2.012303e-08	-2.854061e+01	-1.207176e+03
2.830000e-06	-4.122000e-06	-2.132600e-08	-2.925906e+01	-1.279398e+03
2.840000e-06	-4.221760e-06	-2.234783e-08	-2.996719e+01	-1.339696e+03
2.850000e-06	-4.320160e-06	-2.321867e-08	-3.066565e+01	-1.389848e+03
2.860000e-06	-4.417154e-06	-2.395847e-08	-3.135414e+01	-1.431780e+03
2.870000e-06	-4.512616e-06	-2.458019e-08	-3.203176e+01	-1.467272e+03
2.880000e-06	-4.606312e-06	-2.510332e-08	-3.269684e+01	-1.497743e+03
2.890000e-06	-4.698246e-06	-2.555008e-08	-3.334941e+01	-1.524154e+03
2.900000e-06	-4.788635e-06	-2.593273e-08	-3.399102e+01	-1.547054e+03
2.910000e-06	-4.877420e-06	-2.625640e-08	-3.462123e+01	-1.566721e+03
2.920000e-06	-4.964364e-06	-2.652856e-08	-3.523838e+01	-1.583346e+03
2.930000e-06	-5.049394e-06	-2.676284e-08	-3.584195e+01	-1.597186e+03
2.940000e-06	-5.132686e-06	-2.696710e-08	-3.643318e+01	-1.608640e+03
2.950000e-06	-5.214325e-06	-2.714149e-08	-3.701268e+01	-1.618229e+03
2.960000e-06	-5.294166e-06	-2.729127e-08	-3.757941e+01	-1.626509e+03
2.970000e-06	-5.371913e-06	-2.742505e-08	-3.813128e+01	-1.633945e+03
2.980000e-06	-5.447494e-06	-2.754816e-08	-3.866777e+01	-1.640828e+03
2.990000e-06	-5.521056e-06	-2.765623e-08	-3.918994e+01	-1.647242e+03
3.000000e-06	-5.592656e-06	-2.774706e-08	-3.969817e+01	-1.653117e+03
3.010000e-06	-5.662185e-06	-2.782866e-08	-4.019171e+01	-1.658324e+03
3.020000e-06	-5.729640e-06	-2.790515e-08	-4.067052e+01	-1.662779e+03
3.030000e-06	-5.795125e-06	-2.797246e-08	-4.113535e+01	-1.666516e+03
3.040000e-06	-5.858621e-06	-2.802932e-08	-4.158606e+01	-1.669696e+03
3.050000e-06	-5.919986e-06	-2.808298e-08	-4.202164e+01	-1.672555e+03
3.060000e-06	-5.979158e-06	-2.813957e-08	-4.244167e+01	-1.675318e+03
3.070000e-06	-6.036257e-06	-2.819370e-08	-4.284697e+01	-1.678121e+03
3.080000e-06	-6.091215e-06	-2.823861e-08	-4.323708e+01	-1.680965e+03
3.090000e-06	-6.143787e-06	-2.827724e-08	-4.361025e+01	-1.683735e+03
3.100000e-06	-6.193829e-06	-2.831669e-08	-4.396546e+01	-1.686262e+03
3.110000e-06	-6.241336e-06	-2.835286e-08	-4.430268e+01	-1.688407e+03
3.120000e-06	-6.286571e-06	-2.838195e-08	-4.462377e+01	-1.690123e+03
3.130000e-06	-6.329900e-06	-2.840723e-08	-4.493133e+01	-1.691485e+03
3.140000e-06	-6.371243e-06	-2.843449e-08	-4.522479e+01	-1.692653e+03
3.150000e-06	-6.410398e-06	-2.846234e-08	-4.550272e+01	-1.693806e+03
3.160000e-06	-6.447222e-06	-2.848661e-08	-4.576411e+01	-1.695071e+03
3.170000e-06	-6.481773e-06	-2.850918e-08	-4.600936e+01	-1.696467e+03
3.180000e-06	-6.514107e-06	-2.853323e-08	-4.623888e+01	-1.697907e+03
3.190000e-06	-6.543983e-06	-2.855535e-08	-4.645094e+01	-1.699238e+03
3.200000e-06	-6.571452e-06	-2.857148e-08	-4.664593e+01	-1.700312e+03
3.210000e-06	-6.596766e-06	-2.858390e-08	-4.682561e+01	-1.701055e+03
3.220000e-06	-6.619787e-06	-2.859622e-08	-4.698903e+01	-1.701492e+03
3.230000e-06	-6.640356e-06	-2.860928e-08	-4.713503e+01	-1.701741e+03
3.240000e-06	-6.658583e-06	-2.861889e-08	-4.726441e+01	-1.701959e+03
3.250000e-06	-6.674448e-06	-2.862642e-08	-4.737702e+01	-1.702270e+03
3.260000e-06	-6.687666e-06	-2.863545e-08	-4.747085e+01	-1.702715e+03
3.270000e-06	-6.698330e-06	-2.864458e-08	-4.754654e+01	-1.703233e+03
3.280000e-06	-6.706712e-06	-2.864803e-08	-4.760604e+01	-1.703694e+03
3.290000e-06	-6.712645e-06	-2.864772e-08	-4.764815e+01	-1.703955e+03
3.300000e-06	-6.716193e-06	-2.864974e-08	-4.767334e+01	-1.703926e+03
3.310000e-06	-6.717563e-06	-2.865363e-08	-4.768306e+01	-1.703613e+03
