# Temperatura_=_68.07
# Concentracion g/m^3_=_20000.0
# C_Vs_to_Am_M_A/Vsm_=_59384043850.047264
# pendiente_HvsI_1/m_=_3716.3
# ordenada_HvsI_A/m_=_1297.0
# frecuencia_Hz_=_301335.29602513456

Tiempo_(s)	Campo_(V.s)	Magnetizacion_(V.s)	Campo_(kA/m)	Magnetizacion_(A/m)
0.000000e+00	-6.679188e-06	-2.538049e-08	-4.772976e+01	-1.506534e+03
1.000000e-08	-6.677359e-06	-2.538002e-08	-4.771669e+01	-1.506477e+03
2.000000e-08	-6.673187e-06	-2.538052e-08	-4.768688e+01	-1.506309e+03
3.000000e-08	-6.666876e-06	-2.537602e-08	-4.764178e+01	-1.506012e+03
4.000000e-08	-6.658451e-06	-2.536623e-08	-4.758157e+01	-1.505571e+03
5.000000e-08	-6.647708e-06	-2.535629e-08	-4.750480e+01	-1.504980e+03
6.000000e-08	-6.634523e-06	-2.534622e-08	-4.741058e+01	-1.504247e+03
7.000000e-08	-6.618880e-06	-2.533346e-08	-4.729880e+01	-1.503387e+03
8.000000e-08	-6.600764e-06	-2.531122e-08	-4.716934e+01	-1.502420e+03
9.000000e-08	-6.580224e-06	-2.527090e-08	-4.702256e+01	-1.501363e+03
1.000000e-07	-6.557092e-06	-2.524337e-08	-4.685726e+01	-1.500228e+03
1.100000e-07	-6.531313e-06	-2.524932e-08	-4.667304e+01	-1.499017e+03
1.200000e-07	-6.503239e-06	-2.525044e-08	-4.647242e+01	-1.497725e+03
1.300000e-07	-6.473343e-06	-2.523581e-08	-4.625878e+01	-1.496341e+03
1.400000e-07	-6.441894e-06	-2.521656e-08	-4.603405e+01	-1.494853e+03
1.500000e-07	-6.408606e-06	-2.516073e-08	-4.579617e+01	-1.493251e+03
1.600000e-07	-6.373034e-06	-2.511749e-08	-4.554197e+01	-1.491527e+03
1.700000e-07	-6.335401e-06	-2.511192e-08	-4.527305e+01	-1.489683e+03
1.800000e-07	-6.295638e-06	-2.506506e-08	-4.498890e+01	-1.487724e+03
1.900000e-07	-6.253249e-06	-2.503761e-08	-4.468598e+01	-1.485663e+03
2.000000e-07	-6.208538e-06	-2.502829e-08	-4.436648e+01	-1.483515e+03
2.100000e-07	-6.161665e-06	-2.498378e-08	-4.403152e+01	-1.481297e+03
2.200000e-07	-6.112404e-06	-2.494646e-08	-4.367950e+01	-1.479021e+03
2.300000e-07	-6.060653e-06	-2.488814e-08	-4.330968e+01	-1.476690e+03
2.400000e-07	-6.006403e-06	-2.483162e-08	-4.292201e+01	-1.474298e+03
2.500000e-07	-5.949899e-06	-2.480783e-08	-4.251823e+01	-1.471827e+03
2.600000e-07	-5.891227e-06	-2.478259e-08	-4.209896e+01	-1.469256e+03
2.700000e-07	-5.830434e-06	-2.474548e-08	-4.166453e+01	-1.466562e+03
2.800000e-07	-5.767589e-06	-2.468247e-08	-4.121543e+01	-1.463731e+03
2.900000e-07	-5.702653e-06	-2.462583e-08	-4.075140e+01	-1.460762e+03
3.000000e-07	-5.635597e-06	-2.457607e-08	-4.027222e+01	-1.457666e+03
3.100000e-07	-5.566473e-06	-2.451311e-08	-3.977825e+01	-1.454465e+03
3.200000e-07	-5.495330e-06	-2.445719e-08	-3.926986e+01	-1.451180e+03
3.300000e-07	-5.422227e-06	-2.440961e-08	-3.874746e+01	-1.447829e+03
3.400000e-07	-5.347078e-06	-2.437396e-08	-3.821045e+01	-1.444410e+03
3.500000e-07	-5.269743e-06	-2.431536e-08	-3.765781e+01	-1.440911e+03
3.600000e-07	-5.190265e-06	-2.423732e-08	-3.708985e+01	-1.437307e+03
3.700000e-07	-5.108751e-06	-2.416885e-08	-3.650735e+01	-1.433571e+03
3.800000e-07	-5.025452e-06	-2.410242e-08	-3.591209e+01	-1.429686e+03
3.900000e-07	-4.940541e-06	-2.403709e-08	-3.530532e+01	-1.425648e+03
4.000000e-07	-4.854030e-06	-2.396676e-08	-3.468711e+01	-1.421472e+03
4.100000e-07	-4.765908e-06	-2.390354e-08	-3.405738e+01	-1.417180e+03
4.200000e-07	-4.676099e-06	-2.384003e-08	-3.341560e+01	-1.412798e+03
4.300000e-07	-4.584464e-06	-2.376356e-08	-3.276077e+01	-1.408342e+03
4.400000e-07	-4.491165e-06	-2.367935e-08	-3.209406e+01	-1.403812e+03
4.500000e-07	-4.396360e-06	-2.359274e-08	-3.141658e+01	-1.399191e+03
4.600000e-07	-4.299959e-06	-2.351530e-08	-3.072769e+01	-1.394454e+03
4.700000e-07	-4.202028e-06	-2.343722e-08	-3.002787e+01	-1.389579e+03
4.800000e-07	-4.102472e-06	-2.335364e-08	-2.931644e+01	-1.384553e+03
4.900000e-07	-4.001394e-06	-2.326747e-08	-2.859413e+01	-1.379380e+03
5.000000e-07	-3.899066e-06	-2.318213e-08	-2.786289e+01	-1.374078e+03
5.100000e-07	-3.795361e-06	-2.309309e-08	-2.712181e+01	-1.368672e+03
5.200000e-07	-3.690220e-06	-2.299660e-08	-2.637047e+01	-1.363182e+03
5.300000e-07	-3.583733e-06	-2.290163e-08	-2.560951e+01	-1.357610e+03
5.400000e-07	-3.475910e-06	-2.280823e-08	-2.483900e+01	-1.351946e+03
5.500000e-07	-3.366850e-06	-2.271166e-08	-2.405965e+01	-1.346162e+03
5.600000e-07	-3.256667e-06	-2.260858e-08	-2.327228e+01	-1.340230e+03
5.700000e-07	-3.145369e-06	-2.250327e-08	-2.247694e+01	-1.334133e+03
5.800000e-07	-3.032911e-06	-2.239855e-08	-2.167331e+01	-1.327869e+03
5.900000e-07	-2.919303e-06	-2.229343e-08	-2.086146e+01	-1.321454e+03
6.000000e-07	-2.804607e-06	-2.218515e-08	-2.004184e+01	-1.314917e+03
6.100000e-07	-2.688680e-06	-2.207576e-08	-1.921342e+01	-1.308282e+03
6.200000e-07	-2.571576e-06	-2.196715e-08	-1.837659e+01	-1.301559e+03
6.300000e-07	-2.453553e-06	-2.185446e-08	-1.753319e+01	-1.294736e+03
6.400000e-07	-2.334660e-06	-2.173285e-08	-1.668358e+01	-1.287780e+03
6.500000e-07	-2.215006e-06	-2.160552e-08	-1.582852e+01	-1.280654e+03
6.600000e-07	-2.094630e-06	-2.147966e-08	-1.496832e+01	-1.273324e+03
6.700000e-07	-1.973437e-06	-2.135334e-08	-1.410226e+01	-1.265777e+03
6.800000e-07	-1.851541e-06	-2.122319e-08	-1.323119e+01	-1.258027e+03
6.900000e-07	-1.729009e-06	-2.109097e-08	-1.235557e+01	-1.250103e+03
7.000000e-07	-1.605763e-06	-2.095935e-08	-1.147485e+01	-1.242043e+03
7.100000e-07	-1.481805e-06	-2.082447e-08	-1.058904e+01	-1.233869e+03
7.200000e-07	-1.357305e-06	-2.068227e-08	-9.699361e+00	-1.225577e+03
7.300000e-07	-1.232396e-06	-2.053472e-08	-8.806756e+00	-1.217137e+03
7.400000e-07	-1.107089e-06	-2.038490e-08	-7.911306e+00	-1.208500e+03
7.500000e-07	-9.814617e-07	-2.023517e-08	-7.013566e+00	-1.199614e+03
7.600000e-07	-8.555764e-07	-2.008266e-08	-6.113985e+00	-1.190448e+03
7.700000e-07	-7.294146e-07	-1.992565e-08	-5.212427e+00	-1.180999e+03
7.800000e-07	-6.029581e-07	-1.976557e-08	-4.308764e+00	-1.171292e+03
7.900000e-07	-4.762799e-07	-1.960219e-08	-3.403516e+00	-1.161367e+03
8.000000e-07	-3.494210e-07	-1.943139e-08	-2.496977e+00	-1.151253e+03
8.100000e-07	-2.224049e-07	-1.925230e-08	-1.589315e+00	-1.140946e+03
8.200000e-07	-9.532533e-08	-1.907025e-08	-6.811988e-01	-1.130398e+03
8.300000e-07	3.179358e-08	-1.888601e-08	2.271983e-01	-1.119523e+03
8.400000e-07	1.588827e-07	-1.869663e-08	1.135383e+00	-1.108215e+03
8.500000e-07	2.858869e-07	-1.849899e-08	2.042960e+00	-1.096379e+03
8.600000e-07	4.128153e-07	-1.829236e-08	2.949996e+00	-1.083964e+03
8.700000e-07	5.395578e-07	-1.807636e-08	3.855703e+00	-1.070972e+03
8.800000e-07	6.660731e-07	-1.784857e-08	4.759786e+00	-1.057461e+03
8.900000e-07	7.923574e-07	-1.760871e-08	5.662220e+00	-1.043524e+03
9.000000e-07	9.183492e-07	-1.736223e-08	6.562562e+00	-1.029248e+03
9.100000e-07	1.044035e-06	-1.711538e-08	7.460722e+00	-1.014691e+03
9.200000e-07	1.169407e-06	-1.686701e-08	8.356630e+00	-9.998547e+02
9.300000e-07	1.294457e-06	-1.661076e-08	9.250242e+00	-9.846798e+02
9.400000e-07	1.419165e-06	-1.634402e-08	1.014142e+01	-9.690604e+02
9.500000e-07	1.543466e-06	-1.606867e-08	1.102968e+01	-9.528647e+02
9.600000e-07	1.667126e-06	-1.578472e-08	1.191335e+01	-9.359554e+02
9.700000e-07	1.789909e-06	-1.548697e-08	1.279076e+01	-9.181996e+02
9.800000e-07	1.911890e-06	-1.516848e-08	1.366245e+01	-8.994635e+02
9.900000e-07	2.033231e-06	-1.483026e-08	1.452956e+01	-8.795935e+02
1.000000e-06	2.153957e-06	-1.447293e-08	1.539227e+01	-8.583929e+02
1.010000e-06	2.273914e-06	-1.408813e-08	1.624949e+01	-8.356014e+02
1.020000e-06	2.393047e-06	-1.366611e-08	1.710082e+01	-8.108871e+02
1.030000e-06	2.511312e-06	-1.320405e-08	1.794594e+01	-7.838479e+02
1.040000e-06	2.628679e-06	-1.270139e-08	1.878465e+01	-7.540208e+02
1.050000e-06	2.745084e-06	-1.214398e-08	1.961649e+01	-7.208869e+02
1.060000e-06	2.860266e-06	-1.151483e-08	2.043958e+01	-6.838678e+02
1.070000e-06	2.974164e-06	-1.080453e-08	2.125350e+01	-6.423114e+02
1.080000e-06	3.086906e-06	-1.000671e-08	2.205916e+01	-5.954785e+02
1.090000e-06	3.198548e-06	-9.104696e-09	2.285696e+01	-5.425453e+02
1.100000e-06	3.309071e-06	-8.082225e-09	2.364676e+01	-4.826416e+02
1.110000e-06	3.418549e-06	-6.927881e-09	2.442910e+01	-4.149382e+02
1.120000e-06	3.527041e-06	-5.634125e-09	2.520438e+01	-3.387817e+02
1.130000e-06	3.634251e-06	-4.194867e-09	2.597051e+01	-2.538584e+02
1.140000e-06	3.739951e-06	-2.606858e-09	2.672585e+01	-1.603545e+02
1.150000e-06	3.844219e-06	-8.848080e-10	2.747095e+01	-5.906984e+01
1.160000e-06	3.947127e-06	9.441817e-10	2.820634e+01	4.854950e+01
1.170000e-06	4.048701e-06	2.843453e-09	2.893219e+01	1.604836e+02
1.180000e-06	4.148863e-06	4.771648e-09	2.964795e+01	2.743108e+02
1.190000e-06	4.247419e-06	6.683742e-09	3.035224e+01	3.874523e+02
1.200000e-06	4.344312e-06	8.534321e-09	3.104464e+01	4.974432e+02
1.210000e-06	4.439657e-06	1.028864e-08	3.172598e+01	6.021757e+02
1.220000e-06	4.533520e-06	1.192917e-08	3.239673e+01	7.000694e+02
1.230000e-06	4.625966e-06	1.344298e-08	3.305735e+01	7.901427e+02
1.240000e-06	4.716805e-06	1.481741e-08	3.370649e+01	8.719846e+02
1.250000e-06	4.805802e-06	1.605132e-08	3.434246e+01	9.456478e+02
1.260000e-06	4.893035e-06	1.715411e-08	3.496583e+01	1.011503e+03
1.270000e-06	4.978648e-06	1.813477e-08	3.557763e+01	1.070094e+03
1.280000e-06	5.062705e-06	1.900041e-08	3.617831e+01	1.122021e+03
1.290000e-06	5.144947e-06	1.976051e-08	3.676601e+01	1.167878e+03
1.300000e-06	5.225157e-06	2.043169e-08	3.733920e+01	1.208228e+03
1.310000e-06	5.303497e-06	2.102465e-08	3.789901e+01	1.243613e+03
1.320000e-06	5.379975e-06	2.154206e-08	3.844553e+01	1.274571e+03
1.330000e-06	5.454330e-06	2.199088e-08	3.897687e+01	1.301644e+03
1.340000e-06	5.526574e-06	2.238441e-08	3.949313e+01	1.325364e+03
1.350000e-06	5.596864e-06	2.273446e-08	3.999542e+01	1.346235e+03
1.360000e-06	5.665224e-06	2.304486e-08	4.048393e+01	1.364695e+03
1.370000e-06	5.731490e-06	2.331724e-08	4.095747e+01	1.381100e+03
1.380000e-06	5.795619e-06	2.355785e-08	4.141574e+01	1.395716e+03
1.390000e-06	5.857806e-06	2.377374e-08	4.186013e+01	1.408733e+03
1.400000e-06	5.918107e-06	2.396520e-08	4.229104e+01	1.420294e+03
1.410000e-06	5.976281e-06	2.413146e-08	4.270675e+01	1.430530e+03
1.420000e-06	6.032208e-06	2.427714e-08	4.310641e+01	1.439575e+03
1.430000e-06	6.085945e-06	2.441048e-08	4.349042e+01	1.447583e+03
1.440000e-06	6.137152e-06	2.453168e-08	4.385634e+01	1.454714e+03
1.450000e-06	6.185786e-06	2.463683e-08	4.420389e+01	1.461118e+03
1.460000e-06	6.232193e-06	2.472957e-08	4.453552e+01	1.466917e+03
1.470000e-06	6.276564e-06	2.481659e-08	4.485259e+01	1.472192e+03
1.480000e-06	6.318673e-06	2.489685e-08	4.515350e+01	1.476983e+03
1.490000e-06	6.358385e-06	2.496512e-08	4.543728e+01	1.481304e+03
1.500000e-06	6.395964e-06	2.502362e-08	4.570583e+01	1.485160e+03
1.510000e-06	6.431392e-06	2.507976e-08	4.595900e+01	1.488564e+03
1.520000e-06	6.464438e-06	2.513291e-08	4.619515e+01	1.491550e+03
1.530000e-06	6.495187e-06	2.517838e-08	4.641488e+01	1.494170e+03
1.540000e-06	6.523835e-06	2.521527e-08	4.661960e+01	1.496486e+03
1.550000e-06	6.550099e-06	2.524819e-08	4.680728e+01	1.498552e+03
1.560000e-06	6.573844e-06	2.527848e-08	4.697697e+01	1.500405e+03
1.570000e-06	6.595384e-06	2.530207e-08	4.713089e+01	1.502057e+03
1.580000e-06	6.614793e-06	2.531952e-08	4.726959e+01	1.503503e+03
1.590000e-06	6.631827e-06	2.533523e-08	4.739132e+01	1.504729e+03
1.600000e-06	6.646396e-06	2.535109e-08	4.749543e+01	1.505722e+03
1.610000e-06	6.658456e-06	2.536454e-08	4.758161e+01	1.506487e+03
1.620000e-06	6.667853e-06	2.537481e-08	4.764876e+01	1.507043e+03
1.630000e-06	6.674823e-06	2.538237e-08	4.769856e+01	1.507423e+03
1.640000e-06	6.679644e-06	2.538658e-08	4.773302e+01	1.507663e+03
1.650000e-06	6.682111e-06	2.538486e-08	4.775065e+01	1.507794e+03
1.660000e-06	6.682125e-06	2.538090e-08	4.775075e+01	1.507827e+03
1.670000e-06	6.679944e-06	2.537910e-08	4.773516e+01	1.507763e+03
1.680000e-06	6.675667e-06	2.537598e-08	4.770460e+01	1.507587e+03
1.690000e-06	6.669138e-06	2.536991e-08	4.765794e+01	1.507280e+03
1.700000e-06	6.660387e-06	2.536154e-08	4.759541e+01	1.506828e+03
1.710000e-06	6.649556e-06	2.535206e-08	4.751801e+01	1.506227e+03
1.720000e-06	6.636446e-06	2.533988e-08	4.742432e+01	1.505485e+03
1.730000e-06	6.621049e-06	2.532473e-08	4.731430e+01	1.504616e+03
1.740000e-06	6.603618e-06	2.533028e-08	4.718973e+01	1.503642e+03
1.750000e-06	6.583860e-06	2.533822e-08	4.704854e+01	1.502580e+03
1.760000e-06	6.561051e-06	2.529886e-08	4.688555e+01	1.501439e+03
1.770000e-06	6.535255e-06	2.524130e-08	4.670121e+01	1.500223e+03
1.780000e-06	6.507074e-06	2.518974e-08	4.649983e+01	1.498924e+03
1.790000e-06	6.476780e-06	2.516764e-08	4.628334e+01	1.497533e+03
1.800000e-06	6.444745e-06	2.520298e-08	4.605442e+01	1.496038e+03
1.810000e-06	6.410977e-06	2.517787e-08	4.581311e+01	1.494427e+03
1.820000e-06	6.375112e-06	2.510780e-08	4.555682e+01	1.492695e+03
1.830000e-06	6.337088e-06	2.509906e-08	4.528510e+01	1.490842e+03
1.840000e-06	6.296707e-06	2.504541e-08	4.499654e+01	1.488875e+03
1.850000e-06	6.254088e-06	2.498814e-08	4.469198e+01	1.486807e+03
1.860000e-06	6.209443e-06	2.495985e-08	4.437295e+01	1.484654e+03
1.870000e-06	6.162434e-06	2.491193e-08	4.403702e+01	1.482431e+03
1.880000e-06	6.113160e-06	2.492166e-08	4.368490e+01	1.480151e+03
1.890000e-06	6.061542e-06	2.489028e-08	4.331604e+01	1.477817e+03
1.900000e-06	6.007342e-06	2.481600e-08	4.292872e+01	1.475419e+03
1.910000e-06	5.950951e-06	2.476039e-08	4.252575e+01	1.472943e+03
1.920000e-06	5.892455e-06	2.469981e-08	4.210773e+01	1.470363e+03
1.930000e-06	5.831841e-06	2.469020e-08	4.167458e+01	1.467660e+03
1.940000e-06	5.769075e-06	2.464029e-08	4.122606e+01	1.464819e+03
1.950000e-06	5.704207e-06	2.458328e-08	4.076250e+01	1.461840e+03
1.960000e-06	5.637347e-06	2.456015e-08	4.028472e+01	1.458736e+03
1.970000e-06	5.568281e-06	2.449066e-08	3.979117e+01	1.455528e+03
1.980000e-06	5.497050e-06	2.442164e-08	3.928215e+01	1.452239e+03
1.990000e-06	5.423784e-06	2.433609e-08	3.875859e+01	1.448882e+03
2.000000e-06	5.348494e-06	2.429534e-08	3.822057e+01	1.445459e+03
2.010000e-06	5.271029e-06	2.426256e-08	3.766700e+01	1.441953e+03
2.020000e-06	5.191492e-06	2.419037e-08	3.709862e+01	1.438340e+03
2.030000e-06	5.110263e-06	2.413621e-08	3.651815e+01	1.434594e+03
2.040000e-06	5.027330e-06	2.405896e-08	3.592552e+01	1.430698e+03
2.050000e-06	4.942574e-06	2.399574e-08	3.531984e+01	1.426650e+03
2.060000e-06	4.855895e-06	2.390793e-08	3.470043e+01	1.422464e+03
2.070000e-06	4.767409e-06	2.382745e-08	3.406811e+01	1.418166e+03
2.080000e-06	4.677333e-06	2.377047e-08	3.342442e+01	1.413778e+03
2.090000e-06	4.585665e-06	2.370071e-08	3.276936e+01	1.409317e+03
2.100000e-06	4.492412e-06	2.363363e-08	3.210297e+01	1.404781e+03
2.110000e-06	4.397444e-06	2.353777e-08	3.142432e+01	1.400152e+03
2.120000e-06	4.300905e-06	2.346019e-08	3.073445e+01	1.395407e+03
2.130000e-06	4.202961e-06	2.337691e-08	3.003454e+01	1.390521e+03
2.140000e-06	4.103515e-06	2.328558e-08	2.932389e+01	1.385484e+03
2.150000e-06	4.002596e-06	2.319614e-08	2.860272e+01	1.380301e+03
2.160000e-06	3.900130e-06	2.311326e-08	2.787050e+01	1.374991e+03
2.170000e-06	3.796107e-06	2.303581e-08	2.712714e+01	1.369579e+03
2.180000e-06	3.690801e-06	2.293622e-08	2.637462e+01	1.364083e+03
2.190000e-06	3.584383e-06	2.283590e-08	2.561415e+01	1.358505e+03
2.200000e-06	3.476759e-06	2.273593e-08	2.484507e+01	1.352833e+03
2.210000e-06	3.367913e-06	2.264271e-08	2.406725e+01	1.347040e+03
2.220000e-06	3.257759e-06	2.254259e-08	2.328008e+01	1.341097e+03
2.230000e-06	3.146289e-06	2.243766e-08	2.248352e+01	1.334987e+03
2.240000e-06	3.033642e-06	2.233333e-08	2.167853e+01	1.328712e+03
2.250000e-06	2.919874e-06	2.222967e-08	2.086555e+01	1.322288e+03
2.260000e-06	2.805063e-06	2.211796e-08	2.004510e+01	1.315743e+03
2.270000e-06	2.689151e-06	2.199955e-08	1.921678e+01	1.309102e+03
2.280000e-06	2.572103e-06	2.188434e-08	1.838036e+01	1.302372e+03
2.290000e-06	2.454007e-06	2.177073e-08	1.753644e+01	1.295540e+03
2.300000e-06	2.334881e-06	2.165547e-08	1.668516e+01	1.288574e+03
2.310000e-06	2.214850e-06	2.153090e-08	1.582741e+01	1.281434e+03
2.320000e-06	2.094137e-06	2.140816e-08	1.496480e+01	1.274088e+03
2.330000e-06	1.972770e-06	2.128210e-08	1.409750e+01	1.266527e+03
2.340000e-06	1.850685e-06	2.115094e-08	1.322507e+01	1.258763e+03
2.350000e-06	1.727949e-06	2.101410e-08	1.234799e+01	1.250828e+03
2.360000e-06	1.604581e-06	2.088099e-08	1.146640e+01	1.242760e+03
2.370000e-06	1.480632e-06	2.074973e-08	1.058066e+01	1.234577e+03
2.380000e-06	1.356231e-06	2.060930e-08	9.691685e+00	1.226276e+03
2.390000e-06	1.231455e-06	2.046395e-08	8.800027e+00	1.217824e+03
2.400000e-06	1.106314e-06	2.031461e-08	7.905769e+00	1.209171e+03
2.410000e-06	9.807412e-07	2.016643e-08	7.008418e+00	1.200266e+03
2.420000e-06	8.547010e-07	2.001145e-08	6.107729e+00	1.191079e+03
2.430000e-06	7.282504e-07	1.985136e-08	5.204108e+00	1.181610e+03
2.440000e-06	6.014686e-07	1.969014e-08	4.298120e+00	1.171887e+03
2.450000e-06	4.744413e-07	1.952701e-08	3.390378e+00	1.161948e+03
2.460000e-06	3.472787e-07	1.935762e-08	2.481668e+00	1.151820e+03
2.470000e-06	2.199947e-07	1.917986e-08	1.572092e+00	1.141498e+03
2.480000e-06	9.254575e-08	1.899938e-08	6.613359e-01	1.130931e+03
2.490000e-06	-3.496429e-08	1.881426e-08	-2.498563e-01	1.120028e+03
2.500000e-06	-1.624086e-07	1.862401e-08	-1.160579e+00	1.108685e+03
2.510000e-06	-2.897650e-07	1.842671e-08	-2.070673e+00	1.096809e+03
2.520000e-06	-4.170368e-07	1.821894e-08	-2.980162e+00	1.084351e+03
2.530000e-06	-5.441768e-07	1.800091e-08	-3.888710e+00	1.071320e+03
2.540000e-06	-6.710777e-07	1.777570e-08	-4.795550e+00	1.057776e+03
2.550000e-06	-7.976620e-07	1.754290e-08	-5.700126e+00	1.043811e+03
2.560000e-06	-9.238178e-07	1.730123e-08	-6.601641e+00	1.029514e+03
2.570000e-06	-1.049468e-06	1.705435e-08	-7.499540e+00	1.014938e+03
2.580000e-06	-1.174681e-06	1.680742e-08	-8.394321e+00	1.000080e+03
2.590000e-06	-1.299539e-06	1.655543e-08	-9.286560e+00	9.848777e+02
2.600000e-06	-1.424023e-06	1.629253e-08	-1.017613e+01	9.692217e+02
2.610000e-06	-1.548042e-06	1.601927e-08	-1.106238e+01	9.529796e+02
2.620000e-06	-1.671500e-06	1.573655e-08	-1.194461e+01	9.360142e+02
2.630000e-06	-1.794313e-06	1.544004e-08	-1.282224e+01	9.181930e+02
2.640000e-06	-1.916454e-06	1.512276e-08	-1.369506e+01	8.993814e+02
2.650000e-06	-2.037899e-06	1.478365e-08	-1.456292e+01	8.794236e+02
2.660000e-06	-2.158655e-06	1.442489e-08	-1.542584e+01	8.581188e+02
2.670000e-06	-2.278752e-06	1.404357e-08	-1.628406e+01	8.352019e+02
2.680000e-06	-2.398059e-06	1.362898e-08	-1.713663e+01	8.103356e+02
2.690000e-06	-2.516301e-06	1.317200e-08	-1.798160e+01	7.831134e+02
2.700000e-06	-2.633432e-06	1.266940e-08	-1.881862e+01	7.530679e+02
2.710000e-06	-2.749601e-06	1.211505e-08	-1.964876e+01	7.196765e+02
2.720000e-06	-2.864737e-06	1.149568e-08	-2.047153e+01	6.823559e+02
2.730000e-06	-2.978677e-06	1.079693e-08	-2.128575e+01	6.404483e+02
2.740000e-06	-3.091314e-06	1.000867e-08	-2.209066e+01	5.932079e+02
2.750000e-06	-3.202687e-06	9.120164e-09	-2.288654e+01	5.398058e+02
2.760000e-06	-3.312838e-06	8.112707e-09	-2.367368e+01	4.793712e+02
2.770000e-06	-3.421810e-06	6.972285e-09	-2.445240e+01	4.110827e+02
2.780000e-06	-3.529699e-06	5.691852e-09	-2.522338e+01	3.343054e+02
2.790000e-06	-3.636464e-06	4.267429e-09	-2.598632e+01	2.487563e+02
2.800000e-06	-3.741968e-06	2.700797e-09	-2.674026e+01	1.546624e+02
2.810000e-06	-3.846211e-06	1.002333e-09	-2.748519e+01	5.286990e+01
2.820000e-06	-3.949101e-06	-8.006272e-10	-2.822044e+01	-5.513056e+01
2.830000e-06	-4.050411e-06	-2.675866e-09	-2.894441e+01	-1.672836e+02
2.840000e-06	-4.150234e-06	-4.589737e-09	-2.965775e+01	-2.811474e+02
2.850000e-06	-4.248667e-06	-6.496544e-09	-3.036116e+01	-3.941427e+02
2.860000e-06	-4.345689e-06	-8.346014e-09	-3.105448e+01	-5.038224e+02
2.870000e-06	-4.441245e-06	-1.009906e-08	-3.173733e+01	-6.081118e+02
2.880000e-06	-4.535168e-06	-1.173811e-08	-3.240850e+01	-7.054723e+02
2.890000e-06	-4.627444e-06	-1.325174e-08	-3.306791e+01	-7.949650e+02
2.900000e-06	-4.718098e-06	-1.462702e-08	-3.371573e+01	-8.762163e+02
2.910000e-06	-4.807088e-06	-1.586363e-08	-3.435165e+01	-9.493067e+02
2.920000e-06	-4.894343e-06	-1.697213e-08	-3.497519e+01	-1.014624e+03
2.930000e-06	-4.979760e-06	-1.796328e-08	-3.558558e+01	-1.072719e+03
2.940000e-06	-5.063467e-06	-1.884125e-08	-3.618375e+01	-1.124193e+03
2.950000e-06	-5.145564e-06	-1.961125e-08	-3.677042e+01	-1.169638e+03
2.960000e-06	-5.225916e-06	-2.028839e-08	-3.734462e+01	-1.209615e+03
2.970000e-06	-5.304172e-06	-2.088556e-08	-3.790384e+01	-1.244666e+03
2.980000e-06	-5.380222e-06	-2.140688e-08	-3.844729e+01	-1.275329e+03
2.990000e-06	-5.454249e-06	-2.185868e-08	-3.897629e+01	-1.302144e+03
3.000000e-06	-5.526334e-06	-2.225741e-08	-3.949142e+01	-1.325645e+03
3.010000e-06	-5.596389e-06	-2.261617e-08	-3.999203e+01	-1.346330e+03
3.020000e-06	-5.664360e-06	-2.293265e-08	-4.047775e+01	-1.364633e+03
3.030000e-06	-5.730393e-06	-2.320739e-08	-4.094963e+01	-1.380902e+03
3.040000e-06	-5.794543e-06	-2.345258e-08	-4.140805e+01	-1.395398e+03
3.050000e-06	-5.856604e-06	-2.367454e-08	-4.185154e+01	-1.408306e+03
3.060000e-06	-5.916434e-06	-2.386928e-08	-4.227909e+01	-1.419769e+03
3.070000e-06	-5.974190e-06	-2.403837e-08	-4.269182e+01	-1.429915e+03
3.080000e-06	-6.029979e-06	-2.419188e-08	-4.309049e+01	-1.438881e+03
3.090000e-06	-6.083504e-06	-2.433452e-08	-4.347298e+01	-1.446821e+03
3.100000e-06	-6.134495e-06	-2.446235e-08	-4.383736e+01	-1.453895e+03
3.110000e-06	-6.182960e-06	-2.457123e-08	-4.418370e+01	-1.460252e+03
3.120000e-06	-6.229024e-06	-2.466796e-08	-4.451287e+01	-1.466011e+03
3.130000e-06	-6.273045e-06	-2.475996e-08	-4.482745e+01	-1.471251e+03
3.140000e-06	-6.315092e-06	-2.484086e-08	-4.512792e+01	-1.476008e+03
3.150000e-06	-6.355051e-06	-2.490819e-08	-4.541346e+01	-1.480296e+03
3.160000e-06	-6.392770e-06	-2.497193e-08	-4.568301e+01	-1.484119e+03
3.170000e-06	-6.428197e-06	-2.503460e-08	-4.593617e+01	-1.487491e+03
3.180000e-06	-6.461437e-06	-2.508948e-08	-4.617370e+01	-1.490449e+03
3.190000e-06	-6.492355e-06	-2.513391e-08	-4.639464e+01	-1.493046e+03
3.200000e-06	-6.520840e-06	-2.517406e-08	-4.659820e+01	-1.495342e+03
3.210000e-06	-6.547032e-06	-2.521355e-08	-4.678536e+01	-1.497392e+03
3.220000e-06	-6.570976e-06	-2.524598e-08	-4.695647e+01	-1.499230e+03
3.230000e-06	-6.592478e-06	-2.527039e-08	-4.711013e+01	-1.500868e+03
3.240000e-06	-6.611619e-06	-2.529435e-08	-4.724691e+01	-1.502299e+03
3.250000e-06	-6.628614e-06	-2.531944e-08	-4.736835e+01	-1.503508e+03
3.260000e-06	-6.643210e-06	-2.534066e-08	-4.747266e+01	-1.504485e+03
3.270000e-06	-6.655136e-06	-2.535354e-08	-4.755789e+01	-1.505234e+03
3.280000e-06	-6.664587e-06	-2.536289e-08	-4.762542e+01	-1.505776e+03
3.290000e-06	-6.671721e-06	-2.537301e-08	-4.767640e+01	-1.506145e+03
3.300000e-06	-6.676419e-06	-2.538064e-08	-4.770997e+01	-1.506377e+03
3.310000e-06	-6.678808e-06	-2.538257e-08	-4.772705e+01	-1.506500e+03
