# Temperatura_=_35.6
# Concentracion g/m^3_=_20000.0
# C_Vs_to_Am_M_A/Vsm_=_59384043850.047264
# pendiente_HvsI_1/m_=_3716.3
# ordenada_HvsI_A/m_=_1297.0
# frecuencia_Hz_=_301337.17092830356

Tiempo_(s)	Campo_(V.s)	Magnetizacion_(V.s)	Campo_(kA/m)	Magnetizacion_(A/m)
0.000000e+00	-6.725779e-06	-2.526448e-08	-4.772580e+01	-1.499200e+03
1.000000e-08	-6.724054e-06	-2.526118e-08	-4.771355e+01	-1.499196e+03
2.000000e-08	-6.719953e-06	-2.526082e-08	-4.768445e+01	-1.499076e+03
3.000000e-08	-6.713729e-06	-2.525907e-08	-4.764029e+01	-1.498817e+03
4.000000e-08	-6.705454e-06	-2.524901e-08	-4.758157e+01	-1.498392e+03
5.000000e-08	-6.694891e-06	-2.523521e-08	-4.750662e+01	-1.497785e+03
6.000000e-08	-6.681845e-06	-2.522275e-08	-4.741404e+01	-1.496994e+03
7.000000e-08	-6.666254e-06	-2.521077e-08	-4.730341e+01	-1.496038e+03
8.000000e-08	-6.648194e-06	-2.518791e-08	-4.717525e+01	-1.494944e+03
9.000000e-08	-6.627766e-06	-2.514716e-08	-4.703030e+01	-1.493745e+03
1.000000e-07	-6.604708e-06	-2.511655e-08	-4.686668e+01	-1.492462e+03
1.100000e-07	-6.578931e-06	-2.511831e-08	-4.668377e+01	-1.491102e+03
1.200000e-07	-6.550840e-06	-2.511466e-08	-4.648444e+01	-1.489655e+03
1.300000e-07	-6.520874e-06	-2.508929e-08	-4.627180e+01	-1.488100e+03
1.400000e-07	-6.489281e-06	-2.506983e-08	-4.604761e+01	-1.486412e+03
1.500000e-07	-6.455864e-06	-2.503061e-08	-4.581049e+01	-1.484571e+03
1.600000e-07	-6.420187e-06	-2.496698e-08	-4.555733e+01	-1.482575e+03
1.700000e-07	-6.382387e-06	-2.495270e-08	-4.528910e+01	-1.480433e+03
1.800000e-07	-6.342480e-06	-2.491192e-08	-4.500592e+01	-1.478167e+03
1.900000e-07	-6.300037e-06	-2.485841e-08	-4.470475e+01	-1.475807e+03
2.000000e-07	-6.255272e-06	-2.485169e-08	-4.438710e+01	-1.473376e+03
2.100000e-07	-6.208231e-06	-2.480432e-08	-4.405330e+01	-1.470886e+03
2.200000e-07	-6.158692e-06	-2.475981e-08	-4.370177e+01	-1.468335e+03
2.300000e-07	-6.106630e-06	-2.470992e-08	-4.333234e+01	-1.465710e+03
2.400000e-07	-6.052086e-06	-2.464858e-08	-4.294530e+01	-1.462988e+03
2.500000e-07	-5.995328e-06	-2.460876e-08	-4.254255e+01	-1.460147e+03
2.600000e-07	-5.936382e-06	-2.456440e-08	-4.212427e+01	-1.457171e+03
2.700000e-07	-5.875262e-06	-2.452286e-08	-4.169056e+01	-1.454055e+03
2.800000e-07	-5.812098e-06	-2.446191e-08	-4.124236e+01	-1.450805e+03
2.900000e-07	-5.746835e-06	-2.439834e-08	-4.077926e+01	-1.447436e+03
3.000000e-07	-5.679442e-06	-2.434824e-08	-4.030104e+01	-1.443965e+03
3.100000e-07	-5.609959e-06	-2.427989e-08	-3.980799e+01	-1.440405e+03
3.200000e-07	-5.538498e-06	-2.421509e-08	-3.930091e+01	-1.436761e+03
3.300000e-07	-5.465025e-06	-2.415216e-08	-3.877955e+01	-1.433028e+03
3.400000e-07	-5.389356e-06	-2.409885e-08	-3.824260e+01	-1.429193e+03
3.500000e-07	-5.311534e-06	-2.403887e-08	-3.769038e+01	-1.425240e+03
3.600000e-07	-5.231612e-06	-2.395851e-08	-3.712326e+01	-1.421154e+03
3.700000e-07	-5.149686e-06	-2.388666e-08	-3.654192e+01	-1.416926e+03
3.800000e-07	-5.065953e-06	-2.381010e-08	-3.594775e+01	-1.412556e+03
3.900000e-07	-4.980603e-06	-2.373706e-08	-3.534211e+01	-1.408055e+03
4.000000e-07	-4.893695e-06	-2.365740e-08	-3.472542e+01	-1.403436e+03
4.100000e-07	-4.805159e-06	-2.357889e-08	-3.409717e+01	-1.398715e+03
4.200000e-07	-4.714913e-06	-2.350257e-08	-3.345678e+01	-1.393901e+03
4.300000e-07	-4.622843e-06	-2.342075e-08	-3.280347e+01	-1.388996e+03
4.400000e-07	-4.529043e-06	-2.333627e-08	-3.213786e+01	-1.383992e+03
4.500000e-07	-4.433649e-06	-2.324244e-08	-3.146096e+01	-1.378879e+03
4.600000e-07	-4.336672e-06	-2.315443e-08	-3.077281e+01	-1.373643e+03
4.700000e-07	-4.238124e-06	-2.306717e-08	-3.007352e+01	-1.368276e+03
4.800000e-07	-4.137925e-06	-2.297582e-08	-2.936251e+01	-1.362776e+03
4.900000e-07	-4.036210e-06	-2.287945e-08	-2.864074e+01	-1.357149e+03
5.000000e-07	-3.933217e-06	-2.278300e-08	-2.790991e+01	-1.351404e+03
5.100000e-07	-3.828882e-06	-2.268703e-08	-2.716955e+01	-1.345551e+03
5.200000e-07	-3.723108e-06	-2.258503e-08	-2.641899e+01	-1.339593e+03
5.300000e-07	-3.615892e-06	-2.247896e-08	-2.565819e+01	-1.333525e+03
5.400000e-07	-3.507332e-06	-2.237245e-08	-2.488785e+01	-1.327335e+03
5.500000e-07	-3.397562e-06	-2.227002e-08	-2.410893e+01	-1.321007e+03
5.600000e-07	-3.286697e-06	-2.216538e-08	-2.332224e+01	-1.314528e+03
5.700000e-07	-3.174733e-06	-2.205281e-08	-2.252775e+01	-1.307892e+03
5.800000e-07	-3.061524e-06	-2.193615e-08	-2.172442e+01	-1.301104e+03
5.900000e-07	-2.947134e-06	-2.182112e-08	-2.091272e+01	-1.294174e+03
6.000000e-07	-2.831553e-06	-2.170372e-08	-2.009256e+01	-1.287120e+03
6.100000e-07	-2.714761e-06	-2.158051e-08	-1.926381e+01	-1.279952e+03
6.200000e-07	-2.596917e-06	-2.145811e-08	-1.842760e+01	-1.272674e+03
6.300000e-07	-2.478148e-06	-2.133754e-08	-1.758482e+01	-1.265274e+03
6.400000e-07	-2.358585e-06	-2.121223e-08	-1.673640e+01	-1.257734e+03
6.500000e-07	-2.238210e-06	-2.107937e-08	-1.588223e+01	-1.250031e+03
6.600000e-07	-2.116964e-06	-2.094363e-08	-1.502187e+01	-1.242147e+03
6.700000e-07	-1.994939e-06	-2.080862e-08	-1.415599e+01	-1.234077e+03
6.800000e-07	-1.872232e-06	-2.067070e-08	-1.328527e+01	-1.225828e+03
6.900000e-07	-1.748804e-06	-2.052657e-08	-1.240943e+01	-1.217415e+03
7.000000e-07	-1.624627e-06	-2.038277e-08	-1.152827e+01	-1.208855e+03
7.100000e-07	-1.499803e-06	-2.024072e-08	-1.064253e+01	-1.200156e+03
7.200000e-07	-1.374534e-06	-2.009408e-08	-9.753623e+00	-1.191311e+03
7.300000e-07	-1.248912e-06	-1.994030e-08	-8.862219e+00	-1.182298e+03
7.400000e-07	-1.122890e-06	-1.978152e-08	-7.967968e+00	-1.173086e+03
7.500000e-07	-9.964281e-07	-1.962190e-08	-7.070604e+00	-1.163643e+03
7.600000e-07	-8.696021e-07	-1.945925e-08	-6.170653e+00	-1.153952e+03
7.700000e-07	-7.425205e-07	-1.929081e-08	-5.268889e+00	-1.144012e+03
7.800000e-07	-6.152224e-07	-1.911998e-08	-4.365588e+00	-1.133839e+03
7.900000e-07	-4.877851e-07	-1.895009e-08	-3.461299e+00	-1.123454e+03
8.000000e-07	-3.602262e-07	-1.877619e-08	-2.556147e+00	-1.112872e+03
8.100000e-07	-2.325060e-07	-1.859288e-08	-1.649851e+00	-1.102079e+03
8.200000e-07	-1.046653e-07	-1.840305e-08	-7.426999e-01	-1.091032e+03
8.300000e-07	2.318357e-08	-1.820963e-08	1.645095e-01	-1.079659e+03
8.400000e-07	1.509920e-07	-1.801132e-08	1.071432e+00	-1.067873e+03
8.500000e-07	2.787770e-07	-1.780415e-08	1.978188e+00	-1.055595e+03
8.600000e-07	4.064584e-07	-1.758845e-08	2.884208e+00	-1.042775e+03
8.700000e-07	5.339836e-07	-1.736604e-08	3.789121e+00	-1.029405e+03
8.800000e-07	6.613635e-07	-1.713423e-08	4.693002e+00	-1.015524e+03
8.900000e-07	7.885478e-07	-1.689024e-08	5.595496e+00	-1.001202e+03
9.000000e-07	9.154587e-07	-1.663831e-08	6.496050e+00	-9.865154e+02
9.100000e-07	1.042019e-06	-1.638461e-08	7.394114e+00	-9.715230e+02
9.200000e-07	1.168186e-06	-1.613028e-08	8.289389e+00	-9.562419e+02
9.300000e-07	1.293943e-06	-1.586885e-08	9.181758e+00	-9.406395e+02
9.400000e-07	1.419332e-06	-1.559659e-08	1.007151e+01	-9.246376e+02
9.500000e-07	1.544305e-06	-1.531699e-08	1.095831e+01	-9.081268e+02
9.600000e-07	1.668748e-06	-1.502711e-08	1.184135e+01	-8.909846e+02
9.700000e-07	1.792596e-06	-1.472440e-08	1.272017e+01	-8.730892e+02
9.800000e-07	1.915752e-06	-1.440802e-08	1.359408e+01	-8.543218e+02
9.900000e-07	2.038180e-06	-1.407678e-08	1.446282e+01	-8.345574e+02
1.000000e-06	2.159845e-06	-1.372708e-08	1.532615e+01	-8.136480e+02
1.010000e-06	2.280680e-06	-1.335178e-08	1.618359e+01	-7.914026e+02
1.020000e-06	2.400638e-06	-1.294596e-08	1.703481e+01	-7.675746e+02
1.030000e-06	2.519729e-06	-1.250671e-08	1.787987e+01	-7.418580e+02
1.040000e-06	2.637969e-06	-1.203260e-08	1.871889e+01	-7.138935e+02
1.050000e-06	2.755272e-06	-1.151558e-08	1.955127e+01	-6.832792e+02
1.060000e-06	2.871462e-06	-1.094457e-08	2.037575e+01	-6.495795e+02
1.070000e-06	2.986429e-06	-1.031239e-08	2.119155e+01	-6.123262e+02
1.080000e-06	3.100190e-06	-9.613298e-09	2.199879e+01	-5.710128e+02
1.090000e-06	3.212708e-06	-8.832762e-09	2.279722e+01	-5.250867e+02
1.100000e-06	3.324079e-06	-7.959922e-09	2.358750e+01	-4.739524e+02
1.110000e-06	3.434363e-06	-6.988586e-09	2.437007e+01	-4.169977e+02
1.120000e-06	3.543520e-06	-5.912172e-09	2.514464e+01	-3.536508e+02
1.130000e-06	3.651533e-06	-4.722178e-09	2.591110e+01	-2.834703e+02
1.140000e-06	3.758194e-06	-3.411257e-09	2.666795e+01	-2.062549e+02
1.150000e-06	3.863378e-06	-1.982073e-09	2.741434e+01	-1.221512e+02
1.160000e-06	3.967109e-06	-4.455136e-10	2.815041e+01	-3.173422e+01
1.170000e-06	4.069425e-06	1.179026e-09	2.887644e+01	6.396401e+01
1.180000e-06	4.170415e-06	2.867334e-09	2.959306e+01	1.634935e+02
1.190000e-06	4.270030e-06	4.588362e-09	3.029992e+01	2.650911e+02
1.200000e-06	4.367933e-06	6.305878e-09	3.099464e+01	3.668366e+02
1.210000e-06	4.464064e-06	7.988034e-09	3.167677e+01	4.668314e+02
1.220000e-06	4.558652e-06	9.611463e-09	3.234797e+01	5.633670e+02
1.230000e-06	4.651801e-06	1.115507e-08	3.300895e+01	6.550544e+02
1.240000e-06	4.743419e-06	1.260010e-08	3.365906e+01	7.408945e+02
1.250000e-06	4.833221e-06	1.393216e-08	3.429629e+01	8.202877e+02
1.260000e-06	4.921219e-06	1.514872e-08	3.492072e+01	8.929895e+02
1.270000e-06	5.007531e-06	1.625409e-08	3.553319e+01	9.590357e+02
1.280000e-06	5.092216e-06	1.725171e-08	3.613411e+01	1.018656e+03
1.290000e-06	5.175141e-06	1.814329e-08	3.672254e+01	1.072201e+03
1.300000e-06	5.256069e-06	1.894066e-08	3.729680e+01	1.120082e+03
1.310000e-06	5.335088e-06	1.965561e-08	3.785752e+01	1.162744e+03
1.320000e-06	5.412243e-06	2.029132e-08	3.840500e+01	1.200649e+03
1.330000e-06	5.487294e-06	2.085157e-08	3.893756e+01	1.234263e+03
1.340000e-06	5.560192e-06	2.134489e-08	3.945485e+01	1.264055e+03
1.350000e-06	5.631118e-06	2.178600e-08	3.995813e+01	1.290478e+03
1.360000e-06	5.700106e-06	2.218127e-08	4.044766e+01	1.313956e+03
1.370000e-06	5.766985e-06	2.253054e-08	4.092224e+01	1.334862e+03
1.380000e-06	5.831695e-06	2.284007e-08	4.138142e+01	1.353517e+03
1.390000e-06	5.894408e-06	2.311787e-08	4.182643e+01	1.370181e+03
1.400000e-06	5.955266e-06	2.336431e-08	4.225827e+01	1.385070e+03
1.410000e-06	6.014062e-06	2.358086e-08	4.267549e+01	1.398366e+03
1.420000e-06	6.070580e-06	2.377406e-08	4.307653e+01	1.410234e+03
1.430000e-06	6.124833e-06	2.395018e-08	4.346151e+01	1.420833e+03
1.440000e-06	6.176689e-06	2.411026e-08	4.382948e+01	1.430317e+03
1.450000e-06	6.225975e-06	2.425243e-08	4.417921e+01	1.438829e+03
1.460000e-06	6.272855e-06	2.437836e-08	4.451187e+01	1.446493e+03
1.470000e-06	6.317694e-06	2.449219e-08	4.483004e+01	1.453407e+03
1.480000e-06	6.360336e-06	2.459320e-08	4.513263e+01	1.459640e+03
1.490000e-06	6.400560e-06	2.468080e-08	4.541806e+01	1.465239e+03
1.500000e-06	6.438578e-06	2.476020e-08	4.568783e+01	1.470240e+03
1.510000e-06	6.474485e-06	2.483440e-08	4.594263e+01	1.474680e+03
1.520000e-06	6.507999e-06	2.490136e-08	4.618044e+01	1.478606e+03
1.530000e-06	6.539119e-06	2.495896e-08	4.640126e+01	1.482077e+03
1.540000e-06	6.568146e-06	2.500991e-08	4.660724e+01	1.485156e+03
1.550000e-06	6.594847e-06	2.505751e-08	4.679671e+01	1.487902e+03
1.560000e-06	6.619000e-06	2.509845e-08	4.696809e+01	1.490359e+03
1.570000e-06	6.640828e-06	2.513006e-08	4.712299e+01	1.492548e+03
1.580000e-06	6.660430e-06	2.515606e-08	4.726208e+01	1.494468e+03
1.590000e-06	6.677658e-06	2.518029e-08	4.738433e+01	1.496108e+03
1.600000e-06	6.692475e-06	2.520103e-08	4.748947e+01	1.497456e+03
1.610000e-06	6.704797e-06	2.521591e-08	4.757690e+01	1.498510e+03
1.620000e-06	6.714434e-06	2.522882e-08	4.764529e+01	1.499291e+03
1.630000e-06	6.721574e-06	2.524056e-08	4.769596e+01	1.499834e+03
1.640000e-06	6.726507e-06	2.524632e-08	4.773096e+01	1.500187e+03
1.650000e-06	6.729115e-06	2.524731e-08	4.774946e+01	1.500395e+03
1.660000e-06	6.729296e-06	2.524833e-08	4.775075e+01	1.500488e+03
1.670000e-06	6.727285e-06	2.525092e-08	4.773648e+01	1.500476e+03
1.680000e-06	6.723193e-06	2.524852e-08	4.770744e+01	1.500347e+03
1.690000e-06	6.716800e-06	2.524073e-08	4.766208e+01	1.500077e+03
1.700000e-06	6.708172e-06	2.523185e-08	4.760085e+01	1.499640e+03
1.710000e-06	6.697447e-06	2.522373e-08	4.752475e+01	1.499019e+03
1.720000e-06	6.684366e-06	2.521196e-08	4.743193e+01	1.498216e+03
1.730000e-06	6.668955e-06	2.519578e-08	4.732257e+01	1.497249e+03
1.740000e-06	6.651516e-06	2.519623e-08	4.719883e+01	1.496147e+03
1.750000e-06	6.631776e-06	2.520761e-08	4.705876e+01	1.494941e+03
1.760000e-06	6.608992e-06	2.516985e-08	4.689708e+01	1.493652e+03
1.770000e-06	6.583171e-06	2.511009e-08	4.671386e+01	1.492287e+03
1.780000e-06	6.554915e-06	2.506410e-08	4.651335e+01	1.490833e+03
1.790000e-06	6.524510e-06	2.502266e-08	4.629760e+01	1.489269e+03
1.800000e-06	6.492382e-06	2.503744e-08	4.606962e+01	1.487571e+03
1.810000e-06	6.458529e-06	2.503483e-08	4.582940e+01	1.485719e+03
1.820000e-06	6.422482e-06	2.494882e-08	4.557361e+01	1.483712e+03
1.830000e-06	6.384245e-06	2.493761e-08	4.530229e+01	1.481560e+03
1.840000e-06	6.343731e-06	2.490585e-08	4.501480e+01	1.479287e+03
1.850000e-06	6.300981e-06	2.482383e-08	4.471145e+01	1.476921e+03
1.860000e-06	6.256153e-06	2.480261e-08	4.439335e+01	1.474486e+03
1.870000e-06	6.208973e-06	2.473446e-08	4.405856e+01	1.471992e+03
1.880000e-06	6.159493e-06	2.472021e-08	4.370745e+01	1.469437e+03
1.890000e-06	6.107668e-06	2.470488e-08	4.333971e+01	1.466806e+03
1.900000e-06	6.053263e-06	2.462865e-08	4.295365e+01	1.464076e+03
1.910000e-06	5.996625e-06	2.458892e-08	4.255176e+01	1.461225e+03
1.920000e-06	5.937896e-06	2.451714e-08	4.213501e+01	1.458239e+03
1.930000e-06	5.877032e-06	2.447793e-08	4.170313e+01	1.455113e+03
1.940000e-06	5.813962e-06	2.442532e-08	4.125559e+01	1.451855e+03
1.950000e-06	5.748778e-06	2.434587e-08	4.079305e+01	1.448478e+03
1.960000e-06	5.681617e-06	2.432112e-08	4.031647e+01	1.445000e+03
1.970000e-06	5.612199e-06	2.425200e-08	3.982388e+01	1.441434e+03
1.980000e-06	5.540597e-06	2.419774e-08	3.931580e+01	1.437784e+03
1.990000e-06	5.467006e-06	2.411458e-08	3.879361e+01	1.434045e+03
2.000000e-06	5.391325e-06	2.404383e-08	3.825658e+01	1.430202e+03
2.010000e-06	5.313483e-06	2.400344e-08	3.770421e+01	1.426240e+03
2.020000e-06	5.233619e-06	2.391459e-08	3.713750e+01	1.422144e+03
2.030000e-06	5.152005e-06	2.385636e-08	3.655837e+01	1.417905e+03
2.040000e-06	5.068595e-06	2.377177e-08	3.596650e+01	1.413526e+03
2.050000e-06	4.983310e-06	2.370686e-08	3.536132e+01	1.409016e+03
2.060000e-06	4.896153e-06	2.362393e-08	3.474286e+01	1.404390e+03
2.070000e-06	4.807278e-06	2.353146e-08	3.411220e+01	1.399662e+03
2.080000e-06	4.716839e-06	2.346350e-08	3.347046e+01	1.394841e+03
2.090000e-06	4.624701e-06	2.338135e-08	3.281665e+01	1.389929e+03
2.100000e-06	4.530823e-06	2.330941e-08	3.215050e+01	1.384918e+03
2.110000e-06	4.435258e-06	2.320697e-08	3.147237e+01	1.379797e+03
2.120000e-06	4.338174e-06	2.311963e-08	3.078347e+01	1.374552e+03
2.130000e-06	4.239681e-06	2.302888e-08	3.008456e+01	1.369175e+03
2.140000e-06	4.139686e-06	2.293288e-08	2.937500e+01	1.363666e+03
2.150000e-06	4.038118e-06	2.283704e-08	2.865428e+01	1.358030e+03
2.160000e-06	3.934942e-06	2.274158e-08	2.792215e+01	1.352278e+03
2.170000e-06	3.830298e-06	2.265849e-08	2.717961e+01	1.346417e+03
2.180000e-06	3.724409e-06	2.255891e-08	2.642822e+01	1.340451e+03
2.190000e-06	3.617337e-06	2.245432e-08	2.566844e+01	1.334375e+03
2.200000e-06	3.508993e-06	2.234153e-08	2.489964e+01	1.328176e+03
2.210000e-06	3.399391e-06	2.223496e-08	2.412191e+01	1.321838e+03
2.220000e-06	3.288463e-06	2.212272e-08	2.333477e+01	1.315348e+03
2.230000e-06	3.176286e-06	2.200426e-08	2.253877e+01	1.308701e+03
2.240000e-06	3.062981e-06	2.188809e-08	2.173476e+01	1.301902e+03
2.250000e-06	2.948478e-06	2.177941e-08	2.092226e+01	1.294963e+03
2.260000e-06	2.832835e-06	2.166864e-08	2.010166e+01	1.287901e+03
2.270000e-06	2.716031e-06	2.154562e-08	1.927282e+01	1.280725e+03
2.280000e-06	2.598101e-06	2.141731e-08	1.843600e+01	1.273439e+03
2.290000e-06	2.479124e-06	2.128935e-08	1.759174e+01	1.266030e+03
2.300000e-06	2.359201e-06	2.116205e-08	1.674077e+01	1.258479e+03
2.310000e-06	2.238495e-06	2.102629e-08	1.588425e+01	1.250763e+03
2.320000e-06	2.117082e-06	2.089350e-08	1.502271e+01	1.242866e+03
2.330000e-06	1.994996e-06	2.076374e-08	1.415639e+01	1.234783e+03
2.340000e-06	1.872242e-06	2.063143e-08	1.328533e+01	1.226522e+03
2.350000e-06	1.748781e-06	2.048593e-08	1.240926e+01	1.218098e+03
2.360000e-06	1.624648e-06	2.033787e-08	1.152842e+01	1.209528e+03
2.370000e-06	1.499883e-06	2.019276e-08	1.064310e+01	1.200819e+03
2.380000e-06	1.374569e-06	2.004464e-08	9.753876e+00	1.191963e+03
2.390000e-06	1.248839e-06	1.989020e-08	8.861699e+00	1.182937e+03
2.400000e-06	1.122714e-06	1.973113e-08	7.966719e+00	1.173709e+03
2.410000e-06	9.961656e-07	1.957546e-08	7.068742e+00	1.164250e+03
2.420000e-06	8.691825e-07	1.941479e-08	6.167676e+00	1.154540e+03
2.430000e-06	7.418192e-07	1.924649e-08	5.263912e+00	1.144583e+03
2.440000e-06	6.141282e-07	1.907326e-08	4.357823e+00	1.134394e+03
2.450000e-06	4.861662e-07	1.889990e-08	3.449811e+00	1.123996e+03
2.460000e-06	3.580583e-07	1.872368e-08	2.540764e+00	1.113399e+03
2.470000e-06	2.298485e-07	1.853882e-08	1.630994e+00	1.102589e+03
2.480000e-06	1.015457e-07	1.834644e-08	7.205633e-01	1.091522e+03
2.490000e-06	-2.676220e-08	1.815202e-08	-1.899032e-01	1.080123e+03
2.500000e-06	-1.550108e-07	1.795772e-08	-1.099949e+00	1.068304e+03
2.510000e-06	-2.832242e-07	1.775614e-08	-2.009745e+00	1.055989e+03
2.520000e-06	-4.113269e-07	1.754106e-08	-2.918755e+00	1.043129e+03
2.530000e-06	-5.392730e-07	1.731619e-08	-3.826655e+00	1.029721e+03
2.540000e-06	-6.670597e-07	1.708365e-08	-4.733423e+00	1.015806e+03
2.550000e-06	-7.945877e-07	1.684059e-08	-5.638355e+00	1.001455e+03
2.560000e-06	-9.217601e-07	1.658867e-08	-6.540764e+00	9.867455e+02
2.570000e-06	-1.048522e-06	1.633407e-08	-7.440262e+00	9.717325e+02
2.580000e-06	-1.174837e-06	1.608036e-08	-8.336584e+00	9.564302e+02
2.590000e-06	-1.300696e-06	1.582245e-08	-9.229677e+00	9.408025e+02
2.600000e-06	-1.426099e-06	1.555422e-08	-1.011953e+01	9.247682e+02
2.610000e-06	-1.551031e-06	1.527540e-08	-1.100604e+01	9.082164e+02
2.620000e-06	-1.675400e-06	1.498628e-08	-1.188855e+01	8.910246e+02
2.630000e-06	-1.799085e-06	1.468324e-08	-1.276621e+01	8.730709e+02
2.640000e-06	-1.922076e-06	1.436318e-08	-1.363895e+01	8.542366e+02
2.650000e-06	-2.044390e-06	1.402644e-08	-1.450689e+01	8.343959e+02
2.660000e-06	-2.166038e-06	1.367434e-08	-1.537010e+01	8.133980e+02
2.670000e-06	-2.286923e-06	1.330233e-08	-1.622789e+01	7.910485e+02
2.680000e-06	-2.407002e-06	1.290145e-08	-1.707996e+01	7.670966e+02
2.690000e-06	-2.526245e-06	1.246714e-08	-1.792611e+01	7.412320e+02
2.700000e-06	-2.644443e-06	1.199805e-08	-1.876484e+01	7.130921e+02
2.710000e-06	-2.761564e-06	1.148366e-08	-1.959592e+01	6.822723e+02
2.720000e-06	-2.877629e-06	1.091322e-08	-2.041951e+01	6.483347e+02
2.730000e-06	-2.992550e-06	1.028306e-08	-2.123498e+01	6.108088e+02
2.740000e-06	-3.106229e-06	9.588228e-09	-2.204164e+01	5.691849e+02
2.750000e-06	-3.218573e-06	8.817725e-09	-2.283883e+01	5.229070e+02
2.760000e-06	-3.329607e-06	7.957777e-09	-2.362672e+01	4.713773e+02
2.770000e-06	-3.439376e-06	7.000058e-09	-2.440564e+01	4.139841e+02
2.780000e-06	-3.547965e-06	5.937368e-09	-2.517619e+01	3.501616e+02
2.790000e-06	-3.655421e-06	4.759731e-09	-2.593869e+01	2.794818e+02
2.800000e-06	-3.761734e-06	3.462682e-09	-2.669307e+01	2.017649e+02
2.810000e-06	-3.866864e-06	2.050949e-09	-2.743907e+01	1.171858e+02
2.820000e-06	-3.970641e-06	5.360518e-10	-2.817547e+01	2.635218e+01
2.830000e-06	-4.072822e-06	-1.067146e-09	-2.890054e+01	-6.967218e+01
2.840000e-06	-4.173339e-06	-2.738948e-09	-2.961380e+01	-1.694106e+02
2.850000e-06	-4.272420e-06	-4.449171e-09	-3.031688e+01	-2.710832e+02
2.860000e-06	-4.370102e-06	-6.158662e-09	-3.101003e+01	-3.727652e+02
2.870000e-06	-4.466291e-06	-7.834278e-09	-3.169258e+01	-4.725663e+02
2.880000e-06	-4.560903e-06	-9.451539e-09	-3.236394e+01	-5.687972e+02
2.890000e-06	-4.653811e-06	-1.098910e-08	-3.302321e+01	-6.600951e+02
2.900000e-06	-4.745107e-06	-1.242951e-08	-3.367105e+01	-7.454901e+02
2.910000e-06	-4.834807e-06	-1.376383e-08	-3.430755e+01	-8.244095e+02
2.920000e-06	-4.922851e-06	-1.499022e-08	-3.493230e+01	-8.966319e+02
2.930000e-06	-5.009073e-06	-1.610626e-08	-3.554413e+01	-9.622096e+02
2.940000e-06	-5.093383e-06	-1.711179e-08	-3.614239e+01	-1.021384e+03
2.950000e-06	-5.175974e-06	-1.801083e-08	-3.672845e+01	-1.074509e+03
2.960000e-06	-5.256886e-06	-1.881378e-08	-3.730260e+01	-1.122003e+03
2.970000e-06	-5.335962e-06	-1.953090e-08	-3.786372e+01	-1.164310e+03
2.980000e-06	-5.412843e-06	-2.016800e-08	-3.840926e+01	-1.201892e+03
2.990000e-06	-5.487510e-06	-2.073241e-08	-3.893910e+01	-1.235218e+03
3.000000e-06	-5.560244e-06	-2.123567e-08	-3.945521e+01	-1.264754e+03
3.010000e-06	-5.630961e-06	-2.168519e-08	-3.995702e+01	-1.290954e+03
3.020000e-06	-5.699531e-06	-2.208274e-08	-4.044359e+01	-1.314235e+03
3.030000e-06	-5.766081e-06	-2.243413e-08	-4.091583e+01	-1.334971e+03
3.040000e-06	-5.830746e-06	-2.274899e-08	-4.137468e+01	-1.353475e+03
3.050000e-06	-5.893366e-06	-2.303150e-08	-4.181903e+01	-1.370006e+03
3.060000e-06	-5.953735e-06	-2.328161e-08	-4.224741e+01	-1.384776e+03
3.070000e-06	-6.011929e-06	-2.350380e-08	-4.266035e+01	-1.397964e+03
3.080000e-06	-6.068112e-06	-2.370483e-08	-4.305902e+01	-1.409736e+03
3.090000e-06	-6.122121e-06	-2.388937e-08	-4.344226e+01	-1.420250e+03
3.100000e-06	-6.173679e-06	-2.405481e-08	-4.380812e+01	-1.429660e+03
3.110000e-06	-6.222709e-06	-2.419904e-08	-4.415603e+01	-1.438108e+03
3.120000e-06	-6.269269e-06	-2.432968e-08	-4.448642e+01	-1.445715e+03
3.130000e-06	-6.313695e-06	-2.444981e-08	-4.480166e+01	-1.452579e+03
3.140000e-06	-6.356184e-06	-2.455672e-08	-4.510316e+01	-1.458765e+03
3.150000e-06	-6.396625e-06	-2.464797e-08	-4.539013e+01	-1.464320e+03
3.160000e-06	-6.434784e-06	-2.472943e-08	-4.566091e+01	-1.469279e+03
3.170000e-06	-6.470564e-06	-2.480647e-08	-4.591480e+01	-1.473681e+03
3.180000e-06	-6.504118e-06	-2.487639e-08	-4.615289e+01	-1.477572e+03
3.190000e-06	-6.535415e-06	-2.493703e-08	-4.637498e+01	-1.481013e+03
3.200000e-06	-6.564273e-06	-2.499085e-08	-4.657976e+01	-1.484066e+03
3.210000e-06	-6.590787e-06	-2.504099e-08	-4.676790e+01	-1.486790e+03
3.220000e-06	-6.615098e-06	-2.508385e-08	-4.694041e+01	-1.489228e+03
3.230000e-06	-6.636944e-06	-2.511843e-08	-4.709542e+01	-1.491397e+03
3.240000e-06	-6.656369e-06	-2.514996e-08	-4.723326e+01	-1.493298e+03
3.250000e-06	-6.673625e-06	-2.518163e-08	-4.735571e+01	-1.494918e+03
3.260000e-06	-6.688454e-06	-2.520989e-08	-4.746094e+01	-1.496244e+03
3.270000e-06	-6.700612e-06	-2.522961e-08	-4.754721e+01	-1.497278e+03
3.280000e-06	-6.710302e-06	-2.524209e-08	-4.761597e+01	-1.498040e+03
3.290000e-06	-6.717689e-06	-2.525162e-08	-4.766839e+01	-1.498568e+03
3.300000e-06	-6.722661e-06	-2.526042e-08	-4.770367e+01	-1.498909e+03
3.310000e-06	-6.725271e-06	-2.526528e-08	-4.772219e+01	-1.499108e+03
