# Temperatura_=_49.97
# Concentracion g/m^3_=_20000.0
# C_Vs_to_Am_M_A/Vsm_=_59384043850.047264
# pendiente_HvsI_1/m_=_3716.3
# ordenada_HvsI_A/m_=_1297.0
# frecuencia_Hz_=_301336.88752990525

Tiempo_(s)	Campo_(V.s)	Magnetizacion_(V.s)	Campo_(kA/m)	Magnetizacion_(A/m)
0.000000e+00	-6.707167e-06	-2.543788e-08	-4.772488e+01	-1.509841e+03
1.000000e-08	-6.705497e-06	-2.543482e-08	-4.771300e+01	-1.509804e+03
2.000000e-08	-6.701434e-06	-2.543655e-08	-4.768409e+01	-1.509663e+03
3.000000e-08	-6.695241e-06	-2.543520e-08	-4.764002e+01	-1.509396e+03
4.000000e-08	-6.686963e-06	-2.542799e-08	-4.758112e+01	-1.508978e+03
5.000000e-08	-6.676388e-06	-2.541806e-08	-4.750587e+01	-1.508388e+03
6.000000e-08	-6.663386e-06	-2.540617e-08	-4.741336e+01	-1.507617e+03
7.000000e-08	-6.647935e-06	-2.539614e-08	-4.730342e+01	-1.506675e+03
8.000000e-08	-6.630015e-06	-2.537445e-08	-4.717590e+01	-1.505587e+03
9.000000e-08	-6.609625e-06	-2.530980e-08	-4.703082e+01	-1.504390e+03
1.000000e-07	-6.586602e-06	-2.527580e-08	-4.686700e+01	-1.503114e+03
1.100000e-07	-6.560873e-06	-2.529773e-08	-4.668392e+01	-1.501781e+03
1.200000e-07	-6.532815e-06	-2.530045e-08	-4.648428e+01	-1.500392e+03
1.300000e-07	-6.502935e-06	-2.527429e-08	-4.627166e+01	-1.498931e+03
1.400000e-07	-6.471445e-06	-2.527099e-08	-4.604760e+01	-1.497368e+03
1.500000e-07	-6.438140e-06	-2.521439e-08	-4.581062e+01	-1.495671e+03
1.600000e-07	-6.402561e-06	-2.514201e-08	-4.555746e+01	-1.493820e+03
1.700000e-07	-6.364852e-06	-2.515866e-08	-4.528914e+01	-1.491809e+03
1.800000e-07	-6.325004e-06	-2.508182e-08	-4.500560e+01	-1.489656e+03
1.900000e-07	-6.282556e-06	-2.504554e-08	-4.470356e+01	-1.487390e+03
2.000000e-07	-6.237830e-06	-2.505384e-08	-4.438531e+01	-1.485050e+03
2.100000e-07	-6.190963e-06	-2.499565e-08	-4.405183e+01	-1.482665e+03
2.200000e-07	-6.141652e-06	-2.497664e-08	-4.370096e+01	-1.480248e+03
2.300000e-07	-6.089746e-06	-2.489956e-08	-4.333162e+01	-1.477792e+03
2.400000e-07	-6.035297e-06	-2.484059e-08	-4.294419e+01	-1.475268e+03
2.500000e-07	-5.978671e-06	-2.482350e-08	-4.254127e+01	-1.472639e+03
2.600000e-07	-5.919866e-06	-2.476443e-08	-4.212284e+01	-1.469870e+03
2.700000e-07	-5.858852e-06	-2.473583e-08	-4.168869e+01	-1.466941e+03
2.800000e-07	-5.795843e-06	-2.469137e-08	-4.124035e+01	-1.463856e+03
2.900000e-07	-5.730815e-06	-2.462279e-08	-4.077764e+01	-1.460636e+03
3.000000e-07	-5.663668e-06	-2.455967e-08	-4.029986e+01	-1.457314e+03
3.100000e-07	-5.594417e-06	-2.450064e-08	-3.980710e+01	-1.453925e+03
3.200000e-07	-5.523153e-06	-2.443973e-08	-3.930002e+01	-1.450488e+03
3.300000e-07	-5.449896e-06	-2.436667e-08	-3.877876e+01	-1.447000e+03
3.400000e-07	-5.374528e-06	-2.434248e-08	-3.824248e+01	-1.443437e+03
3.500000e-07	-5.297015e-06	-2.428537e-08	-3.769094e+01	-1.439764e+03
3.600000e-07	-5.217277e-06	-2.420233e-08	-3.712356e+01	-1.435946e+03
3.700000e-07	-5.135482e-06	-2.413465e-08	-3.654155e+01	-1.431959e+03
3.800000e-07	-5.051972e-06	-2.405830e-08	-3.594733e+01	-1.427805e+03
3.900000e-07	-4.966879e-06	-2.398850e-08	-3.534185e+01	-1.423506e+03
4.000000e-07	-4.880221e-06	-2.391097e-08	-3.472524e+01	-1.419097e+03
4.100000e-07	-4.791941e-06	-2.384526e-08	-3.409708e+01	-1.414612e+03
4.200000e-07	-4.701930e-06	-2.377670e-08	-3.345661e+01	-1.410072e+03
4.300000e-07	-4.610067e-06	-2.370380e-08	-3.280295e+01	-1.405475e+03
4.400000e-07	-4.516512e-06	-2.361994e-08	-3.213727e+01	-1.400794e+03
4.500000e-07	-4.421372e-06	-2.352628e-08	-3.146029e+01	-1.395992e+03
4.600000e-07	-4.324647e-06	-2.344318e-08	-3.077205e+01	-1.391033e+03
4.700000e-07	-4.226309e-06	-2.335910e-08	-3.007232e+01	-1.385896e+03
4.800000e-07	-4.126389e-06	-2.327280e-08	-2.936134e+01	-1.380584e+03
4.900000e-07	-4.025093e-06	-2.318064e-08	-2.864057e+01	-1.375124e+03
5.000000e-07	-3.922399e-06	-2.309201e-08	-2.790985e+01	-1.369554e+03
5.100000e-07	-3.818255e-06	-2.300349e-08	-2.716881e+01	-1.363905e+03
5.200000e-07	-3.712822e-06	-2.290269e-08	-2.641861e+01	-1.358195e+03
5.300000e-07	-3.605994e-06	-2.279790e-08	-2.565847e+01	-1.352413e+03
5.400000e-07	-3.497745e-06	-2.269669e-08	-2.488822e+01	-1.346527e+03
5.500000e-07	-3.388320e-06	-2.260102e-08	-2.410961e+01	-1.340493e+03
5.600000e-07	-3.277762e-06	-2.249889e-08	-2.332293e+01	-1.334275e+03
5.700000e-07	-3.166051e-06	-2.238905e-08	-2.252805e+01	-1.327860e+03
5.800000e-07	-3.053209e-06	-2.227738e-08	-2.172513e+01	-1.321259e+03
5.900000e-07	-2.939182e-06	-2.216701e-08	-2.091376e+01	-1.314507e+03
6.000000e-07	-2.823869e-06	-2.205314e-08	-2.009325e+01	-1.307647e+03
6.100000e-07	-2.707361e-06	-2.193302e-08	-1.926424e+01	-1.300713e+03
6.200000e-07	-2.589842e-06	-2.181691e-08	-1.842803e+01	-1.293712e+03
6.300000e-07	-2.471443e-06	-2.170403e-08	-1.758556e+01	-1.286621e+03
6.400000e-07	-2.352160e-06	-2.158357e-08	-1.673681e+01	-1.279396e+03
6.500000e-07	-2.231996e-06	-2.145217e-08	-1.588178e+01	-1.271985e+03
6.600000e-07	-2.111072e-06	-2.131993e-08	-1.502134e+01	-1.264349e+03
6.700000e-07	-1.989495e-06	-2.118964e-08	-1.415626e+01	-1.256477e+03
6.800000e-07	-1.867199e-06	-2.105528e-08	-1.328606e+01	-1.248389e+03
6.900000e-07	-1.744060e-06	-2.091416e-08	-1.240987e+01	-1.240129e+03
7.000000e-07	-1.620149e-06	-2.077363e-08	-1.152818e+01	-1.231740e+03
7.100000e-07	-1.495644e-06	-2.063617e-08	-1.064226e+01	-1.223250e+03
7.200000e-07	-1.370715e-06	-2.049288e-08	-9.753332e+00	-1.214654e+03
7.300000e-07	-1.245396e-06	-2.033997e-08	-8.861623e+00	-1.205916e+03
7.400000e-07	-1.119666e-06	-2.018424e-08	-7.966991e+00	-1.196975e+03
7.500000e-07	-9.935600e-07	-2.003133e-08	-7.069681e+00	-1.187775e+03
7.600000e-07	-8.671247e-07	-1.987427e-08	-6.170030e+00	-1.178280e+03
7.700000e-07	-7.404201e-07	-1.970889e-08	-5.268463e+00	-1.168489e+03
7.800000e-07	-6.135003e-07	-1.953989e-08	-4.365364e+00	-1.158435e+03
7.900000e-07	-4.863728e-07	-1.937149e-08	-3.460788e+00	-1.148167e+03
8.000000e-07	-3.590914e-07	-1.919779e-08	-2.555117e+00	-1.137721e+03
8.100000e-07	-2.316842e-07	-1.901425e-08	-1.648550e+00	-1.127102e+03
8.200000e-07	-1.041696e-07	-1.882714e-08	-7.412196e-01	-1.116263e+03
8.300000e-07	2.336788e-08	-1.863967e-08	1.662743e-01	-1.105115e+03
8.400000e-07	1.508987e-07	-1.844807e-08	1.073720e+00	-1.093547e+03
8.500000e-07	2.783925e-07	-1.824530e-08	1.980903e+00	-1.081460e+03
8.600000e-07	4.057767e-07	-1.803224e-08	2.887306e+00	-1.068794e+03
8.700000e-07	5.330478e-07	-1.781201e-08	3.792904e+00	-1.055552e+03
8.800000e-07	6.601568e-07	-1.758169e-08	4.697349e+00	-1.041794e+03
8.900000e-07	7.869726e-07	-1.733935e-08	5.599708e+00	-1.027613e+03
9.000000e-07	9.134560e-07	-1.709003e-08	6.499700e+00	-1.013106e+03
9.100000e-07	1.039653e-06	-1.684088e-08	7.397654e+00	-9.983354e+02
9.200000e-07	1.165538e-06	-1.659106e-08	8.293390e+00	-9.833037e+02
9.300000e-07	1.291045e-06	-1.633306e-08	9.186439e+00	-9.679515e+02
9.400000e-07	1.416150e-06	-1.606409e-08	1.007662e+01	-9.521693e+02
9.500000e-07	1.540801e-06	-1.578697e-08	1.096357e+01	-9.358226e+02
9.600000e-07	1.664978e-06	-1.549925e-08	1.184716e+01	-9.187770e+02
9.700000e-07	1.788570e-06	-1.519786e-08	1.272658e+01	-9.009118e+02
9.800000e-07	1.911396e-06	-1.488019e-08	1.360055e+01	-8.821176e+02
9.900000e-07	2.033405e-06	-1.454453e-08	1.446870e+01	-8.622770e+02
1.000000e-06	2.154639e-06	-1.418843e-08	1.533135e+01	-8.412379e+02
1.010000e-06	2.275145e-06	-1.380810e-08	1.618880e+01	-8.187880e+02
1.020000e-06	2.394873e-06	-1.339927e-08	1.704073e+01	-7.946419e+02
1.030000e-06	2.513683e-06	-1.295619e-08	1.788612e+01	-7.684419e+02
1.040000e-06	2.631591e-06	-1.247162e-08	1.872510e+01	-7.397709e+02
1.050000e-06	2.748577e-06	-1.193454e-08	1.955751e+01	-7.081672e+02
1.060000e-06	2.864475e-06	-1.133652e-08	2.038219e+01	-6.731331e+02
1.070000e-06	2.979102e-06	-1.067136e-08	2.119781e+01	-6.341300e+02
1.080000e-06	3.092436e-06	-9.930689e-09	2.200424e+01	-5.905646e+02
1.090000e-06	3.204617e-06	-9.099840e-09	2.280247e+01	-5.417776e+02
1.100000e-06	3.315643e-06	-8.167822e-09	2.359248e+01	-4.870517e+02
1.110000e-06	3.425566e-06	-7.124895e-09	2.437463e+01	-4.256561e+02
1.120000e-06	3.534475e-06	-5.958152e-09	2.514957e+01	-3.569340e+02
1.130000e-06	3.642217e-06	-4.657693e-09	2.591621e+01	-2.804284e+02
1.140000e-06	3.748543e-06	-3.222603e-09	2.667278e+01	-1.960242e+02
1.150000e-06	3.853384e-06	-1.661618e-09	2.741878e+01	-1.040741e+02
1.160000e-06	3.956816e-06	1.267836e-11	2.815474e+01	-5.475444e+00
1.170000e-06	4.058933e-06	1.775765e-09	2.888136e+01	9.833128e+01
1.180000e-06	4.159706e-06	3.592580e-09	2.959841e+01	2.054513e+02
1.190000e-06	4.258919e-06	5.423336e-09	3.030436e+01	3.137022e+02
1.200000e-06	4.356418e-06	7.229536e-09	3.099811e+01	4.208294e+02
1.210000e-06	4.452218e-06	8.976135e-09	3.167978e+01	5.247287e+02
1.220000e-06	4.546491e-06	1.063487e-08	3.235058e+01	6.236347e+02
1.230000e-06	4.639339e-06	1.218828e-08	3.301124e+01	7.162422e+02
1.240000e-06	4.730642e-06	1.362582e-08	3.366091e+01	8.017461e+02
1.250000e-06	4.820212e-06	1.493936e-08	3.429824e+01	8.798049e+02
1.260000e-06	4.908004e-06	1.612481e-08	3.492292e+01	9.504499e+02
1.270000e-06	4.994116e-06	1.718584e-08	3.553566e+01	1.013969e+03
1.280000e-06	5.078609e-06	1.813376e-08	3.613687e+01	1.070796e+03
1.290000e-06	5.161292e-06	1.897804e-08	3.672520e+01	1.121428e+03
1.300000e-06	5.242001e-06	1.972623e-08	3.729948e+01	1.166374e+03
1.310000e-06	5.320823e-06	2.038812e-08	3.786034e+01	1.206141e+03
1.320000e-06	5.397772e-06	2.097451e-08	3.840787e+01	1.241227e+03
1.330000e-06	5.472628e-06	2.149110e-08	3.894051e+01	1.272132e+03
1.340000e-06	5.545329e-06	2.194357e-08	3.945782e+01	1.299353e+03
1.350000e-06	5.616058e-06	2.234376e-08	3.996109e+01	1.323370e+03
1.360000e-06	5.684866e-06	2.269877e-08	4.045069e+01	1.344626e+03
1.370000e-06	5.751550e-06	2.301298e-08	4.092518e+01	1.363507e+03
1.380000e-06	5.816078e-06	2.329180e-08	4.138433e+01	1.380328e+03
1.390000e-06	5.878678e-06	2.354026e-08	4.182976e+01	1.395337e+03
1.400000e-06	5.939356e-06	2.376167e-08	4.226152e+01	1.408724e+03
1.410000e-06	5.997868e-06	2.395816e-08	4.267786e+01	1.420645e+03
1.420000e-06	6.054168e-06	2.413308e-08	4.307846e+01	1.431243e+03
1.430000e-06	6.108322e-06	2.428914e-08	4.346379e+01	1.440661e+03
1.440000e-06	6.160017e-06	2.442834e-08	4.383163e+01	1.449048e+03
1.450000e-06	6.209110e-06	2.455137e-08	4.418096e+01	1.456549e+03
1.460000e-06	6.255866e-06	2.466005e-08	4.451364e+01	1.463296e+03
1.470000e-06	6.300568e-06	2.475962e-08	4.483172e+01	1.469394e+03
1.480000e-06	6.343051e-06	2.485064e-08	4.513401e+01	1.474914e+03
1.490000e-06	6.383155e-06	2.493170e-08	4.541937e+01	1.479901e+03
1.500000e-06	6.421066e-06	2.500636e-08	4.568912e+01	1.484378e+03
1.510000e-06	6.456865e-06	2.507509e-08	4.594386e+01	1.488367e+03
1.520000e-06	6.490272e-06	2.513375e-08	4.618156e+01	1.491892e+03
1.530000e-06	6.521259e-06	2.518165e-08	4.640205e+01	1.494995e+03
1.540000e-06	6.550150e-06	2.522435e-08	4.660762e+01	1.497726e+03
1.550000e-06	6.576735e-06	2.526520e-08	4.679679e+01	1.500138e+03
1.560000e-06	6.600841e-06	2.530202e-08	4.696832e+01	1.502277e+03
1.570000e-06	6.622661e-06	2.533181e-08	4.712358e+01	1.504174e+03
1.580000e-06	6.642279e-06	2.535714e-08	4.726317e+01	1.505839e+03
1.590000e-06	6.659464e-06	2.537982e-08	4.738545e+01	1.507270e+03
1.600000e-06	6.674154e-06	2.539662e-08	4.748998e+01	1.508459e+03
1.610000e-06	6.686410e-06	2.540762e-08	4.757719e+01	1.509401e+03
1.620000e-06	6.696039e-06	2.541723e-08	4.764570e+01	1.510106e+03
1.630000e-06	6.703173e-06	2.542767e-08	4.769646e+01	1.510597e+03
1.640000e-06	6.708125e-06	2.543402e-08	4.773170e+01	1.510909e+03
1.650000e-06	6.710703e-06	2.543532e-08	4.775004e+01	1.511080e+03
1.660000e-06	6.710803e-06	2.543486e-08	4.775075e+01	1.511137e+03
1.670000e-06	6.708766e-06	2.543686e-08	4.773626e+01	1.511094e+03
1.680000e-06	6.704681e-06	2.543383e-08	4.770719e+01	1.510944e+03
1.690000e-06	6.698276e-06	2.542428e-08	4.766162e+01	1.510668e+03
1.700000e-06	6.689602e-06	2.541351e-08	4.759990e+01	1.510238e+03
1.710000e-06	6.678857e-06	2.540449e-08	4.752344e+01	1.509635e+03
1.720000e-06	6.665773e-06	2.539144e-08	4.743034e+01	1.508851e+03
1.730000e-06	6.650365e-06	2.536524e-08	4.732070e+01	1.507898e+03
1.740000e-06	6.632984e-06	2.538623e-08	4.719703e+01	1.506802e+03
1.750000e-06	6.613343e-06	2.540869e-08	4.705727e+01	1.505597e+03
1.760000e-06	6.590642e-06	2.535166e-08	4.689575e+01	1.504317e+03
1.770000e-06	6.564873e-06	2.528940e-08	4.671238e+01	1.502980e+03
1.780000e-06	6.536674e-06	2.524168e-08	4.651174e+01	1.501587e+03
1.790000e-06	6.506383e-06	2.518102e-08	4.629620e+01	1.500120e+03
1.800000e-06	6.474379e-06	2.524797e-08	4.606847e+01	1.498548e+03
1.810000e-06	6.440620e-06	2.523563e-08	4.582826e+01	1.496841e+03
1.820000e-06	6.404698e-06	2.511067e-08	4.557266e+01	1.494978e+03
1.830000e-06	6.366577e-06	2.516232e-08	4.530141e+01	1.492957e+03
1.840000e-06	6.326146e-06	2.508792e-08	4.501373e+01	1.490794e+03
1.850000e-06	6.283514e-06	2.502020e-08	4.471038e+01	1.488522e+03
1.860000e-06	6.238797e-06	2.500510e-08	4.439219e+01	1.486177e+03
1.870000e-06	6.191680e-06	2.489268e-08	4.405693e+01	1.483790e+03
1.880000e-06	6.142342e-06	2.495476e-08	4.370586e+01	1.481372e+03
1.890000e-06	6.090669e-06	2.492091e-08	4.333819e+01	1.478911e+03
1.900000e-06	6.036403e-06	2.483327e-08	4.295206e+01	1.476381e+03
1.910000e-06	5.979942e-06	2.481527e-08	4.255031e+01	1.473743e+03
1.920000e-06	5.921347e-06	2.470329e-08	4.213337e+01	1.470963e+03
1.930000e-06	5.860566e-06	2.469988e-08	4.170089e+01	1.468023e+03
1.940000e-06	5.797611e-06	2.463688e-08	4.125293e+01	1.464927e+03
1.950000e-06	5.732546e-06	2.457124e-08	4.078996e+01	1.461699e+03
1.960000e-06	5.665557e-06	2.456186e-08	4.031330e+01	1.458372e+03
1.970000e-06	5.596322e-06	2.448883e-08	3.982066e+01	1.454979e+03
1.980000e-06	5.524874e-06	2.444987e-08	3.931227e+01	1.451538e+03
1.990000e-06	5.451487e-06	2.431775e-08	3.879008e+01	1.448045e+03
2.000000e-06	5.376066e-06	2.428357e-08	3.825342e+01	1.444476e+03
2.010000e-06	5.298426e-06	2.425047e-08	3.770098e+01	1.440794e+03
2.020000e-06	5.218692e-06	2.416493e-08	3.713363e+01	1.436964e+03
2.030000e-06	5.137248e-06	2.411905e-08	3.655412e+01	1.432966e+03
2.040000e-06	5.054045e-06	2.402834e-08	3.596208e+01	1.428800e+03
2.050000e-06	4.968938e-06	2.398199e-08	3.535650e+01	1.424492e+03
2.060000e-06	4.881919e-06	2.387729e-08	3.473732e+01	1.420076e+03
2.070000e-06	4.793219e-06	2.379243e-08	3.410618e+01	1.415587e+03
2.080000e-06	4.702951e-06	2.372687e-08	3.346387e+01	1.411044e+03
2.090000e-06	4.611104e-06	2.365660e-08	3.281033e+01	1.406441e+03
2.100000e-06	4.517576e-06	2.359113e-08	3.214484e+01	1.401753e+03
2.110000e-06	4.422298e-06	2.348860e-08	3.146688e+01	1.396941e+03
2.120000e-06	4.325544e-06	2.341547e-08	3.077843e+01	1.391970e+03
2.130000e-06	4.227382e-06	2.332330e-08	3.007996e+01	1.386820e+03
2.140000e-06	4.127754e-06	2.323124e-08	2.937105e+01	1.381497e+03
2.150000e-06	4.026508e-06	2.313013e-08	2.865064e+01	1.376028e+03
2.160000e-06	3.923554e-06	2.304091e-08	2.791807e+01	1.370451e+03
2.170000e-06	3.819167e-06	2.296450e-08	2.717530e+01	1.364798e+03
2.180000e-06	3.713553e-06	2.286464e-08	2.642381e+01	1.359084e+03
2.190000e-06	3.606737e-06	2.275892e-08	2.566375e+01	1.353295e+03
2.200000e-06	3.498721e-06	2.265462e-08	2.489516e+01	1.347400e+03
2.210000e-06	3.389513e-06	2.256063e-08	2.411810e+01	1.341354e+03
2.220000e-06	3.278937e-06	2.245282e-08	2.333129e+01	1.335122e+03
2.230000e-06	3.167077e-06	2.233652e-08	2.253535e+01	1.328693e+03
2.240000e-06	3.054060e-06	2.222502e-08	2.173118e+01	1.322080e+03
2.250000e-06	2.939892e-06	2.212234e-08	2.091882e+01	1.315319e+03
2.260000e-06	2.824629e-06	2.200699e-08	2.009867e+01	1.308453e+03
2.270000e-06	2.708235e-06	2.188075e-08	1.927046e+01	1.301514e+03
2.280000e-06	2.590675e-06	2.175689e-08	1.843396e+01	1.294508e+03
2.290000e-06	2.471951e-06	2.164302e-08	1.758918e+01	1.287409e+03
2.300000e-06	2.352301e-06	2.152246e-08	1.673781e+01	1.280173e+03
2.310000e-06	2.231884e-06	2.138953e-08	1.588098e+01	1.272746e+03
2.320000e-06	2.110741e-06	2.126224e-08	1.501899e+01	1.265093e+03
2.330000e-06	1.988912e-06	2.113674e-08	1.415211e+01	1.257205e+03
2.340000e-06	1.866400e-06	2.100211e-08	1.328038e+01	1.249104e+03
2.350000e-06	1.743249e-06	2.085209e-08	1.240410e+01	1.240832e+03
2.360000e-06	1.619518e-06	2.070975e-08	1.152369e+01	1.232436e+03
2.370000e-06	1.495230e-06	2.057494e-08	1.063932e+01	1.223939e+03
2.380000e-06	1.370432e-06	2.043201e-08	9.751317e+00	1.215335e+03
2.390000e-06	1.245163e-06	2.027937e-08	8.859965e+00	1.206584e+03
2.400000e-06	1.119430e-06	2.012705e-08	7.965308e+00	1.197627e+03
2.410000e-06	9.932101e-07	1.997772e-08	7.067191e+00	1.188407e+03
2.420000e-06	8.665217e-07	1.981631e-08	6.165739e+00	1.178890e+03
2.430000e-06	7.394462e-07	1.964443e-08	5.261533e+00	1.169079e+03
2.440000e-06	6.120758e-07	1.947321e-08	4.355229e+00	1.159008e+03
2.450000e-06	4.845174e-07	1.930565e-08	3.447586e+00	1.148726e+03
2.460000e-06	3.568300e-07	1.913401e-08	2.539025e+00	1.138269e+03
2.470000e-06	2.290138e-07	1.895133e-08	1.629549e+00	1.127636e+03
2.480000e-06	1.010782e-07	1.876520e-08	7.192228e-01	1.116778e+03
2.490000e-06	-2.692216e-08	1.857837e-08	-1.915647e-01	1.105604e+03
2.500000e-06	-1.549063e-07	1.838480e-08	-1.102236e+00	1.094002e+03
2.510000e-06	-2.828145e-07	1.817926e-08	-2.012368e+00	1.081875e+03
2.520000e-06	-4.106145e-07	1.796386e-08	-2.921730e+00	1.069167e+03
2.530000e-06	-5.382759e-07	1.774306e-08	-3.830105e+00	1.055886e+03
2.540000e-06	-6.657535e-07	1.751234e-08	-4.737172e+00	1.042094e+03
2.550000e-06	-7.929883e-07	1.727079e-08	-5.642513e+00	1.027887e+03
2.560000e-06	-9.198811e-07	1.702425e-08	-6.545419e+00	1.013360e+03
2.570000e-06	-1.046330e-06	1.677792e-08	-7.445164e+00	9.985710e+02
2.580000e-06	-1.172346e-06	1.652770e-08	-8.341831e+00	9.835191e+02
2.590000e-06	-1.297901e-06	1.626784e-08	-9.235221e+00	9.681403e+02
2.600000e-06	-1.422971e-06	1.600101e-08	-1.012516e+01	9.523224e+02
2.610000e-06	-1.547506e-06	1.572808e-08	-1.101129e+01	9.359303e+02
2.620000e-06	-1.671408e-06	1.544330e-08	-1.189291e+01	9.188299e+02
2.630000e-06	-1.794721e-06	1.514037e-08	-1.277035e+01	9.009021e+02
2.640000e-06	-1.917427e-06	1.482091e-08	-1.364346e+01	8.820373e+02
2.650000e-06	-2.039377e-06	1.448585e-08	-1.451120e+01	8.621168e+02
2.660000e-06	-2.160583e-06	1.413187e-08	-1.537364e+01	8.409848e+02
2.670000e-06	-2.281104e-06	1.375315e-08	-1.623121e+01	8.184242e+02
2.680000e-06	-2.400876e-06	1.334550e-08	-1.708345e+01	7.941441e+02
2.690000e-06	-2.519766e-06	1.290496e-08	-1.792941e+01	7.677821e+02
2.700000e-06	-2.637641e-06	1.242433e-08	-1.876815e+01	7.389173e+02
2.710000e-06	-2.754419e-06	1.189448e-08	-1.959908e+01	7.070856e+02
2.720000e-06	-2.870035e-06	1.130549e-08	-2.042175e+01	6.717865e+02
2.730000e-06	-2.984495e-06	1.065087e-08	-2.123619e+01	6.324780e+02
2.740000e-06	-3.097790e-06	9.919908e-09	-2.204234e+01	5.885623e+02
2.750000e-06	-3.209828e-06	9.098761e-09	-2.283955e+01	5.393755e+02
2.760000e-06	-3.320550e-06	8.176119e-09	-2.362739e+01	4.841972e+02
2.770000e-06	-3.429964e-06	7.142925e-09	-2.440593e+01	4.222985e+02
2.780000e-06	-3.538198e-06	5.989630e-09	-2.517606e+01	3.530324e+02
2.790000e-06	-3.645356e-06	4.705787e-09	-2.593855e+01	2.759616e+02
2.800000e-06	-3.751363e-06	3.289583e-09	-2.669284e+01	1.910005e+02
2.810000e-06	-3.856082e-06	1.749962e-09	-2.743797e+01	9.853919e+01
2.820000e-06	-3.959491e-06	1.008538e-10	-2.817378e+01	-4.852845e-01
2.830000e-06	-4.061382e-06	-1.638840e-09	-2.889878e+01	-1.045960e+02
2.840000e-06	-4.161647e-06	-3.440940e-09	-2.961222e+01	-2.118712e+02
2.850000e-06	-4.260503e-06	-5.264645e-09	-3.031563e+01	-3.201161e+02
2.860000e-06	-4.357946e-06	-7.065124e-09	-3.100898e+01	-4.270794e+02
2.870000e-06	-4.453895e-06	-8.806897e-09	-3.169171e+01	-5.306756e+02
2.880000e-06	-4.548281e-06	-1.046515e-08	-3.236332e+01	-6.291690e+02
2.890000e-06	-4.640956e-06	-1.201856e-08	-3.302275e+01	-7.212899e+02
2.900000e-06	-4.731989e-06	-1.345100e-08	-3.367049e+01	-8.062682e+02
2.910000e-06	-4.821464e-06	-1.476071e-08	-3.430715e+01	-8.837927e+02
2.920000e-06	-4.909262e-06	-1.595272e-08	-3.493188e+01	-9.539167e+02
2.930000e-06	-4.995193e-06	-1.702714e-08	-3.554332e+01	-1.016942e+03
2.940000e-06	-5.079249e-06	-1.798603e-08	-3.614142e+01	-1.073310e+03
2.950000e-06	-5.161651e-06	-1.883794e-08	-3.672776e+01	-1.123519e+03
2.960000e-06	-5.242356e-06	-1.959347e-08	-3.730201e+01	-1.168079e+03
2.970000e-06	-5.321147e-06	-2.026209e-08	-3.786264e+01	-1.207494e+03
2.980000e-06	-5.397831e-06	-2.085079e-08	-3.840829e+01	-1.242265e+03
2.990000e-06	-5.472376e-06	-2.136936e-08	-3.893872e+01	-1.272891e+03
3.000000e-06	-5.544923e-06	-2.182981e-08	-3.945492e+01	-1.299867e+03
3.010000e-06	-5.615448e-06	-2.223943e-08	-3.995675e+01	-1.323673e+03
3.020000e-06	-5.683890e-06	-2.260070e-08	-4.044375e+01	-1.344747e+03
3.030000e-06	-5.750292e-06	-2.291845e-08	-4.091623e+01	-1.363471e+03
3.040000e-06	-5.814742e-06	-2.320198e-08	-4.137482e+01	-1.380155e+03
3.050000e-06	-5.877168e-06	-2.345494e-08	-4.181902e+01	-1.395043e+03
3.060000e-06	-5.937383e-06	-2.367921e-08	-4.224748e+01	-1.408320e+03
3.070000e-06	-5.995412e-06	-2.387842e-08	-4.266038e+01	-1.420141e+03
3.080000e-06	-6.051444e-06	-2.405852e-08	-4.305908e+01	-1.430650e+03
3.090000e-06	-6.105321e-06	-2.422373e-08	-4.344244e+01	-1.439989e+03
3.100000e-06	-6.156721e-06	-2.437220e-08	-4.380818e+01	-1.448308e+03
3.110000e-06	-6.205556e-06	-2.450121e-08	-4.415567e+01	-1.455752e+03
3.120000e-06	-6.251923e-06	-2.461507e-08	-4.448559e+01	-1.462449e+03
3.130000e-06	-6.296215e-06	-2.471877e-08	-4.480075e+01	-1.468503e+03
3.140000e-06	-6.338548e-06	-2.481164e-08	-4.510197e+01	-1.473985e+03
3.150000e-06	-6.378821e-06	-2.489296e-08	-4.538853e+01	-1.478934e+03
3.160000e-06	-6.416868e-06	-2.496688e-08	-4.565926e+01	-1.483376e+03
3.170000e-06	-6.452557e-06	-2.503776e-08	-4.591320e+01	-1.487330e+03
3.180000e-06	-6.486021e-06	-2.510199e-08	-4.615132e+01	-1.490824e+03
3.190000e-06	-6.517230e-06	-2.515616e-08	-4.637338e+01	-1.493899e+03
3.200000e-06	-6.546005e-06	-2.520213e-08	-4.657813e+01	-1.496605e+03
3.210000e-06	-6.572423e-06	-2.524489e-08	-4.676611e+01	-1.498996e+03
3.220000e-06	-6.596647e-06	-2.528163e-08	-4.693847e+01	-1.501117e+03
3.230000e-06	-6.618480e-06	-2.531018e-08	-4.709383e+01	-1.502997e+03
3.240000e-06	-6.637933e-06	-2.533684e-08	-4.723225e+01	-1.504646e+03
3.250000e-06	-6.655223e-06	-2.536511e-08	-4.735527e+01	-1.506060e+03
3.260000e-06	-6.670146e-06	-2.539107e-08	-4.746146e+01	-1.507231e+03
3.270000e-06	-6.682371e-06	-2.540776e-08	-4.754845e+01	-1.508155e+03
3.280000e-06	-6.692060e-06	-2.541830e-08	-4.761739e+01	-1.508844e+03
3.290000e-06	-6.699349e-06	-2.542855e-08	-4.766925e+01	-1.509321e+03
3.300000e-06	-6.704138e-06	-2.543719e-08	-4.770333e+01	-1.509622e+03
3.310000e-06	-6.706634e-06	-2.544055e-08	-4.772108e+01	-1.509784e+03
