7.761668e+02
7.867723e+02
7.892694e+02
7.923510e+02
7.982510e+02
7.965554e+02
7.943714e+02
7.999614e+02
7.977958e+02
7.973036e+02
8.013951e+02
7.891746e+02
7.805281e+02
7.754502e+02
7.713400e+02
7.667859e+02
7.636718e+02
7.591323e+02
7.604209e+02
7.606205e+02
7.591055e+02
7.545613e+02
7.504913e+02
7.429750e+02
7.438917e+02
7.412402e+02
7.452148e+02
7.423536e+02
7.390218e+02
7.370250e+02
7.335578e+02
7.349507e+02
7.294255e+02
7.308931e+02
7.265067e+02
7.246963e+02
7.262577e+02
7.222265e+02
7.219275e+02
7.168300e+02
7.182275e+02
7.183169e+02
7.103565e+02
7.135929e+02
7.121019e+02
7.060644e+02
7.005577e+02
6.954481e+02
6.925773e+02
6.868315e+02
6.572325e+02
6.542131e+02
6.716532e+02
6.686305e+02
6.420322e+02
6.331132e+02
6.310078e+02
