# Temperatura_=_53.53
# Concentracion g/m^3_=_22500.0
# C_Vs_to_Am_M_A/Vsm_=_59384043850.047264
# pendiente_HvsI_1/m_=_3716.3
# ordenada_HvsI_A/m_=_1297.0
# frecuencia_Hz_=_301527.1807718979

Tiempo_(s)	Campo_(V.s)	Magnetizacion_(V.s)	Campo_(kA/m)	Magnetizacion_(A/m)
0.000000e+00	-6.721404e-06	-2.475357e-08	-4.763826e+01	-1.469033e+03
1.000000e-08	-6.718412e-06	-2.474762e-08	-4.761705e+01	-1.468676e+03
2.000000e-08	-6.713067e-06	-2.473750e-08	-4.757917e+01	-1.468143e+03
3.000000e-08	-6.705677e-06	-2.472357e-08	-4.752680e+01	-1.467408e+03
4.000000e-08	-6.696110e-06	-2.470926e-08	-4.745899e+01	-1.466463e+03
5.000000e-08	-6.684103e-06	-2.469043e-08	-4.737388e+01	-1.465319e+03
6.000000e-08	-6.669657e-06	-2.466499e-08	-4.727150e+01	-1.463998e+03
7.000000e-08	-6.652760e-06	-2.463797e-08	-4.715174e+01	-1.462521e+03
8.000000e-08	-6.633562e-06	-2.460384e-08	-4.701567e+01	-1.460898e+03
9.000000e-08	-6.612046e-06	-2.457064e-08	-4.686318e+01	-1.459127e+03
1.000000e-07	-6.587875e-06	-2.454301e-08	-4.669187e+01	-1.457195e+03
1.100000e-07	-6.561025e-06	-2.451939e-08	-4.650156e+01	-1.455090e+03
1.200000e-07	-6.531875e-06	-2.449076e-08	-4.629496e+01	-1.452807e+03
1.300000e-07	-6.500884e-06	-2.445149e-08	-4.607531e+01	-1.450353e+03
1.400000e-07	-6.468218e-06	-2.440179e-08	-4.584379e+01	-1.447744e+03
1.500000e-07	-6.433580e-06	-2.434617e-08	-4.559829e+01	-1.444997e+03
1.600000e-07	-6.396702e-06	-2.429903e-08	-4.533692e+01	-1.442117e+03
1.700000e-07	-6.357778e-06	-2.423926e-08	-4.506104e+01	-1.439091e+03
1.800000e-07	-6.316661e-06	-2.417886e-08	-4.476963e+01	-1.435892e+03
1.900000e-07	-6.273056e-06	-2.413621e-08	-4.446057e+01	-1.432484e+03
2.000000e-07	-6.227191e-06	-2.407876e-08	-4.413550e+01	-1.428840e+03
2.100000e-07	-6.178999e-06	-2.401404e-08	-4.379394e+01	-1.424950e+03
2.200000e-07	-6.128184e-06	-2.394348e-08	-4.343379e+01	-1.420830e+03
2.300000e-07	-6.074839e-06	-2.385953e-08	-4.305570e+01	-1.416516e+03
2.400000e-07	-6.019167e-06	-2.378207e-08	-4.266112e+01	-1.412047e+03
2.500000e-07	-5.961264e-06	-2.370593e-08	-4.225074e+01	-1.407449e+03
2.600000e-07	-5.901166e-06	-2.363034e-08	-4.182479e+01	-1.402726e+03
2.700000e-07	-5.838955e-06	-2.355060e-08	-4.138386e+01	-1.397851e+03
2.800000e-07	-5.774724e-06	-2.347490e-08	-4.092862e+01	-1.392776e+03
2.900000e-07	-5.708384e-06	-2.338589e-08	-4.045843e+01	-1.387453e+03
3.000000e-07	-5.639865e-06	-2.327495e-08	-3.997280e+01	-1.381847e+03
3.100000e-07	-5.569262e-06	-2.316976e-08	-3.947240e+01	-1.375953e+03
3.200000e-07	-5.496690e-06	-2.306143e-08	-3.895804e+01	-1.369794e+03
3.300000e-07	-5.422085e-06	-2.295396e-08	-3.842928e+01	-1.363410e+03
3.400000e-07	-5.345314e-06	-2.285391e-08	-3.788516e+01	-1.356841e+03
3.500000e-07	-5.266412e-06	-2.275720e-08	-3.732593e+01	-1.350105e+03
3.600000e-07	-5.185359e-06	-2.265232e-08	-3.675147e+01	-1.343192e+03
3.700000e-07	-5.102397e-06	-2.252672e-08	-3.616348e+01	-1.336064e+03
3.800000e-07	-5.017820e-06	-2.238377e-08	-3.556403e+01	-1.328672e+03
3.900000e-07	-4.931624e-06	-2.223380e-08	-3.495311e+01	-1.320974e+03
4.000000e-07	-4.843792e-06	-2.209021e-08	-3.433060e+01	-1.312955e+03
4.100000e-07	-4.754292e-06	-2.195884e-08	-3.369626e+01	-1.304627e+03
4.200000e-07	-4.663031e-06	-2.183218e-08	-3.304945e+01	-1.296029e+03
4.300000e-07	-4.570018e-06	-2.170311e-08	-3.239021e+01	-1.287203e+03
4.400000e-07	-4.475380e-06	-2.156216e-08	-3.171946e+01	-1.278176e+03
4.500000e-07	-4.379102e-06	-2.140066e-08	-3.103709e+01	-1.268947e+03
4.600000e-07	-4.281139e-06	-2.121919e-08	-3.034277e+01	-1.259482e+03
4.700000e-07	-4.181560e-06	-2.103399e-08	-2.963700e+01	-1.249731e+03
4.800000e-07	-4.080485e-06	-2.085960e-08	-2.892063e+01	-1.239643e+03
4.900000e-07	-3.978009e-06	-2.069499e-08	-2.819432e+01	-1.229189e+03
5.000000e-07	-3.874184e-06	-2.053075e-08	-2.745846e+01	-1.218371e+03
5.100000e-07	-3.769010e-06	-2.035503e-08	-2.671303e+01	-1.207220e+03
5.200000e-07	-3.662407e-06	-2.016500e-08	-2.595748e+01	-1.195777e+03
5.300000e-07	-3.554408e-06	-1.995950e-08	-2.519203e+01	-1.184076e+03
5.400000e-07	-3.445169e-06	-1.974279e-08	-2.441779e+01	-1.172122e+03
5.500000e-07	-3.334793e-06	-1.952427e-08	-2.363550e+01	-1.159889e+03
5.600000e-07	-3.223283e-06	-1.931585e-08	-2.284517e+01	-1.147326e+03
5.700000e-07	-3.110542e-06	-1.911167e-08	-2.204611e+01	-1.134380e+03
5.800000e-07	-2.996524e-06	-1.889868e-08	-2.123800e+01	-1.121019e+03
5.900000e-07	-2.881325e-06	-1.866883e-08	-2.042152e+01	-1.107241e+03
6.000000e-07	-2.764963e-06	-1.842561e-08	-1.959680e+01	-1.093078e+03
6.100000e-07	-2.647441e-06	-1.817504e-08	-1.876386e+01	-1.078577e+03
6.200000e-07	-2.528943e-06	-1.792045e-08	-1.792400e+01	-1.063779e+03
6.300000e-07	-2.409647e-06	-1.766810e-08	-1.707849e+01	-1.048693e+03
6.400000e-07	-2.289518e-06	-1.741338e-08	-1.622707e+01	-1.033292e+03
6.500000e-07	-2.168480e-06	-1.715146e-08	-1.536920e+01	-1.017516e+03
6.600000e-07	-2.046573e-06	-1.687889e-08	-1.450518e+01	-1.001299e+03
6.700000e-07	-1.923923e-06	-1.659502e-08	-1.363589e+01	-9.845926e+02
6.800000e-07	-1.800623e-06	-1.630310e-08	-1.276200e+01	-9.673869e+02
6.900000e-07	-1.676682e-06	-1.600741e-08	-1.188356e+01	-9.497114e+02
7.000000e-07	-1.552079e-06	-1.570863e-08	-1.100043e+01	-9.316179e+02
7.100000e-07	-1.426907e-06	-1.540351e-08	-1.011327e+01	-9.131520e+02
7.200000e-07	-1.301285e-06	-1.508691e-08	-9.222916e+00	-8.943234e+02
7.300000e-07	-1.175245e-06	-1.475730e-08	-8.329605e+00	-8.750916e+02
7.400000e-07	-1.048821e-06	-1.441785e-08	-7.433566e+00	-8.553725e+02
7.500000e-07	-9.220208e-07	-1.407227e-08	-6.534864e+00	-8.350645e+02
7.600000e-07	-7.949172e-07	-1.372171e-08	-5.634012e+00	-8.140833e+02
7.700000e-07	-6.675649e-07	-1.336300e-08	-4.731397e+00	-7.923876e+02
7.800000e-07	-5.399997e-07	-1.299223e-08	-3.827273e+00	-7.699826e+02
7.900000e-07	-4.122707e-07	-1.260679e-08	-2.921987e+00	-7.468960e+02
8.000000e-07	-2.844602e-07	-1.220559e-08	-2.016124e+00	-7.231339e+02
8.100000e-07	-1.566146e-07	-1.178709e-08	-1.110013e+00	-6.986344e+02
8.200000e-07	-2.870261e-08	-1.135237e-08	-2.034311e-01	-6.732394e+02
8.300000e-07	9.922379e-08	-1.090184e-08	7.032532e-01	-6.467003e+02
8.400000e-07	2.271110e-07	-1.043218e-08	1.609660e+00	-6.187178e+02
8.500000e-07	3.548815e-07	-9.935620e-09	2.515239e+00	-5.889996e+02
8.600000e-07	4.824930e-07	-9.402762e-09	3.419691e+00	-5.573089e+02
8.700000e-07	6.099689e-07	-8.829766e-09	4.323183e+00	-5.234753e+02
8.800000e-07	7.372756e-07	-8.216983e-09	5.225474e+00	-4.873508e+02
8.900000e-07	8.643971e-07	-7.561943e-09	6.126454e+00	-4.487163e+02
9.000000e-07	9.912981e-07	-6.859407e-09	7.025871e+00	-4.071686e+02
9.100000e-07	1.117861e-06	-6.095317e-09	7.922894e+00	-3.620337e+02
9.200000e-07	1.244065e-06	-5.250327e-09	8.817366e+00	-3.123549e+02
9.300000e-07	1.369865e-06	-4.305976e-09	9.708982e+00	-2.569885e+02
9.400000e-07	1.495211e-06	-3.247002e-09	1.059738e+01	-1.948068e+02
9.500000e-07	1.620057e-06	-2.062251e-09	1.148223e+01	-1.249728e+02
9.600000e-07	1.744279e-06	-7.461441e-10	1.236266e+01	-4.722120e+01
9.700000e-07	1.867887e-06	6.951352e-10	1.323873e+01	3.793270e+01
9.800000e-07	1.990874e-06	2.239924e-09	1.411041e+01	1.291215e+02
9.900000e-07	2.113170e-06	3.849024e-09	1.497719e+01	2.242249e+02
1.000000e-06	2.234626e-06	5.479394e-09	1.583801e+01	3.206274e+02
1.010000e-06	2.355164e-06	7.084499e-09	1.669233e+01	4.155794e+02
1.020000e-06	2.474828e-06	8.617770e-09	1.754046e+01	5.065778e+02
1.030000e-06	2.593591e-06	1.004450e-08	1.838220e+01	5.916808e+02
1.040000e-06	2.711446e-06	1.134828e-08	1.921750e+01	6.696877e+02
1.050000e-06	2.828293e-06	1.252688e-08	2.004566e+01	7.401598e+02
1.060000e-06	2.944021e-06	1.358374e-08	2.086589e+01	8.032954e+02
1.070000e-06	3.058525e-06	1.453020e-08	2.167743e+01	8.597139e+02
1.080000e-06	3.171765e-06	1.538121e-08	2.248003e+01	9.102160e+02
1.090000e-06	3.283826e-06	1.614579e-08	2.327427e+01	9.555851e+02
1.100000e-06	3.394742e-06	1.683133e-08	2.406039e+01	9.964698e+02
1.110000e-06	3.504501e-06	1.744516e-08	2.483831e+01	1.033356e+03
1.120000e-06	3.613067e-06	1.799592e-08	2.560777e+01	1.066610e+03
1.130000e-06	3.720462e-06	1.849398e-08	2.636894e+01	1.096546e+03
1.140000e-06	3.826517e-06	1.894599e-08	2.712062e+01	1.123494e+03
1.150000e-06	3.931001e-06	1.935622e-08	2.786115e+01	1.147824e+03
1.160000e-06	4.034067e-06	1.972952e-08	2.859163e+01	1.169934e+03
1.170000e-06	4.135770e-06	2.007184e-08	2.931246e+01	1.190206e+03
1.180000e-06	4.236017e-06	2.038727e-08	3.002296e+01	1.208958e+03
1.190000e-06	4.334686e-06	2.067678e-08	3.072229e+01	1.226409e+03
1.200000e-06	4.431616e-06	2.094377e-08	3.140928e+01	1.242686e+03
1.210000e-06	4.526921e-06	2.119337e-08	3.208476e+01	1.257845e+03
1.220000e-06	4.620756e-06	2.142918e-08	3.274982e+01	1.271921e+03
1.230000e-06	4.713103e-06	2.165190e-08	3.340434e+01	1.284967e+03
1.240000e-06	4.803766e-06	2.185912e-08	3.404692e+01	1.297076e+03
1.250000e-06	4.892552e-06	2.205109e-08	3.467619e+01	1.308378e+03
1.260000e-06	4.979576e-06	2.223101e-08	3.529297e+01	1.319016e+03
1.270000e-06	5.064984e-06	2.239984e-08	3.589830e+01	1.329112e+03
1.280000e-06	5.148685e-06	2.255782e-08	3.649154e+01	1.338741e+03
1.290000e-06	5.230454e-06	2.270726e-08	3.707108e+01	1.347924e+03
1.300000e-06	5.310244e-06	2.285008e-08	3.763660e+01	1.356644e+03
1.310000e-06	5.388177e-06	2.298622e-08	3.818895e+01	1.364867e+03
1.320000e-06	5.464135e-06	2.311517e-08	3.872731e+01	1.372576e+03
1.330000e-06	5.537918e-06	2.323667e-08	3.925025e+01	1.379787e+03
1.340000e-06	5.609644e-06	2.335159e-08	3.975861e+01	1.386549e+03
1.350000e-06	5.679465e-06	2.346061e-08	4.025347e+01	1.392936e+03
1.360000e-06	5.747310e-06	2.356302e-08	4.073433e+01	1.399015e+03
1.370000e-06	5.812981e-06	2.365928e-08	4.119977e+01	1.404834e+03
1.380000e-06	5.876521e-06	2.375006e-08	4.165011e+01	1.410406e+03
1.390000e-06	5.938193e-06	2.383614e-08	4.208722e+01	1.415719e+03
1.400000e-06	5.997916e-06	2.391715e-08	4.251051e+01	1.420745e+03
1.410000e-06	6.055427e-06	2.399402e-08	4.291812e+01	1.425467e+03
1.420000e-06	6.110667e-06	2.406979e-08	4.330963e+01	1.429887e+03
1.430000e-06	6.163559e-06	2.414466e-08	4.368451e+01	1.434029e+03
1.440000e-06	6.213881e-06	2.421495e-08	4.404117e+01	1.437928e+03
1.450000e-06	6.261759e-06	2.427874e-08	4.438051e+01	1.441621e+03
1.460000e-06	6.307501e-06	2.433805e-08	4.470471e+01	1.445124e+03
1.470000e-06	6.351110e-06	2.439317e-08	4.501378e+01	1.448431e+03
1.480000e-06	6.392338e-06	2.444193e-08	4.530599e+01	1.451519e+03
1.490000e-06	6.431277e-06	2.448593e-08	4.558197e+01	1.454361e+03
1.500000e-06	6.468123e-06	2.452788e-08	4.584312e+01	1.456939e+03
1.510000e-06	6.502616e-06	2.456897e-08	4.608759e+01	1.459259e+03
1.520000e-06	6.534650e-06	2.460710e-08	4.631463e+01	1.461349e+03
1.530000e-06	6.564520e-06	2.463989e-08	4.652633e+01	1.463247e+03
1.540000e-06	6.592213e-06	2.466883e-08	4.672262e+01	1.464992e+03
1.550000e-06	6.617377e-06	2.469461e-08	4.690097e+01	1.466599e+03
1.560000e-06	6.640097e-06	2.471565e-08	4.706199e+01	1.468064e+03
1.570000e-06	6.660674e-06	2.473270e-08	4.720783e+01	1.469356e+03
1.580000e-06	6.678977e-06	2.474820e-08	4.733755e+01	1.470441e+03
1.590000e-06	6.694801e-06	2.476310e-08	4.744971e+01	1.471290e+03
1.600000e-06	6.708176e-06	2.477469e-08	4.754451e+01	1.471900e+03
1.610000e-06	6.718922e-06	2.478201e-08	4.762067e+01	1.472292e+03
1.620000e-06	6.727047e-06	2.478635e-08	4.767825e+01	1.472504e+03
1.630000e-06	6.732852e-06	2.478652e-08	4.771940e+01	1.472580e+03
1.640000e-06	6.736283e-06	2.478468e-08	4.774371e+01	1.472552e+03
1.650000e-06	6.737276e-06	2.478140e-08	4.775075e+01	1.472426e+03
1.660000e-06	6.736066e-06	2.477689e-08	4.774218e+01	1.472187e+03
1.670000e-06	6.732795e-06	2.477193e-08	4.771900e+01	1.471800e+03
1.680000e-06	6.727219e-06	2.476368e-08	4.767947e+01	1.471232e+03
1.690000e-06	6.719360e-06	2.475039e-08	4.762377e+01	1.470458e+03
1.700000e-06	6.709427e-06	2.473075e-08	4.755337e+01	1.469476e+03
1.710000e-06	6.697188e-06	2.470848e-08	4.746663e+01	1.468299e+03
1.720000e-06	6.682524e-06	2.468716e-08	4.736269e+01	1.466948e+03
1.730000e-06	6.665758e-06	2.467470e-08	4.724386e+01	1.465444e+03
1.740000e-06	6.646925e-06	2.466110e-08	4.711039e+01	1.463795e+03
1.750000e-06	6.625344e-06	2.462568e-08	4.695743e+01	1.461996e+03
1.760000e-06	6.600568e-06	2.457584e-08	4.678183e+01	1.460033e+03
1.770000e-06	6.573044e-06	2.452323e-08	4.658675e+01	1.457896e+03
1.780000e-06	6.543250e-06	2.447103e-08	4.637559e+01	1.455580e+03
1.790000e-06	6.511585e-06	2.444712e-08	4.615116e+01	1.453097e+03
1.800000e-06	6.478388e-06	2.441617e-08	4.591587e+01	1.450462e+03
1.810000e-06	6.443229e-06	2.435556e-08	4.566668e+01	1.447691e+03
1.820000e-06	6.405736e-06	2.432259e-08	4.540095e+01	1.444785e+03
1.830000e-06	6.366062e-06	2.427073e-08	4.511975e+01	1.441731e+03
1.840000e-06	6.324172e-06	2.420949e-08	4.482286e+01	1.438496e+03
1.850000e-06	6.280134e-06	2.416179e-08	4.451074e+01	1.435047e+03
1.860000e-06	6.233838e-06	2.407004e-08	4.418261e+01	1.431359e+03
1.870000e-06	6.185169e-06	2.400848e-08	4.383767e+01	1.427425e+03
1.880000e-06	6.134269e-06	2.396257e-08	4.347692e+01	1.423268e+03
1.890000e-06	6.080779e-06	2.388456e-08	4.309780e+01	1.418922e+03
1.900000e-06	6.024862e-06	2.381352e-08	4.270149e+01	1.414428e+03
1.910000e-06	5.966891e-06	2.372978e-08	4.229062e+01	1.409809e+03
1.920000e-06	5.906716e-06	2.365312e-08	4.186412e+01	1.405061e+03
1.930000e-06	5.844314e-06	2.356142e-08	4.142184e+01	1.400153e+03
1.940000e-06	5.779756e-06	2.346727e-08	4.096429e+01	1.395037e+03
1.950000e-06	5.713227e-06	2.338214e-08	4.049276e+01	1.389664e+03
1.960000e-06	5.644590e-06	2.329377e-08	4.000629e+01	1.384006e+03
1.970000e-06	5.573624e-06	2.321889e-08	3.950332e+01	1.378061e+03
1.980000e-06	5.500607e-06	2.310845e-08	3.898580e+01	1.371859e+03
1.990000e-06	5.425530e-06	2.298723e-08	3.845369e+01	1.365439e+03
2.000000e-06	5.348280e-06	2.286529e-08	3.790618e+01	1.358839e+03
2.010000e-06	5.268974e-06	2.273493e-08	3.734409e+01	1.352073e+03
2.020000e-06	5.187827e-06	2.261629e-08	3.676896e+01	1.345124e+03
2.030000e-06	5.105004e-06	2.250139e-08	3.618195e+01	1.337952e+03
2.040000e-06	5.020318e-06	2.240411e-08	3.558174e+01	1.330507e+03
2.050000e-06	4.933676e-06	2.229674e-08	3.496766e+01	1.322752e+03
2.060000e-06	4.845253e-06	2.215616e-08	3.434095e+01	1.314675e+03
2.070000e-06	4.755252e-06	2.198797e-08	3.370307e+01	1.306295e+03
2.080000e-06	4.663547e-06	2.181812e-08	3.305310e+01	1.297653e+03
2.090000e-06	4.570106e-06	2.166370e-08	3.239084e+01	1.288789e+03
2.100000e-06	4.475029e-06	2.151884e-08	3.171698e+01	1.279727e+03
2.110000e-06	4.378399e-06	2.138326e-08	3.103210e+01	1.270458e+03
2.120000e-06	4.280352e-06	2.124187e-08	3.033719e+01	1.260946e+03
2.130000e-06	4.180758e-06	2.108818e-08	2.963132e+01	1.251138e+03
2.140000e-06	4.079565e-06	2.090121e-08	2.891410e+01	1.240985e+03
2.150000e-06	3.976776e-06	2.069765e-08	2.818558e+01	1.230464e+03
2.160000e-06	3.872493e-06	2.049843e-08	2.744647e+01	1.219584e+03
2.170000e-06	3.766958e-06	2.032007e-08	2.669849e+01	1.208377e+03
2.180000e-06	3.660263e-06	2.015111e-08	2.594228e+01	1.196886e+03
2.190000e-06	3.552325e-06	1.996834e-08	2.517727e+01	1.185139e+03
2.200000e-06	3.443107e-06	1.977161e-08	2.440318e+01	1.173138e+03
2.210000e-06	3.332552e-06	1.955200e-08	2.361962e+01	1.160849e+03
2.220000e-06	3.220630e-06	1.932143e-08	2.282636e+01	1.148221e+03
2.230000e-06	3.107532e-06	1.908182e-08	2.202478e+01	1.135203e+03
2.240000e-06	2.993319e-06	1.885408e-08	2.121528e+01	1.121765e+03
2.250000e-06	2.877908e-06	1.863986e-08	2.039730e+01	1.107915e+03
2.260000e-06	2.761263e-06	1.842272e-08	1.957058e+01	1.093687e+03
2.270000e-06	2.643505e-06	1.818595e-08	1.873597e+01	1.079130e+03
2.280000e-06	2.524763e-06	1.792457e-08	1.789437e+01	1.064281e+03
2.290000e-06	2.405045e-06	1.765587e-08	1.704587e+01	1.049141e+03
2.300000e-06	2.284380e-06	1.738380e-08	1.619065e+01	1.033677e+03
2.310000e-06	2.162970e-06	1.711364e-08	1.533015e+01	1.017827e+03
2.320000e-06	2.040948e-06	1.684381e-08	1.446532e+01	1.001525e+03
2.330000e-06	1.918302e-06	1.657107e-08	1.359606e+01	9.847284e+02
2.340000e-06	1.794971e-06	1.628881e-08	1.272194e+01	9.674352e+02
2.350000e-06	1.670907e-06	1.598632e-08	1.184263e+01	9.496805e+02
2.360000e-06	1.546172e-06	1.566905e-08	1.095857e+01	9.315174e+02
2.370000e-06	1.420834e-06	1.535112e-08	1.007023e+01	9.129868e+02
2.380000e-06	1.295026e-06	1.503621e-08	9.178555e+00	8.940901e+02
2.390000e-06	1.168821e-06	1.471553e-08	8.284075e+00	8.747779e+02
2.400000e-06	1.042164e-06	1.438226e-08	7.386383e+00	8.549605e+02
2.410000e-06	9.150932e-07	1.403687e-08	6.485765e+00	8.345371e+02
2.420000e-06	7.876748e-07	1.367822e-08	5.582681e+00	8.134294e+02
2.430000e-06	6.599484e-07	1.330550e-08	4.677414e+00	7.916050e+02
2.440000e-06	5.320372e-07	1.292384e-08	3.770838e+00	7.690757e+02
2.450000e-06	4.039492e-07	1.253786e-08	2.863009e+00	7.458689e+02
2.460000e-06	2.756618e-07	1.214547e-08	1.953766e+00	7.219818e+02
2.470000e-06	1.472657e-07	1.173534e-08	1.043753e+00	6.973363e+02
2.480000e-06	1.882913e-08	1.129939e-08	1.334523e-01	6.717569e+02
2.490000e-06	-1.095982e-07	1.083844e-08	-7.767821e-01	6.449821e+02
2.500000e-06	-2.379504e-07	1.035533e-08	-1.686484e+00	6.167095e+02
2.510000e-06	-3.662099e-07	9.849924e-09	-2.595530e+00	5.866539e+02
2.520000e-06	-4.943652e-07	9.316910e-09	-3.503836e+00	5.545910e+02
2.530000e-06	-6.223664e-07	8.752452e-09	-4.411051e+00	5.203592e+02
2.540000e-06	-7.501096e-07	8.148056e-09	-5.316436e+00	4.838059e+02
2.550000e-06	-8.774906e-07	7.495500e-09	-6.219255e+00	4.446872e+02
2.560000e-06	-1.004506e-06	6.783045e-09	-7.119483e+00	4.025564e+02
2.570000e-06	-1.131135e-06	6.002743e-09	-8.016970e+00	3.566871e+02
2.580000e-06	-1.257392e-06	5.147636e-09	-8.911822e+00	3.060788e+02
2.590000e-06	-1.383301e-06	4.203852e-09	-9.804210e+00	2.495730e+02
2.600000e-06	-1.508751e-06	3.152812e-09	-1.069334e+01	1.860727e+02
2.610000e-06	-1.633589e-06	1.974602e-09	-1.157814e+01	1.148234e+02
2.620000e-06	-1.757696e-06	6.611789e-10	-1.245775e+01	3.568716e+01
2.630000e-06	-1.881043e-06	-7.812492e-10	-1.333198e+01	-5.066918e+01
2.640000e-06	-2.003651e-06	-2.329197e-09	-1.420097e+01	-1.427315e+02
2.650000e-06	-2.125588e-06	-3.943776e-09	-1.506521e+01	-2.382682e+02
2.660000e-06	-2.246877e-06	-5.572396e-09	-1.592485e+01	-3.346115e+02
2.670000e-06	-2.367381e-06	-7.162545e-09	-1.677892e+01	-4.290289e+02
2.680000e-06	-2.486973e-06	-8.674078e-09	-1.762654e+01	-5.190976e+02
2.690000e-06	-2.605654e-06	-1.008238e-08	-1.846769e+01	-6.029994e+02
2.700000e-06	-2.723417e-06	-1.137353e-08	-1.930234e+01	-6.796728e+02
2.710000e-06	-2.840101e-06	-1.254009e-08	-2.012935e+01	-7.488055e+02
2.720000e-06	-2.955529e-06	-1.358687e-08	-2.094745e+01	-8.106884e+02
2.730000e-06	-3.069673e-06	-1.452828e-08	-2.175645e+01	-8.659905e+02
2.740000e-06	-3.182638e-06	-1.537587e-08	-2.255709e+01	-9.155219e+02
2.750000e-06	-3.294289e-06	-1.613475e-08	-2.334843e+01	-9.600479e+02
2.760000e-06	-3.404441e-06	-1.681236e-08	-2.412914e+01	-1.000188e+03
2.770000e-06	-3.513355e-06	-1.742066e-08	-2.490107e+01	-1.036402e+03
2.780000e-06	-3.621200e-06	-1.796861e-08	-2.566542e+01	-1.069040e+03
2.790000e-06	-3.727918e-06	-1.846158e-08	-2.642179e+01	-1.098418e+03
2.800000e-06	-3.833475e-06	-1.890604e-08	-2.716993e+01	-1.124871e+03
2.810000e-06	-3.937707e-06	-1.931225e-08	-2.790868e+01	-1.148776e+03
2.820000e-06	-4.040428e-06	-1.968904e-08	-2.863672e+01	-1.170531e+03
2.830000e-06	-4.141543e-06	-2.003494e-08	-2.935338e+01	-1.190512e+03
2.840000e-06	-4.241064e-06	-2.035101e-08	-3.005874e+01	-1.209018e+03
2.850000e-06	-4.339185e-06	-2.064135e-08	-3.075417e+01	-1.226254e+03
2.860000e-06	-4.435894e-06	-2.090969e-08	-3.143961e+01	-1.242328e+03
2.870000e-06	-4.531069e-06	-2.115943e-08	-3.211416e+01	-1.257292e+03
2.880000e-06	-4.624644e-06	-2.139010e-08	-3.277738e+01	-1.271180e+03
2.890000e-06	-4.716530e-06	-2.160456e-08	-3.342863e+01	-1.284051e+03
2.900000e-06	-4.806799e-06	-2.180840e-08	-3.406841e+01	-1.296006e+03
2.910000e-06	-4.895386e-06	-2.200335e-08	-3.469627e+01	-1.307179e+03
2.920000e-06	-4.982173e-06	-2.218580e-08	-3.531138e+01	-1.317713e+03
2.930000e-06	-5.067047e-06	-2.235551e-08	-3.591293e+01	-1.327722e+03
2.940000e-06	-5.150115e-06	-2.251611e-08	-3.650167e+01	-1.337272e+03
2.950000e-06	-5.231496e-06	-2.267108e-08	-3.707847e+01	-1.346375e+03
2.960000e-06	-5.311021e-06	-2.281628e-08	-3.764210e+01	-1.355009e+03
2.970000e-06	-5.388484e-06	-2.294931e-08	-3.819113e+01	-1.363142e+03
2.980000e-06	-5.463789e-06	-2.307665e-08	-3.872486e+01	-1.370760e+03
2.990000e-06	-5.537144e-06	-2.320176e-08	-3.924476e+01	-1.377886e+03
3.000000e-06	-5.608579e-06	-2.331936e-08	-3.975106e+01	-1.384577e+03
3.010000e-06	-5.677861e-06	-2.342849e-08	-4.024210e+01	-1.390904e+03
3.020000e-06	-5.745070e-06	-2.353229e-08	-4.071845e+01	-1.396935e+03
3.030000e-06	-5.810306e-06	-2.363166e-08	-4.118081e+01	-1.402711e+03
3.040000e-06	-5.873538e-06	-2.372491e-08	-4.162897e+01	-1.408238e+03
3.050000e-06	-5.934586e-06	-2.381008e-08	-4.206165e+01	-1.413502e+03
3.060000e-06	-5.993366e-06	-2.389113e-08	-4.247825e+01	-1.418476e+03
3.070000e-06	-6.050149e-06	-2.397101e-08	-4.288071e+01	-1.423144e+03
3.080000e-06	-6.104897e-06	-2.404813e-08	-4.326874e+01	-1.427512e+03
3.090000e-06	-6.157232e-06	-2.411845e-08	-4.363966e+01	-1.431608e+03
3.100000e-06	-6.206999e-06	-2.418225e-08	-4.399239e+01	-1.435469e+03
3.110000e-06	-6.254242e-06	-2.424360e-08	-4.432723e+01	-1.439127e+03
3.120000e-06	-6.299219e-06	-2.430290e-08	-4.464601e+01	-1.442597e+03
3.130000e-06	-6.342259e-06	-2.435743e-08	-4.495105e+01	-1.445867e+03
3.140000e-06	-6.383268e-06	-2.440607e-08	-4.524171e+01	-1.448914e+03
3.150000e-06	-6.422097e-06	-2.445172e-08	-4.551691e+01	-1.451710e+03
3.160000e-06	-6.458613e-06	-2.449542e-08	-4.577571e+01	-1.454241e+03
3.170000e-06	-6.492797e-06	-2.453529e-08	-4.601800e+01	-1.456518e+03
3.180000e-06	-6.524770e-06	-2.457008e-08	-4.624461e+01	-1.458571e+03
3.190000e-06	-6.554332e-06	-2.460346e-08	-4.645413e+01	-1.460440e+03
3.200000e-06	-6.581455e-06	-2.463709e-08	-4.664636e+01	-1.462160e+03
3.210000e-06	-6.606335e-06	-2.466600e-08	-4.682271e+01	-1.463744e+03
3.220000e-06	-6.628837e-06	-2.468693e-08	-4.698219e+01	-1.465181e+03
3.230000e-06	-6.648905e-06	-2.470503e-08	-4.712442e+01	-1.466439e+03
3.240000e-06	-6.666714e-06	-2.472295e-08	-4.725064e+01	-1.467484e+03
3.250000e-06	-6.682150e-06	-2.473797e-08	-4.736005e+01	-1.468291e+03
3.260000e-06	-6.694904e-06	-2.474853e-08	-4.745044e+01	-1.468860e+03
3.270000e-06	-6.705118e-06	-2.475597e-08	-4.752283e+01	-1.469216e+03
3.280000e-06	-6.713052e-06	-2.476191e-08	-4.757907e+01	-1.469402e+03
3.290000e-06	-6.718517e-06	-2.476489e-08	-4.761780e+01	-1.469458e+03
3.300000e-06	-6.721539e-06	-2.476307e-08	-4.763921e+01	-1.469413e+03
3.310000e-06	-6.722373e-06	-2.475804e-08	-4.764512e+01	-1.469270e+03
