# Temperatura_=_53.15
# Concentracion g/m^3_=_22500.0
# C_Vs_to_Am_M_A/Vsm_=_59384043850.047264
# pendiente_HvsI_1/m_=_3716.3
# ordenada_HvsI_A/m_=_1297.0
# frecuencia_Hz_=_301527.8233692387

Tiempo_(s)	Campo_(V.s)	Magnetizacion_(V.s)	Campo_(kA/m)	Magnetizacion_(A/m)
0.000000e+00	-6.661327e-06	-2.459818e-08	-4.763548e+01	-1.460012e+03
1.000000e-08	-6.658317e-06	-2.458763e-08	-4.761396e+01	-1.459574e+03
2.000000e-08	-6.653053e-06	-2.457503e-08	-4.757631e+01	-1.458973e+03
3.000000e-08	-6.645708e-06	-2.456369e-08	-4.752379e+01	-1.458212e+03
4.000000e-08	-6.636211e-06	-2.455351e-08	-4.745588e+01	-1.457298e+03
5.000000e-08	-6.624331e-06	-2.454011e-08	-4.737092e+01	-1.456234e+03
6.000000e-08	-6.609994e-06	-2.451851e-08	-4.726840e+01	-1.455016e+03
7.000000e-08	-6.593260e-06	-2.449195e-08	-4.714873e+01	-1.453632e+03
8.000000e-08	-6.574193e-06	-2.446344e-08	-4.701239e+01	-1.452063e+03
9.000000e-08	-6.552770e-06	-2.442089e-08	-4.685919e+01	-1.450293e+03
1.000000e-07	-6.528750e-06	-2.437958e-08	-4.668742e+01	-1.448313e+03
1.100000e-07	-6.502076e-06	-2.435795e-08	-4.649668e+01	-1.446133e+03
1.200000e-07	-6.473099e-06	-2.433807e-08	-4.628946e+01	-1.443778e+03
1.300000e-07	-6.442317e-06	-2.430536e-08	-4.606933e+01	-1.441281e+03
1.400000e-07	-6.409915e-06	-2.424957e-08	-4.583763e+01	-1.438672e+03
1.500000e-07	-6.375489e-06	-2.418767e-08	-4.559144e+01	-1.435964e+03
1.600000e-07	-6.338784e-06	-2.414723e-08	-4.532897e+01	-1.433144e+03
1.700000e-07	-6.300096e-06	-2.410526e-08	-4.505230e+01	-1.430178e+03
1.800000e-07	-6.259266e-06	-2.404230e-08	-4.476032e+01	-1.427017e+03
1.900000e-07	-6.215953e-06	-2.399162e-08	-4.445059e+01	-1.423614e+03
2.000000e-07	-6.170350e-06	-2.393757e-08	-4.412448e+01	-1.419947e+03
2.100000e-07	-6.122509e-06	-2.387007e-08	-4.378237e+01	-1.416021e+03
2.200000e-07	-6.072158e-06	-2.380303e-08	-4.342231e+01	-1.411873e+03
2.300000e-07	-6.019235e-06	-2.371253e-08	-4.304385e+01	-1.407551e+03
2.400000e-07	-5.963951e-06	-2.362967e-08	-4.264851e+01	-1.403103e+03
2.500000e-07	-5.906549e-06	-2.356779e-08	-4.223803e+01	-1.398547e+03
2.600000e-07	-5.846967e-06	-2.349708e-08	-4.181195e+01	-1.393872e+03
2.700000e-07	-5.785272e-06	-2.341866e-08	-4.137077e+01	-1.389031e+03
2.800000e-07	-5.721620e-06	-2.332939e-08	-4.091559e+01	-1.383966e+03
2.900000e-07	-5.655844e-06	-2.323521e-08	-4.044522e+01	-1.378624e+03
3.000000e-07	-5.587897e-06	-2.313565e-08	-3.995933e+01	-1.372981e+03
3.100000e-07	-5.517854e-06	-2.302689e-08	-3.945845e+01	-1.367049e+03
3.200000e-07	-5.445850e-06	-2.291902e-08	-3.894355e+01	-1.360870e+03
3.300000e-07	-5.371916e-06	-2.281578e-08	-3.841484e+01	-1.354501e+03
3.400000e-07	-5.295842e-06	-2.272623e-08	-3.787083e+01	-1.347985e+03
3.500000e-07	-5.217642e-06	-2.262897e-08	-3.731162e+01	-1.341337e+03
3.600000e-07	-5.137337e-06	-2.251461e-08	-3.673735e+01	-1.334532e+03
3.700000e-07	-5.055051e-06	-2.238863e-08	-3.614893e+01	-1.327516e+03
3.800000e-07	-4.971079e-06	-2.224677e-08	-3.554843e+01	-1.320227e+03
3.900000e-07	-4.885479e-06	-2.210110e-08	-3.493630e+01	-1.312617e+03
4.000000e-07	-4.798287e-06	-2.195443e-08	-3.431279e+01	-1.304675e+03
4.100000e-07	-4.709561e-06	-2.182511e-08	-3.367831e+01	-1.296423e+03
4.200000e-07	-4.619157e-06	-2.170785e-08	-3.303182e+01	-1.287909e+03
4.300000e-07	-4.526988e-06	-2.158513e-08	-3.237272e+01	-1.279185e+03
4.400000e-07	-4.433179e-06	-2.144376e-08	-3.170189e+01	-1.270278e+03
4.500000e-07	-4.337798e-06	-2.127580e-08	-3.101981e+01	-1.261182e+03
4.600000e-07	-4.240793e-06	-2.109805e-08	-3.032612e+01	-1.251853e+03
4.700000e-07	-4.142142e-06	-2.091651e-08	-2.962067e+01	-1.242230e+03
4.800000e-07	-4.041978e-06	-2.074200e-08	-2.890439e+01	-1.232256e+03
4.900000e-07	-3.940423e-06	-2.057762e-08	-2.817816e+01	-1.221902e+03
5.000000e-07	-3.837497e-06	-2.041955e-08	-2.744213e+01	-1.211179e+03
5.100000e-07	-3.733240e-06	-2.025017e-08	-2.669658e+01	-1.200127e+03
5.200000e-07	-3.627647e-06	-2.005803e-08	-2.594148e+01	-1.188801e+03
5.300000e-07	-3.520651e-06	-1.985010e-08	-2.517635e+01	-1.177242e+03
5.400000e-07	-3.412356e-06	-1.963597e-08	-2.440193e+01	-1.165456e+03
5.500000e-07	-3.302872e-06	-1.942465e-08	-2.361900e+01	-1.153408e+03
5.600000e-07	-3.192237e-06	-1.921694e-08	-2.282785e+01	-1.141037e+03
5.700000e-07	-3.080490e-06	-1.901224e-08	-2.202874e+01	-1.128278e+03
5.800000e-07	-2.967623e-06	-1.880272e-08	-2.122162e+01	-1.115090e+03
5.900000e-07	-2.853665e-06	-1.857782e-08	-2.040670e+01	-1.101470e+03
6.000000e-07	-2.738502e-06	-1.833543e-08	-1.958316e+01	-1.087457e+03
6.100000e-07	-2.622113e-06	-1.808325e-08	-1.875086e+01	-1.073111e+03
6.200000e-07	-2.504698e-06	-1.783088e-08	-1.791122e+01	-1.058485e+03
6.300000e-07	-2.386341e-06	-1.758329e-08	-1.706484e+01	-1.043600e+03
6.400000e-07	-2.267143e-06	-1.733417e-08	-1.621246e+01	-1.028430e+03
6.500000e-07	-2.147221e-06	-1.707488e-08	-1.535489e+01	-1.012912e+03
6.600000e-07	-2.026584e-06	-1.680687e-08	-1.449220e+01	-9.969651e+02
6.700000e-07	-1.905212e-06	-1.652989e-08	-1.362427e+01	-9.805283e+02
6.800000e-07	-1.783096e-06	-1.624174e-08	-1.275101e+01	-9.635790e+02
6.900000e-07	-1.660240e-06	-1.594625e-08	-1.187246e+01	-9.461416e+02
7.000000e-07	-1.536710e-06	-1.564962e-08	-1.098909e+01	-9.282717e+02
7.100000e-07	-1.412611e-06	-1.535145e-08	-1.010165e+01	-9.100251e+02
7.200000e-07	-1.288028e-06	-1.504216e-08	-9.210752e+00	-8.914249e+02
7.300000e-07	-1.163020e-06	-1.471584e-08	-8.316815e+00	-8.724410e+02
7.400000e-07	-1.037595e-06	-1.437816e-08	-7.419895e+00	-8.529919e+02
7.500000e-07	-9.118519e-07	-1.403546e-08	-6.520698e+00	-8.329696e+02
7.600000e-07	-7.858463e-07	-1.368819e-08	-5.619626e+00	-8.122754e+02
7.700000e-07	-6.595762e-07	-1.333325e-08	-4.716662e+00	-7.908521e+02
7.800000e-07	-5.330732e-07	-1.296730e-08	-3.812033e+00	-7.686940e+02
7.900000e-07	-4.063810e-07	-1.259127e-08	-2.906051e+00	-7.458294e+02
8.000000e-07	-2.795549e-07	-1.219704e-08	-1.999111e+00	-7.222785e+02
8.100000e-07	-1.526299e-07	-1.177955e-08	-1.091464e+00	-6.980046e+02
8.200000e-07	-2.565838e-08	-1.134468e-08	-1.834844e-01	-6.728788e+02
8.300000e-07	1.013510e-07	-1.089715e-08	7.247658e-01	-6.466762e+02
8.400000e-07	2.283227e-07	-1.043393e-08	1.632747e+00	-6.191074e+02
8.500000e-07	3.551624e-07	-9.945160e-09	2.539784e+00	-5.898729e+02
8.600000e-07	4.818750e-07	-9.423883e-09	3.445912e+00	-5.587165e+02
8.700000e-07	6.083695e-07	-8.864826e-09	4.350481e+00	-5.254460e+02
8.800000e-07	7.346490e-07	-8.264536e-09	5.253512e+00	-4.899043e+02
8.900000e-07	8.607642e-07	-7.618904e-09	6.155368e+00	-4.518892e+02
9.000000e-07	9.866186e-07	-6.922724e-09	7.055359e+00	-4.110453e+02
9.100000e-07	1.112111e-06	-6.168277e-09	7.952763e+00	-3.667729e+02
9.200000e-07	1.237229e-06	-5.340740e-09	8.847488e+00	-3.181989e+02
9.300000e-07	1.361986e-06	-4.420810e-09	9.739630e+00	-2.642477e+02
9.400000e-07	1.486345e-06	-3.392669e-09	1.062893e+01	-2.038169e+02
9.500000e-07	1.610245e-06	-2.244338e-09	1.151494e+01	-1.360326e+02
9.600000e-07	1.733537e-06	-9.694572e-10	1.239661e+01	-6.052412e+01
9.700000e-07	1.856030e-06	4.331204e-10	1.327257e+01	2.235609e+01
9.800000e-07	1.977635e-06	1.946941e-09	1.414217e+01	1.114336e+02
9.900000e-07	2.098506e-06	3.531007e-09	1.500652e+01	2.047745e+02
1.000000e-06	2.218777e-06	5.141335e-09	1.586659e+01	2.999065e+02
1.010000e-06	2.338312e-06	6.734647e-09	1.672139e+01	3.941528e+02
1.020000e-06	2.456982e-06	8.265936e-09	1.757000e+01	4.850031e+02
1.030000e-06	2.574773e-06	9.695366e-09	1.841233e+01	5.704358e+02
1.040000e-06	2.691608e-06	1.100447e-08	1.924782e+01	6.491238e+02
1.050000e-06	2.807295e-06	1.219415e-08	2.007511e+01	7.204862e+02
1.060000e-06	2.921711e-06	1.326993e-08	2.089330e+01	7.845952e+02
1.070000e-06	3.034922e-06	1.423704e-08	2.170288e+01	8.419803e+02
1.080000e-06	3.147076e-06	1.510502e-08	2.250490e+01	8.933957e+02
1.090000e-06	3.258138e-06	1.588420e-08	2.329911e+01	9.396145e+02
1.100000e-06	3.368055e-06	1.658487e-08	2.408513e+01	9.812955e+02
1.110000e-06	3.476973e-06	1.721132e-08	2.486401e+01	1.018937e+03
1.120000e-06	3.584804e-06	1.777127e-08	2.563512e+01	1.052908e+03
1.130000e-06	3.691165e-06	1.827757e-08	2.639571e+01	1.083511e+03
1.140000e-06	3.796022e-06	1.873857e-08	2.714554e+01	1.111053e+03
1.150000e-06	3.899571e-06	1.915957e-08	2.788603e+01	1.135887e+03
1.160000e-06	4.001765e-06	1.954138e-08	2.861682e+01	1.158399e+03
1.170000e-06	4.102607e-06	1.988942e-08	2.933795e+01	1.178981e+03
1.180000e-06	4.201923e-06	2.020906e-08	3.004816e+01	1.197972e+03
1.190000e-06	4.299514e-06	2.050389e-08	3.074604e+01	1.215625e+03
1.200000e-06	4.395507e-06	2.077521e-08	3.143249e+01	1.232090e+03
1.210000e-06	4.489968e-06	2.102565e-08	3.210798e+01	1.247437e+03
1.220000e-06	4.583003e-06	2.126209e-08	3.277329e+01	1.261698e+03
1.230000e-06	4.674502e-06	2.148774e-08	3.342760e+01	1.274906e+03
1.240000e-06	4.764184e-06	2.169656e-08	3.406892e+01	1.287135e+03
1.250000e-06	4.852101e-06	2.188864e-08	3.469762e+01	1.298500e+03
1.260000e-06	4.938351e-06	2.206965e-08	3.531440e+01	1.309144e+03
1.270000e-06	5.023010e-06	2.223958e-08	3.591980e+01	1.319207e+03
1.280000e-06	5.105903e-06	2.239584e-08	3.651257e+01	1.328794e+03
1.290000e-06	5.186854e-06	2.254246e-08	3.709145e+01	1.337957e+03
1.300000e-06	5.265963e-06	2.268632e-08	3.765717e+01	1.346694e+03
1.310000e-06	5.343201e-06	2.282676e-08	3.820950e+01	1.354976e+03
1.320000e-06	5.418337e-06	2.295821e-08	3.874680e+01	1.362768e+03
1.330000e-06	5.491363e-06	2.307916e-08	3.926901e+01	1.370058e+03
1.340000e-06	5.562427e-06	2.319386e-08	3.977720e+01	1.376868e+03
1.350000e-06	5.631597e-06	2.330287e-08	4.027183e+01	1.383254e+03
1.360000e-06	5.698758e-06	2.340309e-08	4.075211e+01	1.389288e+03
1.370000e-06	5.763755e-06	2.349417e-08	4.121690e+01	1.395036e+03
1.380000e-06	5.826755e-06	2.358231e-08	4.166742e+01	1.400542e+03
1.390000e-06	5.887905e-06	2.367128e-08	4.210471e+01	1.405820e+03
1.400000e-06	5.946938e-06	2.375528e-08	4.252685e+01	1.410861e+03
1.410000e-06	6.003721e-06	2.383223e-08	4.293291e+01	1.415642e+03
1.420000e-06	6.058368e-06	2.390774e-08	4.332370e+01	1.420143e+03
1.430000e-06	6.110688e-06	2.398350e-08	4.369784e+01	1.424359e+03
1.440000e-06	6.160436e-06	2.405302e-08	4.405359e+01	1.428302e+03
1.450000e-06	6.207747e-06	2.411338e-08	4.439191e+01	1.431993e+03
1.460000e-06	6.253014e-06	2.416976e-08	4.471562e+01	1.435458e+03
1.470000e-06	6.296084e-06	2.422656e-08	4.502361e+01	1.438715e+03
1.480000e-06	6.336712e-06	2.427982e-08	4.531414e+01	1.441769e+03
1.490000e-06	6.375137e-06	2.432488e-08	4.558892e+01	1.444618e+03
1.500000e-06	6.411484e-06	2.436628e-08	4.584885e+01	1.447253e+03
1.510000e-06	6.445517e-06	2.440849e-08	4.609222e+01	1.449670e+03
1.520000e-06	6.477204e-06	2.444748e-08	4.631881e+01	1.451869e+03
1.530000e-06	6.506777e-06	2.447893e-08	4.653029e+01	1.453857e+03
1.540000e-06	6.534138e-06	2.450700e-08	4.672595e+01	1.455646e+03
1.550000e-06	6.559057e-06	2.453559e-08	4.690415e+01	1.457249e+03
1.560000e-06	6.581629e-06	2.456061e-08	4.706556e+01	1.458670e+03
1.570000e-06	6.602017e-06	2.457697e-08	4.721136e+01	1.459911e+03
1.580000e-06	6.620084e-06	2.459017e-08	4.734056e+01	1.460969e+03
1.590000e-06	6.635667e-06	2.460680e-08	4.745199e+01	1.461843e+03
1.600000e-06	6.648778e-06	2.462115e-08	4.754574e+01	1.462534e+03
1.610000e-06	6.659355e-06	2.462736e-08	4.762138e+01	1.463046e+03
1.620000e-06	6.667380e-06	2.462937e-08	4.767877e+01	1.463388e+03
1.630000e-06	6.673083e-06	2.463227e-08	4.771955e+01	1.463567e+03
1.640000e-06	6.676481e-06	2.463409e-08	4.774385e+01	1.463587e+03
1.650000e-06	6.677446e-06	2.462959e-08	4.775075e+01	1.463447e+03
1.660000e-06	6.676123e-06	2.462034e-08	4.774129e+01	1.463144e+03
1.670000e-06	6.672728e-06	2.461394e-08	4.771701e+01	1.462677e+03
1.680000e-06	6.667114e-06	2.460820e-08	4.767686e+01	1.462046e+03
1.690000e-06	6.659214e-06	2.459621e-08	4.762037e+01	1.461257e+03
1.700000e-06	6.649201e-06	2.457573e-08	4.754877e+01	1.460315e+03
1.710000e-06	6.636966e-06	2.455311e-08	4.746127e+01	1.459223e+03
1.720000e-06	6.622378e-06	2.453291e-08	4.735696e+01	1.457976e+03
1.730000e-06	6.605713e-06	2.451349e-08	4.723778e+01	1.456560e+03
1.740000e-06	6.587028e-06	2.450055e-08	4.710417e+01	1.454956e+03
1.750000e-06	6.565582e-06	2.447474e-08	4.695081e+01	1.453147e+03
1.760000e-06	6.540928e-06	2.442678e-08	4.677450e+01	1.451130e+03
1.770000e-06	6.513595e-06	2.436931e-08	4.657904e+01	1.448916e+03
1.780000e-06	6.484008e-06	2.431828e-08	4.636747e+01	1.446532e+03
1.790000e-06	6.452548e-06	2.429998e-08	4.614249e+01	1.444012e+03
1.800000e-06	6.419614e-06	2.427678e-08	4.590698e+01	1.441385e+03
1.810000e-06	6.384772e-06	2.421179e-08	4.565783e+01	1.438658e+03
1.820000e-06	6.347554e-06	2.415874e-08	4.539168e+01	1.435815e+03
1.830000e-06	6.308116e-06	2.411614e-08	4.510965e+01	1.432817e+03
1.840000e-06	6.266446e-06	2.405090e-08	4.481167e+01	1.429615e+03
1.850000e-06	6.222695e-06	2.400181e-08	4.449880e+01	1.426165e+03
1.860000e-06	6.176784e-06	2.392998e-08	4.417049e+01	1.422450e+03
1.870000e-06	6.128442e-06	2.385607e-08	4.382479e+01	1.418480e+03
1.880000e-06	6.077916e-06	2.382608e-08	4.346348e+01	1.414296e+03
1.890000e-06	6.024861e-06	2.374401e-08	4.308408e+01	1.409949e+03
1.900000e-06	5.969383e-06	2.364452e-08	4.268736e+01	1.405480e+03
1.910000e-06	5.911875e-06	2.355997e-08	4.227611e+01	1.400904e+03
1.920000e-06	5.852173e-06	2.347491e-08	4.184919e+01	1.396202e+03
1.930000e-06	5.790276e-06	2.341573e-08	4.140656e+01	1.391326e+03
1.940000e-06	5.726208e-06	2.331904e-08	4.094840e+01	1.386214e+03
1.950000e-06	5.660175e-06	2.322550e-08	4.047619e+01	1.380818e+03
1.960000e-06	5.592112e-06	2.314977e-08	3.998947e+01	1.375121e+03
1.970000e-06	5.521733e-06	2.304895e-08	3.948619e+01	1.369140e+03
1.980000e-06	5.449292e-06	2.294084e-08	3.896816e+01	1.362923e+03
1.990000e-06	5.374890e-06	2.280413e-08	3.843611e+01	1.356524e+03
2.000000e-06	5.298351e-06	2.269679e-08	3.788877e+01	1.349984e+03
2.010000e-06	5.219693e-06	2.258308e-08	3.732629e+01	1.343310e+03
2.020000e-06	5.139134e-06	2.245836e-08	3.675021e+01	1.336471e+03
2.030000e-06	5.056876e-06	2.235632e-08	3.616197e+01	1.329410e+03
2.040000e-06	4.972858e-06	2.224763e-08	3.556115e+01	1.322066e+03
2.050000e-06	4.886953e-06	2.215419e-08	3.494685e+01	1.314396e+03
2.060000e-06	4.799218e-06	2.200494e-08	3.431945e+01	1.306395e+03
2.070000e-06	4.709884e-06	2.183214e-08	3.368061e+01	1.298092e+03
2.080000e-06	4.619003e-06	2.166315e-08	3.303072e+01	1.289537e+03
2.090000e-06	4.526484e-06	2.151002e-08	3.236912e+01	1.280778e+03
2.100000e-06	4.432250e-06	2.137834e-08	3.169524e+01	1.271839e+03
2.110000e-06	4.336381e-06	2.123519e-08	3.100968e+01	1.262704e+03
2.120000e-06	4.239028e-06	2.110536e-08	3.031350e+01	1.253327e+03
2.130000e-06	4.140246e-06	2.095124e-08	2.960711e+01	1.243644e+03
2.140000e-06	4.040015e-06	2.076521e-08	2.889035e+01	1.233603e+03
2.150000e-06	3.938165e-06	2.055450e-08	2.816202e+01	1.223180e+03
2.160000e-06	3.834778e-06	2.035654e-08	2.742269e+01	1.212393e+03
2.170000e-06	3.730071e-06	2.018562e-08	2.667392e+01	1.201288e+03
2.180000e-06	3.624143e-06	2.002003e-08	2.591643e+01	1.189918e+03
2.190000e-06	3.517065e-06	1.984309e-08	2.515071e+01	1.178319e+03
2.200000e-06	3.408778e-06	1.964640e-08	2.437634e+01	1.166488e+03
2.210000e-06	3.299156e-06	1.943399e-08	2.359243e+01	1.154387e+03
2.220000e-06	3.188230e-06	1.920398e-08	2.279919e+01	1.141951e+03
2.230000e-06	3.076143e-06	1.896835e-08	2.199765e+01	1.129117e+03
2.240000e-06	2.962889e-06	1.874161e-08	2.118776e+01	1.115849e+03
2.250000e-06	2.848505e-06	1.853462e-08	2.036980e+01	1.102155e+03
2.260000e-06	2.733049e-06	1.832173e-08	1.954417e+01	1.088077e+03
2.270000e-06	2.616477e-06	1.808720e-08	1.871056e+01	1.073677e+03
2.280000e-06	2.498796e-06	1.782865e-08	1.786902e+01	1.059004e+03
2.290000e-06	2.380084e-06	1.756561e-08	1.702010e+01	1.044071e+03
2.300000e-06	2.260465e-06	1.730082e-08	1.616470e+01	1.028844e+03
2.310000e-06	2.140072e-06	1.703198e-08	1.530377e+01	1.013254e+03
2.320000e-06	2.019030e-06	1.676672e-08	1.443819e+01	9.972227e+02
2.330000e-06	1.897333e-06	1.649868e-08	1.356792e+01	9.806940e+02
2.340000e-06	1.774935e-06	1.622173e-08	1.269265e+01	9.636539e+02
2.350000e-06	1.651942e-06	1.592044e-08	1.181312e+01	9.461341e+02
2.360000e-06	1.528472e-06	1.560786e-08	1.093018e+01	9.281927e+02
2.370000e-06	1.404515e-06	1.529668e-08	1.004376e+01	9.098820e+02
2.380000e-06	1.280013e-06	1.498798e-08	9.153434e+00	8.912165e+02
2.390000e-06	1.154976e-06	1.467281e-08	8.259290e+00	8.721560e+02
2.400000e-06	1.029475e-06	1.434430e-08	7.361828e+00	8.526121e+02
2.410000e-06	9.035750e-07	1.400474e-08	6.461511e+00	8.324755e+02
2.420000e-06	7.773065e-07	1.364916e-08	5.558558e+00	8.116532e+02
2.430000e-06	6.507180e-07	1.327864e-08	4.653317e+00	7.900970e+02
2.440000e-06	5.238856e-07	1.290004e-08	3.746332e+00	7.678096e+02
2.450000e-06	3.968666e-07	1.251938e-08	2.838013e+00	7.448213e+02
2.460000e-06	2.696955e-07	1.213241e-08	1.928606e+00	7.211457e+02
2.470000e-06	1.424075e-07	1.172683e-08	1.018363e+00	6.967314e+02
2.480000e-06	1.506882e-08	1.129659e-08	1.077579e-01	6.714317e+02
2.490000e-06	-1.122352e-07	1.084291e-08	-8.025998e-01	6.450068e+02
2.500000e-06	-2.395053e-07	1.036722e-08	-1.712714e+00	6.171611e+02
2.510000e-06	-3.667525e-07	9.867492e-09	-2.622666e+00	5.875998e+02
2.520000e-06	-4.938539e-07	9.340149e-09	-3.531574e+00	5.560776e+02
2.530000e-06	-6.206775e-07	8.785007e-09	-4.438496e+00	5.224124e+02
2.540000e-06	-7.472153e-07	8.193231e-09	-5.343374e+00	4.864462e+02
2.550000e-06	-8.734995e-07	7.553288e-09	-6.246439e+00	4.479574e+02
2.560000e-06	-9.994550e-07	6.854648e-09	-7.147153e+00	4.065526e+02
2.570000e-06	-1.124884e-06	6.091815e-09	-8.044105e+00	3.615828e+02
2.580000e-06	-1.249789e-06	5.258228e-09	-8.937306e+00	3.121306e+02
2.590000e-06	-1.374260e-06	4.337458e-09	-9.827405e+00	2.570995e+02
2.600000e-06	-1.498247e-06	3.312779e-09	-1.071404e+01	1.954080e+02
2.610000e-06	-1.621737e-06	2.167737e-09	-1.159712e+01	1.262525e+02
2.620000e-06	-1.744706e-06	8.936385e-10	-1.247648e+01	4.937785e+01
2.630000e-06	-1.867065e-06	-5.088640e-10	-1.335148e+01	-3.471947e+01
2.640000e-06	-1.988699e-06	-2.021341e-09	-1.422129e+01	-1.247200e+02
2.650000e-06	-2.109589e-06	-3.604021e-09	-1.508578e+01	-2.185734e+02
2.660000e-06	-2.229790e-06	-5.209040e-09	-1.594534e+01	-3.137442e+02
2.670000e-06	-2.349290e-06	-6.788793e-09	-1.679989e+01	-4.075585e+02
2.680000e-06	-2.467941e-06	-8.303050e-09	-1.764837e+01	-4.975721e+02
2.690000e-06	-2.585526e-06	-9.721656e-09	-1.848922e+01	-5.818767e+02
2.700000e-06	-2.701967e-06	-1.102499e-08	-1.932190e+01	-6.592790e+02
2.710000e-06	-2.817335e-06	-1.220617e-08	-2.014690e+01	-7.293254e+02
2.720000e-06	-2.931600e-06	-1.326910e-08	-2.096402e+01	-7.921860e+02
2.730000e-06	-3.044628e-06	-1.422429e-08	-2.177229e+01	-8.484475e+02
2.740000e-06	-3.156394e-06	-1.508423e-08	-2.257153e+01	-8.988810e+02
2.750000e-06	-3.266868e-06	-1.585775e-08	-2.336153e+01	-9.442463e+02
2.760000e-06	-3.376070e-06	-1.655141e-08	-2.414244e+01	-9.851745e+02
2.770000e-06	-3.484178e-06	-1.717433e-08	-2.491553e+01	-1.022137e+03
2.780000e-06	-3.591242e-06	-1.773430e-08	-2.568115e+01	-1.055485e+03
2.790000e-06	-3.697127e-06	-1.823779e-08	-2.643834e+01	-1.085519e+03
2.800000e-06	-3.801759e-06	-1.869202e-08	-2.718657e+01	-1.112551e+03
2.810000e-06	-3.905053e-06	-1.910524e-08	-2.792523e+01	-1.136942e+03
2.820000e-06	-4.006761e-06	-1.948502e-08	-2.865255e+01	-1.159083e+03
2.830000e-06	-4.106881e-06	-1.983421e-08	-2.936851e+01	-1.179358e+03
2.840000e-06	-4.205600e-06	-2.015596e-08	-3.007445e+01	-1.198095e+03
2.850000e-06	-4.302925e-06	-2.045080e-08	-3.077044e+01	-1.215528e+03
2.860000e-06	-4.398824e-06	-2.072224e-08	-3.145621e+01	-1.231790e+03
2.870000e-06	-4.493108e-06	-2.097529e-08	-3.213044e+01	-1.246943e+03
2.880000e-06	-4.585693e-06	-2.121080e-08	-3.279252e+01	-1.261013e+03
2.890000e-06	-4.676737e-06	-2.142966e-08	-3.344358e+01	-1.274040e+03
2.900000e-06	-4.766171e-06	-2.163444e-08	-3.408313e+01	-1.286106e+03
2.910000e-06	-4.853929e-06	-2.182756e-08	-3.471069e+01	-1.297332e+03
2.920000e-06	-4.939829e-06	-2.200754e-08	-3.532496e+01	-1.307863e+03
2.930000e-06	-5.023881e-06	-2.217637e-08	-3.592603e+01	-1.317836e+03
2.940000e-06	-5.106312e-06	-2.233802e-08	-3.651550e+01	-1.327346e+03
2.950000e-06	-5.187022e-06	-2.249419e-08	-3.709265e+01	-1.336434e+03
2.960000e-06	-5.265827e-06	-2.264161e-08	-3.765619e+01	-1.345094e+03
2.970000e-06	-5.342483e-06	-2.277664e-08	-3.820436e+01	-1.353291e+03
2.980000e-06	-5.417027e-06	-2.290304e-08	-3.873743e+01	-1.360994e+03
2.990000e-06	-5.489678e-06	-2.302590e-08	-3.925696e+01	-1.368195e+03
3.000000e-06	-5.560357e-06	-2.314263e-08	-3.976239e+01	-1.374926e+03
3.010000e-06	-5.628897e-06	-2.325189e-08	-4.025252e+01	-1.381244e+03
3.020000e-06	-5.695388e-06	-2.335491e-08	-4.072801e+01	-1.387223e+03
3.030000e-06	-5.760071e-06	-2.345455e-08	-4.119056e+01	-1.392926e+03
3.040000e-06	-5.822785e-06	-2.354973e-08	-4.163903e+01	-1.398392e+03
3.050000e-06	-5.883243e-06	-2.363663e-08	-4.207136e+01	-1.403630e+03
3.060000e-06	-5.941505e-06	-2.371770e-08	-4.248800e+01	-1.408627e+03
3.070000e-06	-5.997758e-06	-2.379744e-08	-4.289026e+01	-1.413359e+03
3.080000e-06	-6.051912e-06	-2.387640e-08	-4.327752e+01	-1.417810e+03
3.090000e-06	-6.103645e-06	-2.394819e-08	-4.364747e+01	-1.421977e+03
3.100000e-06	-6.152801e-06	-2.401266e-08	-4.399899e+01	-1.425874e+03
3.110000e-06	-6.199506e-06	-2.407483e-08	-4.433298e+01	-1.429524e+03
3.120000e-06	-6.244098e-06	-2.413530e-08	-4.465186e+01	-1.432951e+03
3.130000e-06	-6.286718e-06	-2.418895e-08	-4.495664e+01	-1.436172e+03
3.140000e-06	-6.327313e-06	-2.423634e-08	-4.524694e+01	-1.439190e+03
3.150000e-06	-6.365707e-06	-2.428131e-08	-4.552149e+01	-1.442003e+03
3.160000e-06	-6.401752e-06	-2.432495e-08	-4.577925e+01	-1.444600e+03
3.170000e-06	-6.435533e-06	-2.436559e-08	-4.602082e+01	-1.446978e+03
3.180000e-06	-6.467034e-06	-2.440280e-08	-4.624609e+01	-1.449139e+03
3.190000e-06	-6.496142e-06	-2.444037e-08	-4.645424e+01	-1.451091e+03
3.200000e-06	-6.522934e-06	-2.447537e-08	-4.664583e+01	-1.452848e+03
3.210000e-06	-6.547548e-06	-2.450328e-08	-4.682184e+01	-1.454418e+03
3.220000e-06	-6.569793e-06	-2.452326e-08	-4.698092e+01	-1.455807e+03
3.230000e-06	-6.589581e-06	-2.453983e-08	-4.712243e+01	-1.457017e+03
3.240000e-06	-6.607167e-06	-2.455510e-08	-4.724818e+01	-1.458043e+03
3.250000e-06	-6.622482e-06	-2.456992e-08	-4.735770e+01	-1.458885e+03
3.260000e-06	-6.635163e-06	-2.458327e-08	-4.744838e+01	-1.459543e+03
3.270000e-06	-6.645273e-06	-2.459552e-08	-4.752068e+01	-1.460025e+03
3.280000e-06	-6.653119e-06	-2.460646e-08	-4.757679e+01	-1.460338e+03
3.290000e-06	-6.658581e-06	-2.461253e-08	-4.761584e+01	-1.460489e+03
3.300000e-06	-6.661617e-06	-2.461127e-08	-4.763755e+01	-1.460481e+03
3.310000e-06	-6.662390e-06	-2.460505e-08	-4.764309e+01	-1.460313e+03
