# Temperatura_=_33.74
# Concentracion g/m^3_=_22500.0
# C_Vs_to_Am_M_A/Vsm_=_59384043850.047264
# pendiente_HvsI_1/m_=_3716.3
# ordenada_HvsI_A/m_=_1297.0
# frecuencia_Hz_=_301532.94622575917

Tiempo_(s)	Campo_(V.s)	Magnetizacion_(V.s)	Campo_(kA/m)	Magnetizacion_(A/m)
0.000000e+00	-6.681216e-06	-2.453090e-08	-4.763601e+01	-1.455583e+03
1.000000e-08	-6.678067e-06	-2.452413e-08	-4.761355e+01	-1.455167e+03
2.000000e-08	-6.672660e-06	-2.451555e-08	-4.757500e+01	-1.454644e+03
3.000000e-08	-6.665187e-06	-2.450375e-08	-4.752172e+01	-1.453982e+03
4.000000e-08	-6.655477e-06	-2.448961e-08	-4.745249e+01	-1.453143e+03
5.000000e-08	-6.643362e-06	-2.446877e-08	-4.736611e+01	-1.452090e+03
6.000000e-08	-6.628822e-06	-2.444862e-08	-4.726244e+01	-1.450805e+03
7.000000e-08	-6.611857e-06	-2.443264e-08	-4.714149e+01	-1.449292e+03
8.000000e-08	-6.592607e-06	-2.438445e-08	-4.700424e+01	-1.447575e+03
9.000000e-08	-6.571034e-06	-2.433369e-08	-4.685042e+01	-1.445689e+03
1.000000e-07	-6.546846e-06	-2.431426e-08	-4.667797e+01	-1.443665e+03
1.100000e-07	-6.519967e-06	-2.429830e-08	-4.648632e+01	-1.441524e+03
1.200000e-07	-6.490802e-06	-2.425976e-08	-4.627838e+01	-1.439268e+03
1.300000e-07	-6.459823e-06	-2.422333e-08	-4.605751e+01	-1.436888e+03
1.400000e-07	-6.427204e-06	-2.419077e-08	-4.582494e+01	-1.434366e+03
1.500000e-07	-6.392611e-06	-2.410050e-08	-4.557830e+01	-1.431685e+03
1.600000e-07	-6.355785e-06	-2.408355e-08	-4.531574e+01	-1.428831e+03
1.700000e-07	-6.316952e-06	-2.402747e-08	-4.503886e+01	-1.425795e+03
1.800000e-07	-6.275838e-06	-2.393083e-08	-4.474572e+01	-1.422571e+03
1.900000e-07	-6.232233e-06	-2.391661e-08	-4.443483e+01	-1.419153e+03
2.000000e-07	-6.186452e-06	-2.383999e-08	-4.410842e+01	-1.415531e+03
2.100000e-07	-6.138356e-06	-2.378744e-08	-4.376550e+01	-1.411697e+03
2.200000e-07	-6.087609e-06	-2.371747e-08	-4.340368e+01	-1.407648e+03
2.300000e-07	-6.034378e-06	-2.361595e-08	-4.302415e+01	-1.403387e+03
2.400000e-07	-5.978921e-06	-2.356702e-08	-4.262875e+01	-1.398928e+03
2.500000e-07	-5.921222e-06	-2.348122e-08	-4.221737e+01	-1.394289e+03
2.600000e-07	-5.861266e-06	-2.339614e-08	-4.178989e+01	-1.389487e+03
2.700000e-07	-5.799234e-06	-2.333054e-08	-4.134761e+01	-1.384529e+03
2.800000e-07	-5.735219e-06	-2.324324e-08	-4.089120e+01	-1.379407e+03
2.900000e-07	-5.669086e-06	-2.314504e-08	-4.041968e+01	-1.374098e+03
3.000000e-07	-5.600794e-06	-2.303921e-08	-3.993277e+01	-1.368572e+03
3.100000e-07	-5.530427e-06	-2.295417e-08	-3.943107e+01	-1.362801e+03
3.200000e-07	-5.458186e-06	-2.284194e-08	-3.891599e+01	-1.356770e+03
3.300000e-07	-5.383976e-06	-2.274059e-08	-3.838689e+01	-1.350484e+03
3.400000e-07	-5.307572e-06	-2.264652e-08	-3.784214e+01	-1.343965e+03
3.500000e-07	-5.228988e-06	-2.252435e-08	-3.728185e+01	-1.337241e+03
3.600000e-07	-5.148257e-06	-2.241544e-08	-3.670625e+01	-1.330333e+03
3.700000e-07	-5.065603e-06	-2.228698e-08	-3.611694e+01	-1.323248e+03
3.800000e-07	-4.981284e-06	-2.215910e-08	-3.551576e+01	-1.315966e+03
3.900000e-07	-4.895334e-06	-2.202682e-08	-3.490295e+01	-1.308455e+03
4.000000e-07	-4.807813e-06	-2.190040e-08	-3.427894e+01	-1.300672e+03
4.100000e-07	-4.718706e-06	-2.177001e-08	-3.364362e+01	-1.292587e+03
4.200000e-07	-4.627803e-06	-2.162860e-08	-3.299550e+01	-1.284189e+03
4.300000e-07	-4.535186e-06	-2.148987e-08	-3.233515e+01	-1.275493e+03
4.400000e-07	-4.441006e-06	-2.133969e-08	-3.166366e+01	-1.266528e+03
4.500000e-07	-4.345306e-06	-2.118595e-08	-3.098134e+01	-1.257329e+03
4.600000e-07	-4.248008e-06	-2.101961e-08	-3.028762e+01	-1.247918e+03
4.700000e-07	-4.149026e-06	-2.085329e-08	-2.958189e+01	-1.238294e+03
4.800000e-07	-4.048535e-06	-2.068800e-08	-2.886541e+01	-1.228431e+03
4.900000e-07	-3.946652e-06	-2.051802e-08	-2.813900e+01	-1.218287e+03
5.000000e-07	-3.843384e-06	-2.034231e-08	-2.740272e+01	-1.207821e+03
5.100000e-07	-3.738777e-06	-2.016154e-08	-2.665689e+01	-1.197006e+03
5.200000e-07	-3.632767e-06	-1.997840e-08	-2.590105e+01	-1.185840e+03
5.300000e-07	-3.525337e-06	-1.978721e-08	-2.513509e+01	-1.174344e+03
5.400000e-07	-3.416673e-06	-1.958738e-08	-2.436033e+01	-1.162548e+03
5.500000e-07	-3.306830e-06	-1.938063e-08	-2.357717e+01	-1.150480e+03
5.600000e-07	-3.195824e-06	-1.917303e-08	-2.278572e+01	-1.138150e+03
5.700000e-07	-3.083675e-06	-1.896005e-08	-2.198611e+01	-1.125545e+03
5.800000e-07	-2.970355e-06	-1.873995e-08	-2.117816e+01	-1.112631e+03
5.900000e-07	-2.855842e-06	-1.851506e-08	-2.036170e+01	-1.099371e+03
6.000000e-07	-2.740068e-06	-1.828874e-08	-1.953625e+01	-1.085736e+03
6.100000e-07	-2.623194e-06	-1.805825e-08	-1.870296e+01	-1.071717e+03
6.200000e-07	-2.505363e-06	-1.781883e-08	-1.786284e+01	-1.057328e+03
6.300000e-07	-2.386669e-06	-1.757226e-08	-1.701657e+01	-1.042597e+03
6.400000e-07	-2.267174e-06	-1.731921e-08	-1.616459e+01	-1.027550e+03
6.500000e-07	-2.146872e-06	-1.705842e-08	-1.530685e+01	-1.012197e+03
6.600000e-07	-2.025776e-06	-1.679058e-08	-1.444346e+01	-9.965256e+02
6.700000e-07	-1.903920e-06	-1.652052e-08	-1.357464e+01	-9.805034e+02
6.800000e-07	-1.781349e-06	-1.624630e-08	-1.270073e+01	-9.640885e+02
6.900000e-07	-1.658028e-06	-1.596652e-08	-1.182147e+01	-9.472465e+02
7.000000e-07	-1.533988e-06	-1.567907e-08	-1.093709e+01	-9.299615e+02
7.100000e-07	-1.409420e-06	-1.538380e-08	-1.004894e+01	-9.122385e+02
7.200000e-07	-1.284473e-06	-1.508006e-08	-9.158089e+00	-8.940953e+02
7.300000e-07	-1.159133e-06	-1.476646e-08	-8.264435e+00	-8.755463e+02
7.400000e-07	-1.033402e-06	-1.444464e-08	-7.367995e+00	-8.565877e+02
7.500000e-07	-9.072855e-07	-1.411571e-08	-6.468801e+00	-8.371884e+02
7.600000e-07	-7.808637e-07	-1.378155e-08	-5.567434e+00	-8.172940e+02
7.700000e-07	-6.542412e-07	-1.343867e-08	-4.664635e+00	-7.968387e+02
7.800000e-07	-5.274083e-07	-1.308504e-08	-3.760337e+00	-7.757618e+02
7.900000e-07	-4.003800e-07	-1.272160e-08	-2.854646e+00	-7.540175e+02
8.000000e-07	-2.732441e-07	-1.234668e-08	-1.948187e+00	-7.315725e+02
8.100000e-07	-1.460304e-07	-1.195669e-08	-1.041174e+00	-7.083898e+02
8.200000e-07	-1.877441e-08	-1.155024e-08	-1.338586e-01	-6.844045e+02
8.300000e-07	1.084915e-07	-1.112685e-08	7.735271e-01	-6.595028e+02
8.400000e-07	2.357174e-07	-1.068632e-08	1.680628e+00	-6.335144e+02
8.500000e-07	3.628261e-07	-1.022630e-08	2.586893e+00	-6.062242e+02
8.600000e-07	4.898206e-07	-9.741345e-09	3.492343e+00	-5.773996e+02
8.700000e-07	6.166769e-07	-9.226699e-09	4.396808e+00	-5.468206e+02
8.800000e-07	7.433620e-07	-8.678780e-09	5.300053e+00	-5.142950e+02
8.900000e-07	8.698074e-07	-8.094231e-09	6.201588e+00	-4.796437e+02
9.000000e-07	9.959440e-07	-7.468700e-09	7.100922e+00	-4.426540e+02
9.100000e-07	1.121728e-06	-6.796178e-09	7.997742e+00	-4.030101e+02
9.200000e-07	1.247143e-06	-6.067088e-09	8.891929e+00	-3.602283e+02
9.300000e-07	1.372155e-06	-5.271168e-09	9.783247e+00	-3.136291e+02
9.400000e-07	1.496766e-06	-4.396557e-09	1.067170e+01	-2.623757e+02
9.500000e-07	1.620954e-06	-3.431529e-09	1.155714e+01	-2.055900e+02
9.600000e-07	1.744527e-06	-2.365489e-09	1.243820e+01	-1.425341e+02
9.700000e-07	1.867377e-06	-1.188333e-09	1.331410e+01	-7.282135e+01
9.800000e-07	1.989519e-06	1.014842e-10	1.418495e+01	3.397730e+00
9.900000e-07	2.110894e-06	1.488984e-09	1.505034e+01	8.532718e+01
1.000000e-06	2.231408e-06	2.949818e-09	1.590958e+01	1.715349e+02
1.010000e-06	2.351023e-06	4.452989e-09	1.676242e+01	2.600884e+02
1.020000e-06	2.469841e-06	5.956653e-09	1.760957e+01	3.487941e+02
1.030000e-06	2.587921e-06	7.419482e-09	1.845146e+01	4.354870e+02
1.040000e-06	2.705071e-06	8.808464e-09	1.928673e+01	5.183062e+02
1.050000e-06	2.821094e-06	1.010599e-08	2.011395e+01	5.958954e+02
1.060000e-06	2.935901e-06	1.130282e-08	2.093250e+01	6.674895e+02
1.070000e-06	3.049487e-06	1.239685e-08	2.174235e+01	7.328810e+02
1.080000e-06	3.161869e-06	1.339398e-08	2.254362e+01	7.922921e+02
1.090000e-06	3.273110e-06	1.430189e-08	2.333675e+01	8.461978e+02
1.100000e-06	3.383287e-06	1.512868e-08	2.412230e+01	8.951552e+02
1.110000e-06	3.492410e-06	1.587652e-08	2.490033e+01	9.396782e+02
1.120000e-06	3.600423e-06	1.655226e-08	2.567044e+01	9.801816e+02
1.130000e-06	3.707124e-06	1.716779e-08	2.643120e+01	1.016987e+03
1.140000e-06	3.812323e-06	1.772700e-08	2.718125e+01	1.050367e+03
1.150000e-06	3.916059e-06	1.823166e-08	2.792088e+01	1.080603e+03
1.160000e-06	4.018435e-06	1.868791e-08	2.865080e+01	1.108012e+03
1.170000e-06	4.119401e-06	1.910567e-08	2.937067e+01	1.132951e+03
1.180000e-06	4.218862e-06	1.949242e-08	3.007982e+01	1.155784e+03
1.190000e-06	4.316701e-06	1.984810e-08	3.077739e+01	1.176838e+03
1.200000e-06	4.412910e-06	2.017424e-08	3.146334e+01	1.196369e+03
1.210000e-06	4.507622e-06	2.047494e-08	3.213863e+01	1.214542e+03
1.220000e-06	4.600872e-06	2.075570e-08	3.280348e+01	1.231449e+03
1.230000e-06	4.692574e-06	2.101775e-08	3.345731e+01	1.247140e+03
1.240000e-06	4.782556e-06	2.126010e-08	3.409886e+01	1.261671e+03
1.250000e-06	4.870722e-06	2.148588e-08	3.472747e+01	1.275125e+03
1.260000e-06	4.957202e-06	2.169930e-08	3.534406e+01	1.287626e+03
1.270000e-06	5.042069e-06	2.189853e-08	3.594915e+01	1.299321e+03
1.280000e-06	5.125163e-06	2.208276e-08	3.654159e+01	1.310352e+03
1.290000e-06	5.206285e-06	2.225720e-08	3.711998e+01	1.320822e+03
1.300000e-06	5.285483e-06	2.242332e-08	3.768465e+01	1.330778e+03
1.310000e-06	5.362814e-06	2.258005e-08	3.823601e+01	1.340219e+03
1.320000e-06	5.438094e-06	2.272639e-08	3.877274e+01	1.349111e+03
1.330000e-06	5.511227e-06	2.286209e-08	3.929417e+01	1.357424e+03
1.340000e-06	5.582384e-06	2.298993e-08	3.980151e+01	1.365156e+03
1.350000e-06	5.651666e-06	2.311038e-08	4.029548e+01	1.372347e+03
1.360000e-06	5.718902e-06	2.322351e-08	4.077486e+01	1.379072e+03
1.370000e-06	5.783965e-06	2.332989e-08	4.123875e+01	1.385420e+03
1.380000e-06	5.847010e-06	2.343102e-08	4.168825e+01	1.391467e+03
1.390000e-06	5.908183e-06	2.352852e-08	4.212441e+01	1.397257e+03
1.400000e-06	5.967359e-06	2.361908e-08	4.254632e+01	1.402789e+03
1.410000e-06	6.024323e-06	2.370353e-08	4.295246e+01	1.408038e+03
1.420000e-06	6.079044e-06	2.378460e-08	4.334262e+01	1.412966e+03
1.430000e-06	6.131401e-06	2.386354e-08	4.371592e+01	1.417549e+03
1.440000e-06	6.181145e-06	2.393775e-08	4.407058e+01	1.421794e+03
1.450000e-06	6.228477e-06	2.400492e-08	4.440805e+01	1.425735e+03
1.460000e-06	6.273767e-06	2.406837e-08	4.473096e+01	1.429425e+03
1.470000e-06	6.316911e-06	2.413014e-08	4.503857e+01	1.432910e+03
1.480000e-06	6.357635e-06	2.418536e-08	4.532893e+01	1.436216e+03
1.490000e-06	6.396084e-06	2.423308e-08	4.560306e+01	1.439340e+03
1.500000e-06	6.432488e-06	2.427935e-08	4.586261e+01	1.442250e+03
1.510000e-06	6.466586e-06	2.432562e-08	4.610573e+01	1.444906e+03
1.520000e-06	6.498265e-06	2.436756e-08	4.633160e+01	1.447276e+03
1.530000e-06	6.527804e-06	2.440320e-08	4.654220e+01	1.449354e+03
1.540000e-06	6.555066e-06	2.443297e-08	4.673657e+01	1.451162e+03
1.550000e-06	6.579867e-06	2.445888e-08	4.691340e+01	1.452744e+03
1.560000e-06	6.602386e-06	2.448031e-08	4.707396e+01	1.454148e+03
1.570000e-06	6.622695e-06	2.449549e-08	4.721876e+01	1.455408e+03
1.580000e-06	6.640602e-06	2.451067e-08	4.734644e+01	1.456533e+03
1.590000e-06	6.656076e-06	2.452989e-08	4.745676e+01	1.457506e+03
1.600000e-06	6.669139e-06	2.454707e-08	4.754990e+01	1.458295e+03
1.610000e-06	6.679575e-06	2.455652e-08	4.762431e+01	1.458868e+03
1.620000e-06	6.687483e-06	2.455969e-08	4.768069e+01	1.459211e+03
1.630000e-06	6.693112e-06	2.455888e-08	4.772082e+01	1.459332e+03
1.640000e-06	6.696416e-06	2.455566e-08	4.774438e+01	1.459263e+03
1.650000e-06	6.697310e-06	2.454938e-08	4.775075e+01	1.459044e+03
1.660000e-06	6.695916e-06	2.454553e-08	4.774081e+01	1.458711e+03
1.670000e-06	6.692454e-06	2.454253e-08	4.771613e+01	1.458277e+03
1.680000e-06	6.686720e-06	2.453844e-08	4.767525e+01	1.457730e+03
1.690000e-06	6.678675e-06	2.452790e-08	4.761789e+01	1.457039e+03
1.700000e-06	6.668558e-06	2.450672e-08	4.754576e+01	1.456163e+03
1.710000e-06	6.656137e-06	2.448012e-08	4.745720e+01	1.455069e+03
1.720000e-06	6.641322e-06	2.444667e-08	4.735157e+01	1.453741e+03
1.730000e-06	6.624491e-06	2.444061e-08	4.723157e+01	1.452189e+03
1.740000e-06	6.605610e-06	2.444496e-08	4.709695e+01	1.450439e+03
1.750000e-06	6.583872e-06	2.440068e-08	4.694196e+01	1.448525e+03
1.760000e-06	6.558965e-06	2.434756e-08	4.676438e+01	1.446479e+03
1.770000e-06	6.531476e-06	2.430667e-08	4.656838e+01	1.444316e+03
1.780000e-06	6.501730e-06	2.423037e-08	4.635630e+01	1.442039e+03
1.790000e-06	6.470091e-06	2.422366e-08	4.613072e+01	1.439634e+03
1.800000e-06	6.436961e-06	2.421987e-08	4.589451e+01	1.437084e+03
1.810000e-06	6.401868e-06	2.409302e-08	4.564430e+01	1.434372e+03
1.820000e-06	6.364406e-06	2.410146e-08	4.537720e+01	1.431485e+03
1.830000e-06	6.324754e-06	2.406790e-08	4.509449e+01	1.428416e+03
1.840000e-06	6.282895e-06	2.397776e-08	4.479604e+01	1.425157e+03
1.850000e-06	6.238907e-06	2.396475e-08	4.448241e+01	1.421702e+03
1.860000e-06	6.192638e-06	2.383002e-08	4.415252e+01	1.418042e+03
1.870000e-06	6.143974e-06	2.380172e-08	4.380555e+01	1.414169e+03
1.880000e-06	6.093181e-06	2.376488e-08	4.344341e+01	1.410081e+03
1.890000e-06	6.039903e-06	2.365091e-08	4.306354e+01	1.405783e+03
1.900000e-06	5.984199e-06	2.360571e-08	4.266639e+01	1.401290e+03
1.910000e-06	5.926401e-06	2.348501e-08	4.225429e+01	1.396620e+03
1.920000e-06	5.866346e-06	2.343179e-08	4.182611e+01	1.391790e+03
1.930000e-06	5.804106e-06	2.335668e-08	4.138235e+01	1.386803e+03
1.940000e-06	5.739760e-06	2.323887e-08	4.092358e+01	1.381649e+03
1.950000e-06	5.673455e-06	2.317643e-08	4.045083e+01	1.376302e+03
1.960000e-06	5.605047e-06	2.306272e-08	3.996310e+01	1.370733e+03
1.970000e-06	5.534361e-06	2.300135e-08	3.945911e+01	1.364915e+03
1.980000e-06	5.461668e-06	2.286146e-08	3.894082e+01	1.358838e+03
1.990000e-06	5.386963e-06	2.274401e-08	3.840819e+01	1.352508e+03
2.000000e-06	5.310126e-06	2.266503e-08	3.786035e+01	1.345949e+03
2.010000e-06	5.231203e-06	2.253344e-08	3.729764e+01	1.339190e+03
2.020000e-06	5.150435e-06	2.243359e-08	3.672178e+01	1.332250e+03
2.030000e-06	5.067957e-06	2.228657e-08	3.613373e+01	1.325131e+03
2.040000e-06	4.983611e-06	2.218823e-08	3.553235e+01	1.317811e+03
2.050000e-06	4.897321e-06	2.206227e-08	3.491712e+01	1.310253e+03
2.060000e-06	4.809229e-06	2.191703e-08	3.428904e+01	1.302417e+03
2.070000e-06	4.719572e-06	2.177773e-08	3.364979e+01	1.294276e+03
2.080000e-06	4.628366e-06	2.162932e-08	3.299951e+01	1.285822e+03
2.090000e-06	4.535446e-06	2.150178e-08	3.233701e+01	1.277074e+03
2.100000e-06	4.440798e-06	2.133446e-08	3.166218e+01	1.268064e+03
2.110000e-06	4.344607e-06	2.118182e-08	3.097636e+01	1.258826e+03
2.120000e-06	4.246978e-06	2.102329e-08	3.028027e+01	1.249377e+03
2.130000e-06	4.147879e-06	2.086970e-08	2.957372e+01	1.239712e+03
2.140000e-06	4.047251e-06	2.070080e-08	2.885626e+01	1.229801e+03
2.150000e-06	3.944959e-06	2.051804e-08	2.812693e+01	1.219602e+03
2.160000e-06	3.841188e-06	2.034593e-08	2.738706e+01	1.209074e+03
2.170000e-06	3.736157e-06	2.016861e-08	2.663821e+01	1.198196e+03
2.180000e-06	3.629938e-06	1.998252e-08	2.588088e+01	1.186968e+03
2.190000e-06	3.522539e-06	1.977765e-08	2.511514e+01	1.175415e+03
2.200000e-06	3.413887e-06	1.957925e-08	2.434047e+01	1.163568e+03
2.210000e-06	3.303901e-06	1.937786e-08	2.355629e+01	1.151453e+03
2.220000e-06	3.192604e-06	1.917223e-08	2.276276e+01	1.139075e+03
2.230000e-06	3.080120e-06	1.895370e-08	2.196077e+01	1.126416e+03
2.240000e-06	2.966493e-06	1.873633e-08	2.115062e+01	1.113443e+03
2.250000e-06	2.851754e-06	1.851731e-08	2.033255e+01	1.100116e+03
2.260000e-06	2.735866e-06	1.828716e-08	1.950629e+01	1.086412e+03
2.270000e-06	2.618831e-06	1.804420e-08	1.867185e+01	1.072324e+03
2.280000e-06	2.500689e-06	1.779670e-08	1.782951e+01	1.057872e+03
2.290000e-06	2.381507e-06	1.755352e-08	1.697976e+01	1.043082e+03
2.300000e-06	2.261432e-06	1.730044e-08	1.612365e+01	1.027979e+03
2.310000e-06	2.140632e-06	1.703809e-08	1.526236e+01	1.012570e+03
2.320000e-06	2.019193e-06	1.676887e-08	1.439653e+01	9.968386e+02
2.330000e-06	1.897184e-06	1.649906e-08	1.352662e+01	9.807486e+02
2.340000e-06	1.774543e-06	1.622085e-08	1.265221e+01	9.642589e+02
2.350000e-06	1.651206e-06	1.593333e-08	1.177284e+01	9.473376e+02
2.360000e-06	1.527249e-06	1.563910e-08	1.088904e+01	9.299727e+02
2.370000e-06	1.402754e-06	1.534223e-08	1.000141e+01	9.121726e+02
2.380000e-06	1.277811e-06	1.503891e-08	9.110585e+00	8.939554e+02
2.390000e-06	1.152414e-06	1.472200e-08	8.216532e+00	8.753336e+02
2.400000e-06	1.026528e-06	1.439848e-08	7.318978e+00	8.562986e+02
2.410000e-06	9.001878e-07	1.406930e-08	6.418195e+00	8.368147e+02
2.420000e-06	7.734599e-07	1.373196e-08	5.514646e+00	8.168243e+02
2.430000e-06	6.464187e-07	1.338341e-08	4.608863e+00	7.962613e+02
2.440000e-06	5.191676e-07	1.302511e-08	3.701582e+00	7.750674e+02
2.450000e-06	3.917357e-07	1.266060e-08	2.793013e+00	7.531995e+02
2.460000e-06	2.641218e-07	1.228443e-08	1.883146e+00	7.306253e+02
2.470000e-06	1.364187e-07	1.189311e-08	9.726437e-01	7.073045e+02
2.480000e-06	8.675277e-09	1.148547e-08	6.185335e-02	6.831648e+02
2.490000e-06	-1.190883e-07	1.106221e-08	-8.490809e-01	6.580824e+02
2.500000e-06	-2.468209e-07	1.062102e-08	-1.759794e+00	6.318775e+02
2.510000e-06	-3.744834e-07	1.015338e-08	-2.670007e+00	6.043296e+02
2.520000e-06	-5.019617e-07	9.659966e-09	-3.578907e+00	5.752065e+02
2.530000e-06	-6.292073e-07	9.141589e-09	-4.486148e+00	5.442925e+02
2.540000e-06	-7.562389e-07	8.593880e-09	-5.391863e+00	5.113998e+02
2.550000e-06	-8.829231e-07	8.009381e-09	-6.295101e+00	4.763478e+02
2.560000e-06	-1.009152e-06	7.384135e-09	-7.195092e+00	4.389107e+02
2.570000e-06	-1.134961e-06	6.714118e-09	-8.092090e+00	3.987469e+02
2.580000e-06	-1.260339e-06	5.986052e-09	-8.986014e+00	3.553380e+02
2.590000e-06	-1.385313e-06	5.187894e-09	-9.877062e+00	3.079715e+02
2.600000e-06	-1.509832e-06	4.311153e-09	-1.076486e+01	2.557925e+02
2.610000e-06	-1.633728e-06	3.347190e-09	-1.164822e+01	1.979331e+02
2.620000e-06	-1.756963e-06	2.280645e-09	-1.252687e+01	1.337028e+02
2.630000e-06	-1.879475e-06	1.100864e-09	-1.340036e+01	6.279866e+01
2.640000e-06	-2.001315e-06	-1.891316e-10	-1.426906e+01	-1.451841e+01
2.650000e-06	-2.122551e-06	-1.576006e-09	-1.513345e+01	-9.733449e+01
2.660000e-06	-2.243093e-06	-3.034541e-09	-1.599290e+01	-1.841147e+02
2.670000e-06	-2.362910e-06	-4.531178e-09	-1.684717e+01	-2.728601e+02
2.680000e-06	-2.481838e-06	-6.023350e-09	-1.769511e+01	-3.613604e+02
2.690000e-06	-2.599714e-06	-7.471046e-09	-1.853555e+01	-4.474862e+02
2.700000e-06	-2.716534e-06	-8.846425e-09	-1.936845e+01	-5.294551e+02
2.710000e-06	-2.832192e-06	-1.013265e-08	-2.019308e+01	-6.060135e+02
2.720000e-06	-2.946675e-06	-1.132191e-08	-2.100932e+01	-6.765014e+02
2.730000e-06	-3.059960e-06	-1.241065e-08	-2.181703e+01	-7.407997e+02
2.740000e-06	-3.172034e-06	-1.340280e-08	-2.261610e+01	-7.991891e+02
2.750000e-06	-3.282894e-06	-1.430587e-08	-2.340651e+01	-8.521711e+02
2.760000e-06	-3.392429e-06	-1.512560e-08	-2.418748e+01	-9.003021e+02
2.770000e-06	-3.500746e-06	-1.586581e-08	-2.495976e+01	-9.440807e+02
2.780000e-06	-3.607963e-06	-1.653277e-08	-2.572420e+01	-9.839029e+02
2.790000e-06	-3.714050e-06	-1.713736e-08	-2.648059e+01	-1.020078e+03
2.800000e-06	-3.818929e-06	-1.768844e-08	-2.722836e+01	-1.052876e+03
2.810000e-06	-3.922399e-06	-1.819119e-08	-2.796608e+01	-1.082583e+03
2.820000e-06	-4.024351e-06	-1.864893e-08	-2.869298e+01	-1.109525e+03
2.830000e-06	-4.124726e-06	-1.906782e-08	-2.940864e+01	-1.134062e+03
2.840000e-06	-4.223561e-06	-1.945259e-08	-3.011332e+01	-1.156556e+03
2.850000e-06	-4.321036e-06	-1.980563e-08	-3.080830e+01	-1.177323e+03
2.860000e-06	-4.417063e-06	-2.013283e-08	-3.149296e+01	-1.196602e+03
2.870000e-06	-4.511541e-06	-2.043637e-08	-3.216657e+01	-1.214545e+03
2.880000e-06	-4.604365e-06	-2.071596e-08	-3.282839e+01	-1.231232e+03
2.890000e-06	-4.695547e-06	-2.097312e-08	-3.347850e+01	-1.246712e+03
2.900000e-06	-4.785159e-06	-2.121284e-08	-3.411742e+01	-1.261044e+03
2.910000e-06	-4.873042e-06	-2.143886e-08	-3.474401e+01	-1.274318e+03
2.920000e-06	-4.959084e-06	-2.165074e-08	-3.535748e+01	-1.286665e+03
2.930000e-06	-5.043263e-06	-2.184923e-08	-3.595766e+01	-1.298233e+03
2.940000e-06	-5.125691e-06	-2.203555e-08	-3.654536e+01	-1.309159e+03
2.950000e-06	-5.206476e-06	-2.221296e-08	-3.712134e+01	-1.319535e+03
2.960000e-06	-5.285480e-06	-2.238094e-08	-3.768463e+01	-1.329402e+03
2.970000e-06	-5.362351e-06	-2.253607e-08	-3.823271e+01	-1.338748e+03
2.980000e-06	-5.437010e-06	-2.268142e-08	-3.876501e+01	-1.347539e+03
2.990000e-06	-5.509737e-06	-2.282051e-08	-3.928354e+01	-1.355748e+03
3.000000e-06	-5.580544e-06	-2.295271e-08	-3.978839e+01	-1.363380e+03
3.010000e-06	-5.649215e-06	-2.307781e-08	-4.027800e+01	-1.370482e+03
3.020000e-06	-5.715839e-06	-2.319497e-08	-4.075302e+01	-1.377134e+03
3.030000e-06	-5.780531e-06	-2.330409e-08	-4.121427e+01	-1.383424e+03
3.040000e-06	-5.843215e-06	-2.340557e-08	-4.166119e+01	-1.389424e+03
3.050000e-06	-5.903707e-06	-2.350124e-08	-4.209249e+01	-1.395169e+03
3.060000e-06	-5.961991e-06	-2.359137e-08	-4.250805e+01	-1.400655e+03
3.070000e-06	-6.018328e-06	-2.367851e-08	-4.290972e+01	-1.405849e+03
3.080000e-06	-6.072578e-06	-2.376248e-08	-4.329651e+01	-1.410717e+03
3.090000e-06	-6.124356e-06	-2.383928e-08	-4.366568e+01	-1.415240e+03
3.100000e-06	-6.173598e-06	-2.390944e-08	-4.401677e+01	-1.419428e+03
3.110000e-06	-6.220371e-06	-2.397572e-08	-4.435026e+01	-1.423321e+03
3.120000e-06	-6.264966e-06	-2.403864e-08	-4.466821e+01	-1.426971e+03
3.130000e-06	-6.307639e-06	-2.409672e-08	-4.497246e+01	-1.430424e+03
3.140000e-06	-6.348254e-06	-2.415087e-08	-4.526204e+01	-1.433700e+03
3.150000e-06	-6.386624e-06	-2.420117e-08	-4.553561e+01	-1.436789e+03
3.160000e-06	-6.422685e-06	-2.424929e-08	-4.579272e+01	-1.439657e+03
3.170000e-06	-6.456528e-06	-2.429343e-08	-4.603402e+01	-1.442265e+03
3.180000e-06	-6.488159e-06	-2.433335e-08	-4.625954e+01	-1.444583e+03
3.190000e-06	-6.517358e-06	-2.436974e-08	-4.646773e+01	-1.446611e+03
3.200000e-06	-6.544147e-06	-2.440237e-08	-4.665872e+01	-1.448376e+03
3.210000e-06	-6.568724e-06	-2.443012e-08	-4.683396e+01	-1.449924e+03
3.220000e-06	-6.590904e-06	-2.445292e-08	-4.699210e+01	-1.451300e+03
3.230000e-06	-6.610666e-06	-2.447353e-08	-4.713300e+01	-1.452537e+03
3.240000e-06	-6.628248e-06	-2.449307e-08	-4.725835e+01	-1.453637e+03
3.250000e-06	-6.643492e-06	-2.451171e-08	-4.736704e+01	-1.454581e+03
3.260000e-06	-6.656035e-06	-2.452704e-08	-4.745647e+01	-1.455335e+03
3.270000e-06	-6.665960e-06	-2.453712e-08	-4.752723e+01	-1.455868e+03
3.280000e-06	-6.673569e-06	-2.454198e-08	-4.758148e+01	-1.456170e+03
3.290000e-06	-6.678788e-06	-2.454377e-08	-4.761870e+01	-1.456255e+03
3.300000e-06	-6.681669e-06	-2.454352e-08	-4.763924e+01	-1.456157e+03
3.310000e-06	-6.682370e-06	-2.453971e-08	-4.764424e+01	-1.455917e+03
