# Temperatura_=_49.14
# Concentracion g/m^3_=_22500.0
# C_Vs_to_Am_M_A/Vsm_=_59384043850.047264
# pendiente_HvsI_1/m_=_3716.3
# ordenada_HvsI_A/m_=_1297.0
# frecuencia_Hz_=_301529.0889067978

Tiempo_(s)	Campo_(V.s)	Magnetizacion_(V.s)	Campo_(kA/m)	Magnetizacion_(A/m)
0.000000e+00	-6.709460e-06	-2.430002e-08	-4.763755e+01	-1.441752e+03
1.000000e-08	-6.706396e-06	-2.429491e-08	-4.761580e+01	-1.441373e+03
2.000000e-08	-6.701017e-06	-2.428724e-08	-4.757761e+01	-1.440889e+03
3.000000e-08	-6.693615e-06	-2.427375e-08	-4.752505e+01	-1.440266e+03
4.000000e-08	-6.684000e-06	-2.425855e-08	-4.745678e+01	-1.439461e+03
5.000000e-08	-6.671951e-06	-2.423996e-08	-4.737124e+01	-1.438439e+03
6.000000e-08	-6.657485e-06	-2.421996e-08	-4.726853e+01	-1.437190e+03
7.000000e-08	-6.640626e-06	-2.420013e-08	-4.714883e+01	-1.435727e+03
8.000000e-08	-6.621476e-06	-2.416337e-08	-4.701286e+01	-1.434081e+03
9.000000e-08	-6.599964e-06	-2.410750e-08	-4.686012e+01	-1.432288e+03
1.000000e-07	-6.575802e-06	-2.408118e-08	-4.668857e+01	-1.430378e+03
1.100000e-07	-6.548928e-06	-2.407734e-08	-4.649777e+01	-1.428362e+03
1.200000e-07	-6.519765e-06	-2.405135e-08	-4.629071e+01	-1.426235e+03
1.300000e-07	-6.488804e-06	-2.400964e-08	-4.607088e+01	-1.423976e+03
1.400000e-07	-6.456220e-06	-2.397283e-08	-4.583953e+01	-1.421563e+03
1.500000e-07	-6.421638e-06	-2.390631e-08	-4.559400e+01	-1.418975e+03
1.600000e-07	-6.384746e-06	-2.386152e-08	-4.533207e+01	-1.416203e+03
1.700000e-07	-6.345797e-06	-2.382391e-08	-4.505552e+01	-1.413245e+03
1.800000e-07	-6.304644e-06	-2.373197e-08	-4.476333e+01	-1.410105e+03
1.900000e-07	-6.261016e-06	-2.370378e-08	-4.445357e+01	-1.406786e+03
2.000000e-07	-6.215110e-06	-2.366069e-08	-4.412764e+01	-1.403288e+03
2.100000e-07	-6.166907e-06	-2.358584e-08	-4.378540e+01	-1.399603e+03
2.200000e-07	-6.116146e-06	-2.352752e-08	-4.342499e+01	-1.395725e+03
2.300000e-07	-6.062864e-06	-2.343163e-08	-4.304669e+01	-1.391650e+03
2.400000e-07	-6.007221e-06	-2.336672e-08	-4.265161e+01	-1.387379e+03
2.500000e-07	-5.949298e-06	-2.329637e-08	-4.224036e+01	-1.382921e+03
2.600000e-07	-5.889203e-06	-2.321095e-08	-4.181368e+01	-1.378284e+03
2.700000e-07	-5.827123e-06	-2.314423e-08	-4.137291e+01	-1.373476e+03
2.800000e-07	-5.763083e-06	-2.306409e-08	-4.091822e+01	-1.368495e+03
2.900000e-07	-5.696837e-06	-2.297510e-08	-4.044787e+01	-1.363329e+03
3.000000e-07	-5.628381e-06	-2.286502e-08	-3.996183e+01	-1.357960e+03
3.100000e-07	-5.557876e-06	-2.276985e-08	-3.946124e+01	-1.352367e+03
3.200000e-07	-5.485442e-06	-2.267508e-08	-3.894696e+01	-1.346537e+03
3.300000e-07	-5.410987e-06	-2.257048e-08	-3.841832e+01	-1.340465e+03
3.400000e-07	-5.334293e-06	-2.248114e-08	-3.787379e+01	-1.334157e+03
3.500000e-07	-5.255440e-06	-2.237016e-08	-3.731393e+01	-1.327626e+03
3.600000e-07	-5.174477e-06	-2.226027e-08	-3.673908e+01	-1.320885e+03
3.700000e-07	-5.091610e-06	-2.213902e-08	-3.615073e+01	-1.313938e+03
3.800000e-07	-5.007131e-06	-2.200671e-08	-3.555092e+01	-1.306782e+03
3.900000e-07	-4.921069e-06	-2.187836e-08	-3.493987e+01	-1.299402e+03
4.000000e-07	-4.833373e-06	-2.174996e-08	-3.431723e+01	-1.291781e+03
4.100000e-07	-4.743996e-06	-2.162865e-08	-3.368265e+01	-1.283901e+03
4.200000e-07	-4.652825e-06	-2.149272e-08	-3.303533e+01	-1.275753e+03
4.300000e-07	-4.559909e-06	-2.135455e-08	-3.237562e+01	-1.267335e+03
4.400000e-07	-4.465408e-06	-2.120950e-08	-3.170465e+01	-1.258650e+03
4.500000e-07	-4.369345e-06	-2.105472e-08	-3.102260e+01	-1.249703e+03
4.600000e-07	-4.271626e-06	-2.089303e-08	-3.032879e+01	-1.240495e+03
4.700000e-07	-4.172284e-06	-2.072880e-08	-2.962346e+01	-1.231019e+03
4.800000e-07	-4.071426e-06	-2.056889e-08	-2.890736e+01	-1.221267e+03
4.900000e-07	-3.969132e-06	-2.040266e-08	-2.818107e+01	-1.211227e+03
5.000000e-07	-3.865548e-06	-2.023035e-08	-2.744562e+01	-1.200892e+03
5.100000e-07	-3.760586e-06	-2.005029e-08	-2.670038e+01	-1.190259e+03
5.200000e-07	-3.654143e-06	-1.986739e-08	-2.594462e+01	-1.179329e+03
5.300000e-07	-3.546331e-06	-1.968024e-08	-2.517916e+01	-1.168105e+03
5.400000e-07	-3.437275e-06	-1.948545e-08	-2.440485e+01	-1.156585e+03
5.500000e-07	-3.327050e-06	-1.928411e-08	-2.362225e+01	-1.144756e+03
5.600000e-07	-3.215683e-06	-1.907983e-08	-2.283153e+01	-1.132603e+03
5.700000e-07	-3.103096e-06	-1.887065e-08	-2.203216e+01	-1.120107e+03
5.800000e-07	-2.989253e-06	-1.865068e-08	-2.122387e+01	-1.107256e+03
5.900000e-07	-2.874184e-06	-1.842296e-08	-2.040687e+01	-1.094050e+03
6.000000e-07	-2.757947e-06	-1.819520e-08	-1.958158e+01	-1.080500e+03
6.100000e-07	-2.640635e-06	-1.796804e-08	-1.874866e+01	-1.066625e+03
6.200000e-07	-2.522353e-06	-1.773422e-08	-1.790885e+01	-1.052441e+03
6.300000e-07	-2.403287e-06	-1.749337e-08	-1.706347e+01	-1.037951e+03
6.400000e-07	-2.283417e-06	-1.724445e-08	-1.621239e+01	-1.023138e+03
6.500000e-07	-2.162641e-06	-1.698465e-08	-1.535488e+01	-1.007968e+03
6.600000e-07	-2.041029e-06	-1.671731e-08	-1.449142e+01	-9.924004e+02
6.700000e-07	-1.918645e-06	-1.644575e-08	-1.362249e+01	-9.764017e+02
6.800000e-07	-1.795497e-06	-1.617077e-08	-1.274813e+01	-9.599592e+02
6.900000e-07	-1.671641e-06	-1.589154e-08	-1.186875e+01	-9.430850e+02
7.000000e-07	-1.547187e-06	-1.560673e-08	-1.098511e+01	-9.258089e+02
7.100000e-07	-1.422247e-06	-1.531430e-08	-1.009804e+01	-9.081623e+02
7.200000e-07	-1.296867e-06	-1.500978e-08	-9.207833e+00	-8.901577e+02
7.300000e-07	-1.171009e-06	-1.469561e-08	-8.314230e+00	-8.717743e+02
7.400000e-07	-1.044772e-06	-1.437604e-08	-7.417945e+00	-8.529549e+02
7.500000e-07	-9.182266e-07	-1.405035e-08	-6.519462e+00	-8.336193e+02
7.600000e-07	-7.913809e-07	-1.371619e-08	-5.618850e+00	-8.136860e+02
7.700000e-07	-6.642806e-07	-1.337112e-08	-4.716431e+00	-7.930968e+02
7.800000e-07	-5.369793e-07	-1.301558e-08	-3.812584e+00	-7.718286e+02
7.900000e-07	-4.095062e-07	-1.265078e-08	-2.907517e+00	-7.498876e+02
8.000000e-07	-2.818328e-07	-1.227279e-08	-2.001029e+00	-7.272836e+02
8.100000e-07	-1.540897e-07	-1.187784e-08	-1.094045e+00	-7.039930e+02
8.200000e-07	-2.633809e-08	-1.146849e-08	-1.870020e-01	-6.799259e+02
8.300000e-07	1.014250e-07	-1.104374e-08	7.201234e-01	-6.549110e+02
8.400000e-07	2.291181e-07	-1.059909e-08	1.626752e+00	-6.287079e+02
8.500000e-07	3.567315e-07	-1.013222e-08	2.532815e+00	-6.010445e+02
8.600000e-07	4.842399e-07	-9.637792e-09	3.438131e+00	-5.716627e+02
8.700000e-07	6.115366e-07	-9.110643e-09	4.341945e+00	-5.403534e+02
8.800000e-07	7.386047e-07	-8.548602e-09	5.244136e+00	-5.069553e+02
8.900000e-07	8.654787e-07	-7.948706e-09	6.144949e+00	-4.713117e+02
9.000000e-07	9.921052e-07	-7.304923e-09	7.044004e+00	-4.331885e+02
9.100000e-07	1.118412e-06	-6.609629e-09	7.940789e+00	-3.921833e+02
9.200000e-07	1.244373e-06	-5.849526e-09	8.835121e+00	-3.476615e+02
9.300000e-07	1.369950e-06	-5.011971e-09	9.726728e+00	-2.987590e+02
9.400000e-07	1.495045e-06	-4.086457e-09	1.061490e+01	-2.444749e+02
9.500000e-07	1.619620e-06	-3.059713e-09	1.149939e+01	-1.838509e+02
9.600000e-07	1.743632e-06	-1.917859e-09	1.237989e+01	-1.162071e+02
9.700000e-07	1.866989e-06	-6.524649e-10	1.325573e+01	-4.137650e+01
9.800000e-07	1.989650e-06	7.292342e-10	1.412663e+01	4.012394e+01
9.900000e-07	2.111551e-06	2.203977e-09	1.499213e+01	1.270404e+02
1.000000e-06	2.232643e-06	3.736502e-09	1.585189e+01	2.174729e+02
1.010000e-06	2.352957e-06	5.289010e-09	1.670613e+01	3.090994e+02
1.020000e-06	2.472444e-06	6.816545e-09	1.755450e+01	3.994848e+02
1.030000e-06	2.591052e-06	8.277308e-09	1.839662e+01	4.864067e+02
1.040000e-06	2.708727e-06	9.643337e-09	1.923212e+01	5.681245e+02
1.050000e-06	2.825270e-06	1.090295e-08	2.005958e+01	6.435356e+02
1.060000e-06	2.940663e-06	1.205238e-08	2.087888e+01	7.121954e+02
1.070000e-06	3.054894e-06	1.309304e-08	2.168993e+01	7.742147e+02
1.080000e-06	3.167906e-06	1.403240e-08	2.249232e+01	8.300773e+02
1.090000e-06	3.279785e-06	1.488006e-08	2.328666e+01	8.804366e+02
1.100000e-06	3.390499e-06	1.564642e-08	2.407274e+01	9.259450e+02
1.110000e-06	3.500117e-06	1.633498e-08	2.485103e+01	9.671514e+02
1.120000e-06	3.608612e-06	1.695361e-08	2.562136e+01	1.004476e+03
1.130000e-06	3.715812e-06	1.751529e-08	2.638248e+01	1.038242e+03
1.140000e-06	3.821591e-06	1.802609e-08	2.713352e+01	1.068739e+03
1.150000e-06	3.925884e-06	1.848728e-08	2.787400e+01	1.096274e+03
1.160000e-06	4.028780e-06	1.890390e-08	2.860457e+01	1.121193e+03
1.170000e-06	4.130294e-06	1.928484e-08	2.932533e+01	1.143870e+03
1.180000e-06	4.230312e-06	1.963796e-08	3.003546e+01	1.164665e+03
1.190000e-06	4.328724e-06	1.996251e-08	3.073419e+01	1.183880e+03
1.200000e-06	4.425495e-06	2.025690e-08	3.142127e+01	1.201729e+03
1.210000e-06	4.520684e-06	2.052822e-08	3.209712e+01	1.218339e+03
1.220000e-06	4.614372e-06	2.078420e-08	3.276231e+01	1.233774e+03
1.230000e-06	4.706517e-06	2.102534e-08	3.341654e+01	1.248077e+03
1.240000e-06	4.796969e-06	2.124810e-08	3.405876e+01	1.261309e+03
1.250000e-06	4.885617e-06	2.145417e-08	3.468816e+01	1.273571e+03
1.260000e-06	4.972520e-06	2.164856e-08	3.530518e+01	1.284997e+03
1.270000e-06	5.057761e-06	2.183174e-08	3.591039e+01	1.295735e+03
1.280000e-06	5.141260e-06	2.199985e-08	3.650325e+01	1.305909e+03
1.290000e-06	5.222865e-06	2.215658e-08	3.708264e+01	1.315596e+03
1.300000e-06	5.302536e-06	2.230886e-08	3.764831e+01	1.324816e+03
1.310000e-06	5.380319e-06	2.245471e-08	3.820058e+01	1.333548e+03
1.320000e-06	5.456064e-06	2.259010e-08	3.873837e+01	1.341755e+03
1.330000e-06	5.529649e-06	2.271525e-08	3.926083e+01	1.349417e+03
1.340000e-06	5.601215e-06	2.283554e-08	3.976895e+01	1.356550e+03
1.350000e-06	5.670872e-06	2.295000e-08	4.026352e+01	1.363214e+03
1.360000e-06	5.738513e-06	2.305519e-08	4.074377e+01	1.369492e+03
1.370000e-06	5.804027e-06	2.315221e-08	4.120893e+01	1.375466e+03
1.380000e-06	5.867482e-06	2.324597e-08	4.165946e+01	1.381192e+03
1.390000e-06	5.929019e-06	2.333928e-08	4.209638e+01	1.386687e+03
1.400000e-06	5.988595e-06	2.342645e-08	4.251937e+01	1.391930e+03
1.410000e-06	6.045976e-06	2.350554e-08	4.292678e+01	1.396877e+03
1.420000e-06	6.101123e-06	2.358106e-08	4.331833e+01	1.401492e+03
1.430000e-06	6.153908e-06	2.365613e-08	4.369310e+01	1.405765e+03
1.440000e-06	6.204111e-06	2.372507e-08	4.404955e+01	1.409716e+03
1.450000e-06	6.251864e-06	2.378541e-08	4.438860e+01	1.413396e+03
1.460000e-06	6.297481e-06	2.384366e-08	4.471248e+01	1.416861e+03
1.470000e-06	6.340966e-06	2.390258e-08	4.502122e+01	1.420156e+03
1.480000e-06	6.382043e-06	2.395828e-08	4.531287e+01	1.423295e+03
1.490000e-06	6.420798e-06	2.400635e-08	4.558804e+01	1.426261e+03
1.500000e-06	6.457428e-06	2.404841e-08	4.584811e+01	1.429014e+03
1.510000e-06	6.491729e-06	2.408937e-08	4.609165e+01	1.431513e+03
1.520000e-06	6.523646e-06	2.412786e-08	4.631827e+01	1.433735e+03
1.530000e-06	6.553405e-06	2.416015e-08	4.652956e+01	1.435686e+03
1.540000e-06	6.580928e-06	2.418812e-08	4.672497e+01	1.437401e+03
1.550000e-06	6.606009e-06	2.421580e-08	4.690305e+01	1.438929e+03
1.560000e-06	6.628715e-06	2.424187e-08	4.706426e+01	1.440314e+03
1.570000e-06	6.649243e-06	2.426053e-08	4.721001e+01	1.441580e+03
1.580000e-06	6.667424e-06	2.427281e-08	4.733910e+01	1.442719e+03
1.590000e-06	6.683131e-06	2.428565e-08	4.745062e+01	1.443700e+03
1.600000e-06	6.696414e-06	2.429981e-08	4.754493e+01	1.444483e+03
1.610000e-06	6.707050e-06	2.431094e-08	4.762044e+01	1.445035e+03
1.620000e-06	6.715105e-06	2.431705e-08	4.767763e+01	1.445350e+03
1.630000e-06	6.720890e-06	2.432026e-08	4.771871e+01	1.445448e+03
1.640000e-06	6.724370e-06	2.432268e-08	4.774342e+01	1.445368e+03
1.650000e-06	6.725403e-06	2.431948e-08	4.775075e+01	1.445158e+03
1.660000e-06	6.724151e-06	2.431228e-08	4.774186e+01	1.444851e+03
1.670000e-06	6.720811e-06	2.430395e-08	4.771815e+01	1.444454e+03
1.680000e-06	6.715136e-06	2.429464e-08	4.767786e+01	1.443949e+03
1.690000e-06	6.707191e-06	2.428390e-08	4.762144e+01	1.443295e+03
1.700000e-06	6.697190e-06	2.426740e-08	4.755044e+01	1.442452e+03
1.710000e-06	6.684887e-06	2.424766e-08	4.746308e+01	1.441390e+03
1.720000e-06	6.670184e-06	2.422324e-08	4.735869e+01	1.440100e+03
1.730000e-06	6.653420e-06	2.420695e-08	4.723966e+01	1.438601e+03
1.740000e-06	6.634664e-06	2.421842e-08	4.710650e+01	1.436926e+03
1.750000e-06	6.613098e-06	2.418597e-08	4.695338e+01	1.435109e+03
1.760000e-06	6.588251e-06	2.412096e-08	4.677696e+01	1.433179e+03
1.770000e-06	6.560753e-06	2.407129e-08	4.658172e+01	1.431144e+03
1.780000e-06	6.530965e-06	2.401326e-08	4.637023e+01	1.428994e+03
1.790000e-06	6.499289e-06	2.398279e-08	4.614532e+01	1.426709e+03
1.800000e-06	6.466165e-06	2.399403e-08	4.591014e+01	1.424265e+03
1.810000e-06	6.431097e-06	2.391276e-08	4.566116e+01	1.421644e+03
1.820000e-06	6.393589e-06	2.386925e-08	4.539485e+01	1.418838e+03
1.830000e-06	6.353881e-06	2.387090e-08	4.511292e+01	1.415846e+03
1.840000e-06	6.312003e-06	2.376915e-08	4.481558e+01	1.412674e+03
1.850000e-06	6.267951e-06	2.373841e-08	4.450281e+01	1.409323e+03
1.860000e-06	6.221668e-06	2.363777e-08	4.417420e+01	1.405791e+03
1.870000e-06	6.172999e-06	2.356095e-08	4.382865e+01	1.402071e+03
1.880000e-06	6.122140e-06	2.357197e-08	4.346755e+01	1.398158e+03
1.890000e-06	6.068690e-06	2.346508e-08	4.308805e+01	1.394046e+03
1.900000e-06	6.012838e-06	2.340727e-08	4.269150e+01	1.389741e+03
1.910000e-06	5.954960e-06	2.332152e-08	4.228056e+01	1.385249e+03
1.920000e-06	5.894792e-06	2.322825e-08	4.185337e+01	1.380581e+03
1.930000e-06	5.832436e-06	2.317691e-08	4.141063e+01	1.375742e+03
1.940000e-06	5.767966e-06	2.304770e-08	4.095289e+01	1.370728e+03
1.950000e-06	5.701522e-06	2.298576e-08	4.048113e+01	1.365527e+03
1.960000e-06	5.632933e-06	2.289783e-08	3.999415e+01	1.360118e+03
1.970000e-06	5.561993e-06	2.281336e-08	3.949047e+01	1.354483e+03
1.980000e-06	5.489124e-06	2.271177e-08	3.897310e+01	1.348609e+03
1.990000e-06	5.414228e-06	2.256880e-08	3.844133e+01	1.342493e+03
2.000000e-06	5.337119e-06	2.250103e-08	3.789386e+01	1.336144e+03
2.010000e-06	5.257933e-06	2.237490e-08	3.733163e+01	1.329574e+03
2.020000e-06	5.176865e-06	2.227168e-08	3.675604e+01	1.322796e+03
2.030000e-06	5.094119e-06	2.214621e-08	3.616854e+01	1.315811e+03
2.040000e-06	5.009471e-06	2.202575e-08	3.556753e+01	1.308616e+03
2.050000e-06	4.922872e-06	2.192204e-08	3.495267e+01	1.301194e+03
2.060000e-06	4.834538e-06	2.176561e-08	3.432550e+01	1.293527e+03
2.070000e-06	4.744656e-06	2.163498e-08	3.368733e+01	1.285599e+03
2.080000e-06	4.653191e-06	2.148961e-08	3.303793e+01	1.277402e+03
2.090000e-06	4.559955e-06	2.136700e-08	3.237595e+01	1.268936e+03
2.100000e-06	4.465015e-06	2.122029e-08	3.170186e+01	1.260203e+03
2.110000e-06	4.368510e-06	2.106357e-08	3.101667e+01	1.251209e+03
2.120000e-06	4.270556e-06	2.091214e-08	3.032119e+01	1.241952e+03
2.130000e-06	4.171152e-06	2.075054e-08	2.961542e+01	1.232427e+03
2.140000e-06	4.070126e-06	2.058379e-08	2.889813e+01	1.222624e+03
2.150000e-06	3.967458e-06	2.040068e-08	2.816918e+01	1.212531e+03
2.160000e-06	3.863350e-06	2.023416e-08	2.743001e+01	1.202142e+03
2.170000e-06	3.757913e-06	2.006399e-08	2.668140e+01	1.191455e+03
2.180000e-06	3.651270e-06	1.988620e-08	2.592423e+01	1.180472e+03
2.190000e-06	3.543459e-06	1.968729e-08	2.515877e+01	1.169195e+03
2.200000e-06	3.434371e-06	1.948985e-08	2.438423e+01	1.157620e+03
2.210000e-06	3.323957e-06	1.928814e-08	2.360029e+01	1.145734e+03
2.220000e-06	3.212230e-06	1.908257e-08	2.280702e+01	1.133520e+03
2.230000e-06	3.099356e-06	1.886803e-08	2.200561e+01	1.120961e+03
2.240000e-06	2.985416e-06	1.865165e-08	2.119662e+01	1.108046e+03
2.250000e-06	2.870278e-06	1.843827e-08	2.037914e+01	1.094776e+03
2.260000e-06	2.753870e-06	1.820904e-08	1.955264e+01	1.081166e+03
2.270000e-06	2.636281e-06	1.797243e-08	1.871775e+01	1.067234e+03
2.280000e-06	2.517639e-06	1.772619e-08	1.787539e+01	1.052996e+03
2.290000e-06	2.398062e-06	1.748577e-08	1.702638e+01	1.038449e+03
2.300000e-06	2.277641e-06	1.723523e-08	1.617138e+01	1.023574e+03
2.310000e-06	2.156463e-06	1.697475e-08	1.531101e+01	1.008336e+03
2.320000e-06	2.034625e-06	1.670874e-08	1.444596e+01	9.926922e+02
2.330000e-06	1.912188e-06	1.643778e-08	1.357665e+01	9.766138e+02
2.340000e-06	1.789118e-06	1.616242e-08	1.270284e+01	9.600920e+02
2.350000e-06	1.665331e-06	1.587655e-08	1.182395e+01	9.431429e+02
2.360000e-06	1.540831e-06	1.558590e-08	1.093999e+01	9.257979e+02
2.370000e-06	1.415755e-06	1.528989e-08	1.005194e+01	9.080867e+02
2.380000e-06	1.290177e-06	1.498620e-08	9.160328e+00	8.900164e+02
2.390000e-06	1.164133e-06	1.467026e-08	8.265413e+00	8.715596e+02
2.400000e-06	1.037672e-06	1.434671e-08	7.367528e+00	8.526536e+02
2.410000e-06	9.108358e-07	1.401804e-08	6.466987e+00	8.332161e+02
2.420000e-06	7.836689e-07	1.367968e-08	5.564094e+00	8.131685e+02
2.430000e-06	6.561887e-07	1.332979e-08	4.658978e+00	7.924580e+02
2.440000e-06	5.285010e-07	1.296997e-08	3.752388e+00	7.710680e+02
2.450000e-06	4.006361e-07	1.260276e-08	2.844540e+00	7.490076e+02
2.460000e-06	2.725995e-07	1.222395e-08	1.935472e+00	7.262836e+02
2.470000e-06	1.444836e-07	1.182867e-08	1.025842e+00	7.028626e+02
2.480000e-06	1.633665e-08	1.141820e-08	1.159912e-01	6.786405e+02
2.490000e-06	-1.118638e-07	1.099077e-08	-7.942393e-01	6.534318e+02
2.500000e-06	-2.400349e-07	1.054420e-08	-1.704262e+00	6.269875e+02
2.510000e-06	-3.680572e-07	1.007409e-08	-2.613227e+00	5.990344e+02
2.520000e-06	-4.958760e-07	9.575185e-09	-3.520748e+00	5.693215e+02
2.530000e-06	-6.234970e-07	9.046250e-09	-4.426864e+00	5.376493e+02
2.540000e-06	-7.508800e-07	8.482749e-09	-5.331291e+00	5.038621e+02
2.550000e-06	-8.780190e-07	7.879821e-09	-6.233986e+00	4.677959e+02
2.560000e-06	-1.004848e-06	7.233107e-09	-7.134479e+00	4.291931e+02
2.570000e-06	-1.131278e-06	6.535583e-09	-8.032138e+00	3.876129e+02
2.580000e-06	-1.257332e-06	5.774173e-09	-8.927132e+00	3.423773e+02
2.590000e-06	-1.382965e-06	4.935931e-09	-9.819134e+00	2.925881e+02
2.600000e-06	-1.508082e-06	4.010338e-09	-1.070747e+01	2.372367e+02
2.610000e-06	-1.632652e-06	2.982585e-09	-1.159192e+01	1.753965e+02
2.620000e-06	-1.756542e-06	1.838540e-09	-1.247155e+01	1.064629e+02
2.630000e-06	-1.879654e-06	5.729580e-10	-1.334565e+01	3.038134e+01
2.640000e-06	-2.002074e-06	-8.074081e-10	-1.421484e+01	-5.219951e+01
2.650000e-06	-2.123787e-06	-2.281419e-09	-1.507901e+01	-1.398996e+02
2.660000e-06	-2.244805e-06	-3.814057e-09	-1.593824e+01	-2.307239e+02
2.670000e-06	-2.365109e-06	-5.360651e-09	-1.679241e+01	-3.223060e+02
2.680000e-06	-2.484497e-06	-6.872900e-09	-1.764007e+01	-4.122257e+02
2.690000e-06	-2.602864e-06	-8.315392e-09	-1.848048e+01	-4.983296e+02
2.700000e-06	-2.720238e-06	-9.668981e-09	-1.931384e+01	-5.789833e+02
2.710000e-06	-2.836598e-06	-1.091967e-08	-2.014001e+01	-6.532041e+02
2.720000e-06	-2.951809e-06	-1.206096e-08	-2.095801e+01	-7.206572e+02
2.730000e-06	-3.065724e-06	-1.309509e-08	-2.176682e+01	-7.815347e+02
2.740000e-06	-3.178387e-06	-1.403101e-08	-2.256673e+01	-8.363655e+02
2.750000e-06	-3.289821e-06	-1.487625e-08	-2.335792e+01	-8.858135e+02
2.760000e-06	-3.399921e-06	-1.563409e-08	-2.413964e+01	-9.305178e+02
2.770000e-06	-3.508727e-06	-1.631251e-08	-2.491217e+01	-9.710042e+02
2.780000e-06	-3.616412e-06	-1.692620e-08	-2.567674e+01	-1.007672e+03
2.790000e-06	-3.722978e-06	-1.748512e-08	-2.643336e+01	-1.040834e+03
2.800000e-06	-3.828323e-06	-1.799172e-08	-2.718131e+01	-1.070779e+03
2.810000e-06	-3.932328e-06	-1.845058e-08	-2.791975e+01	-1.097821e+03
2.820000e-06	-4.034834e-06	-1.886940e-08	-2.864755e+01	-1.122313e+03
2.830000e-06	-4.135732e-06	-1.925361e-08	-2.936393e+01	-1.144630e+03
2.840000e-06	-4.235110e-06	-1.960340e-08	-3.006952e+01	-1.165123e+03
2.850000e-06	-4.333113e-06	-1.992319e-08	-3.076535e+01	-1.184082e+03
2.860000e-06	-4.429657e-06	-2.022112e-08	-3.145082e+01	-1.201703e+03
2.870000e-06	-4.524617e-06	-2.049942e-08	-3.212504e+01	-1.218100e+03
2.880000e-06	-4.617931e-06	-2.075491e-08	-3.278758e+01	-1.233330e+03
2.890000e-06	-4.709631e-06	-2.098960e-08	-3.343865e+01	-1.247437e+03
2.900000e-06	-4.799739e-06	-2.120835e-08	-3.407842e+01	-1.260488e+03
2.910000e-06	-4.888152e-06	-2.141530e-08	-3.470616e+01	-1.272591e+03
2.920000e-06	-4.974692e-06	-2.160955e-08	-3.532060e+01	-1.283885e+03
2.930000e-06	-5.059331e-06	-2.179032e-08	-3.592154e+01	-1.294514e+03
2.940000e-06	-5.142237e-06	-2.196204e-08	-3.651018e+01	-1.304598e+03
2.950000e-06	-5.223472e-06	-2.212895e-08	-3.708696e+01	-1.314202e+03
2.960000e-06	-5.302880e-06	-2.228715e-08	-3.765075e+01	-1.323338e+03
2.970000e-06	-5.380184e-06	-2.243002e-08	-3.819962e+01	-1.331980e+03
2.980000e-06	-5.455342e-06	-2.256301e-08	-3.873324e+01	-1.340090e+03
2.990000e-06	-5.528509e-06	-2.269187e-08	-3.925273e+01	-1.347656e+03
3.000000e-06	-5.599698e-06	-2.281460e-08	-3.975818e+01	-1.354701e+03
3.010000e-06	-5.668784e-06	-2.292834e-08	-4.024869e+01	-1.361290e+03
3.020000e-06	-5.735799e-06	-2.303504e-08	-4.072451e+01	-1.367509e+03
3.030000e-06	-5.800910e-06	-2.313885e-08	-4.118679e+01	-1.373436e+03
3.040000e-06	-5.864051e-06	-2.323832e-08	-4.163510e+01	-1.379122e+03
3.050000e-06	-5.924982e-06	-2.332922e-08	-4.206772e+01	-1.384575e+03
3.060000e-06	-5.983742e-06	-2.341373e-08	-4.248491e+01	-1.389769e+03
3.070000e-06	-6.040463e-06	-2.349657e-08	-4.288764e+01	-1.394659e+03
3.080000e-06	-6.094996e-06	-2.357626e-08	-4.327482e+01	-1.399214e+03
3.090000e-06	-6.147119e-06	-2.364722e-08	-4.364490e+01	-1.403427e+03
3.100000e-06	-6.196736e-06	-2.370976e-08	-4.399718e+01	-1.407327e+03
3.110000e-06	-6.243836e-06	-2.377153e-08	-4.433159e+01	-1.410964e+03
3.120000e-06	-6.288692e-06	-2.383313e-08	-4.465007e+01	-1.414398e+03
3.130000e-06	-6.331594e-06	-2.388976e-08	-4.495469e+01	-1.417665e+03
3.140000e-06	-6.372490e-06	-2.393951e-08	-4.524505e+01	-1.420776e+03
3.150000e-06	-6.411233e-06	-2.398651e-08	-4.552013e+01	-1.423708e+03
3.160000e-06	-6.447635e-06	-2.403379e-08	-4.577858e+01	-1.426419e+03
3.170000e-06	-6.481727e-06	-2.407557e-08	-4.602063e+01	-1.428870e+03
3.180000e-06	-6.513581e-06	-2.410952e-08	-4.624680e+01	-1.431043e+03
3.190000e-06	-6.542980e-06	-2.414183e-08	-4.645553e+01	-1.432950e+03
3.200000e-06	-6.569934e-06	-2.417411e-08	-4.664691e+01	-1.434628e+03
3.210000e-06	-6.594650e-06	-2.420207e-08	-4.682240e+01	-1.436129e+03
3.220000e-06	-6.617039e-06	-2.422515e-08	-4.698136e+01	-1.437492e+03
3.230000e-06	-6.637045e-06	-2.424650e-08	-4.712340e+01	-1.438737e+03
3.240000e-06	-6.654802e-06	-2.426777e-08	-4.724948e+01	-1.439851e+03
3.250000e-06	-6.670246e-06	-2.428546e-08	-4.735913e+01	-1.440801e+03
3.260000e-06	-6.683034e-06	-2.429562e-08	-4.744993e+01	-1.441545e+03
3.270000e-06	-6.693235e-06	-2.430119e-08	-4.752235e+01	-1.442055e+03
3.280000e-06	-6.701142e-06	-2.430739e-08	-4.757850e+01	-1.442330e+03
3.290000e-06	-6.706579e-06	-2.431118e-08	-4.761710e+01	-1.442393e+03
3.300000e-06	-6.709600e-06	-2.430906e-08	-4.763855e+01	-1.442288e+03
3.310000e-06	-6.710455e-06	-2.430511e-08	-4.764462e+01	-1.442059e+03
