# Temperatura_=_54.32
# Concentracion g/m^3_=_22500.0
# C_Vs_to_Am_M_A/Vsm_=_59384043850.047264
# pendiente_HvsI_1/m_=_3716.3
# ordenada_HvsI_A/m_=_1297.0
# frecuencia_Hz_=_301527.6022978453

Tiempo_(s)	Campo_(V.s)	Magnetizacion_(V.s)	Campo_(kA/m)	Magnetizacion_(A/m)
0.000000e+00	-6.687315e-06	-2.452335e-08	-4.764007e+01	-1.455039e+03
1.000000e-08	-6.684685e-06	-2.451356e-08	-4.762134e+01	-1.454707e+03
2.000000e-08	-6.679701e-06	-2.450454e-08	-4.758582e+01	-1.454208e+03
3.000000e-08	-6.672646e-06	-2.449432e-08	-4.753557e+01	-1.453522e+03
4.000000e-08	-6.663473e-06	-2.448155e-08	-4.747022e+01	-1.452643e+03
5.000000e-08	-6.651883e-06	-2.446519e-08	-4.738765e+01	-1.451578e+03
6.000000e-08	-6.637836e-06	-2.444386e-08	-4.728758e+01	-1.450344e+03
7.000000e-08	-6.621401e-06	-2.442351e-08	-4.717050e+01	-1.448958e+03
8.000000e-08	-6.602625e-06	-2.440768e-08	-4.703674e+01	-1.447429e+03
9.000000e-08	-6.581533e-06	-2.434402e-08	-4.688648e+01	-1.445751e+03
1.000000e-07	-6.557902e-06	-2.429150e-08	-4.671814e+01	-1.443910e+03
1.100000e-07	-6.531542e-06	-2.429128e-08	-4.653035e+01	-1.441892e+03
1.200000e-07	-6.502780e-06	-2.427891e-08	-4.632545e+01	-1.439689e+03
1.300000e-07	-6.472130e-06	-2.423069e-08	-4.610710e+01	-1.437307e+03
1.400000e-07	-6.439840e-06	-2.419465e-08	-4.587707e+01	-1.434764e+03
1.500000e-07	-6.405645e-06	-2.415668e-08	-4.563347e+01	-1.432083e+03
1.600000e-07	-6.369197e-06	-2.405911e-08	-4.537381e+01	-1.429277e+03
1.700000e-07	-6.330718e-06	-2.405842e-08	-4.509969e+01	-1.426345e+03
1.800000e-07	-6.290105e-06	-2.397854e-08	-4.481036e+01	-1.423263e+03
1.900000e-07	-6.246950e-06	-2.388429e-08	-4.450293e+01	-1.419997e+03
2.000000e-07	-6.201543e-06	-2.388850e-08	-4.417946e+01	-1.416508e+03
2.100000e-07	-6.153969e-06	-2.379876e-08	-4.384054e+01	-1.412775e+03
2.200000e-07	-6.103801e-06	-2.375169e-08	-4.348315e+01	-1.408798e+03
2.300000e-07	-6.051071e-06	-2.367812e-08	-4.310750e+01	-1.404600e+03
2.400000e-07	-5.996002e-06	-2.358070e-08	-4.271519e+01	-1.400221e+03
2.500000e-07	-5.938738e-06	-2.352371e-08	-4.230725e+01	-1.395697e+03
2.600000e-07	-5.879273e-06	-2.343137e-08	-4.188362e+01	-1.391044e+03
2.700000e-07	-5.817653e-06	-2.335657e-08	-4.144465e+01	-1.386254e+03
2.800000e-07	-5.754027e-06	-2.327858e-08	-4.099138e+01	-1.381290e+03
2.900000e-07	-5.688276e-06	-2.319529e-08	-4.052297e+01	-1.376105e+03
3.000000e-07	-5.620341e-06	-2.309905e-08	-4.003900e+01	-1.370654e+03
3.100000e-07	-5.550397e-06	-2.298474e-08	-3.954073e+01	-1.364916e+03
3.200000e-07	-5.478473e-06	-2.289798e-08	-3.902834e+01	-1.358899e+03
3.300000e-07	-5.404498e-06	-2.278090e-08	-3.850135e+01	-1.352634e+03
3.400000e-07	-5.328363e-06	-2.268287e-08	-3.795897e+01	-1.346162e+03
3.500000e-07	-5.250124e-06	-2.259110e-08	-3.740160e+01	-1.339516e+03
3.600000e-07	-5.169777e-06	-2.247403e-08	-3.682921e+01	-1.332704e+03
3.700000e-07	-5.087394e-06	-2.235980e-08	-3.624232e+01	-1.325708e+03
3.800000e-07	-5.003285e-06	-2.221436e-08	-3.564313e+01	-1.318485e+03
3.900000e-07	-4.917617e-06	-2.207561e-08	-3.503283e+01	-1.310992e+03
4.000000e-07	-4.830407e-06	-2.193581e-08	-3.441156e+01	-1.303196e+03
4.100000e-07	-4.741541e-06	-2.181377e-08	-3.377848e+01	-1.295093e+03
4.200000e-07	-4.650972e-06	-2.168951e-08	-3.313327e+01	-1.286703e+03
4.300000e-07	-4.558685e-06	-2.155526e-08	-3.247582e+01	-1.278062e+03
4.400000e-07	-4.464737e-06	-2.141977e-08	-3.180654e+01	-1.269203e+03
4.500000e-07	-4.369229e-06	-2.125549e-08	-3.112615e+01	-1.260139e+03
4.600000e-07	-4.272093e-06	-2.108231e-08	-3.043416e+01	-1.250855e+03
4.700000e-07	-4.173338e-06	-2.090020e-08	-2.973063e+01	-1.241310e+03
4.800000e-07	-4.073049e-06	-2.073164e-08	-2.901618e+01	-1.231457e+03
4.900000e-07	-3.971314e-06	-2.057063e-08	-2.829143e+01	-1.221255e+03
5.000000e-07	-3.868251e-06	-2.041005e-08	-2.755721e+01	-1.210692e+03
5.100000e-07	-3.763791e-06	-2.023768e-08	-2.681304e+01	-1.199782e+03
5.200000e-07	-3.657872e-06	-2.004848e-08	-2.605848e+01	-1.188561e+03
5.300000e-07	-3.550606e-06	-1.984909e-08	-2.529432e+01	-1.177069e+03
5.400000e-07	-3.442062e-06	-1.963580e-08	-2.452107e+01	-1.165328e+03
5.500000e-07	-3.332323e-06	-1.942192e-08	-2.373929e+01	-1.153332e+03
5.600000e-07	-3.221451e-06	-1.921516e-08	-2.294944e+01	-1.141046e+03
5.700000e-07	-3.109398e-06	-1.901572e-08	-2.215119e+01	-1.128423e+03
5.800000e-07	-2.996152e-06	-1.880680e-08	-2.134442e+01	-1.115418e+03
5.900000e-07	-2.881738e-06	-1.858212e-08	-2.052935e+01	-1.102011e+03
6.000000e-07	-2.766125e-06	-1.834545e-08	-1.970573e+01	-1.088211e+03
6.100000e-07	-2.649355e-06	-1.810247e-08	-1.887386e+01	-1.074054e+03
6.200000e-07	-2.531589e-06	-1.785193e-08	-1.803490e+01	-1.059580e+03
6.300000e-07	-2.412962e-06	-1.759869e-08	-1.718981e+01	-1.044814e+03
6.400000e-07	-2.293514e-06	-1.734953e-08	-1.633887e+01	-1.029750e+03
6.500000e-07	-2.173233e-06	-1.709706e-08	-1.548199e+01	-1.014351e+03
6.600000e-07	-2.052159e-06	-1.683407e-08	-1.461947e+01	-9.985597e+02
6.700000e-07	-1.930285e-06	-1.655776e-08	-1.375125e+01	-9.823201e+02
6.800000e-07	-1.807682e-06	-1.627522e-08	-1.287783e+01	-9.656020e+02
6.900000e-07	-1.684428e-06	-1.598760e-08	-1.199977e+01	-9.484101e+02
7.000000e-07	-1.560508e-06	-1.569314e-08	-1.111697e+01	-9.307782e+02
7.100000e-07	-1.436037e-06	-1.539138e-08	-1.023025e+01	-9.127488e+02
7.200000e-07	-1.311101e-06	-1.508184e-08	-9.340211e+00	-8.943463e+02
7.300000e-07	-1.185716e-06	-1.476410e-08	-8.446974e+00	-8.755565e+02
7.400000e-07	-1.059952e-06	-1.443554e-08	-7.551042e+00	-8.563217e+02
7.500000e-07	-9.338847e-07	-1.409794e-08	-6.652944e+00	-8.365552e+02
7.600000e-07	-8.075123e-07	-1.375415e-08	-5.752674e+00	-8.161690e+02
7.700000e-07	-6.808540e-07	-1.340615e-08	-4.850367e+00	-7.951011e+02
7.800000e-07	-5.539433e-07	-1.304718e-08	-3.946262e+00	-7.733297e+02
7.900000e-07	-4.268467e-07	-1.267151e-08	-3.040833e+00	-7.508637e+02
8.000000e-07	-2.996455e-07	-1.227984e-08	-2.134658e+00	-7.277112e+02
8.100000e-07	-1.723242e-07	-1.187365e-08	-1.227628e+00	-7.038374e+02
8.200000e-07	-4.494231e-08	-1.145279e-08	-3.201666e-01	-6.791302e+02
8.300000e-07	8.241555e-08	-1.101372e-08	5.871239e-01	-6.533901e+02
8.400000e-07	2.097359e-07	-1.055624e-08	1.494147e+00	-6.263514e+02
8.500000e-07	3.370087e-07	-1.007727e-08	2.400832e+00	-5.977291e+02
8.600000e-07	4.641807e-07	-9.568041e-09	3.306798e+00	-5.672689e+02
8.700000e-07	5.912167e-07	-9.018844e-09	4.211796e+00	-5.347756e+02
8.800000e-07	7.180519e-07	-8.429452e-09	5.115363e+00	-5.000966e+02
8.900000e-07	8.446577e-07	-7.802145e-09	6.017296e+00	-4.630557e+02
9.000000e-07	9.710231e-07	-7.131294e-09	6.917516e+00	-4.233532e+02
9.100000e-07	1.097039e-06	-6.403575e-09	7.815245e+00	-3.804690e+02
9.200000e-07	1.222682e-06	-5.604804e-09	8.710320e+00	-3.336141e+02
9.300000e-07	1.347961e-06	-4.720497e-09	9.602800e+00	-2.817693e+02
9.400000e-07	1.472850e-06	-3.736638e-09	1.049250e+01	-2.238292e+02
9.500000e-07	1.597234e-06	-2.636232e-09	1.137861e+01	-1.588325e+02
9.600000e-07	1.720962e-06	-1.407611e-09	1.226004e+01	-8.623228e+01
9.700000e-07	1.843990e-06	-5.151143e-11	1.313649e+01	-6.135637e+00
9.800000e-07	1.966315e-06	1.419612e-09	1.400792e+01	8.055657e+01
9.900000e-07	2.087955e-06	2.974364e-09	1.487448e+01	1.721595e+02
1.000000e-06	2.208888e-06	4.571657e-09	1.573600e+01	2.663746e+02
1.010000e-06	2.328977e-06	6.165765e-09	1.659151e+01	3.605885e+02
1.020000e-06	2.448184e-06	7.711094e-09	1.744073e+01	4.522349e+02
1.030000e-06	2.566487e-06	9.167663e-09	1.828351e+01	5.391346e+02
1.040000e-06	2.683816e-06	1.051353e-08	1.911936e+01	6.197411e+02
1.050000e-06	2.800123e-06	1.174266e-08	1.994792e+01	6.932409e+02
1.060000e-06	2.915247e-06	1.285427e-08	2.076806e+01	7.595059e+02
1.070000e-06	3.029204e-06	1.385229e-08	2.157988e+01	8.189273e+02
1.080000e-06	3.142012e-06	1.474975e-08	2.238352e+01	8.721914e+02
1.090000e-06	3.253626e-06	1.555601e-08	2.317865e+01	9.200638e+02
1.100000e-06	3.364131e-06	1.627940e-08	2.396589e+01	9.632319e+02
1.110000e-06	3.473564e-06	1.692860e-08	2.474548e+01	1.002233e+03
1.120000e-06	3.581795e-06	1.751398e-08	2.551652e+01	1.037463e+03
1.130000e-06	3.688693e-06	1.804343e-08	2.627805e+01	1.069235e+03
1.140000e-06	3.794277e-06	1.852135e-08	2.703023e+01	1.097846e+03
1.150000e-06	3.898437e-06	1.895454e-08	2.777225e+01	1.123632e+03
1.160000e-06	4.001119e-06	1.934875e-08	2.850375e+01	1.146969e+03
1.170000e-06	4.102440e-06	1.970960e-08	2.922556e+01	1.168251e+03
1.180000e-06	4.202331e-06	2.003966e-08	2.993718e+01	1.187835e+03
1.190000e-06	4.300615e-06	2.034292e-08	3.063735e+01	1.206002e+03
1.200000e-06	4.397171e-06	2.062185e-08	3.132521e+01	1.222933e+03
1.210000e-06	4.492144e-06	2.088168e-08	3.200179e+01	1.238721e+03
1.220000e-06	4.585721e-06	2.112488e-08	3.266843e+01	1.253408e+03
1.230000e-06	4.677830e-06	2.135378e-08	3.332461e+01	1.267025e+03
1.240000e-06	4.768252e-06	2.156691e-08	3.396877e+01	1.279635e+03
1.250000e-06	4.856828e-06	2.176575e-08	3.459978e+01	1.291341e+03
1.260000e-06	4.943631e-06	2.195191e-08	3.521816e+01	1.302279e+03
1.270000e-06	5.028795e-06	2.212548e-08	3.582486e+01	1.312585e+03
1.280000e-06	5.112292e-06	2.228821e-08	3.641969e+01	1.322371e+03
1.290000e-06	5.193920e-06	2.244081e-08	3.700120e+01	1.331699e+03
1.300000e-06	5.273598e-06	2.258684e-08	3.756882e+01	1.340580e+03
1.310000e-06	5.351386e-06	2.272522e-08	3.812298e+01	1.348991e+03
1.320000e-06	5.427196e-06	2.285628e-08	3.866305e+01	1.356902e+03
1.330000e-06	5.500883e-06	2.297916e-08	3.918799e+01	1.364303e+03
1.340000e-06	5.572503e-06	2.309497e-08	3.969821e+01	1.371216e+03
1.350000e-06	5.642216e-06	2.320482e-08	4.019484e+01	1.377695e+03
1.360000e-06	5.710010e-06	2.330742e-08	4.067780e+01	1.383808e+03
1.370000e-06	5.775675e-06	2.340292e-08	4.114559e+01	1.389619e+03
1.380000e-06	5.839225e-06	2.349365e-08	4.159832e+01	1.395170e+03
1.390000e-06	5.900867e-06	2.358084e-08	4.203746e+01	1.400473e+03
1.400000e-06	5.960553e-06	2.366322e-08	4.246266e+01	1.405519e+03
1.410000e-06	6.018005e-06	2.374048e-08	4.287194e+01	1.410288e+03
1.420000e-06	6.073215e-06	2.381475e-08	4.326525e+01	1.414767e+03
1.430000e-06	6.126184e-06	2.388753e-08	4.364260e+01	1.418962e+03
1.440000e-06	6.176553e-06	2.395603e-08	4.400143e+01	1.422892e+03
1.450000e-06	6.224385e-06	2.401868e-08	4.434218e+01	1.426590e+03
1.460000e-06	6.270049e-06	2.407817e-08	4.466749e+01	1.430081e+03
1.470000e-06	6.313611e-06	2.413551e-08	4.497782e+01	1.433378e+03
1.480000e-06	6.354846e-06	2.418817e-08	4.527158e+01	1.436478e+03
1.490000e-06	6.393760e-06	2.423464e-08	4.554880e+01	1.439365e+03
1.500000e-06	6.430629e-06	2.427706e-08	4.581145e+01	1.442023e+03
1.510000e-06	6.465256e-06	2.431779e-08	4.605814e+01	1.444442e+03
1.520000e-06	6.497422e-06	2.435496e-08	4.628728e+01	1.446632e+03
1.530000e-06	6.527355e-06	2.438784e-08	4.650052e+01	1.448612e+03
1.540000e-06	6.555158e-06	2.441891e-08	4.669859e+01	1.450408e+03
1.550000e-06	6.580535e-06	2.444870e-08	4.687937e+01	1.452039e+03
1.560000e-06	6.603434e-06	2.447357e-08	4.704251e+01	1.453511e+03
1.570000e-06	6.624218e-06	2.449150e-08	4.719057e+01	1.454814e+03
1.580000e-06	6.642732e-06	2.450510e-08	4.732246e+01	1.455926e+03
1.590000e-06	6.658745e-06	2.451815e-08	4.743654e+01	1.456830e+03
1.600000e-06	6.672350e-06	2.453014e-08	4.753346e+01	1.457517e+03
1.610000e-06	6.683344e-06	2.453796e-08	4.761178e+01	1.457998e+03
1.620000e-06	6.691748e-06	2.454242e-08	4.767165e+01	1.458297e+03
1.630000e-06	6.697801e-06	2.454512e-08	4.771477e+01	1.458446e+03
1.640000e-06	6.701531e-06	2.454716e-08	4.774134e+01	1.458470e+03
1.650000e-06	6.702851e-06	2.454492e-08	4.775075e+01	1.458378e+03
1.660000e-06	6.701851e-06	2.453838e-08	4.774363e+01	1.458162e+03
1.670000e-06	6.698816e-06	2.453490e-08	4.772200e+01	1.457802e+03
1.680000e-06	6.693548e-06	2.452865e-08	4.768448e+01	1.457270e+03
1.690000e-06	6.685936e-06	2.451607e-08	4.763025e+01	1.456549e+03
1.700000e-06	6.676235e-06	2.449564e-08	4.756114e+01	1.455636e+03
1.710000e-06	6.664349e-06	2.447218e-08	4.747646e+01	1.454539e+03
1.720000e-06	6.650097e-06	2.444971e-08	4.737493e+01	1.453276e+03
1.730000e-06	6.633723e-06	2.441418e-08	4.725828e+01	1.451864e+03
1.740000e-06	6.615344e-06	2.442465e-08	4.712735e+01	1.450308e+03
1.750000e-06	6.594316e-06	2.442864e-08	4.697755e+01	1.448602e+03
1.760000e-06	6.570069e-06	2.436358e-08	4.680481e+01	1.446730e+03
1.770000e-06	6.543015e-06	2.430087e-08	4.661208e+01	1.444678e+03
1.780000e-06	6.513665e-06	2.426517e-08	4.640299e+01	1.442442e+03
1.790000e-06	6.482327e-06	2.418395e-08	4.617975e+01	1.440029e+03
1.800000e-06	6.449476e-06	2.419893e-08	4.594571e+01	1.437460e+03
1.810000e-06	6.414820e-06	2.418091e-08	4.569883e+01	1.434756e+03
1.820000e-06	6.377827e-06	2.403594e-08	4.543529e+01	1.431928e+03
1.830000e-06	6.338663e-06	2.408971e-08	4.515629e+01	1.428970e+03
1.840000e-06	6.297257e-06	2.402159e-08	4.486132e+01	1.425858e+03
1.850000e-06	6.253640e-06	2.393579e-08	4.455059e+01	1.422554e+03
1.860000e-06	6.207843e-06	2.391229e-08	4.422434e+01	1.419022e+03
1.870000e-06	6.159610e-06	2.375029e-08	4.388072e+01	1.415244e+03
1.880000e-06	6.109174e-06	2.376478e-08	4.352142e+01	1.411225e+03
1.890000e-06	6.056302e-06	2.370002e-08	4.314476e+01	1.406992e+03
1.900000e-06	6.000948e-06	2.359061e-08	4.275043e+01	1.402584e+03
1.910000e-06	5.943493e-06	2.356023e-08	4.234112e+01	1.398036e+03
1.920000e-06	5.883819e-06	2.342692e-08	4.191600e+01	1.393359e+03
1.930000e-06	5.821977e-06	2.339527e-08	4.147544e+01	1.388541e+03
1.940000e-06	5.758003e-06	2.327776e-08	4.101970e+01	1.383541e+03
1.950000e-06	5.692030e-06	2.316052e-08	4.054971e+01	1.378310e+03
1.960000e-06	5.624079e-06	2.311331e-08	4.006563e+01	1.372808e+03
1.970000e-06	5.553774e-06	2.299908e-08	3.956479e+01	1.367019e+03
1.980000e-06	5.481365e-06	2.295026e-08	3.904894e+01	1.360954e+03
1.990000e-06	5.407018e-06	2.278307e-08	3.851930e+01	1.354648e+03
2.000000e-06	5.330557e-06	2.267520e-08	3.797460e+01	1.348143e+03
2.010000e-06	5.251989e-06	2.257196e-08	3.741489e+01	1.341467e+03
2.020000e-06	5.171522e-06	2.242887e-08	3.684164e+01	1.334624e+03
2.030000e-06	5.089369e-06	2.233739e-08	3.625639e+01	1.327590e+03
2.040000e-06	5.005372e-06	2.219875e-08	3.565800e+01	1.320322e+03
2.050000e-06	4.919469e-06	2.212992e-08	3.504603e+01	1.312776e+03
2.060000e-06	4.831735e-06	2.198337e-08	3.442102e+01	1.304925e+03
2.070000e-06	4.742343e-06	2.182127e-08	3.378419e+01	1.296768e+03
2.080000e-06	4.651353e-06	2.165388e-08	3.313598e+01	1.288330e+03
2.090000e-06	4.558664e-06	2.149799e-08	3.247568e+01	1.279647e+03
2.100000e-06	4.464291e-06	2.137578e-08	3.180337e+01	1.270751e+03
2.110000e-06	4.368341e-06	2.121537e-08	3.111982e+01	1.261649e+03
2.120000e-06	4.270928e-06	2.108552e-08	3.042586e+01	1.252321e+03
2.130000e-06	4.172046e-06	2.093101e-08	2.972143e+01	1.242725e+03
2.140000e-06	4.071619e-06	2.076261e-08	2.900599e+01	1.232811e+03
2.150000e-06	3.969559e-06	2.055755e-08	2.827892e+01	1.222545e+03
2.160000e-06	3.865956e-06	2.035952e-08	2.754086e+01	1.211917e+03
2.170000e-06	3.761022e-06	2.018686e-08	2.679332e+01	1.200948e+03
2.180000e-06	3.654910e-06	2.001888e-08	2.603738e+01	1.189676e+03
2.190000e-06	3.547599e-06	1.983975e-08	2.527290e+01	1.178138e+03
2.200000e-06	3.439016e-06	1.963883e-08	2.449937e+01	1.166352e+03
2.210000e-06	3.329193e-06	1.943554e-08	2.371699e+01	1.154307e+03
2.220000e-06	3.218068e-06	1.921606e-08	2.292534e+01	1.141965e+03
2.230000e-06	3.105714e-06	1.898580e-08	2.212494e+01	1.129275e+03
2.240000e-06	2.992253e-06	1.875189e-08	2.131665e+01	1.116199e+03
2.250000e-06	2.877699e-06	1.854235e-08	2.050057e+01	1.102719e+03
2.260000e-06	2.762012e-06	1.833081e-08	1.967642e+01	1.088853e+03
2.270000e-06	2.645135e-06	1.810358e-08	1.884380e+01	1.074636e+03
2.280000e-06	2.527143e-06	1.785030e-08	1.800323e+01	1.060108e+03
2.290000e-06	2.408139e-06	1.759304e-08	1.715545e+01	1.045289e+03
2.300000e-06	2.288261e-06	1.733439e-08	1.630145e+01	1.030169e+03
2.310000e-06	2.167597e-06	1.706389e-08	1.544184e+01	1.014704e+03
2.320000e-06	2.046206e-06	1.679298e-08	1.457706e+01	9.988354e+02
2.330000e-06	1.924189e-06	1.652165e-08	1.370782e+01	9.825112e+02
2.340000e-06	1.801556e-06	1.625368e-08	1.283419e+01	9.657068e+02
2.350000e-06	1.678243e-06	1.596427e-08	1.195571e+01	9.484328e+02
2.360000e-06	1.554265e-06	1.565872e-08	1.107250e+01	9.307265e+02
2.370000e-06	1.429693e-06	1.534746e-08	1.018506e+01	9.126291e+02
2.380000e-06	1.304623e-06	1.503941e-08	9.294061e+00	8.941593e+02
2.390000e-06	1.179152e-06	1.472505e-08	8.400213e+00	8.752949e+02
2.400000e-06	1.053295e-06	1.439633e-08	7.503619e+00	8.559715e+02
2.410000e-06	9.269815e-07	1.406151e-08	6.603766e+00	8.361000e+02
2.420000e-06	8.002197e-07	1.371647e-08	5.700721e+00	8.155950e+02
2.430000e-06	6.731103e-07	1.335794e-08	4.795201e+00	7.944015e+02
2.440000e-06	5.458105e-07	1.298518e-08	3.888324e+00	7.725045e+02
2.450000e-06	4.183398e-07	1.260584e-08	2.980230e+00	7.499155e+02
2.460000e-06	2.906768e-07	1.222314e-08	2.070766e+00	7.266381e+02
2.470000e-06	1.628504e-07	1.182525e-08	1.160137e+00	7.026259e+02
2.480000e-06	3.497779e-08	1.140344e-08	2.491799e-01	6.777508e+02
2.490000e-06	-9.285357e-08	1.095830e-08	-6.614838e-01	6.517991e+02
2.500000e-06	-2.206470e-07	1.049319e-08	-1.571878e+00	6.244978e+02
2.510000e-06	-3.483224e-07	1.000653e-08	-2.481430e+00	5.955639e+02
2.520000e-06	-4.758715e-07	9.490587e-09	-3.390083e+00	5.647528e+02
2.530000e-06	-6.032319e-07	8.945707e-09	-4.297391e+00	5.318795e+02
2.540000e-06	-7.303359e-07	8.367619e-09	-5.202873e+00	4.967933e+02
2.550000e-06	-8.571037e-07	7.746331e-09	-6.105960e+00	4.593039e+02
2.560000e-06	-9.834792e-07	7.068650e-09	-7.006252e+00	4.190784e+02
2.570000e-06	-1.109450e-06	6.328372e-09	-7.903661e+00	3.755504e+02
2.580000e-06	-1.235031e-06	5.521780e-09	-8.798297e+00	3.278836e+02
2.590000e-06	-1.360267e-06	4.635440e-09	-9.690468e+00	2.750303e+02
2.600000e-06	-1.485047e-06	3.652147e-09	-1.057939e+01	2.158918e+02
2.610000e-06	-1.609245e-06	2.553218e-09	-1.146417e+01	1.495609e+02
2.620000e-06	-1.732783e-06	1.328742e-09	-1.234425e+01	7.559186e+01
2.630000e-06	-1.855577e-06	-2.432806e-11	-1.321903e+01	-5.772738e+00
2.640000e-06	-1.977663e-06	-1.494977e-09	-1.408876e+01	-9.348668e+01
2.650000e-06	-2.099113e-06	-3.050844e-09	-1.495396e+01	-1.857387e+02
2.660000e-06	-2.219919e-06	-4.643685e-09	-1.581458e+01	-2.801492e+02
2.670000e-06	-2.339974e-06	-6.225763e-09	-1.666984e+01	-3.740862e+02
2.680000e-06	-2.459124e-06	-7.756271e-09	-1.751866e+01	-4.650295e+02
2.690000e-06	-2.577278e-06	-9.200336e-09	-1.836039e+01	-5.508986e+02
2.700000e-06	-2.694465e-06	-1.053523e-08	-1.919522e+01	-6.302750e+02
2.710000e-06	-2.810577e-06	-1.174998e-08	-2.002240e+01	-7.024751e+02
2.720000e-06	-2.925478e-06	-1.284765e-08	-2.084094e+01	-7.674782e+02
2.730000e-06	-3.039189e-06	-1.383825e-08	-2.165101e+01	-8.257453e+02
2.740000e-06	-3.151638e-06	-1.472993e-08	-2.245210e+01	-8.779916e+02
2.750000e-06	-3.262835e-06	-1.553054e-08	-2.324426e+01	-9.249778e+02
2.760000e-06	-3.372741e-06	-1.624899e-08	-2.402723e+01	-9.673674e+02
2.770000e-06	-3.481441e-06	-1.689663e-08	-2.480160e+01	-1.005670e+03
2.780000e-06	-3.589060e-06	-1.747939e-08	-2.556827e+01	-1.040262e+03
2.790000e-06	-3.695503e-06	-1.800191e-08	-2.632656e+01	-1.071447e+03
2.800000e-06	-3.800732e-06	-1.847183e-08	-2.707621e+01	-1.099528e+03
2.810000e-06	-3.904638e-06	-1.889796e-08	-2.781643e+01	-1.124848e+03
2.820000e-06	-4.007059e-06	-1.929021e-08	-2.854607e+01	-1.147790e+03
2.830000e-06	-4.107856e-06	-1.965078e-08	-2.926415e+01	-1.168745e+03
2.840000e-06	-4.207134e-06	-1.998276e-08	-2.997139e+01	-1.188058e+03
2.850000e-06	-4.305073e-06	-2.028956e-08	-3.066911e+01	-1.205995e+03
2.860000e-06	-4.401563e-06	-2.057212e-08	-3.135650e+01	-1.222717e+03
2.870000e-06	-4.496458e-06	-2.083282e-08	-3.203252e+01	-1.238307e+03
2.880000e-06	-4.589711e-06	-2.107398e-08	-3.269685e+01	-1.252800e+03
2.890000e-06	-4.681322e-06	-2.129859e-08	-3.334948e+01	-1.266233e+03
2.900000e-06	-4.771308e-06	-2.150796e-08	-3.399054e+01	-1.278673e+03
2.910000e-06	-4.859613e-06	-2.170566e-08	-3.461962e+01	-1.290232e+03
2.920000e-06	-4.946124e-06	-2.189316e-08	-3.523592e+01	-1.301047e+03
2.930000e-06	-5.030765e-06	-2.206983e-08	-3.583890e+01	-1.311255e+03
2.940000e-06	-5.113628e-06	-2.223496e-08	-3.642921e+01	-1.320956e+03
2.950000e-06	-5.194808e-06	-2.239146e-08	-3.700753e+01	-1.330205e+03
2.960000e-06	-5.274216e-06	-2.254098e-08	-3.757323e+01	-1.339005e+03
2.970000e-06	-5.351565e-06	-2.268026e-08	-3.812426e+01	-1.347329e+03
2.980000e-06	-5.426750e-06	-2.281015e-08	-3.865987e+01	-1.355149e+03
2.990000e-06	-5.499952e-06	-2.293367e-08	-3.918136e+01	-1.362461e+03
3.000000e-06	-5.571236e-06	-2.305238e-08	-3.968919e+01	-1.369293e+03
3.010000e-06	-5.640403e-06	-2.316602e-08	-4.018193e+01	-1.375701e+03
3.020000e-06	-5.707475e-06	-2.327271e-08	-4.065974e+01	-1.381756e+03
3.030000e-06	-5.772667e-06	-2.337124e-08	-4.112417e+01	-1.387519e+03
3.040000e-06	-5.835908e-06	-2.346504e-08	-4.157469e+01	-1.393026e+03
3.050000e-06	-5.896943e-06	-2.355286e-08	-4.200950e+01	-1.398286e+03
3.060000e-06	-5.955758e-06	-2.363515e-08	-4.242850e+01	-1.403284e+03
3.070000e-06	-6.012520e-06	-2.371367e-08	-4.283286e+01	-1.408002e+03
3.080000e-06	-6.067177e-06	-2.379026e-08	-4.322224e+01	-1.412430e+03
3.090000e-06	-6.119452e-06	-2.386312e-08	-4.359465e+01	-1.416575e+03
3.100000e-06	-6.169194e-06	-2.393016e-08	-4.394900e+01	-1.420463e+03
3.110000e-06	-6.216431e-06	-2.399228e-08	-4.428551e+01	-1.424122e+03
3.120000e-06	-6.261395e-06	-2.405094e-08	-4.460584e+01	-1.427578e+03
3.130000e-06	-6.304430e-06	-2.410622e-08	-4.491242e+01	-1.430842e+03
3.140000e-06	-6.345452e-06	-2.415648e-08	-4.520466e+01	-1.433906e+03
3.150000e-06	-6.384329e-06	-2.420189e-08	-4.548162e+01	-1.436753e+03
3.160000e-06	-6.420902e-06	-2.424341e-08	-4.574216e+01	-1.439369e+03
3.170000e-06	-6.455172e-06	-2.428421e-08	-4.598630e+01	-1.441747e+03
3.180000e-06	-6.487269e-06	-2.432129e-08	-4.621495e+01	-1.443897e+03
3.190000e-06	-6.516942e-06	-2.435646e-08	-4.642634e+01	-1.445843e+03
3.200000e-06	-6.544199e-06	-2.439040e-08	-4.662052e+01	-1.447609e+03
3.210000e-06	-6.569216e-06	-2.442060e-08	-4.679874e+01	-1.449213e+03
3.220000e-06	-6.591916e-06	-2.444393e-08	-4.696045e+01	-1.450656e+03
3.230000e-06	-6.612211e-06	-2.446075e-08	-4.710503e+01	-1.451927e+03
3.240000e-06	-6.630208e-06	-2.447642e-08	-4.723324e+01	-1.453004e+03
3.250000e-06	-6.645958e-06	-2.449303e-08	-4.734545e+01	-1.453869e+03
3.260000e-06	-6.659070e-06	-2.450748e-08	-4.743885e+01	-1.454519e+03
3.270000e-06	-6.669535e-06	-2.451816e-08	-4.751341e+01	-1.454965e+03
3.280000e-06	-6.677727e-06	-2.452615e-08	-4.757176e+01	-1.455236e+03
3.290000e-06	-6.683518e-06	-2.453120e-08	-4.761302e+01	-1.455361e+03
3.300000e-06	-6.686873e-06	-2.453119e-08	-4.763692e+01	-1.455365e+03
3.310000e-06	-6.687989e-06	-2.452758e-08	-4.764487e+01	-1.455252e+03
