# Temperatura_=_53.7
# Concentracion g/m^3_=_22000.0
# C_Vs_to_Am_M_A/Vsm_=_59384043850.047264
# pendiente_HvsI_1/m_=_3716.3
# ordenada_HvsI_A/m_=_1297.0
# frecuencia_Hz_=_301172.31287909497

Tiempo_(s)	Campo_(V.s)	Magnetizacion_(V.s)	Campo_(kA/m)	Magnetizacion_(A/m)
0.000000e+00	-5.334690e-06	-1.711445e-08	-3.825153e+01	-1.016307e+03
1.000000e-08	-5.333306e-06	-1.711620e-08	-3.824161e+01	-1.016597e+03
2.000000e-08	-5.329993e-06	-1.711775e-08	-3.821784e+01	-1.016677e+03
3.000000e-08	-5.324963e-06	-1.711573e-08	-3.818178e+01	-1.016515e+03
4.000000e-08	-5.318339e-06	-1.710741e-08	-3.813428e+01	-1.016073e+03
5.000000e-08	-5.310137e-06	-1.709424e-08	-3.807547e+01	-1.015321e+03
6.000000e-08	-5.300015e-06	-1.707681e-08	-3.800290e+01	-1.014251e+03
7.000000e-08	-5.287793e-06	-1.706448e-08	-3.791526e+01	-1.012889e+03
8.000000e-08	-5.273613e-06	-1.704794e-08	-3.781359e+01	-1.011292e+03
9.000000e-08	-5.257100e-06	-1.698863e-08	-3.769518e+01	-1.009534e+03
1.000000e-07	-5.238211e-06	-1.693750e-08	-3.755974e+01	-1.007690e+03
1.100000e-07	-5.217429e-06	-1.692312e-08	-3.741073e+01	-1.005815e+03
1.200000e-07	-5.195006e-06	-1.690519e-08	-3.724995e+01	-1.003929e+03
1.300000e-07	-5.171222e-06	-1.691253e-08	-3.707940e+01	-1.002015e+03
1.400000e-07	-5.146178e-06	-1.689179e-08	-3.689983e+01	-1.000025e+03
1.500000e-07	-5.119338e-06	-1.676380e-08	-3.670738e+01	-9.978992e+02
1.600000e-07	-5.090559e-06	-1.675162e-08	-3.650102e+01	-9.955843e+02
1.700000e-07	-5.060356e-06	-1.676162e-08	-3.628446e+01	-9.930498e+02
1.800000e-07	-5.028501e-06	-1.664896e-08	-3.605605e+01	-9.902956e+02
1.900000e-07	-4.994462e-06	-1.660347e-08	-3.581198e+01	-9.873478e+02
2.000000e-07	-4.958640e-06	-1.655029e-08	-3.555512e+01	-9.842466e+02
2.100000e-07	-4.921266e-06	-1.651499e-08	-3.528713e+01	-9.810298e+02
2.200000e-07	-4.882180e-06	-1.650915e-08	-3.500688e+01	-9.777199e+02
2.300000e-07	-4.841462e-06	-1.640776e-08	-3.471492e+01	-9.743169e+02
2.400000e-07	-4.798761e-06	-1.631926e-08	-3.440873e+01	-9.708020e+02
2.500000e-07	-4.754125e-06	-1.628511e-08	-3.408868e+01	-9.671471e+02
2.600000e-07	-4.707857e-06	-1.621876e-08	-3.375692e+01	-9.633275e+02
2.700000e-07	-4.659903e-06	-1.615581e-08	-3.341307e+01	-9.593319e+02
2.800000e-07	-4.610015e-06	-1.605570e-08	-3.305536e+01	-9.551660e+02
2.900000e-07	-4.557978e-06	-1.599869e-08	-3.268224e+01	-9.508481e+02
3.000000e-07	-4.504076e-06	-1.597368e-08	-3.229574e+01	-9.463999e+02
3.100000e-07	-4.448619e-06	-1.586217e-08	-3.189810e+01	-9.418359e+02
3.200000e-07	-4.391657e-06	-1.575139e-08	-3.148966e+01	-9.371571e+02
3.300000e-07	-4.332969e-06	-1.568088e-08	-3.106885e+01	-9.323505e+02
3.400000e-07	-4.272627e-06	-1.563050e-08	-3.063618e+01	-9.273962e+02
3.500000e-07	-4.210897e-06	-1.553094e-08	-3.019355e+01	-9.222772e+02
3.600000e-07	-4.147788e-06	-1.542015e-08	-2.974104e+01	-9.169891e+02
3.700000e-07	-4.083268e-06	-1.534052e-08	-2.927841e+01	-9.115439e+02
3.800000e-07	-4.017078e-06	-1.524472e-08	-2.880380e+01	-9.059673e+02
3.900000e-07	-3.949165e-06	-1.514607e-08	-2.831684e+01	-9.002888e+02
4.000000e-07	-3.879903e-06	-1.504374e-08	-2.782021e+01	-8.945297e+02
4.100000e-07	-3.809450e-06	-1.495108e-08	-2.731504e+01	-8.886932e+02
4.200000e-07	-3.737763e-06	-1.487116e-08	-2.680102e+01	-8.827619e+02
4.300000e-07	-3.664719e-06	-1.476446e-08	-2.627727e+01	-8.767024e+02
4.400000e-07	-3.590033e-06	-1.464556e-08	-2.574175e+01	-8.704779e+02
4.500000e-07	-3.513763e-06	-1.453397e-08	-2.519487e+01	-8.640609e+02
4.600000e-07	-3.436157e-06	-1.443214e-08	-2.463840e+01	-8.574445e+02
4.700000e-07	-3.357196e-06	-1.432126e-08	-2.407223e+01	-8.506446e+02
4.800000e-07	-3.276883e-06	-1.419754e-08	-2.349636e+01	-8.436937e+02
4.900000e-07	-3.195289e-06	-1.408656e-08	-2.291130e+01	-8.366283e+02
5.000000e-07	-3.112510e-06	-1.397242e-08	-2.231774e+01	-8.294743e+02
5.100000e-07	-3.028754e-06	-1.384986e-08	-2.171719e+01	-8.222366e+02
5.200000e-07	-2.944172e-06	-1.371690e-08	-2.111071e+01	-8.148970e+02
5.300000e-07	-2.858678e-06	-1.358798e-08	-2.049769e+01	-8.074204e+02
5.400000e-07	-2.772221e-06	-1.346594e-08	-1.987776e+01	-7.997681e+02
5.500000e-07	-2.684883e-06	-1.333678e-08	-1.925151e+01	-7.919118e+02
5.600000e-07	-2.596762e-06	-1.320237e-08	-1.861966e+01	-7.838428e+02
5.700000e-07	-2.507688e-06	-1.306185e-08	-1.798097e+01	-7.755740e+02
5.800000e-07	-2.417435e-06	-1.292528e-08	-1.733382e+01	-7.671318e+02
5.900000e-07	-2.326155e-06	-1.277949e-08	-1.667931e+01	-7.585435e+02
6.000000e-07	-2.234101e-06	-1.262295e-08	-1.601926e+01	-7.498238e+02
6.100000e-07	-2.141350e-06	-1.247138e-08	-1.535420e+01	-7.409668e+02
6.200000e-07	-2.047866e-06	-1.232612e-08	-1.468389e+01	-7.319465e+02
6.300000e-07	-1.953641e-06	-1.217673e-08	-1.400826e+01	-7.227258e+02
6.400000e-07	-1.858778e-06	-1.201656e-08	-1.332807e+01	-7.132705e+02
6.500000e-07	-1.763321e-06	-1.185492e-08	-1.264361e+01	-7.035620e+02
6.600000e-07	-1.667268e-06	-1.168951e-08	-1.195487e+01	-6.936046e+02
6.700000e-07	-1.570627e-06	-1.151590e-08	-1.126193e+01	-6.834230e+02
6.800000e-07	-1.473292e-06	-1.133618e-08	-1.056400e+01	-6.730515e+02
6.900000e-07	-1.375227e-06	-1.115848e-08	-9.860844e+00	-6.625192e+02
7.000000e-07	-1.276507e-06	-1.098247e-08	-9.152982e+00	-6.518361e+02
7.100000e-07	-1.177267e-06	-1.080138e-08	-8.441402e+00	-6.409860e+02
7.200000e-07	-1.077669e-06	-1.061269e-08	-7.727248e+00	-6.299297e+02
7.300000e-07	-9.777287e-07	-1.042068e-08	-7.010644e+00	-6.186163e+02
7.400000e-07	-8.774995e-07	-1.023002e-08	-6.291967e+00	-6.069985e+02
7.500000e-07	-7.770184e-07	-1.003321e-08	-5.571484e+00	-5.950471e+02
7.600000e-07	-6.762754e-07	-9.825801e-09	-4.849122e+00	-5.827575e+02
7.700000e-07	-5.753292e-07	-9.610471e-09	-4.125304e+00	-5.701470e+02
7.800000e-07	-4.742217e-07	-9.392896e-09	-3.400330e+00	-5.572435e+02
7.900000e-07	-3.729528e-07	-9.171136e-09	-2.674197e+00	-5.440699e+02
8.000000e-07	-2.715493e-07	-8.944536e-09	-1.947100e+00	-5.306294e+02
8.100000e-07	-1.700542e-07	-8.714386e-09	-1.219346e+00	-5.168989e+02
8.200000e-07	-6.848791e-08	-8.480911e-09	-4.910814e-01	-5.028303e+02
8.300000e-07	3.315285e-08	-8.239986e-09	2.377171e-01	-4.883613e+02
8.400000e-07	1.347870e-07	-7.985929e-09	9.664685e-01	-4.734301e+02
8.500000e-07	2.362956e-07	-7.723121e-09	1.694319e+00	-4.579890e+02
8.600000e-07	3.377504e-07	-7.453541e-09	2.421784e+00	-4.420132e+02
8.700000e-07	4.391012e-07	-7.176022e-09	3.148504e+00	-4.255005e+02
8.800000e-07	5.402655e-07	-6.889441e-09	3.873886e+00	-4.084645e+02
8.900000e-07	6.412691e-07	-6.595584e-09	4.598116e+00	-3.909244e+02
9.000000e-07	7.420706e-07	-6.294665e-09	5.320896e+00	-3.728940e+02
9.100000e-07	8.426525e-07	-5.983793e-09	6.042103e+00	-3.543767e+02
9.200000e-07	9.429961e-07	-5.662413e-09	6.761600e+00	-3.353644e+02
9.300000e-07	1.043118e-06	-5.332490e-09	7.479506e+00	-3.158428e+02
9.400000e-07	1.142950e-06	-4.996312e-09	8.195335e+00	-2.957971e+02
9.500000e-07	1.242320e-06	-4.650610e-09	8.907850e+00	-2.752167e+02
9.600000e-07	1.341105e-06	-4.292665e-09	9.616176e+00	-2.540953e+02
9.700000e-07	1.439243e-06	-3.926151e-09	1.031986e+01	-2.324273e+02
9.800000e-07	1.536746e-06	-3.553952e-09	1.101899e+01	-2.102004e+02
9.900000e-07	1.633673e-06	-3.171381e-09	1.171399e+01	-1.873903e+02
1.000000e-06	1.730046e-06	-2.775915e-09	1.240502e+01	-1.639587e+02
1.010000e-06	1.825746e-06	-2.369809e-09	1.309121e+01	-1.398563e+02
1.020000e-06	1.920744e-06	-1.951251e-09	1.377238e+01	-1.150326e+02
1.030000e-06	2.015124e-06	-1.516450e-09	1.444912e+01	-8.944609e+01
1.040000e-06	2.108832e-06	-1.068041e-09	1.512104e+01	-6.307489e+01
1.050000e-06	2.201871e-06	-6.118482e-10	1.578816e+01	-3.592154e+01
1.060000e-06	2.294311e-06	-1.464451e-10	1.645098e+01	-8.012234e+00
1.070000e-06	2.386032e-06	3.356727e-10	1.710865e+01	2.060972e+01
1.080000e-06	2.476789e-06	8.362372e-10	1.775941e+01	4.989301e+01
1.090000e-06	2.566415e-06	1.344709e-09	1.840206e+01	7.978632e+01
1.100000e-06	2.654970e-06	1.855958e-09	1.903703e+01	1.102420e+02
1.110000e-06	2.742607e-06	2.375212e-09	1.966542e+01	1.412139e+02
1.120000e-06	2.829384e-06	2.904192e-09	2.028764e+01	1.726505e+02
1.130000e-06	2.915223e-06	3.441471e-09	2.090313e+01	2.044853e+02
1.140000e-06	3.000134e-06	3.983092e-09	2.151197e+01	2.366298e+02
1.150000e-06	3.084169e-06	4.530058e-09	2.211453e+01	2.689708e+02
1.160000e-06	3.167104e-06	5.082035e-09	2.270920e+01	3.013736e+02
1.170000e-06	3.248839e-06	5.631307e-09	2.329527e+01	3.336917e+02
1.180000e-06	3.329432e-06	6.172323e-09	2.387315e+01	3.657791e+02
1.190000e-06	3.408828e-06	6.705929e-09	2.444245e+01	3.975016e+02
1.200000e-06	3.486971e-06	7.234193e-09	2.500276e+01	4.287449e+02
1.210000e-06	3.563873e-06	7.752561e-09	2.555417e+01	4.594171e+02
1.220000e-06	3.639488e-06	8.258894e-09	2.609636e+01	4.894458e+02
1.230000e-06	3.713555e-06	8.753418e-09	2.662744e+01	5.187718e+02
1.240000e-06	3.786081e-06	9.236788e-09	2.714748e+01	5.473418e+02
1.250000e-06	3.857291e-06	9.704191e-09	2.765807e+01	5.751032e+02
1.260000e-06	3.927176e-06	1.015436e-08	2.815918e+01	6.020023e+02
1.270000e-06	3.995779e-06	1.059040e-08	2.865108e+01	6.279865e+02
1.280000e-06	4.063056e-06	1.101147e-08	2.913348e+01	6.530085e+02
1.290000e-06	4.128707e-06	1.141833e-08	2.960422e+01	6.770316e+02
1.300000e-06	4.192746e-06	1.180883e-08	3.006340e+01	7.000339e+02
1.310000e-06	4.255377e-06	1.218047e-08	3.051249e+01	7.220093e+02
1.320000e-06	4.316668e-06	1.253364e-08	3.095196e+01	7.429664e+02
1.330000e-06	4.376692e-06	1.286681e-08	3.138236e+01	7.629243e+02
1.340000e-06	4.435167e-06	1.318122e-08	3.180164e+01	7.819082e+02
1.350000e-06	4.491857e-06	1.348221e-08	3.220813e+01	7.999444e+02
1.360000e-06	4.546858e-06	1.377220e-08	3.260250e+01	8.170577e+02
1.370000e-06	4.600194e-06	1.404823e-08	3.298494e+01	8.332698e+02
1.380000e-06	4.651722e-06	1.430830e-08	3.335442e+01	8.486005e+02
1.390000e-06	4.701241e-06	1.455344e-08	3.370948e+01	8.630692e+02
1.400000e-06	4.748894e-06	1.478366e-08	3.405117e+01	8.766976e+02
1.410000e-06	4.794911e-06	1.499887e-08	3.438113e+01	8.895115e+02
1.420000e-06	4.839395e-06	1.519952e-08	3.470010e+01	9.015407e+02
1.430000e-06	4.882152e-06	1.538817e-08	3.500668e+01	9.128187e+02
1.440000e-06	4.922964e-06	1.556568e-08	3.529931e+01	9.233797e+02
1.450000e-06	4.962037e-06	1.573205e-08	3.557948e+01	9.332559e+02
1.460000e-06	4.999515e-06	1.588762e-08	3.584821e+01	9.424746e+02
1.470000e-06	5.035365e-06	1.603076e-08	3.610526e+01	9.510572e+02
1.480000e-06	5.069314e-06	1.616326e-08	3.634869e+01	9.590195e+02
1.490000e-06	5.101425e-06	1.628527e-08	3.657894e+01	9.663748e+02
1.500000e-06	5.131878e-06	1.639700e-08	3.679730e+01	9.731379e+02
1.510000e-06	5.160627e-06	1.649976e-08	3.700343e+01	9.793298e+02
1.520000e-06	5.187542e-06	1.659262e-08	3.719643e+01	9.849796e+02
1.530000e-06	5.212409e-06	1.667806e-08	3.737473e+01	9.901250e+02
1.540000e-06	5.235336e-06	1.675624e-08	3.753913e+01	9.948080e+02
1.550000e-06	5.256536e-06	1.682827e-08	3.769113e+01	9.990693e+02
1.560000e-06	5.276076e-06	1.689477e-08	3.783124e+01	1.002941e+03
1.570000e-06	5.293755e-06	1.695474e-08	3.795801e+01	1.006441e+03
1.580000e-06	5.309415e-06	1.700871e-08	3.807030e+01	1.009574e+03
1.590000e-06	5.323123e-06	1.705471e-08	3.816859e+01	1.012334e+03
1.600000e-06	5.334781e-06	1.709302e-08	3.825217e+01	1.014711e+03
1.610000e-06	5.344243e-06	1.712572e-08	3.832002e+01	1.016702e+03
1.620000e-06	5.351745e-06	1.715314e-08	3.837382e+01	1.018321e+03
1.630000e-06	5.357542e-06	1.717492e-08	3.841538e+01	1.019596e+03
1.640000e-06	5.361631e-06	1.719166e-08	3.844470e+01	1.020570e+03
1.650000e-06	5.363714e-06	1.720285e-08	3.845964e+01	1.021290e+03
1.660000e-06	5.363765e-06	1.721080e-08	3.846000e+01	1.021791e+03
1.670000e-06	5.362138e-06	1.721733e-08	3.844833e+01	1.022091e+03
1.680000e-06	5.358934e-06	1.721675e-08	3.842536e+01	1.022180e+03
1.690000e-06	5.354006e-06	1.721275e-08	3.839002e+01	1.022030e+03
1.700000e-06	5.347184e-06	1.720545e-08	3.834111e+01	1.021601e+03
1.710000e-06	5.338658e-06	1.719106e-08	3.827998e+01	1.020863e+03
1.720000e-06	5.328578e-06	1.717083e-08	3.820770e+01	1.019806e+03
1.730000e-06	5.316792e-06	1.713700e-08	3.812319e+01	1.018456e+03
1.740000e-06	5.303067e-06	1.712301e-08	3.802478e+01	1.016868e+03
1.750000e-06	5.287260e-06	1.713473e-08	3.791144e+01	1.015117e+03
1.760000e-06	5.269153e-06	1.709495e-08	3.778160e+01	1.013277e+03
1.770000e-06	5.248509e-06	1.704052e-08	3.763358e+01	1.011405e+03
1.780000e-06	5.225650e-06	1.697719e-08	3.746967e+01	1.009522e+03
1.790000e-06	5.201302e-06	1.692357e-08	3.729509e+01	1.007611e+03
1.800000e-06	5.175898e-06	1.696637e-08	3.711294e+01	1.005627e+03
1.810000e-06	5.148983e-06	1.687298e-08	3.691995e+01	1.003510e+03
1.820000e-06	5.120134e-06	1.680342e-08	3.671308e+01	1.001204e+03
1.830000e-06	5.089614e-06	1.689203e-08	3.649425e+01	9.986802e+02
1.840000e-06	5.057284e-06	1.680614e-08	3.626243e+01	9.959357e+02
1.850000e-06	5.023082e-06	1.673816e-08	3.601719e+01	9.929964e+02
1.860000e-06	4.987309e-06	1.669979e-08	3.576069e+01	9.899022e+02
1.870000e-06	4.949688e-06	1.653113e-08	3.549093e+01	9.866913e+02
1.880000e-06	4.910179e-06	1.653342e-08	3.520764e+01	9.833868e+02
1.890000e-06	4.868972e-06	1.654986e-08	3.491217e+01	9.799896e+02
1.900000e-06	4.826076e-06	1.645590e-08	3.460459e+01	9.764814e+02
1.910000e-06	4.781701e-06	1.641803e-08	3.428641e+01	9.728342e+02
1.920000e-06	4.735553e-06	1.630079e-08	3.395551e+01	9.690230e+02
1.930000e-06	4.687427e-06	1.626959e-08	3.361043e+01	9.650359e+02
1.940000e-06	4.637694e-06	1.619774e-08	3.325383e+01	9.608780e+02
1.950000e-06	4.586313e-06	1.603261e-08	3.288541e+01	9.565674e+02
1.960000e-06	4.533022e-06	1.605012e-08	3.250330e+01	9.521257e+02
1.970000e-06	4.477786e-06	1.600120e-08	3.210724e+01	9.475680e+02
1.980000e-06	4.420870e-06	1.589617e-08	3.169912e+01	9.428956e+02
1.990000e-06	4.362497e-06	1.578635e-08	3.128057e+01	9.380962e+02
2.000000e-06	4.302645e-06	1.569048e-08	3.085142e+01	9.331497e+02
2.010000e-06	4.241212e-06	1.567025e-08	3.041092e+01	9.280390e+02
2.020000e-06	4.178087e-06	1.553235e-08	2.995829e+01	9.227590e+02
2.030000e-06	4.113474e-06	1.543384e-08	2.949500e+01	9.173213e+02
2.040000e-06	4.047483e-06	1.536840e-08	2.902181e+01	9.117511e+02
2.050000e-06	3.980035e-06	1.528078e-08	2.853819e+01	9.060780e+02
2.060000e-06	3.911171e-06	1.519917e-08	2.804442e+01	9.003238e+02
2.070000e-06	3.840762e-06	1.504115e-08	2.753956e+01	8.944925e+02
2.080000e-06	3.768868e-06	1.496154e-08	2.702406e+01	8.885673e+02
2.090000e-06	3.695607e-06	1.487079e-08	2.649875e+01	8.825153e+02
2.100000e-06	3.621025e-06	1.475520e-08	2.596397e+01	8.762994e+02
2.110000e-06	3.545136e-06	1.464683e-08	2.541982e+01	8.698918e+02
2.120000e-06	3.467668e-06	1.453145e-08	2.486435e+01	8.632846e+02
2.130000e-06	3.388698e-06	1.445245e-08	2.429810e+01	8.564930e+02
2.140000e-06	3.308563e-06	1.430478e-08	2.372351e+01	8.495490e+02
2.150000e-06	3.227373e-06	1.416741e-08	2.314135e+01	8.424894e+02
2.160000e-06	3.145107e-06	1.405112e-08	2.255148e+01	8.353405e+02
2.170000e-06	3.061810e-06	1.394823e-08	2.195421e+01	8.281083e+02
2.180000e-06	2.977498e-06	1.383221e-08	2.134967e+01	8.207750e+02
2.190000e-06	2.891978e-06	1.368125e-08	2.073645e+01	8.133063e+02
2.200000e-06	2.805221e-06	1.356072e-08	2.011438e+01	8.056631e+02
2.210000e-06	2.717420e-06	1.343152e-08	1.948482e+01	7.978165e+02
2.220000e-06	2.628757e-06	1.329378e-08	1.884907e+01	7.897572e+02
2.230000e-06	2.539212e-06	1.313845e-08	1.820701e+01	7.814974e+02
2.240000e-06	2.448817e-06	1.300165e-08	1.755884e+01	7.730631e+02
2.250000e-06	2.357758e-06	1.288100e-08	1.690592e+01	7.644819e+02
2.260000e-06	2.266007e-06	1.273031e-08	1.624804e+01	7.557691e+02
2.270000e-06	2.173429e-06	1.256471e-08	1.558422e+01	7.469195e+02
2.280000e-06	2.079840e-06	1.240532e-08	1.491315e+01	7.379079e+02
2.290000e-06	1.985336e-06	1.226401e-08	1.423553e+01	7.286972e+02
2.300000e-06	1.890139e-06	1.210586e-08	1.355294e+01	7.192529e+02
2.310000e-06	1.794343e-06	1.192974e-08	1.286605e+01	7.095558e+02
2.320000e-06	1.697952e-06	1.176408e-08	1.217489e+01	6.996092e+02
2.330000e-06	1.600942e-06	1.160769e-08	1.147929e+01	6.894372e+02
2.340000e-06	1.503415e-06	1.143373e-08	1.077999e+01	6.790742e+02
2.350000e-06	1.405424e-06	1.123938e-08	1.007737e+01	6.685495e+02
2.360000e-06	1.307002e-06	1.105599e-08	9.371644e+00	6.578741e+02
2.370000e-06	1.208175e-06	1.088760e-08	8.663024e+00	6.470327e+02
2.380000e-06	1.108970e-06	1.070623e-08	7.951691e+00	6.359869e+02
2.390000e-06	1.009437e-06	1.050545e-08	7.238002e+00	6.246858e+02
2.400000e-06	9.095742e-07	1.030694e-08	6.521954e+00	6.130818e+02
2.410000e-06	8.094147e-07	1.011358e-08	5.803777e+00	6.011447e+02
2.420000e-06	7.090342e-07	9.907481e-09	5.084014e+00	5.888692e+02
2.430000e-06	6.083960e-07	9.682278e-09	4.362404e+00	5.762719e+02
2.440000e-06	5.075141e-07	9.461997e-09	3.639047e+00	5.633806e+02
2.450000e-06	4.064255e-07	9.250318e-09	2.914208e+00	5.502187e+02
2.460000e-06	3.051359e-07	9.029802e-09	2.187927e+00	5.367902e+02
2.470000e-06	2.036990e-07	8.794130e-09	1.460591e+00	5.230730e+02
2.480000e-06	1.022118e-07	8.553712e-09	7.328929e-01	5.090197e+02
2.490000e-06	6.689208e-10	8.316238e-09	4.796388e-03	4.945684e+02
2.500000e-06	-1.009440e-07	8.066502e-09	-7.238021e-01	4.796568e+02
2.510000e-06	-2.024741e-07	7.798712e-09	-1.451807e+00	4.642367e+02
2.520000e-06	-3.038378e-07	7.524407e-09	-2.178619e+00	4.482824e+02
2.530000e-06	-4.050139e-07	7.252623e-09	-2.904086e+00	4.317909e+02
2.540000e-06	-5.060215e-07	6.972147e-09	-3.628345e+00	4.147755e+02
2.550000e-06	-6.068300e-07	6.674801e-09	-4.351175e+00	3.972553e+02
2.560000e-06	-7.073742e-07	6.367364e-09	-5.072112e+00	3.792445e+02
2.570000e-06	-8.076352e-07	6.057902e-09	-5.791017e+00	3.607469e+02
2.580000e-06	-9.076303e-07	5.741329e-09	-6.508015e+00	3.417548e+02
2.590000e-06	-1.007320e-06	5.407633e-09	-7.222826e+00	3.222539e+02
2.600000e-06	-1.106633e-06	5.063936e-09	-7.934934e+00	3.022293e+02
2.610000e-06	-1.205554e-06	4.719633e-09	-8.644229e+00	2.816703e+02
2.620000e-06	-1.304069e-06	4.369877e-09	-9.350616e+00	2.605706e+02
2.630000e-06	-1.402127e-06	4.005650e-09	-1.005372e+01	2.389244e+02
2.640000e-06	-1.499727e-06	3.629091e-09	-1.075355e+01	2.167200e+02
2.650000e-06	-1.596872e-06	3.247029e-09	-1.145011e+01	1.939336e+02
2.660000e-06	-1.693484e-06	2.856616e-09	-1.214285e+01	1.705272e+02
2.670000e-06	-1.789552e-06	2.450767e-09	-1.283169e+01	1.464519e+02
2.680000e-06	-1.885052e-06	2.029947e-09	-1.351646e+01	1.216569e+02
2.690000e-06	-1.979947e-06	1.599232e-09	-1.419689e+01	9.610043e+01
2.700000e-06	-2.074098e-06	1.159069e-09	-1.487198e+01	6.975958e+01
2.710000e-06	-2.167307e-06	7.042461e-10	-1.554032e+01	4.263606e+01
2.720000e-06	-2.259590e-06	2.333683e-10	-1.620202e+01	1.475531e+01
2.730000e-06	-2.351078e-06	-2.462420e-10	-1.685802e+01	-1.383984e+01
2.740000e-06	-2.441767e-06	-7.314083e-10	-1.750829e+01	-4.309819e+01
2.750000e-06	-2.531549e-06	-1.231731e-09	-1.815206e+01	-7.296834e+01
2.760000e-06	-2.620408e-06	-1.749350e-09	-1.878921e+01	-1.034025e+02
2.770000e-06	-2.708411e-06	-2.274814e-09	-1.942022e+01	-1.343546e+02
2.780000e-06	-2.795576e-06	-2.802098e-09	-2.004522e+01	-1.657734e+02
2.790000e-06	-2.881714e-06	-3.335006e-09	-2.066286e+01	-1.975931e+02
2.800000e-06	-2.966683e-06	-3.875894e-09	-2.127212e+01	-2.297262e+02
2.810000e-06	-3.050516e-06	-4.417562e-09	-2.187322e+01	-2.620601e+02
2.820000e-06	-3.133286e-06	-4.956139e-09	-2.246672e+01	-2.944609e+02
2.830000e-06	-3.215040e-06	-5.495295e-09	-2.305292e+01	-3.267825e+02
2.840000e-06	-3.295762e-06	-6.036811e-09	-2.363172e+01	-3.588783e+02
2.850000e-06	-3.375321e-06	-6.573913e-09	-2.420219e+01	-3.906137e+02
2.860000e-06	-3.453494e-06	-7.098978e-09	-2.476272e+01	-4.218735e+02
2.870000e-06	-3.530188e-06	-7.612479e-09	-2.531264e+01	-4.525653e+02
2.880000e-06	-3.605488e-06	-8.116889e-09	-2.585256e+01	-4.826158e+02
2.890000e-06	-3.679471e-06	-8.609971e-09	-2.638305e+01	-5.119657e+02
2.900000e-06	-3.752190e-06	-9.088433e-09	-2.690446e+01	-5.405613e+02
2.910000e-06	-3.823635e-06	-9.556081e-09	-2.741675e+01	-5.683503e+02
2.920000e-06	-3.893632e-06	-1.001443e-08	-2.791865e+01	-5.952789e+02
2.930000e-06	-3.962096e-06	-1.045618e-08	-2.840957e+01	-6.212944e+02
2.940000e-06	-4.029177e-06	-1.087862e-08	-2.889056e+01	-6.463492e+02
2.950000e-06	-4.094888e-06	-1.128138e-08	-2.936172e+01	-6.704063e+02
2.960000e-06	-4.159229e-06	-1.166563e-08	-2.982307e+01	-6.934430e+02
2.970000e-06	-4.222218e-06	-1.203480e-08	-3.027473e+01	-7.154528e+02
2.980000e-06	-4.283527e-06	-1.238782e-08	-3.071433e+01	-7.364438e+02
2.990000e-06	-4.343193e-06	-1.272551e-08	-3.114216e+01	-7.564348e+02
3.000000e-06	-4.401425e-06	-1.304960e-08	-3.155970e+01	-7.754507e+02
3.010000e-06	-4.458121e-06	-1.335769e-08	-3.196623e+01	-7.935181e+02
3.020000e-06	-4.513186e-06	-1.364648e-08	-3.236106e+01	-8.106618e+02
3.030000e-06	-4.566385e-06	-1.391619e-08	-3.274252e+01	-8.269035e+02
3.040000e-06	-4.617691e-06	-1.417249e-08	-3.311040e+01	-8.422631e+02
3.050000e-06	-4.667129e-06	-1.441719e-08	-3.346489e+01	-8.567600e+02
3.060000e-06	-4.714579e-06	-1.464689e-08	-3.380512e+01	-8.704158e+02
3.070000e-06	-4.760310e-06	-1.486207e-08	-3.413303e+01	-8.832560e+02
3.080000e-06	-4.804580e-06	-1.506504e-08	-3.445046e+01	-8.953105e+02
3.090000e-06	-4.847366e-06	-1.525776e-08	-3.475725e+01	-9.066125e+02
3.100000e-06	-4.888657e-06	-1.543635e-08	-3.505332e+01	-9.171963e+02
3.110000e-06	-4.928398e-06	-1.560164e-08	-3.533828e+01	-9.270942e+02
3.120000e-06	-4.966294e-06	-1.575822e-08	-3.561000e+01	-9.363338e+02
3.130000e-06	-5.002265e-06	-1.590755e-08	-3.586793e+01	-9.449366e+02
3.140000e-06	-5.036462e-06	-1.604537e-08	-3.611313e+01	-9.529186e+02
3.150000e-06	-5.068945e-06	-1.616972e-08	-3.634605e+01	-9.602931e+02
3.160000e-06	-5.099593e-06	-1.628379e-08	-3.656580e+01	-9.670749e+02
3.170000e-06	-5.128307e-06	-1.638708e-08	-3.677169e+01	-9.732845e+02
3.180000e-06	-5.155257e-06	-1.648236e-08	-3.696493e+01	-9.789508e+02
3.190000e-06	-5.180504e-06	-1.657104e-08	-3.714596e+01	-9.841113e+02
3.200000e-06	-5.203934e-06	-1.665203e-08	-3.731396e+01	-9.888079e+02
3.210000e-06	-5.225318e-06	-1.672739e-08	-3.746729e+01	-9.930813e+02
3.220000e-06	-5.244817e-06	-1.679371e-08	-3.760711e+01	-9.969641e+02
3.230000e-06	-5.262642e-06	-1.684867e-08	-3.773492e+01	-1.000475e+03
3.240000e-06	-5.278646e-06	-1.689843e-08	-3.784967e+01	-1.003620e+03
3.250000e-06	-5.292513e-06	-1.694388e-08	-3.794910e+01	-1.006390e+03
3.260000e-06	-5.304205e-06	-1.698495e-08	-3.803293e+01	-1.008779e+03
3.270000e-06	-5.313990e-06	-1.701964e-08	-3.810310e+01	-1.010782e+03
3.280000e-06	-5.321982e-06	-1.704736e-08	-3.816040e+01	-1.012411e+03
3.290000e-06	-5.328042e-06	-1.706992e-08	-3.820386e+01	-1.013696e+03
3.300000e-06	-5.332173e-06	-1.708972e-08	-3.823348e+01	-1.014678e+03
3.310000e-06	-5.334499e-06	-1.710456e-08	-3.825016e+01	-1.015403e+03
3.320000e-06	-5.335034e-06	-1.711072e-08	-3.825399e+01	-1.015910e+03
