# Temperatura_=_63.58
# Concentracion g/m^3_=_22000.0
# C_Vs_to_Am_M_A/Vsm_=_59384043850.047264
# pendiente_HvsI_1/m_=_3716.3
# ordenada_HvsI_A/m_=_1297.0
# frecuencia_Hz_=_301171.1673547987

Tiempo_(s)	Campo_(V.s)	Magnetizacion_(V.s)	Campo_(kA/m)	Magnetizacion_(A/m)
0.000000e+00	-5.306458e-06	-1.736657e-08	-3.825103e+01	-1.031796e+03
1.000000e-08	-5.304994e-06	-1.736892e-08	-3.824047e+01	-1.032016e+03
2.000000e-08	-5.301567e-06	-1.736881e-08	-3.821577e+01	-1.031999e+03
3.000000e-08	-5.296392e-06	-1.736458e-08	-3.817847e+01	-1.031732e+03
4.000000e-08	-5.289619e-06	-1.735620e-08	-3.812964e+01	-1.031205e+03
5.000000e-08	-5.281215e-06	-1.734334e-08	-3.806907e+01	-1.030420e+03
6.000000e-08	-5.270885e-06	-1.732712e-08	-3.799460e+01	-1.029394e+03
7.000000e-08	-5.258451e-06	-1.731577e-08	-3.790497e+01	-1.028160e+03
8.000000e-08	-5.244045e-06	-1.729475e-08	-3.780113e+01	-1.026759e+03
9.000000e-08	-5.227314e-06	-1.723441e-08	-3.768052e+01	-1.025232e+03
1.000000e-07	-5.208242e-06	-1.718974e-08	-3.754304e+01	-1.023607e+03
1.100000e-07	-5.187281e-06	-1.718629e-08	-3.739195e+01	-1.021898e+03
1.200000e-07	-5.164729e-06	-1.717883e-08	-3.722939e+01	-1.020095e+03
1.300000e-07	-5.140939e-06	-1.718421e-08	-3.705790e+01	-1.018177e+03
1.400000e-07	-5.115952e-06	-1.712339e-08	-3.687779e+01	-1.016117e+03
1.500000e-07	-5.089157e-06	-1.700982e-08	-3.668464e+01	-1.013889e+03
1.600000e-07	-5.060470e-06	-1.703041e-08	-3.647785e+01	-1.011479e+03
1.700000e-07	-5.030370e-06	-1.700443e-08	-3.626088e+01	-1.008888e+03
1.800000e-07	-4.998537e-06	-1.688867e-08	-3.603141e+01	-1.006127e+03
1.900000e-07	-4.964620e-06	-1.686106e-08	-3.578693e+01	-1.003214e+03
2.000000e-07	-4.928938e-06	-1.681263e-08	-3.552971e+01	-1.000163e+03
2.100000e-07	-4.891592e-06	-1.678522e-08	-3.526051e+01	-9.969846e+02
2.200000e-07	-4.852483e-06	-1.676585e-08	-3.497860e+01	-9.936790e+02
2.300000e-07	-4.811772e-06	-1.664573e-08	-3.468513e+01	-9.902404e+02
2.400000e-07	-4.769129e-06	-1.657842e-08	-3.437775e+01	-9.866609e+02
2.500000e-07	-4.724549e-06	-1.655488e-08	-3.405640e+01	-9.829352e+02
2.600000e-07	-4.678289e-06	-1.648513e-08	-3.372294e+01	-9.790638e+02
2.700000e-07	-4.630260e-06	-1.641811e-08	-3.337673e+01	-9.750526e+02
2.800000e-07	-4.580350e-06	-1.632840e-08	-3.301696e+01	-9.709096e+02
2.900000e-07	-4.528365e-06	-1.627557e-08	-3.264223e+01	-9.666408e+02
3.000000e-07	-4.474527e-06	-1.623465e-08	-3.225415e+01	-9.622462e+02
3.100000e-07	-4.419163e-06	-1.612401e-08	-3.185506e+01	-9.577184e+02
3.200000e-07	-4.362393e-06	-1.601872e-08	-3.144583e+01	-9.530452e+02
3.300000e-07	-4.303935e-06	-1.596166e-08	-3.102445e+01	-9.482138e+02
3.400000e-07	-4.243733e-06	-1.591057e-08	-3.059049e+01	-9.432165e+02
3.500000e-07	-4.182066e-06	-1.579988e-08	-3.014597e+01	-9.380541e+02
3.600000e-07	-4.119039e-06	-1.569213e-08	-2.969165e+01	-9.327368e+02
3.700000e-07	-4.054709e-06	-1.562095e-08	-2.922793e+01	-9.272808e+02
3.800000e-07	-3.988734e-06	-1.552602e-08	-2.875235e+01	-9.217023e+02
3.900000e-07	-3.921039e-06	-1.542632e-08	-2.826438e+01	-9.160119e+02
4.000000e-07	-3.852011e-06	-1.532483e-08	-2.776680e+01	-9.102098e+02
4.100000e-07	-3.781715e-06	-1.523473e-08	-2.726008e+01	-9.042862e+02
4.200000e-07	-3.710168e-06	-1.515141e-08	-2.674434e+01	-8.982240e+02
4.300000e-07	-3.637418e-06	-1.503799e-08	-2.621993e+01	-8.920055e+02
4.400000e-07	-3.563108e-06	-1.491436e-08	-2.568428e+01	-8.856183e+02
4.500000e-07	-3.487143e-06	-1.480076e-08	-2.513669e+01	-8.790598e+02
4.600000e-07	-3.409816e-06	-1.469785e-08	-2.457929e+01	-8.723370e+02
4.700000e-07	-3.331223e-06	-1.458391e-08	-2.401276e+01	-8.654639e+02
4.800000e-07	-3.251230e-06	-1.446312e-08	-2.343614e+01	-8.584551e+02
4.900000e-07	-3.169839e-06	-1.435176e-08	-2.284944e+01	-8.513199e+02
5.000000e-07	-3.087337e-06	-1.423400e-08	-2.225473e+01	-8.440589e+02
5.100000e-07	-3.003855e-06	-1.410669e-08	-2.165296e+01	-8.366637e+02
5.200000e-07	-2.919558e-06	-1.396853e-08	-2.104532e+01	-8.291201e+02
5.300000e-07	-2.834463e-06	-1.383571e-08	-2.043192e+01	-8.214135e+02
5.400000e-07	-2.748405e-06	-1.371002e-08	-1.981158e+01	-8.135337e+02
5.500000e-07	-2.661433e-06	-1.357769e-08	-1.918465e+01	-8.054778e+02
5.600000e-07	-2.573596e-06	-1.343975e-08	-1.855149e+01	-7.972497e+02
5.700000e-07	-2.484939e-06	-1.329940e-08	-1.791241e+01	-7.888562e+02
5.800000e-07	-2.395328e-06	-1.316012e-08	-1.726646e+01	-7.803020e+02
5.900000e-07	-2.304554e-06	-1.301028e-08	-1.661213e+01	-7.715860e+02
6.000000e-07	-2.212851e-06	-1.285199e-08	-1.595110e+01	-7.626994e+02
6.100000e-07	-2.120497e-06	-1.269758e-08	-1.528537e+01	-7.536277e+02
6.200000e-07	-2.027483e-06	-1.254660e-08	-1.461489e+01	-7.443554e+02
6.300000e-07	-1.933750e-06	-1.238977e-08	-1.393923e+01	-7.348713e+02
6.400000e-07	-1.839326e-06	-1.222427e-08	-1.325858e+01	-7.251721e+02
6.500000e-07	-1.744292e-06	-1.205829e-08	-1.257354e+01	-7.152638e+02
6.600000e-07	-1.648662e-06	-1.188972e-08	-1.188420e+01	-7.051586e+02
6.700000e-07	-1.552480e-06	-1.171329e-08	-1.119089e+01	-6.948692e+02
6.800000e-07	-1.455752e-06	-1.153421e-08	-1.049363e+01	-6.844027e+02
6.900000e-07	-1.358442e-06	-1.135705e-08	-9.792180e+00	-6.737562e+02
7.000000e-07	-1.260491e-06	-1.117814e-08	-9.086113e+00	-6.629151e+02
7.100000e-07	-1.161880e-06	-1.099176e-08	-8.375285e+00	-6.518561e+02
7.200000e-07	-1.062732e-06	-1.079759e-08	-7.660588e+00	-6.405522e+02
7.300000e-07	-9.631842e-07	-1.060000e-08	-6.943009e+00	-6.289793e+02
7.400000e-07	-8.632676e-07	-1.040213e-08	-6.222771e+00	-6.171207e+02
7.500000e-07	-7.630717e-07	-1.019999e-08	-5.500520e+00	-6.049693e+02
7.600000e-07	-6.627165e-07	-9.990760e-09	-4.777120e+00	-5.925256e+02
7.700000e-07	-5.622199e-07	-9.775458e-09	-4.052701e+00	-5.797927e+02
7.800000e-07	-4.616100e-07	-9.556388e-09	-3.327466e+00	-5.667707e+02
7.900000e-07	-3.608525e-07	-9.332014e-09	-2.601166e+00	-5.534513e+02
8.000000e-07	-2.599749e-07	-9.100671e-09	-1.874001e+00	-5.398155e+02
8.100000e-07	-1.590372e-07	-8.864744e-09	-1.146402e+00	-5.258343e+02
8.200000e-07	-5.807956e-08	-8.623707e-09	-4.186602e-01	-5.114711e+02
8.300000e-07	4.291597e-08	-8.376616e-09	3.093551e-01	-4.966871e+02
8.400000e-07	1.439418e-07	-8.120106e-09	1.037589e+00	-4.814455e+02
8.500000e-07	2.449287e-07	-7.853940e-09	1.765542e+00	-4.657151e+02
8.600000e-07	3.458336e-07	-7.579900e-09	2.492904e+00	-4.494715e+02
8.700000e-07	4.466181e-07	-7.296081e-09	3.219398e+00	-4.326981e+02
8.800000e-07	5.473069e-07	-7.003226e-09	3.945202e+00	-4.153848e+02
8.900000e-07	6.478933e-07	-6.703460e-09	4.670269e+00	-3.975273e+02
9.000000e-07	7.482970e-07	-6.396514e-09	5.394018e+00	-3.791262e+02
9.100000e-07	8.485057e-07	-6.080528e-09	6.116362e+00	-3.601863e+02
9.200000e-07	9.484708e-07	-5.753327e-09	6.836949e+00	-3.407145e+02
9.300000e-07	1.048072e-06	-5.415755e-09	7.554911e+00	-3.207181e+02
9.400000e-07	1.147281e-06	-5.070565e-09	8.270048e+00	-3.002012e+02
9.500000e-07	1.245965e-06	-4.715217e-09	8.981401e+00	-2.791607e+02
9.600000e-07	1.343997e-06	-4.348148e-09	9.688059e+00	-2.575832e+02
9.700000e-07	1.441440e-06	-3.974326e-09	1.039046e+01	-2.354432e+02
9.800000e-07	1.538290e-06	-3.594325e-09	1.108860e+01	-2.127035e+02
9.900000e-07	1.634596e-06	-3.203921e-09	1.178281e+01	-1.893189e+02
1.000000e-06	1.730376e-06	-2.800134e-09	1.247323e+01	-1.652413e+02
1.010000e-06	1.825539e-06	-2.382434e-09	1.315920e+01	-1.404261e+02
1.020000e-06	1.920093e-06	-1.948646e-09	1.384078e+01	-1.148378e+02
1.030000e-06	2.014019e-06	-1.499673e-09	1.451784e+01	-8.845362e+01
1.040000e-06	2.107246e-06	-1.040093e-09	1.518986e+01	-6.126520e+01
1.050000e-06	2.199810e-06	-5.716281e-10	1.585709e+01	-3.327782e+01
1.060000e-06	2.291719e-06	-9.131861e-11	1.651961e+01	-4.508515e+00
1.070000e-06	2.382788e-06	4.068672e-10	1.717607e+01	2.501582e+01
1.080000e-06	2.472776e-06	9.200075e-10	1.782474e+01	5.525941e+01
1.090000e-06	2.561709e-06	1.442585e-09	1.846580e+01	8.617719e+01
1.100000e-06	2.649741e-06	1.972861e-09	1.910037e+01	1.177131e+02
1.110000e-06	2.736936e-06	2.514023e-09	1.972891e+01	1.497982e+02
1.120000e-06	2.823236e-06	3.064667e-09	2.035099e+01	1.823486e+02
1.130000e-06	2.908596e-06	3.619613e-09	2.096630e+01	2.152654e+02
1.140000e-06	2.993067e-06	4.177696e-09	2.157520e+01	2.484360e+02
1.150000e-06	3.076584e-06	4.740068e-09	2.217722e+01	2.817368e+02
1.160000e-06	3.159022e-06	5.304510e-09	2.277147e+01	3.150372e+02
1.170000e-06	3.240245e-06	5.865707e-09	2.335696e+01	3.482037e+02
1.180000e-06	3.320217e-06	6.420957e-09	2.393343e+01	3.811042e+02
1.190000e-06	3.398996e-06	6.970337e-09	2.450129e+01	4.136119e+02
1.200000e-06	3.476617e-06	7.512204e-09	2.506082e+01	4.456077e+02
1.210000e-06	3.553067e-06	8.041959e-09	2.561190e+01	4.769831e+02
1.220000e-06	3.628095e-06	8.559332e-09	2.615273e+01	5.076419e+02
1.230000e-06	3.701560e-06	9.064271e-09	2.668229e+01	5.375012e+02
1.240000e-06	3.773567e-06	9.555755e-09	2.720135e+01	5.664924e+02
1.250000e-06	3.844206e-06	1.002935e-08	2.771054e+01	5.945603e+02
1.260000e-06	3.913572e-06	1.048406e-08	2.821056e+01	6.216622e+02
1.270000e-06	3.981708e-06	1.092191e-08	2.870171e+01	6.477665e+02
1.280000e-06	4.048366e-06	1.134262e-08	2.918221e+01	6.728506e+02
1.290000e-06	4.113364e-06	1.174799e-08	2.965074e+01	6.968995e+02
1.300000e-06	4.176907e-06	1.213900e-08	3.010878e+01	7.199055e+02
1.310000e-06	4.239126e-06	1.251301e-08	3.055728e+01	7.418673e+02
1.320000e-06	4.300073e-06	1.286714e-08	3.099661e+01	7.627911e+02
1.330000e-06	4.359667e-06	1.319985e-08	3.142619e+01	7.826900e+02
1.340000e-06	4.417571e-06	1.351316e-08	3.184358e+01	8.015842e+02
1.350000e-06	4.473704e-06	1.381285e-08	3.224821e+01	8.194991e+02
1.360000e-06	4.528238e-06	1.410030e-08	3.264131e+01	8.364639e+02
1.370000e-06	4.581094e-06	1.437196e-08	3.302232e+01	8.525088e+02
1.380000e-06	4.632026e-06	1.462767e-08	3.338946e+01	8.676637e+02
1.390000e-06	4.681020e-06	1.486927e-08	3.374263e+01	8.819568e+02
1.400000e-06	4.728250e-06	1.509707e-08	3.408308e+01	8.954151e+02
1.410000e-06	4.773880e-06	1.531083e-08	3.441199e+01	9.080652e+02
1.420000e-06	4.817989e-06	1.550891e-08	3.472995e+01	9.199340e+02
1.430000e-06	4.860278e-06	1.569412e-08	3.503479e+01	9.310493e+02
1.440000e-06	4.900675e-06	1.586887e-08	3.532599e+01	9.414401e+02
1.450000e-06	4.939440e-06	1.603141e-08	3.560542e+01	9.511348e+02
1.460000e-06	4.976590e-06	1.618150e-08	3.587321e+01	9.601603e+02
1.470000e-06	5.012049e-06	1.632028e-08	3.612882e+01	9.685414e+02
1.480000e-06	5.045660e-06	1.645142e-08	3.637109e+01	9.763012e+02
1.490000e-06	5.077400e-06	1.657305e-08	3.659989e+01	9.834627e+02
1.500000e-06	5.107442e-06	1.668242e-08	3.681644e+01	9.900505e+02
1.510000e-06	5.135889e-06	1.678250e-08	3.702150e+01	9.960933e+02
1.520000e-06	5.162448e-06	1.687454e-08	3.721295e+01	1.001623e+03
1.530000e-06	5.186942e-06	1.695820e-08	3.738951e+01	1.006676e+03
1.540000e-06	5.209623e-06	1.703418e-08	3.755300e+01	1.011285e+03
1.550000e-06	5.230631e-06	1.710511e-08	3.770443e+01	1.015478e+03
1.560000e-06	5.249923e-06	1.717028e-08	3.784350e+01	1.019276e+03
1.570000e-06	5.267329e-06	1.722771e-08	3.796897e+01	1.022688e+03
1.580000e-06	5.282765e-06	1.727755e-08	3.808024e+01	1.025717e+03
1.590000e-06	5.296284e-06	1.732151e-08	3.817769e+01	1.028362e+03
1.600000e-06	5.307738e-06	1.736110e-08	3.826025e+01	1.030625e+03
1.610000e-06	5.317037e-06	1.739343e-08	3.832728e+01	1.032519e+03
1.620000e-06	5.324385e-06	1.741860e-08	3.838025e+01	1.034066e+03
1.630000e-06	5.329922e-06	1.744015e-08	3.842017e+01	1.035295e+03
1.640000e-06	5.333671e-06	1.745741e-08	3.844719e+01	1.036242e+03
1.650000e-06	5.335448e-06	1.746692e-08	3.846000e+01	1.036935e+03
1.660000e-06	5.335301e-06	1.747134e-08	3.845894e+01	1.037394e+03
1.670000e-06	5.333514e-06	1.747558e-08	3.844606e+01	1.037624e+03
1.680000e-06	5.330173e-06	1.747625e-08	3.842197e+01	1.037618e+03
1.690000e-06	5.325066e-06	1.747111e-08	3.838516e+01	1.037362e+03
1.700000e-06	5.318064e-06	1.746077e-08	3.833469e+01	1.036847e+03
1.710000e-06	5.309419e-06	1.744607e-08	3.827237e+01	1.036072e+03
1.720000e-06	5.299197e-06	1.742630e-08	3.819868e+01	1.035056e+03
1.730000e-06	5.287238e-06	1.739457e-08	3.811249e+01	1.033830e+03
1.740000e-06	5.273321e-06	1.739505e-08	3.801216e+01	1.032437e+03
1.750000e-06	5.257353e-06	1.740753e-08	3.789706e+01	1.030915e+03
1.760000e-06	5.239132e-06	1.736439e-08	3.776571e+01	1.029296e+03
1.770000e-06	5.218400e-06	1.730917e-08	3.761627e+01	1.027591e+03
1.780000e-06	5.195459e-06	1.722735e-08	3.745090e+01	1.025794e+03
1.790000e-06	5.171116e-06	1.721090e-08	3.727543e+01	1.023883e+03
1.800000e-06	5.145757e-06	1.726659e-08	3.709263e+01	1.021830e+03
1.810000e-06	5.118873e-06	1.714803e-08	3.689884e+01	1.019610e+03
1.820000e-06	5.090067e-06	1.708687e-08	3.669119e+01	1.017209e+03
1.830000e-06	5.059495e-06	1.714949e-08	3.647082e+01	1.014626e+03
1.840000e-06	5.027098e-06	1.706393e-08	3.623729e+01	1.011873e+03
1.850000e-06	4.992848e-06	1.702147e-08	3.599040e+01	1.008967e+03
1.860000e-06	4.957090e-06	1.696262e-08	3.573265e+01	1.005923e+03
1.870000e-06	4.919469e-06	1.681435e-08	3.546146e+01	1.002751e+03
1.880000e-06	4.879997e-06	1.684036e-08	3.517693e+01	9.994516e+02
1.890000e-06	4.838909e-06	1.682160e-08	3.488075e+01	9.960198e+02
1.900000e-06	4.796059e-06	1.670938e-08	3.457187e+01	9.924474e+02
1.910000e-06	4.751700e-06	1.666462e-08	3.425211e+01	9.887289e+02
1.920000e-06	4.705584e-06	1.656884e-08	3.391969e+01	9.848646e+02
1.930000e-06	4.657518e-06	1.654314e-08	3.357322e+01	9.808601e+02
1.940000e-06	4.607869e-06	1.645144e-08	3.321532e+01	9.767236e+02
1.950000e-06	4.556640e-06	1.630187e-08	3.284605e+01	9.724612e+02
1.960000e-06	4.503521e-06	1.631950e-08	3.246314e+01	9.680730e+02
1.970000e-06	4.448420e-06	1.626640e-08	3.206595e+01	9.635522e+02
1.980000e-06	4.391619e-06	1.615142e-08	3.165651e+01	9.588863e+02
1.990000e-06	4.333353e-06	1.603612e-08	3.123650e+01	9.540627e+02
2.000000e-06	4.273630e-06	1.596107e-08	3.080600e+01	9.490732e+02
2.010000e-06	4.212366e-06	1.592929e-08	3.036438e+01	9.439185e+02
2.020000e-06	4.149437e-06	1.578420e-08	2.991076e+01	9.386084e+02
2.030000e-06	4.085023e-06	1.569223e-08	2.944644e+01	9.331590e+02
2.040000e-06	4.019196e-06	1.562722e-08	2.897194e+01	9.275866e+02
2.050000e-06	3.951996e-06	1.553745e-08	2.848753e+01	9.219020e+02
2.060000e-06	3.883456e-06	1.543711e-08	2.799347e+01	9.161059e+02
2.070000e-06	3.813236e-06	1.528401e-08	2.748730e+01	9.101888e+02
2.080000e-06	3.741529e-06	1.521402e-08	2.697041e+01	9.041338e+02
2.090000e-06	3.668571e-06	1.512356e-08	2.644450e+01	8.979231e+02
2.100000e-06	3.594331e-06	1.500343e-08	2.590935e+01	8.915440e+02
2.110000e-06	3.518796e-06	1.488961e-08	2.536486e+01	8.849934e+02
2.120000e-06	3.441548e-06	1.477604e-08	2.480803e+01	8.782782e+02
2.130000e-06	3.362757e-06	1.468847e-08	2.424007e+01	8.714122e+02
2.140000e-06	3.282879e-06	1.454242e-08	2.366428e+01	8.644099e+02
2.150000e-06	3.201905e-06	1.441209e-08	2.308059e+01	8.572810e+02
2.160000e-06	3.119834e-06	1.429673e-08	2.248899e+01	8.500266e+02
2.170000e-06	3.036757e-06	1.418863e-08	2.189013e+01	8.426383e+02
2.180000e-06	2.952750e-06	1.406084e-08	2.128458e+01	8.351022e+02
2.190000e-06	2.867587e-06	1.390449e-08	2.067069e+01	8.274035e+02
2.200000e-06	2.781121e-06	1.378416e-08	2.004741e+01	8.195319e+02
2.210000e-06	2.693623e-06	1.365581e-08	1.941669e+01	8.114842e+02
2.220000e-06	2.605300e-06	1.351557e-08	1.878002e+01	8.032641e+02
2.230000e-06	2.516093e-06	1.335976e-08	1.813698e+01	7.948783e+02
2.240000e-06	2.426074e-06	1.322311e-08	1.748810e+01	7.863318e+02
2.250000e-06	2.335377e-06	1.309628e-08	1.683431e+01	7.776236e+02
2.260000e-06	2.243961e-06	1.293743e-08	1.617535e+01	7.687452e+02
2.270000e-06	2.151791e-06	1.276711e-08	1.551095e+01	7.596823e+02
2.280000e-06	2.058692e-06	1.260726e-08	1.483986e+01	7.504193e+02
2.290000e-06	1.964667e-06	1.246447e-08	1.416209e+01	7.409447e+02
2.300000e-06	1.869833e-06	1.230414e-08	1.347849e+01	7.312551e+02
2.310000e-06	1.774312e-06	1.212850e-08	1.278993e+01	7.213561e+02
2.320000e-06	1.678289e-06	1.196229e-08	1.209777e+01	7.112596e+02
2.330000e-06	1.581804e-06	1.180053e-08	1.140226e+01	7.009785e+02
2.340000e-06	1.484806e-06	1.161993e-08	1.070306e+01	6.905202e+02
2.350000e-06	1.387249e-06	1.142427e-08	9.999837e+00	6.798822e+02
2.360000e-06	1.289209e-06	1.124129e-08	9.293121e+00	6.690504e+02
2.370000e-06	1.190717e-06	1.106910e-08	8.583153e+00	6.580015e+02
2.380000e-06	1.091846e-06	1.088236e-08	7.870454e+00	6.467088e+02
2.390000e-06	9.926932e-07	1.067886e-08	7.155721e+00	6.351477e+02
2.400000e-06	8.933073e-07	1.048001e-08	6.439309e+00	6.233014e+02
2.410000e-06	7.936972e-07	1.028377e-08	5.721280e+00	6.111624e+02
2.420000e-06	6.938354e-07	1.007317e-08	5.001437e+00	5.987310e+02
2.430000e-06	5.937648e-07	9.846390e-09	4.280089e+00	5.860104e+02
2.440000e-06	4.935433e-07	9.625635e-09	3.557653e+00	5.730006e+02
2.450000e-06	3.931904e-07	9.412078e-09	2.834270e+00	5.596940e+02
2.460000e-06	2.926652e-07	9.187045e-09	2.109646e+00	5.460720e+02
2.470000e-06	1.919405e-07	8.946518e-09	1.383582e+00	5.321055e+02
2.480000e-06	9.113083e-08	8.701792e-09	6.569067e-01	5.177586e+02
2.490000e-06	-9.619869e-09	8.458110e-09	-6.934378e-02	5.029922e+02
2.500000e-06	-1.103932e-07	8.202868e-09	-7.957575e-01	4.877695e+02
2.510000e-06	-2.111957e-07	7.933674e-09	-1.522381e+00	4.720589e+02
2.520000e-06	-3.118187e-07	7.660355e-09	-2.247711e+00	4.558359e+02
2.530000e-06	-4.122574e-07	7.386932e-09	-2.971713e+00	4.390835e+02
2.540000e-06	-5.125843e-07	7.099718e-09	-3.694908e+00	4.217915e+02
2.550000e-06	-6.127186e-07	6.793285e-09	-4.416716e+00	4.039554e+02
2.560000e-06	-7.126415e-07	6.477823e-09	-5.136999e+00	3.855756e+02
2.570000e-06	-8.123403e-07	6.160311e-09	-5.855667e+00	3.666567e+02
2.580000e-06	-9.117980e-07	5.835985e-09	-6.572597e+00	3.472057e+02
2.590000e-06	-1.010968e-06	5.497863e-09	-7.287455e+00	3.272298e+02
2.600000e-06	-1.109802e-06	5.152022e-09	-7.999884e+00	3.067334e+02
2.610000e-06	-1.208268e-06	4.802234e-09	-8.709669e+00	2.857137e+02
2.620000e-06	-1.306301e-06	4.442014e-09	-9.416326e+00	2.641578e+02
2.630000e-06	-1.403867e-06	4.065957e-09	-1.011962e+01	2.420403e+02
2.640000e-06	-1.500936e-06	3.679009e-09	-1.081933e+01	2.193247e+02
2.650000e-06	-1.597515e-06	3.286941e-09	-1.151552e+01	1.959659e+02
2.660000e-06	-1.693577e-06	2.886586e-09	-1.220797e+01	1.719158e+02
2.670000e-06	-1.789151e-06	2.471311e-09	-1.289690e+01	1.471295e+02
2.680000e-06	-1.884237e-06	2.039974e-09	-1.358232e+01	1.215712e+02
2.690000e-06	-1.978613e-06	1.595726e-09	-1.426262e+01	9.521759e+01
2.700000e-06	-2.071999e-06	1.139248e-09	-1.493578e+01	6.805980e+01
2.710000e-06	-2.164421e-06	6.677562e-10	-1.560199e+01	4.010264e+01
2.720000e-06	-2.256070e-06	1.829220e-10	-1.626264e+01	1.136277e+01
2.730000e-06	-2.346989e-06	-3.102854e-10	-1.691802e+01	-1.813324e+01
2.740000e-06	-2.437099e-06	-8.128434e-10	-1.756757e+01	-4.834994e+01
2.750000e-06	-2.526333e-06	-1.330636e-09	-1.821080e+01	-7.924262e+01
2.760000e-06	-2.614696e-06	-1.864599e-09	-1.884775e+01	-1.107557e+02
2.770000e-06	-2.702253e-06	-2.407485e-09	-1.947890e+01	-1.428205e+02
2.780000e-06	-2.788942e-06	-2.953438e-09	-2.010378e+01	-1.753540e+02
2.790000e-06	-2.874490e-06	-3.504723e-09	-2.072045e+01	-2.082577e+02
2.800000e-06	-2.958846e-06	-4.062271e-09	-2.132852e+01	-2.414194e+02
2.810000e-06	-3.042157e-06	-4.620896e-09	-2.192906e+01	-2.747159e+02
2.820000e-06	-3.124488e-06	-5.177673e-09	-2.252253e+01	-3.080166e+02
2.830000e-06	-3.205735e-06	-5.732848e-09	-2.310820e+01	-3.411882e+02
2.840000e-06	-3.285932e-06	-6.286471e-09	-2.368629e+01	-3.740986e+02
2.850000e-06	-3.365052e-06	-6.834307e-09	-2.425662e+01	-4.066205e+02
2.860000e-06	-3.442797e-06	-7.371046e-09	-2.481703e+01	-4.386346e+02
2.870000e-06	-3.519037e-06	-7.896539e-09	-2.536659e+01	-4.700320e+02
2.880000e-06	-3.593827e-06	-8.411484e-09	-2.590571e+01	-5.007159e+02
2.890000e-06	-3.667242e-06	-8.914325e-09	-2.643492e+01	-5.306032e+02
2.900000e-06	-3.739428e-06	-9.402089e-09	-2.695526e+01	-5.596245e+02
2.910000e-06	-3.810400e-06	-9.874679e-09	-2.746686e+01	-5.877242e+02
2.920000e-06	-3.879852e-06	-1.033234e-08	-2.796749e+01	-6.148593e+02
2.930000e-06	-3.947823e-06	-1.077443e-08	-2.845745e+01	-6.409978e+02
2.940000e-06	-4.014491e-06	-1.119974e-08	-2.893803e+01	-6.661166e+02
2.950000e-06	-4.079755e-06	-1.160471e-08	-2.940847e+01	-6.902008e+02
2.960000e-06	-4.143665e-06	-1.198987e-08	-2.986916e+01	-7.132422e+02
2.970000e-06	-4.206110e-06	-1.235920e-08	-3.031929e+01	-7.352393e+02
2.980000e-06	-4.266845e-06	-1.271232e-08	-3.075709e+01	-7.561980e+02
2.990000e-06	-4.326004e-06	-1.304835e-08	-3.118353e+01	-7.761313e+02
3.000000e-06	-4.383753e-06	-1.337037e-08	-3.159981e+01	-7.950591e+02
3.010000e-06	-4.440057e-06	-1.367710e-08	-3.200567e+01	-8.130066e+02
3.020000e-06	-4.494731e-06	-1.396387e-08	-3.239978e+01	-8.300029e+02
3.030000e-06	-4.547486e-06	-1.423023e-08	-3.278006e+01	-8.460782e+02
3.040000e-06	-4.598327e-06	-1.448301e-08	-3.314654e+01	-8.612624e+02
3.050000e-06	-4.647298e-06	-1.472584e-08	-3.349955e+01	-8.755839e+02
3.060000e-06	-4.694342e-06	-1.495412e-08	-3.383866e+01	-8.890697e+02
3.070000e-06	-4.739732e-06	-1.516616e-08	-3.416585e+01	-9.017463e+02
3.080000e-06	-4.783674e-06	-1.536646e-08	-3.448260e+01	-9.136405e+02
3.090000e-06	-4.826159e-06	-1.555735e-08	-3.478884e+01	-9.247804e+02
3.100000e-06	-4.867074e-06	-1.573352e-08	-3.508377e+01	-9.351946e+02
3.110000e-06	-4.906355e-06	-1.589604e-08	-3.536693e+01	-9.449118e+02
3.120000e-06	-4.943850e-06	-1.605031e-08	-3.563721e+01	-9.539588e+02
3.130000e-06	-4.979452e-06	-1.619621e-08	-3.589384e+01	-9.623606e+02
3.140000e-06	-5.013312e-06	-1.632911e-08	-3.613791e+01	-9.701403e+02
3.150000e-06	-5.045504e-06	-1.644854e-08	-3.636997e+01	-9.773208e+02
3.160000e-06	-5.075844e-06	-1.655860e-08	-3.658867e+01	-9.839267e+02
3.170000e-06	-5.104206e-06	-1.665958e-08	-3.679312e+01	-9.899865e+02
3.180000e-06	-5.130791e-06	-1.675268e-08	-3.698475e+01	-9.955325e+02
3.190000e-06	-5.155667e-06	-1.683959e-08	-3.716407e+01	-1.000600e+03
3.200000e-06	-5.178758e-06	-1.692057e-08	-3.733052e+01	-1.005222e+03
3.210000e-06	-5.199878e-06	-1.699450e-08	-3.748276e+01	-1.009428e+03
3.220000e-06	-5.219081e-06	-1.705872e-08	-3.762118e+01	-1.013238e+03
3.230000e-06	-5.236599e-06	-1.711448e-08	-3.774746e+01	-1.016661e+03
3.240000e-06	-5.252375e-06	-1.716376e-08	-3.786118e+01	-1.019702e+03
3.250000e-06	-5.265974e-06	-1.720597e-08	-3.795920e+01	-1.022358e+03
3.260000e-06	-5.277359e-06	-1.724232e-08	-3.804127e+01	-1.024634e+03
3.270000e-06	-5.286915e-06	-1.727516e-08	-3.811015e+01	-1.026539e+03
3.280000e-06	-5.294709e-06	-1.730371e-08	-3.816634e+01	-1.028095e+03
3.290000e-06	-5.300515e-06	-1.732588e-08	-3.820819e+01	-1.029333e+03
3.300000e-06	-5.304373e-06	-1.734350e-08	-3.823599e+01	-1.030288e+03
3.310000e-06	-5.306511e-06	-1.735636e-08	-3.825141e+01	-1.030988e+03
3.320000e-06	-5.306921e-06	-1.736291e-08	-3.825437e+01	-1.031453e+03
