# Temperatura_=_26.8
# Concentracion g/m^3_=_22000.0
# C_Vs_to_Am_M_A/Vsm_=_59384043850.047264
# pendiente_HvsI_1/m_=_3716.3
# ordenada_HvsI_A/m_=_1297.0
# frecuencia_Hz_=_301173.95938818314

Tiempo_(s)	Campo_(V.s)	Magnetizacion_(V.s)	Campo_(kA/m)	Magnetizacion_(A/m)
0.000000e+00	-5.297906e-06	-1.606010e-08	-3.825199e+01	-9.540438e+02
1.000000e-08	-5.296487e-06	-1.605998e-08	-3.824175e+01	-9.542967e+02
2.000000e-08	-5.293085e-06	-1.606208e-08	-3.821718e+01	-9.543366e+02
3.000000e-08	-5.287943e-06	-1.605914e-08	-3.818006e+01	-9.541501e+02
4.000000e-08	-5.281247e-06	-1.605033e-08	-3.813172e+01	-9.537110e+02
5.000000e-08	-5.272946e-06	-1.603879e-08	-3.807178e+01	-9.529922e+02
6.000000e-08	-5.262704e-06	-1.602305e-08	-3.799783e+01	-9.519786e+02
7.000000e-08	-5.250418e-06	-1.601358e-08	-3.790913e+01	-9.506778e+02
8.000000e-08	-5.236234e-06	-1.600492e-08	-3.780671e+01	-9.491238e+02
9.000000e-08	-5.219736e-06	-1.594050e-08	-3.768759e+01	-9.473722e+02
1.000000e-07	-5.200862e-06	-1.587357e-08	-3.755132e+01	-9.454876e+02
1.100000e-07	-5.180094e-06	-1.586291e-08	-3.740137e+01	-9.435277e+02
1.200000e-07	-5.157703e-06	-1.585466e-08	-3.723970e+01	-9.415281e+02
1.300000e-07	-5.134004e-06	-1.587220e-08	-3.706859e+01	-9.394944e+02
1.400000e-07	-5.109150e-06	-1.585641e-08	-3.688914e+01	-9.374024e+02
1.500000e-07	-5.082465e-06	-1.567828e-08	-3.669647e+01	-9.352085e+02
1.600000e-07	-5.053787e-06	-1.567935e-08	-3.648941e+01	-9.328643e+02
1.700000e-07	-5.023686e-06	-1.574518e-08	-3.627207e+01	-9.303328e+02
1.800000e-07	-4.991889e-06	-1.558633e-08	-3.604249e+01	-9.275989e+02
1.900000e-07	-4.957974e-06	-1.553643e-08	-3.579762e+01	-9.246720e+02
2.000000e-07	-4.922352e-06	-1.550200e-08	-3.554042e+01	-9.215802e+02
2.100000e-07	-4.885195e-06	-1.544978e-08	-3.527214e+01	-9.183583e+02
2.200000e-07	-4.846288e-06	-1.548113e-08	-3.499122e+01	-9.150346e+02
2.300000e-07	-4.805765e-06	-1.536227e-08	-3.469863e+01	-9.116211e+02
2.400000e-07	-4.763304e-06	-1.523517e-08	-3.439206e+01	-9.081108e+02
2.500000e-07	-4.718866e-06	-1.524107e-08	-3.407120e+01	-9.044815e+02
2.600000e-07	-4.672787e-06	-1.516618e-08	-3.373851e+01	-9.007052e+02
2.700000e-07	-4.624994e-06	-1.509339e-08	-3.339343e+01	-8.967587e+02
2.800000e-07	-4.575360e-06	-1.499995e-08	-3.303506e+01	-8.926311e+02
2.900000e-07	-4.523652e-06	-1.493363e-08	-3.266172e+01	-8.883260e+02
3.000000e-07	-4.469963e-06	-1.492512e-08	-3.227407e+01	-8.838581e+02
3.100000e-07	-4.414722e-06	-1.480975e-08	-3.187522e+01	-8.792465e+02
3.200000e-07	-4.358113e-06	-1.468070e-08	-3.146649e+01	-8.745067e+02
3.300000e-07	-4.299782e-06	-1.461034e-08	-3.104533e+01	-8.696464e+02
3.400000e-07	-4.239723e-06	-1.458338e-08	-3.061169e+01	-8.646647e+02
3.500000e-07	-4.178313e-06	-1.448652e-08	-3.016830e+01	-8.595560e+02
3.600000e-07	-4.115472e-06	-1.435302e-08	-2.971458e+01	-8.543154e+02
3.700000e-07	-4.051204e-06	-1.428511e-08	-2.925055e+01	-8.489431e+02
3.800000e-07	-3.985394e-06	-1.419991e-08	-2.877538e+01	-8.434458e+02
3.900000e-07	-3.917892e-06	-1.409786e-08	-2.828800e+01	-8.378341e+02
4.000000e-07	-3.849016e-06	-1.399852e-08	-2.779070e+01	-8.321168e+02
4.100000e-07	-3.778930e-06	-1.389493e-08	-2.728467e+01	-8.262958e+02
4.200000e-07	-3.707623e-06	-1.381914e-08	-2.676982e+01	-8.203630e+02
4.300000e-07	-3.635084e-06	-1.371710e-08	-2.624607e+01	-8.143014e+02
4.400000e-07	-3.561019e-06	-1.359732e-08	-2.571131e+01	-8.080907e+02
4.500000e-07	-3.485295e-06	-1.348871e-08	-2.516457e+01	-8.017145e+02
4.600000e-07	-3.408173e-06	-1.339311e-08	-2.460773e+01	-7.951667e+02
4.700000e-07	-3.329738e-06	-1.328803e-08	-2.404141e+01	-7.884542e+02
4.800000e-07	-3.249923e-06	-1.315511e-08	-2.346512e+01	-7.815944e+02
4.900000e-07	-3.168758e-06	-1.304384e-08	-2.287910e+01	-7.746087e+02
5.000000e-07	-3.086432e-06	-1.293314e-08	-2.228469e+01	-7.675137e+02
5.100000e-07	-3.003141e-06	-1.281712e-08	-2.168331e+01	-7.603147e+02
5.200000e-07	-2.918967e-06	-1.268558e-08	-2.107555e+01	-7.530025e+02
5.300000e-07	-2.833971e-06	-1.255105e-08	-2.046187e+01	-7.455572e+02
5.400000e-07	-2.748092e-06	-1.243300e-08	-1.984180e+01	-7.379545e+02
5.500000e-07	-2.661351e-06	-1.230658e-08	-1.921551e+01	-7.301746e+02
5.600000e-07	-2.573777e-06	-1.216926e-08	-1.858321e+01	-7.222088e+02
5.700000e-07	-2.485344e-06	-1.202742e-08	-1.794471e+01	-7.140610e+02
5.800000e-07	-2.395955e-06	-1.189860e-08	-1.729930e+01	-7.057449e+02
5.900000e-07	-2.305456e-06	-1.175822e-08	-1.664588e+01	-6.972765e+02
6.000000e-07	-2.213965e-06	-1.160071e-08	-1.598529e+01	-6.886659e+02
6.100000e-07	-2.121677e-06	-1.144863e-08	-1.531895e+01	-6.799128e+02
6.200000e-07	-2.028741e-06	-1.130693e-08	-1.464794e+01	-6.710053e+02
6.300000e-07	-1.935144e-06	-1.116177e-08	-1.397215e+01	-6.619248e+02
6.400000e-07	-1.840852e-06	-1.100156e-08	-1.329134e+01	-6.526534e+02
6.500000e-07	-1.746004e-06	-1.084125e-08	-1.260652e+01	-6.431815e+02
6.600000e-07	-1.650580e-06	-1.068235e-08	-1.191754e+01	-6.335116e+02
6.700000e-07	-1.554534e-06	-1.051521e-08	-1.122406e+01	-6.236566e+02
6.800000e-07	-1.457926e-06	-1.033704e-08	-1.052654e+01	-6.136336e+02
6.900000e-07	-1.360711e-06	-1.016428e-08	-9.824618e+00	-6.034552e+02
7.000000e-07	-1.262850e-06	-9.999968e-09	-9.118046e+00	-5.931211e+02
7.100000e-07	-1.164451e-06	-9.829695e-09	-8.407579e+00	-5.826154e+02
7.200000e-07	-1.065630e-06	-9.646011e-09	-7.694071e+00	-5.719082e+02
7.300000e-07	-9.663664e-07	-9.457398e-09	-6.977369e+00	-5.609641e+02
7.400000e-07	-8.666911e-07	-9.271987e-09	-6.257692e+00	-5.497516e+02
7.500000e-07	-7.667129e-07	-9.081276e-09	-5.535828e+00	-5.382520e+02
7.600000e-07	-6.664844e-07	-8.879383e-09	-4.812157e+00	-5.264636e+02
7.700000e-07	-5.660949e-07	-8.672988e-09	-4.087324e+00	-5.143984e+02
7.800000e-07	-4.655793e-07	-8.471209e-09	-3.361580e+00	-5.020754e+02
7.900000e-07	-3.649121e-07	-8.264474e-09	-2.634742e+00	-4.895091e+02
8.000000e-07	-2.641534e-07	-8.046469e-09	-1.907243e+00	-4.767010e+02
8.100000e-07	-1.633409e-07	-7.820784e-09	-1.179356e+00	-4.636348e+02
8.200000e-07	-6.246930e-08	-7.595707e-09	-4.510415e-01	-4.502772e+02
8.300000e-07	3.845866e-08	-7.367960e-09	2.776796e-01	-4.365846e+02
8.400000e-07	1.394046e-07	-7.128083e-09	1.006530e+00	-4.225123e+02
8.500000e-07	2.402858e-07	-6.880627e-09	1.734914e+00	-4.080228e+02
8.600000e-07	3.410837e-07	-6.631003e-09	2.462696e+00	-3.930916e+02
8.700000e-07	4.417732e-07	-6.376045e-09	3.189695e+00	-3.777073e+02
8.800000e-07	5.423238e-07	-6.107891e-09	3.915692e+00	-3.618693e+02
8.900000e-07	6.427447e-07	-5.830402e-09	4.640752e+00	-3.455827e+02
9.000000e-07	7.430465e-07	-5.549000e-09	5.364952e+00	-3.288542e+02
9.100000e-07	8.431627e-07	-5.263088e-09	6.087812e+00	-3.116895e+02
9.200000e-07	9.429479e-07	-4.966844e-09	6.808282e+00	-2.940939e+02
9.300000e-07	1.042380e-06	-4.659284e-09	7.526200e+00	-2.760736e+02
9.400000e-07	1.141425e-06	-4.349508e-09	8.241330e+00	-2.576364e+02
9.500000e-07	1.239915e-06	-4.035872e-09	8.952447e+00	-2.387912e+02
9.600000e-07	1.337740e-06	-3.710303e-09	9.658764e+00	-2.195436e+02
9.700000e-07	1.434925e-06	-3.374333e-09	1.036046e+01	-1.998911e+02
9.800000e-07	1.531562e-06	-3.036728e-09	1.105820e+01	-1.798189e+02
9.900000e-07	1.627653e-06	-2.697364e-09	1.175200e+01	-1.592977e+02
1.000000e-06	1.723216e-06	-2.346297e-09	1.244198e+01	-1.382870e+02
1.010000e-06	1.818243e-06	-1.980925e-09	1.312810e+01	-1.167426e+02
1.020000e-06	1.912680e-06	-1.605880e-09	1.380995e+01	-9.462565e+01
1.030000e-06	2.006474e-06	-1.222334e-09	1.448716e+01	-7.191184e+01
1.040000e-06	2.099577e-06	-8.288934e-10	1.515938e+01	-4.859683e+01
1.050000e-06	2.192080e-06	-4.246661e-10	1.582728e+01	-2.469594e+01
1.060000e-06	2.283968e-06	-1.371771e-11	1.649073e+01	-2.387117e-01
1.070000e-06	2.374962e-06	4.051621e-10	1.714773e+01	2.473980e+01
1.080000e-06	2.464818e-06	8.376210e-10	1.779651e+01	5.020756e+01
1.090000e-06	2.553646e-06	1.280501e-09	1.843786e+01	7.614069e+01
1.100000e-06	2.641644e-06	1.723959e-09	1.907322e+01	1.025231e+02
1.110000e-06	2.728772e-06	2.170122e-09	1.970231e+01	1.293408e+02
1.120000e-06	2.814963e-06	2.627366e-09	2.032463e+01	1.565730e+02
1.130000e-06	2.900215e-06	3.096152e-09	2.094016e+01	1.841827e+02
1.140000e-06	2.984603e-06	3.568542e-09	2.154946e+01	2.121113e+02
1.150000e-06	3.068086e-06	4.040875e-09	2.215223e+01	2.402786e+02
1.160000e-06	3.150449e-06	4.518415e-09	2.274690e+01	2.685872e+02
1.170000e-06	3.231627e-06	4.999392e-09	2.333303e+01	2.969327e+02
1.180000e-06	3.311545e-06	5.476309e-09	2.391005e+01	3.252123e+02
1.190000e-06	3.390197e-06	5.946798e-09	2.447794e+01	3.533333e+02
1.200000e-06	3.467696e-06	6.415963e-09	2.503749e+01	3.812159e+02
1.210000e-06	3.544035e-06	6.884151e-09	2.558868e+01	4.087918e+02
1.220000e-06	3.619008e-06	7.347173e-09	2.613000e+01	4.360002e+02
1.230000e-06	3.692379e-06	7.799196e-09	2.665975e+01	4.627824e+02
1.240000e-06	3.764329e-06	8.244522e-09	2.717925e+01	4.890775e+02
1.250000e-06	3.835003e-06	8.681790e-09	2.768953e+01	5.148221e+02
1.260000e-06	3.904326e-06	9.104855e-09	2.819006e+01	5.399518e+02
1.270000e-06	3.972440e-06	9.513896e-09	2.868185e+01	5.644058e+02
1.280000e-06	4.039169e-06	9.911762e-09	2.916365e+01	5.881307e+02
1.290000e-06	4.104184e-06	1.030064e-08	2.963308e+01	6.110836e+02
1.300000e-06	4.167708e-06	1.067719e-08	3.009173e+01	6.332331e+02
1.310000e-06	4.229909e-06	1.103637e-08	3.054084e+01	6.545575e+02
1.320000e-06	4.290800e-06	1.137873e-08	3.098048e+01	6.750430e+02
1.330000e-06	4.350389e-06	1.170754e-08	3.141072e+01	6.946811e+02
1.340000e-06	4.408249e-06	1.202178e-08	3.182849e+01	7.134676e+02
1.350000e-06	4.464339e-06	1.232282e-08	3.223347e+01	7.314027e+02
1.360000e-06	4.518921e-06	1.261253e-08	3.262756e+01	7.484918e+02
1.370000e-06	4.571816e-06	1.289008e-08	3.300948e+01	7.647460e+02
1.380000e-06	4.622819e-06	1.315268e-08	3.337773e+01	7.801823e+02
1.390000e-06	4.671792e-06	1.339844e-08	3.373132e+01	7.948217e+02
1.400000e-06	4.718923e-06	1.362978e-08	3.407162e+01	8.086870e+02
1.410000e-06	4.764486e-06	1.385125e-08	3.440059e+01	8.217997e+02
1.420000e-06	4.808561e-06	1.406043e-08	3.471882e+01	8.341782e+02
1.430000e-06	4.850860e-06	1.425536e-08	3.502423e+01	8.458374e+02
1.440000e-06	4.891268e-06	1.443934e-08	3.531599e+01	8.567891e+02
1.450000e-06	4.930016e-06	1.461383e-08	3.559575e+01	8.670447e+02
1.460000e-06	4.967164e-06	1.477688e-08	3.586397e+01	8.766166e+02
1.470000e-06	5.002752e-06	1.492503e-08	3.612092e+01	8.855203e+02
1.480000e-06	5.036406e-06	1.506129e-08	3.636391e+01	8.937752e+02
1.490000e-06	5.068126e-06	1.518915e-08	3.659294e+01	9.014044e+02
1.500000e-06	5.098226e-06	1.530720e-08	3.681026e+01	9.084339e+02
1.510000e-06	5.126683e-06	1.541436e-08	3.701573e+01	9.148926e+02
1.520000e-06	5.153241e-06	1.551080e-08	3.720749e+01	9.208110e+02
1.530000e-06	5.177725e-06	1.560024e-08	3.738426e+01	9.262204e+02
1.540000e-06	5.200348e-06	1.568345e-08	3.754761e+01	9.311519e+02
1.550000e-06	5.221329e-06	1.575925e-08	3.769909e+01	9.356341e+02
1.560000e-06	5.240706e-06	1.582743e-08	3.783900e+01	9.396911e+02
1.570000e-06	5.258181e-06	1.588977e-08	3.796517e+01	9.433398e+02
1.580000e-06	5.273630e-06	1.594719e-08	3.807672e+01	9.465893e+02
1.590000e-06	5.287211e-06	1.599660e-08	3.817478e+01	9.494426e+02
1.600000e-06	5.298763e-06	1.603677e-08	3.825818e+01	9.519002e+02
1.610000e-06	5.308036e-06	1.606893e-08	3.832513e+01	9.539655e+02
1.620000e-06	5.315317e-06	1.609620e-08	3.837771e+01	9.556508e+02
1.630000e-06	5.320899e-06	1.611882e-08	3.841801e+01	9.569798e+02
1.640000e-06	5.324780e-06	1.613528e-08	3.844603e+01	9.579873e+02
1.650000e-06	5.326714e-06	1.614813e-08	3.846000e+01	9.587135e+02
1.660000e-06	5.326698e-06	1.615858e-08	3.845988e+01	9.591954e+02
1.670000e-06	5.325010e-06	1.616579e-08	3.844770e+01	9.594580e+02
1.680000e-06	5.321722e-06	1.616405e-08	3.842395e+01	9.595077e+02
1.690000e-06	5.316773e-06	1.615954e-08	3.838822e+01	9.593317e+02
1.700000e-06	5.309930e-06	1.615138e-08	3.833881e+01	9.589042e+02
1.710000e-06	5.301322e-06	1.613611e-08	3.827666e+01	9.581978e+02
1.720000e-06	5.291148e-06	1.611442e-08	3.820321e+01	9.571968e+02
1.730000e-06	5.279271e-06	1.607315e-08	3.811745e+01	9.559079e+02
1.740000e-06	5.265476e-06	1.605084e-08	3.801784e+01	9.543641e+02
1.750000e-06	5.249667e-06	1.609365e-08	3.790370e+01	9.526205e+02
1.760000e-06	5.231626e-06	1.606012e-08	3.777344e+01	9.507416e+02
1.770000e-06	5.211114e-06	1.599199e-08	3.762534e+01	9.487857e+02
1.780000e-06	5.188286e-06	1.591404e-08	3.746052e+01	9.467893e+02
1.790000e-06	5.163944e-06	1.581276e-08	3.728477e+01	9.447591e+02
1.800000e-06	5.138700e-06	1.590630e-08	3.710250e+01	9.426719e+02
1.810000e-06	5.111930e-06	1.583211e-08	3.690921e+01	9.404845e+02
1.820000e-06	5.083202e-06	1.570102e-08	3.670179e+01	9.381485e+02
1.830000e-06	5.052835e-06	1.584187e-08	3.648253e+01	9.356261e+02
1.840000e-06	5.020669e-06	1.575547e-08	3.625029e+01	9.329015e+02
1.850000e-06	4.986609e-06	1.565199e-08	3.600437e+01	9.299831e+02
1.860000e-06	4.951001e-06	1.565680e-08	3.574727e+01	9.268987e+02
1.870000e-06	4.913548e-06	1.542607e-08	3.547685e+01	9.236829e+02
1.880000e-06	4.874209e-06	1.543682e-08	3.519281e+01	9.203645e+02
1.890000e-06	4.833239e-06	1.553467e-08	3.489700e+01	9.169563e+02
1.900000e-06	4.790514e-06	1.538323e-08	3.458852e+01	9.134518e+02
1.910000e-06	4.746311e-06	1.534838e-08	3.426937e+01	9.098293e+02
1.920000e-06	4.700403e-06	1.523585e-08	3.393790e+01	9.060607e+02
1.930000e-06	4.652580e-06	1.519293e-08	3.359261e+01	9.021227e+02
1.940000e-06	4.603147e-06	1.516743e-08	3.323569e+01	8.980036e+02
1.950000e-06	4.551996e-06	1.495169e-08	3.286637e+01	8.937067e+02
1.960000e-06	4.499037e-06	1.498231e-08	3.248400e+01	8.892464e+02
1.970000e-06	4.444104e-06	1.496881e-08	3.208737e+01	8.846416e+02
1.980000e-06	4.387397e-06	1.484010e-08	3.167793e+01	8.799083e+02
1.990000e-06	4.329345e-06	1.472644e-08	3.125878e+01	8.750542e+02
2.000000e-06	4.269887e-06	1.459948e-08	3.082948e+01	8.700790e+02
2.010000e-06	4.208885e-06	1.462184e-08	3.038903e+01	8.649770e+02
2.020000e-06	4.146137e-06	1.447641e-08	2.993598e+01	8.597432e+02
2.030000e-06	4.081820e-06	1.434768e-08	2.947160e+01	8.543775e+02
2.040000e-06	4.016127e-06	1.431489e-08	2.899728e+01	8.488866e+02
2.050000e-06	3.949004e-06	1.421701e-08	2.851264e+01	8.432808e+02
2.060000e-06	3.880605e-06	1.416199e-08	2.801879e+01	8.375693e+02
2.070000e-06	3.810654e-06	1.397687e-08	2.751372e+01	8.317541e+02
2.080000e-06	3.739105e-06	1.388843e-08	2.699713e+01	8.258276e+02
2.090000e-06	3.666273e-06	1.382516e-08	2.647126e+01	8.197730e+02
2.100000e-06	3.592192e-06	1.369355e-08	2.593638e+01	8.135700e+02
2.110000e-06	3.516812e-06	1.359334e-08	2.539212e+01	8.072019e+02
2.120000e-06	3.439850e-06	1.346142e-08	2.483644e+01	8.006622e+02
2.130000e-06	3.361319e-06	1.340127e-08	2.426943e+01	7.939574e+02
2.140000e-06	3.281571e-06	1.325757e-08	2.369364e+01	7.871046e+02
2.150000e-06	3.200754e-06	1.310956e-08	2.311012e+01	7.801251e+02
2.160000e-06	3.118855e-06	1.299985e-08	2.251879e+01	7.730359e+02
2.170000e-06	3.035935e-06	1.289370e-08	2.192009e+01	7.658427e+02
2.180000e-06	2.952051e-06	1.279212e-08	2.131443e+01	7.585369e+02
2.190000e-06	2.867071e-06	1.262502e-08	2.070085e+01	7.510988e+02
2.200000e-06	2.780961e-06	1.250640e-08	2.007912e+01	7.435042e+02
2.210000e-06	2.693723e-06	1.239016e-08	1.944925e+01	7.357329e+02
2.220000e-06	2.605526e-06	1.225662e-08	1.881244e+01	7.277757e+02
2.230000e-06	2.516504e-06	1.209851e-08	1.816969e+01	7.196363e+02
2.240000e-06	2.426638e-06	1.195257e-08	1.752084e+01	7.113280e+02
2.250000e-06	2.336068e-06	1.184487e-08	1.686690e+01	7.028668e+02
2.260000e-06	2.244790e-06	1.169808e-08	1.620785e+01	6.942633e+02
2.270000e-06	2.152779e-06	1.153005e-08	1.554352e+01	6.855175e+02
2.280000e-06	2.059911e-06	1.136614e-08	1.487299e+01	6.766178e+02
2.290000e-06	1.966112e-06	1.123372e-08	1.419574e+01	6.675459e+02
2.300000e-06	1.871547e-06	1.108806e-08	1.351297e+01	6.582836e+02
2.310000e-06	1.776313e-06	1.090978e-08	1.282535e+01	6.488210e+02
2.320000e-06	1.680453e-06	1.074343e-08	1.213322e+01	6.391600e+02
2.330000e-06	1.584062e-06	1.059509e-08	1.143726e+01	6.293133e+02
2.340000e-06	1.487252e-06	1.043335e-08	1.073827e+01	6.192981e+02
2.350000e-06	1.389924e-06	1.024062e-08	1.003554e+01	6.091272e+02
2.360000e-06	1.292064e-06	1.005784e-08	9.328971e+00	5.988009e+02
2.370000e-06	1.193760e-06	9.898074e-09	8.619199e+00	5.883038e+02
2.380000e-06	1.095133e-06	9.726646e-09	7.907089e+00	5.776065e+02
2.390000e-06	9.962482e-07	9.528693e-09	7.193122e+00	5.666735e+02
2.400000e-06	8.970573e-07	9.332484e-09	6.476943e+00	5.554730e+02
2.410000e-06	7.975530e-07	9.150544e-09	5.758500e+00	5.439859e+02
2.420000e-06	6.977639e-07	8.956764e-09	5.038002e+00	5.322096e+02
2.430000e-06	5.977785e-07	8.737200e-09	4.316086e+00	5.201561e+02
2.440000e-06	4.975952e-07	8.522129e-09	3.592742e+00	5.078440e+02
2.450000e-06	3.972117e-07	8.323299e-09	2.867952e+00	4.952883e+02
2.460000e-06	2.966836e-07	8.118322e-09	2.142118e+00	4.824911e+02
2.470000e-06	1.960512e-07	7.892482e-09	1.415531e+00	4.694367e+02
2.480000e-06	9.533100e-08	7.660512e-09	6.883099e-01	4.560922e+02
2.490000e-06	-5.453050e-09	7.438886e-09	-3.937217e-02	4.424144e+02
2.500000e-06	-1.061835e-07	7.208358e-09	-7.666674e-01	4.283584e+02
2.510000e-06	-2.067774e-07	6.957658e-09	-1.492976e+00	4.138865e+02
2.520000e-06	-3.072737e-07	6.699127e-09	-2.218581e+00	3.989733e+02
2.530000e-06	-4.076836e-07	6.447747e-09	-2.943562e+00	3.836073e+02
2.540000e-06	-5.079459e-07	6.192051e-09	-3.667476e+00	3.677874e+02
2.550000e-06	-6.079838e-07	5.913909e-09	-4.389771e+00	3.515189e+02
2.560000e-06	-7.077695e-07	5.625009e-09	-5.110245e+00	3.348081e+02
2.570000e-06	-8.072898e-07	5.338720e-09	-5.828802e+00	3.176609e+02
2.580000e-06	-9.065622e-07	5.049045e-09	-6.545570e+00	3.000827e+02
2.590000e-06	-1.005576e-06	4.741818e-09	-7.260470e+00	2.820794e+02
2.600000e-06	-1.104242e-06	4.423566e-09	-7.972862e+00	2.636590e+02
2.610000e-06	-1.202548e-06	4.111314e-09	-8.682650e+00	2.448303e+02
2.620000e-06	-1.300463e-06	3.796586e-09	-9.389614e+00	2.255990e+02
2.630000e-06	-1.397876e-06	3.463821e-09	-1.009296e+01	2.059633e+02
2.640000e-06	-1.494796e-06	3.118168e-09	-1.079274e+01	1.859085e+02
2.650000e-06	-1.591272e-06	2.773971e-09	-1.148932e+01	1.654060e+02
2.660000e-06	-1.687304e-06	2.428130e-09	-1.218269e+01	1.444157e+02
2.670000e-06	-1.782889e-06	2.065813e-09	-1.287284e+01	1.228931e+02
2.680000e-06	-1.877907e-06	1.687459e-09	-1.355889e+01	1.007992e+02
2.690000e-06	-1.972107e-06	1.304971e-09	-1.423902e+01	7.810890e+01
2.700000e-06	-2.065341e-06	9.198335e-10	-1.491220e+01	5.481725e+01
2.710000e-06	-2.157662e-06	5.211745e-10	-1.557877e+01	3.093889e+01
2.720000e-06	-2.249133e-06	1.053420e-10	-1.623922e+01	6.502977e+00
2.730000e-06	-2.339853e-06	-3.155480e-10	-1.689423e+01	-1.845546e+01
2.740000e-06	-2.429851e-06	-7.367208e-10	-1.754404e+01	-4.390417e+01
2.750000e-06	-2.518980e-06	-1.169178e-09	-1.818757e+01	-6.981894e+01
2.760000e-06	-2.607212e-06	-1.617471e-09	-1.882462e+01	-9.618350e+01
2.770000e-06	-2.694676e-06	-2.071011e-09	-1.945613e+01	-1.229839e+02
2.780000e-06	-2.781279e-06	-2.524927e-09	-2.008142e+01	-1.501998e+02
2.790000e-06	-2.866676e-06	-2.987425e-09	-2.069801e+01	-1.777948e+02
2.800000e-06	-2.950872e-06	-3.461660e-09	-2.130592e+01	-2.057113e+02
2.810000e-06	-3.034075e-06	-3.938196e-09	-2.190666e+01	-2.338695e+02
2.820000e-06	-3.116274e-06	-4.410021e-09	-2.250016e+01	-2.621729e+02
2.830000e-06	-3.197414e-06	-4.883171e-09	-2.308600e+01	-2.905167e+02
2.840000e-06	-3.277508e-06	-5.360710e-09	-2.366430e+01	-3.187984e+02
2.850000e-06	-3.356546e-06	-5.835232e-09	-2.423497e+01	-3.469245e+02
2.860000e-06	-3.434156e-06	-6.300365e-09	-2.479533e+01	-3.748147e+02
2.870000e-06	-3.510194e-06	-6.761228e-09	-2.534434e+01	-4.024006e+02
2.880000e-06	-3.584893e-06	-7.221611e-09	-2.588369e+01	-4.296211e+02
2.890000e-06	-3.658317e-06	-7.674559e-09	-2.641382e+01	-4.564175e+02
2.900000e-06	-3.730525e-06	-8.113392e-09	-2.693517e+01	-4.827290e+02
2.910000e-06	-3.801482e-06	-8.542113e-09	-2.744750e+01	-5.084923e+02
2.920000e-06	-3.870867e-06	-8.966458e-09	-2.794848e+01	-5.336431e+02
2.930000e-06	-3.938722e-06	-9.382129e-09	-2.843840e+01	-5.581201e+02
2.940000e-06	-4.005262e-06	-9.783463e-09	-2.891884e+01	-5.818698e+02
2.950000e-06	-4.070455e-06	-1.016862e-08	-2.938954e+01	-6.048489e+02
2.960000e-06	-4.134351e-06	-1.054022e-08	-2.985089e+01	-6.270254e+02
2.970000e-06	-4.196807e-06	-1.090030e-08	-3.030183e+01	-6.483775e+02
2.980000e-06	-4.257528e-06	-1.124578e-08	-3.074025e+01	-6.688911e+02
2.990000e-06	-4.316672e-06	-1.157621e-08	-3.116728e+01	-6.885575e+02
3.000000e-06	-4.374429e-06	-1.189568e-08	-3.158430e+01	-7.073724e+02
3.010000e-06	-4.430704e-06	-1.220245e-08	-3.199061e+01	-7.253359e+02
3.020000e-06	-4.485307e-06	-1.248881e-08	-3.238486e+01	-7.424529e+02
3.030000e-06	-4.537963e-06	-1.275785e-08	-3.276505e+01	-7.587346e+02
3.040000e-06	-4.588753e-06	-1.301714e-08	-3.313176e+01	-7.741977e+02
3.050000e-06	-4.637719e-06	-1.326719e-08	-3.348531e+01	-7.888632e+02
3.060000e-06	-4.684700e-06	-1.350303e-08	-3.382452e+01	-8.027537e+02
3.070000e-06	-4.729987e-06	-1.372272e-08	-3.415150e+01	-8.158909e+02
3.080000e-06	-4.773897e-06	-1.393135e-08	-3.446854e+01	-8.282933e+02
3.090000e-06	-4.816407e-06	-1.413187e-08	-3.477547e+01	-8.399759e+02
3.100000e-06	-4.857363e-06	-1.431591e-08	-3.507118e+01	-8.509507e+02
3.110000e-06	-4.896724e-06	-1.448396e-08	-3.535538e+01	-8.612289e+02
3.120000e-06	-4.934235e-06	-1.464498e-08	-3.562622e+01	-8.708229e+02
3.130000e-06	-4.969835e-06	-1.480142e-08	-3.588326e+01	-8.797481e+02
3.140000e-06	-5.003781e-06	-1.494591e-08	-3.612836e+01	-8.880238e+02
3.150000e-06	-5.036020e-06	-1.507512e-08	-3.636112e+01	-8.956728e+02
3.160000e-06	-5.066318e-06	-1.519364e-08	-3.657988e+01	-9.027212e+02
3.170000e-06	-5.094656e-06	-1.530193e-08	-3.678449e+01	-9.091978e+02
3.180000e-06	-5.121296e-06	-1.540031e-08	-3.697684e+01	-9.151328e+02
3.190000e-06	-5.146246e-06	-1.549074e-08	-3.715698e+01	-9.205578e+02
3.200000e-06	-5.169404e-06	-1.557634e-08	-3.732419e+01	-9.255038e+02
3.210000e-06	-5.190568e-06	-1.565694e-08	-3.747700e+01	-9.299996e+02
3.220000e-06	-5.209868e-06	-1.572836e-08	-3.761634e+01	-9.340694e+02
3.230000e-06	-5.227509e-06	-1.578777e-08	-3.774372e+01	-9.377304e+02
3.240000e-06	-5.243309e-06	-1.584096e-08	-3.785779e+01	-9.409921e+02
3.250000e-06	-5.256912e-06	-1.588857e-08	-3.795601e+01	-9.438575e+02
3.260000e-06	-5.268384e-06	-1.593041e-08	-3.803884e+01	-9.463271e+02
3.270000e-06	-5.278054e-06	-1.596567e-08	-3.810866e+01	-9.484042e+02
3.280000e-06	-5.285924e-06	-1.599404e-08	-3.816548e+01	-9.501007e+02
3.290000e-06	-5.291795e-06	-1.601723e-08	-3.820787e+01	-9.514399e+02
3.300000e-06	-5.295669e-06	-1.603666e-08	-3.823584e+01	-9.524561e+02
3.310000e-06	-5.297826e-06	-1.605098e-08	-3.825142e+01	-9.531896e+02
3.320000e-06	-5.298304e-06	-1.605719e-08	-3.825487e+01	-9.536777e+02
