# Temperatura_=_37.61
# Concentracion g/m^3_=_22000.0
# C_Vs_to_Am_M_A/Vsm_=_59384043850.047264
# pendiente_HvsI_1/m_=_3716.3
# ordenada_HvsI_A/m_=_1297.0
# frecuencia_Hz_=_301660.9851787823

Tiempo_(s)	Campo_(V.s)	Magnetizacion_(V.s)	Campo_(kA/m)	Magnetizacion_(A/m)
0.000000e+00	-8.025184e-06	-2.470161e-08	-5.687457e+01	-1.465218e+03
1.000000e-08	-8.021738e-06	-2.469294e-08	-5.685015e+01	-1.464879e+03
2.000000e-08	-8.015635e-06	-2.468855e-08	-5.680690e+01	-1.464503e+03
3.000000e-08	-8.006841e-06	-2.468262e-08	-5.674457e+01	-1.464098e+03
4.000000e-08	-7.995256e-06	-2.467575e-08	-5.666247e+01	-1.463640e+03
5.000000e-08	-7.980736e-06	-2.466800e-08	-5.655957e+01	-1.463084e+03
6.000000e-08	-7.963349e-06	-2.466036e-08	-5.643634e+01	-1.462376e+03
7.000000e-08	-7.943533e-06	-2.465530e-08	-5.629591e+01	-1.461478e+03
8.000000e-08	-7.921200e-06	-2.458678e-08	-5.613763e+01	-1.460381e+03
9.000000e-08	-7.895653e-06	-2.451926e-08	-5.595658e+01	-1.459111e+03
1.000000e-07	-7.866739e-06	-2.452794e-08	-5.575167e+01	-1.457715e+03
1.100000e-07	-7.835004e-06	-2.454362e-08	-5.552676e+01	-1.456245e+03
1.200000e-07	-7.800651e-06	-2.452603e-08	-5.528330e+01	-1.454740e+03
1.300000e-07	-7.763798e-06	-2.449246e-08	-5.502213e+01	-1.453205e+03
1.400000e-07	-7.724829e-06	-2.451283e-08	-5.474595e+01	-1.451611e+03
1.500000e-07	-7.683612e-06	-2.445918e-08	-5.445384e+01	-1.449910e+03
1.600000e-07	-7.639633e-06	-2.437328e-08	-5.414217e+01	-1.448049e+03
1.700000e-07	-7.592978e-06	-2.436705e-08	-5.381152e+01	-1.445993e+03
1.800000e-07	-7.543472e-06	-2.427660e-08	-5.346067e+01	-1.443742e+03
1.900000e-07	-7.490669e-06	-2.427921e-08	-5.308645e+01	-1.441328e+03
2.000000e-07	-7.435010e-06	-2.428439e-08	-5.269200e+01	-1.438804e+03
2.100000e-07	-7.376760e-06	-2.420360e-08	-5.227918e+01	-1.436226e+03
2.200000e-07	-7.315927e-06	-2.418432e-08	-5.184805e+01	-1.433623e+03
2.300000e-07	-7.252514e-06	-2.410988e-08	-5.139865e+01	-1.430993e+03
2.400000e-07	-7.186325e-06	-2.407740e-08	-5.092956e+01	-1.428297e+03
2.500000e-07	-7.117472e-06	-2.400194e-08	-5.044160e+01	-1.425474e+03
2.600000e-07	-7.046019e-06	-2.393890e-08	-4.993522e+01	-1.422465e+03
2.700000e-07	-6.971791e-06	-2.392177e-08	-4.940916e+01	-1.419234e+03
2.800000e-07	-6.894822e-06	-2.387267e-08	-4.886368e+01	-1.415779e+03
2.900000e-07	-6.815192e-06	-2.381230e-08	-4.829934e+01	-1.412135e+03
3.000000e-07	-6.733025e-06	-2.371127e-08	-4.771702e+01	-1.408355e+03
3.100000e-07	-6.648576e-06	-2.367310e-08	-4.711853e+01	-1.404494e+03
3.200000e-07	-6.561921e-06	-2.359969e-08	-4.650441e+01	-1.400583e+03
3.300000e-07	-6.472938e-06	-2.351764e-08	-4.587378e+01	-1.396617e+03
3.400000e-07	-6.381591e-06	-2.346232e-08	-4.522640e+01	-1.392561e+03
3.500000e-07	-6.287999e-06	-2.339179e-08	-4.456312e+01	-1.388355e+03
3.600000e-07	-6.192127e-06	-2.332667e-08	-4.388368e+01	-1.383944e+03
3.700000e-07	-6.093961e-06	-2.323494e-08	-4.318797e+01	-1.379294e+03
3.800000e-07	-5.993559e-06	-2.315371e-08	-4.247642e+01	-1.374399e+03
3.900000e-07	-5.890997e-06	-2.306094e-08	-4.174956e+01	-1.369289e+03
4.000000e-07	-5.786253e-06	-2.298199e-08	-4.100724e+01	-1.364010e+03
4.100000e-07	-5.679424e-06	-2.289541e-08	-4.025014e+01	-1.358606e+03
4.200000e-07	-5.570624e-06	-2.279985e-08	-3.947908e+01	-1.353103e+03
4.300000e-07	-5.459904e-06	-2.270368e-08	-3.869440e+01	-1.347499e+03
4.400000e-07	-5.347140e-06	-2.260085e-08	-3.789524e+01	-1.341767e+03
4.500000e-07	-5.232178e-06	-2.250055e-08	-3.708050e+01	-1.335863e+03
4.600000e-07	-5.115147e-06	-2.239422e-08	-3.625110e+01	-1.329747e+03
4.700000e-07	-4.996225e-06	-2.229358e-08	-3.540830e+01	-1.323392e+03
4.800000e-07	-4.875458e-06	-2.218631e-08	-3.455243e+01	-1.316797e+03
4.900000e-07	-4.752870e-06	-2.207788e-08	-3.368364e+01	-1.309977e+03
5.000000e-07	-4.628647e-06	-2.195515e-08	-3.280327e+01	-1.302956e+03
5.100000e-07	-4.502828e-06	-2.183011e-08	-3.191160e+01	-1.295754e+03
5.200000e-07	-4.375406e-06	-2.169886e-08	-3.100855e+01	-1.288372e+03
5.300000e-07	-4.246370e-06	-2.156783e-08	-3.009407e+01	-1.280794e+03
5.400000e-07	-4.115824e-06	-2.143721e-08	-2.916889e+01	-1.272990e+03
5.500000e-07	-3.983800e-06	-2.130446e-08	-2.823324e+01	-1.264929e+03
5.600000e-07	-3.850268e-06	-2.116555e-08	-2.728689e+01	-1.256587e+03
5.700000e-07	-3.715361e-06	-2.101940e-08	-2.633081e+01	-1.247959e+03
5.800000e-07	-3.579081e-06	-2.087146e-08	-2.536499e+01	-1.239055e+03
5.900000e-07	-3.441464e-06	-2.071489e-08	-2.438969e+01	-1.229897e+03
6.000000e-07	-3.302485e-06	-2.055397e-08	-2.340475e+01	-1.220499e+03
6.100000e-07	-3.162208e-06	-2.038779e-08	-2.241060e+01	-1.210866e+03
6.200000e-07	-3.020650e-06	-2.022567e-08	-2.140738e+01	-1.200983e+03
6.300000e-07	-2.877775e-06	-2.005713e-08	-2.039482e+01	-1.190815e+03
6.400000e-07	-2.733853e-06	-1.988161e-08	-1.937484e+01	-1.180321e+03
6.500000e-07	-2.588924e-06	-1.969826e-08	-1.834773e+01	-1.169464e+03
6.600000e-07	-2.443140e-06	-1.951273e-08	-1.731456e+01	-1.158217e+03
6.700000e-07	-2.296619e-06	-1.931997e-08	-1.627617e+01	-1.146574e+03
6.800000e-07	-2.149207e-06	-1.911160e-08	-1.523146e+01	-1.134539e+03
6.900000e-07	-2.001042e-06	-1.889792e-08	-1.418141e+01	-1.122124e+03
7.000000e-07	-1.852298e-06	-1.868286e-08	-1.312726e+01	-1.109334e+03
7.100000e-07	-1.702916e-06	-1.846314e-08	-1.206859e+01	-1.096160e+03
7.200000e-07	-1.552902e-06	-1.823032e-08	-1.100543e+01	-1.082574e+03
7.300000e-07	-1.402335e-06	-1.799337e-08	-9.938362e+00	-1.068533e+03
7.400000e-07	-1.251277e-06	-1.775541e-08	-8.867814e+00	-1.053985e+03
7.500000e-07	-1.099786e-06	-1.750678e-08	-7.794199e+00	-1.038879e+03
7.600000e-07	-9.478289e-07	-1.723915e-08	-6.717274e+00	-1.023171e+03
7.700000e-07	-7.954167e-07	-1.696001e-08	-5.637127e+00	-1.006824e+03
7.800000e-07	-6.426015e-07	-1.667441e-08	-4.554124e+00	-9.898099e+02
7.900000e-07	-4.895579e-07	-1.637475e-08	-3.469502e+00	-9.720956e+02
8.000000e-07	-3.363714e-07	-1.605929e-08	-2.383868e+00	-9.536417e+02
8.100000e-07	-1.830763e-07	-1.573294e-08	-1.297463e+00	-9.343937e+02
8.200000e-07	-2.971001e-08	-1.539874e-08	-2.105552e-01	-9.142798e+02
8.300000e-07	1.237827e-07	-1.504851e-08	8.772490e-01	-8.932108e+02
8.400000e-07	2.772535e-07	-1.467583e-08	1.964899e+00	-8.710812e+02
8.500000e-07	4.305745e-07	-1.428132e-08	3.051486e+00	-8.477704e+02
8.600000e-07	5.837287e-07	-1.386747e-08	4.136892e+00	-8.231432e+02
8.700000e-07	7.366050e-07	-1.342696e-08	5.220328e+00	-7.970482e+02
8.800000e-07	8.890684e-07	-1.295313e-08	6.300838e+00	-7.693160e+02
8.900000e-07	1.041114e-06	-1.245084e-08	7.378387e+00	-7.397572e+02
9.000000e-07	1.192715e-06	-1.191953e-08	8.452782e+00	-7.081601e+02
9.100000e-07	1.343842e-06	-1.135475e-08	9.523822e+00	-6.742882e+02
9.200000e-07	1.494492e-06	-1.074205e-08	1.059148e+01	-6.378760e+02
9.300000e-07	1.644660e-06	-1.007638e-08	1.165572e+01	-5.986221e+02
9.400000e-07	1.794206e-06	-9.356087e-09	1.271556e+01	-5.561835e+02
9.500000e-07	1.943093e-06	-8.574694e-09	1.377072e+01	-5.101726e+02
9.600000e-07	2.091359e-06	-7.722885e-09	1.482148e+01	-4.601650e+02
9.700000e-07	2.238907e-06	-6.797190e-09	1.586716e+01	-4.057226e+02
9.800000e-07	2.385677e-06	-5.798206e-09	1.690732e+01	-3.464375e+02
9.900000e-07	2.531651e-06	-4.712176e-09	1.794184e+01	-2.819943e+02
1.000000e-06	2.676728e-06	-3.534230e-09	1.897000e+01	-2.122445e+02
1.010000e-06	2.820739e-06	-2.263937e-09	1.999061e+01	-1.372796e+02
1.020000e-06	2.963720e-06	-9.118410e-10	2.100392e+01	-5.748729e+01
1.030000e-06	3.105571e-06	5.106923e-10	2.200922e+01	2.642473e+01
1.040000e-06	3.246188e-06	1.985340e-09	2.300577e+01	1.134470e+02
1.050000e-06	3.385660e-06	3.490040e-09	2.399421e+01	2.023304e+02
1.060000e-06	3.523997e-06	4.997000e-09	2.497461e+01	2.916844e+02
1.070000e-06	3.661023e-06	6.480882e-09	2.594571e+01	3.800943e+02
1.080000e-06	3.796554e-06	7.930273e-09	2.690622e+01	4.662398e+02
1.090000e-06	3.930612e-06	9.324073e-09	2.785629e+01	5.489927e+02
1.100000e-06	4.063202e-06	1.064493e-08	2.879596e+01	6.274811e+02
1.110000e-06	4.194391e-06	1.188310e-08	2.972570e+01	7.011146e+02
1.120000e-06	4.324166e-06	1.303513e-08	3.064541e+01	7.695713e+02
1.130000e-06	4.452288e-06	1.409745e-08	3.155342e+01	8.327583e+02
1.140000e-06	4.578811e-06	1.506789e-08	3.245008e+01	8.907568e+02
1.150000e-06	4.703799e-06	1.595254e-08	3.333588e+01	9.437659e+02
1.160000e-06	4.827200e-06	1.675960e-08	3.421042e+01	9.920548e+02
1.170000e-06	4.948883e-06	1.749677e-08	3.507279e+01	1.035927e+03
1.180000e-06	5.068660e-06	1.816581e-08	3.592165e+01	1.075700e+03
1.190000e-06	5.186556e-06	1.876847e-08	3.675718e+01	1.111689e+03
1.200000e-06	5.302550e-06	1.931315e-08	3.757923e+01	1.144211e+03
1.210000e-06	5.416451e-06	1.980526e-08	3.838645e+01	1.173574e+03
1.220000e-06	5.528224e-06	2.024738e-08	3.917858e+01	1.200078e+03
1.230000e-06	5.638066e-06	2.064502e-08	3.995704e+01	1.224016e+03
1.240000e-06	5.746046e-06	2.100531e-08	4.072229e+01	1.245666e+03
1.250000e-06	5.852007e-06	2.133576e-08	4.147324e+01	1.265288e+03
1.260000e-06	5.955838e-06	2.163712e-08	4.220909e+01	1.283120e+03
1.270000e-06	6.057526e-06	2.190807e-08	4.292976e+01	1.299373e+03
1.280000e-06	6.157084e-06	2.215582e-08	4.363532e+01	1.314229e+03
1.290000e-06	6.254310e-06	2.238544e-08	4.432437e+01	1.327838e+03
1.300000e-06	6.349141e-06	2.259552e-08	4.499643e+01	1.340320e+03
1.310000e-06	6.441796e-06	2.278373e-08	4.565308e+01	1.351768e+03
1.320000e-06	6.532295e-06	2.295635e-08	4.629445e+01	1.362258e+03
1.330000e-06	6.620464e-06	2.311689e-08	4.691930e+01	1.371858e+03
1.340000e-06	6.706244e-06	2.326367e-08	4.752723e+01	1.380635e+03
1.350000e-06	6.789702e-06	2.339518e-08	4.811870e+01	1.388663e+03
1.360000e-06	6.870694e-06	2.351428e-08	4.869269e+01	1.396020e+03
1.370000e-06	6.949215e-06	2.362635e-08	4.924917e+01	1.402790e+03
1.380000e-06	7.025213e-06	2.373089e-08	4.978776e+01	1.409048e+03
1.390000e-06	7.098497e-06	2.382666e-08	5.030712e+01	1.414854e+03
1.400000e-06	7.169215e-06	2.391481e-08	5.080831e+01	1.420251e+03
1.410000e-06	7.237469e-06	2.399928e-08	5.129202e+01	1.425260e+03
1.420000e-06	7.303021e-06	2.407802e-08	5.175659e+01	1.429891e+03
1.430000e-06	7.365991e-06	2.414580e-08	5.220286e+01	1.434150e+03
1.440000e-06	7.426556e-06	2.420506e-08	5.263208e+01	1.438051e+03
1.450000e-06	7.484490e-06	2.426273e-08	5.304266e+01	1.441622e+03
1.460000e-06	7.539729e-06	2.432060e-08	5.343414e+01	1.444901e+03
1.470000e-06	7.592014e-06	2.437440e-08	5.380469e+01	1.447933e+03
1.480000e-06	7.641106e-06	2.442160e-08	5.415260e+01	1.450756e+03
1.490000e-06	7.687341e-06	2.446410e-08	5.448027e+01	1.453390e+03
1.500000e-06	7.730904e-06	2.450355e-08	5.478900e+01	1.455838e+03
1.510000e-06	7.771680e-06	2.453870e-08	5.507799e+01	1.458081e+03
1.520000e-06	7.809699e-06	2.456946e-08	5.534742e+01	1.460095e+03
1.530000e-06	7.845087e-06	2.459984e-08	5.559822e+01	1.461863e+03
1.540000e-06	7.877673e-06	2.462881e-08	5.582916e+01	1.463385e+03
1.550000e-06	7.907491e-06	2.465051e-08	5.604048e+01	1.464681e+03
1.560000e-06	7.934582e-06	2.466491e-08	5.623247e+01	1.465792e+03
1.570000e-06	7.958729e-06	2.467811e-08	5.640360e+01	1.466762e+03
1.580000e-06	7.980137e-06	2.469110e-08	5.655532e+01	1.467626e+03
1.590000e-06	7.998826e-06	2.470021e-08	5.668777e+01	1.468396e+03
1.600000e-06	8.014624e-06	2.470663e-08	5.679973e+01	1.469061e+03
1.610000e-06	8.027392e-06	2.471551e-08	5.689022e+01	1.469590e+03
1.620000e-06	8.037020e-06	2.472598e-08	5.695845e+01	1.469950e+03
1.630000e-06	8.043720e-06	2.473015e-08	5.700593e+01	1.470118e+03
1.640000e-06	8.047624e-06	2.472870e-08	5.703360e+01	1.470099e+03
1.650000e-06	8.048739e-06	2.472317e-08	5.704150e+01	1.469921e+03
1.660000e-06	8.047168e-06	2.472408e-08	5.703037e+01	1.469632e+03
1.670000e-06	8.043021e-06	2.471639e-08	5.700098e+01	1.469281e+03
1.680000e-06	8.036214e-06	2.470333e-08	5.695274e+01	1.468897e+03
1.690000e-06	8.026698e-06	2.469636e-08	5.688530e+01	1.468481e+03
1.700000e-06	8.014380e-06	2.468968e-08	5.679800e+01	1.468003e+03
1.710000e-06	7.999293e-06	2.467678e-08	5.669108e+01	1.467412e+03
1.720000e-06	7.981748e-06	2.465077e-08	5.656673e+01	1.466659e+03
1.730000e-06	7.961937e-06	2.467627e-08	5.642634e+01	1.465710e+03
1.740000e-06	7.939391e-06	2.471804e-08	5.626656e+01	1.464565e+03
1.750000e-06	7.913414e-06	2.466730e-08	5.608245e+01	1.463257e+03
1.760000e-06	7.883814e-06	2.459875e-08	5.587268e+01	1.461837e+03
1.770000e-06	7.851114e-06	2.457026e-08	5.564093e+01	1.460356e+03
1.780000e-06	7.815887e-06	2.452726e-08	5.539128e+01	1.458843e+03
1.790000e-06	7.778125e-06	2.445526e-08	5.512366e+01	1.457296e+03
1.800000e-06	7.738194e-06	2.453746e-08	5.484067e+01	1.455680e+03
1.810000e-06	7.696169e-06	2.445808e-08	5.454284e+01	1.453942e+03
1.820000e-06	7.651504e-06	2.441372e-08	5.422630e+01	1.452033e+03
1.830000e-06	7.604162e-06	2.447786e-08	5.389078e+01	1.449926e+03
1.840000e-06	7.553898e-06	2.431442e-08	5.353456e+01	1.447629e+03
1.850000e-06	7.500537e-06	2.432530e-08	5.315639e+01	1.445182e+03
1.860000e-06	7.444436e-06	2.423007e-08	5.275880e+01	1.442639e+03
1.870000e-06	7.385684e-06	2.419720e-08	5.234243e+01	1.440052e+03
1.880000e-06	7.324360e-06	2.423431e-08	5.190782e+01	1.437443e+03
1.890000e-06	7.260265e-06	2.411631e-08	5.145358e+01	1.434801e+03
1.900000e-06	7.193500e-06	2.413690e-08	5.098042e+01	1.432078e+03
1.910000e-06	7.124083e-06	2.404234e-08	5.048846e+01	1.429213e+03
1.920000e-06	7.051884e-06	2.398716e-08	4.997678e+01	1.426150e+03
1.930000e-06	6.977048e-06	2.392841e-08	4.944642e+01	1.422861e+03
1.940000e-06	6.899418e-06	2.383897e-08	4.889625e+01	1.419353e+03
1.950000e-06	6.819195e-06	2.384522e-08	4.832771e+01	1.415668e+03
1.960000e-06	6.736637e-06	2.374140e-08	4.774262e+01	1.411863e+03
1.970000e-06	6.651670e-06	2.372928e-08	4.714046e+01	1.407987e+03
1.980000e-06	6.564246e-06	2.362655e-08	4.652089e+01	1.404063e+03
1.990000e-06	6.474477e-06	2.354535e-08	4.588469e+01	1.400078e+03
2.000000e-06	6.382483e-06	2.349073e-08	4.523273e+01	1.395989e+03
2.010000e-06	6.288127e-06	2.339533e-08	4.456402e+01	1.391736e+03
2.020000e-06	6.191540e-06	2.335078e-08	4.387952e+01	1.387267e+03
2.030000e-06	6.092785e-06	2.324808e-08	4.317963e+01	1.382553e+03
2.040000e-06	5.991776e-06	2.320338e-08	4.246379e+01	1.377600e+03
2.050000e-06	5.888562e-06	2.309482e-08	4.173230e+01	1.372443e+03
2.060000e-06	5.783282e-06	2.300675e-08	4.098618e+01	1.367127e+03
2.070000e-06	5.676048e-06	2.290791e-08	4.022622e+01	1.361696e+03
2.080000e-06	5.566762e-06	2.281868e-08	3.945170e+01	1.356169e+03
2.090000e-06	5.455468e-06	2.273073e-08	3.866297e+01	1.350536e+03
2.100000e-06	5.342161e-06	2.262459e-08	3.785996e+01	1.344764e+03
2.110000e-06	5.226762e-06	2.253100e-08	3.704212e+01	1.338809e+03
2.120000e-06	5.109200e-06	2.241993e-08	3.620896e+01	1.332634e+03
2.130000e-06	4.989664e-06	2.231606e-08	3.536181e+01	1.326218e+03
2.140000e-06	4.868375e-06	2.219311e-08	3.450223e+01	1.319563e+03
2.150000e-06	4.745310e-06	2.208768e-08	3.363007e+01	1.312690e+03
2.160000e-06	4.620482e-06	2.197110e-08	3.274541e+01	1.305622e+03
2.170000e-06	4.493969e-06	2.185747e-08	3.184881e+01	1.298374e+03
2.180000e-06	4.365870e-06	2.172244e-08	3.094097e+01	1.290944e+03
2.190000e-06	4.236278e-06	2.159285e-08	3.002255e+01	1.283312e+03
2.200000e-06	4.105195e-06	2.145867e-08	2.909356e+01	1.275446e+03
2.210000e-06	3.972576e-06	2.132374e-08	2.815369e+01	1.267315e+03
2.220000e-06	3.838472e-06	2.118228e-08	2.720329e+01	1.258900e+03
2.230000e-06	3.703039e-06	2.103793e-08	2.624348e+01	1.250201e+03
2.240000e-06	3.566334e-06	2.089713e-08	2.527465e+01	1.241231e+03
2.250000e-06	3.428297e-06	2.074136e-08	2.429638e+01	1.232010e+03
2.260000e-06	3.288930e-06	2.057939e-08	2.330868e+01	1.222554e+03
2.270000e-06	3.148243e-06	2.040874e-08	2.231164e+01	1.212860e+03
2.280000e-06	3.006358e-06	2.024031e-08	2.130609e+01	1.202908e+03
2.290000e-06	2.863379e-06	2.006509e-08	2.029280e+01	1.192661e+03
2.300000e-06	2.719427e-06	1.988701e-08	1.927261e+01	1.182079e+03
2.310000e-06	2.574548e-06	1.970373e-08	1.824585e+01	1.171125e+03
2.320000e-06	2.428765e-06	1.951693e-08	1.721268e+01	1.159779e+03
2.330000e-06	2.282241e-06	1.932193e-08	1.617427e+01	1.148035e+03
2.340000e-06	2.134891e-06	1.911783e-08	1.513000e+01	1.135903e+03
2.350000e-06	1.986662e-06	1.890369e-08	1.407950e+01	1.123394e+03
2.360000e-06	1.837675e-06	1.868727e-08	1.302363e+01	1.110508e+03
2.370000e-06	1.688036e-06	1.846282e-08	1.196313e+01	1.097234e+03
2.380000e-06	1.537800e-06	1.823117e-08	1.089840e+01	1.083538e+03
2.390000e-06	1.386988e-06	1.798986e-08	9.829602e+00	1.069374e+03
2.400000e-06	1.235711e-06	1.774423e-08	8.757499e+00	1.054690e+03
2.410000e-06	1.084069e-06	1.748989e-08	7.682809e+00	1.039437e+03
2.420000e-06	9.321319e-07	1.722087e-08	6.606030e+00	1.023571e+03
2.430000e-06	7.798969e-07	1.694057e-08	5.527138e+00	1.007060e+03
2.440000e-06	6.273819e-07	1.665051e-08	4.446262e+00	9.898726e+02
2.450000e-06	4.746146e-07	1.635307e-08	3.363599e+00	9.719768e+02
2.460000e-06	3.216463e-07	1.603902e-08	2.279511e+00	9.533292e+02
2.470000e-06	1.685607e-07	1.570998e-08	1.194592e+00	9.338712e+02
2.480000e-06	1.542448e-08	1.536816e-08	1.093135e-01	9.135267e+02
2.490000e-06	-1.376447e-07	1.501049e-08	-9.754896e-01	8.922022e+02
2.500000e-06	-2.906113e-07	1.463318e-08	-2.059566e+00	8.697882e+02
2.510000e-06	-4.435222e-07	1.423550e-08	-3.143247e+00	8.461607e+02
2.520000e-06	-5.962645e-07	1.381583e-08	-4.225733e+00	8.211805e+02
2.530000e-06	-7.487174e-07	1.337168e-08	-5.306169e+00	7.946920e+02
2.540000e-06	-9.008884e-07	1.289847e-08	-6.384606e+00	7.665208e+02
2.550000e-06	-1.052755e-06	1.239303e-08	-7.460887e+00	7.364723e+02
2.560000e-06	-1.204258e-06	1.185091e-08	-8.534590e+00	7.043288e+02
2.570000e-06	-1.355319e-06	1.127120e-08	-9.605158e+00	6.698472e+02
2.580000e-06	-1.505875e-06	1.064958e-08	-1.067216e+01	6.327534e+02
2.590000e-06	-1.655919e-06	9.980822e-09	-1.173551e+01	5.927363e+02
2.600000e-06	-1.805464e-06	9.257102e-09	-1.279534e+01	5.494418e+02
2.610000e-06	-1.954401e-06	8.470326e-09	-1.385086e+01	5.024717e+02
2.620000e-06	-2.102594e-06	7.614475e-09	-1.490111e+01	4.513953e+02
2.630000e-06	-2.249885e-06	6.681418e-09	-1.594496e+01	3.957771e+02
2.640000e-06	-2.396315e-06	5.667472e-09	-1.698271e+01	3.352260e+02
2.650000e-06	-2.541998e-06	4.566763e-09	-1.801517e+01	2.694610e+02
2.660000e-06	-2.686717e-06	3.376309e-09	-1.904079e+01	1.983871e+02
2.670000e-06	-2.830458e-06	2.099586e-09	-2.005949e+01	1.221657e+02
2.680000e-06	-2.973231e-06	7.445621e-10	-2.107132e+01	4.126381e+01
2.690000e-06	-3.114987e-06	-6.757701e-10	-2.207595e+01	-4.353203e+01
2.700000e-06	-3.255512e-06	-2.144328e-09	-2.307185e+01	-1.311450e+02
2.710000e-06	-3.394659e-06	-3.639841e-09	-2.405799e+01	-2.202804e+02
2.720000e-06	-3.532516e-06	-5.139787e-09	-2.503498e+01	-3.095300e+02
2.730000e-06	-3.669032e-06	-6.619389e-09	-2.600247e+01	-3.974925e+02
2.740000e-06	-3.804204e-06	-8.056985e-09	-2.696044e+01	-4.828873e+02
2.750000e-06	-3.938077e-06	-9.434401e-09	-2.790920e+01	-5.646458e+02
2.760000e-06	-4.070486e-06	-1.073890e-08	-2.884758e+01	-6.419658e+02
2.770000e-06	-4.201358e-06	-1.196136e-08	-2.977507e+01	-7.143263e+02
2.780000e-06	-4.330807e-06	-1.309570e-08	-3.069248e+01	-7.814675e+02
2.790000e-06	-4.458770e-06	-1.414097e-08	-3.159935e+01	-8.433451e+02
2.800000e-06	-4.585258e-06	-1.509840e-08	-3.249578e+01	-9.000750e+02
2.810000e-06	-4.710137e-06	-1.597356e-08	-3.338079e+01	-9.518779e+02
2.820000e-06	-4.833188e-06	-1.677314e-08	-3.425286e+01	-9.990343e+02
2.830000e-06	-4.954492e-06	-1.749784e-08	-3.511254e+01	-1.041853e+03
2.840000e-06	-5.074066e-06	-1.815284e-08	-3.595996e+01	-1.080651e+03
2.850000e-06	-5.191671e-06	-1.874662e-08	-3.679343e+01	-1.115745e+03
2.860000e-06	-5.307045e-06	-1.928421e-08	-3.761109e+01	-1.147449e+03
2.870000e-06	-5.420259e-06	-1.976978e-08	-3.841343e+01	-1.176070e+03
2.880000e-06	-5.531428e-06	-2.020540e-08	-3.920129e+01	-1.201907e+03
2.890000e-06	-5.640563e-06	-2.059926e-08	-3.997473e+01	-1.225249e+03
2.900000e-06	-5.747781e-06	-2.096012e-08	-4.073459e+01	-1.246369e+03
2.910000e-06	-5.853026e-06	-2.128871e-08	-4.148046e+01	-1.265522e+03
2.920000e-06	-5.956183e-06	-2.158490e-08	-4.221153e+01	-1.282942e+03
2.930000e-06	-6.057049e-06	-2.185355e-08	-4.292638e+01	-1.298831e+03
2.940000e-06	-6.155691e-06	-2.209732e-08	-4.362545e+01	-1.313363e+03
2.950000e-06	-6.252318e-06	-2.231933e-08	-4.431025e+01	-1.326681e+03
2.960000e-06	-6.346843e-06	-2.252554e-08	-4.498015e+01	-1.338898e+03
2.970000e-06	-6.439039e-06	-2.271738e-08	-4.563354e+01	-1.350101e+03
2.980000e-06	-6.528877e-06	-2.289527e-08	-4.627023e+01	-1.360363e+03
2.990000e-06	-6.616534e-06	-2.305775e-08	-4.689145e+01	-1.369752e+03
3.000000e-06	-6.701796e-06	-2.320500e-08	-4.749570e+01	-1.378335e+03
3.010000e-06	-6.784611e-06	-2.334053e-08	-4.808262e+01	-1.386188e+03
3.020000e-06	-6.865113e-06	-2.346524e-08	-4.865314e+01	-1.393392e+03
3.030000e-06	-6.943080e-06	-2.357889e-08	-4.920569e+01	-1.400028e+03
3.040000e-06	-7.018291e-06	-2.368233e-08	-4.973871e+01	-1.406169e+03
3.050000e-06	-7.090867e-06	-2.377756e-08	-5.025306e+01	-1.411871e+03
3.060000e-06	-7.160954e-06	-2.386925e-08	-5.074976e+01	-1.417170e+03
3.070000e-06	-7.228490e-06	-2.395569e-08	-5.122839e+01	-1.422085e+03
3.080000e-06	-7.293440e-06	-2.403443e-08	-5.168869e+01	-1.426623e+03
3.090000e-06	-7.355821e-06	-2.410597e-08	-5.213079e+01	-1.430792e+03
3.100000e-06	-7.415602e-06	-2.417215e-08	-5.255445e+01	-1.434608e+03
3.110000e-06	-7.472724e-06	-2.423487e-08	-5.295928e+01	-1.438103e+03
3.120000e-06	-7.527067e-06	-2.428966e-08	-5.334441e+01	-1.441317e+03
3.130000e-06	-7.578509e-06	-2.433886e-08	-5.370898e+01	-1.444295e+03
3.140000e-06	-7.626906e-06	-2.438607e-08	-5.405197e+01	-1.447070e+03
3.150000e-06	-7.672391e-06	-2.443144e-08	-5.437432e+01	-1.449659e+03
3.160000e-06	-7.715366e-06	-2.447173e-08	-5.467889e+01	-1.452058e+03
3.170000e-06	-7.755823e-06	-2.450768e-08	-5.496560e+01	-1.454247e+03
3.180000e-06	-7.793469e-06	-2.454031e-08	-5.523240e+01	-1.456202e+03
3.190000e-06	-7.828363e-06	-2.457225e-08	-5.547969e+01	-1.457909e+03
3.200000e-06	-7.860678e-06	-2.460027e-08	-5.570871e+01	-1.459372e+03
3.210000e-06	-7.890125e-06	-2.462291e-08	-5.591740e+01	-1.460619e+03
3.220000e-06	-7.916654e-06	-2.464374e-08	-5.610542e+01	-1.461692e+03
3.230000e-06	-7.940441e-06	-2.466127e-08	-5.627400e+01	-1.462633e+03
3.240000e-06	-7.961360e-06	-2.467557e-08	-5.642225e+01	-1.463474e+03
3.250000e-06	-7.979480e-06	-2.468792e-08	-5.655067e+01	-1.464221e+03
3.260000e-06	-7.994747e-06	-2.469983e-08	-5.665886e+01	-1.464856e+03
3.270000e-06	-8.006848e-06	-2.471005e-08	-5.674462e+01	-1.465347e+03
3.280000e-06	-8.016030e-06	-2.471791e-08	-5.680969e+01	-1.465661e+03
3.290000e-06	-8.022300e-06	-2.472068e-08	-5.685413e+01	-1.465782e+03
3.300000e-06	-8.025672e-06	-2.472188e-08	-5.687803e+01	-1.465720e+03
3.310000e-06	-8.026468e-06	-2.471774e-08	-5.688367e+01	-1.465511e+03
