# Temperatura_=_51.63
# Concentracion g/m^3_=_22000.0
# C_Vs_to_Am_M_A/Vsm_=_59384043850.047264
# pendiente_HvsI_1/m_=_3716.3
# ordenada_HvsI_A/m_=_1297.0
# frecuencia_Hz_=_301663.1490272489

Tiempo_(s)	Campo_(V.s)	Magnetizacion_(V.s)	Campo_(kA/m)	Magnetizacion_(A/m)
0.000000e+00	-8.079880e-06	-2.528318e-08	-5.687390e+01	-1.499383e+03
1.000000e-08	-8.076483e-06	-2.527418e-08	-5.684999e+01	-1.499017e+03
2.000000e-08	-8.070442e-06	-2.526586e-08	-5.680747e+01	-1.498557e+03
3.000000e-08	-8.061719e-06	-2.525747e-08	-5.674607e+01	-1.498037e+03
4.000000e-08	-8.050146e-06	-2.524818e-08	-5.666461e+01	-1.497473e+03
5.000000e-08	-8.035664e-06	-2.523808e-08	-5.656267e+01	-1.496858e+03
6.000000e-08	-8.018269e-06	-2.522786e-08	-5.644023e+01	-1.496159e+03
7.000000e-08	-7.998343e-06	-2.521519e-08	-5.629997e+01	-1.495333e+03
8.000000e-08	-7.975893e-06	-2.516385e-08	-5.614194e+01	-1.494342e+03
9.000000e-08	-7.950206e-06	-2.511073e-08	-5.596114e+01	-1.493168e+03
1.000000e-07	-7.921130e-06	-2.511173e-08	-5.575647e+01	-1.491823e+03
1.100000e-07	-7.889331e-06	-2.512456e-08	-5.553264e+01	-1.490340e+03
1.200000e-07	-7.854909e-06	-2.510934e-08	-5.529034e+01	-1.488768e+03
1.300000e-07	-7.817887e-06	-2.508150e-08	-5.502975e+01	-1.487146e+03
1.400000e-07	-7.778676e-06	-2.507610e-08	-5.475374e+01	-1.485493e+03
1.500000e-07	-7.737200e-06	-2.503282e-08	-5.446179e+01	-1.483800e+03
1.600000e-07	-7.693056e-06	-2.497090e-08	-5.415107e+01	-1.482029e+03
1.700000e-07	-7.646145e-06	-2.493032e-08	-5.382086e+01	-1.480131e+03
1.800000e-07	-7.596356e-06	-2.487231e-08	-5.347040e+01	-1.478063e+03
1.900000e-07	-7.543462e-06	-2.486605e-08	-5.309808e+01	-1.475800e+03
2.000000e-07	-7.487724e-06	-2.485418e-08	-5.270575e+01	-1.473348e+03
2.100000e-07	-7.429214e-06	-2.480157e-08	-5.229390e+01	-1.470736e+03
2.200000e-07	-7.368045e-06	-2.475392e-08	-5.186333e+01	-1.468008e+03
2.300000e-07	-7.304339e-06	-2.468534e-08	-5.141491e+01	-1.465200e+03
2.400000e-07	-7.237818e-06	-2.463943e-08	-5.094667e+01	-1.462331e+03
2.500000e-07	-7.168609e-06	-2.457694e-08	-5.045951e+01	-1.459393e+03
2.600000e-07	-7.096792e-06	-2.451739e-08	-4.995399e+01	-1.456354e+03
2.700000e-07	-7.022135e-06	-2.448796e-08	-4.942849e+01	-1.453171e+03
2.800000e-07	-6.944680e-06	-2.444524e-08	-4.888328e+01	-1.449808e+03
2.900000e-07	-6.864506e-06	-2.438565e-08	-4.831894e+01	-1.446244e+03
3.000000e-07	-6.781859e-06	-2.429985e-08	-4.773719e+01	-1.442485e+03
3.100000e-07	-6.697029e-06	-2.423440e-08	-4.714008e+01	-1.438557e+03
3.200000e-07	-6.609980e-06	-2.416117e-08	-4.652735e+01	-1.434494e+03
3.300000e-07	-6.520463e-06	-2.408985e-08	-4.589724e+01	-1.430325e+03
3.400000e-07	-6.428531e-06	-2.402876e-08	-4.525014e+01	-1.426062e+03
3.500000e-07	-6.334392e-06	-2.395457e-08	-4.458749e+01	-1.421693e+03
3.600000e-07	-6.237904e-06	-2.388677e-08	-4.390832e+01	-1.417186e+03
3.700000e-07	-6.139083e-06	-2.380231e-08	-4.321272e+01	-1.412503e+03
3.800000e-07	-6.038079e-06	-2.371287e-08	-4.250176e+01	-1.407609e+03
3.900000e-07	-5.934964e-06	-2.361499e-08	-4.177594e+01	-1.402488e+03
4.000000e-07	-5.829638e-06	-2.352795e-08	-4.103455e+01	-1.397142e+03
4.100000e-07	-5.722153e-06	-2.344517e-08	-4.027797e+01	-1.391597e+03
4.200000e-07	-5.612705e-06	-2.335327e-08	-3.950757e+01	-1.385883e+03
4.300000e-07	-5.501299e-06	-2.325413e-08	-3.872339e+01	-1.380028e+03
4.400000e-07	-5.387749e-06	-2.314932e-08	-3.792412e+01	-1.374046e+03
4.500000e-07	-5.271911e-06	-2.304792e-08	-3.710874e+01	-1.367930e+03
4.600000e-07	-5.154008e-06	-2.293871e-08	-3.627883e+01	-1.361657e+03
4.700000e-07	-5.034306e-06	-2.282928e-08	-3.543625e+01	-1.355194e+03
4.800000e-07	-4.912811e-06	-2.271752e-08	-3.458105e+01	-1.348508e+03
4.900000e-07	-4.789492e-06	-2.260637e-08	-3.371301e+01	-1.341577e+03
5.000000e-07	-4.664449e-06	-2.248660e-08	-3.283284e+01	-1.334392e+03
5.100000e-07	-4.537832e-06	-2.235723e-08	-3.194159e+01	-1.326959e+03
5.200000e-07	-4.409566e-06	-2.222140e-08	-3.103873e+01	-1.319292e+03
5.300000e-07	-4.279654e-06	-2.208712e-08	-3.012429e+01	-1.311404e+03
5.400000e-07	-4.148195e-06	-2.195526e-08	-2.919896e+01	-1.303301e+03
5.500000e-07	-4.015241e-06	-2.181593e-08	-2.826310e+01	-1.294979e+03
5.600000e-07	-3.880836e-06	-2.167027e-08	-2.731703e+01	-1.286423e+03
5.700000e-07	-3.745027e-06	-2.152323e-08	-2.636107e+01	-1.277612e+03
5.800000e-07	-3.607885e-06	-2.137262e-08	-2.539574e+01	-1.268526e+03
5.900000e-07	-3.469358e-06	-2.121005e-08	-2.442065e+01	-1.259149e+03
6.000000e-07	-3.329366e-06	-2.103939e-08	-2.343525e+01	-1.249474e+03
6.100000e-07	-3.188003e-06	-2.087044e-08	-2.244021e+01	-1.239497e+03
6.200000e-07	-3.045370e-06	-2.070523e-08	-2.143622e+01	-1.229223e+03
6.300000e-07	-2.901513e-06	-2.052994e-08	-2.042362e+01	-1.218651e+03
6.400000e-07	-2.756598e-06	-2.034576e-08	-1.940356e+01	-1.207775e+03
6.500000e-07	-2.610691e-06	-2.015898e-08	-1.837654e+01	-1.196578e+03
6.600000e-07	-2.463888e-06	-1.997027e-08	-1.734320e+01	-1.185038e+03
6.700000e-07	-2.316304e-06	-1.977035e-08	-1.630436e+01	-1.173126e+03
6.800000e-07	-2.167940e-06	-1.955588e-08	-1.526003e+01	-1.160813e+03
6.900000e-07	-2.018822e-06	-1.933779e-08	-1.421040e+01	-1.148075e+03
7.000000e-07	-1.869022e-06	-1.911960e-08	-1.315596e+01	-1.134892e+03
7.100000e-07	-1.718554e-06	-1.889206e-08	-1.209682e+01	-1.121252e+03
7.200000e-07	-1.567533e-06	-1.864934e-08	-1.103379e+01	-1.107147e+03
7.300000e-07	-1.416025e-06	-1.840301e-08	-9.967336e+00	-1.092563e+03
7.400000e-07	-1.263978e-06	-1.815730e-08	-8.897082e+00	-1.077480e+03
7.500000e-07	-1.111391e-06	-1.789847e-08	-7.823028e+00	-1.061862e+03
7.600000e-07	-9.583235e-07	-1.761902e-08	-6.745595e+00	-1.045662e+03
7.700000e-07	-8.049119e-07	-1.733068e-08	-5.665738e+00	-1.028820e+03
7.800000e-07	-6.512524e-07	-1.703988e-08	-4.584135e+00	-1.011267e+03
7.900000e-07	-4.973293e-07	-1.673476e-08	-3.500678e+00	-9.929354e+02
8.000000e-07	-3.432002e-07	-1.640725e-08	-2.415770e+00	-9.737618e+02
8.100000e-07	-1.889620e-07	-1.606571e-08	-1.330095e+00	-9.536864e+02
8.200000e-07	-3.467512e-08	-1.571607e-08	-2.440766e-01	-9.326500e+02
8.300000e-07	1.196488e-07	-1.534805e-08	8.422023e-01	-9.105841e+02
8.400000e-07	2.739814e-07	-1.495485e-08	1.928543e+00	-8.873998e+02
8.500000e-07	4.281773e-07	-1.454054e-08	3.013920e+00	-8.629771e+02
8.600000e-07	5.821868e-07	-1.410902e-08	4.097986e+00	-8.371588e+02
8.700000e-07	7.359510e-07	-1.365067e-08	5.180325e+00	-8.097517e+02
8.800000e-07	8.894551e-07	-1.315385e-08	6.260833e+00	-7.805329e+02
8.900000e-07	1.042676e-06	-1.262038e-08	7.339349e+00	-7.492600e+02
9.000000e-07	1.195487e-06	-1.205459e-08	8.414977e+00	-7.156784e+02
9.100000e-07	1.347832e-06	-1.145057e-08	9.487327e+00	-6.795214e+02
9.200000e-07	1.499640e-06	-1.079376e-08	1.055589e+01	-6.405009e+02
9.300000e-07	1.650855e-06	-1.007763e-08	1.162029e+01	-5.982902e+02
9.400000e-07	1.801457e-06	-9.302756e-09	1.268037e+01	-5.525056e+02
9.500000e-07	1.951438e-06	-8.459996e-09	1.373608e+01	-5.026971e+02
9.600000e-07	2.100773e-06	-7.534322e-09	1.478724e+01	-4.483604e+02
9.700000e-07	2.249371e-06	-6.523315e-09	1.583322e+01	-3.889771e+02
9.800000e-07	2.397145e-06	-5.427844e-09	1.687339e+01	-3.240861e+02
9.900000e-07	2.544059e-06	-4.234818e-09	1.790752e+01	-2.533761e+02
1.000000e-06	2.690067e-06	-2.938062e-09	1.893526e+01	-1.767860e+02
1.010000e-06	2.835098e-06	-1.545117e-09	1.995612e+01	-9.458879e+01
1.020000e-06	2.979128e-06	-7.126536e-11	2.096995e+01	-7.439874e+00
1.030000e-06	3.122089e-06	1.466301e-09	2.197624e+01	8.362718e+01
1.040000e-06	3.263892e-06	3.049528e-09	2.297438e+01	1.772617e+02
1.050000e-06	3.404418e-06	4.652365e-09	2.396354e+01	2.719065e+02
1.060000e-06	3.543620e-06	6.240398e-09	2.494338e+01	3.659383e+02
1.070000e-06	3.681494e-06	7.784018e-09	2.591387e+01	4.578144e+02
1.080000e-06	3.817943e-06	9.271313e-09	2.687433e+01	5.461972e+02
1.090000e-06	3.952954e-06	1.068340e-08	2.782466e+01	6.300405e+02
1.100000e-06	4.086555e-06	1.200269e-08	2.876507e+01	7.086246e+02
1.110000e-06	4.218686e-06	1.322526e-08	2.969513e+01	7.815459e+02
1.120000e-06	4.349278e-06	1.435227e-08	3.061437e+01	8.486708e+02
1.130000e-06	4.478313e-06	1.538524e-08	3.152264e+01	9.100716e+02
1.140000e-06	4.605760e-06	1.632286e-08	3.241973e+01	9.659611e+02
1.150000e-06	4.731606e-06	1.717090e-08	3.330555e+01	1.016638e+03
1.160000e-06	4.855783e-06	1.793841e-08	3.417963e+01	1.062449e+03
1.170000e-06	4.978322e-06	1.863289e-08	3.504218e+01	1.103764e+03
1.180000e-06	5.099153e-06	1.925778e-08	3.589270e+01	1.140964e+03
1.190000e-06	5.218085e-06	1.981580e-08	3.672986e+01	1.174432e+03
1.200000e-06	5.334977e-06	2.031702e-08	3.755266e+01	1.204541e+03
1.210000e-06	5.449773e-06	2.077173e-08	3.836070e+01	1.231648e+03
1.220000e-06	5.562475e-06	2.118231e-08	3.915400e+01	1.256079e+03
1.230000e-06	5.673187e-06	2.155083e-08	3.993330e+01	1.278128e+03
1.240000e-06	5.781924e-06	2.188397e-08	4.069870e+01	1.298053e+03
1.250000e-06	5.888590e-06	2.218776e-08	4.144952e+01	1.316083e+03
1.260000e-06	5.993147e-06	2.246107e-08	4.218549e+01	1.332425e+03
1.270000e-06	6.095499e-06	2.270612e-08	4.290594e+01	1.347270e+03
1.280000e-06	6.195688e-06	2.293197e-08	4.361116e+01	1.360798e+03
1.290000e-06	6.293577e-06	2.314118e-08	4.430020e+01	1.373172e+03
1.300000e-06	6.389104e-06	2.333238e-08	4.497261e+01	1.384534e+03
1.310000e-06	6.482408e-06	2.350507e-08	4.562938e+01	1.394993e+03
1.320000e-06	6.573529e-06	2.366534e-08	4.627077e+01	1.404628e+03
1.330000e-06	6.662336e-06	2.381424e-08	4.689587e+01	1.413492e+03
1.340000e-06	6.748795e-06	2.394976e-08	4.750446e+01	1.421617e+03
1.350000e-06	6.832963e-06	2.407070e-08	4.809691e+01	1.429038e+03
1.360000e-06	6.914691e-06	2.418008e-08	4.867219e+01	1.435802e+03
1.370000e-06	6.993888e-06	2.428199e-08	4.922966e+01	1.441972e+03
1.380000e-06	7.070492e-06	2.437572e-08	4.976887e+01	1.447631e+03
1.390000e-06	7.144431e-06	2.446184e-08	5.028932e+01	1.452865e+03
1.400000e-06	7.215793e-06	2.454459e-08	5.079163e+01	1.457751e+03
1.410000e-06	7.284607e-06	2.462501e-08	5.127602e+01	1.462340e+03
1.420000e-06	7.350745e-06	2.469940e-08	5.174155e+01	1.466653e+03
1.430000e-06	7.414220e-06	2.476558e-08	5.218836e+01	1.470686e+03
1.440000e-06	7.475230e-06	2.482374e-08	5.261780e+01	1.474417e+03
1.450000e-06	7.533654e-06	2.487789e-08	5.302904e+01	1.477830e+03
1.460000e-06	7.589303e-06	2.492875e-08	5.342075e+01	1.480924e+03
1.470000e-06	7.642029e-06	2.497522e-08	5.379189e+01	1.483720e+03
1.480000e-06	7.691652e-06	2.501691e-08	5.414119e+01	1.486262e+03
1.490000e-06	7.738369e-06	2.505627e-08	5.447003e+01	1.488600e+03
1.500000e-06	7.782376e-06	2.509293e-08	5.477979e+01	1.490776e+03
1.510000e-06	7.823546e-06	2.512512e-08	5.506958e+01	1.492813e+03
1.520000e-06	7.861898e-06	2.515434e-08	5.533954e+01	1.494709e+03
1.530000e-06	7.897533e-06	2.518120e-08	5.559037e+01	1.496442e+03
1.540000e-06	7.930365e-06	2.520503e-08	5.582148e+01	1.497982e+03
1.550000e-06	7.960481e-06	2.522426e-08	5.603346e+01	1.499308e+03
1.560000e-06	7.987854e-06	2.524039e-08	5.622614e+01	1.500419e+03
1.570000e-06	8.012305e-06	2.525514e-08	5.639825e+01	1.501333e+03
1.580000e-06	8.033943e-06	2.526692e-08	5.655056e+01	1.502086e+03
1.590000e-06	8.052838e-06	2.527481e-08	5.668356e+01	1.502716e+03
1.600000e-06	8.068838e-06	2.527980e-08	5.679618e+01	1.503248e+03
1.610000e-06	8.081801e-06	2.528614e-08	5.688743e+01	1.503691e+03
1.620000e-06	8.091614e-06	2.529264e-08	5.695650e+01	1.504028e+03
1.630000e-06	8.098452e-06	2.529407e-08	5.700463e+01	1.504233e+03
1.640000e-06	8.102505e-06	2.529295e-08	5.703316e+01	1.504282e+03
1.650000e-06	8.103690e-06	2.529167e-08	5.704150e+01	1.504166e+03
1.660000e-06	8.102124e-06	2.529254e-08	5.703048e+01	1.503895e+03
1.670000e-06	8.098004e-06	2.528691e-08	5.700148e+01	1.503501e+03
1.680000e-06	8.091237e-06	2.527477e-08	5.695385e+01	1.503022e+03
1.690000e-06	8.081780e-06	2.526456e-08	5.688728e+01	1.502489e+03
1.700000e-06	8.069489e-06	2.525499e-08	5.680076e+01	1.501914e+03
1.710000e-06	8.054369e-06	2.523907e-08	5.669433e+01	1.501280e+03
1.720000e-06	8.036784e-06	2.522182e-08	5.657056e+01	1.500553e+03
1.730000e-06	8.016934e-06	2.524391e-08	5.643083e+01	1.499688e+03
1.740000e-06	7.994319e-06	2.527592e-08	5.627165e+01	1.498651e+03
1.750000e-06	7.968308e-06	2.523436e-08	5.608855e+01	1.497431e+03
1.760000e-06	7.938697e-06	2.517070e-08	5.588012e+01	1.496047e+03
1.770000e-06	7.905908e-06	2.513478e-08	5.564932e+01	1.494537e+03
1.780000e-06	7.870570e-06	2.509099e-08	5.540058e+01	1.492948e+03
1.790000e-06	7.832634e-06	2.504807e-08	5.513355e+01	1.491317e+03
1.800000e-06	7.792459e-06	2.507204e-08	5.485076e+01	1.489655e+03
1.810000e-06	7.750198e-06	2.503777e-08	5.455329e+01	1.487946e+03
1.820000e-06	7.705329e-06	2.501359e-08	5.423746e+01	1.486147e+03
1.830000e-06	7.657814e-06	2.501815e-08	5.390300e+01	1.484209e+03
1.840000e-06	7.607386e-06	2.492366e-08	5.354804e+01	1.482092e+03
1.850000e-06	7.553770e-06	2.489142e-08	5.317064e+01	1.479780e+03
1.860000e-06	7.497331e-06	2.482685e-08	5.277337e+01	1.477283e+03
1.870000e-06	7.438318e-06	2.479702e-08	5.235798e+01	1.474638e+03
1.880000e-06	7.376692e-06	2.480330e-08	5.192419e+01	1.471886e+03
1.890000e-06	7.312281e-06	2.472722e-08	5.147081e+01	1.469061e+03
1.900000e-06	7.245217e-06	2.470242e-08	5.099875e+01	1.466176e+03
1.910000e-06	7.175405e-06	2.462829e-08	5.050735e+01	1.463215e+03
1.920000e-06	7.102757e-06	2.456308e-08	4.999598e+01	1.460144e+03
1.930000e-06	7.027510e-06	2.450643e-08	4.946632e+01	1.456918e+03
1.940000e-06	6.949475e-06	2.443428e-08	4.891704e+01	1.453504e+03
1.950000e-06	6.868833e-06	2.442042e-08	4.834940e+01	1.449890e+03
1.960000e-06	6.785894e-06	2.435123e-08	4.776559e+01	1.446085e+03
1.970000e-06	6.700471e-06	2.430507e-08	4.716431e+01	1.442118e+03
1.980000e-06	6.612501e-06	2.420944e-08	4.654509e+01	1.438026e+03
1.990000e-06	6.522173e-06	2.412092e-08	4.590928e+01	1.433833e+03
2.000000e-06	6.429670e-06	2.405553e-08	4.525815e+01	1.429544e+03
2.010000e-06	6.334836e-06	2.396702e-08	4.459062e+01	1.425143e+03
2.020000e-06	6.237727e-06	2.391259e-08	4.390707e+01	1.420596e+03
2.030000e-06	6.138468e-06	2.383282e-08	4.320839e+01	1.415862e+03
2.040000e-06	6.036936e-06	2.377563e-08	4.249371e+01	1.410911e+03
2.050000e-06	5.933097e-06	2.367402e-08	4.176280e+01	1.405731e+03
2.060000e-06	5.827129e-06	2.357240e-08	4.101689e+01	1.400332e+03
2.070000e-06	5.719214e-06	2.347016e-08	4.025728e+01	1.394741e+03
2.080000e-06	5.609238e-06	2.337273e-08	3.948317e+01	1.388988e+03
2.090000e-06	5.497195e-06	2.327703e-08	3.869450e+01	1.383100e+03
2.100000e-06	5.383074e-06	2.317327e-08	3.789121e+01	1.377085e+03
2.110000e-06	5.266802e-06	2.308002e-08	3.707278e+01	1.370932e+03
2.120000e-06	5.148399e-06	2.297327e-08	3.623934e+01	1.364615e+03
2.130000e-06	5.028087e-06	2.286187e-08	3.539247e+01	1.358098e+03
2.140000e-06	4.906006e-06	2.273660e-08	3.453315e+01	1.351351e+03
2.150000e-06	4.782150e-06	2.262328e-08	3.366133e+01	1.344355e+03
2.160000e-06	4.656581e-06	2.250564e-08	3.277746e+01	1.337107e+03
2.170000e-06	4.529343e-06	2.238426e-08	3.188184e+01	1.329613e+03
2.180000e-06	4.400508e-06	2.224833e-08	3.097498e+01	1.321889e+03
2.190000e-06	4.270137e-06	2.211662e-08	3.005730e+01	1.313946e+03
2.200000e-06	4.138225e-06	2.198146e-08	2.912877e+01	1.305788e+03
2.210000e-06	4.004779e-06	2.183946e-08	2.818945e+01	1.297409e+03
2.220000e-06	3.869914e-06	2.169030e-08	2.724015e+01	1.288790e+03
2.230000e-06	3.733600e-06	2.154205e-08	2.628064e+01	1.279912e+03
2.240000e-06	3.595920e-06	2.139613e-08	2.531152e+01	1.270754e+03
2.250000e-06	3.456971e-06	2.123854e-08	2.433346e+01	1.261302e+03
2.260000e-06	3.316667e-06	2.107178e-08	2.334587e+01	1.251550e+03
2.270000e-06	3.175089e-06	2.089946e-08	2.234930e+01	1.241498e+03
2.280000e-06	3.032343e-06	2.072603e-08	2.134452e+01	1.231149e+03
2.290000e-06	2.888437e-06	2.054461e-08	2.033158e+01	1.220501e+03
2.300000e-06	2.743469e-06	2.035643e-08	1.931115e+01	1.209545e+03
2.310000e-06	2.597556e-06	2.016421e-08	1.828408e+01	1.198264e+03
2.320000e-06	2.450756e-06	1.997129e-08	1.725076e+01	1.186633e+03
2.330000e-06	2.303095e-06	1.977248e-08	1.621138e+01	1.174623e+03
2.340000e-06	2.154544e-06	1.956485e-08	1.516573e+01	1.162205e+03
2.350000e-06	2.005213e-06	1.934726e-08	1.411461e+01	1.149356e+03
2.360000e-06	1.855256e-06	1.912436e-08	1.305906e+01	1.136059e+03
2.370000e-06	1.704699e-06	1.888980e-08	1.199929e+01	1.122303e+03
2.380000e-06	1.553559e-06	1.864682e-08	1.093543e+01	1.108079e+03
2.390000e-06	1.401925e-06	1.839618e-08	9.868089e+00	1.093372e+03
2.400000e-06	1.249817e-06	1.814397e-08	8.797401e+00	1.078157e+03
2.410000e-06	1.097165e-06	1.788343e-08	7.722893e+00	1.062399e+03
2.420000e-06	9.440405e-07	1.760784e-08	6.645057e+00	1.046043e+03
2.430000e-06	7.905620e-07	1.731880e-08	5.564729e+00	1.029029e+03
2.440000e-06	6.367687e-07	1.701766e-08	4.482185e+00	1.011287e+03
2.450000e-06	4.827633e-07	1.670670e-08	3.398149e+00	9.927496e+02
2.460000e-06	3.286375e-07	1.637812e-08	2.313264e+00	9.733552e+02
2.470000e-06	1.744306e-07	1.603437e-08	1.227809e+00	9.530444e+02
2.480000e-06	2.021496e-08	1.567774e-08	1.422922e-01	9.317568e+02
2.490000e-06	-1.339871e-07	1.530527e-08	-9.431293e-01	9.094199e+02
2.500000e-06	-2.881913e-07	1.491142e-08	-2.028565e+00	8.859379e+02
2.510000e-06	-4.422984e-07	1.449223e-08	-3.113318e+00	8.611816e+02
2.520000e-06	-5.962287e-07	1.405033e-08	-4.196826e+00	8.349847e+02
2.530000e-06	-7.499339e-07	1.358438e-08	-5.278750e+00	8.071456e+02
2.540000e-06	-9.033601e-07	1.308476e-08	-6.358711e+00	7.774358e+02
2.550000e-06	-1.056451e-06	1.254831e-08	-7.436312e+00	7.456092e+02
2.560000e-06	-1.209064e-06	1.197353e-08	-8.510548e+00	7.114085e+02
2.570000e-06	-1.361101e-06	1.135665e-08	-9.580726e+00	6.745629e+02
2.580000e-06	-1.512602e-06	1.068901e-08	-1.064714e+01	6.347766e+02
2.590000e-06	-1.663526e-06	9.965864e-09	-1.170948e+01	5.917102e+02
2.600000e-06	-1.813896e-06	9.182984e-09	-1.276793e+01	5.449635e+02
2.610000e-06	-1.963754e-06	8.333471e-09	-1.382277e+01	4.940709e+02
2.620000e-06	-2.112902e-06	7.405885e-09	-1.487262e+01	4.385195e+02
2.630000e-06	-2.261250e-06	6.388612e-09	-1.591684e+01	3.777975e+02
2.640000e-06	-2.408759e-06	5.278925e-09	-1.695515e+01	3.114720e+02
2.650000e-06	-2.555423e-06	4.071494e-09	-1.798751e+01	2.392851e+02
2.660000e-06	-2.701260e-06	2.764414e-09	-1.901405e+01	1.612523e+02
2.670000e-06	-2.846105e-06	1.363963e-09	-2.003360e+01	7.773960e+01
2.680000e-06	-2.989819e-06	-1.150325e-10	-2.104520e+01	-1.050043e+01
2.690000e-06	-3.132419e-06	-1.653349e-09	-2.204896e+01	-1.023471e+02
2.700000e-06	-3.273822e-06	-3.229491e-09	-2.304429e+01	-1.963861e+02
2.710000e-06	-3.413932e-06	-4.820541e-09	-2.403051e+01	-2.910299e+02
2.720000e-06	-3.552764e-06	-6.397782e-09	-2.500774e+01	-3.846622e+02
2.730000e-06	-3.690286e-06	-7.931483e-09	-2.597575e+01	-4.757808e+02
2.740000e-06	-3.826417e-06	-9.401857e-09	-2.693397e+01	-5.631152e+02
2.750000e-06	-3.961146e-06	-1.079415e-08	-2.788232e+01	-6.456992e+02
2.760000e-06	-4.094482e-06	-1.209748e-08	-2.882087e+01	-7.228947e+02
2.770000e-06	-4.226354e-06	-1.330533e-08	-2.974911e+01	-7.943710e+02
2.780000e-06	-4.356748e-06	-1.441469e-08	-3.066695e+01	-8.600524e+02
2.790000e-06	-4.485643e-06	-1.542918e-08	-3.157424e+01	-9.200520e+02
2.800000e-06	-4.612963e-06	-1.635274e-08	-3.247044e+01	-9.746089e+02
2.810000e-06	-4.738668e-06	-1.718923e-08	-3.335527e+01	-1.024037e+03
2.820000e-06	-4.862599e-06	-1.794457e-08	-3.422761e+01	-1.068689e+03
2.830000e-06	-4.984708e-06	-1.862509e-08	-3.508713e+01	-1.108940e+03
2.840000e-06	-5.105010e-06	-1.923724e-08	-3.593393e+01	-1.145172e+03
2.850000e-06	-5.223400e-06	-1.978827e-08	-3.676727e+01	-1.177766e+03
2.860000e-06	-5.339755e-06	-2.028503e-08	-3.758629e+01	-1.207093e+03
2.870000e-06	-5.453950e-06	-2.073272e-08	-3.839010e+01	-1.233503e+03
2.880000e-06	-5.565974e-06	-2.113609e-08	-3.917864e+01	-1.257313e+03
2.890000e-06	-5.675877e-06	-2.150084e-08	-3.995224e+01	-1.278809e+03
2.900000e-06	-5.783743e-06	-2.183131e-08	-4.071150e+01	-1.298241e+03
2.910000e-06	-5.889703e-06	-2.213076e-08	-4.145735e+01	-1.315831e+03
2.920000e-06	-5.993558e-06	-2.240223e-08	-4.218838e+01	-1.331782e+03
2.930000e-06	-6.095175e-06	-2.264699e-08	-4.290366e+01	-1.346283e+03
2.940000e-06	-6.194683e-06	-2.286843e-08	-4.360409e+01	-1.359508e+03
2.950000e-06	-6.292080e-06	-2.307145e-08	-4.428966e+01	-1.371618e+03
2.960000e-06	-6.387305e-06	-2.326141e-08	-4.495995e+01	-1.382745e+03
2.970000e-06	-6.480180e-06	-2.343932e-08	-4.561369e+01	-1.392993e+03
2.980000e-06	-6.570715e-06	-2.360356e-08	-4.625096e+01	-1.402433e+03
2.990000e-06	-6.659021e-06	-2.375303e-08	-4.687254e+01	-1.411109e+03
3.000000e-06	-6.744931e-06	-2.388826e-08	-4.747726e+01	-1.419056e+03
3.010000e-06	-6.828401e-06	-2.401165e-08	-4.806480e+01	-1.426309e+03
3.020000e-06	-6.909508e-06	-2.412431e-08	-4.863571e+01	-1.432918e+03
3.030000e-06	-6.988071e-06	-2.422700e-08	-4.918871e+01	-1.438953e+03
3.040000e-06	-7.063945e-06	-2.432212e-08	-4.972278e+01	-1.444499e+03
3.050000e-06	-7.137193e-06	-2.441196e-08	-5.023837e+01	-1.449640e+03
3.060000e-06	-7.207814e-06	-2.449772e-08	-5.073547e+01	-1.454449e+03
3.070000e-06	-7.275822e-06	-2.457579e-08	-5.121418e+01	-1.458969e+03
3.080000e-06	-7.341321e-06	-2.464570e-08	-5.167522e+01	-1.463214e+03
3.090000e-06	-7.404241e-06	-2.470933e-08	-5.211811e+01	-1.467175e+03
3.100000e-06	-7.464498e-06	-2.476994e-08	-5.254226e+01	-1.470829e+03
3.110000e-06	-7.522038e-06	-2.482876e-08	-5.294728e+01	-1.474162e+03
3.120000e-06	-7.576789e-06	-2.488335e-08	-5.333267e+01	-1.477179e+03
3.130000e-06	-7.628664e-06	-2.493240e-08	-5.369781e+01	-1.479908e+03
3.140000e-06	-7.677465e-06	-2.497718e-08	-5.404132e+01	-1.482395e+03
3.150000e-06	-7.723342e-06	-2.501870e-08	-5.436425e+01	-1.484689e+03
3.160000e-06	-7.766708e-06	-2.505493e-08	-5.466950e+01	-1.486830e+03
3.170000e-06	-7.807577e-06	-2.508781e-08	-5.495718e+01	-1.488834e+03
3.180000e-06	-7.845696e-06	-2.511854e-08	-5.522549e+01	-1.490693e+03
3.190000e-06	-7.880990e-06	-2.514899e-08	-5.547393e+01	-1.492381e+03
3.200000e-06	-7.913556e-06	-2.517693e-08	-5.570316e+01	-1.493870e+03
3.210000e-06	-7.943172e-06	-2.520101e-08	-5.591162e+01	-1.495142e+03
3.220000e-06	-7.969859e-06	-2.522192e-08	-5.609947e+01	-1.496202e+03
3.230000e-06	-7.993828e-06	-2.523998e-08	-5.626818e+01	-1.497073e+03
3.240000e-06	-8.014915e-06	-2.525377e-08	-5.641662e+01	-1.497793e+03
3.250000e-06	-8.033162e-06	-2.526333e-08	-5.654506e+01	-1.498397e+03
3.260000e-06	-8.048594e-06	-2.527218e-08	-5.665368e+01	-1.498909e+03
3.270000e-06	-8.060906e-06	-2.528124e-08	-5.674035e+01	-1.499327e+03
3.280000e-06	-8.070236e-06	-2.528881e-08	-5.680602e+01	-1.499635e+03
3.290000e-06	-8.076725e-06	-2.529283e-08	-5.685170e+01	-1.499804e+03
3.300000e-06	-8.080291e-06	-2.529518e-08	-5.687680e+01	-1.499813e+03
3.310000e-06	-8.081120e-06	-2.529240e-08	-5.688263e+01	-1.499657e+03
