# Temperatura_=_24.06
# Concentracion g/m^3_=_11000.0
# C_Vs_to_Am_M_A/Vsm_=_59384043850.047264
# pendiente_HvsI_1/m_=_3716.3
# ordenada_HvsI_A/m_=_1297.0
# frecuencia_Hz_=_301737.95233215723

Tiempo_(s)	Campo_(V.s)	Magnetizacion_(V.s)	Campo_(kA/m)	Magnetizacion_(A/m)
0.000000e+00	-8.165603e-06	-4.777855e-09	-5.681074e+01	-2.825945e+02
1.000000e-08	-8.161082e-06	-4.773132e-09	-5.677929e+01	-2.826058e+02
2.000000e-08	-8.153934e-06	-4.771050e-09	-5.672956e+01	-2.825705e+02
3.000000e-08	-8.144020e-06	-4.773788e-09	-5.666058e+01	-2.825005e+02
4.000000e-08	-8.131188e-06	-4.772480e-09	-5.657131e+01	-2.824028e+02
5.000000e-08	-8.115341e-06	-4.766567e-09	-5.646106e+01	-2.822761e+02
6.000000e-08	-8.096687e-06	-4.760062e-09	-5.633127e+01	-2.821099e+02
7.000000e-08	-8.075586e-06	-4.749428e-09	-5.618446e+01	-2.818871e+02
8.000000e-08	-8.051730e-06	-4.773905e-09	-5.601849e+01	-2.815905e+02
9.000000e-08	-8.024590e-06	-4.752732e-09	-5.582967e+01	-2.812096e+02
1.000000e-07	-7.994245e-06	-4.711371e-09	-5.561855e+01	-2.807459e+02
1.100000e-07	-7.961048e-06	-4.713824e-09	-5.538759e+01	-2.802138e+02
1.200000e-07	-7.925123e-06	-4.725207e-09	-5.513765e+01	-2.796367e+02
1.300000e-07	-7.886746e-06	-4.719916e-09	-5.487065e+01	-2.790397e+02
1.400000e-07	-7.846202e-06	-4.665873e-09	-5.458857e+01	-2.784412e+02
1.500000e-07	-7.803121e-06	-4.709121e-09	-5.428884e+01	-2.778459e+02
1.600000e-07	-7.757170e-06	-4.680777e-09	-5.396914e+01	-2.772434e+02
1.700000e-07	-7.708477e-06	-4.652194e-09	-5.363037e+01	-2.766118e+02
1.800000e-07	-7.656760e-06	-4.679531e-09	-5.327056e+01	-2.759248e+02
1.900000e-07	-7.601938e-06	-4.605367e-09	-5.288914e+01	-2.751608e+02
2.000000e-07	-7.544321e-06	-4.625238e-09	-5.248828e+01	-2.743097e+02
2.100000e-07	-7.484011e-06	-4.619383e-09	-5.206869e+01	-2.733751e+02
2.200000e-07	-7.421086e-06	-4.593787e-09	-5.163090e+01	-2.723711e+02
2.300000e-07	-7.355445e-06	-4.564640e-09	-5.117421e+01	-2.713162e+02
2.400000e-07	-7.287018e-06	-4.527563e-09	-5.069814e+01	-2.702258e+02
2.500000e-07	-7.215902e-06	-4.559563e-09	-5.020336e+01	-2.691065e+02
2.600000e-07	-7.142033e-06	-4.514117e-09	-4.968944e+01	-2.679551e+02
2.700000e-07	-7.065308e-06	-4.478164e-09	-4.915564e+01	-2.667621e+02
2.800000e-07	-6.985817e-06	-4.468458e-09	-4.860259e+01	-2.655170e+02
2.900000e-07	-6.903754e-06	-4.467563e-09	-4.803165e+01	-2.642140e+02
3.000000e-07	-6.819366e-06	-4.440653e-09	-4.744454e+01	-2.628553e+02
3.100000e-07	-6.732685e-06	-4.371764e-09	-4.684147e+01	-2.614495e+02
3.200000e-07	-6.643605e-06	-4.372957e-09	-4.622171e+01	-2.600069e+02
3.300000e-07	-6.552144e-06	-4.359821e-09	-4.558539e+01	-2.585337e+02
3.400000e-07	-6.458343e-06	-4.338189e-09	-4.493278e+01	-2.570270e+02
3.500000e-07	-6.362178e-06	-4.302928e-09	-4.426373e+01	-2.554740e+02
3.600000e-07	-6.263617e-06	-4.278519e-09	-4.357801e+01	-2.538560e+02
3.700000e-07	-6.162743e-06	-4.266830e-09	-4.287620e+01	-2.521542e+02
3.800000e-07	-6.059634e-06	-4.212710e-09	-4.215884e+01	-2.503575e+02
3.900000e-07	-5.954353e-06	-4.163795e-09	-4.142636e+01	-2.484666e+02
4.000000e-07	-5.846973e-06	-4.127481e-09	-4.067928e+01	-2.464939e+02
4.100000e-07	-5.737534e-06	-4.128586e-09	-3.991788e+01	-2.444587e+02
4.200000e-07	-5.626037e-06	-4.094532e-09	-3.914216e+01	-2.423792e+02
4.300000e-07	-5.512399e-06	-4.045279e-09	-3.835155e+01	-2.402657e+02
4.400000e-07	-5.396565e-06	-4.009638e-09	-3.754565e+01	-2.381166e+02
4.500000e-07	-5.278607e-06	-3.978562e-09	-3.672498e+01	-2.359190e+02
4.600000e-07	-5.158613e-06	-3.929492e-09	-3.589014e+01	-2.336548e+02
4.700000e-07	-5.036738e-06	-3.868376e-09	-3.504222e+01	-2.313082e+02
4.800000e-07	-4.913083e-06	-3.842076e-09	-3.418191e+01	-2.288721e+02
4.900000e-07	-4.787692e-06	-3.819226e-09	-3.330952e+01	-2.263501e+02
5.000000e-07	-4.660601e-06	-3.779791e-09	-3.242531e+01	-2.237544e+02
5.100000e-07	-4.531851e-06	-3.717152e-09	-3.152956e+01	-2.210983e+02
5.200000e-07	-4.401469e-06	-3.671971e-09	-3.062244e+01	-2.183890e+02
5.300000e-07	-4.269413e-06	-3.633878e-09	-2.970369e+01	-2.156224e+02
5.400000e-07	-4.135856e-06	-3.581717e-09	-2.877449e+01	-2.127825e+02
5.500000e-07	-4.000850e-06	-3.519601e-09	-2.783521e+01	-2.098472e+02
5.600000e-07	-3.864249e-06	-3.469656e-09	-2.688483e+01	-2.067960e+02
5.700000e-07	-3.726169e-06	-3.430563e-09	-2.592417e+01	-2.036191e+02
5.800000e-07	-3.586706e-06	-3.372418e-09	-2.495387e+01	-2.003213e+02
5.900000e-07	-3.445782e-06	-3.303382e-09	-2.397342e+01	-1.969208e+02
6.000000e-07	-3.303373e-06	-3.245163e-09	-2.298264e+01	-1.934415e+02
6.100000e-07	-3.159638e-06	-3.200133e-09	-2.198262e+01	-1.899029e+02
6.200000e-07	-3.014804e-06	-3.139584e-09	-2.097496e+01	-1.863111e+02
6.300000e-07	-2.868925e-06	-3.063620e-09	-1.996004e+01	-1.826547e+02
6.400000e-07	-2.722037e-06	-2.996648e-09	-1.893809e+01	-1.789079e+02
6.500000e-07	-2.574207e-06	-2.940452e-09	-1.790959e+01	-1.750393e+02
6.600000e-07	-2.425565e-06	-2.872671e-09	-1.687544e+01	-1.710238e+02
6.700000e-07	-2.276164e-06	-2.791484e-09	-1.583601e+01	-1.668520e+02
6.800000e-07	-2.125947e-06	-2.721200e-09	-1.479090e+01	-1.625336e+02
6.900000e-07	-1.974973e-06	-2.658477e-09	-1.374053e+01	-1.580936e+02
7.000000e-07	-1.823284e-06	-2.584176e-09	-1.268518e+01	-1.535613e+02
7.100000e-07	-1.670913e-06	-2.493914e-09	-1.162508e+01	-1.489588e+02
7.200000e-07	-1.517919e-06	-2.410034e-09	-1.056065e+01	-1.442905e+02
7.300000e-07	-1.364337e-06	-2.338982e-09	-9.492133e+00	-1.395410e+02
7.400000e-07	-1.210210e-06	-2.259097e-09	-8.419825e+00	-1.346795e+02
7.500000e-07	-1.055618e-06	-2.166899e-09	-7.344275e+00	-1.296715e+02
7.600000e-07	-9.006308e-07	-2.078788e-09	-6.265980e+00	-1.244912e+02
7.700000e-07	-7.452611e-07	-2.001373e-09	-5.185023e+00	-1.191310e+02
7.800000e-07	-5.896335e-07	-1.909864e-09	-4.102271e+00	-1.136030e+02
7.900000e-07	-4.338363e-07	-1.802637e-09	-3.018339e+00	-1.079337e+02
8.000000e-07	-2.778674e-07	-1.698776e-09	-1.933213e+00	-1.021520e+02
8.100000e-07	-1.218178e-07	-1.607087e-09	-8.475256e-01	-9.627686e+01
8.200000e-07	3.424880e-08	-1.510470e-09	2.382800e-01	-9.030949e+01
8.300000e-07	1.903189e-07	-1.401208e-09	1.324110e+00	-8.423281e+01
8.400000e-07	3.463261e-07	-1.296316e-09	2.409503e+00	-7.801897e+01
8.500000e-07	5.022338e-07	-1.197379e-09	3.494203e+00	-7.164171e+01
8.600000e-07	6.579821e-07	-1.090184e-09	4.577795e+00	-6.508862e+01
8.700000e-07	8.135478e-07	-9.691857e-10	5.660116e+00	-5.836815e+01
8.800000e-07	9.688376e-07	-8.503347e-10	6.740517e+00	-5.150859e+01
8.900000e-07	1.123697e-06	-7.386454e-10	7.817926e+00	-4.454907e+01
9.000000e-07	1.278093e-06	-6.254168e-10	8.892110e+00	-3.752635e+01
9.100000e-07	1.431945e-06	-5.019008e-10	9.962508e+00	-3.046237e+01
9.200000e-07	1.585209e-06	-3.783589e-10	1.102881e+01	-2.335754e+01
9.300000e-07	1.737922e-06	-2.637906e-10	1.209129e+01	-1.619232e+01
9.400000e-07	1.890065e-06	-1.479733e-10	1.314980e+01	-8.936266e+00
9.500000e-07	2.041509e-06	-2.103596e-11	1.420344e+01	-1.560653e+00
9.600000e-07	2.192165e-06	1.097408e-10	1.525160e+01	5.950425e+00
9.700000e-07	2.342018e-06	2.345416e-10	1.629417e+01	1.359505e+01
9.800000e-07	2.491012e-06	3.618264e-10	1.733078e+01	2.135645e+01
9.900000e-07	2.639125e-06	4.972971e-10	1.836125e+01	2.921242e+01
1.000000e-06	2.786348e-06	6.338435e-10	1.938553e+01	3.714704e+01
1.010000e-06	2.932592e-06	7.637018e-10	2.040299e+01	4.515933e+01
1.020000e-06	3.077776e-06	8.943919e-10	2.141309e+01	5.326478e+01
1.030000e-06	3.221819e-06	1.035883e-09	2.241524e+01	6.148858e+01
1.040000e-06	3.364632e-06	1.182663e-09	2.340883e+01	6.985257e+01
1.050000e-06	3.506172e-06	1.324519e-09	2.439358e+01	7.836102e+01
1.060000e-06	3.646415e-06	1.464290e-09	2.536929e+01	8.699054e+01
1.070000e-06	3.785309e-06	1.611061e-09	2.633562e+01	9.568831e+01
1.080000e-06	3.922742e-06	1.760486e-09	2.729179e+01	1.043796e+02
1.090000e-06	4.058659e-06	1.905534e-09	2.823740e+01	1.129821e+02
1.100000e-06	4.193035e-06	2.044700e-09	2.917230e+01	1.214218e+02
1.110000e-06	4.325883e-06	2.182431e-09	3.009657e+01	1.296454e+02
1.120000e-06	4.457233e-06	2.319461e-09	3.101042e+01	1.376248e+02
1.130000e-06	4.587011e-06	2.448806e-09	3.191332e+01	1.453527e+02
1.140000e-06	4.715165e-06	2.571375e-09	3.280493e+01	1.528323e+02
1.150000e-06	4.841755e-06	2.692515e-09	3.368566e+01	1.600652e+02
1.160000e-06	4.966687e-06	2.811261e-09	3.455485e+01	1.670425e+02
1.170000e-06	5.089826e-06	2.921331e-09	3.541157e+01	1.737434e+02
1.180000e-06	5.211093e-06	3.025790e-09	3.625526e+01	1.801399e+02
1.190000e-06	5.330406e-06	3.128301e-09	3.708536e+01	1.862078e+02
1.200000e-06	5.447753e-06	3.226559e-09	3.790178e+01	1.919367e+02
1.210000e-06	5.563031e-06	3.317086e-09	3.870381e+01	1.973363e+02
1.220000e-06	5.676150e-06	3.399872e-09	3.949081e+01	2.024366e+02
1.230000e-06	5.787175e-06	3.480962e-09	4.026325e+01	2.072800e+02
1.240000e-06	5.896235e-06	3.560817e-09	4.102202e+01	2.119099e+02
1.250000e-06	6.003211e-06	3.636901e-09	4.176628e+01	2.163595e+02
1.260000e-06	6.107959e-06	3.709004e-09	4.249505e+01	2.206444e+02
1.270000e-06	6.210522e-06	3.779873e-09	4.320861e+01	2.247619e+02
1.280000e-06	6.310833e-06	3.849285e-09	4.390651e+01	2.286967e+02
1.290000e-06	6.408830e-06	3.912558e-09	4.458831e+01	2.324305e+02
1.300000e-06	6.504510e-06	3.969746e-09	4.525398e+01	2.359510e+02
1.310000e-06	6.597920e-06	4.024716e-09	4.590387e+01	2.392583e+02
1.320000e-06	6.689120e-06	4.079661e-09	4.653838e+01	2.423653e+02
1.330000e-06	6.777963e-06	4.130934e-09	4.715648e+01	2.452936e+02
1.340000e-06	6.864403e-06	4.177198e-09	4.775788e+01	2.480662e+02
1.350000e-06	6.948537e-06	4.222833e-09	4.834322e+01	2.507011e+02
1.360000e-06	7.030207e-06	4.267310e-09	4.891143e+01	2.532070e+02
1.370000e-06	7.109293e-06	4.307929e-09	4.946166e+01	2.555842e+02
1.380000e-06	7.185749e-06	4.345102e-09	4.999358e+01	2.578277e+02
1.390000e-06	7.259461e-06	4.381689e-09	5.050642e+01	2.599331e+02
1.400000e-06	7.330526e-06	4.415936e-09	5.100084e+01	2.619009e+02
1.410000e-06	7.399024e-06	4.447380e-09	5.147741e+01	2.637380e+02
1.420000e-06	7.464842e-06	4.474525e-09	5.193532e+01	2.654570e+02
1.430000e-06	7.528008e-06	4.499519e-09	5.237479e+01	2.670720e+02
1.440000e-06	7.588609e-06	4.524817e-09	5.279641e+01	2.685950e+02
1.450000e-06	7.646577e-06	4.547697e-09	5.319971e+01	2.700333e+02
1.460000e-06	7.701758e-06	4.567655e-09	5.358363e+01	2.713887e+02
1.470000e-06	7.753848e-06	4.587571e-09	5.394603e+01	2.726593e+02
1.480000e-06	7.802732e-06	4.610232e-09	5.428613e+01	2.738430e+02
1.490000e-06	7.848731e-06	4.631274e-09	5.460616e+01	2.749392e+02
1.500000e-06	7.891997e-06	4.646355e-09	5.490718e+01	2.759510e+02
1.510000e-06	7.932358e-06	4.656994e-09	5.518799e+01	2.768842e+02
1.520000e-06	7.969912e-06	4.667374e-09	5.544926e+01	2.777454e+02
1.530000e-06	8.004757e-06	4.678638e-09	5.569169e+01	2.785402e+02
1.540000e-06	8.036799e-06	4.689081e-09	5.591462e+01	2.792722e+02
1.550000e-06	8.066122e-06	4.700031e-09	5.611862e+01	2.799431e+02
1.560000e-06	8.092605e-06	4.715471e-09	5.630287e+01	2.805538e+02
1.570000e-06	8.116120e-06	4.728925e-09	5.646648e+01	2.811063e+02
1.580000e-06	8.136828e-06	4.735029e-09	5.661054e+01	2.816038e+02
1.590000e-06	8.154717e-06	4.736576e-09	5.673501e+01	2.820502e+02
1.600000e-06	8.169653e-06	4.739355e-09	5.683892e+01	2.824488e+02
1.610000e-06	8.181478e-06	4.744905e-09	5.692119e+01	2.827998e+02
1.620000e-06	8.190130e-06	4.749174e-09	5.698139e+01	2.830997e+02
1.630000e-06	8.195869e-06	4.753307e-09	5.702132e+01	2.833424e+02
1.640000e-06	8.198770e-06	4.760593e-09	5.704150e+01	2.835219e+02
1.650000e-06	8.198766e-06	4.770376e-09	5.704147e+01	2.836352e+02
1.660000e-06	8.196024e-06	4.770112e-09	5.702239e+01	2.836850e+02
1.670000e-06	8.190571e-06	4.765321e-09	5.698445e+01	2.836802e+02
1.680000e-06	8.182405e-06	4.762084e-09	5.692764e+01	2.836327e+02
1.690000e-06	8.171499e-06	4.760106e-09	5.685176e+01	2.835535e+02
1.700000e-06	8.157704e-06	4.758904e-09	5.675579e+01	2.834473e+02
1.710000e-06	8.141265e-06	4.759994e-09	5.664141e+01	2.833097e+02
1.720000e-06	8.122480e-06	4.777997e-09	5.651073e+01	2.831275e+02
1.730000e-06	8.101078e-06	4.735797e-09	5.636182e+01	2.828828e+02
1.740000e-06	8.076466e-06	4.740787e-09	5.619059e+01	2.825599e+02
1.750000e-06	8.048141e-06	4.764804e-09	5.599352e+01	2.821518e+02
1.760000e-06	8.016313e-06	4.741682e-09	5.577208e+01	2.816642e+02
1.770000e-06	7.981725e-06	4.715657e-09	5.553144e+01	2.811150e+02
1.780000e-06	7.944706e-06	4.727835e-09	5.527389e+01	2.805291e+02
1.790000e-06	7.905370e-06	4.714553e-09	5.500022e+01	2.799304e+02
1.800000e-06	7.863936e-06	4.643900e-09	5.471195e+01	2.793333e+02
1.810000e-06	7.820054e-06	4.725309e-09	5.440665e+01	2.787377e+02
1.820000e-06	7.773403e-06	4.646305e-09	5.408208e+01	2.781289e+02
1.830000e-06	7.723898e-06	4.656121e-09	5.373766e+01	2.774824e+02
1.840000e-06	7.671191e-06	4.694793e-09	5.337096e+01	2.767728e+02
1.850000e-06	7.615586e-06	4.612791e-09	5.298410e+01	2.759814e+02
1.860000e-06	7.557315e-06	4.652709e-09	5.257868e+01	2.751027e+02
1.870000e-06	7.496307e-06	4.574606e-09	5.215424e+01	2.741440e+02
1.880000e-06	7.432676e-06	4.621046e-09	5.171153e+01	2.731218e+02
1.890000e-06	7.366267e-06	4.596189e-09	5.124951e+01	2.720544e+02
1.900000e-06	7.297039e-06	4.537812e-09	5.076786e+01	2.709546e+02
1.910000e-06	7.224925e-06	4.575963e-09	5.026614e+01	2.698260e+02
1.920000e-06	7.150013e-06	4.507057e-09	4.974496e+01	2.686626e+02
1.930000e-06	7.072369e-06	4.513670e-09	4.920476e+01	2.674541e+02
1.940000e-06	6.992121e-06	4.449407e-09	4.864645e+01	2.661908e+02
1.950000e-06	6.909496e-06	4.462004e-09	4.807160e+01	2.648695e+02
1.960000e-06	6.824288e-06	4.467997e-09	4.747878e+01	2.634947e+02
1.970000e-06	6.736575e-06	4.408267e-09	4.686853e+01	2.620762e+02
1.980000e-06	6.646503e-06	4.407030e-09	4.624188e+01	2.606236e+02
1.990000e-06	6.554120e-06	4.339491e-09	4.559913e+01	2.591407e+02
2.000000e-06	6.459404e-06	4.345885e-09	4.494016e+01	2.576211e+02
2.010000e-06	6.362377e-06	4.290335e-09	4.426512e+01	2.560496e+02
2.020000e-06	6.263158e-06	4.278277e-09	4.357482e+01	2.544066e+02
2.030000e-06	6.161632e-06	4.261469e-09	4.286847e+01	2.526751e+02
2.040000e-06	6.057798e-06	4.242228e-09	4.214606e+01	2.508477e+02
2.050000e-06	5.951826e-06	4.210003e-09	4.140878e+01	2.489289e+02
2.060000e-06	5.843783e-06	4.144372e-09	4.065709e+01	2.469341e+02
2.070000e-06	5.733568e-06	4.123431e-09	3.989029e+01	2.448831e+02
2.080000e-06	5.621198e-06	4.080320e-09	3.910849e+01	2.427923e+02
2.090000e-06	5.506693e-06	4.060244e-09	3.831184e+01	2.406683e+02
2.100000e-06	5.390004e-06	4.015679e-09	3.750000e+01	2.385055e+02
2.110000e-06	5.271277e-06	3.996285e-09	3.667398e+01	2.362888e+02
2.120000e-06	5.150683e-06	3.954681e-09	3.583497e+01	2.339997e+02
2.130000e-06	5.028232e-06	3.907458e-09	3.498304e+01	2.316248e+02
2.140000e-06	4.903888e-06	3.851271e-09	3.411794e+01	2.291604e+02
2.150000e-06	4.777746e-06	3.814505e-09	3.324032e+01	2.266133e+02
2.160000e-06	4.649891e-06	3.778612e-09	3.235080e+01	2.239970e+02
2.170000e-06	4.520461e-06	3.735089e-09	3.145031e+01	2.213237e+02
2.180000e-06	4.389481e-06	3.685568e-09	3.053904e+01	2.185973e+02
2.190000e-06	4.256839e-06	3.639953e-09	2.961621e+01	2.158095e+02
2.200000e-06	4.122641e-06	3.597136e-09	2.868255e+01	2.129417e+02
2.210000e-06	3.986986e-06	3.539107e-09	2.773875e+01	2.099711e+02
2.220000e-06	3.849840e-06	3.488007e-09	2.678458e+01	2.068801e+02
2.230000e-06	3.711206e-06	3.437833e-09	2.582006e+01	2.036633e+02
2.240000e-06	3.571147e-06	3.394979e-09	2.484562e+01	2.003302e+02
2.250000e-06	3.429729e-06	3.329803e-09	2.386173e+01	1.969019e+02
2.260000e-06	3.287092e-06	3.263252e-09	2.286936e+01	1.934021e+02
2.270000e-06	3.143275e-06	3.196986e-09	2.186878e+01	1.898468e+02
2.280000e-06	2.998295e-06	3.141665e-09	2.086011e+01	1.862365e+02
2.290000e-06	2.852259e-06	3.079972e-09	1.984409e+01	1.825546e+02
2.300000e-06	2.705235e-06	3.018877e-09	1.882120e+01	1.787721e+02
2.310000e-06	2.557296e-06	2.958253e-09	1.779194e+01	1.748586e+02
2.320000e-06	2.408452e-06	2.896376e-09	1.675638e+01	1.707932e+02
2.330000e-06	2.258694e-06	2.820881e-09	1.571447e+01	1.665725e+02
2.340000e-06	2.108073e-06	2.739644e-09	1.466655e+01	1.622120e+02
2.350000e-06	1.956737e-06	2.661413e-09	1.361365e+01	1.577394e+02
2.360000e-06	1.804838e-06	2.586312e-09	1.255684e+01	1.531831e+02
2.370000e-06	1.652288e-06	2.508368e-09	1.149550e+01	1.485601e+02
2.380000e-06	1.499092e-06	2.428782e-09	1.042967e+01	1.438685e+02
2.390000e-06	1.345377e-06	2.356554e-09	9.360220e+00	1.390870e+02
2.400000e-06	1.191159e-06	2.276363e-09	8.287280e+00	1.341822e+02
2.410000e-06	1.036523e-06	2.189977e-09	7.211426e+00	1.291210e+02
2.420000e-06	8.815260e-07	2.093980e-09	6.133062e+00	1.238830e+02
2.430000e-06	7.262320e-07	2.003478e-09	5.052631e+00	1.184668e+02
2.440000e-06	5.707101e-07	1.910257e-09	3.970615e+00	1.128903e+02
2.450000e-06	4.149612e-07	1.813921e-09	2.887019e+00	1.071822e+02
2.460000e-06	2.590442e-07	1.714569e-09	1.802254e+00	1.013693e+02
2.470000e-06	1.030189e-07	1.618522e-09	7.167362e-01	9.546550e+01
2.480000e-06	-5.304980e-08	1.522033e-09	-3.690846e-01	8.946578e+01
2.490000e-06	-2.091047e-07	1.417654e-09	-1.454809e+00	8.334843e+01
2.500000e-06	-3.650287e-07	1.309571e-09	-2.539623e+00	7.708467e+01
2.510000e-06	-5.207413e-07	1.200596e-09	-3.622966e+00	7.065150e+01
2.520000e-06	-6.762371e-07	1.089245e-09	-4.704801e+00	6.404282e+01
2.530000e-06	-8.314757e-07	9.711792e-10	-5.784846e+00	5.727398e+01
2.540000e-06	-9.864124e-07	8.508696e-10	-6.862791e+00	5.037804e+01
2.550000e-06	-1.140939e-06	7.348478e-10	-7.937883e+00	4.339489e+01
2.560000e-06	-1.295045e-06	6.206570e-10	-9.010047e+00	3.635767e+01
2.570000e-06	-1.448653e-06	5.012536e-10	-1.007874e+01	2.928177e+01
2.580000e-06	-1.601676e-06	3.800386e-10	-1.114338e+01	2.216061e+01
2.590000e-06	-1.754096e-06	2.593822e-10	-1.220381e+01	1.496988e+01
2.600000e-06	-1.905903e-06	1.376300e-10	-1.325998e+01	7.678281e+00
2.610000e-06	-2.057091e-06	9.014852e-12	-1.431185e+01	2.602193e-01
2.620000e-06	-2.207532e-06	-1.237470e-10	-1.535852e+01	-7.294655e+00
2.630000e-06	-2.357122e-06	-2.552617e-10	-1.639926e+01	-1.497895e+01
2.640000e-06	-2.505845e-06	-3.842325e-10	-1.743398e+01	-2.277291e+01
2.650000e-06	-2.653666e-06	-5.147175e-10	-1.846242e+01	-3.065511e+01
2.660000e-06	-2.800560e-06	-6.476580e-10	-1.948440e+01	-3.861377e+01
2.670000e-06	-2.946429e-06	-7.810105e-10	-2.049926e+01	-4.665345e+01
2.680000e-06	-3.091202e-06	-9.174563e-10	-2.150649e+01	-5.479388e+01
2.690000e-06	-3.234905e-06	-1.060671e-09	-2.250628e+01	-6.306074e+01
2.700000e-06	-3.377358e-06	-1.207775e-09	-2.349737e+01	-7.147170e+01
2.710000e-06	-3.518462e-06	-1.352479e-09	-2.447908e+01	-8.002290e+01
2.720000e-06	-3.658327e-06	-1.495295e-09	-2.545216e+01	-8.868121e+01
2.730000e-06	-3.796867e-06	-1.639021e-09	-2.641604e+01	-9.738557e+01
2.740000e-06	-3.933923e-06	-1.783248e-09	-2.736958e+01	-1.060570e+02
2.750000e-06	-4.069536e-06	-1.925916e-09	-2.831308e+01	-1.146142e+02
2.760000e-06	-4.203671e-06	-2.066895e-09	-2.924630e+01	-1.229889e+02
2.770000e-06	-4.336257e-06	-2.206997e-09	-3.016874e+01	-1.311357e+02
2.780000e-06	-4.467294e-06	-2.344035e-09	-3.108041e+01	-1.390341e+02
2.790000e-06	-4.596765e-06	-2.473619e-09	-3.198118e+01	-1.466815e+02
2.800000e-06	-4.724663e-06	-2.596486e-09	-3.287101e+01	-1.540819e+02
2.810000e-06	-4.850887e-06	-2.718181e-09	-3.374919e+01	-1.612340e+02
2.820000e-06	-4.975352e-06	-2.838014e-09	-3.461514e+01	-1.681251e+02
2.830000e-06	-5.097997e-06	-2.950509e-09	-3.546842e+01	-1.747310e+02
2.840000e-06	-5.218762e-06	-3.054642e-09	-3.630862e+01	-1.810239e+02
2.850000e-06	-5.337585e-06	-3.154642e-09	-3.713531e+01	-1.869829e+02
2.860000e-06	-5.454355e-06	-3.249150e-09	-3.794772e+01	-1.926036e+02
2.870000e-06	-5.568959e-06	-3.337101e-09	-3.874505e+01	-1.979028e+02
2.880000e-06	-5.681301e-06	-3.421762e-09	-3.952665e+01	-2.029154e+02
2.890000e-06	-5.791411e-06	-3.505010e-09	-4.029272e+01	-2.076855e+02
2.900000e-06	-5.899507e-06	-3.584830e-09	-4.104478e+01	-2.122544e+02
2.910000e-06	-6.005622e-06	-3.659524e-09	-4.178306e+01	-2.166501e+02
2.920000e-06	-6.109592e-06	-3.727043e-09	-4.250641e+01	-2.208821e+02
2.930000e-06	-6.211306e-06	-3.789969e-09	-4.321407e+01	-2.249427e+02
2.940000e-06	-6.310745e-06	-3.853607e-09	-4.390589e+01	-2.288146e+02
2.950000e-06	-6.408013e-06	-3.915207e-09	-4.458262e+01	-2.324805e+02
2.960000e-06	-6.503080e-06	-3.974667e-09	-4.524403e+01	-2.359316e+02
2.970000e-06	-6.595848e-06	-4.034227e-09	-4.588945e+01	-2.391724e+02
2.980000e-06	-6.686307e-06	-4.090146e-09	-4.651881e+01	-2.422192e+02
2.990000e-06	-6.774422e-06	-4.136988e-09	-4.713185e+01	-2.450949e+02
3.000000e-06	-6.860050e-06	-4.175272e-09	-4.772759e+01	-2.478215e+02
3.010000e-06	-6.943174e-06	-4.212819e-09	-4.830591e+01	-2.504142e+02
3.020000e-06	-7.023881e-06	-4.251929e-09	-4.886741e+01	-2.528789e+02
3.030000e-06	-7.102025e-06	-4.290934e-09	-4.941109e+01	-2.552135e+02
3.040000e-06	-7.177394e-06	-4.328991e-09	-4.993545e+01	-2.574127e+02
3.050000e-06	-7.250122e-06	-4.368677e-09	-5.044144e+01	-2.594734e+02
3.060000e-06	-7.320286e-06	-4.407664e-09	-5.092960e+01	-2.613979e+02
3.070000e-06	-7.387805e-06	-4.439040e-09	-5.139935e+01	-2.631954e+02
3.080000e-06	-7.452739e-06	-4.463769e-09	-5.185112e+01	-2.648792e+02
3.090000e-06	-7.515033e-06	-4.485639e-09	-5.228452e+01	-2.664633e+02
3.100000e-06	-7.574591e-06	-4.507425e-09	-5.269888e+01	-2.679584e+02
3.110000e-06	-7.631435e-06	-4.531269e-09	-5.309436e+01	-2.693699e+02
3.120000e-06	-7.685449e-06	-4.556864e-09	-5.347016e+01	-2.706981e+02
3.130000e-06	-7.736410e-06	-4.583382e-09	-5.382471e+01	-2.719408e+02
3.140000e-06	-7.784229e-06	-4.608515e-09	-5.415740e+01	-2.730960e+02
3.150000e-06	-7.829216e-06	-4.629305e-09	-5.447039e+01	-2.741645e+02
3.160000e-06	-7.871703e-06	-4.644416e-09	-5.476599e+01	-2.751502e+02
3.170000e-06	-7.911581e-06	-4.656927e-09	-5.504343e+01	-2.760593e+02
3.180000e-06	-7.948699e-06	-4.668805e-09	-5.530168e+01	-2.768984e+02
3.190000e-06	-7.983018e-06	-4.680073e-09	-5.554044e+01	-2.776726e+02
3.200000e-06	-8.014479e-06	-4.694930e-09	-5.575933e+01	-2.783846e+02
3.210000e-06	-8.042958e-06	-4.711927e-09	-5.595746e+01	-2.790358e+02
3.220000e-06	-8.068588e-06	-4.726849e-09	-5.613578e+01	-2.796274e+02
3.230000e-06	-8.091421e-06	-4.734651e-09	-5.629463e+01	-2.801616e+02
3.240000e-06	-8.111385e-06	-4.740529e-09	-5.643354e+01	-2.806420e+02
3.250000e-06	-8.128546e-06	-4.745856e-09	-5.655293e+01	-2.810727e+02
3.260000e-06	-8.142660e-06	-4.750428e-09	-5.665112e+01	-2.814559e+02
3.270000e-06	-8.153586e-06	-4.755893e-09	-5.672714e+01	-2.817908e+02
3.280000e-06	-8.161571e-06	-4.762159e-09	-5.678269e+01	-2.820729e+02
3.290000e-06	-8.166636e-06	-4.769164e-09	-5.681793e+01	-2.822957e+02
3.300000e-06	-8.168827e-06	-4.771210e-09	-5.683317e+01	-2.824538e+02
3.310000e-06	-8.168223e-06	-4.773080e-09	-5.682897e+01	-2.825459e+02
