# Temperatura_=_31.25
# Concentracion g/m^3_=_11000.0
# C_Vs_to_Am_M_A/Vsm_=_59384043850.047264
# pendiente_HvsI_1/m_=_3716.3
# ordenada_HvsI_A/m_=_1297.0
# frecuencia_Hz_=_301735.7667281665

Tiempo_(s)	Campo_(V.s)	Magnetizacion_(V.s)	Campo_(kA/m)	Magnetizacion_(A/m)
0.000000e+00	-8.124404e-06	-4.828959e-09	-5.682739e+01	-2.867438e+02
1.000000e-08	-8.122328e-06	-4.829023e-09	-5.681287e+01	-2.867622e+02
2.000000e-08	-8.117537e-06	-4.827545e-09	-5.677935e+01	-2.867498e+02
3.000000e-08	-8.110117e-06	-4.826943e-09	-5.672745e+01	-2.867130e+02
4.000000e-08	-8.099875e-06	-4.828170e-09	-5.665581e+01	-2.866490e+02
5.000000e-08	-8.086726e-06	-4.828160e-09	-5.656384e+01	-2.865466e+02
6.000000e-08	-8.070615e-06	-4.824206e-09	-5.645115e+01	-2.863892e+02
7.000000e-08	-8.051826e-06	-4.819030e-09	-5.631972e+01	-2.861607e+02
8.000000e-08	-8.030706e-06	-4.808058e-09	-5.617200e+01	-2.858507e+02
9.000000e-08	-8.006698e-06	-4.802969e-09	-5.600407e+01	-2.854580e+02
1.000000e-07	-7.979315e-06	-4.785113e-09	-5.581254e+01	-2.849920e+02
1.100000e-07	-7.948879e-06	-4.769190e-09	-5.559965e+01	-2.844696e+02
1.200000e-07	-7.915646e-06	-4.769910e-09	-5.536720e+01	-2.839097e+02
1.300000e-07	-7.879655e-06	-4.769119e-09	-5.511545e+01	-2.833274e+02
1.400000e-07	-7.841265e-06	-4.770211e-09	-5.484692e+01	-2.827288e+02
1.500000e-07	-7.800700e-06	-4.747988e-09	-5.456318e+01	-2.821094e+02
1.600000e-07	-7.757605e-06	-4.738623e-09	-5.426175e+01	-2.814563e+02
1.700000e-07	-7.711632e-06	-4.731899e-09	-5.394019e+01	-2.807531e+02
1.800000e-07	-7.662864e-06	-4.713809e-09	-5.359907e+01	-2.799865e+02
1.900000e-07	-7.611072e-06	-4.705635e-09	-5.323681e+01	-2.791510e+02
2.000000e-07	-7.556256e-06	-4.681429e-09	-5.285339e+01	-2.782511e+02
2.100000e-07	-7.498719e-06	-4.671535e-09	-5.245093e+01	-2.772988e+02
2.200000e-07	-7.438424e-06	-4.659377e-09	-5.202920e+01	-2.763080e+02
2.300000e-07	-7.375518e-06	-4.639262e-09	-5.158919e+01	-2.752888e+02
2.400000e-07	-7.309916e-06	-4.618763e-09	-5.113032e+01	-2.742428e+02
2.500000e-07	-7.241536e-06	-4.588528e-09	-5.065203e+01	-2.731618e+02
2.600000e-07	-7.170508e-06	-4.586899e-09	-5.015521e+01	-2.720312e+02
2.700000e-07	-7.096720e-06	-4.564940e-09	-4.963909e+01	-2.708366e+02
2.800000e-07	-7.020123e-06	-4.536178e-09	-4.910332e+01	-2.695697e+02
2.900000e-07	-6.940779e-06	-4.519139e-09	-4.854834e+01	-2.682330e+02
3.000000e-07	-6.858856e-06	-4.501834e-09	-4.797531e+01	-2.668396e+02
3.100000e-07	-6.774628e-06	-4.475699e-09	-4.738617e+01	-2.654079e+02
3.200000e-07	-6.688091e-06	-4.434660e-09	-4.678087e+01	-2.639543e+02
3.300000e-07	-6.599137e-06	-4.419698e-09	-4.615867e+01	-2.624853e+02
3.400000e-07	-6.507850e-06	-4.400969e-09	-4.552015e+01	-2.609937e+02
3.500000e-07	-6.414345e-06	-4.378315e-09	-4.486612e+01	-2.594588e+02
3.600000e-07	-6.318477e-06	-4.348741e-09	-4.419555e+01	-2.578538e+02
3.700000e-07	-6.220213e-06	-4.321880e-09	-4.350823e+01	-2.561544e+02
3.800000e-07	-6.119730e-06	-4.295024e-09	-4.280538e+01	-2.543482e+02
3.900000e-07	-6.017050e-06	-4.250300e-09	-4.208717e+01	-2.524396e+02
4.000000e-07	-5.912184e-06	-4.210405e-09	-4.135368e+01	-2.504480e+02
4.100000e-07	-5.805137e-06	-4.176032e-09	-4.060492e+01	-2.484007e+02
4.200000e-07	-5.696005e-06	-4.154448e-09	-3.984158e+01	-2.463229e+02
4.300000e-07	-5.584883e-06	-4.121042e-09	-3.906431e+01	-2.442274e+02
4.400000e-07	-5.471653e-06	-4.084786e-09	-3.827231e+01	-2.421097e+02
4.500000e-07	-5.356214e-06	-4.049417e-09	-3.746486e+01	-2.399499e+02
4.600000e-07	-5.238656e-06	-4.011690e-09	-3.664258e+01	-2.377199e+02
4.700000e-07	-5.119122e-06	-3.963948e-09	-3.580648e+01	-2.353945e+02
4.800000e-07	-4.997750e-06	-3.913622e-09	-3.495753e+01	-2.329609e+02
4.900000e-07	-4.874596e-06	-3.879134e-09	-3.409611e+01	-2.304235e+02
5.000000e-07	-4.749632e-06	-3.844620e-09	-3.322203e+01	-2.278009e+02
5.100000e-07	-4.623043e-06	-3.801930e-09	-3.233658e+01	-2.251181e+02
5.200000e-07	-4.494822e-06	-3.749991e-09	-3.143972e+01	-2.223950e+02
5.300000e-07	-4.364897e-06	-3.706235e-09	-3.053094e+01	-2.196370e+02
5.400000e-07	-4.233413e-06	-3.659599e-09	-2.961125e+01	-2.168318e+02
5.500000e-07	-4.100390e-06	-3.602643e-09	-2.868080e+01	-2.139527e+02
5.600000e-07	-3.965848e-06	-3.544904e-09	-2.773973e+01	-2.109687e+02
5.700000e-07	-3.829796e-06	-3.496636e-09	-2.678809e+01	-2.078557e+02
5.800000e-07	-3.692380e-06	-3.450613e-09	-2.582692e+01	-2.046058e+02
5.900000e-07	-3.553655e-06	-3.390507e-09	-2.485658e+01	-2.012300e+02
6.000000e-07	-3.413469e-06	-3.324109e-09	-2.387603e+01	-1.977528e+02
6.100000e-07	-3.271737e-06	-3.264148e-09	-2.288466e+01	-1.942016e+02
6.200000e-07	-3.128655e-06	-3.209392e-09	-2.188385e+01	-1.905948e+02
6.300000e-07	-2.984517e-06	-3.145871e-09	-2.087566e+01	-1.869323e+02
6.400000e-07	-2.839277e-06	-3.076716e-09	-1.985976e+01	-1.831951e+02
6.500000e-07	-2.692915e-06	-3.013982e-09	-1.883601e+01	-1.793505e+02
6.600000e-07	-2.545697e-06	-2.952838e-09	-1.780627e+01	-1.753651e+02
6.700000e-07	-2.397781e-06	-2.881529e-09	-1.677164e+01	-1.712167e+02
6.800000e-07	-2.249021e-06	-2.802529e-09	-1.573112e+01	-1.669031e+02
6.900000e-07	-2.099412e-06	-2.727170e-09	-1.468465e+01	-1.624425e+02
7.000000e-07	-1.949133e-06	-2.653250e-09	-1.363351e+01	-1.578657e+02
7.100000e-07	-1.798233e-06	-2.572507e-09	-1.257802e+01	-1.532032e+02
7.200000e-07	-1.646691e-06	-2.488166e-09	-1.151803e+01	-1.484722e+02
7.300000e-07	-1.494455e-06	-2.410050e-09	-1.045320e+01	-1.436685e+02
7.400000e-07	-1.341579e-06	-2.334210e-09	-9.383877e+00	-1.387670e+02
7.500000e-07	-1.188213e-06	-2.248831e-09	-8.311137e+00	-1.337303e+02
7.600000e-07	-1.034450e-06	-2.157570e-09	-7.235621e+00	-1.285226e+02
7.700000e-07	-8.803243e-07	-2.069771e-09	-6.157563e+00	-1.231228e+02
7.800000e-07	-7.259144e-07	-1.980121e-09	-5.077519e+00	-1.175322e+02
7.900000e-07	-5.713129e-07	-1.877847e-09	-3.996136e+00	-1.117734e+02
8.000000e-07	-4.164944e-07	-1.771158e-09	-2.913234e+00	-1.058808e+02
8.100000e-07	-2.614421e-07	-1.672318e-09	-1.828696e+00	-9.988663e+01
8.200000e-07	-1.062613e-07	-1.577499e-09	-7.432609e-01	-9.380826e+01
8.300000e-07	4.892085e-08	-1.474897e-09	3.421844e-01	-8.764124e+01
8.400000e-07	2.040610e-07	-1.367182e-09	1.427336e+00	-8.136161e+01
8.500000e-07	3.591073e-07	-1.260235e-09	2.511831e+00	-7.493612e+01
8.600000e-07	5.140132e-07	-1.151603e-09	3.595344e+00	-6.833649e+01
8.700000e-07	6.687069e-07	-1.035476e-09	4.677373e+00	-6.155194e+01
8.800000e-07	8.231557e-07	-9.140142e-10	5.757688e+00	-5.459505e+01
8.900000e-07	9.773557e-07	-7.952201e-10	6.836264e+00	-4.749865e+01
9.000000e-07	1.131243e-06	-6.793456e-10	7.912649e+00	-4.030489e+01
9.100000e-07	1.284760e-06	-5.616862e-10	8.986447e+00	-3.305087e+01
9.200000e-07	1.437780e-06	-4.375133e-10	1.005677e+01	-2.575636e+01
9.300000e-07	1.590178e-06	-3.120750e-10	1.112274e+01	-1.841844e+01
9.400000e-07	1.741878e-06	-1.895489e-10	1.218383e+01	-1.101477e+01
9.500000e-07	1.892973e-06	-6.600276e-11	1.324069e+01	-3.514049e+00
9.600000e-07	2.043490e-06	6.412678e-11	1.429350e+01	4.110965e+00
9.700000e-07	2.193371e-06	1.966215e-10	1.534187e+01	1.187308e+01
9.800000e-07	2.342543e-06	3.271517e-10	1.638528e+01	1.976719e+01
9.900000e-07	2.490797e-06	4.608869e-10	1.742226e+01	2.777491e+01
1.000000e-06	2.638078e-06	5.996736e-10	1.845244e+01	3.587488e+01
1.010000e-06	2.784476e-06	7.375768e-10	1.947644e+01	4.405430e+01
1.020000e-06	2.929860e-06	8.726993e-10	2.049336e+01	5.231605e+01
1.030000e-06	3.074085e-06	1.011149e-09	2.150216e+01	6.067801e+01
1.040000e-06	3.217242e-06	1.156827e-09	2.250349e+01	6.916409e+01
1.050000e-06	3.359282e-06	1.304514e-09	2.349701e+01	7.778991e+01
1.060000e-06	3.500046e-06	1.451467e-09	2.448160e+01	8.654868e+01
1.070000e-06	3.639364e-06	1.600703e-09	2.545608e+01	9.540280e+01
1.080000e-06	3.777245e-06	1.751903e-09	2.642052e+01	1.042848e+02
1.090000e-06	3.913760e-06	1.899995e-09	2.737540e+01	1.131080e+02
1.100000e-06	4.048822e-06	2.042553e-09	2.832010e+01	1.217831e+02
1.110000e-06	4.182463e-06	2.182808e-09	2.925488e+01	1.302357e+02
1.120000e-06	4.314674e-06	2.322440e-09	3.017965e+01	1.384180e+02
1.130000e-06	4.445293e-06	2.456890e-09	3.109328e+01	1.463117e+02
1.140000e-06	4.574265e-06	2.583952e-09	3.199540e+01	1.539214e+02
1.150000e-06	4.701662e-06	2.707858e-09	3.288649e+01	1.612614e+02
1.160000e-06	4.827489e-06	2.829806e-09	3.376661e+01	1.683417e+02
1.170000e-06	4.951628e-06	2.945562e-09	3.463492e+01	1.751584e+02
1.180000e-06	5.073934e-06	3.051688e-09	3.549041e+01	1.816920e+02
1.190000e-06	5.194334e-06	3.153992e-09	3.633256e+01	1.879143e+02
1.200000e-06	5.312847e-06	3.254602e-09	3.716152e+01	1.938005e+02
1.210000e-06	5.429352e-06	3.348605e-09	3.797643e+01	1.993405e+02
1.220000e-06	5.543690e-06	3.434925e-09	3.877618e+01	2.045472e+02
1.230000e-06	5.655924e-06	3.517023e-09	3.956123e+01	2.094552e+02
1.240000e-06	5.766199e-06	3.597536e-09	4.033256e+01	2.141128e+02
1.250000e-06	5.874540e-06	3.675587e-09	4.109037e+01	2.185688e+02
1.260000e-06	5.980756e-06	3.749323e-09	4.183331e+01	2.228591e+02
1.270000e-06	6.084748e-06	3.818570e-09	4.256070e+01	2.269987e+02
1.280000e-06	6.186573e-06	3.886939e-09	4.327293e+01	2.309806e+02
1.290000e-06	6.286137e-06	3.953709e-09	4.396934e+01	2.347831e+02
1.300000e-06	6.383377e-06	4.015405e-09	4.464951e+01	2.383810e+02
1.310000e-06	6.478363e-06	4.071734e-09	4.531390e+01	2.417578e+02
1.320000e-06	6.571149e-06	4.127426e-09	4.596290e+01	2.449138e+02
1.330000e-06	6.661625e-06	4.180905e-09	4.659575e+01	2.478672e+02
1.340000e-06	6.749701e-06	4.227123e-09	4.721181e+01	2.506487e+02
1.350000e-06	6.835492e-06	4.270354e-09	4.781189e+01	2.532920e+02
1.360000e-06	6.918952e-06	4.315216e-09	4.839567e+01	2.558235e+02
1.370000e-06	6.999885e-06	4.359532e-09	4.896176e+01	2.582554e+02
1.380000e-06	7.078270e-06	4.398534e-09	4.951004e+01	2.605842e+02
1.390000e-06	7.154065e-06	4.433540e-09	5.004020e+01	2.627957e+02
1.400000e-06	7.227140e-06	4.470108e-09	5.055133e+01	2.648724e+02
1.410000e-06	7.297602e-06	4.505855e-09	5.104419e+01	2.668027e+02
1.420000e-06	7.365482e-06	4.536474e-09	5.151899e+01	2.685868e+02
1.430000e-06	7.430711e-06	4.564073e-09	5.197524e+01	2.702377e+02
1.440000e-06	7.493355e-06	4.590549e-09	5.241341e+01	2.717778e+02
1.450000e-06	7.553382e-06	4.615712e-09	5.283328e+01	2.732321e+02
1.460000e-06	7.610749e-06	4.635382e-09	5.323454e+01	2.746206e+02
1.470000e-06	7.665355e-06	4.652313e-09	5.361650e+01	2.759530e+02
1.480000e-06	7.716814e-06	4.672833e-09	5.397644e+01	2.772271e+02
1.490000e-06	7.765114e-06	4.696301e-09	5.431428e+01	2.784312e+02
1.500000e-06	7.810638e-06	4.716860e-09	5.463270e+01	2.795496e+02
1.510000e-06	7.853426e-06	4.732366e-09	5.493199e+01	2.805691e+02
1.520000e-06	7.893355e-06	4.746318e-09	5.521128e+01	2.814842e+02
1.530000e-06	7.930604e-06	4.759261e-09	5.547182e+01	2.822997e+02
1.540000e-06	7.965073e-06	4.769350e-09	5.571292e+01	2.830290e+02
1.550000e-06	7.996661e-06	4.776609e-09	5.593387e+01	2.836909e+02
1.560000e-06	8.025572e-06	4.785908e-09	5.613609e+01	2.843042e+02
1.570000e-06	8.051634e-06	4.799230e-09	5.631838e+01	2.848822e+02
1.580000e-06	8.074739e-06	4.810810e-09	5.648000e+01	2.854299e+02
1.590000e-06	8.095082e-06	4.816810e-09	5.662228e+01	2.859430e+02
1.600000e-06	8.112610e-06	4.820902e-09	5.674489e+01	2.864101e+02
1.610000e-06	8.127172e-06	4.826383e-09	5.684675e+01	2.868167e+02
1.620000e-06	8.138616e-06	4.831582e-09	5.692679e+01	2.871499e+02
1.630000e-06	8.146939e-06	4.833144e-09	5.698501e+01	2.874028e+02
1.640000e-06	8.152425e-06	4.834951e-09	5.702338e+01	2.875765e+02
1.650000e-06	8.155015e-06	4.840993e-09	5.704150e+01	2.876802e+02
1.660000e-06	8.154723e-06	4.848442e-09	5.703945e+01	2.877286e+02
1.670000e-06	8.151789e-06	4.848113e-09	5.701893e+01	2.877372e+02
1.680000e-06	8.146141e-06	4.844030e-09	5.697943e+01	2.877178e+02
1.690000e-06	8.137783e-06	4.842570e-09	5.692096e+01	2.876741e+02
1.700000e-06	8.126737e-06	4.840688e-09	5.684370e+01	2.876007e+02
1.710000e-06	8.112794e-06	4.835367e-09	5.674618e+01	2.874845e+02
1.720000e-06	8.096173e-06	4.829898e-09	5.662992e+01	2.873085e+02
1.730000e-06	8.077234e-06	4.836991e-09	5.649745e+01	2.870575e+02
1.740000e-06	8.055748e-06	4.829104e-09	5.634716e+01	2.867237e+02
1.750000e-06	8.031027e-06	4.832471e-09	5.617424e+01	2.863088e+02
1.760000e-06	8.002544e-06	4.832909e-09	5.597501e+01	2.858250e+02
1.770000e-06	7.970625e-06	4.814385e-09	5.575176e+01	2.852901e+02
1.780000e-06	7.936019e-06	4.794569e-09	5.550970e+01	2.847227e+02
1.790000e-06	7.898923e-06	4.777139e-09	5.525022e+01	2.841358e+02
1.800000e-06	7.859558e-06	4.779703e-09	5.497488e+01	2.835323e+02
1.810000e-06	7.818209e-06	4.755636e-09	5.468566e+01	2.829051e+02
1.820000e-06	7.774304e-06	4.755133e-09	5.437856e+01	2.822394e+02
1.830000e-06	7.727577e-06	4.729612e-09	5.405172e+01	2.815193e+02
1.840000e-06	7.678022e-06	4.716962e-09	5.370510e+01	2.807333e+02
1.850000e-06	7.625297e-06	4.721985e-09	5.333630e+01	2.798788e+02
1.860000e-06	7.569674e-06	4.691966e-09	5.294724e+01	2.789626e+02
1.870000e-06	7.511382e-06	4.684209e-09	5.253951e+01	2.779980e+02
1.880000e-06	7.450494e-06	4.651863e-09	5.211362e+01	2.769986e+02
1.890000e-06	7.386913e-06	4.659163e-09	5.166889e+01	2.759722e+02
1.900000e-06	7.320494e-06	4.638023e-09	5.120431e+01	2.749176e+02
1.910000e-06	7.251379e-06	4.599123e-09	5.072088e+01	2.738242e+02
1.920000e-06	7.179386e-06	4.598467e-09	5.021731e+01	2.726768e+02
1.930000e-06	7.104624e-06	4.566569e-09	4.969438e+01	2.714621e+02
1.940000e-06	7.027177e-06	4.553859e-09	4.915266e+01	2.701746e+02
1.950000e-06	6.947105e-06	4.517741e-09	4.859258e+01	2.688202e+02
1.960000e-06	6.864628e-06	4.509852e-09	4.801569e+01	2.674140e+02
1.970000e-06	6.779659e-06	4.491358e-09	4.742136e+01	2.659749e+02
1.980000e-06	6.692188e-06	4.451418e-09	4.680953e+01	2.645169e+02
1.990000e-06	6.602265e-06	4.430894e-09	4.618055e+01	2.630431e+02
2.000000e-06	6.510068e-06	4.388055e-09	4.553566e+01	2.615418e+02
2.010000e-06	6.415658e-06	4.376608e-09	4.487530e+01	2.599898e+02
2.020000e-06	6.318916e-06	4.336498e-09	4.419862e+01	2.583601e+02
2.030000e-06	6.219873e-06	4.320569e-09	4.350585e+01	2.566309e+02
2.040000e-06	6.118605e-06	4.295535e-09	4.279752e+01	2.547945e+02
2.050000e-06	6.015139e-06	4.270907e-09	4.207381e+01	2.528598e+02
2.060000e-06	5.909476e-06	4.234275e-09	4.133473e+01	2.508495e+02
2.070000e-06	5.801736e-06	4.181121e-09	4.058113e+01	2.487915e+02
2.080000e-06	5.691938e-06	4.149276e-09	3.981313e+01	2.467082e+02
2.090000e-06	5.580007e-06	4.105605e-09	3.903021e+01	2.446077e+02
2.100000e-06	5.465933e-06	4.079396e-09	3.823230e+01	2.424808e+02
2.110000e-06	5.349757e-06	4.041357e-09	3.741969e+01	2.403040e+02
2.120000e-06	5.231497e-06	4.018658e-09	3.659250e+01	2.380491e+02
2.130000e-06	5.111225e-06	3.977811e-09	3.575124e+01	2.356935e+02
2.140000e-06	4.989131e-06	3.930011e-09	3.489724e+01	2.332292e+02
2.150000e-06	4.865240e-06	3.877369e-09	3.403066e+01	2.306652e+02
2.160000e-06	4.739635e-06	3.830465e-09	3.315210e+01	2.280231e+02
2.170000e-06	4.612362e-06	3.787026e-09	3.226187e+01	2.253274e+02
2.180000e-06	4.483384e-06	3.741104e-09	3.135971e+01	2.225947e+02
2.190000e-06	4.352853e-06	3.698811e-09	3.044670e+01	2.198254e+02
2.200000e-06	4.220770e-06	3.655597e-09	2.952282e+01	2.170023e+02
2.210000e-06	4.087154e-06	3.611296e-09	2.858823e+01	2.140965e+02
2.220000e-06	3.952061e-06	3.554304e-09	2.764329e+01	2.110776e+02
2.230000e-06	3.815457e-06	3.499619e-09	2.668779e+01	2.079257e+02
2.240000e-06	3.677481e-06	3.444901e-09	2.572270e+01	2.046381e+02
2.250000e-06	3.538176e-06	3.394845e-09	2.474831e+01	2.012306e+02
2.260000e-06	3.397538e-06	3.332537e-09	2.376460e+01	1.977298e+02
2.270000e-06	3.255604e-06	3.270146e-09	2.277182e+01	1.941617e+02
2.280000e-06	3.112374e-06	3.209210e-09	2.176997e+01	1.905400e+02
2.290000e-06	2.967967e-06	3.149976e-09	2.075990e+01	1.868591e+02
2.300000e-06	2.822485e-06	3.085452e-09	1.974230e+01	1.830949e+02
2.310000e-06	2.676095e-06	3.017298e-09	1.871836e+01	1.792134e+02
2.320000e-06	2.528818e-06	2.952211e-09	1.768820e+01	1.751831e+02
2.330000e-06	2.380597e-06	2.885555e-09	1.665145e+01	1.709869e+02
2.340000e-06	2.231544e-06	2.812938e-09	1.560888e+01	1.666289e+02
2.350000e-06	2.081754e-06	2.734682e-09	1.456115e+01	1.621319e+02
2.360000e-06	1.931249e-06	2.657297e-09	1.350841e+01	1.575280e+02
2.370000e-06	1.780059e-06	2.578556e-09	1.245089e+01	1.528451e+02
2.380000e-06	1.628187e-06	2.495788e-09	1.138860e+01	1.480949e+02
2.390000e-06	1.475653e-06	2.413333e-09	1.032168e+01	1.432668e+02
2.400000e-06	1.322556e-06	2.334085e-09	9.250821e+00	1.383308e+02
2.410000e-06	1.169028e-06	2.251095e-09	8.176944e+00	1.332487e+02
2.420000e-06	1.015200e-06	2.160609e-09	7.100972e+00	1.279875e+02
2.430000e-06	8.610731e-07	2.064784e-09	6.022907e+00	1.225322e+02
2.440000e-06	7.066446e-07	1.969927e-09	4.942734e+00	1.168906e+02
2.450000e-06	5.520118e-07	1.871955e-09	3.861131e+00	1.110901e+02
2.460000e-06	3.971990e-07	1.771977e-09	2.778269e+00	1.051657e+02
2.470000e-06	2.422204e-07	1.669641e-09	1.694248e+00	9.914681e+01
2.480000e-06	8.724698e-08	1.572290e-09	6.102623e-01	9.304469e+01
2.490000e-06	-6.772268e-08	1.472901e-09	-4.736966e-01	8.684875e+01
2.500000e-06	-2.227310e-07	1.362981e-09	-1.557926e+00	8.053105e+01
2.510000e-06	-3.776234e-07	1.247668e-09	-2.641345e+00	7.405828e+01
2.520000e-06	-5.323019e-07	1.130421e-09	-3.723267e+00	6.740609e+01
2.530000e-06	-6.867936e-07	1.014680e-09	-4.803883e+00	6.057015e+01
2.540000e-06	-8.410947e-07	8.951745e-10	-5.883165e+00	5.356954e+01
2.550000e-06	-9.950939e-07	7.750761e-10	-6.960336e+00	4.644113e+01
2.560000e-06	-1.148747e-06	6.579992e-10	-8.035089e+00	3.922710e+01
2.570000e-06	-1.302029e-06	5.395005e-10	-9.107239e+00	3.196062e+01
2.580000e-06	-1.454867e-06	4.156820e-10	-1.017629e+01	2.465514e+01
2.590000e-06	-1.607201e-06	2.860708e-10	-1.124182e+01	1.730150e+01
2.600000e-06	-1.758902e-06	1.562455e-10	-1.230291e+01	9.873524e+00
2.610000e-06	-1.909819e-06	2.930849e-11	-1.335852e+01	2.339741e+00
2.620000e-06	-2.059956e-06	-9.896879e-11	-1.440868e+01	-5.323768e+00
2.630000e-06	-2.209400e-06	-2.324098e-10	-1.545398e+01	-1.312469e+01
2.640000e-06	-2.358084e-06	-3.669824e-10	-1.649398e+01	-2.105334e+01
2.650000e-06	-2.505899e-06	-4.975835e-10	-1.752789e+01	-2.908925e+01
2.660000e-06	-2.652802e-06	-6.304181e-10	-1.855543e+01	-3.721247e+01
2.670000e-06	-2.798833e-06	-7.701019e-10	-1.957687e+01	-4.541421e+01
2.680000e-06	-2.943997e-06	-9.122706e-10	-2.059224e+01	-5.370211e+01
2.690000e-06	-3.088136e-06	-1.054806e-09	-2.160044e+01	-6.209701e+01
2.700000e-06	-3.230954e-06	-1.200263e-09	-2.259940e+01	-7.062201e+01
2.710000e-06	-3.372448e-06	-1.347815e-09	-2.358911e+01	-7.928761e+01
2.720000e-06	-3.512652e-06	-1.495095e-09	-2.456978e+01	-8.807872e+01
2.730000e-06	-3.651501e-06	-1.641028e-09	-2.554098e+01	-9.694865e+01
2.740000e-06	-3.789084e-06	-1.786541e-09	-2.650333e+01	-1.058230e+02
2.750000e-06	-3.925332e-06	-1.933903e-09	-2.745633e+01	-1.146125e+02
2.760000e-06	-4.060026e-06	-2.080188e-09	-2.839847e+01	-1.232304e+02
2.770000e-06	-4.193154e-06	-2.222418e-09	-2.932966e+01	-1.316092e+02
2.780000e-06	-4.324848e-06	-2.359769e-09	-3.025081e+01	-1.397095e+02
2.790000e-06	-4.455030e-06	-2.493076e-09	-3.116139e+01	-1.475208e+02
2.800000e-06	-4.583715e-06	-2.620617e-09	-3.206149e+01	-1.550518e+02
2.810000e-06	-4.710832e-06	-2.740802e-09	-3.295063e+01	-1.623169e+02
2.820000e-06	-4.836166e-06	-2.856474e-09	-3.382730e+01	-1.693228e+02
2.830000e-06	-4.959750e-06	-2.969816e-09	-3.469173e+01	-1.760610e+02
2.840000e-06	-5.081610e-06	-3.079542e-09	-3.554410e+01	-1.825085e+02
2.850000e-06	-5.201630e-06	-3.183343e-09	-3.638360e+01	-1.886367e+02
2.860000e-06	-5.319655e-06	-3.281427e-09	-3.720914e+01	-1.944239e+02
2.870000e-06	-5.435603e-06	-3.374014e-09	-3.802015e+01	-1.998662e+02
2.880000e-06	-5.549304e-06	-3.461786e-09	-3.881545e+01	-2.049830e+02
2.890000e-06	-5.660677e-06	-3.544429e-09	-3.959447e+01	-2.098141e+02
2.900000e-06	-5.769975e-06	-3.621105e-09	-4.035897e+01	-2.144094e+02
2.910000e-06	-5.877371e-06	-3.692102e-09	-4.111017e+01	-2.188150e+02
2.920000e-06	-5.982826e-06	-3.760911e-09	-4.184779e+01	-2.230616e+02
2.930000e-06	-6.086070e-06	-3.826458e-09	-4.256994e+01	-2.271575e+02
2.940000e-06	-6.186995e-06	-3.890180e-09	-4.327588e+01	-2.310906e+02
2.950000e-06	-6.285702e-06	-3.954674e-09	-4.396630e+01	-2.348369e+02
2.960000e-06	-6.382279e-06	-4.017063e-09	-4.464183e+01	-2.383725e+02
2.970000e-06	-6.476578e-06	-4.074934e-09	-4.530141e+01	-2.416852e+02
2.980000e-06	-6.568513e-06	-4.126985e-09	-4.594446e+01	-2.447806e+02
2.990000e-06	-6.658230e-06	-4.172856e-09	-4.657201e+01	-2.476813e+02
3.000000e-06	-6.745672e-06	-4.212842e-09	-4.718364e+01	-2.504198e+02
3.010000e-06	-6.830626e-06	-4.252147e-09	-4.777786e+01	-2.530289e+02
3.020000e-06	-6.913102e-06	-4.292591e-09	-4.835475e+01	-2.555312e+02
3.030000e-06	-6.993250e-06	-4.331976e-09	-4.891535e+01	-2.579345e+02
3.040000e-06	-7.070708e-06	-4.371387e-09	-4.945715e+01	-2.602314e+02
3.050000e-06	-7.145372e-06	-4.410753e-09	-4.997939e+01	-2.624058e+02
3.060000e-06	-7.217506e-06	-4.447731e-09	-5.048394e+01	-2.644413e+02
3.070000e-06	-7.287011e-06	-4.479424e-09	-5.097011e+01	-2.663291e+02
3.080000e-06	-7.353881e-06	-4.505286e-09	-5.143784e+01	-2.680732e+02
3.090000e-06	-7.418252e-06	-4.529104e-09	-5.188810e+01	-2.696897e+02
3.100000e-06	-7.480015e-06	-4.550891e-09	-5.232011e+01	-2.712026e+02
3.110000e-06	-7.539082e-06	-4.572258e-09	-5.273326e+01	-2.726363e+02
3.120000e-06	-7.595433e-06	-4.596396e-09	-5.312742e+01	-2.740082e+02
3.130000e-06	-7.648863e-06	-4.623830e-09	-5.350114e+01	-2.753245e+02
3.140000e-06	-7.699265e-06	-4.650383e-09	-5.385368e+01	-2.765799e+02
3.150000e-06	-7.746558e-06	-4.670961e-09	-5.418449e+01	-2.777609e+02
3.160000e-06	-7.791048e-06	-4.689389e-09	-5.449568e+01	-2.788520e+02
3.170000e-06	-7.833093e-06	-4.705609e-09	-5.478977e+01	-2.798417e+02
3.180000e-06	-7.872537e-06	-4.718596e-09	-5.506566e+01	-2.807273e+02
3.190000e-06	-7.909162e-06	-4.727745e-09	-5.532184e+01	-2.815162e+02
3.200000e-06	-7.942996e-06	-4.738505e-09	-5.555850e+01	-2.822241e+02
3.210000e-06	-7.973988e-06	-4.753390e-09	-5.577528e+01	-2.828703e+02
3.220000e-06	-8.002027e-06	-4.768518e-09	-5.597140e+01	-2.834723e+02
3.230000e-06	-8.027300e-06	-4.783634e-09	-5.614817e+01	-2.840414e+02
3.240000e-06	-8.049735e-06	-4.793653e-09	-5.630510e+01	-2.845798e+02
3.250000e-06	-8.069273e-06	-4.801736e-09	-5.644176e+01	-2.850810e+02
3.260000e-06	-8.086019e-06	-4.807897e-09	-5.655890e+01	-2.855321e+02
3.270000e-06	-8.099688e-06	-4.811126e-09	-5.665450e+01	-2.859187e+02
3.280000e-06	-8.110217e-06	-4.814034e-09	-5.672815e+01	-2.862292e+02
3.290000e-06	-8.117832e-06	-4.818980e-09	-5.678142e+01	-2.864588e+02
3.300000e-06	-8.122553e-06	-4.826530e-09	-5.681444e+01	-2.866111e+02
3.310000e-06	-8.124465e-06	-4.830024e-09	-5.682781e+01	-2.866972e+02
