# Temperatura_=_42.36
# Concentracion g/m^3_=_20000.0
# C_Vs_to_Am_M_A/Vsm_=_59384043850.047264
# pendiente_HvsI_1/m_=_3716.3
# ordenada_HvsI_A/m_=_1297.0
# frecuencia_Hz_=_301156.1833900013

Tiempo_(s)	Campo_(V.s)	Magnetizacion_(V.s)	Campo_(kA/m)	Magnetizacion_(A/m)
0.000000e+00	-5.375911e-06	-1.420735e-08	-3.825391e+01	-8.429904e+02
1.000000e-08	-5.374121e-06	-1.420594e-08	-3.824118e+01	-8.431306e+02
2.000000e-08	-5.370332e-06	-1.420004e-08	-3.821422e+01	-8.430246e+02
3.000000e-08	-5.364800e-06	-1.419207e-08	-3.817485e+01	-8.426780e+02
4.000000e-08	-5.357693e-06	-1.418482e-08	-3.812428e+01	-8.420923e+02
5.000000e-08	-5.348934e-06	-1.417610e-08	-3.806195e+01	-8.412689e+02
6.000000e-08	-5.338234e-06	-1.416149e-08	-3.798581e+01	-8.402135e+02
7.000000e-08	-5.325458e-06	-1.414588e-08	-3.789490e+01	-8.389401e+02
8.000000e-08	-5.310582e-06	-1.411752e-08	-3.778905e+01	-8.374716e+02
9.000000e-08	-5.293282e-06	-1.405121e-08	-3.766595e+01	-8.358373e+02
1.000000e-07	-5.273704e-06	-1.400407e-08	-3.752663e+01	-8.340670e+02
1.100000e-07	-5.252300e-06	-1.399721e-08	-3.737432e+01	-8.321844e+02
1.200000e-07	-5.229274e-06	-1.398472e-08	-3.721048e+01	-8.302000e+02
1.300000e-07	-5.204973e-06	-1.398772e-08	-3.703755e+01	-8.281083e+02
1.400000e-07	-5.179341e-06	-1.393109e-08	-3.685516e+01	-8.258879e+02
1.500000e-07	-5.151817e-06	-1.382030e-08	-3.665931e+01	-8.235070e+02
1.600000e-07	-5.122504e-06	-1.382564e-08	-3.645072e+01	-8.209320e+02
1.700000e-07	-5.091743e-06	-1.378044e-08	-3.623183e+01	-8.181361e+02
1.800000e-07	-5.059069e-06	-1.366146e-08	-3.599933e+01	-8.151071e+02
1.900000e-07	-5.024238e-06	-1.364093e-08	-3.575148e+01	-8.118507e+02
2.000000e-07	-4.987780e-06	-1.358877e-08	-3.549205e+01	-8.083884e+02
2.100000e-07	-4.949734e-06	-1.354534e-08	-3.522133e+01	-8.047516e+02
2.200000e-07	-4.909965e-06	-1.351511e-08	-3.493833e+01	-8.009726e+02
2.300000e-07	-4.868440e-06	-1.339785e-08	-3.464285e+01	-7.970769e+02
2.400000e-07	-4.824909e-06	-1.333035e-08	-3.433309e+01	-7.930773e+02
2.500000e-07	-4.779548e-06	-1.329766e-08	-3.401031e+01	-7.889732e+02
2.600000e-07	-4.732471e-06	-1.322196e-08	-3.367533e+01	-7.847537e+02
2.700000e-07	-4.683536e-06	-1.314914e-08	-3.332711e+01	-7.804039e+02
2.800000e-07	-4.632530e-06	-1.305942e-08	-3.296416e+01	-7.759121e+02
2.900000e-07	-4.579472e-06	-1.300322e-08	-3.258661e+01	-7.712741e+02
3.000000e-07	-4.524765e-06	-1.294877e-08	-3.219733e+01	-7.664951e+02
3.100000e-07	-4.468559e-06	-1.283574e-08	-3.179738e+01	-7.615864e+02
3.200000e-07	-4.410701e-06	-1.272628e-08	-3.138567e+01	-7.565605e+02
3.300000e-07	-4.351092e-06	-1.264815e-08	-3.096151e+01	-7.514257e+02
3.400000e-07	-4.289932e-06	-1.258049e-08	-3.052630e+01	-7.461814e+02
3.500000e-07	-4.227363e-06	-1.246872e-08	-3.008108e+01	-7.408188e+02
3.600000e-07	-4.163406e-06	-1.236673e-08	-2.962597e+01	-7.353231e+02
3.700000e-07	-4.097938e-06	-1.229669e-08	-2.916011e+01	-7.296805e+02
3.800000e-07	-4.030720e-06	-1.220084e-08	-2.868180e+01	-7.238833e+02
3.900000e-07	-3.962009e-06	-1.209476e-08	-2.819287e+01	-7.179346e+02
4.000000e-07	-3.892051e-06	-1.198149e-08	-2.769506e+01	-7.118484e+02
4.100000e-07	-3.820750e-06	-1.188151e-08	-2.718770e+01	-7.056458e+02
4.200000e-07	-3.748144e-06	-1.178910e-08	-2.667104e+01	-6.993487e+02
4.300000e-07	-3.674034e-06	-1.167477e-08	-2.614369e+01	-6.929729e+02
4.400000e-07	-3.598294e-06	-1.155493e-08	-2.560474e+01	-6.865239e+02
4.500000e-07	-3.521107e-06	-1.144410e-08	-2.505550e+01	-6.799952e+02
4.600000e-07	-3.442579e-06	-1.134578e-08	-2.449671e+01	-6.733722e+02
4.700000e-07	-3.362643e-06	-1.123429e-08	-2.392790e+01	-6.666380e+02
4.800000e-07	-3.281357e-06	-1.111250e-08	-2.334948e+01	-6.597805e+02
4.900000e-07	-3.198895e-06	-1.099856e-08	-2.276270e+01	-6.527972e+02
5.000000e-07	-3.115335e-06	-1.088168e-08	-2.216811e+01	-6.456956e+02
5.100000e-07	-3.030868e-06	-1.075878e-08	-2.156705e+01	-6.384909e+02
5.200000e-07	-2.945521e-06	-1.062829e-08	-2.095974e+01	-6.311995e+02
5.300000e-07	-2.859209e-06	-1.050266e-08	-2.034556e+01	-6.238321e+02
5.400000e-07	-2.771954e-06	-1.038307e-08	-1.972468e+01	-6.163897e+02
5.500000e-07	-2.683799e-06	-1.025890e-08	-1.909738e+01	-6.088627e+02
5.600000e-07	-2.594780e-06	-1.012801e-08	-1.846394e+01	-6.012342e+02
5.700000e-07	-2.504718e-06	-9.995572e-09	-1.782308e+01	-5.934871e+02
5.800000e-07	-2.413475e-06	-9.867964e-09	-1.717381e+01	-5.856104e+02
5.900000e-07	-2.321324e-06	-9.733069e-09	-1.651808e+01	-5.776045e+02
6.000000e-07	-2.228517e-06	-9.589379e-09	-1.585768e+01	-5.694814e+02
6.100000e-07	-2.134942e-06	-9.448050e-09	-1.519182e+01	-5.612609e+02
6.200000e-07	-2.040554e-06	-9.314471e-09	-1.452017e+01	-5.529637e+02
6.300000e-07	-1.945499e-06	-9.179568e-09	-1.384378e+01	-5.446036e+02
6.400000e-07	-1.849765e-06	-9.034793e-09	-1.316256e+01	-5.361824e+02
6.500000e-07	-1.753418e-06	-8.891408e-09	-1.247698e+01	-5.276894e+02
6.600000e-07	-1.656493e-06	-8.752619e-09	-1.178727e+01	-5.191047e+02
6.700000e-07	-1.558829e-06	-8.610609e-09	-1.109231e+01	-5.104072e+02
6.800000e-07	-1.460359e-06	-8.459654e-09	-1.039162e+01	-5.015816e+02
6.900000e-07	-1.361175e-06	-8.305735e-09	-9.685850e+00	-4.926244e+02
7.000000e-07	-1.261475e-06	-8.155270e-09	-8.976404e+00	-4.835446e+02
7.100000e-07	-1.161392e-06	-8.001092e-09	-8.264235e+00	-4.743599e+02
7.200000e-07	-1.061018e-06	-7.841692e-09	-7.549993e+00	-4.650892e+02
7.300000e-07	-9.604304e-07	-7.683410e-09	-6.834232e+00	-4.557447e+02
7.400000e-07	-8.595979e-07	-7.531117e-09	-6.116728e+00	-4.463264e+02
7.500000e-07	-7.584088e-07	-7.377234e-09	-5.396687e+00	-4.368211e+02
7.600000e-07	-6.568801e-07	-7.214439e-09	-4.674228e+00	-4.272065e+02
7.700000e-07	-5.551219e-07	-7.047929e-09	-3.950137e+00	-4.174581e+02
7.800000e-07	-4.531809e-07	-6.882580e-09	-3.224745e+00	-4.075577e+02
7.900000e-07	-3.510338e-07	-6.713489e-09	-2.497887e+00	-3.974975e+02
8.000000e-07	-2.487524e-07	-6.536265e-09	-1.770073e+00	-3.872809e+02
8.100000e-07	-1.464093e-07	-6.358024e-09	-1.041819e+00	-3.769167e+02
8.200000e-07	-4.403924e-08	-6.183823e-09	-3.133745e-01	-3.664103e+02
8.300000e-07	5.834073e-08	-6.008770e-09	4.151410e-01	-3.557552e+02
8.400000e-07	1.607319e-07	-5.827694e-09	1.143736e+00	-3.449276e+02
8.500000e-07	2.630599e-07	-5.642495e-09	1.871882e+00	-3.338874e+02
8.600000e-07	3.652980e-07	-5.453466e-09	2.599388e+00	-3.225866e+02
8.700000e-07	4.674053e-07	-5.257615e-09	3.325964e+00	-3.109813e+02
8.800000e-07	5.693566e-07	-5.053136e-09	4.051428e+00	-2.990461e+02
8.900000e-07	6.710773e-07	-4.843999e-09	4.775253e+00	-2.867843e+02
9.000000e-07	7.725142e-07	-4.634579e-09	5.497057e+00	-2.742307e+02
9.100000e-07	8.736575e-07	-4.422100e-09	6.216773e+00	-2.614467e+02
9.200000e-07	9.744938e-07	-4.203936e-09	6.934304e+00	-2.485070e+02
9.300000e-07	1.075049e-06	-3.982658e-09	7.649837e+00	-2.354830e+02
9.400000e-07	1.175350e-06	-3.765041e-09	8.363560e+00	-2.224268e+02
9.500000e-07	1.275391e-06	-3.547263e-09	9.075426e+00	-2.093603e+02
9.600000e-07	1.375056e-06	-3.322445e-09	9.784625e+00	-1.962729e+02
9.700000e-07	1.474183e-06	-3.095211e-09	1.048999e+01	-1.831267e+02
9.800000e-07	1.572614e-06	-2.871217e-09	1.119041e+01	-1.698682e+02
9.900000e-07	1.670185e-06	-2.647778e-09	1.188470e+01	-1.564415e+02
1.000000e-06	1.766968e-06	-2.418728e-09	1.257339e+01	-1.427998e+02
1.010000e-06	1.863180e-06	-2.183460e-09	1.325802e+01	-1.289109e+02
1.020000e-06	1.958779e-06	-1.944276e-09	1.393829e+01	-1.147573e+02
1.030000e-06	2.053679e-06	-1.701074e-09	1.461357e+01	-1.003295e+02
1.040000e-06	2.147897e-06	-1.451018e-09	1.528401e+01	-8.561788e+01
1.050000e-06	2.241378e-06	-1.194877e-09	1.594920e+01	-7.060454e+01
1.060000e-06	2.334124e-06	-9.348901e-10	1.660916e+01	-5.525858e+01
1.070000e-06	2.426260e-06	-6.694237e-10	1.726478e+01	-3.953639e+01
1.080000e-06	2.517663e-06	-3.962360e-10	1.791519e+01	-2.338599e+01
1.090000e-06	2.607940e-06	-1.134810e-10	1.855759e+01	-6.753819e+00
1.100000e-06	2.696922e-06	1.772416e-10	1.919076e+01	1.040867e+01
1.110000e-06	2.784896e-06	4.733397e-10	1.981676e+01	2.814065e+01
1.120000e-06	2.872031e-06	7.779627e-10	2.043680e+01	4.647093e+01
1.130000e-06	2.958259e-06	1.098026e-09	2.105039e+01	6.542016e+01
1.140000e-06	3.043536e-06	1.433735e-09	2.165720e+01	8.500450e+01
1.150000e-06	3.127916e-06	1.779398e-09	2.225763e+01	1.052391e+02
1.160000e-06	3.211376e-06	2.132679e-09	2.285151e+01	1.261395e+02
1.170000e-06	3.293575e-06	2.497397e-09	2.343642e+01	1.477198e+02
1.180000e-06	3.374451e-06	2.874466e-09	2.401193e+01	1.699885e+02
1.190000e-06	3.454144e-06	3.261758e-09	2.457900e+01	1.929428e+02
1.200000e-06	3.532578e-06	3.659439e-09	2.513712e+01	2.165632e+02
1.210000e-06	3.609727e-06	4.068982e-09	2.568610e+01	2.408099e+02
1.220000e-06	3.685669e-06	4.491926e-09	2.622649e+01	2.656215e+02
1.230000e-06	3.760093e-06	4.923191e-09	2.675608e+01	2.909173e+02
1.240000e-06	3.832843e-06	5.357032e-09	2.727375e+01	3.166005e+02
1.250000e-06	3.904201e-06	5.794344e-09	2.778152e+01	3.425620e+02
1.260000e-06	3.974220e-06	6.237049e-09	2.827976e+01	3.686844e+02
1.270000e-06	4.042943e-06	6.680079e-09	2.876878e+01	3.948439e+02
1.280000e-06	4.110353e-06	7.117757e-09	2.924846e+01	4.209117e+02
1.290000e-06	4.176136e-06	7.551280e-09	2.971655e+01	4.467550e+02
1.300000e-06	4.240292e-06	7.982024e-09	3.017308e+01	4.722379e+02
1.310000e-06	4.303057e-06	8.404552e-09	3.061970e+01	4.972244e+02
1.320000e-06	4.364448e-06	8.812943e-09	3.105654e+01	5.215822e+02
1.330000e-06	4.424530e-06	9.209800e-09	3.148407e+01	5.451884e+02
1.340000e-06	4.483045e-06	9.595989e-09	3.190046e+01	5.679346e+02
1.350000e-06	4.539726e-06	9.964793e-09	3.230379e+01	5.897323e+02
1.360000e-06	4.594765e-06	1.031119e-08	3.269543e+01	6.105152e+02
1.370000e-06	4.648185e-06	1.063791e-08	3.307556e+01	6.302408e+02
1.380000e-06	4.699691e-06	1.094992e-08	3.344207e+01	6.488881e+02
1.390000e-06	4.749094e-06	1.124412e-08	3.379361e+01	6.664548e+02
1.400000e-06	4.796597e-06	1.151762e-08	3.413163e+01	6.829530e+02
1.410000e-06	4.842472e-06	1.177663e-08	3.445807e+01	6.984049e+02
1.420000e-06	4.886844e-06	1.202359e-08	3.477381e+01	7.128391e+02
1.430000e-06	4.929481e-06	1.225411e-08	3.507721e+01	7.262880e+02
1.440000e-06	4.970165e-06	1.246357e-08	3.536670e+01	7.387860e+02
1.450000e-06	5.009097e-06	1.265327e-08	3.564374e+01	7.503684e+02
1.460000e-06	5.046434e-06	1.282847e-08	3.590942e+01	7.610711e+02
1.470000e-06	5.082160e-06	1.299101e-08	3.616364e+01	7.709307e+02
1.480000e-06	5.115934e-06	1.313969e-08	3.640397e+01	7.799844e+02
1.490000e-06	5.147784e-06	1.327573e-08	3.663061e+01	7.882706e+02
1.500000e-06	5.177990e-06	1.340358e-08	3.684555e+01	7.958296e+02
1.510000e-06	5.206520e-06	1.352282e-08	3.704856e+01	8.027032e+02
1.520000e-06	5.233153e-06	1.362784e-08	3.723808e+01	8.089354e+02
1.530000e-06	5.257711e-06	1.371735e-08	3.741283e+01	8.145707e+02
1.540000e-06	5.280402e-06	1.379934e-08	3.757429e+01	8.196533e+02
1.550000e-06	5.301427e-06	1.387740e-08	3.772391e+01	8.242243e+02
1.560000e-06	5.320723e-06	1.394649e-08	3.786121e+01	8.283200e+02
1.570000e-06	5.338074e-06	1.400528e-08	3.798467e+01	8.319698e+02
1.580000e-06	5.353408e-06	1.405980e-08	3.809379e+01	8.351962e+02
1.590000e-06	5.366783e-06	1.411134e-08	3.818896e+01	8.380153e+02
1.600000e-06	5.378050e-06	1.415235e-08	3.826914e+01	8.404394e+02
1.610000e-06	5.387102e-06	1.418202e-08	3.833355e+01	8.424804e+02
1.620000e-06	5.394243e-06	1.420785e-08	3.838436e+01	8.441523e+02
1.630000e-06	5.399689e-06	1.423257e-08	3.842311e+01	8.454735e+02
1.640000e-06	5.403292e-06	1.425080e-08	3.844875e+01	8.464665e+02
1.650000e-06	5.404873e-06	1.425892e-08	3.846000e+01	8.471563e+02
1.660000e-06	5.404589e-06	1.426625e-08	3.845798e+01	8.475668e+02
1.670000e-06	5.402645e-06	1.427511e-08	3.844415e+01	8.477176e+02
1.680000e-06	5.399020e-06	1.427413e-08	3.841835e+01	8.476217e+02
1.690000e-06	5.393529e-06	1.426353e-08	3.837928e+01	8.472852e+02
1.700000e-06	5.386156e-06	1.424955e-08	3.832682e+01	8.467096e+02
1.710000e-06	5.377162e-06	1.423726e-08	3.826282e+01	8.458962e+02
1.720000e-06	5.366614e-06	1.422001e-08	3.818776e+01	8.448504e+02
1.730000e-06	5.354304e-06	1.418805e-08	3.810016e+01	8.435860e+02
1.740000e-06	5.339988e-06	1.419093e-08	3.799830e+01	8.421255e+02
1.750000e-06	5.323547e-06	1.420438e-08	3.788130e+01	8.404981e+02
1.760000e-06	5.304718e-06	1.415815e-08	3.774732e+01	8.387338e+02
1.770000e-06	5.283315e-06	1.409790e-08	3.759502e+01	8.368564e+02
1.780000e-06	5.259836e-06	1.401755e-08	3.742795e+01	8.348773e+02
1.790000e-06	5.235085e-06	1.400993e-08	3.725183e+01	8.327912e+02
1.800000e-06	5.209202e-06	1.405804e-08	3.706765e+01	8.305774e+02
1.810000e-06	5.181583e-06	1.392137e-08	3.687111e+01	8.282044e+02
1.820000e-06	5.152039e-06	1.387017e-08	3.666089e+01	8.256384e+02
1.830000e-06	5.120827e-06	1.394036e-08	3.643879e+01	8.228522e+02
1.840000e-06	5.087748e-06	1.383650e-08	3.620341e+01	8.198331e+02
1.850000e-06	5.052868e-06	1.379385e-08	3.595521e+01	8.165861e+02
1.860000e-06	5.016360e-06	1.373726e-08	3.569542e+01	8.131322e+02
1.870000e-06	4.977920e-06	1.358124e-08	3.542189e+01	8.095025e+02
1.880000e-06	4.937716e-06	1.359024e-08	3.513580e+01	8.057296e+02
1.890000e-06	4.895891e-06	1.353947e-08	3.483819e+01	8.018393e+02
1.900000e-06	4.852447e-06	1.342614e-08	3.452905e+01	7.978450e+02
1.910000e-06	4.807395e-06	1.338875e-08	3.420847e+01	7.937463e+02
1.920000e-06	4.760303e-06	1.328731e-08	3.387337e+01	7.895326e+02
1.930000e-06	4.711335e-06	1.325244e-08	3.352493e+01	7.851893e+02
1.940000e-06	4.660835e-06	1.313775e-08	3.316557e+01	7.807042e+02
1.950000e-06	4.608550e-06	1.299005e-08	3.279352e+01	7.760730e+02
1.960000e-06	4.554295e-06	1.299115e-08	3.240746e+01	7.713003e+02
1.970000e-06	4.498183e-06	1.292233e-08	3.200818e+01	7.663975e+02
1.980000e-06	4.440541e-06	1.283544e-08	3.159801e+01	7.613773e+02
1.990000e-06	4.381448e-06	1.271798e-08	3.117752e+01	7.562478e+02
2.000000e-06	4.320756e-06	1.263700e-08	3.074564e+01	7.510091e+02
2.010000e-06	4.258390e-06	1.259739e-08	3.030186e+01	7.456524e+02
2.020000e-06	4.194388e-06	1.244695e-08	2.984643e+01	7.401633e+02
2.030000e-06	4.128933e-06	1.235567e-08	2.938067e+01	7.345277e+02
2.040000e-06	4.062087e-06	1.226561e-08	2.890501e+01	7.287375e+02
2.050000e-06	3.993831e-06	1.217854e-08	2.841931e+01	7.227957e+02
2.060000e-06	3.924007e-06	1.208359e-08	2.792246e+01	7.167156e+02
2.070000e-06	3.852639e-06	1.193255e-08	2.741462e+01	7.105182e+02
2.080000e-06	3.779965e-06	1.186350e-08	2.689748e+01	7.042257e+02
2.090000e-06	3.705978e-06	1.176540e-08	2.637101e+01	6.978541e+02
2.100000e-06	3.630571e-06	1.164955e-08	2.583442e+01	6.914093e+02
2.110000e-06	3.553560e-06	1.151909e-08	2.528643e+01	6.848852e+02
2.120000e-06	3.474955e-06	1.140066e-08	2.472709e+01	6.782674e+02
2.130000e-06	3.395097e-06	1.132122e-08	2.415883e+01	6.715389e+02
2.140000e-06	3.314127e-06	1.118610e-08	2.358267e+01	6.646876e+02
2.150000e-06	3.232064e-06	1.106233e-08	2.299872e+01	6.577101e+02
2.160000e-06	3.148960e-06	1.094181e-08	2.240737e+01	6.506141e+02
2.170000e-06	3.064832e-06	1.084305e-08	2.180874e+01	6.434144e+02
2.180000e-06	2.979530e-06	1.072540e-08	2.120175e+01	6.361273e+02
2.190000e-06	2.892902e-06	1.057539e-08	2.058531e+01	6.287641e+02
2.200000e-06	2.805237e-06	1.045485e-08	1.996151e+01	6.213260e+02
2.210000e-06	2.716732e-06	1.033658e-08	1.933173e+01	6.138038e+02
2.220000e-06	2.627284e-06	1.021301e-08	1.869523e+01	6.061809e+02
2.230000e-06	2.536910e-06	1.006316e-08	1.805215e+01	5.984397e+02
2.240000e-06	2.445781e-06	9.932718e-09	1.740369e+01	5.905693e+02
2.250000e-06	2.353967e-06	9.820544e-09	1.675036e+01	5.825693e+02
2.260000e-06	2.261336e-06	9.686226e-09	1.609122e+01	5.744516e+02
2.270000e-06	2.167616e-06	9.534563e-09	1.542432e+01	5.662358e+02
2.280000e-06	2.072834e-06	9.385712e-09	1.474988e+01	5.579426e+02
2.290000e-06	1.977387e-06	9.255732e-09	1.407069e+01	5.495862e+02
2.300000e-06	1.881446e-06	9.113609e-09	1.338800e+01	5.411688e+02
2.310000e-06	1.784881e-06	8.955577e-09	1.270086e+01	5.326802e+02
2.320000e-06	1.687637e-06	8.807851e-09	1.200889e+01	5.241008e+02
2.330000e-06	1.589922e-06	8.676858e-09	1.131357e+01	5.154091e+02
2.340000e-06	1.491803e-06	8.534634e-09	1.061538e+01	5.065897e+02
2.350000e-06	1.393170e-06	8.372735e-09	9.913519e+00	4.976387e+02
2.360000e-06	1.294033e-06	8.213850e-09	9.208085e+00	4.885646e+02
2.370000e-06	1.194511e-06	8.068201e-09	8.499906e+00	4.793848e+02
2.380000e-06	1.094706e-06	7.914984e-09	7.789712e+00	4.701184e+02
2.390000e-06	9.946178e-07	7.743770e-09	7.077503e+00	4.607780e+02
2.400000e-06	8.941623e-07	7.578346e-09	6.362681e+00	4.513640e+02
2.410000e-06	7.932501e-07	7.426905e-09	5.644610e+00	4.418638e+02
2.420000e-06	6.919259e-07	7.272690e-09	4.923607e+00	4.322550e+02
2.430000e-06	5.902656e-07	7.101638e-09	4.200212e+00	4.225133e+02
2.440000e-06	4.882841e-07	6.929110e-09	3.474533e+00	4.126200e+02
2.450000e-06	3.860224e-07	6.766421e-09	2.746859e+00	4.025671e+02
2.460000e-06	2.835790e-07	6.601362e-09	2.017892e+00	3.923575e+02
2.470000e-06	1.810034e-07	6.419961e-09	1.287984e+00	3.820000e+02
2.480000e-06	7.830778e-08	6.233329e-09	5.572226e-01	3.715002e+02
2.490000e-06	-2.437485e-08	6.058508e-09	-1.734466e-01	3.608523e+02
2.500000e-06	-1.269866e-07	5.884718e-09	-9.036113e-01	3.500329e+02
2.510000e-06	-2.295294e-07	5.696015e-09	-1.633286e+00	3.390027e+02
2.520000e-06	-3.319531e-07	5.496750e-09	-2.362112e+00	3.277135e+02
2.530000e-06	-4.342005e-07	5.305642e-09	-3.089684e+00	3.161212e+02
2.540000e-06	-5.361650e-07	5.115269e-09	-3.815244e+00	3.041995e+02
2.550000e-06	-6.377907e-07	4.905590e-09	-4.538392e+00	2.919505e+02
2.560000e-06	-7.391297e-07	4.682849e-09	-5.259500e+00	2.794079e+02
2.570000e-06	-8.401226e-07	4.465517e-09	-5.978146e+00	2.666325e+02
2.580000e-06	-9.406266e-07	4.257144e-09	-6.693312e+00	2.536986e+02
2.590000e-06	-1.040703e-06	4.040917e-09	-7.405436e+00	2.406781e+02
2.600000e-06	-1.140475e-06	3.815448e-09	-8.115397e+00	2.276239e+02
2.610000e-06	-1.239925e-06	3.595798e-09	-8.823059e+00	2.145593e+02
2.620000e-06	-1.338967e-06	3.382070e-09	-9.527822e+00	2.014747e+02
2.630000e-06	-1.437576e-06	3.160899e-09	-1.022950e+01	1.883331e+02
2.640000e-06	-1.535735e-06	2.929987e-09	-1.092799e+01	1.750811e+02
2.650000e-06	-1.633395e-06	2.702593e-09	-1.162292e+01	1.616629e+02
2.660000e-06	-1.730474e-06	2.480300e-09	-1.231371e+01	1.480309e+02
2.670000e-06	-1.826875e-06	2.250285e-09	-1.299968e+01	1.341528e+02
2.680000e-06	-1.922720e-06	2.008067e-09	-1.368170e+01	1.200103e+02
2.690000e-06	-2.018166e-06	1.764253e-09	-1.436087e+01	1.055940e+02
2.700000e-06	-2.113039e-06	1.522510e-09	-1.503596e+01	9.089435e+01
2.710000e-06	-2.206923e-06	1.271691e-09	-1.570402e+01	7.589377e+01
2.720000e-06	-2.299641e-06	1.007714e-09	-1.636379e+01	6.056191e+01
2.730000e-06	-2.391438e-06	7.429580e-10	-1.701700e+01	4.485556e+01
2.740000e-06	-2.482464e-06	4.796513e-10	-1.766472e+01	2.872293e+01
2.750000e-06	-2.572659e-06	2.040585e-10	-1.830653e+01	1.211038e+01
2.760000e-06	-2.661944e-06	-8.974136e-11	-1.894187e+01	-5.030899e+00
2.770000e-06	-2.750277e-06	-3.925216e-10	-1.957043e+01	-2.274044e+01
2.780000e-06	-2.837820e-06	-6.971436e-10	-2.019337e+01	-4.104743e+01
2.790000e-06	-2.924526e-06	-1.011693e-09	-2.081035e+01	-5.997272e+01
2.800000e-06	-3.009990e-06	-1.343008e-09	-2.141849e+01	-7.953258e+01
2.810000e-06	-3.094128e-06	-1.684615e-09	-2.201720e+01	-9.974219e+01
2.820000e-06	-3.177161e-06	-2.030841e-09	-2.260804e+01	-1.206170e+02
2.830000e-06	-3.259181e-06	-2.387852e-09	-2.319168e+01	-1.421712e+02
2.840000e-06	-3.340102e-06	-2.763130e-09	-2.376750e+01	-1.644138e+02
2.850000e-06	-3.419936e-06	-3.151789e-09	-2.433559e+01	-1.873423e+02
2.860000e-06	-3.498668e-06	-3.545116e-09	-2.489583e+01	-2.109380e+02
2.870000e-06	-3.575861e-06	-3.946975e-09	-2.544511e+01	-2.351616e+02
2.880000e-06	-3.651456e-06	-4.364873e-09	-2.598303e+01	-2.599528e+02
2.890000e-06	-3.725695e-06	-4.793310e-09	-2.651130e+01	-2.852314e+02
2.900000e-06	-3.798533e-06	-5.220958e-09	-2.702961e+01	-3.109010e+02
2.910000e-06	-3.870134e-06	-5.650123e-09	-2.753910e+01	-3.368530e+02
2.920000e-06	-3.940386e-06	-6.089719e-09	-2.803901e+01	-3.629702e+02
2.930000e-06	-4.009006e-06	-6.534469e-09	-2.852729e+01	-3.891290e+02
2.940000e-06	-4.076174e-06	-6.971856e-09	-2.900525e+01	-4.152009e+02
2.950000e-06	-4.141992e-06	-7.401764e-09	-2.947359e+01	-4.410530e+02
2.960000e-06	-4.206409e-06	-7.830612e-09	-2.993197e+01	-4.665496e+02
2.970000e-06	-4.269459e-06	-8.255457e-09	-3.038062e+01	-4.915546e+02
2.980000e-06	-4.330788e-06	-8.665205e-09	-3.081703e+01	-5.159355e+02
2.990000e-06	-4.390352e-06	-9.057115e-09	-3.124087e+01	-5.395689e+02
3.000000e-06	-4.448519e-06	-9.440261e-09	-3.165477e+01	-5.623460e+02
3.010000e-06	-4.505312e-06	-9.813946e-09	-3.205891e+01	-5.841773e+02
3.020000e-06	-4.560588e-06	-1.016653e-08	-3.245224e+01	-6.049958e+02
3.030000e-06	-4.613947e-06	-1.049727e-08	-3.283193e+01	-6.247581e+02
3.040000e-06	-4.665281e-06	-1.081318e-08	-3.319721e+01	-6.434425e+02
3.050000e-06	-4.714783e-06	-1.111447e-08	-3.354946e+01	-6.610461e+02
3.060000e-06	-4.762317e-06	-1.139296e-08	-3.388770e+01	-6.775806e+02
3.070000e-06	-4.808018e-06	-1.165011e-08	-3.421290e+01	-6.930679e+02
3.080000e-06	-4.852186e-06	-1.189536e-08	-3.452719e+01	-7.075363e+02
3.090000e-06	-4.894874e-06	-1.212773e-08	-3.483095e+01	-7.210183e+02
3.100000e-06	-4.936034e-06	-1.234084e-08	-3.512384e+01	-7.335481e+02
3.110000e-06	-4.975601e-06	-1.253458e-08	-3.540539e+01	-7.451611e+02
3.120000e-06	-5.013386e-06	-1.271632e-08	-3.567426e+01	-7.558931e+02
3.130000e-06	-5.049230e-06	-1.288664e-08	-3.592931e+01	-7.657806e+02
3.140000e-06	-5.083303e-06	-1.304166e-08	-3.617177e+01	-7.748609e+02
3.150000e-06	-5.115723e-06	-1.318357e-08	-3.640247e+01	-7.831723e+02
3.160000e-06	-5.146287e-06	-1.331476e-08	-3.661996e+01	-7.907550e+02
3.170000e-06	-5.174801e-06	-1.343452e-08	-3.682286e+01	-7.976508e+02
3.180000e-06	-5.201478e-06	-1.353863e-08	-3.701268e+01	-8.039036e+02
3.190000e-06	-5.226415e-06	-1.363145e-08	-3.719013e+01	-8.095579e+02
3.200000e-06	-5.249531e-06	-1.371957e-08	-3.735462e+01	-8.146579e+02
3.210000e-06	-5.270717e-06	-1.380143e-08	-3.750538e+01	-8.192450e+02
3.220000e-06	-5.290017e-06	-1.387268e-08	-3.764271e+01	-8.233556e+02
3.230000e-06	-5.307558e-06	-1.393359e-08	-3.776753e+01	-8.270194e+02
3.240000e-06	-5.323234e-06	-1.398857e-08	-3.787907e+01	-8.302591e+02
3.250000e-06	-5.336767e-06	-1.403776e-08	-3.797537e+01	-8.330909e+02
3.260000e-06	-5.348140e-06	-1.407639e-08	-3.805630e+01	-8.355274e+02
3.270000e-06	-5.357611e-06	-1.410736e-08	-3.812369e+01	-8.375803e+02
3.280000e-06	-5.365257e-06	-1.413697e-08	-3.817811e+01	-8.392636e+02
3.290000e-06	-5.370937e-06	-1.416378e-08	-3.821852e+01	-8.405954e+02
3.300000e-06	-5.374612e-06	-1.418330e-08	-3.824467e+01	-8.415982e+02
3.310000e-06	-5.376483e-06	-1.419628e-08	-3.825798e+01	-8.422968e+02
3.320000e-06	-5.376640e-06	-1.420439e-08	-3.825910e+01	-8.427154e+02
