# Temperatura_=_47.54
# Concentracion g/m^3_=_20000.0
# C_Vs_to_Am_M_A/Vsm_=_59384043850.047264
# pendiente_HvsI_1/m_=_3716.3
# ordenada_HvsI_A/m_=_1297.0
# frecuencia_Hz_=_301154.55579835083

Tiempo_(s)	Campo_(V.s)	Magnetizacion_(V.s)	Campo_(kA/m)	Magnetizacion_(A/m)
0.000000e+00	-5.386659e-06	-1.447900e-08	-3.825439e+01	-8.592950e+02
1.000000e-08	-5.384941e-06	-1.447568e-08	-3.824219e+01	-8.594540e+02
2.000000e-08	-5.381251e-06	-1.447037e-08	-3.821598e+01	-8.593864e+02
3.000000e-08	-5.375854e-06	-1.446518e-08	-3.817765e+01	-8.590908e+02
4.000000e-08	-5.368876e-06	-1.445931e-08	-3.812810e+01	-8.585541e+02
5.000000e-08	-5.360276e-06	-1.445057e-08	-3.806703e+01	-8.577607e+02
6.000000e-08	-5.349711e-06	-1.443436e-08	-3.799200e+01	-8.567037e+02
7.000000e-08	-5.337061e-06	-1.441983e-08	-3.790216e+01	-8.553940e+02
8.000000e-08	-5.322391e-06	-1.439727e-08	-3.779797e+01	-8.538626e+02
9.000000e-08	-5.305290e-06	-1.431601e-08	-3.767653e+01	-8.521564e+02
1.000000e-07	-5.285807e-06	-1.425599e-08	-3.753817e+01	-8.503261e+02
1.100000e-07	-5.264425e-06	-1.426076e-08	-3.738632e+01	-8.484121e+02
1.200000e-07	-5.241429e-06	-1.424985e-08	-3.722301e+01	-8.464316e+02
1.300000e-07	-5.217194e-06	-1.425929e-08	-3.705090e+01	-8.443725e+02
1.400000e-07	-5.191669e-06	-1.422185e-08	-3.686963e+01	-8.421962e+02
1.500000e-07	-5.164200e-06	-1.407348e-08	-3.667456e+01	-8.398490e+02
1.600000e-07	-5.134883e-06	-1.408698e-08	-3.646635e+01	-8.372782e+02
1.700000e-07	-5.104129e-06	-1.407267e-08	-3.624795e+01	-8.344486e+02
1.800000e-07	-5.071525e-06	-1.391214e-08	-3.601640e+01	-8.313530e+02
1.900000e-07	-5.036803e-06	-1.390389e-08	-3.576982e+01	-8.280142e+02
2.000000e-07	-5.000394e-06	-1.385502e-08	-3.551125e+01	-8.244770e+02
2.100000e-07	-4.962340e-06	-1.380186e-08	-3.524101e+01	-8.207945e+02
2.200000e-07	-4.922561e-06	-1.379893e-08	-3.495851e+01	-8.170118e+02
2.300000e-07	-4.881056e-06	-1.365355e-08	-3.466375e+01	-8.131539e+02
2.400000e-07	-4.837547e-06	-1.356884e-08	-3.435477e+01	-8.092205e+02
2.500000e-07	-4.792201e-06	-1.356474e-08	-3.403273e+01	-8.051903e+02
2.600000e-07	-4.745161e-06	-1.348386e-08	-3.369867e+01	-8.010313e+02
2.700000e-07	-4.696285e-06	-1.342283e-08	-3.335156e+01	-7.967146e+02
2.800000e-07	-4.645381e-06	-1.333746e-08	-3.299006e+01	-7.922251e+02
2.900000e-07	-4.592447e-06	-1.326802e-08	-3.261414e+01	-7.875668e+02
3.000000e-07	-4.537796e-06	-1.322054e-08	-3.222603e+01	-7.827597e+02
3.100000e-07	-4.481639e-06	-1.310357e-08	-3.182721e+01	-7.778311e+02
3.200000e-07	-4.423813e-06	-1.297588e-08	-3.141655e+01	-7.728044e+02
3.300000e-07	-4.364190e-06	-1.289480e-08	-3.099313e+01	-7.676892e+02
3.400000e-07	-4.303052e-06	-1.285925e-08	-3.055895e+01	-7.624777e+02
3.500000e-07	-4.240512e-06	-1.274746e-08	-3.011481e+01	-7.571478e+02
3.600000e-07	-4.176543e-06	-1.263152e-08	-2.966052e+01	-7.516718e+02
3.700000e-07	-4.111035e-06	-1.257139e-08	-2.919530e+01	-7.460279e+02
3.800000e-07	-4.043758e-06	-1.247113e-08	-2.871752e+01	-7.402093e+02
3.900000e-07	-3.974888e-06	-1.235733e-08	-2.822843e+01	-7.342279e+02
4.000000e-07	-3.904726e-06	-1.223886e-08	-2.773016e+01	-7.281112e+02
4.100000e-07	-3.833319e-06	-1.213682e-08	-2.722305e+01	-7.218934e+02
4.200000e-07	-3.760688e-06	-1.205385e-08	-2.670724e+01	-7.156037e+02
4.300000e-07	-3.686645e-06	-1.194501e-08	-2.618142e+01	-7.092570e+02
4.400000e-07	-3.610930e-06	-1.182441e-08	-2.564371e+01	-7.028491e+02
4.500000e-07	-3.533712e-06	-1.170962e-08	-2.509533e+01	-6.963595e+02
4.600000e-07	-3.455133e-06	-1.161314e-08	-2.453729e+01	-6.897595e+02
4.700000e-07	-3.375171e-06	-1.150178e-08	-2.396942e+01	-6.830235e+02
4.800000e-07	-3.293846e-06	-1.137405e-08	-2.339188e+01	-6.761386e+02
4.900000e-07	-3.211247e-06	-1.125855e-08	-2.280529e+01	-6.691097e+02
5.000000e-07	-3.127572e-06	-1.114474e-08	-2.221105e+01	-6.619571e+02
5.100000e-07	-3.042990e-06	-1.102789e-08	-2.161038e+01	-6.547094e+02
5.200000e-07	-2.957550e-06	-1.089255e-08	-2.100361e+01	-6.473923e+02
5.300000e-07	-2.871154e-06	-1.076176e-08	-2.039005e+01	-6.400190e+02
5.400000e-07	-2.783794e-06	-1.064577e-08	-1.976965e+01	-6.325855e+02
5.500000e-07	-2.695519e-06	-1.052455e-08	-1.914275e+01	-6.250719e+02
5.600000e-07	-2.606282e-06	-1.039280e-08	-1.850901e+01	-6.174497e+02
5.700000e-07	-2.515977e-06	-1.025852e-08	-1.786769e+01	-6.096926e+02
5.800000e-07	-2.424612e-06	-1.013449e-08	-1.721884e+01	-6.017860e+02
5.900000e-07	-2.332382e-06	-1.000045e-08	-1.656386e+01	-5.937322e+02
6.000000e-07	-2.239456e-06	-9.851081e-09	-1.590392e+01	-5.855498e+02
6.100000e-07	-2.145740e-06	-9.707472e-09	-1.523838e+01	-5.772662e+02
6.200000e-07	-2.051217e-06	-9.578758e-09	-1.456711e+01	-5.689078e+02
6.300000e-07	-1.956035e-06	-9.448780e-09	-1.389116e+01	-5.604900e+02
6.400000e-07	-1.860167e-06	-9.300213e-09	-1.321033e+01	-5.520124e+02
6.500000e-07	-1.763601e-06	-9.151786e-09	-1.252455e+01	-5.434591e+02
6.600000e-07	-1.666373e-06	-9.012157e-09	-1.183407e+01	-5.348055e+02
6.700000e-07	-1.568537e-06	-8.868214e-09	-1.113927e+01	-5.260282e+02
6.800000e-07	-1.470047e-06	-8.712407e-09	-1.043982e+01	-5.171147e+02
6.900000e-07	-1.370857e-06	-8.557006e-09	-9.735403e+00	-5.080676e+02
7.000000e-07	-1.271122e-06	-8.411777e-09	-9.027119e+00	-4.989043e+02
7.100000e-07	-1.170963e-06	-8.262505e-09	-8.315816e+00	-4.896493e+02
7.200000e-07	-1.070415e-06	-8.100999e-09	-7.601756e+00	-4.803240e+02
7.300000e-07	-9.695534e-07	-7.938302e-09	-6.885468e+00	-4.709369e+02
7.400000e-07	-8.683923e-07	-7.784785e-09	-6.167054e+00	-4.614786e+02
7.500000e-07	-7.669155e-07	-7.628680e-09	-5.446397e+00	-4.519230e+02
7.600000e-07	-6.652234e-07	-7.462177e-09	-4.724211e+00	-4.422357e+02
7.700000e-07	-5.633144e-07	-7.293491e-09	-4.000485e+00	-4.323846e+02
7.800000e-07	-4.611781e-07	-7.129345e-09	-3.275145e+00	-4.223510e+02
7.900000e-07	-3.589008e-07	-6.962060e-09	-2.548803e+00	-4.121348e+02
8.000000e-07	-2.565059e-07	-6.781885e-09	-1.821626e+00	-4.017520e+02
8.100000e-07	-1.540011e-07	-6.598104e-09	-1.093668e+00	-3.912260e+02
8.200000e-07	-5.142910e-08	-6.420700e-09	-3.652336e-01	-3.805739e+02
8.300000e-07	5.115115e-08	-6.243703e-09	3.632597e-01	-3.697939e+02
8.400000e-07	1.536684e-07	-6.058461e-09	1.091305e+00	-3.588591e+02
8.500000e-07	2.561060e-07	-5.869038e-09	1.818786e+00	-3.477192e+02
8.600000e-07	3.584791e-07	-5.679546e-09	2.545808e+00	-3.363127e+02
8.700000e-07	4.607407e-07	-5.485546e-09	3.272038e+00	-3.245837e+02
8.800000e-07	5.628324e-07	-5.280215e-09	3.997062e+00	-3.125008e+02
8.900000e-07	6.647314e-07	-5.067544e-09	4.720717e+00	-3.000689e+02
9.000000e-07	7.664130e-07	-4.854225e-09	5.442828e+00	-2.873324e+02
9.100000e-07	8.678114e-07	-4.638706e-09	6.162929e+00	-2.743663e+02
9.200000e-07	9.689135e-07	-4.417980e-09	6.880924e+00	-2.612584e+02
9.300000e-07	1.069748e-06	-4.193262e-09	7.597021e+00	-2.480877e+02
9.400000e-07	1.170303e-06	-3.972166e-09	8.311131e+00	-2.349048e+02
9.500000e-07	1.270551e-06	-3.753631e-09	9.023057e+00	-2.217216e+02
9.600000e-07	1.370366e-06	-3.529715e-09	9.731916e+00	-2.085110e+02
9.700000e-07	1.469514e-06	-3.301413e-09	1.043603e+01	-1.952174e+02
9.800000e-07	1.567913e-06	-3.074225e-09	1.113483e+01	-1.817738e+02
9.900000e-07	1.665658e-06	-2.847387e-09	1.182899e+01	-1.681191e+02
1.000000e-06	1.762821e-06	-2.613569e-09	1.251901e+01	-1.542103e+02
1.010000e-06	1.859357e-06	-2.370657e-09	1.320458e+01	-1.400264e+02
1.020000e-06	1.955167e-06	-2.124853e-09	1.388499e+01	-1.255629e+02
1.030000e-06	2.050298e-06	-1.876965e-09	1.456059e+01	-1.108204e+02
1.040000e-06	2.144730e-06	-1.621759e-09	1.523121e+01	-9.579128e+01
1.050000e-06	2.238405e-06	-1.360887e-09	1.589646e+01	-8.045030e+01
1.060000e-06	2.331414e-06	-1.099330e-09	1.655698e+01	-6.475149e+01
1.070000e-06	2.423784e-06	-8.329036e-10	1.721296e+01	-4.863299e+01
1.080000e-06	2.515270e-06	-5.535081e-10	1.786267e+01	-3.202707e+01
1.090000e-06	2.605629e-06	-2.594940e-10	1.850437e+01	-1.487157e+01
1.100000e-06	2.694992e-06	4.339916e-11	1.913900e+01	2.881444e+00
1.110000e-06	2.783394e-06	3.522383e-10	1.976681e+01	2.126277e+01
1.120000e-06	2.870787e-06	6.705497e-10	2.038744e+01	4.028950e+01
1.130000e-06	2.957241e-06	1.003314e-09	2.100141e+01	5.997272e+01
1.140000e-06	3.042749e-06	1.348272e-09	2.160866e+01	8.032591e+01
1.150000e-06	3.127345e-06	1.703011e-09	2.220944e+01	1.013703e+02
1.160000e-06	3.210900e-06	2.069364e-09	2.280282e+01	1.231346e+02
1.170000e-06	3.293243e-06	2.449989e-09	2.338759e+01	1.456484e+02
1.180000e-06	3.374395e-06	2.846753e-09	2.396391e+01	1.689321e+02
1.190000e-06	3.454293e-06	3.256108e-09	2.453132e+01	1.929859e+02
1.200000e-06	3.532927e-06	3.675082e-09	2.508975e+01	2.177817e+02
1.210000e-06	3.610372e-06	4.104446e-09	2.563975e+01	2.432613e+02
1.220000e-06	3.686548e-06	4.546543e-09	2.618073e+01	2.693391e+02
1.230000e-06	3.761206e-06	4.997213e-09	2.671092e+01	2.959101e+02
1.240000e-06	3.834281e-06	5.450163e-09	2.722988e+01	3.228579e+02
1.250000e-06	3.905912e-06	5.906028e-09	2.773858e+01	3.500616e+02
1.260000e-06	3.976188e-06	6.368586e-09	2.823766e+01	3.773973e+02
1.270000e-06	4.045186e-06	6.834617e-09	2.872766e+01	4.047369e+02
1.280000e-06	4.112807e-06	7.295678e-09	2.920789e+01	4.319444e+02
1.290000e-06	4.178815e-06	7.749452e-09	2.967666e+01	4.588724e+02
1.300000e-06	4.243235e-06	8.196818e-09	3.013415e+01	4.853636e+02
1.310000e-06	4.306229e-06	8.633433e-09	3.058151e+01	5.112561e+02
1.320000e-06	4.367842e-06	9.054480e-09	3.101907e+01	5.363943e+02
1.330000e-06	4.428114e-06	9.460578e-09	3.144710e+01	5.606405e+02
1.340000e-06	4.486844e-06	9.853845e-09	3.186418e+01	5.838861e+02
1.350000e-06	4.543781e-06	1.023042e-08	3.226853e+01	6.060573e+02
1.360000e-06	4.599050e-06	1.058503e-08	3.266103e+01	6.271151e+02
1.370000e-06	4.652628e-06	1.091820e-08	3.304152e+01	6.470485e+02
1.380000e-06	4.704312e-06	1.123394e-08	3.340857e+01	6.658652e+02
1.390000e-06	4.754010e-06	1.153183e-08	3.376151e+01	6.835810e+02
1.400000e-06	4.801862e-06	1.180867e-08	3.410134e+01	7.002125e+02
1.410000e-06	4.848098e-06	1.206852e-08	3.442970e+01	7.157749e+02
1.420000e-06	4.892758e-06	1.231429e-08	3.474685e+01	7.302835e+02
1.430000e-06	4.935718e-06	1.254363e-08	3.505194e+01	7.437585e+02
1.440000e-06	4.976803e-06	1.275224e-08	3.534372e+01	7.562299e+02
1.450000e-06	5.016063e-06	1.294159e-08	3.562253e+01	7.677393e+02
1.460000e-06	5.053671e-06	1.311672e-08	3.588961e+01	7.783384e+02
1.470000e-06	5.089609e-06	1.327903e-08	3.614483e+01	7.880839e+02
1.480000e-06	5.123625e-06	1.342783e-08	3.638640e+01	7.970319e+02
1.490000e-06	5.155720e-06	1.356368e-08	3.661433e+01	8.052318e+02
1.500000e-06	5.186128e-06	1.369019e-08	3.683028e+01	8.127251e+02
1.510000e-06	5.214893e-06	1.380699e-08	3.703456e+01	8.195463e+02
1.520000e-06	5.241788e-06	1.390896e-08	3.722556e+01	8.257276e+02
1.530000e-06	5.266573e-06	1.399601e-08	3.740158e+01	8.313035e+02
1.540000e-06	5.289408e-06	1.407653e-08	3.756374e+01	8.363143e+02
1.550000e-06	5.310540e-06	1.415308e-08	3.771382e+01	8.408053e+02
1.560000e-06	5.329958e-06	1.422182e-08	3.785172e+01	8.448231e+02
1.570000e-06	5.347439e-06	1.428158e-08	3.797586e+01	8.484093e+02
1.580000e-06	5.362927e-06	1.433608e-08	3.808585e+01	8.515951e+02
1.590000e-06	5.376529e-06	1.438694e-08	3.818245e+01	8.543987e+02
1.600000e-06	5.388042e-06	1.442782e-08	3.826421e+01	8.568266e+02
1.610000e-06	5.397315e-06	1.445823e-08	3.833006e+01	8.588799e+02
1.620000e-06	5.404603e-06	1.448475e-08	3.838182e+01	8.605616e+02
1.630000e-06	5.410130e-06	1.450888e-08	3.842107e+01	8.618832e+02
1.640000e-06	5.413878e-06	1.452546e-08	3.844769e+01	8.628681e+02
1.650000e-06	5.415611e-06	1.453339e-08	3.846000e+01	8.635484e+02
1.660000e-06	5.415435e-06	1.454181e-08	3.845875e+01	8.639589e+02
1.670000e-06	5.413589e-06	1.455278e-08	3.844564e+01	8.641277e+02
1.680000e-06	5.410108e-06	1.455253e-08	3.842091e+01	8.640697e+02
1.690000e-06	5.404839e-06	1.454270e-08	3.838350e+01	8.637840e+02
1.700000e-06	5.397661e-06	1.452956e-08	3.833252e+01	8.632578e+02
1.710000e-06	5.388846e-06	1.451603e-08	3.826992e+01	8.624753e+02
1.720000e-06	5.378405e-06	1.449778e-08	3.819577e+01	8.614293e+02
1.730000e-06	5.366097e-06	1.445420e-08	3.810836e+01	8.601298e+02
1.740000e-06	5.351829e-06	1.446290e-08	3.800703e+01	8.586072e+02
1.750000e-06	5.335524e-06	1.449866e-08	3.789124e+01	8.569078e+02
1.760000e-06	5.316886e-06	1.444507e-08	3.775888e+01	8.550828e+02
1.770000e-06	5.295663e-06	1.438394e-08	3.760816e+01	8.531729e+02
1.780000e-06	5.272300e-06	1.428515e-08	3.744225e+01	8.511963e+02
1.790000e-06	5.247607e-06	1.425050e-08	3.726688e+01	8.491422e+02
1.800000e-06	5.221864e-06	1.436692e-08	3.708406e+01	8.469725e+02
1.810000e-06	5.194486e-06	1.421435e-08	3.688964e+01	8.446339e+02
1.820000e-06	5.165031e-06	1.411205e-08	3.668046e+01	8.420735e+02
1.830000e-06	5.133810e-06	1.424222e-08	3.645873e+01	8.392550e+02
1.840000e-06	5.100790e-06	1.410927e-08	3.622424e+01	8.361703e+02
1.850000e-06	5.066031e-06	1.405880e-08	3.597739e+01	8.328410e+02
1.860000e-06	5.029672e-06	1.403330e-08	3.571917e+01	8.293116e+02
1.870000e-06	4.991365e-06	1.382153e-08	3.544713e+01	8.256350e+02
1.880000e-06	4.951258e-06	1.387341e-08	3.516230e+01	8.218569e+02
1.890000e-06	4.909473e-06	1.384832e-08	3.486556e+01	8.180031e+02
1.900000e-06	4.866025e-06	1.369031e-08	3.455701e+01	8.140742e+02
1.910000e-06	4.820975e-06	1.368047e-08	3.423707e+01	8.100496e+02
1.920000e-06	4.773906e-06	1.354321e-08	3.390281e+01	8.058973e+02
1.930000e-06	4.724979e-06	1.351903e-08	3.355534e+01	8.015882e+02
1.940000e-06	4.674524e-06	1.343243e-08	3.319702e+01	7.971065e+02
1.950000e-06	4.622266e-06	1.324476e-08	3.282591e+01	7.924555e+02
1.960000e-06	4.568019e-06	1.327770e-08	3.244066e+01	7.876548e+02
1.970000e-06	4.511901e-06	1.321894e-08	3.204213e+01	7.827317e+02
1.980000e-06	4.454220e-06	1.312804e-08	3.163249e+01	7.777098e+02
1.990000e-06	4.395131e-06	1.298352e-08	3.121286e+01	7.725994e+02
2.000000e-06	4.334443e-06	1.288891e-08	3.078188e+01	7.673933e+02
2.010000e-06	4.272081e-06	1.288712e-08	3.033900e+01	7.620696e+02
2.020000e-06	4.208141e-06	1.271347e-08	2.988492e+01	7.566009e+02
2.030000e-06	4.142738e-06	1.263441e-08	2.942045e+01	7.509648e+02
2.040000e-06	4.075951e-06	1.255417e-08	2.894614e+01	7.451539e+02
2.050000e-06	4.007668e-06	1.246442e-08	2.846122e+01	7.391795e+02
2.060000e-06	3.937766e-06	1.237773e-08	2.796480e+01	7.330687e+02
2.070000e-06	3.866325e-06	1.219602e-08	2.745745e+01	7.268554e+02
2.080000e-06	3.793529e-06	1.213744e-08	2.694047e+01	7.205696e+02
2.090000e-06	3.719385e-06	1.203924e-08	2.641392e+01	7.142264e+02
2.100000e-06	3.643844e-06	1.192919e-08	2.587746e+01	7.078226e+02
2.110000e-06	3.566745e-06	1.180527e-08	2.532992e+01	7.013379e+02
2.120000e-06	3.488062e-06	1.168239e-08	2.477114e+01	6.947439e+02
2.130000e-06	3.408148e-06	1.161612e-08	2.420362e+01	6.880146e+02
2.140000e-06	3.327119e-06	1.146993e-08	2.362817e+01	6.811367e+02
2.150000e-06	3.244997e-06	1.134143e-08	2.304497e+01	6.741142e+02
2.160000e-06	3.161860e-06	1.121149e-08	2.245455e+01	6.669672e+02
2.170000e-06	3.077683e-06	1.112139e-08	2.185675e+01	6.597240e+02
2.180000e-06	2.992265e-06	1.101258e-08	2.125014e+01	6.524106e+02
2.190000e-06	2.905512e-06	1.085250e-08	2.063405e+01	6.450408e+02
2.200000e-06	2.817758e-06	1.073331e-08	2.001085e+01	6.376113e+02
2.210000e-06	2.729098e-06	1.061536e-08	1.938121e+01	6.301026e+02
2.220000e-06	2.639531e-06	1.049540e-08	1.874513e+01	6.224864e+02
2.230000e-06	2.549148e-06	1.033833e-08	1.810326e+01	6.147360e+02
2.240000e-06	2.457956e-06	1.020488e-08	1.745565e+01	6.068364e+02
2.250000e-06	2.365956e-06	1.009843e-08	1.680229e+01	5.987892e+02
2.260000e-06	2.273091e-06	9.964840e-09	1.614279e+01	5.906126e+02
2.270000e-06	2.179248e-06	9.807619e-09	1.547634e+01	5.823337e+02
2.280000e-06	2.084389e-06	9.651201e-09	1.480269e+01	5.739791e+02
2.290000e-06	1.988819e-06	9.524115e-09	1.412398e+01	5.655649e+02
2.300000e-06	1.892760e-06	9.384867e-09	1.344180e+01	5.570912e+02
2.310000e-06	1.796057e-06	9.224756e-09	1.275504e+01	5.485426e+02
2.320000e-06	1.698700e-06	9.074214e-09	1.206364e+01	5.398946e+02
2.330000e-06	1.600836e-06	8.943021e-09	1.136865e+01	5.311237e+02
2.340000e-06	1.502515e-06	8.800073e-09	1.067039e+01	5.222166e+02
2.350000e-06	1.403670e-06	8.632766e-09	9.968430e+00	5.131756e+02
2.360000e-06	1.304283e-06	8.469212e-09	9.262617e+00	5.040176e+02
2.370000e-06	1.204509e-06	8.325065e-09	8.554053e+00	4.947671e+02
2.380000e-06	1.104414e-06	8.174698e-09	7.843206e+00	4.854456e+02
2.390000e-06	1.003980e-06	8.002508e-09	7.129957e+00	4.760624e+02
2.400000e-06	9.032247e-07	7.834042e-09	6.414423e+00	4.666086e+02
2.410000e-06	8.021365e-07	7.681543e-09	5.696525e+00	4.570586e+02
2.420000e-06	7.006698e-07	7.527602e-09	4.975940e+00	4.473781e+02
2.430000e-06	5.987950e-07	7.352875e-09	4.252457e+00	4.375349e+02
2.440000e-06	4.965932e-07	7.176120e-09	3.526651e+00	4.275096e+02
2.450000e-06	3.941460e-07	7.012418e-09	2.799103e+00	4.173012e+02
2.460000e-06	2.915305e-07	6.846674e-09	2.070360e+00	4.069256e+02
2.470000e-06	1.887970e-07	6.661913e-09	1.340778e+00	3.964059e+02
2.480000e-06	8.599554e-08	6.471047e-09	6.107138e-01	3.857597e+02
2.490000e-06	-1.682629e-08	6.295091e-09	-1.194951e-01	3.749863e+02
2.500000e-06	-1.196012e-07	6.120620e-09	-8.493710e-01	3.640593e+02
2.510000e-06	-2.222645e-07	5.929259e-09	-1.578454e+00	3.529294e+02
2.520000e-06	-3.248504e-07	5.726936e-09	-2.306987e+00	3.415350e+02
2.530000e-06	-4.273158e-07	5.532415e-09	-3.034665e+00	3.298198e+02
2.540000e-06	-5.295258e-07	5.337805e-09	-3.760529e+00	3.177513e+02
2.550000e-06	-6.314052e-07	5.124135e-09	-4.484045e+00	3.053328e+02
2.560000e-06	-7.329275e-07	4.899911e-09	-5.205025e+00	2.926076e+02
2.570000e-06	-8.341116e-07	4.682405e-09	-5.923603e+00	2.796498e+02
2.580000e-06	-9.349708e-07	4.470557e-09	-6.639874e+00	2.665472e+02
2.590000e-06	-1.035468e-06	4.248017e-09	-7.353576e+00	2.533791e+02
2.600000e-06	-1.135616e-06	4.018764e-09	-8.064792e+00	2.401978e+02
2.610000e-06	-1.235435e-06	3.799719e-09	-8.773675e+00	2.270165e+02
2.620000e-06	-1.334821e-06	3.584376e-09	-9.479488e+00	2.138092e+02
2.630000e-06	-1.433661e-06	3.358369e-09	-1.018142e+01	2.005213e+02
2.640000e-06	-1.531967e-06	3.123120e-09	-1.087956e+01	1.870858e+02
2.650000e-06	-1.629761e-06	2.893498e-09	-1.157406e+01	1.734411e+02
2.660000e-06	-1.727045e-06	2.668786e-09	-1.226494e+01	1.595434e+02
2.670000e-06	-1.823737e-06	2.432941e-09	-1.295161e+01	1.453711e+02
2.680000e-06	-1.919852e-06	2.184600e-09	-1.363420e+01	1.309191e+02
2.690000e-06	-2.015506e-06	1.935991e-09	-1.431350e+01	1.161882e+02
2.700000e-06	-2.110533e-06	1.688401e-09	-1.498835e+01	1.011712e+02
2.710000e-06	-2.204586e-06	1.430367e-09	-1.565629e+01	8.584363e+01
2.720000e-06	-2.297607e-06	1.159859e-09	-1.631690e+01	7.016017e+01
2.730000e-06	-2.389787e-06	8.883653e-10	-1.697153e+01	5.405941e+01
2.740000e-06	-2.481153e-06	6.163950e-10	-1.762038e+01	3.747361e+01
2.750000e-06	-2.571599e-06	3.302308e-10	-1.826270e+01	2.034024e+01
2.760000e-06	-2.661051e-06	2.708041e-11	-1.889796e+01	2.610774e+00
2.770000e-06	-2.749598e-06	-2.841553e-10	-1.952679e+01	-1.574618e+01
2.780000e-06	-2.837402e-06	-5.994940e-10	-2.015035e+01	-3.474808e+01
2.790000e-06	-2.924288e-06	-9.260183e-10	-2.076739e+01	-5.440608e+01
2.800000e-06	-3.009894e-06	-1.269820e-09	-2.137534e+01	-7.473345e+01
2.810000e-06	-3.094300e-06	-1.626472e-09	-2.197476e+01	-9.575114e+01
2.820000e-06	-3.177630e-06	-1.988634e-09	-2.256655e+01	-1.174876e+02
2.830000e-06	-3.259837e-06	-2.361976e-09	-2.315036e+01	-1.399726e+02
2.840000e-06	-3.340954e-06	-2.754527e-09	-2.372642e+01	-1.632271e+02
2.850000e-06	-3.421022e-06	-3.160295e-09	-2.429504e+01	-1.872521e+02
2.860000e-06	-3.499916e-06	-3.571530e-09	-2.485533e+01	-2.120207e+02
2.870000e-06	-3.577328e-06	-3.993392e-09	-2.540508e+01	-2.374756e+02
2.880000e-06	-3.653205e-06	-4.431591e-09	-2.594393e+01	-2.635322e+02
2.890000e-06	-3.727668e-06	-4.880656e-09	-2.647275e+01	-2.900859e+02
2.900000e-06	-3.800821e-06	-5.331966e-09	-2.699226e+01	-3.170208e+02
2.910000e-06	-3.872760e-06	-5.786387e-09	-2.750314e+01	-3.442158e+02
2.920000e-06	-3.943298e-06	-6.246343e-09	-2.800408e+01	-3.715474e+02
2.930000e-06	-4.012202e-06	-6.704954e-09	-2.849342e+01	-3.988876e+02
2.940000e-06	-4.079619e-06	-7.156753e-09	-2.897220e+01	-4.261007e+02
2.950000e-06	-4.145700e-06	-7.605186e-09	-2.944148e+01	-4.530397e+02
2.960000e-06	-4.210391e-06	-8.053403e-09	-2.990089e+01	-4.795477e+02
2.970000e-06	-4.273634e-06	-8.493693e-09	-3.035003e+01	-5.054629e+02
2.980000e-06	-4.335258e-06	-8.916514e-09	-3.078766e+01	-5.306289e+02
2.990000e-06	-4.395201e-06	-9.321752e-09	-3.121336e+01	-5.549075e+02
3.000000e-06	-4.453627e-06	-9.714491e-09	-3.162828e+01	-5.781887e+02
3.010000e-06	-4.510568e-06	-1.009226e-08	-3.203266e+01	-6.003976e+02
3.020000e-06	-4.565960e-06	-1.044676e-08	-3.242604e+01	-6.214938e+02
3.030000e-06	-4.619529e-06	-1.077971e-08	-3.280647e+01	-6.414658e+02
3.040000e-06	-4.671127e-06	-1.109787e-08	-3.317290e+01	-6.603206e+02
3.050000e-06	-4.720876e-06	-1.140077e-08	-3.352621e+01	-6.780738e+02
3.060000e-06	-4.768677e-06	-1.168246e-08	-3.386567e+01	-6.947422e+02
3.070000e-06	-4.814592e-06	-1.194320e-08	-3.419175e+01	-7.103409e+02
3.080000e-06	-4.858925e-06	-1.218857e-08	-3.450658e+01	-7.248852e+02
3.090000e-06	-4.901748e-06	-1.242153e-08	-3.481070e+01	-7.383952e+02
3.100000e-06	-4.943068e-06	-1.263601e-08	-3.510414e+01	-7.509002e+02
3.110000e-06	-4.982814e-06	-1.282969e-08	-3.538640e+01	-7.624416e+02
3.120000e-06	-5.020732e-06	-1.300846e-08	-3.565569e+01	-7.730706e+02
3.130000e-06	-5.056765e-06	-1.317489e-08	-3.591158e+01	-7.828440e+02
3.140000e-06	-5.091048e-06	-1.332637e-08	-3.615505e+01	-7.918180e+02
3.150000e-06	-5.123563e-06	-1.346534e-08	-3.638597e+01	-8.000423e+02
3.160000e-06	-5.154228e-06	-1.359565e-08	-3.660374e+01	-8.075587e+02
3.170000e-06	-5.182935e-06	-1.371540e-08	-3.680760e+01	-8.144017e+02
3.180000e-06	-5.209819e-06	-1.382173e-08	-3.699853e+01	-8.206037e+02
3.190000e-06	-5.235000e-06	-1.391547e-08	-3.717735e+01	-8.261990e+02
3.200000e-06	-5.258345e-06	-1.400203e-08	-3.734314e+01	-8.312276e+02
3.210000e-06	-5.279677e-06	-1.408188e-08	-3.749463e+01	-8.357348e+02
3.220000e-06	-5.299034e-06	-1.415181e-08	-3.763210e+01	-8.397671e+02
3.230000e-06	-5.316663e-06	-1.421127e-08	-3.775730e+01	-8.433666e+02
3.240000e-06	-5.332556e-06	-1.426411e-08	-3.787017e+01	-8.465647e+02
3.250000e-06	-5.346335e-06	-1.431063e-08	-3.796802e+01	-8.493802e+02
3.260000e-06	-5.357903e-06	-1.434961e-08	-3.805017e+01	-8.518199e+02
3.270000e-06	-5.367539e-06	-1.438161e-08	-3.811860e+01	-8.538850e+02
3.280000e-06	-5.375328e-06	-1.441142e-08	-3.817392e+01	-8.555782e+02
3.290000e-06	-5.381126e-06	-1.443814e-08	-3.821509e+01	-8.569109e+02
3.300000e-06	-5.384965e-06	-1.445759e-08	-3.824236e+01	-8.579056e+02
3.310000e-06	-5.387021e-06	-1.447119e-08	-3.825696e+01	-8.585947e+02
3.320000e-06	-5.387300e-06	-1.447768e-08	-3.825894e+01	-8.590126e+02
