# Temperatura_=_28.79
# Concentracion g/m^3_=_20000.0
# C_Vs_to_Am_M_A/Vsm_=_59384043850.047264
# pendiente_HvsI_1/m_=_3716.3
# ordenada_HvsI_A/m_=_1297.0
# frecuencia_Hz_=_301164.16063735547

Tiempo_(s)	Campo_(V.s)	Magnetizacion_(V.s)	Campo_(kA/m)	Magnetizacion_(A/m)
0.000000e+00	-5.412300e-06	-1.382551e-08	-3.825385e+01	-8.203938e+02
1.000000e-08	-5.410537e-06	-1.382481e-08	-3.824139e+01	-8.205791e+02
2.000000e-08	-5.406803e-06	-1.381931e-08	-3.821500e+01	-8.204898e+02
3.000000e-08	-5.401339e-06	-1.381144e-08	-3.817638e+01	-8.201368e+02
4.000000e-08	-5.394265e-06	-1.380359e-08	-3.812638e+01	-8.195305e+02
5.000000e-08	-5.385536e-06	-1.379398e-08	-3.806468e+01	-8.186824e+02
6.000000e-08	-5.374783e-06	-1.377730e-08	-3.798868e+01	-8.176077e+02
7.000000e-08	-5.361953e-06	-1.376159e-08	-3.789800e+01	-8.163275e+02
8.000000e-08	-5.347093e-06	-1.373287e-08	-3.779297e+01	-8.148695e+02
9.000000e-08	-5.329758e-06	-1.365889e-08	-3.767045e+01	-8.132647e+02
1.000000e-07	-5.310082e-06	-1.361668e-08	-3.753138e+01	-8.115424e+02
1.100000e-07	-5.288546e-06	-1.361875e-08	-3.737916e+01	-8.097224e+02
1.200000e-07	-5.265421e-06	-1.359989e-08	-3.721572e+01	-8.078087e+02
1.300000e-07	-5.241081e-06	-1.360092e-08	-3.704368e+01	-8.057864e+02
1.400000e-07	-5.215307e-06	-1.355476e-08	-3.686151e+01	-8.036234e+02
1.500000e-07	-5.187579e-06	-1.344016e-08	-3.666554e+01	-8.012777e+02
1.600000e-07	-5.158084e-06	-1.344926e-08	-3.645707e+01	-7.987080e+02
1.700000e-07	-5.127139e-06	-1.339975e-08	-3.623834e+01	-7.958851e+02
1.800000e-07	-5.094306e-06	-1.327069e-08	-3.600628e+01	-7.928002e+02
1.900000e-07	-5.059312e-06	-1.327011e-08	-3.575895e+01	-7.894674e+02
2.000000e-07	-5.022755e-06	-1.320814e-08	-3.550056e+01	-7.859199e+02
2.100000e-07	-4.984566e-06	-1.315521e-08	-3.523065e+01	-7.822007e+02
2.200000e-07	-4.944586e-06	-1.313124e-08	-3.494807e+01	-7.783508e+02
2.300000e-07	-4.902840e-06	-1.300669e-08	-3.465301e+01	-7.743995e+02
2.400000e-07	-4.859058e-06	-1.294191e-08	-3.434356e+01	-7.703582e+02
2.500000e-07	-4.813416e-06	-1.291551e-08	-3.402097e+01	-7.662210e+02
2.600000e-07	-4.766050e-06	-1.283886e-08	-3.368619e+01	-7.619707e+02
2.700000e-07	-4.716794e-06	-1.277337e-08	-3.333805e+01	-7.575869e+02
2.800000e-07	-4.665446e-06	-1.269058e-08	-3.297512e+01	-7.530549e+02
2.900000e-07	-4.612112e-06	-1.262730e-08	-3.259816e+01	-7.483706e+02
3.000000e-07	-4.557088e-06	-1.255968e-08	-3.220926e+01	-7.435404e+02
3.100000e-07	-4.500547e-06	-1.245119e-08	-3.180962e+01	-7.385773e+02
3.200000e-07	-4.442279e-06	-1.234425e-08	-3.139779e+01	-7.334940e+02
3.300000e-07	-4.382262e-06	-1.225638e-08	-3.097360e+01	-7.282972e+02
3.400000e-07	-4.320799e-06	-1.219874e-08	-3.053918e+01	-7.229836e+02
3.500000e-07	-4.257985e-06	-1.208802e-08	-3.009521e+01	-7.175417e+02
3.600000e-07	-4.193766e-06	-1.198321e-08	-2.964132e+01	-7.119560e+02
3.700000e-07	-4.127880e-06	-1.191259e-08	-2.917564e+01	-7.062136e+02
3.800000e-07	-4.060222e-06	-1.181093e-08	-2.869743e+01	-7.003106e+02
3.900000e-07	-3.991051e-06	-1.170073e-08	-2.820854e+01	-6.942541e+02
4.000000e-07	-3.920600e-06	-1.158221e-08	-2.771059e+01	-6.880618e+02
4.100000e-07	-3.848919e-06	-1.148329e-08	-2.720395e+01	-6.817567e+02
4.200000e-07	-3.775935e-06	-1.138926e-08	-2.668811e+01	-6.753609e+02
4.300000e-07	-3.701317e-06	-1.127471e-08	-2.616071e+01	-6.688892e+02
4.400000e-07	-3.625036e-06	-1.115592e-08	-2.562156e+01	-6.623455e+02
4.500000e-07	-3.547338e-06	-1.104189e-08	-2.507240e+01	-6.557232e+02
4.600000e-07	-3.468245e-06	-1.093996e-08	-2.451337e+01	-6.490088e+02
4.700000e-07	-3.387753e-06	-1.082451e-08	-2.394446e+01	-6.421870e+02
4.800000e-07	-3.305982e-06	-1.070131e-08	-2.336651e+01	-6.352462e+02
4.900000e-07	-3.223050e-06	-1.058478e-08	-2.278035e+01	-6.281824e+02
5.000000e-07	-3.139084e-06	-1.046455e-08	-2.218688e+01	-6.209995e+02
5.100000e-07	-3.054249e-06	-1.034120e-08	-2.158727e+01	-6.137075e+02
5.200000e-07	-2.968488e-06	-1.020927e-08	-2.098111e+01	-6.063188e+02
5.300000e-07	-2.881720e-06	-1.008222e-08	-2.036785e+01	-5.988442e+02
5.400000e-07	-2.794011e-06	-9.959666e-09	-1.974792e+01	-5.912897e+02
5.500000e-07	-2.705392e-06	-9.832193e-09	-1.912157e+01	-5.836556e+02
5.600000e-07	-2.615670e-06	-9.698670e-09	-1.848742e+01	-5.759377e+02
5.700000e-07	-2.524748e-06	-9.564194e-09	-1.784478e+01	-5.681293e+02
5.800000e-07	-2.432853e-06	-9.436615e-09	-1.719528e+01	-5.602240e+02
5.900000e-07	-2.340205e-06	-9.302495e-09	-1.654045e+01	-5.522176e+02
6.000000e-07	-2.246853e-06	-9.160622e-09	-1.588063e+01	-5.441093e+02
6.100000e-07	-2.152717e-06	-9.020775e-09	-1.521529e+01	-5.359009e+02
6.200000e-07	-2.057819e-06	-8.886567e-09	-1.454456e+01	-5.275964e+02
6.300000e-07	-1.962224e-06	-8.749975e-09	-1.386890e+01	-5.191995e+02
6.400000e-07	-1.865971e-06	-8.602948e-09	-1.318858e+01	-5.107132e+02
6.500000e-07	-1.769021e-06	-8.456100e-09	-1.250335e+01	-5.021389e+02
6.600000e-07	-1.671267e-06	-8.314190e-09	-1.181243e+01	-4.934761e+02
6.700000e-07	-1.572726e-06	-8.172004e-09	-1.111594e+01	-4.847233e+02
6.800000e-07	-1.473500e-06	-8.023154e-09	-1.041462e+01	-4.758786e+02
6.900000e-07	-1.373712e-06	-7.870571e-09	-9.709322e+00	-4.669403e+02
7.000000e-07	-1.273488e-06	-7.721910e-09	-9.000946e+00	-4.579073e+02
7.100000e-07	-1.172904e-06	-7.569849e-09	-8.290022e+00	-4.487788e+02
7.200000e-07	-1.071989e-06	-7.409867e-09	-7.576761e+00	-4.395546e+02
7.300000e-07	-9.707462e-07	-7.248912e-09	-6.861183e+00	-4.302338e+02
7.400000e-07	-8.691895e-07	-7.095023e-09	-6.143385e+00	-4.208148e+02
7.500000e-07	-7.673276e-07	-6.940352e-09	-5.423430e+00	-4.112946e+02
7.600000e-07	-6.651688e-07	-6.777630e-09	-4.701377e+00	-4.016685e+02
7.700000e-07	-5.627659e-07	-6.611054e-09	-3.977600e+00	-3.919309e+02
7.800000e-07	-4.601685e-07	-6.445796e-09	-3.252446e+00	-3.820748e+02
7.900000e-07	-3.574203e-07	-6.280073e-09	-2.526228e+00	-3.720927e+02
8.000000e-07	-2.545593e-07	-6.107209e-09	-1.799212e+00	-3.619764e+02
8.100000e-07	-1.516242e-07	-5.931175e-09	-1.071672e+00	-3.517166e+02
8.200000e-07	-4.867043e-08	-5.758131e-09	-3.440000e-01	-3.413014e+02
8.300000e-07	5.432894e-08	-5.584562e-09	3.839941e-01	-3.307147e+02
8.400000e-07	1.573792e-07	-5.402321e-09	1.112348e+00	-3.199357e+02
8.500000e-07	2.603814e-07	-5.214535e-09	1.840362e+00	-3.089385e+02
8.600000e-07	3.632934e-07	-5.025778e-09	2.567738e+00	-2.976951e+02
8.700000e-07	4.660606e-07	-4.835296e-09	3.294092e+00	-2.861792e+02
8.800000e-07	5.686250e-07	-4.637142e-09	4.019011e+00	-2.743736e+02
8.900000e-07	6.709842e-07	-4.432326e-09	4.742481e+00	-2.622760e+02
9.000000e-07	7.731065e-07	-4.225204e-09	5.464276e+00	-2.499044e+02
9.100000e-07	8.749515e-07	-4.015048e-09	6.184110e+00	-2.372979e+02
9.200000e-07	9.765412e-07	-3.799748e-09	6.902141e+00	-2.245124e+02
9.300000e-07	1.077797e-06	-3.578531e-09	7.617811e+00	-2.116118e+02
9.400000e-07	1.178692e-06	-3.360545e-09	8.330933e+00	-1.986552e+02
9.500000e-07	1.279229e-06	-3.146992e-09	9.041522e+00	-1.856843e+02
9.600000e-07	1.379337e-06	-2.929845e-09	9.749078e+00	-1.727140e+02
9.700000e-07	1.478999e-06	-2.707228e-09	1.045349e+01	-1.597286e+02
9.800000e-07	1.578100e-06	-2.484477e-09	1.115393e+01	-1.466862e+02
9.900000e-07	1.676546e-06	-2.264101e-09	1.184974e+01	-1.335290e+02
1.000000e-06	1.774293e-06	-2.040861e-09	1.254061e+01	-1.201972e+02
1.010000e-06	1.871290e-06	-1.810305e-09	1.322618e+01	-1.066418e+02
1.020000e-06	1.967539e-06	-1.575384e-09	1.390646e+01	-9.283308e+01
1.030000e-06	2.063045e-06	-1.338174e-09	1.458149e+01	-7.876155e+01
1.040000e-06	2.157839e-06	-1.095669e-09	1.525149e+01	-6.443156e+01
1.050000e-06	2.251920e-06	-8.479367e-10	1.591645e+01	-4.985015e+01
1.060000e-06	2.345323e-06	-5.981711e-10	1.657662e+01	-3.501493e+01
1.070000e-06	2.438045e-06	-3.454528e-10	1.723197e+01	-1.990548e+01
1.080000e-06	2.529973e-06	-8.387282e-11	1.788172e+01	-4.481095e+00
1.090000e-06	2.620955e-06	1.876174e-10	1.852477e+01	1.131427e+01
1.100000e-06	2.710846e-06	4.635421e-10	1.916011e+01	2.754188e+01
1.110000e-06	2.799622e-06	7.429528e-10	1.978758e+01	4.425648e+01
1.120000e-06	2.887400e-06	1.029867e-09	2.040799e+01	6.149731e+01
1.130000e-06	2.974216e-06	1.330472e-09	2.102160e+01	7.928462e+01
1.140000e-06	3.060033e-06	1.643649e-09	2.162815e+01	9.762281e+01
1.150000e-06	3.144872e-06	1.963864e-09	2.222779e+01	1.165082e+02
1.160000e-06	3.228767e-06	2.291278e-09	2.282075e+01	1.359381e+02
1.170000e-06	3.311591e-06	2.629374e-09	2.340615e+01	1.559171e+02
1.180000e-06	3.393119e-06	2.978074e-09	2.398238e+01	1.764577e+02
1.190000e-06	3.473354e-06	3.335211e-09	2.454948e+01	1.975748e+02
1.200000e-06	3.552324e-06	3.701029e-09	2.510764e+01	2.192757e+02
1.210000e-06	3.630056e-06	4.076992e-09	2.565704e+01	2.415491e+02
1.220000e-06	3.706566e-06	4.464485e-09	2.619781e+01	2.643573e+02
1.230000e-06	3.781646e-06	4.858596e-09	2.672847e+01	2.876347e+02
1.240000e-06	3.855120e-06	5.255475e-09	2.724778e+01	3.112919e+02
1.250000e-06	3.927066e-06	5.657662e-09	2.775629e+01	3.352255e+02
1.260000e-06	3.997607e-06	6.067203e-09	2.825487e+01	3.593283e+02
1.270000e-06	4.066816e-06	6.480053e-09	2.874404e+01	3.834972e+02
1.280000e-06	4.134705e-06	6.888933e-09	2.922387e+01	4.076358e+02
1.290000e-06	4.201056e-06	7.292264e-09	2.969284e+01	4.316513e+02
1.300000e-06	4.265778e-06	7.692066e-09	3.015029e+01	4.554478e+02
1.310000e-06	4.328998e-06	8.086671e-09	3.059713e+01	4.789201e+02
1.320000e-06	4.390833e-06	8.473188e-09	3.103417e+01	5.019508e+02
1.330000e-06	4.451335e-06	8.850925e-09	3.146180e+01	5.244134e+02
1.340000e-06	4.510308e-06	9.219937e-09	3.187861e+01	5.461818e+02
1.350000e-06	4.567512e-06	9.575766e-09	3.228293e+01	5.671427e+02
1.360000e-06	4.623014e-06	9.914105e-09	3.267521e+01	5.872083e+02
1.370000e-06	4.676916e-06	1.023373e-08	3.305619e+01	6.063237e+02
1.380000e-06	4.728984e-06	1.053672e-08	3.342420e+01	6.244676e+02
1.390000e-06	4.778951e-06	1.082489e-08	3.377737e+01	6.416460e+02
1.400000e-06	4.826968e-06	1.109546e-08	3.411675e+01	6.578800e+02
1.410000e-06	4.873288e-06	1.134952e-08	3.444414e+01	6.731938e+02
1.420000e-06	4.918029e-06	1.159171e-08	3.476037e+01	6.876046e+02
1.430000e-06	4.961051e-06	1.182417e-08	3.506445e+01	7.011190e+02
1.440000e-06	5.002111e-06	1.204004e-08	3.535465e+01	7.137359e+02
1.450000e-06	5.041377e-06	1.223434e-08	3.563218e+01	7.254535e+02
1.460000e-06	5.079059e-06	1.241094e-08	3.589852e+01	7.362781e+02
1.470000e-06	5.115120e-06	1.257474e-08	3.615339e+01	7.462316e+02
1.480000e-06	5.149250e-06	1.272523e-08	3.639463e+01	7.553529e+02
1.490000e-06	5.181400e-06	1.286160e-08	3.662186e+01	7.636951e+02
1.500000e-06	5.211842e-06	1.298839e-08	3.683702e+01	7.713189e+02
1.510000e-06	5.240627e-06	1.310673e-08	3.704047e+01	7.782835e+02
1.520000e-06	5.267554e-06	1.321351e-08	3.723079e+01	7.846407e+02
1.530000e-06	5.292404e-06	1.330718e-08	3.740643e+01	7.904307e+02
1.540000e-06	5.315323e-06	1.339376e-08	3.756842e+01	7.956829e+02
1.550000e-06	5.336523e-06	1.347539e-08	3.771826e+01	8.004199e+02
1.560000e-06	5.355940e-06	1.354725e-08	3.785550e+01	8.046615e+02
1.570000e-06	5.373375e-06	1.360752e-08	3.797873e+01	8.084291e+02
1.580000e-06	5.388852e-06	1.366070e-08	3.808812e+01	8.117465e+02
1.590000e-06	5.402424e-06	1.370974e-08	3.818404e+01	8.146397e+02
1.600000e-06	5.413889e-06	1.375127e-08	3.826508e+01	8.171347e+02
1.610000e-06	5.423143e-06	1.378568e-08	3.833049e+01	8.192546e+02
1.620000e-06	5.430429e-06	1.381603e-08	3.838198e+01	8.210192e+02
1.630000e-06	5.435979e-06	1.384317e-08	3.842121e+01	8.224441e+02
1.640000e-06	5.439753e-06	1.386339e-08	3.844789e+01	8.235429e+02
1.650000e-06	5.441467e-06	1.387397e-08	3.846000e+01	8.243283e+02
1.660000e-06	5.441213e-06	1.388148e-08	3.845820e+01	8.248131e+02
1.670000e-06	5.439298e-06	1.388837e-08	3.844467e+01	8.250105e+02
1.680000e-06	5.435763e-06	1.388621e-08	3.841968e+01	8.249326e+02
1.690000e-06	5.430447e-06	1.387933e-08	3.838211e+01	8.245907e+02
1.700000e-06	5.423212e-06	1.386980e-08	3.833097e+01	8.239951e+02
1.710000e-06	5.414258e-06	1.385751e-08	3.826769e+01	8.231573e+02
1.720000e-06	5.403654e-06	1.383875e-08	3.819274e+01	8.220922e+02
1.730000e-06	5.391242e-06	1.380794e-08	3.810501e+01	8.208209e+02
1.740000e-06	5.376840e-06	1.382181e-08	3.800322e+01	8.193705e+02
1.750000e-06	5.360392e-06	1.383077e-08	3.788697e+01	8.177724e+02
1.760000e-06	5.341616e-06	1.377368e-08	3.775426e+01	8.160557e+02
1.770000e-06	5.320244e-06	1.371666e-08	3.760320e+01	8.142409e+02
1.780000e-06	5.296697e-06	1.363742e-08	3.743677e+01	8.123325e+02
1.790000e-06	5.271803e-06	1.364447e-08	3.726082e+01	8.103164e+02
1.800000e-06	5.245881e-06	1.371349e-08	3.707761e+01	8.081611e+02
1.810000e-06	5.218311e-06	1.354954e-08	3.688275e+01	8.058245e+02
1.820000e-06	5.188645e-06	1.349172e-08	3.667306e+01	8.032653e+02
1.830000e-06	5.157194e-06	1.357769e-08	3.645077e+01	8.004536e+02
1.840000e-06	5.123920e-06	1.344919e-08	3.621560e+01	7.973799e+02
1.850000e-06	5.088919e-06	1.342042e-08	3.596821e+01	7.940573e+02
1.860000e-06	5.052359e-06	1.337399e-08	3.570980e+01	7.905187e+02
1.870000e-06	5.013784e-06	1.320862e-08	3.543716e+01	7.868067e+02
1.880000e-06	4.973360e-06	1.323315e-08	3.515144e+01	7.829628e+02
1.890000e-06	4.931301e-06	1.315775e-08	3.485417e+01	7.790167e+02
1.900000e-06	4.887626e-06	1.303626e-08	3.454548e+01	7.749804e+02
1.910000e-06	4.842333e-06	1.301549e-08	3.422535e+01	7.708488e+02
1.920000e-06	4.795030e-06	1.289755e-08	3.389102e+01	7.666047e+02
1.930000e-06	4.745915e-06	1.286537e-08	3.354387e+01	7.622279e+02
1.940000e-06	4.695203e-06	1.273946e-08	3.318544e+01	7.577033e+02
1.950000e-06	4.642524e-06	1.260082e-08	3.281311e+01	7.530262e+02
1.960000e-06	4.587857e-06	1.261011e-08	3.242673e+01	7.482029e+02
1.970000e-06	4.531396e-06	1.252457e-08	3.202767e+01	7.432461e+02
1.980000e-06	4.473444e-06	1.245618e-08	3.161806e+01	7.381689e+02
1.990000e-06	4.414122e-06	1.232083e-08	3.119878e+01	7.329780e+02
2.000000e-06	4.353117e-06	1.223981e-08	3.076760e+01	7.276706e+02
2.010000e-06	4.290351e-06	1.220378e-08	3.032397e+01	7.222354e+02
2.020000e-06	4.226023e-06	1.204106e-08	2.986930e+01	7.166570e+02
2.030000e-06	4.160289e-06	1.196462e-08	2.940470e+01	7.109222e+02
2.040000e-06	4.093149e-06	1.186181e-08	2.893016e+01	7.050268e+02
2.050000e-06	4.024521e-06	1.178030e-08	2.844510e+01	6.989774e+02
2.060000e-06	3.954235e-06	1.167743e-08	2.794832e+01	6.927914e+02
2.070000e-06	3.882420e-06	1.152185e-08	2.744074e+01	6.864919e+02
2.080000e-06	3.809291e-06	1.146364e-08	2.692386e+01	6.801009e+02
2.090000e-06	3.734739e-06	1.135344e-08	2.639694e+01	6.736336e+02
2.100000e-06	3.658747e-06	1.124489e-08	2.585983e+01	6.670944e+02
2.110000e-06	3.581167e-06	1.110455e-08	2.531150e+01	6.604770e+02
2.120000e-06	3.502073e-06	1.098990e-08	2.475246e+01	6.537681e+02
2.130000e-06	3.421815e-06	1.091104e-08	2.418520e+01	6.469522e+02
2.140000e-06	3.340437e-06	1.077116e-08	2.361003e+01	6.400177e+02
2.150000e-06	3.257995e-06	1.065369e-08	2.302733e+01	6.329601e+02
2.160000e-06	3.174552e-06	1.052253e-08	2.243757e+01	6.257831e+02
2.170000e-06	3.089965e-06	1.042915e-08	2.183971e+01	6.184967e+02
2.180000e-06	3.003987e-06	1.030692e-08	2.123202e+01	6.111132e+02
2.190000e-06	2.916766e-06	1.015551e-08	2.061555e+01	6.036434e+02
2.200000e-06	2.828616e-06	1.003219e-08	1.999250e+01	5.960935e+02
2.210000e-06	2.739528e-06	9.911505e-09	1.936284e+01	5.884642e+02
2.220000e-06	2.649560e-06	9.791168e-09	1.872695e+01	5.807513e+02
2.230000e-06	2.558778e-06	9.636179e-09	1.808530e+01	5.729481e+02
2.240000e-06	2.467245e-06	9.508550e-09	1.743836e+01	5.650482e+02
2.250000e-06	2.374840e-06	9.395425e-09	1.678524e+01	5.570474e+02
2.260000e-06	2.281376e-06	9.261562e-09	1.612464e+01	5.489445e+02
2.270000e-06	2.186909e-06	9.105225e-09	1.545695e+01	5.407416e+02
2.280000e-06	2.091562e-06	8.954775e-09	1.478305e+01	5.324423e+02
2.290000e-06	1.995620e-06	8.829176e-09	1.410493e+01	5.240505e+02
2.300000e-06	1.899149e-06	8.689207e-09	1.342309e+01	5.155693e+02
2.310000e-06	1.801994e-06	8.530477e-09	1.273640e+01	5.070000e+02
2.320000e-06	1.704173e-06	8.380249e-09	1.204500e+01	4.983422e+02
2.330000e-06	1.605810e-06	8.248258e-09	1.134978e+01	4.895946e+02
2.340000e-06	1.507010e-06	8.102687e-09	1.065146e+01	4.807551e+02
2.350000e-06	1.407748e-06	7.938352e-09	9.949887e+00	4.718220e+02
2.360000e-06	1.308024e-06	7.780272e-09	9.245042e+00	4.627943e+02
2.370000e-06	1.207882e-06	7.640354e-09	8.537245e+00	4.536711e+02
2.380000e-06	1.107315e-06	7.490011e-09	7.826443e+00	4.444522e+02
2.390000e-06	1.006328e-06	7.318624e-09	7.112675e+00	4.351368e+02
2.400000e-06	9.049217e-07	7.152532e-09	6.395938e+00	4.257232e+02
2.410000e-06	8.030821e-07	7.002389e-09	5.676142e+00	4.162085e+02
2.420000e-06	7.008246e-07	6.848039e-09	4.953391e+00	4.065882e+02
2.430000e-06	5.982689e-07	6.673334e-09	4.228533e+00	3.968566e+02
2.440000e-06	4.955266e-07	6.500815e-09	3.502356e+00	3.870067e+02
2.450000e-06	3.925798e-07	6.340286e-09	2.774733e+00	3.770311e+02
2.460000e-06	2.894513e-07	6.178409e-09	2.045826e+00	3.669217e+02
2.470000e-06	1.862244e-07	5.999469e-09	1.316224e+00	3.566691e+02
2.480000e-06	8.293787e-08	5.816191e-09	5.862005e-01	3.462615e+02
2.490000e-06	-2.040805e-08	5.644082e-09	-1.442430e-01	3.356831e+02
2.500000e-06	-1.237316e-07	5.468653e-09	-8.745282e-01	3.249133e+02
2.510000e-06	-2.269185e-07	5.277334e-09	-1.603848e+00	3.139263e+02
2.520000e-06	-3.300005e-07	5.077826e-09	-2.332426e+00	3.026940e+02
2.530000e-06	-4.329378e-07	4.887805e-09	-3.059981e+00	2.911901e+02
2.540000e-06	-5.356491e-07	4.698142e-09	-3.785939e+00	2.793969e+02
2.550000e-06	-6.381241e-07	4.491636e-09	-4.510227e+00	2.673114e+02
2.560000e-06	-7.403024e-07	4.274353e-09	-5.232418e+00	2.549509e+02
2.570000e-06	-8.421913e-07	4.061388e-09	-5.952563e+00	2.423538e+02
2.580000e-06	-9.437029e-07	3.852800e-09	-6.670042e+00	2.295754e+02
2.590000e-06	-1.044699e-06	3.635170e-09	-7.383879e+00	2.166797e+02
2.600000e-06	-1.145253e-06	3.411398e-09	-8.094590e+00	2.037262e+02
2.610000e-06	-1.245396e-06	3.194871e-09	-8.802392e+00	1.907573e+02
2.620000e-06	-1.345112e-06	2.982735e-09	-9.507178e+00	1.777889e+02
2.630000e-06	-1.444361e-06	2.763480e-09	-1.020867e+01	1.648065e+02
2.640000e-06	-1.543071e-06	2.537087e-09	-1.090634e+01	1.517689e+02
2.650000e-06	-1.641292e-06	2.315092e-09	-1.160056e+01	1.386188e+02
2.660000e-06	-1.739002e-06	2.097251e-09	-1.229117e+01	1.252960e+02
2.670000e-06	-1.836131e-06	1.871583e-09	-1.297768e+01	1.117511e+02
2.680000e-06	-1.932630e-06	1.636236e-09	-1.365973e+01	9.795363e+01
2.690000e-06	-2.028483e-06	1.399948e-09	-1.433721e+01	8.389335e+01
2.700000e-06	-2.123711e-06	1.162656e-09	-1.501028e+01	6.957433e+01
2.710000e-06	-2.218209e-06	9.174429e-10	-1.567818e+01	5.500372e+01
2.720000e-06	-2.311843e-06	6.637228e-10	-1.633998e+01	4.017968e+01
2.730000e-06	-2.404546e-06	4.100974e-10	-1.699520e+01	2.508249e+01
2.740000e-06	-2.496290e-06	1.582622e-10	-1.764365e+01	9.672128e+00
2.750000e-06	-2.587131e-06	-1.039851e-10	-1.828571e+01	-6.107054e+00
2.760000e-06	-2.677042e-06	-3.812842e-10	-1.892119e+01	-2.231633e+01
2.770000e-06	-2.765991e-06	-6.670206e-10	-1.954988e+01	-3.901088e+01
2.780000e-06	-2.854037e-06	-9.548995e-10	-2.017218e+01	-5.623057e+01
2.790000e-06	-2.941142e-06	-1.249811e-09	-2.078784e+01	-7.399634e+01
2.800000e-06	-3.027180e-06	-1.557429e-09	-2.139594e+01	-9.231302e+01
2.810000e-06	-3.112032e-06	-1.874963e-09	-2.199567e+01	-1.111771e+02
2.820000e-06	-3.195728e-06	-2.197575e-09	-2.258724e+01	-1.305856e+02
2.830000e-06	-3.278326e-06	-2.528896e-09	-2.317103e+01	-1.505429e+02
2.840000e-06	-3.359835e-06	-2.876115e-09	-2.374713e+01	-1.710613e+02
2.850000e-06	-3.440259e-06	-3.236170e-09	-2.431557e+01	-1.921558e+02
2.860000e-06	-3.519490e-06	-3.599226e-09	-2.487557e+01	-2.138340e+02
2.870000e-06	-3.597298e-06	-3.968284e-09	-2.542551e+01	-2.360855e+02
2.880000e-06	-3.673555e-06	-4.351928e-09	-2.596449e+01	-2.588738e+02
2.890000e-06	-3.748359e-06	-4.744276e-09	-2.649320e+01	-2.821339e+02
2.900000e-06	-3.821856e-06	-5.138102e-09	-2.701268e+01	-3.057774e+02
2.910000e-06	-3.894079e-06	-5.534566e-09	-2.752314e+01	-3.297011e+02
2.920000e-06	-3.964876e-06	-5.939044e-09	-2.802353e+01	-3.537978e+02
2.930000e-06	-4.034083e-06	-6.349620e-09	-2.851269e+01	-3.779642e+02
2.940000e-06	-4.101751e-06	-6.756752e-09	-2.899096e+01	-4.021036e+02
2.950000e-06	-4.168028e-06	-7.157786e-09	-2.945940e+01	-4.261232e+02
2.960000e-06	-4.232989e-06	-7.557701e-09	-2.991854e+01	-4.499274e+02
2.970000e-06	-4.296550e-06	-7.955524e-09	-3.036779e+01	-4.734113e+02
2.980000e-06	-4.358459e-06	-8.341582e-09	-3.080536e+01	-4.964580e+02
2.990000e-06	-4.418624e-06	-8.714252e-09	-3.123060e+01	-5.189413e+02
3.000000e-06	-4.477210e-06	-9.080791e-09	-3.164468e+01	-5.407346e+02
3.010000e-06	-4.534366e-06	-9.439277e-09	-3.204866e+01	-5.617242e+02
3.020000e-06	-4.589979e-06	-9.779865e-09	-3.244172e+01	-5.818211e+02
3.030000e-06	-4.643719e-06	-1.010050e-08	-3.282156e+01	-6.009691e+02
3.040000e-06	-4.695502e-06	-1.040772e-08	-3.318756e+01	-6.191459e+02
3.050000e-06	-4.745430e-06	-1.070252e-08	-3.354045e+01	-6.363565e+02
3.060000e-06	-4.793371e-06	-1.097646e-08	-3.387929e+01	-6.526219e+02
3.070000e-06	-4.839441e-06	-1.123074e-08	-3.420491e+01	-6.679663e+02
3.080000e-06	-4.883945e-06	-1.147390e-08	-3.451946e+01	-6.824073e+02
3.090000e-06	-4.926902e-06	-1.170729e-08	-3.482308e+01	-6.959519e+02
3.100000e-06	-4.968352e-06	-1.192300e-08	-3.511605e+01	-7.085991e+02
3.110000e-06	-5.008224e-06	-1.211872e-08	-3.539786e+01	-7.203468e+02
3.120000e-06	-5.046259e-06	-1.230136e-08	-3.566669e+01	-7.312012e+02
3.130000e-06	-5.082362e-06	-1.247233e-08	-3.592187e+01	-7.411834e+02
3.140000e-06	-5.116681e-06	-1.262877e-08	-3.616443e+01	-7.503316e+02
3.150000e-06	-5.149269e-06	-1.277106e-08	-3.639476e+01	-7.586988e+02
3.160000e-06	-5.180035e-06	-1.290295e-08	-3.661221e+01	-7.663452e+02
3.170000e-06	-5.208850e-06	-1.302514e-08	-3.681588e+01	-7.733306e+02
3.180000e-06	-5.235789e-06	-1.313249e-08	-3.700628e+01	-7.797069e+02
3.190000e-06	-5.260971e-06	-1.322835e-08	-3.718426e+01	-7.855146e+02
3.200000e-06	-5.284371e-06	-1.331924e-08	-3.734965e+01	-7.907838e+02
3.210000e-06	-5.305749e-06	-1.340402e-08	-3.750075e+01	-7.955369e+02
3.220000e-06	-5.325165e-06	-1.347783e-08	-3.763798e+01	-7.997940e+02
3.230000e-06	-5.342874e-06	-1.354029e-08	-3.776315e+01	-8.035762e+02
3.240000e-06	-5.358741e-06	-1.359595e-08	-3.787530e+01	-8.069074e+02
3.250000e-06	-5.372422e-06	-1.364573e-08	-3.797200e+01	-8.098134e+02
3.260000e-06	-5.383878e-06	-1.368665e-08	-3.805297e+01	-8.123203e+02
3.270000e-06	-5.393437e-06	-1.371955e-08	-3.812053e+01	-8.144515e+02
3.280000e-06	-5.401202e-06	-1.375041e-08	-3.817541e+01	-8.162265e+02
3.290000e-06	-5.407010e-06	-1.377875e-08	-3.821646e+01	-8.176614e+02
3.300000e-06	-5.410791e-06	-1.379917e-08	-3.824318e+01	-8.187698e+02
3.310000e-06	-5.412752e-06	-1.381249e-08	-3.825704e+01	-8.195643e+02
3.320000e-06	-5.412980e-06	-1.382105e-08	-3.825865e+01	-8.200578e+02
