# Temperatura_=_47.53
# Concentracion g/m^3_=_22000.0
# C_Vs_to_Am_M_A/Vsm_=_59384043850.047264
# pendiente_HvsI_1/m_=_3716.3
# ordenada_HvsI_A/m_=_1297.0
# frecuencia_Hz_=_301134.3973522687

Tiempo_(s)	Campo_(V.s)	Magnetizacion_(V.s)	Campo_(kA/m)	Magnetizacion_(A/m)
0.000000e+00	-5.342392e-06	-1.749145e-08	-3.825510e+01	-1.037816e+03
1.000000e-08	-5.339878e-06	-1.748768e-08	-3.823710e+01	-1.037829e+03
2.000000e-08	-5.335533e-06	-1.748432e-08	-3.820598e+01	-1.037629e+03
3.000000e-08	-5.329600e-06	-1.747852e-08	-3.816350e+01	-1.037234e+03
4.000000e-08	-5.322083e-06	-1.746809e-08	-3.810967e+01	-1.036641e+03
5.000000e-08	-5.312777e-06	-1.745419e-08	-3.804303e+01	-1.035839e+03
6.000000e-08	-5.301416e-06	-1.744465e-08	-3.796168e+01	-1.034812e+03
7.000000e-08	-5.288080e-06	-1.743078e-08	-3.786618e+01	-1.033553e+03
8.000000e-08	-5.272612e-06	-1.736648e-08	-3.775543e+01	-1.032074e+03
9.000000e-08	-5.254689e-06	-1.730403e-08	-3.762709e+01	-1.030406e+03
1.000000e-07	-5.234597e-06	-1.730147e-08	-3.748321e+01	-1.028596e+03
1.100000e-07	-5.212741e-06	-1.730145e-08	-3.732671e+01	-1.026694e+03
1.200000e-07	-5.189431e-06	-1.731258e-08	-3.715979e+01	-1.024735e+03
1.300000e-07	-5.164977e-06	-1.727412e-08	-3.698469e+01	-1.022733e+03
1.400000e-07	-5.138984e-06	-1.713149e-08	-3.679856e+01	-1.020669e+03
1.500000e-07	-5.111026e-06	-1.712880e-08	-3.659836e+01	-1.018501e+03
1.600000e-07	-5.081434e-06	-1.714548e-08	-3.638646e+01	-1.016170e+03
1.700000e-07	-5.050219e-06	-1.702218e-08	-3.616294e+01	-1.013625e+03
1.800000e-07	-5.017052e-06	-1.697718e-08	-3.592544e+01	-1.010832e+03
1.900000e-07	-4.982010e-06	-1.694595e-08	-3.567452e+01	-1.007788e+03
2.000000e-07	-4.945275e-06	-1.691631e-08	-3.541147e+01	-1.004520e+03
2.100000e-07	-4.906833e-06	-1.688809e-08	-3.513620e+01	-1.001075e+03
2.200000e-07	-4.866726e-06	-1.675561e-08	-3.484901e+01	-9.975051e+02
2.300000e-07	-4.824777e-06	-1.667435e-08	-3.454863e+01	-9.938498e+02
2.400000e-07	-4.780885e-06	-1.666393e-08	-3.423433e+01	-9.901262e+02
2.500000e-07	-4.735258e-06	-1.660355e-08	-3.390761e+01	-9.863239e+02
2.600000e-07	-4.687934e-06	-1.653604e-08	-3.356874e+01	-9.824110e+02
2.700000e-07	-4.638811e-06	-1.644823e-08	-3.321699e+01	-9.783473e+02
2.800000e-07	-4.587595e-06	-1.638929e-08	-3.285024e+01	-9.740988e+02
2.900000e-07	-4.534312e-06	-1.633853e-08	-3.246870e+01	-9.696501e+02
3.000000e-07	-4.479377e-06	-1.621790e-08	-3.207533e+01	-9.650088e+02
3.100000e-07	-4.422994e-06	-1.611135e-08	-3.167159e+01	-9.602021e+02
3.200000e-07	-4.364991e-06	-1.606557e-08	-3.125625e+01	-9.552659e+02
3.300000e-07	-4.305251e-06	-1.602168e-08	-3.082847e+01	-9.502310e+02
3.400000e-07	-4.244045e-06	-1.590339e-08	-3.039020e+01	-9.451120e+02
3.500000e-07	-4.181461e-06	-1.579005e-08	-2.994205e+01	-9.399020e+02
3.600000e-07	-4.117436e-06	-1.572989e-08	-2.948359e+01	-9.345748e+02
3.700000e-07	-4.051850e-06	-1.564092e-08	-2.901395e+01	-9.290950e+02
3.800000e-07	-3.984566e-06	-1.552204e-08	-2.853215e+01	-9.234306e+02
3.900000e-07	-3.915800e-06	-1.540932e-08	-2.803974e+01	-9.175644e+02
4.000000e-07	-3.845777e-06	-1.533141e-08	-2.753833e+01	-9.115002e+02
4.100000e-07	-3.774481e-06	-1.524953e-08	-2.702780e+01	-9.052611e+02
4.200000e-07	-3.701914e-06	-1.511926e-08	-2.650817e+01	-8.988811e+02
4.300000e-07	-3.627934e-06	-1.499334e-08	-2.597843e+01	-8.923931e+02
4.400000e-07	-3.552323e-06	-1.489805e-08	-2.543701e+01	-8.858170e+02
4.500000e-07	-3.475178e-06	-1.480310e-08	-2.488459e+01	-8.791535e+02
4.600000e-07	-3.396727e-06	-1.467490e-08	-2.432283e+01	-8.723844e+02
4.700000e-07	-3.316956e-06	-1.454470e-08	-2.375162e+01	-8.654792e+02
4.800000e-07	-3.235822e-06	-1.444267e-08	-2.317065e+01	-8.584065e+02
4.900000e-07	-3.153494e-06	-1.433237e-08	-2.258112e+01	-8.511449e+02
5.000000e-07	-3.070083e-06	-1.419109e-08	-2.198384e+01	-8.436901e+02
5.100000e-07	-2.985751e-06	-1.404889e-08	-2.137997e+01	-8.360549e+02
5.200000e-07	-2.900589e-06	-1.393612e-08	-2.077015e+01	-8.282629e+02
5.300000e-07	-2.814489e-06	-1.382089e-08	-2.015362e+01	-8.203388e+02
5.400000e-07	-2.727443e-06	-1.367273e-08	-1.953031e+01	-8.122969e+02
5.500000e-07	-2.639548e-06	-1.352156e-08	-1.890093e+01	-8.041349e+02
5.600000e-07	-2.550795e-06	-1.339297e-08	-1.826540e+01	-7.958328e+02
5.700000e-07	-2.461010e-06	-1.326242e-08	-1.762248e+01	-7.873591e+02
5.800000e-07	-2.370053e-06	-1.310164e-08	-1.697117e+01	-7.786808e+02
5.900000e-07	-2.278112e-06	-1.293756e-08	-1.631280e+01	-7.697744e+02
6.000000e-07	-2.185520e-06	-1.279973e-08	-1.564979e+01	-7.606326e+02
6.100000e-07	-2.092261e-06	-1.265860e-08	-1.498199e+01	-7.512666e+02
6.200000e-07	-1.998258e-06	-1.248730e-08	-1.430887e+01	-7.417000e+02
6.300000e-07	-1.903625e-06	-1.230656e-08	-1.363123e+01	-7.319596e+02
6.400000e-07	-1.808352e-06	-1.214917e-08	-1.294901e+01	-7.220643e+02
6.500000e-07	-1.712391e-06	-1.199439e-08	-1.226186e+01	-7.120173e+02
6.600000e-07	-1.615841e-06	-1.181191e-08	-1.157050e+01	-7.018043e+02
6.700000e-07	-1.518706e-06	-1.162095e-08	-1.087495e+01	-6.913971e+02
6.800000e-07	-1.420903e-06	-1.145114e-08	-1.017461e+01	-6.807624e+02
6.900000e-07	-1.322428e-06	-1.128451e-08	-9.469468e+00	-6.698723e+02
7.000000e-07	-1.223293e-06	-1.109052e-08	-8.759595e+00	-6.587113e+02
7.100000e-07	-1.123642e-06	-1.088694e-08	-8.046030e+00	-6.472785e+02
7.200000e-07	-1.023678e-06	-1.069871e-08	-7.330220e+00	-6.355842e+02
7.300000e-07	-9.234840e-07	-1.051081e-08	-6.612762e+00	-6.236420e+02
7.400000e-07	-8.230264e-07	-1.029590e-08	-5.893419e+00	-6.114594e+02
7.500000e-07	-7.222960e-07	-1.007270e-08	-5.172122e+00	-5.990317e+02
7.600000e-07	-6.213352e-07	-9.866597e-09	-4.449175e+00	-5.863396e+02
7.700000e-07	-5.201538e-07	-9.660947e-09	-3.724649e+00	-5.733537e+02
7.800000e-07	-4.188219e-07	-9.432846e-09	-2.999044e+00	-5.600412e+02
7.900000e-07	-3.173690e-07	-9.194477e-09	-2.272574e+00	-5.463736e+02
8.000000e-07	-2.157508e-07	-8.965132e-09	-1.544920e+00	-5.323319e+02
8.100000e-07	-1.140562e-07	-8.731848e-09	-8.167185e-01	-5.179054e+02
8.200000e-07	-1.233496e-08	-8.474443e-09	-8.832652e-02	-5.030868e+02
8.300000e-07	8.938919e-08	-8.204728e-09	6.400863e-01	-4.878637e+02
8.400000e-07	1.910953e-07	-7.945672e-09	1.368370e+00	-4.722112e+02
8.500000e-07	2.927581e-07	-7.687994e-09	2.096343e+00	-4.560895e+02
8.600000e-07	3.942792e-07	-7.410082e-09	2.823302e+00	-4.394478e+02
8.700000e-07	4.956356e-07	-7.115359e-09	3.549082e+00	-4.222347e+02
8.800000e-07	5.968018e-07	-6.820222e-09	4.273500e+00	-4.044115e+02
8.900000e-07	6.978122e-07	-6.515547e-09	4.996802e+00	-3.859644e+02
9.000000e-07	7.986342e-07	-6.185291e-09	5.718754e+00	-3.669094e+02
9.100000e-07	8.991427e-07	-5.841497e-09	6.438462e+00	-3.472895e+02
9.200000e-07	9.993587e-07	-5.504660e-09	7.156076e+00	-3.271622e+02
9.300000e-07	1.099327e-06	-5.171993e-09	7.871917e+00	-3.065812e+02
9.400000e-07	1.198988e-06	-4.823578e-09	8.585554e+00	-2.855795e+02
9.500000e-07	1.298173e-06	-4.459310e-09	9.295785e+00	-2.641562e+02
9.600000e-07	1.396773e-06	-4.092961e-09	1.000183e+01	-2.422748e+02
9.700000e-07	1.494726e-06	-3.720389e-09	1.070324e+01	-2.198704e+02
9.800000e-07	1.591975e-06	-3.324344e-09	1.139961e+01	-1.968655e+02
9.900000e-07	1.688556e-06	-2.909570e-09	1.209119e+01	-1.731883e+02
1.000000e-06	1.784528e-06	-2.498206e-09	1.277841e+01	-1.487873e+02
1.010000e-06	1.879943e-06	-2.088041e-09	1.346165e+01	-1.236392e+02
1.020000e-06	1.974750e-06	-1.658325e-09	1.414053e+01	-9.774622e+01
1.030000e-06	2.068846e-06	-1.207954e-09	1.481432e+01	-7.112690e+01
1.040000e-06	2.162244e-06	-7.525767e-10	1.548311e+01	-4.380363e+01
1.050000e-06	2.255000e-06	-2.882932e-10	1.614731e+01	-1.579244e+01
1.060000e-06	2.347117e-06	2.033819e-10	1.680692e+01	1.290051e+01
1.070000e-06	2.438473e-06	7.157699e-10	1.746109e+01	4.227443e+01
1.080000e-06	2.528771e-06	1.225927e-09	1.810769e+01	7.232297e+01
1.090000e-06	2.617914e-06	1.732448e-09	1.874601e+01	1.030211e+02
1.100000e-06	2.706097e-06	2.253092e-09	1.937746e+01	1.343151e+02
1.110000e-06	2.793413e-06	2.791771e-09	2.000270e+01	1.661190e+02
1.120000e-06	2.879815e-06	3.335263e-09	2.062140e+01	1.983199e+02
1.130000e-06	2.965248e-06	3.880420e-09	2.123316e+01	2.307898e+02
1.140000e-06	3.049764e-06	4.433966e-09	2.183835e+01	2.633990e+02
1.150000e-06	3.133342e-06	4.991170e-09	2.243682e+01	2.960283e+02
1.160000e-06	3.215761e-06	5.540646e-09	2.302700e+01	3.285742e+02
1.170000e-06	3.296921e-06	6.081076e-09	2.360816e+01	3.609466e+02
1.180000e-06	3.376898e-06	6.620226e-09	2.418084e+01	3.930609e+02
1.190000e-06	3.455647e-06	7.159938e-09	2.474474e+01	4.248282e+02
1.200000e-06	3.533145e-06	7.690716e-09	2.529968e+01	4.561489e+02
1.210000e-06	3.609457e-06	8.206845e-09	2.584613e+01	4.869121e+02
1.220000e-06	3.684357e-06	8.710896e-09	2.638246e+01	5.170025e+02
1.230000e-06	3.757669e-06	9.205235e-09	2.690742e+01	5.463129e+02
1.240000e-06	3.829565e-06	9.684597e-09	2.742225e+01	5.747565e+02
1.250000e-06	3.900135e-06	1.014605e-08	2.792757e+01	6.022766e+02
1.260000e-06	3.969418e-06	1.059345e-08	2.842368e+01	6.288478e+02
1.270000e-06	4.037465e-06	1.102844e-08	2.891095e+01	6.544693e+02
1.280000e-06	4.104000e-06	1.144882e-08	2.938738e+01	6.791530e+02
1.290000e-06	4.168878e-06	1.185054e-08	2.985195e+01	7.029088e+02
1.300000e-06	4.232275e-06	1.223321e-08	3.030592e+01	7.257351e+02
1.310000e-06	4.294260e-06	1.259975e-08	3.074977e+01	7.476153e+02
1.320000e-06	4.354917e-06	1.294999e-08	3.118411e+01	7.685228e+02
1.330000e-06	4.414147e-06	1.328286e-08	3.160824e+01	7.884319e+02
1.340000e-06	4.471685e-06	1.359894e-08	3.202025e+01	8.073300e+02
1.350000e-06	4.527544e-06	1.390084e-08	3.242024e+01	8.252264e+02
1.360000e-06	4.581797e-06	1.418805e-08	3.280873e+01	8.421545e+02
1.370000e-06	4.634289e-06	1.445888e-08	3.318461e+01	8.581654e+02
1.380000e-06	4.684712e-06	1.471380e-08	3.354567e+01	8.733163e+02
1.390000e-06	4.733187e-06	1.495446e-08	3.389278e+01	8.876576e+02
1.400000e-06	4.779997e-06	1.518237e-08	3.422797e+01	9.012227e+02
1.410000e-06	4.825203e-06	1.539697e-08	3.455167e+01	9.140249e+02
1.420000e-06	4.868814e-06	1.559708e-08	3.486396e+01	9.260626e+02
1.430000e-06	4.910594e-06	1.578451e-08	3.516313e+01	9.373292e+02
1.440000e-06	4.950540e-06	1.596092e-08	3.544917e+01	9.478250e+02
1.450000e-06	4.988872e-06	1.612502e-08	3.572366e+01	9.575668e+02
1.460000e-06	5.025568e-06	1.627704e-08	3.598643e+01	9.665904e+02
1.470000e-06	5.060453e-06	1.641801e-08	3.623623e+01	9.749466e+02
1.480000e-06	5.093421e-06	1.654801e-08	3.647230e+01	9.826913e+02
1.490000e-06	5.124589e-06	1.666531e-08	3.669548e+01	9.898750e+02
1.500000e-06	5.154132e-06	1.677252e-08	3.690703e+01	9.965341e+02
1.510000e-06	5.181954e-06	1.687310e-08	3.710625e+01	1.002689e+03
1.520000e-06	5.207766e-06	1.696907e-08	3.729108e+01	1.008345e+03
1.530000e-06	5.231564e-06	1.705785e-08	3.746149e+01	1.013505e+03
1.540000e-06	5.253578e-06	1.713765e-08	3.761913e+01	1.018174e+03
1.550000e-06	5.273942e-06	1.720869e-08	3.776495e+01	1.022367e+03
1.560000e-06	5.292474e-06	1.727073e-08	3.789765e+01	1.026110e+03
1.570000e-06	5.309019e-06	1.732463e-08	3.801613e+01	1.029439e+03
1.580000e-06	5.323666e-06	1.737142e-08	3.812101e+01	1.032385e+03
1.590000e-06	5.336409e-06	1.741362e-08	3.821226e+01	1.034974e+03
1.600000e-06	5.346995e-06	1.745285e-08	3.828806e+01	1.037218e+03
1.610000e-06	5.355442e-06	1.748709e-08	3.834854e+01	1.039118e+03
1.620000e-06	5.362092e-06	1.751271e-08	3.839616e+01	1.040671e+03
1.630000e-06	5.367044e-06	1.753323e-08	3.843162e+01	1.041874e+03
1.640000e-06	5.370055e-06	1.754719e-08	3.845318e+01	1.042739e+03
1.650000e-06	5.371007e-06	1.755421e-08	3.846000e+01	1.043287e+03
1.660000e-06	5.370179e-06	1.755965e-08	3.845407e+01	1.043553e+03
1.670000e-06	5.367764e-06	1.756024e-08	3.843677e+01	1.043575e+03
1.680000e-06	5.363726e-06	1.755690e-08	3.840786e+01	1.043383e+03
1.690000e-06	5.357804e-06	1.755006e-08	3.836545e+01	1.042995e+03
1.700000e-06	5.350024e-06	1.753827e-08	3.830975e+01	1.042411e+03
1.710000e-06	5.340642e-06	1.752301e-08	3.824256e+01	1.041617e+03
1.720000e-06	5.329582e-06	1.749151e-08	3.816337e+01	1.040599e+03
1.730000e-06	5.316655e-06	1.749502e-08	3.807080e+01	1.039349e+03
1.740000e-06	5.301766e-06	1.752759e-08	3.796418e+01	1.037877e+03
1.750000e-06	5.284697e-06	1.749424e-08	3.784196e+01	1.036216e+03
1.760000e-06	5.265150e-06	1.742754e-08	3.770199e+01	1.034412e+03
1.770000e-06	5.243193e-06	1.731680e-08	3.754476e+01	1.032512e+03
1.780000e-06	5.219443e-06	1.726201e-08	3.737470e+01	1.030557e+03
1.790000e-06	5.194562e-06	1.738247e-08	3.719654e+01	1.028557e+03
1.800000e-06	5.168405e-06	1.732476e-08	3.700923e+01	1.026497e+03
1.810000e-06	5.140392e-06	1.719948e-08	3.680864e+01	1.024333e+03
1.820000e-06	5.110563e-06	1.726207e-08	3.659505e+01	1.022010e+03
1.830000e-06	5.078976e-06	1.720755e-08	3.636886e+01	1.019474e+03
1.840000e-06	5.045484e-06	1.713591e-08	3.612903e+01	1.016691e+03
1.850000e-06	5.010380e-06	1.708417e-08	3.587767e+01	1.013657e+03
1.860000e-06	4.973555e-06	1.695280e-08	3.561397e+01	1.010397e+03
1.870000e-06	4.934824e-06	1.699569e-08	3.533664e+01	1.006958e+03
1.880000e-06	4.894375e-06	1.699011e-08	3.504700e+01	1.003392e+03
1.890000e-06	4.852198e-06	1.683342e-08	3.474498e+01	9.997404e+02
1.900000e-06	4.808489e-06	1.678168e-08	3.443200e+01	9.960200e+02
1.910000e-06	4.763106e-06	1.671090e-08	3.410702e+01	9.922217e+02
1.920000e-06	4.715723e-06	1.667949e-08	3.376773e+01	9.883142e+02
1.930000e-06	4.666610e-06	1.659356e-08	3.341604e+01	9.842572e+02
1.940000e-06	4.615918e-06	1.644956e-08	3.305306e+01	9.800165e+02
1.950000e-06	4.563439e-06	1.647197e-08	3.267727e+01	9.755757e+02
1.960000e-06	4.508971e-06	1.642325e-08	3.228724e+01	9.709417e+02
1.970000e-06	4.452687e-06	1.628493e-08	3.188421e+01	9.661410e+02
1.980000e-06	4.394942e-06	1.615816e-08	3.147072e+01	9.612095e+02
1.990000e-06	4.335794e-06	1.610096e-08	3.104718e+01	9.561785e+02
2.000000e-06	4.275091e-06	1.608227e-08	3.061250e+01	9.510634e+02
2.010000e-06	4.212690e-06	1.592375e-08	3.016567e+01	9.458577e+02
2.020000e-06	4.148678e-06	1.581957e-08	2.970731e+01	9.405360e+02
2.030000e-06	4.083266e-06	1.578236e-08	2.923891e+01	9.350630e+02
2.040000e-06	4.016490e-06	1.569950e-08	2.876075e+01	9.294063e+02
2.050000e-06	3.948286e-06	1.556836e-08	2.827236e+01	9.235482e+02
2.060000e-06	3.878506e-06	1.541233e-08	2.777270e+01	9.174915e+02
2.070000e-06	3.807145e-06	1.536829e-08	2.726170e+01	9.112589e+02
2.080000e-06	3.734429e-06	1.529166e-08	2.674101e+01	9.048841e+02
2.090000e-06	3.660405e-06	1.514145e-08	2.621094e+01	8.984001e+02
2.100000e-06	3.585031e-06	1.500565e-08	2.567122e+01	8.918278e+02
2.110000e-06	3.508126e-06	1.491587e-08	2.512053e+01	8.851685e+02
2.120000e-06	3.429646e-06	1.484110e-08	2.455856e+01	8.784044e+02
2.130000e-06	3.349894e-06	1.467787e-08	2.398748e+01	8.715053e+02
2.140000e-06	3.269054e-06	1.453112e-08	2.340861e+01	8.644398e+02
2.150000e-06	3.187158e-06	1.444284e-08	2.282218e+01	8.571859e+02
2.160000e-06	3.104210e-06	1.434982e-08	2.222822e+01	8.497386e+02
2.170000e-06	3.020265e-06	1.419540e-08	2.162711e+01	8.421102e+02
2.180000e-06	2.935153e-06	1.402449e-08	2.101765e+01	8.343241e+02
2.190000e-06	2.848739e-06	1.392086e-08	2.039888e+01	8.264052e+02
2.200000e-06	2.761225e-06	1.381037e-08	1.977222e+01	8.183682e+02
2.210000e-06	2.672819e-06	1.364783e-08	1.913917e+01	8.102114e+02
2.220000e-06	2.583590e-06	1.347839e-08	1.850023e+01	8.019155e+02
2.230000e-06	2.493517e-06	1.336016e-08	1.785525e+01	7.934493e+02
2.240000e-06	2.402684e-06	1.324737e-08	1.720482e+01	7.847796e+02
2.250000e-06	2.311134e-06	1.307348e-08	1.654926e+01	7.758823e+02
2.260000e-06	2.218816e-06	1.289072e-08	1.588821e+01	7.667496e+02
2.270000e-06	2.125563e-06	1.275025e-08	1.522045e+01	7.573920e+02
2.280000e-06	2.031283e-06	1.261886e-08	1.454534e+01	7.478328e+02
2.290000e-06	1.936236e-06	1.243985e-08	1.386474e+01	7.380990e+02
2.300000e-06	1.840602e-06	1.224508e-08	1.317994e+01	7.282098e+02
2.310000e-06	1.744347e-06	1.208998e-08	1.249069e+01	7.181691e+02
2.320000e-06	1.647513e-06	1.194274e-08	1.179729e+01	7.079632e+02
2.330000e-06	1.550141e-06	1.175124e-08	1.110005e+01	6.975642e+02
2.340000e-06	1.452283e-06	1.154561e-08	1.039931e+01	6.869390e+02
2.350000e-06	1.353925e-06	1.137794e-08	9.695008e+00	6.760591e+02
2.360000e-06	1.255059e-06	1.121831e-08	8.987057e+00	6.649086e+02
2.370000e-06	1.155888e-06	1.101362e-08	8.276929e+00	6.534861e+02
2.380000e-06	1.056497e-06	1.078837e-08	7.565222e+00	6.418017e+02
2.390000e-06	9.568192e-07	1.059537e-08	6.851465e+00	6.298689e+02
2.400000e-06	8.568371e-07	1.041186e-08	6.135526e+00	6.176957e+02
2.410000e-06	7.564685e-07	1.019103e-08	5.416820e+00	6.052776e+02
2.420000e-06	6.557068e-07	9.954053e-09	4.695299e+00	5.925962e+02
2.430000e-06	5.547132e-07	9.746520e-09	3.972117e+00	5.796221e+02
2.440000e-06	4.535408e-07	9.548852e-09	3.247655e+00	5.663225e+02
2.450000e-06	3.521426e-07	9.313372e-09	2.521577e+00	5.526688e+02
2.460000e-06	2.505149e-07	9.054447e-09	1.793854e+00	5.386414e+02
2.470000e-06	1.486893e-07	8.814052e-09	1.064714e+00	5.242296e+02
2.480000e-06	4.681426e-08	8.580509e-09	3.352214e-01	5.094259e+02
2.490000e-06	-5.501245e-08	8.313351e-09	-3.939259e-01	4.942183e+02
2.500000e-06	-1.567684e-07	8.026450e-09	-1.122566e+00	4.785825e+02
2.510000e-06	-2.583775e-07	7.762419e-09	-1.850155e+00	4.624791e+02
2.520000e-06	-3.598701e-07	7.508242e-09	-2.576910e+00	4.458577e+02
2.530000e-06	-4.612247e-07	7.218268e-09	-3.302677e+00	4.286665e+02
2.540000e-06	-5.623252e-07	6.898463e-09	-4.026624e+00	4.108663e+02
2.550000e-06	-6.631237e-07	6.587896e-09	-4.748409e+00	3.924420e+02
2.560000e-06	-7.636048e-07	6.281411e-09	-5.467921e+00	3.734089e+02
2.570000e-06	-8.637059e-07	5.945398e-09	-6.184711e+00	3.538090e+02
2.580000e-06	-9.634496e-07	5.587357e-09	-6.898943e+00	3.336995e+02
2.590000e-06	-1.062905e-06	5.245776e-09	-7.611110e+00	3.131348e+02
2.600000e-06	-1.162052e-06	4.914427e-09	-8.321067e+00	2.921486e+02
2.610000e-06	-1.260853e-06	4.554484e-09	-9.028549e+00	2.707416e+02
2.620000e-06	-1.359250e-06	4.170610e-09	-9.733135e+00	2.488783e+02
2.630000e-06	-1.457170e-06	3.794913e-09	-1.043431e+01	2.264946e+02
2.640000e-06	-1.554599e-06	3.422566e-09	-1.113197e+01	2.035133e+02
2.650000e-06	-1.651535e-06	3.021518e-09	-1.182610e+01	1.798618e+02
2.660000e-06	-1.747895e-06	2.593049e-09	-1.251610e+01	1.554880e+02
2.670000e-06	-1.843693e-06	2.170071e-09	-1.320207e+01	1.303674e+02
2.680000e-06	-1.938990e-06	1.751822e-09	-1.388446e+01	1.045015e+02
2.690000e-06	-2.033667e-06	1.306655e-09	-1.456241e+01	7.790852e+01
2.700000e-06	-2.127542e-06	8.326489e-10	-1.523462e+01	5.061080e+01
2.710000e-06	-2.220399e-06	3.605926e-10	-1.589954e+01	2.262477e+01
2.720000e-06	-2.312321e-06	-1.081353e-10	-1.655776e+01	-6.043110e+00
2.730000e-06	-2.403494e-06	-6.019951e-10	-1.721062e+01	-3.539200e+01
2.740000e-06	-2.493780e-06	-1.120681e-09	-1.785713e+01	-6.541598e+01
2.750000e-06	-2.583110e-06	-1.638771e-09	-1.849679e+01	-9.609091e+01
2.760000e-06	-2.671547e-06	-2.151983e-09	-1.913006e+01	-1.273641e+02
2.770000e-06	-2.759178e-06	-2.683298e-09	-1.975756e+01	-1.591509e+02
2.780000e-06	-2.845922e-06	-3.234074e-09	-2.037870e+01	-1.913391e+02
2.790000e-06	-2.931526e-06	-3.779996e-09	-2.099169e+01	-2.238008e+02
2.800000e-06	-3.015948e-06	-4.317069e-09	-2.159620e+01	-2.564065e+02
2.810000e-06	-3.099286e-06	-4.863736e-09	-2.219296e+01	-2.890362e+02
2.820000e-06	-3.181589e-06	-5.422032e-09	-2.278230e+01	-3.215860e+02
2.830000e-06	-3.262846e-06	-5.970471e-09	-2.336416e+01	-3.539653e+02
2.840000e-06	-3.343069e-06	-6.501276e-09	-2.393861e+01	-3.860894e+02
2.850000e-06	-3.422179e-06	-7.031804e-09	-2.450509e+01	-4.178701e+02
2.860000e-06	-3.499910e-06	-7.567863e-09	-2.506169e+01	-4.492078e+02
2.870000e-06	-3.576088e-06	-8.089004e-09	-2.560718e+01	-4.799922e+02
2.880000e-06	-3.650782e-06	-8.587280e-09	-2.614204e+01	-5.101078e+02
2.890000e-06	-3.724139e-06	-9.077962e-09	-2.666732e+01	-5.394469e+02
2.900000e-06	-3.796264e-06	-9.565539e-09	-2.718379e+01	-5.679219e+02
2.910000e-06	-3.867102e-06	-1.003448e-08	-2.769103e+01	-5.954749e+02
2.920000e-06	-3.936362e-06	-1.047799e-08	-2.818698e+01	-6.220793e+02
2.930000e-06	-4.004110e-06	-1.090580e-08	-2.867210e+01	-6.477339e+02
2.940000e-06	-4.070548e-06	-1.132589e-08	-2.914784e+01	-6.724500e+02
2.950000e-06	-4.135608e-06	-1.172898e-08	-2.961371e+01	-6.962382e+02
2.960000e-06	-4.199318e-06	-1.210828e-08	-3.006993e+01	-7.190971e+02
2.970000e-06	-4.261514e-06	-1.247357e-08	-3.051529e+01	-7.410108e+02
2.980000e-06	-4.321979e-06	-1.283083e-08	-3.094826e+01	-7.619528e+02
2.990000e-06	-4.380857e-06	-1.317205e-08	-3.136986e+01	-7.818971e+02
3.000000e-06	-4.438302e-06	-1.349026e-08	-3.178121e+01	-8.008305e+02
3.010000e-06	-4.494343e-06	-1.379191e-08	-3.218250e+01	-8.187616e+02
3.020000e-06	-4.548690e-06	-1.408198e-08	-3.257166e+01	-8.357227e+02
3.030000e-06	-4.601007e-06	-1.435367e-08	-3.294628e+01	-8.517646e+02
3.040000e-06	-4.651465e-06	-1.460325e-08	-3.330760e+01	-8.669446e+02
3.050000e-06	-4.700097e-06	-1.484088e-08	-3.365583e+01	-8.813133e+02
3.060000e-06	-4.746814e-06	-1.507233e-08	-3.399036e+01	-8.949050e+02
3.070000e-06	-4.791839e-06	-1.529108e-08	-3.431277e+01	-9.077337e+02
3.080000e-06	-4.835363e-06	-1.549443e-08	-3.462443e+01	-9.197981e+02
3.090000e-06	-4.877437e-06	-1.568648e-08	-3.492570e+01	-9.310915e+02
3.100000e-06	-4.917993e-06	-1.586904e-08	-3.521611e+01	-9.416139e+02
3.110000e-06	-4.956797e-06	-1.603606e-08	-3.549398e+01	-9.513814e+02
3.120000e-06	-4.993656e-06	-1.618499e-08	-3.575791e+01	-9.604291e+02
3.130000e-06	-5.028706e-06	-1.632235e-08	-3.600889e+01	-9.688074e+02
3.140000e-06	-5.062115e-06	-1.645730e-08	-3.624813e+01	-9.765722e+02
3.150000e-06	-5.093819e-06	-1.658512e-08	-3.647515e+01	-9.837745e+02
3.160000e-06	-5.123541e-06	-1.669778e-08	-3.668797e+01	-9.904512e+02
3.170000e-06	-5.151323e-06	-1.679963e-08	-3.688691e+01	-9.966228e+02
3.180000e-06	-5.177364e-06	-1.689753e-08	-3.707339e+01	-1.002296e+03
3.190000e-06	-5.201656e-06	-1.698915e-08	-3.724733e+01	-1.007473e+03
3.200000e-06	-5.224064e-06	-1.706591e-08	-3.740779e+01	-1.012158e+03
3.210000e-06	-5.244516e-06	-1.713355e-08	-3.755424e+01	-1.016367e+03
3.220000e-06	-5.263151e-06	-1.719953e-08	-3.768768e+01	-1.020126e+03
3.230000e-06	-5.280030e-06	-1.725846e-08	-3.780854e+01	-1.023468e+03
3.240000e-06	-5.295036e-06	-1.730524e-08	-3.791600e+01	-1.026426e+03
3.250000e-06	-5.307863e-06	-1.734593e-08	-3.800784e+01	-1.029027e+03
3.260000e-06	-5.318554e-06	-1.738479e-08	-3.808440e+01	-1.031282e+03
3.270000e-06	-5.327443e-06	-1.741956e-08	-3.814805e+01	-1.033194e+03
3.280000e-06	-5.334473e-06	-1.744645e-08	-3.819839e+01	-1.034758e+03
3.290000e-06	-5.339517e-06	-1.746582e-08	-3.823451e+01	-1.035974e+03
3.300000e-06	-5.342697e-06	-1.748266e-08	-3.825728e+01	-1.036849e+03
3.310000e-06	-5.344118e-06	-1.749575e-08	-3.826745e+01	-1.037407e+03
3.320000e-06	-5.343768e-06	-1.749763e-08	-3.826495e+01	-1.037682e+03
