# Temperatura_=_25.34
# Concentracion g/m^3_=_22000.0
# C_Vs_to_Am_M_A/Vsm_=_59384043850.047264
# pendiente_HvsI_1/m_=_3716.3
# ordenada_HvsI_A/m_=_1297.0
# frecuencia_Hz_=_301136.77898596274

Tiempo_(s)	Campo_(V.s)	Magnetizacion_(V.s)	Campo_(kA/m)	Magnetizacion_(A/m)
0.000000e+00	-5.348323e-06	-1.634537e-08	-3.825822e+01	-9.710301e+02
1.000000e-08	-5.346445e-06	-1.634183e-08	-3.824478e+01	-9.712109e+02
2.000000e-08	-5.342607e-06	-1.633640e-08	-3.821733e+01	-9.711252e+02
3.000000e-08	-5.337106e-06	-1.633371e-08	-3.817798e+01	-9.708018e+02
4.000000e-08	-5.330049e-06	-1.632604e-08	-3.812750e+01	-9.702655e+02
5.000000e-08	-5.321296e-06	-1.630929e-08	-3.806489e+01	-9.695319e+02
6.000000e-08	-5.310551e-06	-1.629303e-08	-3.798803e+01	-9.686052e+02
7.000000e-08	-5.297746e-06	-1.628949e-08	-3.789643e+01	-9.674808e+02
8.000000e-08	-5.282861e-06	-1.628073e-08	-3.778995e+01	-9.661511e+02
9.000000e-08	-5.265583e-06	-1.621508e-08	-3.766636e+01	-9.646136e+02
1.000000e-07	-5.246026e-06	-1.615899e-08	-3.752646e+01	-9.628775e+02
1.100000e-07	-5.224639e-06	-1.615590e-08	-3.737347e+01	-9.609650e+02
1.200000e-07	-5.201720e-06	-1.613271e-08	-3.720953e+01	-9.589078e+02
1.300000e-07	-5.177571e-06	-1.612865e-08	-3.703678e+01	-9.567381e+02
1.400000e-07	-5.152018e-06	-1.607843e-08	-3.685399e+01	-9.544780e+02
1.500000e-07	-5.124517e-06	-1.595581e-08	-3.665727e+01	-9.521310e+02
1.600000e-07	-5.095297e-06	-1.599415e-08	-3.644825e+01	-9.496792e+02
1.700000e-07	-5.064574e-06	-1.598298e-08	-3.622847e+01	-9.470882e+02
1.800000e-07	-5.031862e-06	-1.583049e-08	-3.599448e+01	-9.443179e+02
1.900000e-07	-4.997189e-06	-1.579838e-08	-3.574645e+01	-9.413361e+02
2.000000e-07	-4.960930e-06	-1.576988e-08	-3.548708e+01	-9.381300e+02
2.100000e-07	-4.922934e-06	-1.574209e-08	-3.521528e+01	-9.347107e+02
2.200000e-07	-4.883209e-06	-1.570463e-08	-3.493111e+01	-9.311098e+02
2.300000e-07	-4.841738e-06	-1.557844e-08	-3.463446e+01	-9.273678e+02
2.400000e-07	-4.798309e-06	-1.552286e-08	-3.432380e+01	-9.235194e+02
2.500000e-07	-4.753078e-06	-1.549541e-08	-3.400025e+01	-9.195813e+02
2.600000e-07	-4.706133e-06	-1.540296e-08	-3.366444e+01	-9.155460e+02
2.700000e-07	-4.657400e-06	-1.531745e-08	-3.331583e+01	-9.113854e+02
2.800000e-07	-4.606662e-06	-1.524966e-08	-3.295289e+01	-9.070625e+02
2.900000e-07	-4.553830e-06	-1.521215e-08	-3.257496e+01	-9.025463e+02
3.000000e-07	-4.499251e-06	-1.513349e-08	-3.218454e+01	-8.978246e+02
3.100000e-07	-4.443171e-06	-1.501409e-08	-3.178338e+01	-8.929104e+02
3.200000e-07	-4.385543e-06	-1.492899e-08	-3.137115e+01	-8.878374e+02
3.300000e-07	-4.326201e-06	-1.486333e-08	-3.094667e+01	-8.826481e+02
3.400000e-07	-4.265264e-06	-1.478670e-08	-3.051077e+01	-8.773776e+02
3.500000e-07	-4.202971e-06	-1.466110e-08	-3.006516e+01	-8.720406e+02
3.600000e-07	-4.139329e-06	-1.457113e-08	-2.960991e+01	-8.666247e+02
3.700000e-07	-4.074177e-06	-1.451859e-08	-2.914386e+01	-8.610955e+02
3.800000e-07	-4.007239e-06	-1.440875e-08	-2.866503e+01	-8.554089e+02
3.900000e-07	-3.938706e-06	-1.428805e-08	-2.817479e+01	-8.495281e+02
4.000000e-07	-3.868902e-06	-1.419294e-08	-2.767546e+01	-8.434374e+02
4.100000e-07	-3.797864e-06	-1.411118e-08	-2.716730e+01	-8.371479e+02
4.200000e-07	-3.725583e-06	-1.399405e-08	-2.665026e+01	-8.306933e+02
4.300000e-07	-3.651876e-06	-1.385708e-08	-2.612301e+01	-8.241167e+02
4.400000e-07	-3.576525e-06	-1.375619e-08	-2.558399e+01	-8.174540e+02
4.500000e-07	-3.499659e-06	-1.366625e-08	-2.503415e+01	-8.107202e+02
4.600000e-07	-3.421494e-06	-1.355094e-08	-2.447501e+01	-8.039035e+02
4.700000e-07	-3.341976e-06	-1.341311e-08	-2.390620e+01	-7.969706e+02
4.800000e-07	-3.261058e-06	-1.329986e-08	-2.332737e+01	-7.898796e+02
4.900000e-07	-3.178926e-06	-1.319493e-08	-2.273985e+01	-7.825965e+02
5.000000e-07	-3.095754e-06	-1.305493e-08	-2.214489e+01	-7.751078e+02
5.100000e-07	-3.011636e-06	-1.290512e-08	-2.154317e+01	-7.674261e+02
5.200000e-07	-2.926665e-06	-1.278479e-08	-2.093535e+01	-7.595838e+02
5.300000e-07	-2.840739e-06	-1.267726e-08	-2.032069e+01	-7.516199e+02
5.400000e-07	-2.753884e-06	-1.253921e-08	-1.969939e+01	-7.435641e+02
5.500000e-07	-2.666171e-06	-1.237950e-08	-1.907195e+01	-7.354242e+02
5.600000e-07	-2.577528e-06	-1.224125e-08	-1.843786e+01	-7.271827e+02
5.700000e-07	-2.487881e-06	-1.211791e-08	-1.779659e+01	-7.188025e+02
5.800000e-07	-2.397138e-06	-1.196871e-08	-1.714747e+01	-7.102416e+02
5.900000e-07	-2.305402e-06	-1.179983e-08	-1.649126e+01	-7.014679e+02
6.000000e-07	-2.212954e-06	-1.165360e-08	-1.582995e+01	-6.924710e+02
6.100000e-07	-2.119831e-06	-1.152140e-08	-1.516381e+01	-6.832651e+02
6.200000e-07	-2.025956e-06	-1.135997e-08	-1.449230e+01	-6.738819e+02
6.300000e-07	-1.931432e-06	-1.117746e-08	-1.381613e+01	-6.643568e+02
6.400000e-07	-1.836300e-06	-1.101515e-08	-1.313562e+01	-6.547140e+02
6.500000e-07	-1.740483e-06	-1.087250e-08	-1.245022e+01	-6.449559e+02
6.600000e-07	-1.643997e-06	-1.070682e-08	-1.176003e+01	-6.350613e+02
6.700000e-07	-1.546892e-06	-1.051780e-08	-1.106540e+01	-6.249925e+02
6.800000e-07	-1.449148e-06	-1.034374e-08	-1.036621e+01	-6.147088e+02
6.900000e-07	-1.350717e-06	-1.018394e-08	-9.662098e+00	-6.041800e+02
7.000000e-07	-1.251596e-06	-1.000459e-08	-8.953057e+00	-5.933957e+02
7.100000e-07	-1.152018e-06	-9.803842e-09	-8.240743e+00	-5.823652e+02
7.200000e-07	-1.052121e-06	-9.615507e-09	-7.526148e+00	-5.711098e+02
7.300000e-07	-9.518690e-07	-9.441148e-09	-6.809016e+00	-5.596502e+02
7.400000e-07	-8.513491e-07	-9.247660e-09	-6.089965e+00	-5.479941e+02
7.500000e-07	-7.505864e-07	-9.031005e-09	-5.369178e+00	-5.361296e+02
7.600000e-07	-6.495707e-07	-8.820364e-09	-4.646582e+00	-5.240268e+02
7.700000e-07	-5.483520e-07	-8.622422e-09	-3.922533e+00	-5.116467e+02
7.800000e-07	-4.469886e-07	-8.412620e-09	-3.197449e+00	-4.989542e+02
7.900000e-07	-3.454574e-07	-8.185560e-09	-2.471164e+00	-4.859277e+02
8.000000e-07	-2.437725e-07	-7.963422e-09	-1.743781e+00	-4.725635e+02
8.100000e-07	-1.419777e-07	-7.749690e-09	-1.015611e+00	-4.588707e+02
8.200000e-07	-4.009774e-08	-7.517318e-09	-2.868317e-01	-4.448602e+02
8.300000e-07	6.177251e-08	-7.260143e-09	4.418780e-01	-4.305304e+02
8.400000e-07	1.635801e-07	-7.004408e-09	1.170139e+00	-4.158579e+02
8.500000e-07	2.653536e-07	-6.758856e-09	1.898157e+00	-4.007964e+02
8.600000e-07	3.670806e-07	-6.503498e-09	2.625842e+00	-3.852846e+02
8.700000e-07	4.686733e-07	-6.230291e-09	3.352566e+00	-3.692626e+02
8.800000e-07	5.700804e-07	-5.954524e-09	4.077963e+00	-3.526896e+02
8.900000e-07	6.712763e-07	-5.677306e-09	4.801849e+00	-3.355569e+02
9.000000e-07	7.722045e-07	-5.381444e-09	5.523819e+00	-3.178917e+02
9.100000e-07	8.728223e-07	-5.062204e-09	6.243570e+00	-2.997490e+02
9.200000e-07	9.731820e-07	-4.741644e-09	6.961474e+00	-2.811948e+02
9.300000e-07	1.073357e-06	-4.432660e-09	7.678060e+00	-2.622855e+02
9.400000e-07	1.173319e-06	-4.118491e-09	8.393116e+00	-2.430515e+02
9.500000e-07	1.272934e-06	-3.787800e-09	9.105692e+00	-2.234887e+02
9.600000e-07	1.372007e-06	-3.452016e-09	9.814393e+00	-2.035615e+02
9.700000e-07	1.470337e-06	-3.117870e-09	1.051778e+01	-1.832156e+02
9.800000e-07	1.567866e-06	-2.767187e-09	1.121544e+01	-1.623947e+02
9.900000e-07	1.664697e-06	-2.393672e-09	1.190810e+01	-1.410560e+02
1.000000e-06	1.761002e-06	-2.016946e-09	1.259700e+01	-1.191793e+02
1.010000e-06	1.856805e-06	-1.647945e-09	1.328231e+01	-9.676620e+01
1.020000e-06	1.951901e-06	-1.271152e-09	1.396256e+01	-7.383278e+01
1.030000e-06	2.046313e-06	-8.736128e-10	1.463792e+01	-5.039731e+01
1.040000e-06	2.140090e-06	-4.685566e-10	1.530873e+01	-2.647001e+01
1.050000e-06	2.233109e-06	-6.355561e-11	1.597412e+01	-2.048338e+00
1.060000e-06	2.325460e-06	3.551268e-10	1.663474e+01	2.288032e+01
1.070000e-06	2.417220e-06	7.954353e-10	1.729113e+01	4.832957e+01
1.080000e-06	2.508072e-06	1.241161e-09	1.794102e+01	7.430227e+01
1.090000e-06	2.597622e-06	1.681287e-09	1.858160e+01	1.007806e+02
1.100000e-06	2.686044e-06	2.128432e-09	1.921411e+01	1.277218e+02
1.110000e-06	2.773671e-06	2.594377e-09	1.984094e+01	1.550601e+02
1.120000e-06	2.860454e-06	3.066228e-09	2.046172e+01	1.827156e+02
1.130000e-06	2.946216e-06	3.532739e-09	2.107520e+01	2.106045e+02
1.140000e-06	3.030981e-06	4.001760e-09	2.168155e+01	2.386487e+02
1.150000e-06	3.114923e-06	4.480382e-09	2.228202e+01	2.667804e+02
1.160000e-06	3.197800e-06	4.960312e-09	2.287486e+01	2.949415e+02
1.170000e-06	3.279396e-06	5.431071e-09	2.345854e+01	3.230779e+02
1.180000e-06	3.359784e-06	5.899170e-09	2.403358e+01	3.511318e+02
1.190000e-06	3.438964e-06	6.372353e-09	2.459998e+01	3.790359e+02
1.200000e-06	3.516945e-06	6.845361e-09	2.515781e+01	4.067109e+02
1.210000e-06	3.593700e-06	7.305423e-09	2.570685e+01	4.340685e+02
1.220000e-06	3.669141e-06	7.754902e-09	2.624651e+01	4.610176e+02
1.230000e-06	3.743034e-06	8.202476e-09	2.677509e+01	4.874726e+02
1.240000e-06	3.815363e-06	8.644368e-09	2.729248e+01	5.133610e+02
1.250000e-06	3.886326e-06	9.070477e-09	2.780010e+01	5.386265e+02
1.260000e-06	3.955941e-06	9.482829e-09	2.829808e+01	5.632289e+02
1.270000e-06	4.024329e-06	9.889325e-09	2.878728e+01	5.871400e+02
1.280000e-06	4.091350e-06	1.028670e-08	2.926670e+01	6.103375e+02
1.290000e-06	4.156679e-06	1.066665e-08	2.973402e+01	6.327999e+02
1.300000e-06	4.220452e-06	1.102919e-08	3.019021e+01	6.545033e+02
1.310000e-06	4.282816e-06	1.137938e-08	3.063632e+01	6.754214e+02
1.320000e-06	4.343831e-06	1.171921e-08	3.107278e+01	6.955283e+02
1.330000e-06	4.403560e-06	1.204427e-08	3.150004e+01	7.148031e+02
1.340000e-06	4.461616e-06	1.235175e-08	3.191533e+01	7.332338e+02
1.350000e-06	4.517866e-06	1.264810e-08	3.231770e+01	7.508204e+02
1.360000e-06	4.572536e-06	1.293524e-08	3.270878e+01	7.675743e+02
1.370000e-06	4.625520e-06	1.320705e-08	3.308779e+01	7.835163e+02
1.380000e-06	4.676572e-06	1.346062e-08	3.345298e+01	7.986723e+02
1.390000e-06	4.725601e-06	1.370065e-08	3.380370e+01	8.130681e+02
1.400000e-06	4.772858e-06	1.393119e-08	3.414174e+01	8.267253e+02
1.410000e-06	4.818519e-06	1.414957e-08	3.446837e+01	8.396593e+02
1.420000e-06	4.862645e-06	1.435399e-08	3.478401e+01	8.518789e+02
1.430000e-06	4.904976e-06	1.454684e-08	3.508682e+01	8.633887e+02
1.440000e-06	4.945374e-06	1.473002e-08	3.537580e+01	8.741924e+02
1.450000e-06	4.984101e-06	1.490025e-08	3.565283e+01	8.842972e+02
1.460000e-06	5.021241e-06	1.505536e-08	3.591850e+01	8.937167e+02
1.470000e-06	5.056700e-06	1.520123e-08	3.617215e+01	9.024729e+02
1.480000e-06	5.090205e-06	1.533992e-08	3.641182e+01	9.105952e+02
1.490000e-06	5.121836e-06	1.546832e-08	3.663809e+01	9.181182e+02
1.500000e-06	5.151811e-06	1.558316e-08	3.685251e+01	9.250773e+02
1.510000e-06	5.180117e-06	1.568764e-08	3.705499e+01	9.315049e+02
1.520000e-06	5.206504e-06	1.578810e-08	3.724375e+01	9.374273e+02
1.530000e-06	5.230845e-06	1.588175e-08	3.741787e+01	9.428641e+02
1.540000e-06	5.253333e-06	1.596350e-08	3.757873e+01	9.478293e+02
1.550000e-06	5.274144e-06	1.603677e-08	3.772759e+01	9.523347e+02
1.560000e-06	5.293237e-06	1.610778e-08	3.786418e+01	9.563931e+02
1.570000e-06	5.310389e-06	1.617425e-08	3.798687e+01	9.600207e+02
1.580000e-06	5.325566e-06	1.622799e-08	3.809543e+01	9.632383e+02
1.590000e-06	5.338842e-06	1.627184e-08	3.819040e+01	9.660688e+02
1.600000e-06	5.350041e-06	1.631437e-08	3.827051e+01	9.685341e+02
1.610000e-06	5.359043e-06	1.635241e-08	3.833490e+01	9.706521e+02
1.620000e-06	5.366080e-06	1.637939e-08	3.838525e+01	9.724340e+02
1.630000e-06	5.371385e-06	1.640121e-08	3.842319e+01	9.738852e+02
1.640000e-06	5.374948e-06	1.642467e-08	3.844868e+01	9.750082e+02
1.650000e-06	5.376531e-06	1.644202e-08	3.846000e+01	9.758076e+02
1.660000e-06	5.376164e-06	1.644911e-08	3.845738e+01	9.762940e+02
1.670000e-06	5.374102e-06	1.645116e-08	3.844262e+01	9.764867e+02
1.680000e-06	5.370470e-06	1.645131e-08	3.841664e+01	9.764119e+02
1.690000e-06	5.365066e-06	1.644821e-08	3.837799e+01	9.760984e+02
1.700000e-06	5.357769e-06	1.643529e-08	3.832579e+01	9.755712e+02
1.710000e-06	5.348811e-06	1.641801e-08	3.826171e+01	9.748463e+02
1.720000e-06	5.338210e-06	1.640288e-08	3.818588e+01	9.739285e+02
1.730000e-06	5.325807e-06	1.636758e-08	3.809716e+01	9.728131e+02
1.740000e-06	5.311405e-06	1.636810e-08	3.799414e+01	9.714927e+02
1.750000e-06	5.294904e-06	1.638470e-08	3.787610e+01	9.699644e+02
1.760000e-06	5.276083e-06	1.634504e-08	3.774147e+01	9.682369e+02
1.770000e-06	5.254731e-06	1.629937e-08	3.758873e+01	9.663321e+02
1.780000e-06	5.231318e-06	1.619375e-08	3.742124e+01	9.642813e+02
1.790000e-06	5.206677e-06	1.615958e-08	3.724499e+01	9.621170e+02
1.800000e-06	5.180923e-06	1.626675e-08	3.706076e+01	9.598618e+02
1.810000e-06	5.153389e-06	1.613705e-08	3.686380e+01	9.575199e+02
1.820000e-06	5.124012e-06	1.601885e-08	3.665366e+01	9.550742e+02
1.830000e-06	5.092985e-06	1.611359e-08	3.643171e+01	9.524908e+02
1.840000e-06	5.060003e-06	1.605852e-08	3.619578e+01	9.497293e+02
1.850000e-06	5.025248e-06	1.598538e-08	3.594717e+01	9.467573e+02
1.860000e-06	4.988862e-06	1.589604e-08	3.568688e+01	9.435610e+02
1.870000e-06	4.950553e-06	1.577025e-08	3.541285e+01	9.401508e+02
1.880000e-06	4.910482e-06	1.582290e-08	3.512621e+01	9.365576e+02
1.890000e-06	4.868688e-06	1.576447e-08	3.482724e+01	9.328218e+02
1.900000e-06	4.825264e-06	1.561813e-08	3.451661e+01	9.289786e+02
1.910000e-06	4.780318e-06	1.560963e-08	3.419510e+01	9.250455e+02
1.920000e-06	4.733438e-06	1.555055e-08	3.385975e+01	9.210159e+02
1.930000e-06	4.684688e-06	1.548536e-08	3.351104e+01	9.168623e+02
1.940000e-06	4.634361e-06	1.534496e-08	3.315103e+01	9.125477e+02
1.950000e-06	4.582324e-06	1.523932e-08	3.277879e+01	9.080406e+02
1.960000e-06	4.528396e-06	1.527023e-08	3.239303e+01	9.033280e+02
1.970000e-06	4.472516e-06	1.516963e-08	3.199330e+01	8.984221e+02
1.980000e-06	4.415028e-06	1.504069e-08	3.158207e+01	8.933558e+02
1.990000e-06	4.356179e-06	1.494592e-08	3.116111e+01	8.881718e+02
2.000000e-06	4.295778e-06	1.490393e-08	3.072904e+01	8.829058e+02
2.010000e-06	4.233681e-06	1.483083e-08	3.028484e+01	8.775730e+02
2.020000e-06	4.169928e-06	1.464326e-08	2.982880e+01	8.721622e+02
2.030000e-06	4.104763e-06	1.458572e-08	2.936265e+01	8.666397e+02
2.040000e-06	4.038227e-06	1.454167e-08	2.888670e+01	8.609613e+02
2.050000e-06	3.970221e-06	1.442060e-08	2.840023e+01	8.550898e+02
2.060000e-06	3.900688e-06	1.428041e-08	2.790283e+01	8.490084e+02
2.070000e-06	3.829599e-06	1.417252e-08	2.739431e+01	8.427273e+02
2.080000e-06	3.757164e-06	1.414003e-08	2.687616e+01	8.362797e+02
2.090000e-06	3.683432e-06	1.399901e-08	2.634873e+01	8.297086e+02
2.100000e-06	3.608352e-06	1.383209e-08	2.581167e+01	8.230505e+02
2.110000e-06	3.531780e-06	1.372910e-08	2.526392e+01	8.163211e+02
2.120000e-06	3.453559e-06	1.365058e-08	2.470438e+01	8.095097e+02
2.130000e-06	3.374009e-06	1.353189e-08	2.413534e+01	8.025835e+02
2.140000e-06	3.293367e-06	1.336209e-08	2.355848e+01	7.955008e+02
2.150000e-06	3.211677e-06	1.327084e-08	2.297413e+01	7.882267e+02
2.160000e-06	3.128943e-06	1.318623e-08	2.238230e+01	7.807471e+02
2.170000e-06	3.045157e-06	1.304006e-08	2.178296e+01	7.730737e+02
2.180000e-06	2.960267e-06	1.285834e-08	2.117571e+01	7.652383e+02
2.190000e-06	2.874154e-06	1.272353e-08	2.055972e+01	7.572801e+02
2.200000e-06	2.786849e-06	1.263578e-08	1.993520e+01	7.492291e+02
2.210000e-06	2.698573e-06	1.248899e-08	1.930373e+01	7.410942e+02
2.220000e-06	2.609458e-06	1.231731e-08	1.866626e+01	7.328587e+02
2.230000e-06	2.519522e-06	1.218314e-08	1.802292e+01	7.244861e+02
2.240000e-06	2.428846e-06	1.208004e-08	1.737429e+01	7.159342e+02
2.250000e-06	2.337405e-06	1.192559e-08	1.672019e+01	7.071702e+02
2.260000e-06	2.245146e-06	1.173139e-08	1.606023e+01	6.981831e+02
2.270000e-06	2.152017e-06	1.158321e-08	1.539405e+01	6.889860e+02
2.280000e-06	2.057902e-06	1.146282e-08	1.472081e+01	6.796103e+02
2.290000e-06	1.962924e-06	1.130239e-08	1.404141e+01	6.700916e+02
2.300000e-06	1.867291e-06	1.110201e-08	1.335731e+01	6.604547e+02
2.310000e-06	1.771091e-06	1.093741e-08	1.266916e+01	6.507028e+02
2.320000e-06	1.674354e-06	1.080395e-08	1.197718e+01	6.408155e+02
2.330000e-06	1.577102e-06	1.063354e-08	1.128150e+01	6.307555e+02
2.340000e-06	1.479338e-06	1.042819e-08	1.058217e+01	6.204819e+02
2.350000e-06	1.381051e-06	1.025273e-08	9.879091e+00	6.099641e+02
2.360000e-06	1.282280e-06	1.010407e-08	9.172551e+00	5.991907e+02
2.370000e-06	1.183063e-06	9.917184e-09	8.462816e+00	5.881705e+02
2.380000e-06	1.083529e-06	9.693442e-09	7.750824e+00	5.769246e+02
2.390000e-06	9.837253e-07	9.494995e-09	7.036894e+00	5.654739e+02
2.400000e-06	8.836094e-07	9.327497e-09	6.320733e+00	5.538268e+02
2.410000e-06	7.832189e-07	9.131143e-09	5.602609e+00	5.419720e+02
2.420000e-06	6.825964e-07	8.902731e-09	4.882825e+00	5.298802e+02
2.430000e-06	5.817703e-07	8.693938e-09	4.161584e+00	5.175126e+02
2.440000e-06	4.807117e-07	8.506972e-09	3.438681e+00	5.048335e+02
2.450000e-06	3.793836e-07	8.289460e-09	2.713849e+00	4.918210e+02
2.460000e-06	2.777526e-07	8.037274e-09	1.986851e+00	4.784705e+02
2.470000e-06	1.759471e-07	7.798882e-09	1.258605e+00	4.647912e+02
2.480000e-06	7.414682e-08	7.581661e-09	5.303953e-01	4.507938e+02
2.490000e-06	-2.770060e-08	7.344523e-09	-1.981510e-01	4.364775e+02
2.500000e-06	-1.295394e-07	7.078390e-09	-9.266358e-01	4.218198e+02
2.510000e-06	-2.312400e-07	6.824696e-09	-1.654132e+00	4.067750e+02
2.520000e-06	-3.327611e-07	6.587983e-09	-2.380344e+00	3.912823e+02
2.530000e-06	-4.340896e-07	6.324646e-09	-3.105178e+00	3.752812e+02
2.540000e-06	-5.352135e-07	6.022580e-09	-3.828549e+00	3.587301e+02
2.550000e-06	-6.360666e-07	5.723206e-09	-4.549982e+00	3.416190e+02
2.560000e-06	-7.365995e-07	5.441686e-09	-5.269126e+00	3.239738e+02
2.570000e-06	-8.368309e-07	5.140581e-09	-5.986112e+00	3.058489e+02
2.580000e-06	-9.368231e-07	4.811139e-09	-6.701388e+00	2.873101e+02
2.590000e-06	-1.036603e-06	4.489884e-09	-7.415147e+00	2.684147e+02
2.600000e-06	-1.136155e-06	4.187961e-09	-8.127271e+00	2.491940e+02
2.610000e-06	-1.235325e-06	3.866584e-09	-8.836665e+00	2.296453e+02
2.620000e-06	-1.333962e-06	3.512630e-09	-9.542245e+00	2.097338e+02
2.630000e-06	-1.432087e-06	3.160240e-09	-1.024416e+01	1.894058e+02
2.640000e-06	-1.529769e-06	2.823399e-09	-1.094292e+01	1.686045e+02
2.650000e-06	-1.626915e-06	2.472536e-09	-1.163783e+01	1.472867e+02
2.660000e-06	-1.723493e-06	2.089679e-09	-1.232868e+01	1.254311e+02
2.670000e-06	-1.819553e-06	1.705206e-09	-1.301583e+01	1.030388e+02
2.680000e-06	-1.915148e-06	1.335564e-09	-1.369965e+01	8.012545e+01
2.690000e-06	-2.010286e-06	9.515281e-10	-1.438021e+01	5.670952e+01
2.700000e-06	-2.104526e-06	5.352368e-10	-1.505433e+01	3.280161e+01
2.710000e-06	-2.197560e-06	1.125205e-10	-1.571983e+01	8.399625e+00
2.720000e-06	-2.289672e-06	-2.972554e-10	-1.637874e+01	-1.650881e+01
2.730000e-06	-2.381127e-06	-7.164240e-10	-1.703294e+01	-4.193746e+01
2.740000e-06	-2.471792e-06	-1.163109e-09	-1.768150e+01	-6.788977e+01
2.750000e-06	-2.561498e-06	-1.615893e-09	-1.832319e+01	-9.434882e+01
2.760000e-06	-2.650241e-06	-2.056841e-09	-1.895800e+01	-1.212726e+02
2.770000e-06	-2.738162e-06	-2.505579e-09	-1.958692e+01	-1.485962e+02
2.780000e-06	-2.825364e-06	-2.976765e-09	-2.021071e+01	-1.762400e+02
2.790000e-06	-2.911473e-06	-3.454264e-09	-2.082668e+01	-2.041201e+02
2.800000e-06	-2.996249e-06	-3.920524e-09	-2.143311e+01	-2.321581e+02
2.810000e-06	-3.079950e-06	-4.387137e-09	-2.203184e+01	-2.602859e+02
2.820000e-06	-3.162663e-06	-4.868531e-09	-2.262352e+01	-2.884450e+02
2.830000e-06	-3.244296e-06	-5.351553e-09	-2.320746e+01	-3.165814e+02
2.840000e-06	-3.324844e-06	-5.818473e-09	-2.378364e+01	-3.446374e+02
2.850000e-06	-3.404391e-06	-6.276642e-09	-2.435267e+01	-3.725463e+02
2.860000e-06	-3.482645e-06	-6.742509e-09	-2.491245e+01	-4.002292e+02
2.870000e-06	-3.559299e-06	-7.209986e-09	-2.546078e+01	-4.275978e+02
2.880000e-06	-3.634486e-06	-7.661539e-09	-2.599861e+01	-4.545612e+02
2.890000e-06	-3.708292e-06	-8.101309e-09	-2.652657e+01	-4.810333e+02
2.900000e-06	-3.780809e-06	-8.542061e-09	-2.704530e+01	-5.069412e+02
2.910000e-06	-3.852080e-06	-8.974468e-09	-2.755513e+01	-5.322278e+02
2.920000e-06	-3.921809e-06	-9.383946e-09	-2.805392e+01	-5.568526e+02
2.930000e-06	-3.989977e-06	-9.774859e-09	-2.854155e+01	-5.807869e+02
2.940000e-06	-4.056799e-06	-1.016247e-08	-2.901955e+01	-6.040084e+02
2.950000e-06	-4.122218e-06	-1.054685e-08	-2.948751e+01	-6.264956e+02
2.960000e-06	-4.186319e-06	-1.091453e-08	-2.994605e+01	-6.482247e+02
2.970000e-06	-4.248988e-06	-1.126242e-08	-3.039433e+01	-6.691695e+02
2.980000e-06	-4.309928e-06	-1.160249e-08	-3.083026e+01	-6.893039e+02
2.990000e-06	-4.369275e-06	-1.193537e-08	-3.125478e+01	-7.086068e+02
3.000000e-06	-4.427181e-06	-1.224793e-08	-3.166900e+01	-7.270659e+02
3.010000e-06	-4.483630e-06	-1.253908e-08	-3.207280e+01	-7.446806e+02
3.020000e-06	-4.538472e-06	-1.281833e-08	-3.246511e+01	-7.614621e+02
3.030000e-06	-4.591370e-06	-1.308844e-08	-3.284350e+01	-7.774309e+02
3.040000e-06	-4.642372e-06	-1.334312e-08	-3.320834e+01	-7.926126e+02
3.050000e-06	-4.691553e-06	-1.358193e-08	-3.356014e+01	-8.070332e+02
3.060000e-06	-4.738724e-06	-1.381147e-08	-3.389757e+01	-8.207147e+02
3.070000e-06	-4.784148e-06	-1.403344e-08	-3.422250e+01	-8.336724e+02
3.080000e-06	-4.828119e-06	-1.424205e-08	-3.453704e+01	-8.459156e+02
3.090000e-06	-4.870645e-06	-1.443511e-08	-3.484124e+01	-8.574489e+02
3.100000e-06	-4.911627e-06	-1.461502e-08	-3.513440e+01	-8.682759e+02
3.110000e-06	-4.951010e-06	-1.478534e-08	-3.541612e+01	-8.784035e+02
3.120000e-06	-4.988530e-06	-1.494484e-08	-3.568451e+01	-8.878453e+02
3.130000e-06	-5.024121e-06	-1.509065e-08	-3.593911e+01	-8.966229e+02
3.140000e-06	-5.058013e-06	-1.522677e-08	-3.618154e+01	-9.047654e+02
3.150000e-06	-5.090205e-06	-1.535868e-08	-3.641182e+01	-9.123074e+02
3.160000e-06	-5.120491e-06	-1.548023e-08	-3.662847e+01	-9.192842e+02
3.170000e-06	-5.148792e-06	-1.558674e-08	-3.683091e+01	-9.257284e+02
3.180000e-06	-5.175337e-06	-1.568331e-08	-3.702080e+01	-9.316666e+02
3.190000e-06	-5.200137e-06	-1.577452e-08	-3.719820e+01	-9.371186e+02
3.200000e-06	-5.223109e-06	-1.585932e-08	-3.736252e+01	-9.420986e+02
3.210000e-06	-5.244097e-06	-1.593346e-08	-3.751266e+01	-9.466184e+02
3.220000e-06	-5.263185e-06	-1.600090e-08	-3.764920e+01	-9.506906e+02
3.230000e-06	-5.280578e-06	-1.606438e-08	-3.777362e+01	-9.543315e+02
3.240000e-06	-5.296154e-06	-1.611961e-08	-3.788504e+01	-9.575614e+02
3.250000e-06	-5.309559e-06	-1.616475e-08	-3.798093e+01	-9.604035e+02
3.260000e-06	-5.320799e-06	-1.620280e-08	-3.806133e+01	-9.628797e+02
3.270000e-06	-5.330191e-06	-1.623777e-08	-3.812852e+01	-9.650080e+02
3.280000e-06	-5.337770e-06	-1.626953e-08	-3.818273e+01	-9.667999e+02
3.290000e-06	-5.343360e-06	-1.629336e-08	-3.822272e+01	-9.682610e+02
3.300000e-06	-5.347012e-06	-1.631056e-08	-3.824884e+01	-9.693938e+02
3.310000e-06	-5.348904e-06	-1.632830e-08	-3.826238e+01	-9.702028e+02
3.320000e-06	-5.349076e-06	-1.634143e-08	-3.826361e+01	-9.706983e+02
