# Temperatura_=_36.2
# Concentracion g/m^3_=_22000.0
# C_Vs_to_Am_M_A/Vsm_=_59384043850.047264
# pendiente_HvsI_1/m_=_3716.3
# ordenada_HvsI_A/m_=_1297.0
# frecuencia_Hz_=_301136.0694312605

Tiempo_(s)	Campo_(V.s)	Magnetizacion_(V.s)	Campo_(kA/m)	Magnetizacion_(A/m)
0.000000e+00	-5.320233e-06	-1.703444e-08	-3.826264e+01	-1.010609e+03
1.000000e-08	-5.318637e-06	-1.703408e-08	-3.825117e+01	-1.010834e+03
2.000000e-08	-5.315154e-06	-1.703250e-08	-3.822612e+01	-1.010865e+03
3.000000e-08	-5.309953e-06	-1.703005e-08	-3.818871e+01	-1.010682e+03
4.000000e-08	-5.303127e-06	-1.701990e-08	-3.813962e+01	-1.010248e+03
5.000000e-08	-5.294649e-06	-1.700233e-08	-3.807865e+01	-1.009531e+03
6.000000e-08	-5.284200e-06	-1.698584e-08	-3.800350e+01	-1.008518e+03
7.000000e-08	-5.271726e-06	-1.697861e-08	-3.791379e+01	-1.007227e+03
8.000000e-08	-5.257303e-06	-1.696009e-08	-3.781006e+01	-1.005704e+03
9.000000e-08	-5.240491e-06	-1.687794e-08	-3.768915e+01	-1.004015e+03
1.000000e-07	-5.221301e-06	-1.682170e-08	-3.755113e+01	-1.002229e+03
1.100000e-07	-5.200239e-06	-1.684138e-08	-3.739966e+01	-1.000397e+03
1.200000e-07	-5.177566e-06	-1.683911e-08	-3.723660e+01	-9.985388e+02
1.300000e-07	-5.153661e-06	-1.684918e-08	-3.706468e+01	-9.966398e+02
1.400000e-07	-5.128593e-06	-1.678265e-08	-3.688439e+01	-9.946572e+02
1.500000e-07	-5.101629e-06	-1.662023e-08	-3.669046e+01	-9.925347e+02
1.600000e-07	-5.072763e-06	-1.667242e-08	-3.648286e+01	-9.902196e+02
1.700000e-07	-5.042434e-06	-1.667160e-08	-3.626474e+01	-9.876783e+02
1.800000e-07	-5.010284e-06	-1.649927e-08	-3.603352e+01	-9.849032e+02
1.900000e-07	-4.976105e-06	-1.649552e-08	-3.578770e+01	-9.819115e+02
2.000000e-07	-4.940210e-06	-1.646756e-08	-3.552956e+01	-9.787354e+02
2.100000e-07	-4.902640e-06	-1.642136e-08	-3.525936e+01	-9.754101e+02
2.200000e-07	-4.863381e-06	-1.639931e-08	-3.497701e+01	-9.719612e+02
2.300000e-07	-4.822412e-06	-1.624958e-08	-3.468236e+01	-9.683986e+02
2.400000e-07	-4.779479e-06	-1.618651e-08	-3.437359e+01	-9.647161e+02
2.500000e-07	-4.734797e-06	-1.618370e-08	-3.405224e+01	-9.608974e+02
2.600000e-07	-4.688436e-06	-1.609457e-08	-3.371882e+01	-9.569246e+02
2.700000e-07	-4.640356e-06	-1.602867e-08	-3.337303e+01	-9.527863e+02
2.800000e-07	-4.590313e-06	-1.594822e-08	-3.301313e+01	-9.484818e+02
2.900000e-07	-4.538062e-06	-1.588857e-08	-3.263734e+01	-9.440208e+02
3.000000e-07	-4.484060e-06	-1.582730e-08	-3.224897e+01	-9.394186e+02
3.100000e-07	-4.428519e-06	-1.570455e-08	-3.184952e+01	-9.346899e+02
3.200000e-07	-4.371413e-06	-1.561003e-08	-3.143882e+01	-9.298433e+02
3.300000e-07	-4.312596e-06	-1.555778e-08	-3.101581e+01	-9.248783e+02
3.400000e-07	-4.252177e-06	-1.550410e-08	-3.058128e+01	-9.197873e+02
3.500000e-07	-4.190360e-06	-1.538011e-08	-3.013670e+01	-9.145588e+02
3.600000e-07	-4.127097e-06	-1.527659e-08	-2.968172e+01	-9.091827e+02
3.700000e-07	-4.062444e-06	-1.522210e-08	-2.921674e+01	-9.036542e+02
3.800000e-07	-3.996180e-06	-1.511141e-08	-2.874018e+01	-8.979749e+02
3.900000e-07	-3.928270e-06	-1.499409e-08	-2.825177e+01	-8.921513e+02
4.000000e-07	-3.859065e-06	-1.489758e-08	-2.775405e+01	-8.861915e+02
4.100000e-07	-3.788630e-06	-1.481543e-08	-2.724749e+01	-8.801011e+02
4.200000e-07	-3.716923e-06	-1.471505e-08	-2.673178e+01	-8.738808e+02
4.300000e-07	-3.643933e-06	-1.458665e-08	-2.620685e+01	-8.675263e+02
4.400000e-07	-3.569345e-06	-1.447960e-08	-2.567041e+01	-8.610302e+02
4.500000e-07	-3.493087e-06	-1.438298e-08	-2.512198e+01	-8.543850e+02
4.600000e-07	-3.415525e-06	-1.427398e-08	-2.456415e+01	-8.475863e+02
4.700000e-07	-3.336714e-06	-1.414237e-08	-2.399735e+01	-8.406343e+02
4.800000e-07	-3.256513e-06	-1.402121e-08	-2.342055e+01	-8.335333e+02
4.900000e-07	-3.174952e-06	-1.391565e-08	-2.283397e+01	-8.262896e+02
5.000000e-07	-3.092261e-06	-1.378506e-08	-2.223927e+01	-8.189082e+02
5.100000e-07	-3.008610e-06	-1.364171e-08	-2.163766e+01	-8.113903e+02
5.200000e-07	-2.924074e-06	-1.351406e-08	-2.102969e+01	-8.037321e+02
5.300000e-07	-2.838648e-06	-1.340282e-08	-2.041531e+01	-7.959258e+02
5.400000e-07	-2.752267e-06	-1.327326e-08	-1.979406e+01	-7.879613e+02
5.500000e-07	-2.665010e-06	-1.312049e-08	-1.916651e+01	-7.798298e+02
5.600000e-07	-2.576970e-06	-1.298126e-08	-1.853334e+01	-7.715255e+02
5.700000e-07	-2.488035e-06	-1.285184e-08	-1.789373e+01	-7.630472e+02
5.800000e-07	-2.397938e-06	-1.270462e-08	-1.724576e+01	-7.543973e+02
5.900000e-07	-2.306740e-06	-1.253831e-08	-1.658987e+01	-7.455796e+02
6.000000e-07	-2.214763e-06	-1.238790e-08	-1.592838e+01	-7.365970e+02
6.100000e-07	-2.122162e-06	-1.225297e-08	-1.526240e+01	-7.274489e+02
6.200000e-07	-2.028888e-06	-1.209865e-08	-1.459158e+01	-7.181304e+02
6.300000e-07	-1.934828e-06	-1.192237e-08	-1.391511e+01	-7.086328e+02
6.400000e-07	-1.840113e-06	-1.175402e-08	-1.323393e+01	-6.989455e+02
6.500000e-07	-1.744877e-06	-1.160215e-08	-1.254900e+01	-6.890586e+02
6.600000e-07	-1.649063e-06	-1.143492e-08	-1.185991e+01	-6.789650e+02
6.700000e-07	-1.552652e-06	-1.124846e-08	-1.116654e+01	-6.686616e+02
6.800000e-07	-1.455579e-06	-1.107112e-08	-1.046839e+01	-6.581489e+02
6.900000e-07	-1.357787e-06	-1.090625e-08	-9.765082e+00	-6.474289e+02
7.000000e-07	-1.259298e-06	-1.072700e-08	-9.056761e+00	-6.365022e+02
7.100000e-07	-1.160267e-06	-1.052670e-08	-8.344538e+00	-6.253654e+02
7.200000e-07	-1.060817e-06	-1.033150e-08	-7.629303e+00	-6.140089e+02
7.300000e-07	-9.610134e-07	-1.014729e-08	-6.911523e+00	-6.024168e+02
7.400000e-07	-8.609426e-07	-9.950370e-09	-6.191823e+00	-5.905693e+02
7.500000e-07	-7.606268e-07	-9.736292e-09	-5.470361e+00	-5.784455e+02
7.600000e-07	-6.601423e-07	-9.526215e-09	-4.747685e+00	-5.660281e+02
7.700000e-07	-5.594900e-07	-9.324294e-09	-4.023803e+00	-5.533060e+02
7.800000e-07	-4.586637e-07	-9.107982e-09	-3.298669e+00	-5.402756e+02
7.900000e-07	-3.577067e-07	-8.872595e-09	-2.572595e+00	-5.269384e+02
8.000000e-07	-2.566200e-07	-8.640666e-09	-1.845588e+00	-5.132968e+02
8.100000e-07	-1.554334e-07	-8.417330e-09	-1.117863e+00	-4.993469e+02
8.200000e-07	-5.417631e-08	-8.181000e-09	-3.896313e-01	-4.850729e+02
8.300000e-07	4.712055e-08	-7.923796e-09	3.388868e-01	-4.704432e+02
8.400000e-07	1.484097e-07	-7.664706e-09	1.067350e+00	-4.554116e+02
8.500000e-07	2.496629e-07	-7.411665e-09	1.795553e+00	-4.399223e+02
8.600000e-07	3.508071e-07	-7.147973e-09	2.522974e+00	-4.239203e+02
8.700000e-07	4.517888e-07	-6.864448e-09	3.249225e+00	-4.073621e+02
8.800000e-07	5.526319e-07	-6.575558e-09	3.974480e+00	-3.902260e+02
8.900000e-07	6.533312e-07	-6.286195e-09	4.698700e+00	-3.725164e+02
9.000000e-07	7.538309e-07	-5.981192e-09	5.421485e+00	-3.542625e+02
9.100000e-07	8.541134e-07	-5.655868e-09	6.142708e+00	-3.355102e+02
9.200000e-07	9.541709e-07	-5.326286e-09	6.862313e+00	-3.163088e+02
9.300000e-07	1.053968e-06	-5.003106e-09	7.580047e+00	-2.966971e+02
9.400000e-07	1.153440e-06	-4.674218e-09	8.295439e+00	-2.766928e+02
9.500000e-07	1.252448e-06	-4.328053e-09	9.007495e+00	-2.562874e+02
9.600000e-07	1.350869e-06	-3.974453e-09	9.715333e+00	-2.354484e+02
9.700000e-07	1.448582e-06	-3.621876e-09	1.041808e+01	-2.141285e+02
9.800000e-07	1.545552e-06	-3.256657e-09	1.111547e+01	-1.922772e+02
9.900000e-07	1.641956e-06	-2.869203e-09	1.180881e+01	-1.698515e+02
1.000000e-06	1.737838e-06	-2.473558e-09	1.249838e+01	-1.468233e+02
1.010000e-06	1.833137e-06	-2.080702e-09	1.318376e+01	-1.231800e+02
1.020000e-06	1.927852e-06	-1.678807e-09	1.386494e+01	-9.891956e+01
1.030000e-06	2.021870e-06	-1.257845e-09	1.454111e+01	-7.404390e+01
1.040000e-06	2.115172e-06	-8.263927e-10	1.521213e+01	-4.855150e+01
1.050000e-06	2.207861e-06	-3.920852e-10	1.587874e+01	-2.243481e+01
1.060000e-06	2.299977e-06	5.468843e-11	1.654123e+01	4.317268e+00
1.070000e-06	2.391364e-06	5.247427e-10	1.719848e+01	3.171212e+01
1.080000e-06	2.481673e-06	1.006399e-09	1.784797e+01	5.974408e+01
1.090000e-06	2.570803e-06	1.486806e-09	1.848899e+01	8.838640e+01
1.100000e-06	2.658950e-06	1.971885e-09	1.912293e+01	1.175877e+02
1.110000e-06	2.746261e-06	2.473767e-09	1.975087e+01	1.472742e+02
1.120000e-06	2.832700e-06	2.985588e-09	2.037253e+01	1.773567e+02
1.130000e-06	2.918160e-06	3.495516e-09	2.098715e+01	2.077403e+02
1.140000e-06	3.002689e-06	4.007421e-09	2.159507e+01	2.383324e+02
1.150000e-06	3.086345e-06	4.527125e-09	2.219672e+01	2.690467e+02
1.160000e-06	3.168912e-06	5.050813e-09	2.279054e+01	2.998027e+02
1.170000e-06	3.250224e-06	5.568542e-09	2.337533e+01	3.305201e+02
1.180000e-06	3.330335e-06	6.080476e-09	2.395147e+01	3.611129e+02
1.190000e-06	3.409261e-06	6.592646e-09	2.451911e+01	3.914853e+02
1.200000e-06	3.486988e-06	7.103379e-09	2.507811e+01	4.215320e+02
1.210000e-06	3.563527e-06	7.602022e-09	2.562857e+01	4.511440e+02
1.220000e-06	3.638725e-06	8.086505e-09	2.616939e+01	4.802181e+02
1.230000e-06	3.712329e-06	8.563017e-09	2.669874e+01	5.086665e+02
1.240000e-06	3.784454e-06	9.034316e-09	2.721746e+01	5.364230e+02
1.250000e-06	3.855280e-06	9.491792e-09	2.772683e+01	5.634436e+02
1.260000e-06	3.924749e-06	9.932031e-09	2.822645e+01	5.897015e+02
1.270000e-06	3.992940e-06	1.036107e-08	2.871687e+01	6.151772e+02
1.280000e-06	4.059755e-06	1.078080e-08	2.919740e+01	6.398494e+02
1.290000e-06	4.124967e-06	1.118499e-08	2.966640e+01	6.636884e+02
1.300000e-06	4.188706e-06	1.156826e-08	3.012480e+01	6.866563e+02
1.310000e-06	4.251068e-06	1.193521e-08	3.057330e+01	7.087122e+02
1.320000e-06	4.312050e-06	1.229147e-08	3.101188e+01	7.298221e+02
1.330000e-06	4.371720e-06	1.263418e-08	3.144102e+01	7.499678e+02
1.340000e-06	4.429781e-06	1.295671e-08	3.185860e+01	7.691520e+02
1.350000e-06	4.486070e-06	1.326279e-08	3.226342e+01	7.873980e+02
1.360000e-06	4.540752e-06	1.355675e-08	3.265669e+01	8.047424e+02
1.370000e-06	4.593740e-06	1.383587e-08	3.303777e+01	8.212248e+02
1.380000e-06	4.644777e-06	1.409694e-08	3.340483e+01	8.368781e+02
1.390000e-06	4.693801e-06	1.434380e-08	3.375740e+01	8.517223e+02
1.400000e-06	4.741079e-06	1.458129e-08	3.409742e+01	8.657651e+02
1.410000e-06	4.786770e-06	1.480768e-08	3.442603e+01	8.790075e+02
1.420000e-06	4.830928e-06	1.501799e-08	3.474360e+01	8.914525e+02
1.430000e-06	4.873305e-06	1.521241e-08	3.504838e+01	9.031133e+02
1.440000e-06	4.913764e-06	1.539543e-08	3.533936e+01	9.140168e+02
1.450000e-06	4.952590e-06	1.556626e-08	3.561859e+01	9.242015e+02
1.460000e-06	4.989825e-06	1.572241e-08	3.588638e+01	9.337103e+02
1.470000e-06	5.025351e-06	1.586852e-08	3.614188e+01	9.425821e+02
1.480000e-06	5.058926e-06	1.600804e-08	3.638335e+01	9.508446e+02
1.490000e-06	5.090601e-06	1.613770e-08	3.661116e+01	9.585129e+02
1.500000e-06	5.120614e-06	1.625546e-08	3.682700e+01	9.655930e+02
1.510000e-06	5.149020e-06	1.636288e-08	3.703130e+01	9.720905e+02
1.520000e-06	5.175568e-06	1.646252e-08	3.722223e+01	9.780190e+02
1.530000e-06	5.199994e-06	1.655257e-08	3.739790e+01	9.834061e+02
1.540000e-06	5.222555e-06	1.663223e-08	3.756016e+01	9.882923e+02
1.550000e-06	5.243487e-06	1.670568e-08	3.771069e+01	9.927252e+02
1.560000e-06	5.262704e-06	1.677410e-08	3.784890e+01	9.967479e+02
1.570000e-06	5.279958e-06	1.683648e-08	3.797299e+01	1.000389e+03
1.580000e-06	5.295247e-06	1.689294e-08	3.808295e+01	1.003659e+03
1.590000e-06	5.308687e-06	1.694187e-08	3.817961e+01	1.006547e+03
1.600000e-06	5.320063e-06	1.698388e-08	3.826142e+01	1.009036e+03
1.610000e-06	5.329256e-06	1.701836e-08	3.832754e+01	1.011112e+03
1.620000e-06	5.336552e-06	1.704459e-08	3.838001e+01	1.012779e+03
1.630000e-06	5.342094e-06	1.706443e-08	3.841987e+01	1.014061e+03
1.640000e-06	5.345838e-06	1.707954e-08	3.844679e+01	1.015004e+03
1.650000e-06	5.347674e-06	1.709030e-08	3.846000e+01	1.015666e+03
1.660000e-06	5.347570e-06	1.709806e-08	3.845925e+01	1.016097e+03
1.670000e-06	5.345757e-06	1.710553e-08	3.844621e+01	1.016331e+03
1.680000e-06	5.342404e-06	1.710848e-08	3.842210e+01	1.016371e+03
1.690000e-06	5.337288e-06	1.710549e-08	3.838530e+01	1.016198e+03
1.700000e-06	5.330252e-06	1.709446e-08	3.833470e+01	1.015775e+03
1.710000e-06	5.321530e-06	1.707760e-08	3.827197e+01	1.015071e+03
1.720000e-06	5.311205e-06	1.705797e-08	3.819772e+01	1.014070e+03
1.730000e-06	5.299168e-06	1.701822e-08	3.811115e+01	1.012790e+03
1.740000e-06	5.285218e-06	1.703540e-08	3.801082e+01	1.011276e+03
1.750000e-06	5.269104e-06	1.707419e-08	3.789493e+01	1.009594e+03
1.760000e-06	5.250618e-06	1.701222e-08	3.776198e+01	1.007812e+03
1.770000e-06	5.229624e-06	1.693372e-08	3.761099e+01	1.005983e+03
1.780000e-06	5.206514e-06	1.680754e-08	3.744479e+01	1.004127e+03
1.790000e-06	5.182160e-06	1.679075e-08	3.726964e+01	1.002232e+03
1.800000e-06	5.156751e-06	1.696173e-08	3.708690e+01	1.000255e+03
1.810000e-06	5.129671e-06	1.681658e-08	3.689214e+01	9.981407e+02
1.820000e-06	5.100803e-06	1.669455e-08	3.668453e+01	9.958350e+02
1.830000e-06	5.070266e-06	1.683282e-08	3.646490e+01	9.933039e+02
1.840000e-06	5.037764e-06	1.671211e-08	3.623115e+01	9.905388e+02
1.850000e-06	5.003456e-06	1.663411e-08	3.598441e+01	9.875561e+02
1.860000e-06	4.967601e-06	1.660092e-08	3.572655e+01	9.843879e+02
1.870000e-06	4.929804e-06	1.644070e-08	3.545472e+01	9.810692e+02
1.880000e-06	4.890150e-06	1.652418e-08	3.516953e+01	9.776263e+02
1.890000e-06	4.848806e-06	1.648965e-08	3.487218e+01	9.740695e+02
1.900000e-06	4.805788e-06	1.631321e-08	3.456280e+01	9.703934e+02
1.910000e-06	4.761269e-06	1.631422e-08	3.424263e+01	9.665817e+02
1.920000e-06	4.714930e-06	1.621124e-08	3.390936e+01	9.626165e+02
1.930000e-06	4.666741e-06	1.617394e-08	3.356279e+01	9.584860e+02
1.940000e-06	4.616888e-06	1.607948e-08	3.320425e+01	9.541891e+02
1.950000e-06	4.565299e-06	1.592896e-08	3.283322e+01	9.497353e+02
1.960000e-06	4.511872e-06	1.598170e-08	3.244898e+01	9.451397e+02
1.970000e-06	4.456558e-06	1.588980e-08	3.205117e+01	9.404172e+02
1.980000e-06	4.399596e-06	1.575774e-08	3.164151e+01	9.355765e+02
1.990000e-06	4.341179e-06	1.564978e-08	3.122138e+01	9.306177e+02
2.000000e-06	4.281290e-06	1.558912e-08	3.079066e+01	9.255332e+02
2.010000e-06	4.219860e-06	1.556721e-08	3.034886e+01	9.203116e+02
2.020000e-06	4.156766e-06	1.537446e-08	2.989510e+01	9.149427e+02
2.030000e-06	4.092183e-06	1.530791e-08	2.943062e+01	9.094214e+02
2.040000e-06	4.026188e-06	1.526256e-08	2.895599e+01	9.037493e+02
2.050000e-06	3.958786e-06	1.514288e-08	2.847124e+01	8.979326e+02
2.060000e-06	3.890005e-06	1.502457e-08	2.797657e+01	8.919793e+02
2.070000e-06	3.819608e-06	1.488008e-08	2.747028e+01	8.858953e+02
2.080000e-06	3.747704e-06	1.485591e-08	2.695316e+01	8.796815e+02
2.090000e-06	3.674476e-06	1.474055e-08	2.642651e+01	8.733338e+02
2.100000e-06	3.599936e-06	1.458382e-08	2.589042e+01	8.668447e+02
2.110000e-06	3.524056e-06	1.447609e-08	2.534470e+01	8.602067e+02
2.120000e-06	3.446598e-06	1.438221e-08	2.478763e+01	8.534153e+02
2.130000e-06	3.367677e-06	1.428937e-08	2.422003e+01	8.464706e+02
2.140000e-06	3.287596e-06	1.411064e-08	2.364410e+01	8.393766e+02
2.150000e-06	3.206432e-06	1.400253e-08	2.306037e+01	8.321397e+02
2.160000e-06	3.124202e-06	1.391330e-08	2.246898e+01	8.247650e+02
2.170000e-06	3.041004e-06	1.378783e-08	2.187063e+01	8.172538e+02
2.180000e-06	2.956809e-06	1.362828e-08	2.126511e+01	8.096027e+02
2.190000e-06	2.871386e-06	1.347753e-08	2.065076e+01	8.018036e+02
2.200000e-06	2.784720e-06	1.338820e-08	2.002746e+01	7.938468e+02
2.210000e-06	2.697032e-06	1.324768e-08	1.939681e+01	7.857231e+02
2.220000e-06	2.608493e-06	1.308099e-08	1.876005e+01	7.774269e+02
2.230000e-06	2.519100e-06	1.292838e-08	1.811715e+01	7.689566e+02
2.240000e-06	2.428933e-06	1.281431e-08	1.746867e+01	7.603146e+02
2.250000e-06	2.338042e-06	1.267682e-08	1.681499e+01	7.515047e+02
2.260000e-06	2.246416e-06	1.249034e-08	1.615603e+01	7.425298e+02
2.270000e-06	2.154032e-06	1.233283e-08	1.549160e+01	7.333894e+02
2.280000e-06	2.060699e-06	1.220111e-08	1.482036e+01	7.240790e+02
2.290000e-06	1.966397e-06	1.205374e-08	1.414215e+01	7.145897e+02
2.300000e-06	1.871339e-06	1.186398e-08	1.345851e+01	7.049112e+02
2.310000e-06	1.775668e-06	1.168630e-08	1.277044e+01	6.950334e+02
2.320000e-06	1.679423e-06	1.153916e-08	1.207826e+01	6.849491e+02
2.330000e-06	1.582618e-06	1.137218e-08	1.138205e+01	6.746550e+02
2.340000e-06	1.485320e-06	1.117111e-08	1.068229e+01	6.641516e+02
2.350000e-06	1.387583e-06	1.098300e-08	9.979371e+00	6.534408e+02
2.360000e-06	1.289334e-06	1.082536e-08	9.272773e+00	6.425234e+02
2.370000e-06	1.190615e-06	1.064771e-08	8.562797e+00	6.313960e+02
2.380000e-06	1.091552e-06	1.043303e-08	7.850348e+00	6.200494e+02
2.390000e-06	9.922113e-07	1.022445e-08	7.135896e+00	6.084679e+02
2.400000e-06	8.926454e-07	1.004108e-08	6.419827e+00	5.966317e+02
2.410000e-06	7.928565e-07	9.843083e-09	5.702154e+00	5.845199e+02
2.420000e-06	6.928318e-07	9.618343e-09	4.982785e+00	5.721151e+02
2.430000e-06	5.925902e-07	9.400521e-09	4.261857e+00	5.594058e+02
2.440000e-06	4.921427e-07	9.202503e-09	3.539447e+00	5.463881e+02
2.450000e-06	3.914923e-07	8.986286e-09	2.815578e+00	5.330637e+02
2.460000e-06	2.906341e-07	8.737216e-09	2.090215e+00	5.194348e+02
2.470000e-06	1.896298e-07	8.490024e-09	1.363801e+00	5.054979e+02
2.480000e-06	8.856369e-08	8.259927e-09	6.369422e-01	4.912377e+02
2.490000e-06	-1.257996e-08	8.019575e-09	-9.047395e-02	4.766233e+02
2.500000e-06	-1.137451e-07	7.753338e-09	-8.180449e-01	4.616088e+02
2.510000e-06	-2.147867e-07	7.491027e-09	-1.544727e+00	4.461386e+02
2.520000e-06	-3.156612e-07	7.239898e-09	-2.270208e+00	4.301576e+02
2.530000e-06	-4.164382e-07	6.969623e-09	-2.994987e+00	4.136217e+02
2.540000e-06	-5.170812e-07	6.666380e-09	-3.718803e+00	3.965081e+02
2.550000e-06	-6.174026e-07	6.356577e-09	-4.440305e+00	3.788204e+02
2.560000e-06	-7.174003e-07	6.058567e-09	-5.159479e+00	3.605871e+02
2.570000e-06	-8.172103e-07	5.748035e-09	-5.877304e+00	3.418535e+02
2.580000e-06	-9.167908e-07	5.413952e-09	-6.593478e+00	3.226692e+02
2.590000e-06	-1.016096e-06	5.080284e-09	-7.307670e+00	3.030735e+02
2.600000e-06	-1.115118e-06	4.758719e-09	-8.019833e+00	2.830851e+02
2.610000e-06	-1.213754e-06	4.423656e-09	-8.729213e+00	2.626962e+02
2.620000e-06	-1.311980e-06	4.060637e-09	-9.435643e+00	2.418753e+02
2.630000e-06	-1.409779e-06	3.693870e-09	-1.013900e+01	2.205753e+02
2.640000e-06	-1.507034e-06	3.335840e-09	-1.083845e+01	1.987456e+02
2.650000e-06	-1.603730e-06	2.964287e-09	-1.153389e+01	1.763428e+02
2.660000e-06	-1.699938e-06	2.565602e-09	-1.222581e+01	1.533383e+02
2.670000e-06	-1.795712e-06	2.162913e-09	-1.291460e+01	1.297188e+02
2.680000e-06	-1.890976e-06	1.768415e-09	-1.359973e+01	1.054822e+02
2.690000e-06	-1.985569e-06	1.358240e-09	-1.428003e+01	8.063034e+01
2.700000e-06	-2.079245e-06	9.184793e-10	-1.495375e+01	5.516188e+01
2.710000e-06	-2.171875e-06	4.703066e-10	-1.561993e+01	2.906949e+01
2.720000e-06	-2.263663e-06	2.878509e-11	-1.628007e+01	2.342105e+00
2.730000e-06	-2.354723e-06	-4.243283e-10	-1.693496e+01	-2.502796e+01
2.740000e-06	-2.444991e-06	-9.040818e-10	-1.758416e+01	-5.303566e+01
2.750000e-06	-2.534373e-06	-1.392812e-09	-1.822699e+01	-8.165510e+01
2.760000e-06	-2.622843e-06	-1.874096e-09	-1.886326e+01	-1.108358e+02
2.770000e-06	-2.710529e-06	-2.363571e-09	-1.949388e+01	-1.405046e+02
2.780000e-06	-2.797367e-06	-2.875283e-09	-2.011842e+01	-1.705728e+02
2.790000e-06	-2.883023e-06	-3.393711e-09	-2.073445e+01	-2.009454e+02
2.800000e-06	-2.967419e-06	-3.901583e-09	-2.134141e+01	-2.315297e+02
2.810000e-06	-3.050773e-06	-4.410238e-09	-2.194089e+01	-2.622393e+02
2.820000e-06	-3.133198e-06	-4.933677e-09	-2.253368e+01	-2.929933e+02
2.830000e-06	-3.214606e-06	-5.460190e-09	-2.311916e+01	-3.237117e+02
2.840000e-06	-3.294938e-06	-5.972062e-09	-2.369690e+01	-3.543088e+02
2.850000e-06	-3.374194e-06	-6.475786e-09	-2.426691e+01	-3.846890e+02
2.860000e-06	-3.452128e-06	-6.982254e-09	-2.482740e+01	-4.147473e+02
2.870000e-06	-3.528506e-06	-7.483987e-09	-2.537671e+01	-4.443749e+02
2.880000e-06	-3.603454e-06	-7.969538e-09	-2.591573e+01	-4.734680e+02
2.890000e-06	-3.677079e-06	-8.444185e-09	-2.644523e+01	-5.019382e+02
2.900000e-06	-3.749444e-06	-8.917256e-09	-2.696567e+01	-5.297184e+02
2.910000e-06	-3.820579e-06	-9.381092e-09	-2.747727e+01	-5.567641e+02
2.920000e-06	-3.890198e-06	-9.823919e-09	-2.797796e+01	-5.830478e+02
2.930000e-06	-3.958222e-06	-1.024632e-08	-2.846718e+01	-6.085499e+02
2.940000e-06	-4.024924e-06	-1.065897e-08	-2.894690e+01	-6.332494e+02
2.950000e-06	-4.090299e-06	-1.106225e-08	-2.941707e+01	-6.571170e+02
2.960000e-06	-4.154330e-06	-1.144836e-08	-2.987758e+01	-6.801148e+02
2.970000e-06	-4.216943e-06	-1.181779e-08	-3.032788e+01	-7.022022e+02
2.980000e-06	-4.277851e-06	-1.217652e-08	-3.076593e+01	-7.233445e+02
2.990000e-06	-4.337206e-06	-1.252287e-08	-3.119280e+01	-7.435228e+02
3.000000e-06	-4.395152e-06	-1.284853e-08	-3.160954e+01	-7.627393e+02
3.010000e-06	-4.451632e-06	-1.315251e-08	-3.201574e+01	-7.810164e+02
3.020000e-06	-4.506469e-06	-1.344293e-08	-3.241013e+01	-7.983905e+02
3.030000e-06	-4.559356e-06	-1.372150e-08	-3.279049e+01	-8.149012e+02
3.040000e-06	-4.610361e-06	-1.398360e-08	-3.315731e+01	-8.305819e+02
3.050000e-06	-4.659559e-06	-1.423171e-08	-3.351114e+01	-8.454530e+02
3.060000e-06	-4.706822e-06	-1.447104e-08	-3.385105e+01	-8.595226e+02
3.070000e-06	-4.752311e-06	-1.469883e-08	-3.417820e+01	-8.727917e+02
3.080000e-06	-4.796277e-06	-1.490895e-08	-3.449440e+01	-8.852631e+02
3.090000e-06	-4.838742e-06	-1.510395e-08	-3.479980e+01	-8.969498e+02
3.100000e-06	-4.879736e-06	-1.528837e-08	-3.509463e+01	-9.078779e+02
3.110000e-06	-4.919208e-06	-1.546203e-08	-3.537851e+01	-9.180857e+02
3.120000e-06	-4.956766e-06	-1.562274e-08	-3.564862e+01	-9.276161e+02
3.130000e-06	-4.992368e-06	-1.577193e-08	-3.590467e+01	-9.365083e+02
3.140000e-06	-5.026279e-06	-1.591361e-08	-3.614856e+01	-9.447904e+02
3.150000e-06	-5.058526e-06	-1.604882e-08	-3.638047e+01	-9.524780e+02
3.160000e-06	-5.088967e-06	-1.617101e-08	-3.659940e+01	-9.595772e+02
3.170000e-06	-5.117469e-06	-1.627881e-08	-3.680439e+01	-9.660935e+02
3.180000e-06	-5.144191e-06	-1.637882e-08	-3.699657e+01	-9.720402e+02
3.190000e-06	-5.169189e-06	-1.647243e-08	-3.717635e+01	-9.774441e+02
3.200000e-06	-5.192364e-06	-1.655551e-08	-3.734302e+01	-9.823456e+02
3.210000e-06	-5.213537e-06	-1.662637e-08	-3.749530e+01	-9.867920e+02
3.220000e-06	-5.232828e-06	-1.669315e-08	-3.763404e+01	-9.908269e+02
3.230000e-06	-5.250451e-06	-1.675767e-08	-3.776078e+01	-9.944798e+02
3.240000e-06	-5.266266e-06	-1.681480e-08	-3.787452e+01	-9.977606e+02
3.250000e-06	-5.279923e-06	-1.686312e-08	-3.797274e+01	-1.000661e+03
3.260000e-06	-5.291342e-06	-1.690462e-08	-3.805486e+01	-1.003163e+03
3.270000e-06	-5.300873e-06	-1.693806e-08	-3.812341e+01	-1.005252e+03
3.280000e-06	-5.308675e-06	-1.696340e-08	-3.817952e+01	-1.006931e+03
3.290000e-06	-5.314488e-06	-1.698386e-08	-3.822133e+01	-1.008224e+03
3.300000e-06	-5.318317e-06	-1.700287e-08	-3.824886e+01	-1.009177e+03
3.310000e-06	-5.320426e-06	-1.702039e-08	-3.826404e+01	-1.009846e+03
3.320000e-06	-5.320797e-06	-1.703020e-08	-3.826670e+01	-1.010283e+03
