# Temperatura_=_77.9
# Concentracion g/m^3_=_22000.0
# C_Vs_to_Am_M_A/Vsm_=_59384043850.047264
# pendiente_HvsI_1/m_=_3716.3
# ordenada_HvsI_A/m_=_1297.0
# frecuencia_Hz_=_301371.9958280877

Tiempo_(s)	Campo_(V.s)	Magnetizacion_(V.s)	Campo_(kA/m)	Magnetizacion_(A/m)
0.000000e+00	-6.655621e-06	-2.344517e-08	-4.769869e+01	-1.392574e+03
1.000000e-08	-6.652592e-06	-2.344292e-08	-4.767698e+01	-1.392439e+03
2.000000e-08	-6.647315e-06	-2.343691e-08	-4.763916e+01	-1.392164e+03
3.000000e-08	-6.639958e-06	-2.343134e-08	-4.758644e+01	-1.391747e+03
4.000000e-08	-6.630389e-06	-2.342462e-08	-4.751786e+01	-1.391180e+03
5.000000e-08	-6.618402e-06	-2.341562e-08	-4.743195e+01	-1.390454e+03
6.000000e-08	-6.604033e-06	-2.339988e-08	-4.732897e+01	-1.389561e+03
7.000000e-08	-6.587289e-06	-2.337559e-08	-4.720897e+01	-1.388501e+03
8.000000e-08	-6.568209e-06	-2.334969e-08	-4.707224e+01	-1.387283e+03
9.000000e-08	-6.546694e-06	-2.333026e-08	-4.691804e+01	-1.385923e+03
1.000000e-07	-6.522527e-06	-2.330426e-08	-4.674485e+01	-1.384438e+03
1.100000e-07	-6.495771e-06	-2.328009e-08	-4.655310e+01	-1.382841e+03
1.200000e-07	-6.466833e-06	-2.327030e-08	-4.634570e+01	-1.381140e+03
1.300000e-07	-6.436158e-06	-2.324725e-08	-4.612587e+01	-1.379331e+03
1.400000e-07	-6.403935e-06	-2.318895e-08	-4.589494e+01	-1.377404e+03
1.500000e-07	-6.369748e-06	-2.318574e-08	-4.564993e+01	-1.375345e+03
1.600000e-07	-6.333298e-06	-2.313950e-08	-4.538870e+01	-1.373141e+03
1.700000e-07	-6.294842e-06	-2.307580e-08	-4.511310e+01	-1.370788e+03
1.800000e-07	-6.254033e-06	-2.306564e-08	-4.482064e+01	-1.368287e+03
1.900000e-07	-6.210751e-06	-2.299301e-08	-4.451045e+01	-1.365645e+03
2.000000e-07	-6.165270e-06	-2.296306e-08	-4.418450e+01	-1.362871e+03
2.100000e-07	-6.117464e-06	-2.292291e-08	-4.384189e+01	-1.359970e+03
2.200000e-07	-6.067115e-06	-2.285441e-08	-4.348105e+01	-1.356944e+03
2.300000e-07	-6.014212e-06	-2.281795e-08	-4.310192e+01	-1.353788e+03
2.400000e-07	-5.959037e-06	-2.275637e-08	-4.270650e+01	-1.350494e+03
2.500000e-07	-5.901709e-06	-2.269953e-08	-4.229565e+01	-1.347053e+03
2.600000e-07	-5.842193e-06	-2.264598e-08	-4.186911e+01	-1.343461e+03
2.700000e-07	-5.780599e-06	-2.257624e-08	-4.142769e+01	-1.339720e+03
2.800000e-07	-5.717021e-06	-2.251123e-08	-4.097205e+01	-1.335834e+03
2.900000e-07	-5.651334e-06	-2.244297e-08	-4.050129e+01	-1.331813e+03
3.000000e-07	-5.583446e-06	-2.237965e-08	-4.001476e+01	-1.327660e+03
3.100000e-07	-5.513525e-06	-2.230052e-08	-3.951365e+01	-1.323377e+03
3.200000e-07	-5.441740e-06	-2.223326e-08	-3.899919e+01	-1.318954e+03
3.300000e-07	-5.367941e-06	-2.216495e-08	-3.847030e+01	-1.314379e+03
3.400000e-07	-5.291957e-06	-2.207324e-08	-3.792575e+01	-1.309637e+03
3.500000e-07	-5.213825e-06	-2.199858e-08	-3.736580e+01	-1.304718e+03
3.600000e-07	-5.133559e-06	-2.191144e-08	-3.679056e+01	-1.299619e+03
3.700000e-07	-5.051384e-06	-2.182105e-08	-3.620164e+01	-1.294344e+03
3.800000e-07	-4.967523e-06	-2.172696e-08	-3.560064e+01	-1.288906e+03
3.900000e-07	-4.882095e-06	-2.163270e-08	-3.498840e+01	-1.283320e+03
4.000000e-07	-4.795144e-06	-2.154009e-08	-3.436525e+01	-1.277596e+03
4.100000e-07	-4.706607e-06	-2.144401e-08	-3.373073e+01	-1.271736e+03
4.200000e-07	-4.616265e-06	-2.134795e-08	-3.308329e+01	-1.265736e+03
4.300000e-07	-4.524107e-06	-2.124415e-08	-3.242282e+01	-1.259581e+03
4.400000e-07	-4.430363e-06	-2.113918e-08	-3.175099e+01	-1.253255e+03
4.500000e-07	-4.335081e-06	-2.102531e-08	-3.106813e+01	-1.246745e+03
4.600000e-07	-4.238245e-06	-2.090903e-08	-3.037414e+01	-1.240044e+03
4.700000e-07	-4.139834e-06	-2.079382e-08	-2.966885e+01	-1.233154e+03
4.800000e-07	-4.039881e-06	-2.067695e-08	-2.895252e+01	-1.226081e+03
4.900000e-07	-3.938498e-06	-2.055619e-08	-2.822595e+01	-1.218833e+03
5.000000e-07	-3.835775e-06	-2.043095e-08	-2.748976e+01	-1.211414e+03
5.100000e-07	-3.731680e-06	-2.030391e-08	-2.674375e+01	-1.203818e+03
5.200000e-07	-3.626169e-06	-2.017245e-08	-2.598758e+01	-1.196030e+03
5.300000e-07	-3.519294e-06	-2.003643e-08	-2.522164e+01	-1.188028e+03
5.400000e-07	-3.411141e-06	-1.989554e-08	-2.444655e+01	-1.179791e+03
5.500000e-07	-3.301838e-06	-1.975447e-08	-2.366321e+01	-1.171300e+03
5.600000e-07	-3.191450e-06	-1.960988e-08	-2.287209e+01	-1.162548e+03
5.700000e-07	-3.079950e-06	-1.945809e-08	-2.207301e+01	-1.153536e+03
5.800000e-07	-2.967295e-06	-1.930042e-08	-2.126565e+01	-1.144274e+03
5.900000e-07	-2.853434e-06	-1.914128e-08	-2.044964e+01	-1.134770e+03
6.000000e-07	-2.738375e-06	-1.897771e-08	-1.962505e+01	-1.125032e+03
6.100000e-07	-2.622172e-06	-1.880765e-08	-1.879226e+01	-1.115056e+03
6.200000e-07	-2.504951e-06	-1.863463e-08	-1.795217e+01	-1.104826e+03
6.300000e-07	-2.386840e-06	-1.845955e-08	-1.710571e+01	-1.094320e+03
6.400000e-07	-2.267965e-06	-1.828163e-08	-1.625377e+01	-1.083512e+03
6.500000e-07	-2.148348e-06	-1.809510e-08	-1.539652e+01	-1.072377e+03
6.600000e-07	-2.027946e-06	-1.789862e-08	-1.453364e+01	-1.060900e+03
6.700000e-07	-1.906746e-06	-1.769627e-08	-1.366503e+01	-1.049072e+03
6.800000e-07	-1.784780e-06	-1.749176e-08	-1.279094e+01	-1.036893e+03
6.900000e-07	-1.662161e-06	-1.728101e-08	-1.191217e+01	-1.024361e+03
7.000000e-07	-1.538952e-06	-1.706252e-08	-1.102918e+01	-1.011473e+03
7.100000e-07	-1.415191e-06	-1.683983e-08	-1.014222e+01	-9.982126e+02
7.200000e-07	-1.290942e-06	-1.661218e-08	-9.251768e+00	-9.845565e+02
7.300000e-07	-1.166268e-06	-1.637655e-08	-8.358263e+00	-9.704725e+02
7.400000e-07	-1.041199e-06	-1.613067e-08	-7.461939e+00	-9.559254e+02
7.500000e-07	-9.157438e-07	-1.587618e-08	-6.562840e+00	-9.408826e+02
7.600000e-07	-7.899378e-07	-1.561407e-08	-5.661229e+00	-9.253170e+02
7.700000e-07	-6.639259e-07	-1.534269e-08	-4.758143e+00	-9.092065e+02
7.800000e-07	-5.377568e-07	-1.505910e-08	-3.853930e+00	-8.925300e+02
7.900000e-07	-4.114064e-07	-1.476500e-08	-2.948417e+00	-8.752604e+02
8.000000e-07	-2.849327e-07	-1.446296e-08	-2.042021e+00	-8.573574e+02
8.100000e-07	-1.583583e-07	-1.415291e-08	-1.134903e+00	-8.387632e+02
8.200000e-07	-3.172716e-08	-1.383096e-08	-2.273783e-01	-8.194017e+02
8.300000e-07	9.491651e-08	-1.349332e-08	6.802360e-01	-7.991839e+02
8.400000e-07	2.215360e-07	-1.313740e-08	1.587677e+00	-7.780160e+02
8.500000e-07	3.480794e-07	-1.276283e-08	2.494572e+00	-7.558091e+02
8.600000e-07	4.745123e-07	-1.236782e-08	3.400677e+00	-7.324862e+02
8.700000e-07	6.007866e-07	-1.194874e-08	4.305644e+00	-7.079852e+02
8.800000e-07	7.268722e-07	-1.151078e-08	5.209259e+00	-6.822548e+02
8.900000e-07	8.527592e-07	-1.105615e-08	6.111450e+00	-6.552456e+02
9.000000e-07	9.783570e-07	-1.058216e-08	7.011569e+00	-6.268976e+02
9.100000e-07	1.103614e-06	-1.008363e-08	7.909243e+00	-5.971285e+02
9.200000e-07	1.228476e-06	-9.555526e-09	8.804089e+00	-5.658254e+02
9.300000e-07	1.352863e-06	-8.996430e-09	9.695536e+00	-5.328423e+02
9.400000e-07	1.476764e-06	-8.403844e-09	1.058349e+01	-4.980041e+02
9.500000e-07	1.600209e-06	-7.776393e-09	1.146818e+01	-4.611169e+02
9.600000e-07	1.723133e-06	-7.112789e-09	1.234914e+01	-4.219812e+02
9.700000e-07	1.845390e-06	-6.410005e-09	1.322532e+01	-3.804061e+02
9.800000e-07	1.966879e-06	-5.663911e-09	1.409599e+01	-3.362233e+02
9.900000e-07	2.087576e-06	-4.869264e-09	1.496099e+01	-2.892994e+02
1.000000e-06	2.207597e-06	-4.026988e-09	1.582113e+01	-2.395474e+02
1.010000e-06	2.326863e-06	-3.138187e-09	1.667588e+01	-1.869374e+02
1.020000e-06	2.445280e-06	-2.201210e-09	1.752453e+01	-1.315094e+02
1.030000e-06	2.562811e-06	-1.215349e-09	1.836684e+01	-7.338566e+01
1.040000e-06	2.679319e-06	-1.864401e-10	1.920181e+01	-1.278275e+01
1.050000e-06	2.794756e-06	8.778389e-10	2.002911e+01	4.998064e+01
1.060000e-06	2.909038e-06	1.969033e-09	2.084813e+01	1.144830e+02
1.070000e-06	3.022094e-06	3.079443e-09	2.165837e+01	1.802098e+02
1.080000e-06	3.134019e-06	4.201862e-09	2.246051e+01	2.465742e+02
1.090000e-06	3.244835e-06	5.324312e-09	2.325469e+01	3.129486e+02
1.100000e-06	3.354581e-06	6.434106e-09	2.404120e+01	3.787021e+02
1.110000e-06	3.463240e-06	7.521524e-09	2.481992e+01	4.432390e+02
1.120000e-06	3.570771e-06	8.580072e-09	2.559056e+01	5.060316e+02
1.130000e-06	3.676962e-06	9.603124e-09	2.635160e+01	5.666439e+02
1.140000e-06	3.781694e-06	1.058264e-08	2.710218e+01	6.247413e+02
1.150000e-06	3.885024e-06	1.151305e-08	2.784271e+01	6.800887e+02
1.160000e-06	3.986938e-06	1.239658e-08	2.857310e+01	7.325383e+02
1.170000e-06	4.087498e-06	1.323141e-08	2.929378e+01	7.820132e+02
1.180000e-06	4.186581e-06	1.401372e-08	3.000388e+01	8.284904e+02
1.190000e-06	4.284086e-06	1.474280e-08	3.070266e+01	8.719878e+02
1.200000e-06	4.380013e-06	1.542235e-08	3.139014e+01	9.125565e+02
1.210000e-06	4.474378e-06	1.605683e-08	3.206642e+01	9.502780e+02
1.220000e-06	4.567251e-06	1.664630e-08	3.273202e+01	9.852628e+02
1.230000e-06	4.658638e-06	1.719089e-08	3.338695e+01	1.017649e+03
1.240000e-06	4.748366e-06	1.769308e-08	3.403001e+01	1.047598e+03
1.250000e-06	4.836307e-06	1.815744e-08	3.466026e+01	1.075285e+03
1.260000e-06	4.922505e-06	1.858625e-08	3.527801e+01	1.100889e+03
1.270000e-06	5.007012e-06	1.898348e-08	3.588364e+01	1.124581e+03
1.280000e-06	5.089775e-06	1.935208e-08	3.647677e+01	1.146515e+03
1.290000e-06	5.170717e-06	1.969304e-08	3.705686e+01	1.166822e+03
1.300000e-06	5.249799e-06	2.000870e-08	3.762362e+01	1.185617e+03
1.310000e-06	5.327000e-06	2.029920e-08	3.817689e+01	1.203000e+03
1.320000e-06	5.402167e-06	2.056785e-08	3.871559e+01	1.219067e+03
1.330000e-06	5.475183e-06	2.081823e-08	3.923887e+01	1.233913e+03
1.340000e-06	5.546159e-06	2.105003e-08	3.974753e+01	1.247638e+03
1.350000e-06	5.615220e-06	2.126247e-08	4.024247e+01	1.260342e+03
1.360000e-06	5.682299e-06	2.145847e-08	4.072320e+01	1.272122e+03
1.370000e-06	5.747287e-06	2.164215e-08	4.118895e+01	1.283063e+03
1.380000e-06	5.810266e-06	2.181171e-08	4.164030e+01	1.293233e+03
1.390000e-06	5.871341e-06	2.196804e-08	4.207801e+01	1.302681e+03
1.400000e-06	5.930408e-06	2.211303e-08	4.250132e+01	1.311442e+03
1.410000e-06	5.987267e-06	2.224833e-08	4.290881e+01	1.319545e+03
1.420000e-06	6.041890e-06	2.237371e-08	4.330027e+01	1.327016e+03
1.430000e-06	6.094196e-06	2.248525e-08	4.367514e+01	1.333892e+03
1.440000e-06	6.143950e-06	2.258691e-08	4.403171e+01	1.340219e+03
1.450000e-06	6.191249e-06	2.268476e-08	4.437068e+01	1.346049e+03
1.460000e-06	6.236479e-06	2.277638e-08	4.469483e+01	1.351437e+03
1.470000e-06	6.279643e-06	2.285962e-08	4.500418e+01	1.356431e+03
1.480000e-06	6.320459e-06	2.293614e-08	4.529669e+01	1.361065e+03
1.490000e-06	6.358980e-06	2.300954e-08	4.557276e+01	1.365354e+03
1.500000e-06	6.395385e-06	2.307575e-08	4.583366e+01	1.369303e+03
1.510000e-06	6.429499e-06	2.313359e-08	4.607815e+01	1.372906e+03
1.520000e-06	6.461234e-06	2.318539e-08	4.630558e+01	1.376158e+03
1.530000e-06	6.490828e-06	2.323154e-08	4.651767e+01	1.379062e+03
1.540000e-06	6.518229e-06	2.327391e-08	4.671404e+01	1.381633e+03
1.550000e-06	6.543201e-06	2.331165e-08	4.689301e+01	1.383900e+03
1.560000e-06	6.565804e-06	2.334630e-08	4.705500e+01	1.385893e+03
1.570000e-06	6.586253e-06	2.337650e-08	4.720155e+01	1.387646e+03
1.580000e-06	6.604456e-06	2.340212e-08	4.733200e+01	1.389184e+03
1.590000e-06	6.620217e-06	2.342208e-08	4.744496e+01	1.390521e+03
1.600000e-06	6.633498e-06	2.343566e-08	4.754014e+01	1.391660e+03
1.610000e-06	6.644200e-06	2.344628e-08	4.761684e+01	1.392599e+03
1.620000e-06	6.652341e-06	2.345724e-08	4.767518e+01	1.393334e+03
1.630000e-06	6.658149e-06	2.346728e-08	4.771680e+01	1.393867e+03
1.640000e-06	6.661725e-06	2.347356e-08	4.774244e+01	1.394207e+03
1.650000e-06	6.662885e-06	2.347907e-08	4.775075e+01	1.394367e+03
1.660000e-06	6.661703e-06	2.347962e-08	4.774228e+01	1.394365e+03
1.670000e-06	6.658468e-06	2.347594e-08	4.771909e+01	1.394216e+03
1.680000e-06	6.653038e-06	2.346679e-08	4.768017e+01	1.393925e+03
1.690000e-06	6.645338e-06	2.345383e-08	4.762500e+01	1.393492e+03
1.700000e-06	6.635583e-06	2.344273e-08	4.755508e+01	1.392909e+03
1.710000e-06	6.623649e-06	2.343006e-08	4.746955e+01	1.392165e+03
1.720000e-06	6.609290e-06	2.342003e-08	4.736665e+01	1.391254e+03
1.730000e-06	6.592813e-06	2.341813e-08	4.724856e+01	1.390177e+03
1.740000e-06	6.574338e-06	2.339330e-08	4.711616e+01	1.388943e+03
1.750000e-06	6.553126e-06	2.337135e-08	4.696414e+01	1.387569e+03
1.760000e-06	6.528757e-06	2.334469e-08	4.678950e+01	1.386071e+03
1.770000e-06	6.501720e-06	2.328680e-08	4.659573e+01	1.384463e+03
1.780000e-06	6.472402e-06	2.326639e-08	4.638562e+01	1.382751e+03
1.790000e-06	6.441161e-06	2.325981e-08	4.616172e+01	1.380930e+03
1.800000e-06	6.408327e-06	2.317871e-08	4.592641e+01	1.378989e+03
1.810000e-06	6.373604e-06	2.317821e-08	4.567757e+01	1.376915e+03
1.820000e-06	6.336727e-06	2.315286e-08	4.541328e+01	1.374696e+03
1.830000e-06	6.297617e-06	2.307792e-08	4.513299e+01	1.372327e+03
1.840000e-06	6.256142e-06	2.308566e-08	4.483575e+01	1.369810e+03
1.850000e-06	6.212570e-06	2.299573e-08	4.452349e+01	1.367153e+03
1.860000e-06	6.166855e-06	2.295073e-08	4.419586e+01	1.364365e+03
1.870000e-06	6.118806e-06	2.292431e-08	4.385151e+01	1.361451e+03
1.880000e-06	6.068617e-06	2.284849e-08	4.349182e+01	1.358412e+03
1.890000e-06	6.015923e-06	2.282534e-08	4.311418e+01	1.355241e+03
1.900000e-06	5.960731e-06	2.274405e-08	4.271864e+01	1.351932e+03
1.910000e-06	5.903425e-06	2.269144e-08	4.230794e+01	1.348475e+03
1.920000e-06	5.844038e-06	2.264743e-08	4.188234e+01	1.344867e+03
1.930000e-06	5.782519e-06	2.255411e-08	4.144145e+01	1.341109e+03
1.940000e-06	5.718815e-06	2.250247e-08	4.098490e+01	1.337209e+03
1.950000e-06	5.653089e-06	2.241680e-08	4.051387e+01	1.333173e+03
1.960000e-06	5.585293e-06	2.236739e-08	4.002799e+01	1.329007e+03
1.970000e-06	5.515285e-06	2.229183e-08	3.952627e+01	1.324709e+03
1.980000e-06	5.443239e-06	2.220433e-08	3.900994e+01	1.320270e+03
1.990000e-06	5.369233e-06	2.214690e-08	3.847956e+01	1.315678e+03
2.000000e-06	5.293166e-06	2.204523e-08	3.793441e+01	1.310918e+03
2.010000e-06	5.214907e-06	2.197419e-08	3.737355e+01	1.305980e+03
2.020000e-06	5.134714e-06	2.187045e-08	3.679884e+01	1.300861e+03
2.030000e-06	5.052845e-06	2.178464e-08	3.621211e+01	1.295568e+03
2.040000e-06	4.969222e-06	2.170447e-08	3.561281e+01	1.290114e+03
2.050000e-06	4.883738e-06	2.160541e-08	3.500017e+01	1.284512e+03
2.060000e-06	4.796363e-06	2.151381e-08	3.437398e+01	1.278773e+03
2.070000e-06	4.707300e-06	2.139956e-08	3.373570e+01	1.272899e+03
2.080000e-06	4.616669e-06	2.130618e-08	3.308618e+01	1.266883e+03
2.090000e-06	4.524486e-06	2.119472e-08	3.242553e+01	1.260710e+03
2.100000e-06	4.430576e-06	2.108555e-08	3.175251e+01	1.254365e+03
2.110000e-06	4.334953e-06	2.097415e-08	3.106721e+01	1.247835e+03
2.120000e-06	4.237840e-06	2.086168e-08	3.037123e+01	1.241114e+03
2.130000e-06	4.139371e-06	2.075289e-08	2.966554e+01	1.234203e+03
2.140000e-06	4.039515e-06	2.062809e-08	2.894990e+01	1.227112e+03
2.150000e-06	3.938053e-06	2.050820e-08	2.822276e+01	1.219846e+03
2.160000e-06	3.835018e-06	2.038292e-08	2.748434e+01	1.212408e+03
2.170000e-06	3.730588e-06	2.025790e-08	2.673592e+01	1.204792e+03
2.180000e-06	3.624930e-06	2.012045e-08	2.597871e+01	1.196982e+03
2.190000e-06	3.518148e-06	1.998061e-08	2.521343e+01	1.188956e+03
2.200000e-06	3.410210e-06	1.984006e-08	2.443987e+01	1.180693e+03
2.210000e-06	3.301025e-06	1.969858e-08	2.365738e+01	1.172174e+03
2.220000e-06	3.190558e-06	1.955346e-08	2.286570e+01	1.163394e+03
2.230000e-06	3.078852e-06	1.940267e-08	2.206514e+01	1.154355e+03
2.240000e-06	2.965967e-06	1.924816e-08	2.125613e+01	1.145066e+03
2.250000e-06	2.851989e-06	1.908640e-08	2.043929e+01	1.135537e+03
2.260000e-06	2.736991e-06	1.891929e-08	1.961513e+01	1.125774e+03
2.270000e-06	2.620946e-06	1.874526e-08	1.878347e+01	1.115771e+03
2.280000e-06	2.503718e-06	1.857324e-08	1.794334e+01	1.105513e+03
2.290000e-06	2.385417e-06	1.839925e-08	1.709552e+01	1.094976e+03
2.300000e-06	2.266279e-06	1.822041e-08	1.624169e+01	1.084133e+03
2.310000e-06	2.146319e-06	1.803195e-08	1.538198e+01	1.072963e+03
2.320000e-06	2.025556e-06	1.783822e-08	1.451651e+01	1.061448e+03
2.330000e-06	1.904079e-06	1.764060e-08	1.364592e+01	1.049583e+03
2.340000e-06	1.781951e-06	1.743479e-08	1.277067e+01	1.037366e+03
2.350000e-06	1.659269e-06	1.722109e-08	1.189145e+01	1.024797e+03
2.360000e-06	1.536124e-06	1.700153e-08	1.100891e+01	1.011869e+03
2.370000e-06	1.412481e-06	1.678084e-08	1.012279e+01	9.985678e+02
2.380000e-06	1.288299e-06	1.655242e-08	9.232824e+00	9.848675e+02
2.390000e-06	1.163547e-06	1.631424e-08	8.338765e+00	9.707355e+02
2.400000e-06	1.038271e-06	1.606731e-08	7.440952e+00	9.561368e+02
2.410000e-06	9.125674e-07	1.581440e-08	6.540077e+00	9.410392e+02
2.420000e-06	7.865038e-07	1.555472e-08	5.636619e+00	9.254161e+02
2.430000e-06	6.601967e-07	1.528195e-08	4.731417e+00	9.092460e+02
2.440000e-06	5.337168e-07	1.499935e-08	3.824977e+00	8.925074e+02
2.450000e-06	4.070966e-07	1.470958e-08	2.917530e+00	8.751722e+02
2.460000e-06	2.803141e-07	1.441023e-08	2.008921e+00	8.571983e+02
2.470000e-06	1.533962e-07	1.409561e-08	1.099341e+00	8.385258e+02
2.480000e-06	2.640648e-08	1.376518e-08	1.892467e-01	8.190770e+02
2.490000e-06	-1.006149e-07	1.342147e-08	-7.210749e-01	7.987619e+02
2.500000e-06	-2.275860e-07	1.306468e-08	-1.631035e+00	7.774867e+02
2.510000e-06	-3.544349e-07	1.269030e-08	-2.540121e+00	7.551636e+02
2.520000e-06	-4.811565e-07	1.229440e-08	-3.448294e+00	7.317172e+02
2.530000e-06	-6.077521e-07	1.188050e-08	-4.355563e+00	7.070868e+02
2.540000e-06	-7.341307e-07	1.144873e-08	-5.261278e+00	6.812219e+02
2.550000e-06	-8.601988e-07	1.099345e-08	-6.164767e+00	6.540723e+02
2.560000e-06	-9.858680e-07	1.051328e-08	-7.065398e+00	6.255765e+02
2.570000e-06	-1.111082e-06	1.001081e-08	-7.962765e+00	5.956491e+02
2.580000e-06	-1.235821e-06	9.483933e-09	-8.856732e+00	5.641735e+02
2.590000e-06	-1.360113e-06	8.927900e-09	-9.747490e+00	5.310004e+02
2.600000e-06	-1.483937e-06	8.339782e-09	-1.063490e+01	4.959522e+02
2.610000e-06	-1.607243e-06	7.718856e-09	-1.151859e+01	4.588336e+02
2.620000e-06	-1.729947e-06	7.061022e-09	-1.239797e+01	4.194454e+02
2.630000e-06	-1.852038e-06	6.360140e-09	-1.327296e+01	3.775984e+02
2.640000e-06	-1.973551e-06	5.612594e-09	-1.414380e+01	3.331275e+02
2.650000e-06	-2.094339e-06	4.820103e-09	-1.500945e+01	2.859039e+02
2.660000e-06	-2.214349e-06	3.983727e-09	-1.586952e+01	2.358459e+02
2.670000e-06	-2.333601e-06	3.098819e-09	-1.672417e+01	1.829308e+02
2.680000e-06	-2.451981e-06	2.163813e-09	-1.757256e+01	1.272065e+02
2.690000e-06	-2.569307e-06	1.184766e-09	-1.841340e+01	6.880504e+01
2.700000e-06	-2.685568e-06	1.680351e-10	-1.924660e+01	7.953555e+00
2.710000e-06	-2.800728e-06	-8.852678e-10	-2.007191e+01	-5.501808e+01
2.720000e-06	-2.914742e-06	-1.970353e-09	-2.088902e+01	-1.196778e+02
2.730000e-06	-3.027627e-06	-3.075744e-09	-2.169803e+01	-1.855019e+02
2.740000e-06	-3.139273e-06	-4.189207e-09	-2.249815e+01	-2.518978e+02
2.750000e-06	-3.249704e-06	-5.302400e-09	-2.328958e+01	-3.182356e+02
2.760000e-06	-3.358938e-06	-6.406605e-09	-2.407242e+01	-3.838863e+02
2.770000e-06	-3.467047e-06	-7.488986e-09	-2.484721e+01	-4.482600e+02
2.780000e-06	-3.574103e-06	-8.540581e-09	-2.561444e+01	-5.108382e+02
2.790000e-06	-3.680006e-06	-9.556266e-09	-2.637341e+01	-5.711952e+02
2.800000e-06	-3.784621e-06	-1.053167e-08	-2.712316e+01	-6.290075e+02
2.810000e-06	-3.887759e-06	-1.145975e-08	-2.786231e+01	-6.840501e+02
2.820000e-06	-3.989341e-06	-1.233618e-08	-2.859032e+01	-7.361836e+02
2.830000e-06	-4.089494e-06	-1.316405e-08	-2.930808e+01	-7.853376e+02
2.840000e-06	-4.188280e-06	-1.394269e-08	-3.001605e+01	-8.314941e+02
2.850000e-06	-4.285678e-06	-1.467002e-08	-3.071407e+01	-8.746747e+02
2.860000e-06	-4.381622e-06	-1.534962e-08	-3.140167e+01	-9.149340e+02
2.870000e-06	-4.475900e-06	-1.598382e-08	-3.207733e+01	-9.523564e+02
2.880000e-06	-4.568560e-06	-1.657215e-08	-3.274140e+01	-9.870557e+02
2.890000e-06	-4.659648e-06	-1.711506e-08	-3.339420e+01	-1.019173e+03
2.900000e-06	-4.749116e-06	-1.761482e-08	-3.403538e+01	-1.048871e+03
2.910000e-06	-4.836952e-06	-1.807535e-08	-3.466487e+01	-1.076326e+03
2.920000e-06	-4.922972e-06	-1.850303e-08	-3.528135e+01	-1.101718e+03
2.930000e-06	-5.007153e-06	-1.890057e-08	-3.588465e+01	-1.125214e+03
2.940000e-06	-5.089656e-06	-1.926959e-08	-3.647592e+01	-1.146967e+03
2.950000e-06	-5.170479e-06	-1.961223e-08	-3.705516e+01	-1.167108e+03
2.960000e-06	-5.249369e-06	-1.992987e-08	-3.762054e+01	-1.185747e+03
2.970000e-06	-5.326154e-06	-2.022131e-08	-3.817082e+01	-1.202984e+03
2.980000e-06	-5.400903e-06	-2.048682e-08	-3.870653e+01	-1.218916e+03
2.990000e-06	-5.473761e-06	-2.073238e-08	-3.922868e+01	-1.233637e+03
3.000000e-06	-5.544622e-06	-2.096143e-08	-3.973652e+01	-1.247247e+03
3.010000e-06	-5.613380e-06	-2.117360e-08	-4.022928e+01	-1.259848e+03
3.020000e-06	-5.680163e-06	-2.137161e-08	-4.070789e+01	-1.271535e+03
3.030000e-06	-5.745022e-06	-2.155793e-08	-4.117272e+01	-1.282390e+03
3.040000e-06	-5.807826e-06	-2.173077e-08	-4.162282e+01	-1.292480e+03
3.050000e-06	-5.868497e-06	-2.188950e-08	-4.205763e+01	-1.301853e+03
3.060000e-06	-5.927094e-06	-2.203580e-08	-4.247757e+01	-1.310543e+03
3.070000e-06	-5.983613e-06	-2.217371e-08	-4.288262e+01	-1.318576e+03
3.080000e-06	-6.037933e-06	-2.230152e-08	-4.327192e+01	-1.325982e+03
3.090000e-06	-6.089868e-06	-2.241791e-08	-4.364412e+01	-1.332797e+03
3.100000e-06	-6.139248e-06	-2.252290e-08	-4.399801e+01	-1.339067e+03
3.110000e-06	-6.186168e-06	-2.262014e-08	-4.433427e+01	-1.344848e+03
3.120000e-06	-6.230998e-06	-2.271158e-08	-4.465555e+01	-1.350192e+03
3.130000e-06	-6.273860e-06	-2.279586e-08	-4.496273e+01	-1.355146e+03
3.140000e-06	-6.314722e-06	-2.287416e-08	-4.525558e+01	-1.359742e+03
3.150000e-06	-6.353424e-06	-2.294734e-08	-4.553294e+01	-1.363995e+03
3.160000e-06	-6.389801e-06	-2.301492e-08	-4.579364e+01	-1.367907e+03
3.170000e-06	-6.423947e-06	-2.307457e-08	-4.603835e+01	-1.371473e+03
3.180000e-06	-6.455866e-06	-2.312783e-08	-4.626711e+01	-1.374687e+03
3.190000e-06	-6.485385e-06	-2.317818e-08	-4.647866e+01	-1.377554e+03
3.200000e-06	-6.512556e-06	-2.322297e-08	-4.667339e+01	-1.380092e+03
3.210000e-06	-6.537542e-06	-2.326148e-08	-4.685246e+01	-1.382327e+03
3.220000e-06	-6.560225e-06	-2.329512e-08	-4.701502e+01	-1.384293e+03
3.230000e-06	-6.580496e-06	-2.332470e-08	-4.716029e+01	-1.386022e+03
3.240000e-06	-6.598499e-06	-2.335163e-08	-4.728932e+01	-1.387538e+03
3.250000e-06	-6.614190e-06	-2.337408e-08	-4.740176e+01	-1.388854e+03
3.260000e-06	-6.627239e-06	-2.339407e-08	-4.749528e+01	-1.389972e+03
3.270000e-06	-6.637733e-06	-2.341257e-08	-4.757049e+01	-1.390889e+03
3.280000e-06	-6.645948e-06	-2.342800e-08	-4.762936e+01	-1.391602e+03
3.290000e-06	-6.651761e-06	-2.343747e-08	-4.767103e+01	-1.392114e+03
3.300000e-06	-6.655203e-06	-2.344165e-08	-4.769569e+01	-1.392434e+03
3.310000e-06	-6.656457e-06	-2.344313e-08	-4.770468e+01	-1.392576e+03
