# Temperatura_=_65.09
# Concentracion g/m^3_=_22000.0
# C_Vs_to_Am_M_A/Vsm_=_59384043850.047264
# pendiente_HvsI_1/m_=_3716.3
# ordenada_HvsI_A/m_=_1297.0
# frecuencia_Hz_=_301373.54903775733

Tiempo_(s)	Campo_(V.s)	Magnetizacion_(V.s)	Campo_(kA/m)	Magnetizacion_(A/m)
0.000000e+00	-6.638483e-06	-2.302269e-08	-4.770310e+01	-1.366912e+03
1.000000e-08	-6.635639e-06	-2.301859e-08	-4.768266e+01	-1.366767e+03
2.000000e-08	-6.630558e-06	-2.301172e-08	-4.764615e+01	-1.366506e+03
3.000000e-08	-6.623513e-06	-2.300378e-08	-4.759553e+01	-1.366135e+03
4.000000e-08	-6.614287e-06	-2.299566e-08	-4.752922e+01	-1.365637e+03
5.000000e-08	-6.602587e-06	-2.298454e-08	-4.744515e+01	-1.364982e+03
6.000000e-08	-6.588513e-06	-2.297372e-08	-4.734402e+01	-1.364137e+03
7.000000e-08	-6.572032e-06	-2.296595e-08	-4.722559e+01	-1.363083e+03
8.000000e-08	-6.553210e-06	-2.293619e-08	-4.709034e+01	-1.361823e+03
9.000000e-08	-6.531974e-06	-2.288742e-08	-4.693774e+01	-1.360385e+03
1.000000e-07	-6.508006e-06	-2.286338e-08	-4.676551e+01	-1.358811e+03
1.100000e-07	-6.481443e-06	-2.286084e-08	-4.657463e+01	-1.357145e+03
1.200000e-07	-6.452719e-06	-2.283936e-08	-4.636823e+01	-1.355419e+03
1.300000e-07	-6.422263e-06	-2.281300e-08	-4.614937e+01	-1.353639e+03
1.400000e-07	-6.390310e-06	-2.279487e-08	-4.591976e+01	-1.351787e+03
1.500000e-07	-6.356350e-06	-2.272836e-08	-4.567573e+01	-1.349826e+03
1.600000e-07	-6.320059e-06	-2.270184e-08	-4.541495e+01	-1.347717e+03
1.700000e-07	-6.281821e-06	-2.267753e-08	-4.514018e+01	-1.345429e+03
1.800000e-07	-6.241330e-06	-2.260265e-08	-4.484921e+01	-1.342954e+03
1.900000e-07	-6.198314e-06	-2.258324e-08	-4.454011e+01	-1.340304e+03
2.000000e-07	-6.153106e-06	-2.254610e-08	-4.421526e+01	-1.337510e+03
2.100000e-07	-6.105676e-06	-2.249299e-08	-4.387443e+01	-1.334604e+03
2.200000e-07	-6.055758e-06	-2.243901e-08	-4.351572e+01	-1.331611e+03
2.300000e-07	-6.003241e-06	-2.237569e-08	-4.313835e+01	-1.328537e+03
2.400000e-07	-5.948358e-06	-2.233143e-08	-4.274397e+01	-1.325368e+03
2.500000e-07	-5.891307e-06	-2.227224e-08	-4.233401e+01	-1.322077e+03
2.600000e-07	-5.832036e-06	-2.222910e-08	-4.190810e+01	-1.318633e+03
2.700000e-07	-5.770692e-06	-2.217894e-08	-4.146729e+01	-1.315016e+03
2.800000e-07	-5.707409e-06	-2.209740e-08	-4.101254e+01	-1.311219e+03
2.900000e-07	-5.642050e-06	-2.202958e-08	-4.054289e+01	-1.307250e+03
3.000000e-07	-5.574522e-06	-2.195720e-08	-4.005764e+01	-1.303130e+03
3.100000e-07	-5.504951e-06	-2.188697e-08	-3.955771e+01	-1.298880e+03
3.200000e-07	-5.433518e-06	-2.181684e-08	-3.904440e+01	-1.294512e+03
3.300000e-07	-5.360086e-06	-2.175037e-08	-3.851673e+01	-1.290025e+03
3.400000e-07	-5.284481e-06	-2.168367e-08	-3.797345e+01	-1.285409e+03
3.500000e-07	-5.206789e-06	-2.159923e-08	-3.741517e+01	-1.280644e+03
3.600000e-07	-5.127011e-06	-2.151271e-08	-3.684190e+01	-1.275713e+03
3.700000e-07	-5.045240e-06	-2.141483e-08	-3.625430e+01	-1.270606e+03
3.800000e-07	-4.961737e-06	-2.132513e-08	-3.565426e+01	-1.265326e+03
3.900000e-07	-4.876678e-06	-2.123783e-08	-3.504304e+01	-1.259882e+03
4.000000e-07	-4.790102e-06	-2.114564e-08	-3.442092e+01	-1.254290e+03
4.100000e-07	-4.701921e-06	-2.105319e-08	-3.378726e+01	-1.248561e+03
4.200000e-07	-4.611957e-06	-2.095676e-08	-3.314080e+01	-1.242695e+03
4.300000e-07	-4.520178e-06	-2.086079e-08	-3.248129e+01	-1.236687e+03
4.400000e-07	-4.426735e-06	-2.075159e-08	-3.180982e+01	-1.230519e+03
4.500000e-07	-4.331791e-06	-2.063766e-08	-3.112757e+01	-1.224177e+03
4.600000e-07	-4.235352e-06	-2.052672e-08	-3.043457e+01	-1.217645e+03
4.700000e-07	-4.137312e-06	-2.041810e-08	-2.973007e+01	-1.210920e+03
4.800000e-07	-4.037675e-06	-2.030266e-08	-2.901410e+01	-1.204003e+03
4.900000e-07	-3.936652e-06	-2.018036e-08	-2.828816e+01	-1.196900e+03
5.000000e-07	-3.834327e-06	-2.006017e-08	-2.755287e+01	-1.189618e+03
5.100000e-07	-3.730645e-06	-1.993479e-08	-2.680783e+01	-1.182157e+03
5.200000e-07	-3.625580e-06	-1.980447e-08	-2.605285e+01	-1.174510e+03
5.300000e-07	-3.519157e-06	-1.966956e-08	-2.528811e+01	-1.166664e+03
5.400000e-07	-3.411417e-06	-1.953437e-08	-2.451391e+01	-1.158603e+03
5.500000e-07	-3.302509e-06	-1.939836e-08	-2.373131e+01	-1.150313e+03
5.600000e-07	-3.192529e-06	-1.925651e-08	-2.294102e+01	-1.141785e+03
5.700000e-07	-3.081453e-06	-1.910616e-08	-2.214284e+01	-1.133017e+03
5.800000e-07	-2.969280e-06	-1.895205e-08	-2.133678e+01	-1.124011e+03
5.900000e-07	-2.855931e-06	-1.879745e-08	-2.052227e+01	-1.114769e+03
6.000000e-07	-2.741350e-06	-1.863654e-08	-1.969891e+01	-1.105289e+03
6.100000e-07	-2.625588e-06	-1.847123e-08	-1.886706e+01	-1.095565e+03
6.200000e-07	-2.508803e-06	-1.830474e-08	-1.802787e+01	-1.085584e+03
6.300000e-07	-2.391117e-06	-1.813705e-08	-1.718219e+01	-1.075331e+03
6.400000e-07	-2.272635e-06	-1.796194e-08	-1.633080e+01	-1.064791e+03
6.500000e-07	-2.153428e-06	-1.777715e-08	-1.547419e+01	-1.053950e+03
6.600000e-07	-2.033437e-06	-1.758546e-08	-1.461196e+01	-1.042801e+03
6.700000e-07	-1.912673e-06	-1.739009e-08	-1.374417e+01	-1.031334e+03
6.800000e-07	-1.791197e-06	-1.719108e-08	-1.287126e+01	-1.019541e+03
6.900000e-07	-1.669032e-06	-1.698638e-08	-1.199340e+01	-1.007408e+03
7.000000e-07	-1.546195e-06	-1.677669e-08	-1.111072e+01	-9.949156e+02
7.100000e-07	-1.422719e-06	-1.656255e-08	-1.022344e+01	-9.820410e+02
7.200000e-07	-1.298705e-06	-1.634199e-08	-9.332290e+00	-9.687594e+02
7.300000e-07	-1.174256e-06	-1.611118e-08	-8.438018e+00	-9.550487e+02
7.400000e-07	-1.049432e-06	-1.587159e-08	-7.541054e+00	-9.408918e+02
7.500000e-07	-9.242840e-07	-1.562571e-08	-6.641760e+00	-9.262757e+02
7.600000e-07	-7.988479e-07	-1.537282e-08	-5.740395e+00	-9.111887e+02
7.700000e-07	-6.731967e-07	-1.510922e-08	-4.837486e+00	-8.956142e+02
7.800000e-07	-5.473705e-07	-1.483416e-08	-3.933319e+00	-8.795257e+02
7.900000e-07	-4.213257e-07	-1.455126e-08	-3.027580e+00	-8.628822e+02
8.000000e-07	-2.951227e-07	-1.426090e-08	-2.120705e+00	-8.456284e+02
8.100000e-07	-1.688191e-07	-1.396220e-08	-1.213107e+00	-8.276973e+02
8.200000e-07	-4.244111e-08	-1.365260e-08	-3.049751e-01	-8.090165e+02
8.300000e-07	8.394928e-08	-1.332868e-08	6.032463e-01	-7.895137e+02
8.400000e-07	2.102900e-07	-1.298599e-08	1.511111e+00	-7.691219e+02
8.500000e-07	3.365223e-07	-1.262339e-08	2.418196e+00	-7.477810e+02
8.600000e-07	4.626146e-07	-1.224112e-08	3.324276e+00	-7.254360e+02
8.700000e-07	5.885711e-07	-1.184152e-08	4.229379e+00	-7.020332e+02
8.800000e-07	7.143489e-07	-1.142727e-08	5.133199e+00	-6.775151e+02
8.900000e-07	8.398605e-07	-1.099670e-08	6.035105e+00	-6.518164e+02
9.000000e-07	9.651431e-07	-1.054656e-08	6.935367e+00	-6.248610e+02
9.100000e-07	1.090137e-06	-1.007345e-08	7.833551e+00	-5.965605e+02
9.200000e-07	1.214747e-06	-9.573267e-09	8.728985e+00	-5.668135e+02
9.300000e-07	1.338966e-06	-9.041762e-09	9.621603e+00	-5.355048e+02
9.400000e-07	1.462704e-06	-8.476443e-09	1.051076e+01	-5.025042e+02
9.500000e-07	1.585880e-06	-7.880494e-09	1.139589e+01	-4.676659e+02
9.600000e-07	1.708442e-06	-7.256596e-09	1.227659e+01	-4.308294e+02
9.700000e-07	1.830338e-06	-6.599089e-09	1.315252e+01	-3.918241e+02
9.800000e-07	1.951502e-06	-5.902009e-09	1.402319e+01	-3.504787e+02
9.900000e-07	2.071937e-06	-5.162302e-09	1.488861e+01	-3.066354e+02
1.000000e-06	2.191633e-06	-4.377448e-09	1.574873e+01	-2.601680e+02
1.010000e-06	2.310548e-06	-3.545142e-09	1.660323e+01	-2.110014e+02
1.020000e-06	2.428654e-06	-2.664564e-09	1.745193e+01	-1.591290e+02
1.030000e-06	2.545937e-06	-1.736681e-09	1.829470e+01	-1.046271e+02
1.040000e-06	2.662283e-06	-7.688313e-10	1.913075e+01	-4.766189e+01
1.050000e-06	2.777478e-06	2.317928e-10	1.995852e+01	1.150800e+01
1.060000e-06	2.891500e-06	1.261812e-09	2.077786e+01	7.253652e+01
1.070000e-06	3.004324e-06	2.316765e-09	2.158860e+01	1.349994e+02
1.080000e-06	3.116001e-06	3.388990e-09	2.239109e+01	1.984080e+02
1.090000e-06	3.226655e-06	4.467659e-09	2.318624e+01	2.622277e+02
1.100000e-06	3.336252e-06	5.543260e-09	2.397379e+01	3.258999e+02
1.110000e-06	3.444737e-06	6.607465e-09	2.475334e+01	3.888674e+02
1.120000e-06	3.552053e-06	7.651258e-09	2.552450e+01	4.506020e+02
1.130000e-06	3.658090e-06	8.664501e-09	2.628646e+01	5.106308e+02
1.140000e-06	3.762647e-06	9.639906e-09	2.703779e+01	5.685580e+02
1.150000e-06	3.865786e-06	1.057321e-08	2.777893e+01	6.240791e+02
1.160000e-06	3.967603e-06	1.146333e-08	2.851057e+01	6.769835e+02
1.170000e-06	4.068058e-06	1.230815e-08	2.923243e+01	7.271478e+02
1.180000e-06	4.167105e-06	1.310379e-08	2.994416e+01	7.745193e+02
1.190000e-06	4.264459e-06	1.385200e-08	3.064374e+01	8.190968e+02
1.200000e-06	4.360146e-06	1.455610e-08	3.133133e+01	8.609119e+02
1.210000e-06	4.454356e-06	1.521521e-08	3.200831e+01	9.000162e+02
1.220000e-06	4.547137e-06	1.582853e-08	3.267501e+01	9.364765e+02
1.230000e-06	4.638433e-06	1.639713e-08	3.333105e+01	9.703758e+02
1.240000e-06	4.728004e-06	1.692271e-08	3.397470e+01	1.001819e+03
1.250000e-06	4.815789e-06	1.740983e-08	3.460550e+01	1.030934e+03
1.260000e-06	4.901865e-06	1.786125e-08	3.522404e+01	1.057876e+03
1.270000e-06	4.986326e-06	1.827929e-08	3.583096e+01	1.082813e+03
1.280000e-06	5.069124e-06	1.866868e-08	3.642593e+01	1.105916e+03
1.290000e-06	5.150037e-06	1.902918e-08	3.700736e+01	1.127346e+03
1.300000e-06	5.229029e-06	1.936158e-08	3.757499e+01	1.147238e+03
1.310000e-06	5.306179e-06	1.966913e-08	3.812937e+01	1.165704e+03
1.320000e-06	5.381373e-06	1.995554e-08	3.866970e+01	1.182828e+03
1.330000e-06	5.454411e-06	2.022202e-08	3.919454e+01	1.198683e+03
1.340000e-06	5.525411e-06	2.046846e-08	3.970474e+01	1.213342e+03
1.350000e-06	5.594511e-06	2.069515e-08	4.020128e+01	1.226883e+03
1.360000e-06	5.661586e-06	2.090441e-08	4.068327e+01	1.239396e+03
1.370000e-06	5.726533e-06	2.110017e-08	4.114997e+01	1.250979e+03
1.380000e-06	5.789428e-06	2.128017e-08	4.160192e+01	1.261724e+03
1.390000e-06	5.850438e-06	2.144607e-08	4.204033e+01	1.271708e+03
1.400000e-06	5.909520e-06	2.160045e-08	4.246489e+01	1.280989e+03
1.410000e-06	5.966462e-06	2.174371e-08	4.287406e+01	1.289600e+03
1.420000e-06	6.021165e-06	2.187461e-08	4.326714e+01	1.297561e+03
1.430000e-06	6.073539e-06	2.199218e-08	4.364350e+01	1.304890e+03
1.440000e-06	6.123344e-06	2.210067e-08	4.400139e+01	1.311613e+03
1.450000e-06	6.170701e-06	2.220496e-08	4.434169e+01	1.317773e+03
1.460000e-06	6.216010e-06	2.230179e-08	4.466727e+01	1.323426e+03
1.470000e-06	6.259243e-06	2.238897e-08	4.497794e+01	1.328636e+03
1.480000e-06	6.300109e-06	2.246876e-08	4.527159e+01	1.333462e+03
1.490000e-06	6.338658e-06	2.254415e-08	4.554860e+01	1.337944e+03
1.500000e-06	6.375166e-06	2.261229e-08	4.581094e+01	1.342096e+03
1.510000e-06	6.409473e-06	2.267285e-08	4.605747e+01	1.345914e+03
1.520000e-06	6.441383e-06	2.272822e-08	4.628677e+01	1.349379e+03
1.530000e-06	6.471090e-06	2.277822e-08	4.650023e+01	1.352477e+03
1.540000e-06	6.498682e-06	2.282437e-08	4.669851e+01	1.355208e+03
1.550000e-06	6.523826e-06	2.286496e-08	4.687919e+01	1.357593e+03
1.560000e-06	6.546479e-06	2.290280e-08	4.704197e+01	1.359671e+03
1.570000e-06	6.567057e-06	2.293617e-08	4.718984e+01	1.361491e+03
1.580000e-06	6.585416e-06	2.296258e-08	4.732176e+01	1.363095e+03
1.590000e-06	6.601268e-06	2.298235e-08	4.743567e+01	1.364510e+03
1.600000e-06	6.614732e-06	2.299644e-08	4.753243e+01	1.365740e+03
1.610000e-06	6.625656e-06	2.300828e-08	4.761092e+01	1.366774e+03
1.620000e-06	6.633955e-06	2.302101e-08	4.767056e+01	1.367591e+03
1.630000e-06	6.639924e-06	2.303321e-08	4.771345e+01	1.368179e+03
1.640000e-06	6.643710e-06	2.304225e-08	4.774065e+01	1.368538e+03
1.650000e-06	6.645115e-06	2.304642e-08	4.775075e+01	1.368691e+03
1.660000e-06	6.644136e-06	2.304672e-08	4.774372e+01	1.368671e+03
1.670000e-06	6.641129e-06	2.304245e-08	4.772211e+01	1.368513e+03
1.680000e-06	6.635963e-06	2.303406e-08	4.768499e+01	1.368240e+03
1.690000e-06	6.628467e-06	2.302333e-08	4.763112e+01	1.367857e+03
1.700000e-06	6.618858e-06	2.301231e-08	4.756207e+01	1.367343e+03
1.710000e-06	6.607195e-06	2.300161e-08	4.747827e+01	1.366669e+03
1.720000e-06	6.593190e-06	2.298347e-08	4.737763e+01	1.365802e+03
1.730000e-06	6.576971e-06	2.297116e-08	4.726108e+01	1.364726e+03
1.740000e-06	6.558769e-06	2.298413e-08	4.713029e+01	1.363445e+03
1.750000e-06	6.537926e-06	2.296645e-08	4.698051e+01	1.361990e+03
1.760000e-06	6.513875e-06	2.290891e-08	4.680768e+01	1.360404e+03
1.770000e-06	6.487078e-06	2.286037e-08	4.661512e+01	1.358731e+03
1.780000e-06	6.457988e-06	2.280512e-08	4.640609e+01	1.356999e+03
1.790000e-06	6.426980e-06	2.279188e-08	4.618327e+01	1.355213e+03
1.800000e-06	6.394475e-06	2.281547e-08	4.594970e+01	1.353351e+03
1.810000e-06	6.360090e-06	2.273489e-08	4.570261e+01	1.351376e+03
1.820000e-06	6.323565e-06	2.269397e-08	4.544015e+01	1.349249e+03
1.830000e-06	6.284869e-06	2.268982e-08	4.516208e+01	1.346941e+03
1.840000e-06	6.243712e-06	2.261856e-08	4.486634e+01	1.344446e+03
1.850000e-06	6.200403e-06	2.258345e-08	4.455512e+01	1.341779e+03
1.860000e-06	6.154992e-06	2.250557e-08	4.422880e+01	1.338971e+03
1.870000e-06	6.107283e-06	2.247119e-08	4.388598e+01	1.336055e+03
1.880000e-06	6.057474e-06	2.246170e-08	4.352806e+01	1.333053e+03
1.890000e-06	6.005136e-06	2.238164e-08	4.315196e+01	1.329970e+03
1.900000e-06	5.950242e-06	2.233208e-08	4.275750e+01	1.326789e+03
1.910000e-06	5.893188e-06	2.224655e-08	4.234752e+01	1.323483e+03
1.920000e-06	5.834044e-06	2.219793e-08	4.192252e+01	1.320022e+03
1.930000e-06	5.772879e-06	2.216375e-08	4.148300e+01	1.316385e+03
1.940000e-06	5.709586e-06	2.206224e-08	4.102819e+01	1.312569e+03
1.950000e-06	5.644250e-06	2.201914e-08	4.055869e+01	1.308583e+03
1.960000e-06	5.576847e-06	2.195607e-08	4.007435e+01	1.304448e+03
1.970000e-06	5.507165e-06	2.188354e-08	3.957362e+01	1.300185e+03
1.980000e-06	5.435393e-06	2.178488e-08	3.905788e+01	1.295804e+03
1.990000e-06	5.361687e-06	2.169093e-08	3.852824e+01	1.291305e+03
2.000000e-06	5.286026e-06	2.164606e-08	3.798455e+01	1.286674e+03
2.010000e-06	5.208170e-06	2.155448e-08	3.742509e+01	1.281891e+03
2.020000e-06	5.128313e-06	2.147374e-08	3.685125e+01	1.276942e+03
2.030000e-06	5.046814e-06	2.138322e-08	3.626562e+01	1.271816e+03
2.040000e-06	4.963571e-06	2.130716e-08	3.566744e+01	1.266517e+03
2.050000e-06	4.878494e-06	2.121685e-08	3.505609e+01	1.261057e+03
2.060000e-06	4.791504e-06	2.109770e-08	3.443099e+01	1.255450e+03
2.070000e-06	4.702826e-06	2.100469e-08	3.379377e+01	1.249706e+03
2.080000e-06	4.612561e-06	2.090547e-08	3.314514e+01	1.243826e+03
2.090000e-06	4.520676e-06	2.081505e-08	3.248487e+01	1.237801e+03
2.100000e-06	4.427159e-06	2.070097e-08	3.181287e+01	1.231615e+03
2.110000e-06	4.331996e-06	2.059339e-08	3.112905e+01	1.225253e+03
2.120000e-06	4.235300e-06	2.049302e-08	3.043420e+01	1.218701e+03
2.130000e-06	4.137199e-06	2.037948e-08	2.972926e+01	1.211955e+03
2.140000e-06	4.037749e-06	2.025527e-08	2.901463e+01	1.205017e+03
2.150000e-06	3.936744e-06	2.012809e-08	2.828882e+01	1.197895e+03
2.160000e-06	3.834134e-06	2.001944e-08	2.755149e+01	1.190594e+03
2.170000e-06	3.730041e-06	1.989472e-08	2.680349e+01	1.183114e+03
2.180000e-06	3.624713e-06	1.975878e-08	2.604662e+01	1.175446e+03
2.190000e-06	3.518270e-06	1.962123e-08	2.528173e+01	1.167578e+03
2.200000e-06	3.410618e-06	1.948931e-08	2.450816e+01	1.159493e+03
2.210000e-06	3.301733e-06	1.935074e-08	2.372573e+01	1.151177e+03
2.220000e-06	3.191633e-06	1.920293e-08	2.293457e+01	1.142624e+03
2.230000e-06	3.080401e-06	1.905602e-08	2.213528e+01	1.133830e+03
2.240000e-06	2.967951e-06	1.891202e-08	2.132723e+01	1.124799e+03
2.250000e-06	2.854336e-06	1.875910e-08	2.051081e+01	1.115531e+03
2.260000e-06	2.739700e-06	1.858938e-08	1.968705e+01	1.106026e+03
2.270000e-06	2.624028e-06	1.841918e-08	1.885586e+01	1.096275e+03
2.280000e-06	2.507225e-06	1.825307e-08	1.801652e+01	1.086266e+03
2.290000e-06	2.389356e-06	1.808555e-08	1.716953e+01	1.075982e+03
2.300000e-06	2.270567e-06	1.790587e-08	1.631594e+01	1.065410e+03
2.310000e-06	2.150914e-06	1.772462e-08	1.545613e+01	1.054537e+03
2.320000e-06	2.030487e-06	1.754359e-08	1.459076e+01	1.043354e+03
2.330000e-06	1.909363e-06	1.735198e-08	1.372038e+01	1.031852e+03
2.340000e-06	1.787602e-06	1.714580e-08	1.284542e+01	1.020024e+03
2.350000e-06	1.665254e-06	1.693545e-08	1.196625e+01	1.007853e+03
2.360000e-06	1.542386e-06	1.672911e-08	1.108334e+01	9.953210e+02
2.370000e-06	1.419025e-06	1.651465e-08	1.019689e+01	9.824039e+02
2.380000e-06	1.295120e-06	1.628870e-08	9.306532e+00	9.690773e+02
2.390000e-06	1.170735e-06	1.605718e-08	8.412716e+00	9.553195e+02
2.400000e-06	1.045935e-06	1.582154e-08	7.515924e+00	9.411139e+02
2.410000e-06	9.207331e-07	1.557425e-08	6.616244e+00	9.264479e+02
2.420000e-06	7.952080e-07	1.531592e-08	5.714240e+00	9.113096e+02
2.430000e-06	6.694117e-07	1.505279e-08	4.810288e+00	8.956815e+02
2.440000e-06	5.433692e-07	1.478484e-08	3.904566e+00	8.795357e+02
2.450000e-06	4.171411e-07	1.450735e-08	2.997511e+00	8.628297e+02
2.460000e-06	2.907600e-07	1.421371e-08	2.089356e+00	8.455066e+02
2.470000e-06	1.642449e-07	1.390773e-08	1.180238e+00	8.274987e+02
2.480000e-06	3.765288e-08	1.359240e-08	2.705677e-01	8.087331e+02
2.490000e-06	-8.896760e-08	1.326212e-08	-6.393072e-01	7.891381e+02
2.500000e-06	-2.155520e-07	1.291592e-08	-1.548923e+00	7.686474e+02
2.510000e-06	-3.420258e-07	1.255452e-08	-2.457744e+00	7.472015e+02
2.520000e-06	-4.683390e-07	1.217868e-08	-3.365411e+00	7.247457e+02
2.530000e-06	-5.944690e-07	1.178583e-08	-4.271761e+00	7.012262e+02
2.540000e-06	-7.203956e-07	1.137276e-08	-5.176650e+00	6.765849e+02
2.550000e-06	-8.460572e-07	1.093814e-08	-6.079635e+00	6.507553e+02
2.560000e-06	-9.713958e-07	1.048217e-08	-6.980297e+00	6.236603e+02
2.570000e-06	-1.096379e-06	1.000522e-08	-7.878405e+00	5.952098e+02
2.580000e-06	-1.220925e-06	9.501903e-09	-8.773375e+00	5.653013e+02
2.590000e-06	-1.344950e-06	8.972446e-09	-9.664602e+00	5.338177e+02
2.600000e-06	-1.468431e-06	8.418979e-09	-1.055191e+01	5.006275e+02
2.610000e-06	-1.591441e-06	7.836470e-09	-1.143585e+01	4.655829e+02
2.620000e-06	-1.713924e-06	7.217954e-09	-1.231599e+01	4.285223e+02
2.630000e-06	-1.835779e-06	6.559585e-09	-1.319162e+01	3.892743e+02
2.640000e-06	-1.957018e-06	5.860365e-09	-1.406283e+01	3.476684e+02
2.650000e-06	-2.077620e-06	5.119770e-09	-1.492945e+01	3.035492e+02
2.660000e-06	-2.197480e-06	4.335135e-09	-1.579075e+01	2.567951e+02
2.670000e-06	-2.316508e-06	3.504867e-09	-1.664607e+01	2.073375e+02
2.680000e-06	-2.434658e-06	2.631805e-09	-1.749507e+01	1.551782e+02
2.690000e-06	-2.551820e-06	1.717231e-09	-1.833698e+01	1.004026e+02
2.700000e-06	-2.667882e-06	7.605045e-10	-1.917098e+01	4.318727e+01
2.710000e-06	-2.782853e-06	-2.345888e-10	-1.999715e+01	-1.619983e+01
2.720000e-06	-2.896753e-06	-1.260894e-09	-2.081561e+01	-7.740362e+01
2.730000e-06	-3.009478e-06	-2.310704e-09	-2.162563e+01	-1.399922e+02
2.740000e-06	-3.120990e-06	-3.375697e-09	-2.242694e+01	-2.034711e+02
2.750000e-06	-3.231257e-06	-4.446879e-09	-2.321931e+01	-2.673019e+02
2.760000e-06	-3.340297e-06	-5.515669e-09	-2.400285e+01	-3.309250e+02
2.770000e-06	-3.448249e-06	-6.572954e-09	-2.477858e+01	-3.937850e+02
2.780000e-06	-3.555164e-06	-7.608834e-09	-2.554685e+01	-4.553583e+02
2.790000e-06	-3.660921e-06	-8.613576e-09	-2.630681e+01	-5.151793e+02
2.800000e-06	-3.765384e-06	-9.582692e-09	-2.705746e+01	-5.728617e+02
2.810000e-06	-3.868417e-06	-1.051255e-08	-2.779783e+01	-6.281109e+02
2.820000e-06	-3.969901e-06	-1.139816e-08	-2.852708e+01	-6.807263e+02
2.830000e-06	-4.069891e-06	-1.223942e-08	-2.924560e+01	-7.305928e+02
2.840000e-06	-4.168523e-06	-1.303451e-08	-2.995435e+01	-7.776643e+02
2.850000e-06	-4.265816e-06	-1.378104e-08	-3.065349e+01	-8.219439e+02
2.860000e-06	-4.361677e-06	-1.448127e-08	-3.134233e+01	-8.634658e+02
2.870000e-06	-4.455972e-06	-1.513714e-08	-3.201992e+01	-9.022835e+02
2.880000e-06	-4.548571e-06	-1.574888e-08	-3.268532e+01	-9.384650e+02
2.890000e-06	-4.639571e-06	-1.631777e-08	-3.333923e+01	-9.720957e+02
2.900000e-06	-4.729001e-06	-1.684431e-08	-3.398186e+01	-1.003283e+03
2.910000e-06	-4.816815e-06	-1.733094e-08	-3.461288e+01	-1.032158e+03
2.920000e-06	-4.902870e-06	-1.778091e-08	-3.523126e+01	-1.058877e+03
2.930000e-06	-4.987030e-06	-1.819725e-08	-3.583601e+01	-1.083609e+03
2.940000e-06	-5.069471e-06	-1.858452e-08	-3.642843e+01	-1.106526e+03
2.950000e-06	-5.150257e-06	-1.894674e-08	-3.700894e+01	-1.127784e+03
2.960000e-06	-5.229109e-06	-1.928413e-08	-3.757556e+01	-1.147519e+03
2.970000e-06	-5.305754e-06	-1.959549e-08	-3.812631e+01	-1.165837e+03
2.980000e-06	-5.380350e-06	-1.988082e-08	-3.866235e+01	-1.182822e+03
2.990000e-06	-5.453151e-06	-2.014395e-08	-3.918549e+01	-1.198546e+03
3.000000e-06	-5.524045e-06	-2.038841e-08	-3.969492e+01	-1.213081e+03
3.010000e-06	-5.592814e-06	-2.061368e-08	-4.018908e+01	-1.226507e+03
3.020000e-06	-5.659544e-06	-2.082237e-08	-4.066860e+01	-1.238916e+03
3.030000e-06	-5.724433e-06	-2.101799e-08	-4.113488e+01	-1.250405e+03
3.040000e-06	-5.787373e-06	-2.119956e-08	-4.158715e+01	-1.261065e+03
3.050000e-06	-5.848131e-06	-2.136902e-08	-4.202375e+01	-1.270971e+03
3.060000e-06	-5.906774e-06	-2.152726e-08	-4.244515e+01	-1.280179e+03
3.070000e-06	-5.963395e-06	-2.167646e-08	-4.285202e+01	-1.288720e+03
3.080000e-06	-6.017859e-06	-2.181461e-08	-4.324339e+01	-1.296613e+03
3.090000e-06	-6.069907e-06	-2.193726e-08	-4.361740e+01	-1.303875e+03
3.100000e-06	-6.119385e-06	-2.204768e-08	-4.397294e+01	-1.310536e+03
3.110000e-06	-6.166403e-06	-2.214891e-08	-4.431080e+01	-1.316638e+03
3.120000e-06	-6.211305e-06	-2.224549e-08	-4.463346e+01	-1.322240e+03
3.130000e-06	-6.254260e-06	-2.233590e-08	-4.494213e+01	-1.327407e+03
3.140000e-06	-6.295209e-06	-2.241908e-08	-4.523638e+01	-1.332195e+03
3.150000e-06	-6.333987e-06	-2.249635e-08	-4.551504e+01	-1.336641e+03
3.160000e-06	-6.370471e-06	-2.256752e-08	-4.577720e+01	-1.340758e+03
3.170000e-06	-6.404703e-06	-2.263121e-08	-4.602319e+01	-1.344539e+03
3.180000e-06	-6.436700e-06	-2.268716e-08	-4.625311e+01	-1.347965e+03
3.190000e-06	-6.466313e-06	-2.273686e-08	-4.646591e+01	-1.351024e+03
3.200000e-06	-6.493549e-06	-2.278197e-08	-4.666163e+01	-1.353716e+03
3.210000e-06	-6.518600e-06	-2.282437e-08	-4.684164e+01	-1.356066e+03
3.220000e-06	-6.541343e-06	-2.286221e-08	-4.700506e+01	-1.358115e+03
3.230000e-06	-6.561734e-06	-2.289423e-08	-4.715159e+01	-1.359909e+03
3.240000e-06	-6.579904e-06	-2.292097e-08	-4.728216e+01	-1.361492e+03
3.250000e-06	-6.595825e-06	-2.294381e-08	-4.739656e+01	-1.362887e+03
3.260000e-06	-6.609160e-06	-2.296392e-08	-4.749239e+01	-1.364098e+03
3.270000e-06	-6.619863e-06	-2.298179e-08	-4.756929e+01	-1.365109e+03
3.280000e-06	-6.628271e-06	-2.299518e-08	-4.762972e+01	-1.365902e+03
3.290000e-06	-6.634265e-06	-2.300507e-08	-4.767279e+01	-1.366465e+03
3.300000e-06	-6.637797e-06	-2.301430e-08	-4.769817e+01	-1.366801e+03
3.310000e-06	-6.639145e-06	-2.302180e-08	-4.770785e+01	-1.366934e+03
