7.082938e+02
7.285287e+02
7.459464e+02
7.528750e+02
7.551836e+02
7.630393e+02
7.675824e+02
7.629160e+02
7.692921e+02
7.767541e+02
7.788409e+02
7.825497e+02
7.883458e+02
7.910825e+02
7.921157e+02
7.924988e+02
7.991404e+02
8.005165e+02
8.052203e+02
8.074935e+02
8.095264e+02
8.154399e+02
8.136673e+02
8.156969e+02
8.189706e+02
8.197255e+02
8.242824e+02
8.273442e+02
8.260807e+02
8.297732e+02
8.310703e+02
8.346247e+02
8.352928e+02
8.391081e+02
8.399412e+02
8.431685e+02
8.460712e+02
8.471273e+02
8.459352e+02
8.508325e+02
8.527387e+02
8.564914e+02
8.560666e+02
