# Temperatura_=_37.63
# Concentracion g/m^3_=_20000.0
# C_Vs_to_Am_M_A/Vsm_=_59384043850.047264
# pendiente_HvsI_1/m_=_3716.3
# ordenada_HvsI_A/m_=_1297.0
# frecuencia_Hz_=_301410.2576096085

Tiempo_(s)	Campo_(V.s)	Magnetizacion_(V.s)	Campo_(kA/m)	Magnetizacion_(A/m)
0.000000e+00	-6.692020e-06	-2.766795e-08	-4.767703e+01	-1.642777e+03
1.000000e-08	-6.689163e-06	-2.766250e-08	-4.765667e+01	-1.642570e+03
2.000000e-08	-6.684053e-06	-2.766409e-08	-4.762026e+01	-1.642377e+03
3.000000e-08	-6.676893e-06	-2.766499e-08	-4.756925e+01	-1.642172e+03
4.000000e-08	-6.667553e-06	-2.766140e-08	-4.750271e+01	-1.641897e+03
5.000000e-08	-6.655822e-06	-2.765371e-08	-4.741914e+01	-1.641480e+03
6.000000e-08	-6.641645e-06	-2.764609e-08	-4.731813e+01	-1.640868e+03
7.000000e-08	-6.625014e-06	-2.764000e-08	-4.719964e+01	-1.640044e+03
8.000000e-08	-6.606082e-06	-2.760953e-08	-4.706476e+01	-1.639039e+03
9.000000e-08	-6.584856e-06	-2.754601e-08	-4.691354e+01	-1.637912e+03
1.000000e-07	-6.561013e-06	-2.753071e-08	-4.674367e+01	-1.636733e+03
1.100000e-07	-6.534457e-06	-2.755882e-08	-4.655448e+01	-1.635554e+03
1.200000e-07	-6.505563e-06	-2.755253e-08	-4.634862e+01	-1.634389e+03
1.300000e-07	-6.474862e-06	-2.753642e-08	-4.612990e+01	-1.633210e+03
1.400000e-07	-6.442547e-06	-2.754046e-08	-4.589967e+01	-1.631958e+03
1.500000e-07	-6.408224e-06	-2.747173e-08	-4.565513e+01	-1.630570e+03
1.600000e-07	-6.371674e-06	-2.743782e-08	-4.539473e+01	-1.628997e+03
1.700000e-07	-6.333080e-06	-2.744514e-08	-4.511977e+01	-1.627226e+03
1.800000e-07	-6.292170e-06	-2.736030e-08	-4.482831e+01	-1.625282e+03
1.900000e-07	-6.248800e-06	-2.734678e-08	-4.451933e+01	-1.623214e+03
2.000000e-07	-6.203279e-06	-2.733765e-08	-4.419501e+01	-1.621080e+03
2.100000e-07	-6.155442e-06	-2.729724e-08	-4.385420e+01	-1.618921e+03
2.200000e-07	-6.105014e-06	-2.727197e-08	-4.349493e+01	-1.616750e+03
2.300000e-07	-6.052123e-06	-2.721465e-08	-4.311810e+01	-1.614549e+03
2.400000e-07	-5.996900e-06	-2.717799e-08	-4.272467e+01	-1.612280e+03
2.500000e-07	-5.939412e-06	-2.712612e-08	-4.231510e+01	-1.609896e+03
2.600000e-07	-5.879717e-06	-2.708442e-08	-4.188981e+01	-1.607365e+03
2.700000e-07	-5.817956e-06	-2.706154e-08	-4.144979e+01	-1.604674e+03
2.800000e-07	-5.754210e-06	-2.700537e-08	-4.099564e+01	-1.601832e+03
2.900000e-07	-5.688323e-06	-2.696205e-08	-4.052623e+01	-1.598863e+03
3.000000e-07	-5.620263e-06	-2.691209e-08	-4.004134e+01	-1.595791e+03
3.100000e-07	-5.550169e-06	-2.685602e-08	-3.954196e+01	-1.592636e+03
3.200000e-07	-5.478150e-06	-2.679423e-08	-3.902886e+01	-1.589401e+03
3.300000e-07	-5.404076e-06	-2.672694e-08	-3.850112e+01	-1.586076e+03
3.400000e-07	-5.327800e-06	-2.668171e-08	-3.795770e+01	-1.582644e+03
3.500000e-07	-5.249411e-06	-2.662067e-08	-3.739921e+01	-1.579088e+03
3.600000e-07	-5.168888e-06	-2.656518e-08	-3.682553e+01	-1.575397e+03
3.700000e-07	-5.086408e-06	-2.650049e-08	-3.623791e+01	-1.571567e+03
3.800000e-07	-5.002278e-06	-2.643256e-08	-3.563853e+01	-1.567599e+03
3.900000e-07	-4.916546e-06	-2.636496e-08	-3.502773e+01	-1.563500e+03
4.000000e-07	-4.829230e-06	-2.628908e-08	-3.440565e+01	-1.559271e+03
4.100000e-07	-4.740243e-06	-2.621742e-08	-3.377167e+01	-1.554913e+03
4.200000e-07	-4.649512e-06	-2.613717e-08	-3.312526e+01	-1.550425e+03
4.300000e-07	-4.557095e-06	-2.606246e-08	-3.246684e+01	-1.545804e+03
4.400000e-07	-4.463037e-06	-2.597988e-08	-3.179673e+01	-1.541053e+03
4.500000e-07	-4.367338e-06	-2.589515e-08	-3.111492e+01	-1.536175e+03
4.600000e-07	-4.269993e-06	-2.581425e-08	-3.042140e+01	-1.531174e+03
4.700000e-07	-4.171094e-06	-2.573538e-08	-2.971679e+01	-1.526050e+03
4.800000e-07	-4.070674e-06	-2.564853e-08	-2.900135e+01	-1.520797e+03
4.900000e-07	-3.968848e-06	-2.555163e-08	-2.827590e+01	-1.515405e+03
5.000000e-07	-3.865757e-06	-2.545534e-08	-2.754143e+01	-1.509857e+03
5.100000e-07	-3.761274e-06	-2.535696e-08	-2.679705e+01	-1.504143e+03
5.200000e-07	-3.655266e-06	-2.525908e-08	-2.604180e+01	-1.498254e+03
5.300000e-07	-3.547878e-06	-2.515872e-08	-2.527671e+01	-1.492195e+03
5.400000e-07	-3.439238e-06	-2.505447e-08	-2.450271e+01	-1.485971e+03
5.500000e-07	-3.329422e-06	-2.495017e-08	-2.372033e+01	-1.479593e+03
5.600000e-07	-3.218510e-06	-2.484277e-08	-2.293014e+01	-1.473063e+03
5.700000e-07	-3.106394e-06	-2.472761e-08	-2.213138e+01	-1.466374e+03
5.800000e-07	-2.992977e-06	-2.460850e-08	-2.132335e+01	-1.459509e+03
5.900000e-07	-2.878424e-06	-2.448905e-08	-2.050721e+01	-1.452447e+03
6.000000e-07	-2.762812e-06	-2.436824e-08	-1.968354e+01	-1.445168e+03
6.100000e-07	-2.646048e-06	-2.424294e-08	-1.885166e+01	-1.437662e+03
6.200000e-07	-2.528260e-06	-2.411390e-08	-1.801249e+01	-1.429930e+03
6.300000e-07	-2.409625e-06	-2.398221e-08	-1.716727e+01	-1.421982e+03
6.400000e-07	-2.290145e-06	-2.384698e-08	-1.631604e+01	-1.413832e+03
6.500000e-07	-2.169852e-06	-2.370613e-08	-1.545902e+01	-1.405482e+03
6.600000e-07	-2.048778e-06	-2.356077e-08	-1.459644e+01	-1.396926e+03
6.700000e-07	-1.926878e-06	-2.341291e-08	-1.372796e+01	-1.388139e+03
6.800000e-07	-1.804267e-06	-2.326068e-08	-1.285443e+01	-1.379094e+03
6.900000e-07	-1.681076e-06	-2.310394e-08	-1.197676e+01	-1.369764e+03
7.000000e-07	-1.557299e-06	-2.294279e-08	-1.109492e+01	-1.360137e+03
7.100000e-07	-1.432954e-06	-2.277675e-08	-1.020903e+01	-1.350214e+03
7.200000e-07	-1.308063e-06	-2.260648e-08	-9.319245e+00	-1.340012e+03
7.300000e-07	-1.182670e-06	-2.243167e-08	-8.425888e+00	-1.329546e+03
7.400000e-07	-1.056861e-06	-2.225265e-08	-7.529567e+00	-1.318822e+03
7.500000e-07	-9.307383e-07	-2.206803e-08	-6.631008e+00	-1.307826e+03
7.600000e-07	-8.043438e-07	-2.187796e-08	-5.730515e+00	-1.296523e+03
7.700000e-07	-6.776767e-07	-2.168048e-08	-4.828081e+00	-1.284864e+03
7.800000e-07	-5.507604e-07	-2.147485e-08	-3.923870e+00	-1.272804e+03
7.900000e-07	-4.236608e-07	-2.126318e-08	-3.018354e+00	-1.260310e+03
8.000000e-07	-2.964772e-07	-2.104623e-08	-2.112240e+00	-1.247371e+03
8.100000e-07	-1.692145e-07	-2.082276e-08	-1.205562e+00	-1.233987e+03
8.200000e-07	-4.191327e-08	-2.059179e-08	-2.986094e-01	-1.220156e+03
8.300000e-07	8.544029e-08	-2.035201e-08	6.087159e-01	-1.205853e+03
8.400000e-07	2.128327e-07	-2.010169e-08	1.516318e+00	-1.191012e+03
8.500000e-07	3.401100e-07	-1.983939e-08	2.423100e+00	-1.175532e+03
8.600000e-07	4.672429e-07	-1.956265e-08	3.328853e+00	-1.159290e+03
8.700000e-07	5.942352e-07	-1.927183e-08	4.233605e+00	-1.142168e+03
8.800000e-07	7.210039e-07	-1.896631e-08	5.136763e+00	-1.124081e+03
8.900000e-07	8.474569e-07	-1.864630e-08	6.037673e+00	-1.104994e+03
9.000000e-07	9.735944e-07	-1.830878e-08	6.936334e+00	-1.084911e+03
9.100000e-07	1.099446e-06	-1.795373e-08	7.832962e+00	-1.063844e+03
9.200000e-07	1.225026e-06	-1.758210e-08	8.727645e+00	-1.041762e+03
9.300000e-07	1.350290e-06	-1.719020e-08	9.620085e+00	-1.018549e+03
9.400000e-07	1.475056e-06	-1.677207e-08	1.050898e+01	-9.939692e+02
9.500000e-07	1.599241e-06	-1.632386e-08	1.139373e+01	-9.676671e+02
9.600000e-07	1.722887e-06	-1.584090e-08	1.227464e+01	-9.391965e+02
9.700000e-07	1.845919e-06	-1.531244e-08	1.315118e+01	-9.080594e+02
9.800000e-07	1.968203e-06	-1.472922e-08	1.402238e+01	-8.737374e+02
9.900000e-07	2.089726e-06	-1.408333e-08	1.488817e+01	-8.356943e+02
1.000000e-06	2.210497e-06	-1.336642e-08	1.574859e+01	-7.933388e+02
1.010000e-06	2.330424e-06	-1.256557e-08	1.660301e+01	-7.459586e+02
1.020000e-06	2.449441e-06	-1.166082e-08	1.745095e+01	-6.926531e+02
1.030000e-06	2.567635e-06	-1.063277e-08	1.829301e+01	-6.323073e+02
1.040000e-06	2.684984e-06	-9.461609e-09	1.912906e+01	-5.636428e+02
1.050000e-06	2.801285e-06	-8.126895e-09	1.995764e+01	-4.853688e+02
1.060000e-06	2.916442e-06	-6.613070e-09	2.077808e+01	-3.964220e+02
1.070000e-06	3.030354e-06	-4.913128e-09	2.158963e+01	-2.962526e+02
1.080000e-06	3.143029e-06	-3.029228e-09	2.239238e+01	-1.850916e+02
1.090000e-06	3.254573e-06	-9.779969e-10	2.318708e+01	-6.412320e+01
1.100000e-06	3.365033e-06	1.203325e-09	2.397404e+01	6.449573e+01
1.110000e-06	3.474362e-06	3.462372e-09	2.475295e+01	1.977932e+02
1.120000e-06	3.582578e-06	5.737181e-09	2.552393e+01	3.322981e+02
1.130000e-06	3.689557e-06	7.966682e-09	2.628610e+01	4.644524e+02
1.140000e-06	3.795099e-06	1.009730e-08	2.703803e+01	5.910342e+02
1.150000e-06	3.899187e-06	1.208536e-08	2.777960e+01	7.095018e+02
1.160000e-06	4.001876e-06	1.390528e-08	2.851120e+01	8.181938e+02
1.170000e-06	4.103201e-06	1.554858e-08	2.923309e+01	9.163559e+02
1.180000e-06	4.203073e-06	1.701674e-08	2.994462e+01	1.004014e+03
1.190000e-06	4.301304e-06	1.831956e-08	3.064447e+01	1.081746e+03
1.200000e-06	4.397862e-06	1.946945e-08	3.133239e+01	1.150419e+03
1.210000e-06	4.492914e-06	2.048225e-08	3.200959e+01	1.210972e+03
1.220000e-06	4.586511e-06	2.137356e-08	3.267641e+01	1.264265e+03
1.230000e-06	4.678635e-06	2.215506e-08	3.333275e+01	1.311031e+03
1.240000e-06	4.769092e-06	2.283683e-08	3.397720e+01	1.351896e+03
1.250000e-06	4.857696e-06	2.342822e-08	3.460846e+01	1.387436e+03
1.260000e-06	4.944524e-06	2.394101e-08	3.522706e+01	1.418230e+03
1.270000e-06	5.029708e-06	2.438489e-08	3.583396e+01	1.444886e+03
1.280000e-06	5.113252e-06	2.476892e-08	3.642916e+01	1.468020e+03
1.290000e-06	5.194892e-06	2.510407e-08	3.701080e+01	1.488217e+03
1.300000e-06	5.274524e-06	2.540298e-08	3.757813e+01	1.505974e+03
1.310000e-06	5.352318e-06	2.567039e-08	3.813237e+01	1.521672e+03
1.320000e-06	5.428153e-06	2.590390e-08	3.867265e+01	1.535574e+03
1.330000e-06	5.501809e-06	2.610488e-08	3.919742e+01	1.547852e+03
1.340000e-06	5.573352e-06	2.627996e-08	3.970712e+01	1.558638e+03
1.350000e-06	5.642932e-06	2.643474e-08	4.020284e+01	1.568066e+03
1.360000e-06	5.710550e-06	2.656948e-08	4.068458e+01	1.576301e+03
1.370000e-06	5.776067e-06	2.668719e-08	4.115136e+01	1.583538e+03
1.380000e-06	5.839553e-06	2.679495e-08	4.160366e+01	1.589978e+03
1.390000e-06	5.901139e-06	2.689618e-08	4.204243e+01	1.595794e+03
1.400000e-06	5.960707e-06	2.698582e-08	4.246682e+01	1.601107e+03
1.410000e-06	6.018074e-06	2.706287e-08	4.287552e+01	1.605974e+03
1.420000e-06	6.073254e-06	2.713225e-08	4.326866e+01	1.610406e+03
1.430000e-06	6.126205e-06	2.719700e-08	4.364590e+01	1.614393e+03
1.440000e-06	6.176577e-06	2.725583e-08	4.400477e+01	1.617936e+03
1.450000e-06	6.224408e-06	2.730765e-08	4.434555e+01	1.621069e+03
1.460000e-06	6.270042e-06	2.735467e-08	4.467066e+01	1.623859e+03
1.470000e-06	6.313559e-06	2.739931e-08	4.498069e+01	1.626392e+03
1.480000e-06	6.354763e-06	2.744085e-08	4.527426e+01	1.628743e+03
1.490000e-06	6.393640e-06	2.747625e-08	4.555123e+01	1.630955e+03
1.500000e-06	6.430402e-06	2.750719e-08	4.581314e+01	1.633031e+03
1.510000e-06	6.464935e-06	2.753740e-08	4.605917e+01	1.634938e+03
1.520000e-06	6.497109e-06	2.756504e-08	4.628840e+01	1.636634e+03
1.530000e-06	6.527033e-06	2.758713e-08	4.650158e+01	1.638089e+03
1.540000e-06	6.554757e-06	2.760535e-08	4.669910e+01	1.639307e+03
1.550000e-06	6.580062e-06	2.762311e-08	4.687938e+01	1.640330e+03
1.560000e-06	6.602935e-06	2.763974e-08	4.704235e+01	1.641220e+03
1.570000e-06	6.623662e-06	2.765192e-08	4.719001e+01	1.642041e+03
1.580000e-06	6.642124e-06	2.766176e-08	4.732154e+01	1.642829e+03
1.590000e-06	6.658140e-06	2.767152e-08	4.743565e+01	1.643579e+03
1.600000e-06	6.671708e-06	2.767985e-08	4.753232e+01	1.644251e+03
1.610000e-06	6.682662e-06	2.768480e-08	4.761036e+01	1.644788e+03
1.620000e-06	6.691025e-06	2.768846e-08	4.766994e+01	1.645139e+03
1.630000e-06	6.697095e-06	2.769377e-08	4.771318e+01	1.645288e+03
1.640000e-06	6.700942e-06	2.769855e-08	4.774059e+01	1.645257e+03
1.650000e-06	6.702368e-06	2.769704e-08	4.775075e+01	1.645105e+03
1.660000e-06	6.701398e-06	2.769407e-08	4.774384e+01	1.644900e+03
1.670000e-06	6.698336e-06	2.769137e-08	4.772202e+01	1.644693e+03
1.680000e-06	6.693078e-06	2.768304e-08	4.768457e+01	1.644501e+03
1.690000e-06	6.685518e-06	2.767020e-08	4.763070e+01	1.644291e+03
1.700000e-06	6.675823e-06	2.765858e-08	4.756163e+01	1.644004e+03
1.710000e-06	6.663927e-06	2.765174e-08	4.747688e+01	1.643568e+03
1.720000e-06	6.649631e-06	2.763739e-08	4.737503e+01	1.642933e+03
1.730000e-06	6.633183e-06	2.762593e-08	4.725784e+01	1.642087e+03
1.740000e-06	6.614734e-06	2.766421e-08	4.712640e+01	1.641065e+03
1.750000e-06	6.593603e-06	2.765969e-08	4.697586e+01	1.639929e+03
1.760000e-06	6.569277e-06	2.759609e-08	4.680255e+01	1.638748e+03
1.770000e-06	6.542152e-06	2.755536e-08	4.660930e+01	1.637571e+03
1.780000e-06	6.512704e-06	2.749917e-08	4.639950e+01	1.636406e+03
1.790000e-06	6.481401e-06	2.746691e-08	4.617648e+01	1.635222e+03
1.800000e-06	6.448642e-06	2.753832e-08	4.594309e+01	1.633958e+03
1.810000e-06	6.413935e-06	2.746580e-08	4.569583e+01	1.632552e+03
1.820000e-06	6.376888e-06	2.740219e-08	4.543188e+01	1.630957e+03
1.830000e-06	6.337744e-06	2.746220e-08	4.515300e+01	1.629166e+03
1.840000e-06	6.296329e-06	2.737728e-08	4.485794e+01	1.627205e+03
1.850000e-06	6.252679e-06	2.735896e-08	4.454696e+01	1.625128e+03
1.860000e-06	6.206843e-06	2.729661e-08	4.422040e+01	1.622989e+03
1.870000e-06	6.158637e-06	2.722508e-08	4.387696e+01	1.620828e+03
1.880000e-06	6.108261e-06	2.725715e-08	4.351806e+01	1.618655e+03
1.890000e-06	6.055410e-06	2.718762e-08	4.314152e+01	1.616449e+03
1.900000e-06	6.000081e-06	2.716899e-08	4.274734e+01	1.614169e+03
1.910000e-06	5.942626e-06	2.712089e-08	4.233800e+01	1.611771e+03
1.920000e-06	5.882982e-06	2.706001e-08	4.191307e+01	1.609223e+03
1.930000e-06	5.821185e-06	2.706016e-08	4.147280e+01	1.606514e+03
1.940000e-06	5.757249e-06	2.694792e-08	4.101729e+01	1.603657e+03
1.950000e-06	5.691280e-06	2.690877e-08	4.054730e+01	1.600675e+03
1.960000e-06	5.623259e-06	2.686923e-08	4.006268e+01	1.597593e+03
1.970000e-06	5.552944e-06	2.682531e-08	3.956172e+01	1.594429e+03
1.980000e-06	5.480503e-06	2.678391e-08	3.904562e+01	1.591185e+03
1.990000e-06	5.406075e-06	2.668343e-08	3.851537e+01	1.587849e+03
2.000000e-06	5.329593e-06	2.666831e-08	3.797047e+01	1.584405e+03
2.010000e-06	5.250994e-06	2.659765e-08	3.741049e+01	1.580835e+03
2.020000e-06	5.170456e-06	2.653621e-08	3.683671e+01	1.577128e+03
2.030000e-06	5.088226e-06	2.645848e-08	3.625086e+01	1.573283e+03
2.040000e-06	5.004114e-06	2.638946e-08	3.565161e+01	1.569301e+03
2.050000e-06	4.918066e-06	2.634515e-08	3.503856e+01	1.565187e+03
2.060000e-06	4.830247e-06	2.624757e-08	3.441290e+01	1.560944e+03
2.070000e-06	4.740840e-06	2.617950e-08	3.377593e+01	1.556572e+03
2.080000e-06	4.649839e-06	2.609953e-08	3.312759e+01	1.552069e+03
2.090000e-06	4.557110e-06	2.605021e-08	3.246695e+01	1.547435e+03
2.100000e-06	4.462716e-06	2.596581e-08	3.179444e+01	1.542669e+03
2.110000e-06	4.366713e-06	2.586240e-08	3.111047e+01	1.537778e+03
2.120000e-06	4.269272e-06	2.577654e-08	3.041626e+01	1.532763e+03
2.130000e-06	4.170477e-06	2.569202e-08	2.971239e+01	1.527625e+03
2.140000e-06	4.070134e-06	2.560866e-08	2.899750e+01	1.522358e+03
2.150000e-06	3.968171e-06	2.550431e-08	2.827107e+01	1.516949e+03
2.160000e-06	3.864645e-06	2.542170e-08	2.753351e+01	1.511384e+03
2.170000e-06	3.759680e-06	2.533410e-08	2.678569e+01	1.505651e+03
2.180000e-06	3.653493e-06	2.523433e-08	2.602916e+01	1.499744e+03
2.190000e-06	3.546164e-06	2.511718e-08	2.526450e+01	1.493666e+03
2.200000e-06	3.437608e-06	2.500807e-08	2.449110e+01	1.487425e+03
2.210000e-06	3.327843e-06	2.490889e-08	2.370908e+01	1.481031e+03
2.220000e-06	3.216772e-06	2.480204e-08	2.291776e+01	1.474484e+03
2.230000e-06	3.104446e-06	2.468307e-08	2.211750e+01	1.467777e+03
2.240000e-06	2.991016e-06	2.456502e-08	2.130937e+01	1.460892e+03
2.250000e-06	2.876433e-06	2.445464e-08	2.049303e+01	1.453807e+03
2.260000e-06	2.760632e-06	2.433003e-08	1.966801e+01	1.446503e+03
2.270000e-06	2.643633e-06	2.419530e-08	1.883446e+01	1.438972e+03
2.280000e-06	2.525613e-06	2.405900e-08	1.799363e+01	1.431216e+03
2.290000e-06	2.406681e-06	2.393310e-08	1.714630e+01	1.423246e+03
2.300000e-06	2.286858e-06	2.379753e-08	1.629263e+01	1.415074e+03
2.310000e-06	2.166201e-06	2.365041e-08	1.543301e+01	1.406703e+03
2.320000e-06	2.044876e-06	2.350149e-08	1.456864e+01	1.398122e+03
2.330000e-06	1.922910e-06	2.336036e-08	1.369969e+01	1.389309e+03
2.340000e-06	1.800271e-06	2.321271e-08	1.282596e+01	1.380234e+03
2.350000e-06	1.677019e-06	2.304753e-08	1.194785e+01	1.370873e+03
2.360000e-06	1.553162e-06	2.287998e-08	1.106544e+01	1.361213e+03
2.370000e-06	1.428669e-06	2.271702e-08	1.017849e+01	1.351259e+03
2.380000e-06	1.303571e-06	2.255080e-08	9.287241e+00	1.341028e+03
2.390000e-06	1.178007e-06	2.236801e-08	8.392666e+00	1.330534e+03
2.400000e-06	1.052065e-06	2.218103e-08	7.495395e+00	1.319782e+03
2.410000e-06	9.257506e-07	2.199776e-08	6.595473e+00	1.308755e+03
2.420000e-06	7.990876e-07	2.181286e-08	5.693067e+00	1.297416e+03
2.430000e-06	6.721536e-07	2.161398e-08	4.788731e+00	1.285716e+03
2.440000e-06	5.450573e-07	2.140652e-08	3.883239e+00	1.273610e+03
2.450000e-06	4.177872e-07	2.120017e-08	2.976508e+00	1.261068e+03
2.460000e-06	2.903214e-07	2.098678e-08	2.068383e+00	1.248081e+03
2.470000e-06	1.627378e-07	2.075533e-08	1.159419e+00	1.234649e+03
2.480000e-06	3.507240e-08	2.051387e-08	2.498719e-01	1.220769e+03
2.490000e-06	-9.261822e-08	2.027417e-08	-6.598548e-01	1.206412e+03
2.500000e-06	-2.202760e-07	2.003020e-08	-1.569347e+00	1.191508e+03
2.510000e-06	-3.478838e-07	1.976923e-08	-2.478484e+00	1.175952e+03
2.520000e-06	-4.753984e-07	1.949216e-08	-3.386957e+00	1.159621e+03
2.530000e-06	-6.026817e-07	1.920571e-08	-4.293781e+00	1.142398e+03
2.540000e-06	-7.297064e-07	1.890298e-08	-5.198764e+00	1.124204e+03
2.550000e-06	-8.565054e-07	1.857524e-08	-6.102138e+00	1.105010e+03
2.560000e-06	-9.829547e-07	1.822754e-08	-7.003021e+00	1.084821e+03
2.570000e-06	-1.109012e-06	1.787393e-08	-7.901108e+00	1.063647e+03
2.580000e-06	-1.234662e-06	1.750880e-08	-8.796296e+00	1.041452e+03
2.590000e-06	-1.359804e-06	1.711935e-08	-9.687872e+00	1.018106e+03
2.600000e-06	-1.484412e-06	1.670098e-08	-1.057563e+01	9.933596e+02
2.610000e-06	-1.608451e-06	1.625541e-08	-1.145935e+01	9.668475e+02
2.620000e-06	-1.731888e-06	1.577569e-08	-1.233877e+01	9.381154e+02
2.630000e-06	-1.854641e-06	1.524712e-08	-1.321331e+01	9.066617e+02
2.640000e-06	-1.976687e-06	1.466336e-08	-1.408283e+01	8.719670e+02
2.650000e-06	-2.098122e-06	1.402291e-08	-1.494799e+01	8.334913e+02
2.660000e-06	-2.218871e-06	1.331528e-08	-1.580826e+01	7.906341e+02
2.670000e-06	-2.338867e-06	1.251731e-08	-1.666316e+01	7.426656e+02
2.680000e-06	-2.458043e-06	1.161218e-08	-1.751223e+01	6.886625e+02
2.690000e-06	-2.576186e-06	1.058899e-08	-1.835393e+01	6.274881e+02
2.700000e-06	-2.693237e-06	9.428707e-09	-1.918786e+01	5.578537e+02
2.710000e-06	-2.809242e-06	8.103958e-09	-2.001433e+01	4.784802e+02
2.720000e-06	-2.924130e-06	6.598511e-09	-2.083285e+01	3.883452e+02
2.730000e-06	-3.037838e-06	4.910730e-09	-2.164295e+01	2.869710e+02
2.740000e-06	-3.150271e-06	3.045603e-09	-2.244398e+01	1.746847e+02
2.750000e-06	-3.261395e-06	1.013126e-09	-2.323568e+01	5.277679e+01
2.760000e-06	-3.371287e-06	-1.155728e-09	-2.401860e+01	-7.649777e+01
2.770000e-06	-3.479989e-06	-3.401450e-09	-2.479304e+01	-2.100961e+02
2.780000e-06	-3.587593e-06	-5.660207e-09	-2.555966e+01	-3.445171e+02
2.790000e-06	-3.694078e-06	-7.876924e-09	-2.631831e+01	-4.762191e+02
2.800000e-06	-3.799367e-06	-1.000030e-08	-2.706844e+01	-6.020389e+02
2.810000e-06	-3.903299e-06	-1.198243e-08	-2.780889e+01	-7.195225e+02
2.820000e-06	-4.005684e-06	-1.379419e-08	-2.853833e+01	-8.271074e+02
2.830000e-06	-4.106518e-06	-1.543129e-08	-2.925672e+01	-9.241312e+02
2.840000e-06	-4.205843e-06	-1.690077e-08	-2.996436e+01	-1.010691e+03
2.850000e-06	-4.303794e-06	-1.820681e-08	-3.066221e+01	-1.087408e+03
2.860000e-06	-4.400414e-06	-1.935823e-08	-3.135058e+01	-1.155167e+03
2.870000e-06	-4.495488e-06	-2.037255e-08	-3.202793e+01	-1.214903e+03
2.880000e-06	-4.588865e-06	-2.126638e-08	-3.269319e+01	-1.267465e+03
2.890000e-06	-4.680601e-06	-2.204830e-08	-3.334675e+01	-1.313570e+03
2.900000e-06	-4.770706e-06	-2.272672e-08	-3.398871e+01	-1.353838e+03
2.910000e-06	-4.859113e-06	-2.331703e-08	-3.461855e+01	-1.388841e+03
2.920000e-06	-4.945700e-06	-2.383347e-08	-3.523544e+01	-1.419163e+03
2.930000e-06	-5.030448e-06	-2.428257e-08	-3.583922e+01	-1.445412e+03
2.940000e-06	-5.113493e-06	-2.467036e-08	-3.643088e+01	-1.468205e+03
2.950000e-06	-5.194841e-06	-2.501015e-08	-3.701043e+01	-1.488119e+03
2.960000e-06	-5.274315e-06	-2.531264e-08	-3.757664e+01	-1.505640e+03
2.970000e-06	-5.351728e-06	-2.557841e-08	-3.812817e+01	-1.521135e+03
2.980000e-06	-5.427030e-06	-2.580774e-08	-3.866466e+01	-1.534856e+03
2.990000e-06	-5.500359e-06	-2.600805e-08	-3.918708e+01	-1.546969e+03
3.000000e-06	-5.571763e-06	-2.618698e-08	-3.969580e+01	-1.557603e+03
3.010000e-06	-5.641047e-06	-2.634736e-08	-4.018941e+01	-1.566894e+03
3.020000e-06	-5.708217e-06	-2.648820e-08	-4.066796e+01	-1.575013e+03
3.030000e-06	-5.773479e-06	-2.661248e-08	-4.113292e+01	-1.582156e+03
3.040000e-06	-5.836777e-06	-2.672726e-08	-4.158388e+01	-1.588521e+03
3.050000e-06	-5.897923e-06	-2.683120e-08	-4.201952e+01	-1.594279e+03
3.060000e-06	-5.956878e-06	-2.691987e-08	-4.243954e+01	-1.599543e+03
3.070000e-06	-6.013763e-06	-2.699727e-08	-4.284482e+01	-1.604364e+03
3.080000e-06	-6.068545e-06	-2.707036e-08	-4.323510e+01	-1.608749e+03
3.090000e-06	-6.120944e-06	-2.713670e-08	-4.360842e+01	-1.612688e+03
3.100000e-06	-6.170848e-06	-2.719612e-08	-4.396396e+01	-1.616185e+03
3.110000e-06	-6.218193e-06	-2.724983e-08	-4.430126e+01	-1.619278e+03
3.120000e-06	-6.263252e-06	-2.730057e-08	-4.462228e+01	-1.622037e+03
3.130000e-06	-6.306455e-06	-2.734912e-08	-4.493009e+01	-1.624547e+03
3.140000e-06	-6.347715e-06	-2.738956e-08	-4.522404e+01	-1.626882e+03
3.150000e-06	-6.386737e-06	-2.742271e-08	-4.550205e+01	-1.629080e+03
3.160000e-06	-6.423420e-06	-2.745471e-08	-4.576339e+01	-1.631140e+03
3.170000e-06	-6.457860e-06	-2.748557e-08	-4.600876e+01	-1.633028e+03
3.180000e-06	-6.490071e-06	-2.751354e-08	-4.623825e+01	-1.634699e+03
3.190000e-06	-6.519864e-06	-2.753954e-08	-4.645051e+01	-1.636128e+03
3.200000e-06	-6.547238e-06	-2.756502e-08	-4.664553e+01	-1.637323e+03
3.210000e-06	-6.572372e-06	-2.758992e-08	-4.682460e+01	-1.638328e+03
3.220000e-06	-6.595184e-06	-2.760740e-08	-4.698712e+01	-1.639209e+03
3.230000e-06	-6.615573e-06	-2.761832e-08	-4.713238e+01	-1.640025e+03
3.240000e-06	-6.633693e-06	-2.762938e-08	-4.726148e+01	-1.640810e+03
3.250000e-06	-6.649619e-06	-2.764393e-08	-4.737495e+01	-1.641554e+03
3.260000e-06	-6.662981e-06	-2.765675e-08	-4.747014e+01	-1.642216e+03
3.270000e-06	-6.673650e-06	-2.766538e-08	-4.754615e+01	-1.642735e+03
3.280000e-06	-6.681975e-06	-2.767356e-08	-4.760546e+01	-1.643065e+03
3.290000e-06	-6.687912e-06	-2.768016e-08	-4.764776e+01	-1.643192e+03
3.300000e-06	-6.691410e-06	-2.768088e-08	-4.767268e+01	-1.643146e+03
3.310000e-06	-6.692712e-06	-2.767618e-08	-4.768196e+01	-1.642985e+03
