# Temperatura_=_58.63
# Concentracion g/m^3_=_20000.0
# C_Vs_to_Am_M_A/Vsm_=_59384043850.047264
# pendiente_HvsI_1/m_=_3716.3
# ordenada_HvsI_A/m_=_1297.0
# frecuencia_Hz_=_301409.59994105075

Tiempo_(s)	Campo_(V.s)	Magnetizacion_(V.s)	Campo_(kA/m)	Magnetizacion_(A/m)
0.000000e+00	-6.707967e-06	-2.781082e-08	-4.767668e+01	-1.652139e+03
1.000000e-08	-6.705286e-06	-2.780711e-08	-4.765763e+01	-1.651948e+03
2.000000e-08	-6.700339e-06	-2.780756e-08	-4.762247e+01	-1.651701e+03
3.000000e-08	-6.693363e-06	-2.780413e-08	-4.757289e+01	-1.651380e+03
4.000000e-08	-6.684191e-06	-2.779547e-08	-4.750770e+01	-1.650966e+03
5.000000e-08	-6.672617e-06	-2.778451e-08	-4.742544e+01	-1.650447e+03
6.000000e-08	-6.658611e-06	-2.777687e-08	-4.732589e+01	-1.649821e+03
7.000000e-08	-6.642165e-06	-2.777596e-08	-4.720900e+01	-1.649094e+03
8.000000e-08	-6.623419e-06	-2.775579e-08	-4.707576e+01	-1.648279e+03
9.000000e-08	-6.602376e-06	-2.769050e-08	-4.692620e+01	-1.647384e+03
1.000000e-07	-6.578736e-06	-2.766997e-08	-4.675818e+01	-1.646412e+03
1.100000e-07	-6.552409e-06	-2.770624e-08	-4.657106e+01	-1.645357e+03
1.200000e-07	-6.523736e-06	-2.770701e-08	-4.636727e+01	-1.644211e+03
1.300000e-07	-6.493169e-06	-2.768122e-08	-4.615001e+01	-1.642967e+03
1.400000e-07	-6.460941e-06	-2.768667e-08	-4.592095e+01	-1.641623e+03
1.500000e-07	-6.426758e-06	-2.763019e-08	-4.567800e+01	-1.640183e+03
1.600000e-07	-6.390301e-06	-2.757889e-08	-4.541888e+01	-1.638656e+03
1.700000e-07	-6.351807e-06	-2.761161e-08	-4.514529e+01	-1.637045e+03
1.800000e-07	-6.311167e-06	-2.753411e-08	-4.485644e+01	-1.635349e+03
1.900000e-07	-6.268047e-06	-2.750393e-08	-4.454996e+01	-1.633559e+03
2.000000e-07	-6.222668e-06	-2.751929e-08	-4.422744e+01	-1.631665e+03
2.100000e-07	-6.174990e-06	-2.747235e-08	-4.388856e+01	-1.629659e+03
2.200000e-07	-6.124737e-06	-2.744724e-08	-4.353140e+01	-1.627545e+03
2.300000e-07	-6.071967e-06	-2.738155e-08	-4.315633e+01	-1.625340e+03
2.400000e-07	-6.016808e-06	-2.733991e-08	-4.276429e+01	-1.623067e+03
2.500000e-07	-5.959403e-06	-2.730974e-08	-4.235628e+01	-1.620745e+03
2.600000e-07	-5.899810e-06	-2.726371e-08	-4.193273e+01	-1.618381e+03
2.700000e-07	-5.838126e-06	-2.725048e-08	-4.149431e+01	-1.615962e+03
2.800000e-07	-5.774474e-06	-2.720479e-08	-4.104191e+01	-1.613454e+03
2.900000e-07	-5.708690e-06	-2.715771e-08	-4.057435e+01	-1.610817e+03
3.000000e-07	-5.640678e-06	-2.710892e-08	-4.009096e+01	-1.608013e+03
3.100000e-07	-5.570612e-06	-2.705096e-08	-3.959297e+01	-1.605028e+03
3.200000e-07	-5.498642e-06	-2.700070e-08	-3.908144e+01	-1.601877e+03
3.300000e-07	-5.424640e-06	-2.693832e-08	-3.855548e+01	-1.598596e+03
3.400000e-07	-5.348416e-06	-2.690417e-08	-3.801371e+01	-1.595236e+03
3.500000e-07	-5.270008e-06	-2.684826e-08	-3.745643e+01	-1.591834e+03
3.600000e-07	-5.189474e-06	-2.678712e-08	-3.688404e+01	-1.588404e+03
3.700000e-07	-5.107038e-06	-2.672704e-08	-3.629813e+01	-1.584923e+03
3.800000e-07	-5.022888e-06	-2.665695e-08	-3.570003e+01	-1.581341e+03
3.900000e-07	-4.937093e-06	-2.659706e-08	-3.509025e+01	-1.577596e+03
4.000000e-07	-4.849731e-06	-2.653027e-08	-3.446933e+01	-1.573643e+03
4.100000e-07	-4.760715e-06	-2.646903e-08	-3.383665e+01	-1.569466e+03
4.200000e-07	-4.669897e-06	-2.639547e-08	-3.319116e+01	-1.565088e+03
4.300000e-07	-4.577336e-06	-2.632255e-08	-3.253328e+01	-1.560561e+03
4.400000e-07	-4.483231e-06	-2.624425e-08	-3.186444e+01	-1.555946e+03
4.500000e-07	-4.387544e-06	-2.615715e-08	-3.118434e+01	-1.551287e+03
4.600000e-07	-4.290189e-06	-2.607683e-08	-3.049240e+01	-1.546591e+03
4.700000e-07	-4.191258e-06	-2.600168e-08	-2.978925e+01	-1.541826e+03
4.800000e-07	-4.090748e-06	-2.592634e-08	-2.907487e+01	-1.536931e+03
4.900000e-07	-3.988811e-06	-2.584208e-08	-2.835036e+01	-1.531839e+03
5.000000e-07	-3.885596e-06	-2.575335e-08	-2.761676e+01	-1.526507e+03
5.100000e-07	-3.780987e-06	-2.565846e-08	-2.687325e+01	-1.520927e+03
5.200000e-07	-3.674943e-06	-2.555836e-08	-2.611956e+01	-1.515133e+03
5.300000e-07	-3.567507e-06	-2.545730e-08	-2.535596e+01	-1.509183e+03
5.400000e-07	-3.458764e-06	-2.535515e-08	-2.458307e+01	-1.503130e+03
5.500000e-07	-3.348829e-06	-2.525624e-08	-2.380170e+01	-1.497006e+03
5.600000e-07	-3.237784e-06	-2.515654e-08	-2.301246e+01	-1.490798e+03
5.700000e-07	-3.125509e-06	-2.505057e-08	-2.221447e+01	-1.484457e+03
5.800000e-07	-3.012004e-06	-2.493809e-08	-2.140773e+01	-1.477916e+03
5.900000e-07	-2.897338e-06	-2.482175e-08	-2.059275e+01	-1.471113e+03
6.000000e-07	-2.781521e-06	-2.470341e-08	-1.976958e+01	-1.464020e+03
6.100000e-07	-2.664623e-06	-2.457986e-08	-1.893873e+01	-1.456646e+03
6.200000e-07	-2.546707e-06	-2.445342e-08	-1.810065e+01	-1.449036e+03
6.300000e-07	-2.427852e-06	-2.432539e-08	-1.725589e+01	-1.441244e+03
6.400000e-07	-2.308141e-06	-2.419473e-08	-1.640504e+01	-1.433307e+03
6.500000e-07	-2.187596e-06	-2.405756e-08	-1.554828e+01	-1.425229e+03
6.600000e-07	-2.066216e-06	-2.391569e-08	-1.468557e+01	-1.416973e+03
6.700000e-07	-1.944131e-06	-2.377226e-08	-1.381785e+01	-1.408479e+03
6.800000e-07	-1.821435e-06	-2.362565e-08	-1.294580e+01	-1.399684e+03
6.900000e-07	-1.698080e-06	-2.347409e-08	-1.206905e+01	-1.390547e+03
7.000000e-07	-1.573987e-06	-2.331768e-08	-1.118707e+01	-1.381070e+03
7.100000e-07	-1.449209e-06	-2.315569e-08	-1.030021e+01	-1.371284e+03
7.200000e-07	-1.323952e-06	-2.298830e-08	-9.409949e+00	-1.361237e+03
7.300000e-07	-1.198357e-06	-2.281565e-08	-8.517288e+00	-1.350964e+03
7.400000e-07	-1.072375e-06	-2.263701e-08	-7.621872e+00	-1.340467e+03
7.500000e-07	-9.459920e-07	-2.245419e-08	-6.723611e+00	-1.329705e+03
7.600000e-07	-8.193241e-07	-2.226802e-08	-5.823323e+00	-1.318607e+03
7.700000e-07	-6.924549e-07	-2.207652e-08	-4.921603e+00	-1.307099e+03
7.800000e-07	-5.653680e-07	-2.187566e-08	-4.018337e+00	-1.295130e+03
7.900000e-07	-4.380787e-07	-2.166694e-08	-3.113632e+00	-1.282688e+03
8.000000e-07	-3.106194e-07	-2.145292e-08	-2.207718e+00	-1.269795e+03
8.100000e-07	-1.830100e-07	-2.123067e-08	-1.300738e+00	-1.256486e+03
8.200000e-07	-5.535647e-08	-2.099884e-08	-3.934445e-01	-1.242771e+03
8.300000e-07	7.228612e-08	-2.075879e-08	5.137715e-01	-1.228606e+03
8.400000e-07	1.999126e-07	-2.051076e-08	1.420873e+00	-1.213888e+03
8.500000e-07	3.274605e-07	-2.025101e-08	2.327416e+00	-1.198465e+03
8.600000e-07	4.548844e-07	-1.997455e-08	3.233078e+00	-1.182184e+03
8.700000e-07	5.821672e-07	-1.968151e-08	4.137737e+00	-1.164923e+03
8.800000e-07	7.092500e-07	-1.937433e-08	5.040974e+00	-1.146631e+03
8.900000e-07	8.360556e-07	-1.905295e-08	5.942242e+00	-1.127321e+03
9.000000e-07	9.625397e-07	-1.871271e-08	6.841224e+00	-1.107038e+03
9.100000e-07	1.088735e-06	-1.835350e-08	7.738151e+00	-1.085796e+03
9.200000e-07	1.214638e-06	-1.797662e-08	8.633008e+00	-1.063520e+03
9.300000e-07	1.340210e-06	-1.757690e-08	9.525502e+00	-1.039999e+03
9.400000e-07	1.465362e-06	-1.714766e-08	1.041502e+01	-1.014888e+03
9.500000e-07	1.589970e-06	-1.668521e-08	1.130067e+01	-9.877361e+02
9.600000e-07	1.713909e-06	-1.618621e-08	1.218156e+01	-9.580363e+02
9.700000e-07	1.837080e-06	-1.563721e-08	1.305699e+01	-9.252636e+02
9.800000e-07	1.959573e-06	-1.502284e-08	1.392761e+01	-8.888709e+02
9.900000e-07	2.081501e-06	-1.433239e-08	1.479421e+01	-8.482316e+02
1.000000e-06	2.202777e-06	-1.355430e-08	1.565618e+01	-8.025421e+02
1.010000e-06	2.323197e-06	-1.267204e-08	1.651206e+01	-7.507219e+02
1.020000e-06	2.442685e-06	-1.165876e-08	1.736131e+01	-6.913681e+02
1.030000e-06	2.561289e-06	-1.048882e-08	1.820429e+01	-6.228146e+02
1.040000e-06	2.679021e-06	-9.138067e-09	1.904107e+01	-5.433248e+02
1.050000e-06	2.795668e-06	-7.581771e-09	1.987013e+01	-4.514055e+02
1.060000e-06	2.911056e-06	-5.797987e-09	2.069025e+01	-3.461852e+02
1.070000e-06	3.025384e-06	-3.782515e-09	2.150283e+01	-2.277698e+02
1.080000e-06	3.138682e-06	-1.559295e-09	2.230810e+01	-9.747608e+01
1.090000e-06	3.250742e-06	8.214749e-10	2.310456e+01	4.213263e+01
1.100000e-06	3.361576e-06	3.290551e-09	2.389230e+01	1.874436e+02
1.110000e-06	3.471364e-06	5.782275e-09	2.467262e+01	3.341974e+02
1.120000e-06	3.579972e-06	8.222924e-09	2.544455e+01	4.780188e+02
1.130000e-06	3.687175e-06	1.053336e-08	2.620649e+01	6.149616e+02
1.140000e-06	3.793083e-06	1.266158e-08	2.695923e+01	7.419539e+02
1.150000e-06	3.897607e-06	1.458401e-08	2.770213e+01	8.570560e+02
1.160000e-06	4.000646e-06	1.629519e-08	2.843448e+01	9.594947e+02
1.170000e-06	4.102348e-06	1.780072e-08	2.915732e+01	1.049496e+03
1.180000e-06	4.202575e-06	1.911527e-08	2.986968e+01	1.127984e+03
1.190000e-06	4.301217e-06	2.026119e-08	3.057078e+01	1.196234e+03
1.200000e-06	4.398271e-06	2.125584e-08	3.126058e+01	1.255574e+03
1.210000e-06	4.493703e-06	2.211647e-08	3.193887e+01	1.307183e+03
1.220000e-06	4.587607e-06	2.286001e-08	3.260629e+01	1.352018e+03
1.230000e-06	4.680001e-06	2.350445e-08	3.326297e+01	1.390837e+03
1.240000e-06	4.770774e-06	2.406154e-08	3.390814e+01	1.424278e+03
1.250000e-06	4.859841e-06	2.453806e-08	3.454118e+01	1.452945e+03
1.260000e-06	4.947101e-06	2.494663e-08	3.516138e+01	1.477460e+03
1.270000e-06	5.032639e-06	2.529946e-08	3.576934e+01	1.498464e+03
1.280000e-06	5.116498e-06	2.560475e-08	3.636537e+01	1.516576e+03
1.290000e-06	5.198509e-06	2.586813e-08	3.694825e+01	1.532341e+03
1.300000e-06	5.278597e-06	2.609780e-08	3.751748e+01	1.546185e+03
1.310000e-06	5.356863e-06	2.629987e-08	3.807375e+01	1.558400e+03
1.320000e-06	5.433118e-06	2.647724e-08	3.861573e+01	1.569169e+03
1.330000e-06	5.507165e-06	2.663139e-08	3.914202e+01	1.578613e+03
1.340000e-06	5.579109e-06	2.676517e-08	3.965336e+01	1.586842e+03
1.350000e-06	5.649089e-06	2.688441e-08	4.015074e+01	1.593990e+03
1.360000e-06	5.717145e-06	2.699115e-08	4.063444e+01	1.600225e+03
1.370000e-06	5.783082e-06	2.708321e-08	4.110309e+01	1.605736e+03
1.380000e-06	5.846916e-06	2.716375e-08	4.155679e+01	1.610696e+03
1.390000e-06	5.908829e-06	2.723787e-08	4.199683e+01	1.615236e+03
1.400000e-06	5.968760e-06	2.730545e-08	4.242279e+01	1.619428e+03
1.410000e-06	6.026522e-06	2.736593e-08	4.283333e+01	1.623290e+03
1.420000e-06	6.082097e-06	2.742164e-08	4.322833e+01	1.626811e+03
1.430000e-06	6.135411e-06	2.747547e-08	4.360726e+01	1.629973e+03
1.440000e-06	6.186172e-06	2.752576e-08	4.396804e+01	1.632784e+03
1.450000e-06	6.234402e-06	2.756920e-08	4.431083e+01	1.635277e+03
1.460000e-06	6.280427e-06	2.760592e-08	4.463796e+01	1.637513e+03
1.470000e-06	6.324302e-06	2.763833e-08	4.494980e+01	1.639554e+03
1.480000e-06	6.365837e-06	2.766825e-08	4.524501e+01	1.641453e+03
1.490000e-06	6.405018e-06	2.769524e-08	4.552348e+01	1.643230e+03
1.500000e-06	6.442102e-06	2.771890e-08	4.578705e+01	1.644881e+03
1.510000e-06	6.477024e-06	2.774212e-08	4.603526e+01	1.646386e+03
1.520000e-06	6.509531e-06	2.776555e-08	4.626631e+01	1.647722e+03
1.530000e-06	6.539780e-06	2.778603e-08	4.648130e+01	1.648882e+03
1.540000e-06	6.567868e-06	2.780162e-08	4.668094e+01	1.649882e+03
1.550000e-06	6.593516e-06	2.781497e-08	4.686323e+01	1.650750e+03
1.560000e-06	6.616728e-06	2.782765e-08	4.702820e+01	1.651522e+03
1.570000e-06	6.637731e-06	2.783817e-08	4.717748e+01	1.652222e+03
1.580000e-06	6.656444e-06	2.784574e-08	4.731049e+01	1.652858e+03
1.590000e-06	6.672705e-06	2.785036e-08	4.742606e+01	1.653418e+03
1.600000e-06	6.686523e-06	2.785472e-08	4.752427e+01	1.653879e+03
1.610000e-06	6.697789e-06	2.785881e-08	4.760435e+01	1.654219e+03
1.620000e-06	6.706428e-06	2.786041e-08	4.766575e+01	1.654430e+03
1.630000e-06	6.712660e-06	2.786175e-08	4.771004e+01	1.654519e+03
1.640000e-06	6.716706e-06	2.786473e-08	4.773880e+01	1.654506e+03
1.650000e-06	6.718388e-06	2.786476e-08	4.775075e+01	1.654416e+03
1.660000e-06	6.717667e-06	2.786336e-08	4.774563e+01	1.654271e+03
1.670000e-06	6.714857e-06	2.786080e-08	4.772566e+01	1.654075e+03
1.680000e-06	6.709872e-06	2.785220e-08	4.769022e+01	1.653820e+03
1.690000e-06	6.702563e-06	2.784053e-08	4.763828e+01	1.653490e+03
1.700000e-06	6.693088e-06	2.782833e-08	4.757093e+01	1.653065e+03
1.710000e-06	6.681359e-06	2.781736e-08	4.748757e+01	1.652534e+03
1.720000e-06	6.667222e-06	2.779860e-08	4.738709e+01	1.651896e+03
1.730000e-06	6.650941e-06	2.778024e-08	4.727138e+01	1.651159e+03
1.740000e-06	6.632634e-06	2.782745e-08	4.714126e+01	1.650335e+03
1.750000e-06	6.611737e-06	2.784654e-08	4.699273e+01	1.649432e+03
1.760000e-06	6.587678e-06	2.777982e-08	4.682173e+01	1.648451e+03
1.770000e-06	6.560770e-06	2.773120e-08	4.663049e+01	1.647387e+03
1.780000e-06	6.531518e-06	2.768123e-08	4.642258e+01	1.646230e+03
1.790000e-06	6.500325e-06	2.762636e-08	4.620087e+01	1.644975e+03
1.800000e-06	6.467646e-06	2.770736e-08	4.596861e+01	1.643620e+03
1.810000e-06	6.433116e-06	2.766530e-08	4.572319e+01	1.642171e+03
1.820000e-06	6.396214e-06	2.755703e-08	4.546091e+01	1.640634e+03
1.830000e-06	6.357140e-06	2.763842e-08	4.518319e+01	1.639014e+03
1.840000e-06	6.315813e-06	2.756614e-08	4.488946e+01	1.637308e+03
1.850000e-06	6.272296e-06	2.752647e-08	4.458017e+01	1.635508e+03
1.860000e-06	6.226596e-06	2.749942e-08	4.425535e+01	1.633601e+03
1.870000e-06	6.178467e-06	2.740142e-08	4.391328e+01	1.631583e+03
1.880000e-06	6.128189e-06	2.745751e-08	4.355593e+01	1.629459e+03
1.890000e-06	6.075488e-06	2.740050e-08	4.318136e+01	1.627245e+03
1.900000e-06	6.020254e-06	2.735281e-08	4.278879e+01	1.624965e+03
1.910000e-06	5.962882e-06	2.732062e-08	4.238101e+01	1.622639e+03
1.920000e-06	5.903321e-06	2.723210e-08	4.195768e+01	1.620270e+03
1.930000e-06	5.841596e-06	2.725645e-08	4.151898e+01	1.617843e+03
1.940000e-06	5.777714e-06	2.716147e-08	4.106494e+01	1.615323e+03
1.950000e-06	5.711762e-06	2.711458e-08	4.059619e+01	1.612669e+03
1.960000e-06	5.643757e-06	2.709841e-08	4.011284e+01	1.609846e+03
1.970000e-06	5.573447e-06	2.703581e-08	3.961312e+01	1.606842e+03
1.980000e-06	5.501114e-06	2.700631e-08	3.909901e+01	1.603674e+03
1.990000e-06	5.426832e-06	2.688312e-08	3.857105e+01	1.600383e+03
2.000000e-06	5.350384e-06	2.686367e-08	3.802770e+01	1.597016e+03
2.010000e-06	5.271778e-06	2.681483e-08	3.746901e+01	1.593611e+03
2.020000e-06	5.191263e-06	2.675047e-08	3.689676e+01	1.590177e+03
2.030000e-06	5.109050e-06	2.669509e-08	3.631243e+01	1.586688e+03
2.040000e-06	5.024990e-06	2.661538e-08	3.571497e+01	1.583091e+03
2.050000e-06	4.939007e-06	2.658855e-08	3.510385e+01	1.579326e+03
2.060000e-06	4.851154e-06	2.649254e-08	3.447944e+01	1.575349e+03
2.070000e-06	4.761694e-06	2.641629e-08	3.384360e+01	1.571148e+03
2.080000e-06	4.670681e-06	2.633537e-08	3.319673e+01	1.566750e+03
2.090000e-06	4.577969e-06	2.627916e-08	3.253778e+01	1.562211e+03
2.100000e-06	4.483550e-06	2.621435e-08	3.186671e+01	1.557590e+03
2.110000e-06	4.387560e-06	2.611097e-08	3.118446e+01	1.552927e+03
2.120000e-06	4.290126e-06	2.603539e-08	3.049195e+01	1.548226e+03
2.130000e-06	4.191194e-06	2.595480e-08	2.978879e+01	1.543450e+03
2.140000e-06	4.090706e-06	2.587715e-08	2.907458e+01	1.538536e+03
2.150000e-06	3.988603e-06	2.577275e-08	2.834888e+01	1.533420e+03
2.160000e-06	3.884949e-06	2.568247e-08	2.761217e+01	1.528061e+03
2.170000e-06	3.779925e-06	2.560267e-08	2.686571e+01	1.522456e+03
2.180000e-06	3.673676e-06	2.551025e-08	2.611055e+01	1.516642e+03
2.190000e-06	3.566239e-06	2.539950e-08	2.534694e+01	1.510678e+03
2.200000e-06	3.457570e-06	2.528455e-08	2.457458e+01	1.504617e+03
2.210000e-06	3.347622e-06	2.518771e-08	2.379312e+01	1.498485e+03
2.220000e-06	3.236349e-06	2.508813e-08	2.300226e+01	1.492265e+03
2.230000e-06	3.123910e-06	2.497532e-08	2.220310e+01	1.485906e+03
2.240000e-06	3.010358e-06	2.485986e-08	2.139604e+01	1.479339e+03
2.250000e-06	2.895578e-06	2.475324e-08	2.058024e+01	1.472506e+03
2.260000e-06	2.779590e-06	2.463494e-08	1.975586e+01	1.465381e+03
2.270000e-06	2.662526e-06	2.450046e-08	1.892383e+01	1.457980e+03
2.280000e-06	2.544409e-06	2.436167e-08	1.808431e+01	1.450347e+03
2.290000e-06	2.425234e-06	2.423785e-08	1.723728e+01	1.442538e+03
2.300000e-06	2.305182e-06	2.411157e-08	1.638401e+01	1.434586e+03
2.310000e-06	2.184388e-06	2.397096e-08	1.552547e+01	1.426491e+03
2.320000e-06	2.062865e-06	2.382271e-08	1.466175e+01	1.418213e+03
2.330000e-06	1.940632e-06	2.368113e-08	1.379299e+01	1.409689e+03
2.340000e-06	1.817731e-06	2.353800e-08	1.291947e+01	1.400858e+03
2.350000e-06	1.694189e-06	2.337611e-08	1.204140e+01	1.391685e+03
2.360000e-06	1.570047e-06	2.320894e-08	1.115907e+01	1.382172e+03
2.370000e-06	1.445311e-06	2.304906e-08	1.027250e+01	1.372355e+03
2.380000e-06	1.320045e-06	2.289006e-08	9.382181e+00	1.362283e+03
2.390000e-06	1.194359e-06	2.271328e-08	8.488870e+00	1.351987e+03
2.400000e-06	1.068311e-06	2.252627e-08	7.592993e+00	1.341464e+03
2.410000e-06	9.419096e-07	2.234359e-08	6.694596e+00	1.330669e+03
2.420000e-06	8.150604e-07	2.215901e-08	5.793019e+00	1.319530e+03
2.430000e-06	6.878543e-07	2.196219e-08	4.888905e+00	1.307975e+03
2.440000e-06	5.603987e-07	2.175685e-08	3.983018e+00	1.295955e+03
2.450000e-06	4.326471e-07	2.155070e-08	3.075027e+00	1.283462e+03
2.460000e-06	3.047098e-07	2.134219e-08	2.165717e+00	1.270524e+03
2.470000e-06	1.766769e-07	2.111521e-08	1.255726e+00	1.257171e+03
2.480000e-06	4.860168e-08	2.087534e-08	3.454350e-01	1.243410e+03
2.490000e-06	-7.948244e-08	2.063200e-08	-5.649192e-01	1.229192e+03
2.500000e-06	-2.075412e-07	2.038524e-08	-1.475093e+00	1.214406e+03
2.510000e-06	-3.355060e-07	2.012444e-08	-2.384599e+00	1.198898e+03
2.520000e-06	-4.633756e-07	1.984500e-08	-3.293429e+00	1.182516e+03
2.530000e-06	-5.910039e-07	1.955700e-08	-4.200544e+00	1.165146e+03
2.540000e-06	-7.183544e-07	1.925468e-08	-5.105684e+00	1.146743e+03
2.550000e-06	-8.454113e-07	1.892963e-08	-6.008737e+00	1.127327e+03
2.560000e-06	-9.720452e-07	1.858149e-08	-6.908784e+00	1.106941e+03
2.570000e-06	-1.098271e-06	1.822078e-08	-7.805927e+00	1.085594e+03
2.580000e-06	-1.224113e-06	1.784682e-08	-8.700346e+00	1.063197e+03
2.590000e-06	-1.349604e-06	1.744896e-08	-9.592273e+00	1.039524e+03
2.600000e-06	-1.474699e-06	1.701993e-08	-1.048138e+01	1.014217e+03
2.610000e-06	-1.599289e-06	1.655927e-08	-1.136690e+01	9.868168e+02
2.620000e-06	-1.723256e-06	1.606214e-08	-1.224799e+01	9.568129e+02
2.630000e-06	-1.846521e-06	1.551374e-08	-1.312409e+01	9.236791e+02
2.640000e-06	-1.969089e-06	1.489828e-08	-1.399524e+01	8.868634e+02
2.650000e-06	-2.090881e-06	1.420912e-08	-1.486087e+01	8.457254e+02
2.660000e-06	-2.211921e-06	1.343744e-08	-1.572117e+01	7.994361e+02
2.670000e-06	-2.332294e-06	1.255835e-08	-1.657671e+01	7.468812e+02
2.680000e-06	-2.451818e-06	1.154601e-08	-1.742623e+01	6.866246e+02
2.690000e-06	-2.570263e-06	1.038054e-08	-1.826807e+01	6.169809e+02
2.700000e-06	-2.687715e-06	9.041332e-09	-1.910286e+01	5.362229e+02
2.710000e-06	-2.804233e-06	7.496547e-09	-1.993100e+01	4.429054e+02
2.720000e-06	-2.919666e-06	5.723987e-09	-2.075144e+01	3.362461e+02
2.730000e-06	-3.033783e-06	3.725295e-09	-2.156253e+01	2.164723e+02
2.740000e-06	-3.146563e-06	1.526046e-09	-2.236410e+01	8.503679e+01
2.750000e-06	-3.258198e-06	-8.197609e-10	-2.315755e+01	-5.537127e+01
2.760000e-06	-3.368587e-06	-3.241949e-09	-2.394214e+01	-2.010474e+02
2.770000e-06	-3.477729e-06	-5.681509e-09	-2.471786e+01	-3.476934e+02
2.780000e-06	-3.585730e-06	-8.083487e-09	-2.548548e+01	-4.909544e+02
2.790000e-06	-3.692551e-06	-1.037888e-08	-2.624470e+01	-6.269597e+02
2.800000e-06	-3.798166e-06	-1.250618e-08	-2.699536e+01	-7.527499e+02
2.810000e-06	-3.902450e-06	-1.443011e-08	-2.773655e+01	-8.665127e+02
2.820000e-06	-4.005215e-06	-1.613809e-08	-2.846695e+01	-9.675931e+02
2.830000e-06	-4.106515e-06	-1.763974e-08	-2.918694e+01	-1.056308e+03
2.840000e-06	-4.206370e-06	-1.895730e-08	-2.989665e+01	-1.133635e+03
2.850000e-06	-4.304731e-06	-2.010618e-08	-3.059575e+01	-1.200868e+03
2.860000e-06	-4.401685e-06	-2.109948e-08	-3.128485e+01	-1.259327e+03
2.870000e-06	-4.497092e-06	-2.195773e-08	-3.196296e+01	-1.310169e+03
2.880000e-06	-4.590856e-06	-2.270494e-08	-3.262938e+01	-1.354327e+03
2.890000e-06	-4.682977e-06	-2.335533e-08	-3.328413e+01	-1.392540e+03
2.900000e-06	-4.773325e-06	-2.391464e-08	-3.392627e+01	-1.425441e+03
2.910000e-06	-4.862026e-06	-2.439334e-08	-3.455671e+01	-1.453633e+03
2.920000e-06	-4.949042e-06	-2.480565e-08	-3.517518e+01	-1.477741e+03
2.930000e-06	-5.034254e-06	-2.516190e-08	-3.578082e+01	-1.498406e+03
2.940000e-06	-5.117685e-06	-2.546613e-08	-3.637380e+01	-1.516243e+03
2.950000e-06	-5.199344e-06	-2.572724e-08	-3.695419e+01	-1.531785e+03
2.960000e-06	-5.279131e-06	-2.595808e-08	-3.752127e+01	-1.545443e+03
2.970000e-06	-5.356926e-06	-2.616401e-08	-3.807420e+01	-1.557495e+03
2.980000e-06	-5.432695e-06	-2.634516e-08	-3.861273e+01	-1.568117e+03
2.990000e-06	-5.506396e-06	-2.650290e-08	-3.913655e+01	-1.577426e+03
3.000000e-06	-5.578088e-06	-2.664125e-08	-3.964610e+01	-1.585532e+03
3.010000e-06	-5.647739e-06	-2.676367e-08	-4.014115e+01	-1.592574e+03
3.020000e-06	-5.715301e-06	-2.687148e-08	-4.062134e+01	-1.598723e+03
3.030000e-06	-5.780908e-06	-2.696496e-08	-4.108764e+01	-1.604167e+03
3.040000e-06	-5.844540e-06	-2.704974e-08	-4.153990e+01	-1.609077e+03
3.050000e-06	-5.906023e-06	-2.712943e-08	-4.197689e+01	-1.613577e+03
3.060000e-06	-5.965327e-06	-2.720055e-08	-4.239839e+01	-1.617734e+03
3.070000e-06	-6.022558e-06	-2.726228e-08	-4.280516e+01	-1.621561e+03
3.080000e-06	-6.077724e-06	-2.732025e-08	-4.319725e+01	-1.625044e+03
3.090000e-06	-6.130562e-06	-2.737594e-08	-4.357279e+01	-1.628168e+03
3.100000e-06	-6.180869e-06	-2.742617e-08	-4.393035e+01	-1.630943e+03
3.110000e-06	-6.228624e-06	-2.746878e-08	-4.426976e+01	-1.633405e+03
3.120000e-06	-6.274100e-06	-2.750696e-08	-4.459299e+01	-1.635617e+03
3.130000e-06	-6.317588e-06	-2.754403e-08	-4.490208e+01	-1.637642e+03
3.140000e-06	-6.359007e-06	-2.757771e-08	-4.519646e+01	-1.639527e+03
3.150000e-06	-6.398249e-06	-2.760497e-08	-4.547537e+01	-1.641292e+03
3.160000e-06	-6.435234e-06	-2.763041e-08	-4.573824e+01	-1.642929e+03
3.170000e-06	-6.469935e-06	-2.765811e-08	-4.598488e+01	-1.644416e+03
3.180000e-06	-6.502422e-06	-2.768410e-08	-4.621578e+01	-1.645733e+03
3.190000e-06	-6.532532e-06	-2.770661e-08	-4.642978e+01	-1.646876e+03
3.200000e-06	-6.560260e-06	-2.772442e-08	-4.662686e+01	-1.647860e+03
3.210000e-06	-6.585764e-06	-2.774073e-08	-4.680813e+01	-1.648716e+03
3.220000e-06	-6.608933e-06	-2.775575e-08	-4.697280e+01	-1.649480e+03
3.230000e-06	-6.629601e-06	-2.776727e-08	-4.711970e+01	-1.650173e+03
3.240000e-06	-6.647925e-06	-2.777749e-08	-4.724994e+01	-1.650802e+03
3.250000e-06	-6.664031e-06	-2.779032e-08	-4.736441e+01	-1.651352e+03
3.260000e-06	-6.677584e-06	-2.780164e-08	-4.746074e+01	-1.651802e+03
3.270000e-06	-6.688505e-06	-2.780755e-08	-4.753836e+01	-1.652129e+03
3.280000e-06	-6.697069e-06	-2.781112e-08	-4.759923e+01	-1.652326e+03
3.290000e-06	-6.703245e-06	-2.781396e-08	-4.764312e+01	-1.652403e+03
3.300000e-06	-6.706986e-06	-2.781470e-08	-4.766972e+01	-1.652380e+03
3.310000e-06	-6.708478e-06	-2.781394e-08	-4.768032e+01	-1.652285e+03
