# Temperatura_=_41.36
# Concentracion g/m^3_=_22500.0
# C_Vs_to_Am_M_A/Vsm_=_59384043850.047264
# pendiente_HvsI_1/m_=_3716.3
# ordenada_HvsI_A/m_=_1297.0
# frecuencia_Hz_=_301508.51409516885

Tiempo_(s)	Campo_(V.s)	Magnetizacion_(V.s)	Campo_(kA/m)	Magnetizacion_(A/m)
0.000000e+00	-6.681031e-06	-2.401950e-08	-4.764532e+01	-1.425623e+03
1.000000e-08	-6.677579e-06	-2.400859e-08	-4.762070e+01	-1.425200e+03
2.000000e-08	-6.671972e-06	-2.399627e-08	-4.758072e+01	-1.424636e+03
3.000000e-08	-6.664375e-06	-2.398116e-08	-4.752654e+01	-1.423909e+03
4.000000e-08	-6.654530e-06	-2.396476e-08	-4.745633e+01	-1.423000e+03
5.000000e-08	-6.642233e-06	-2.394401e-08	-4.736864e+01	-1.421899e+03
6.000000e-08	-6.627484e-06	-2.392655e-08	-4.726346e+01	-1.420610e+03
7.000000e-08	-6.610283e-06	-2.390998e-08	-4.714079e+01	-1.419147e+03
8.000000e-08	-6.590784e-06	-2.385825e-08	-4.700173e+01	-1.417531e+03
9.000000e-08	-6.568966e-06	-2.380005e-08	-4.684614e+01	-1.415777e+03
1.000000e-07	-6.544525e-06	-2.378727e-08	-4.667184e+01	-1.413890e+03
1.100000e-07	-6.517396e-06	-2.378752e-08	-4.647837e+01	-1.411863e+03
1.200000e-07	-6.488058e-06	-2.375834e-08	-4.626915e+01	-1.409682e+03
1.300000e-07	-6.457005e-06	-2.372138e-08	-4.604770e+01	-1.407329e+03
1.400000e-07	-6.424314e-06	-2.368335e-08	-4.581456e+01	-1.404795e+03
1.500000e-07	-6.389498e-06	-2.360275e-08	-4.556628e+01	-1.402080e+03
1.600000e-07	-6.352449e-06	-2.358422e-08	-4.530206e+01	-1.399191e+03
1.700000e-07	-6.313496e-06	-2.351605e-08	-4.502427e+01	-1.396141e+03
1.800000e-07	-6.272194e-06	-2.341603e-08	-4.472973e+01	-1.392936e+03
1.900000e-07	-6.228421e-06	-2.341827e-08	-4.441756e+01	-1.389578e+03
2.000000e-07	-6.182446e-06	-2.335544e-08	-4.408970e+01	-1.386056e+03
2.100000e-07	-6.134151e-06	-2.330301e-08	-4.374528e+01	-1.382355e+03
2.200000e-07	-6.083290e-06	-2.323708e-08	-4.338257e+01	-1.378463e+03
2.300000e-07	-6.029882e-06	-2.313455e-08	-4.300170e+01	-1.374371e+03
2.400000e-07	-5.974210e-06	-2.308423e-08	-4.260468e+01	-1.370081e+03
2.500000e-07	-5.916290e-06	-2.299642e-08	-4.219162e+01	-1.365602e+03
2.600000e-07	-5.856164e-06	-2.290714e-08	-4.176284e+01	-1.360942e+03
2.700000e-07	-5.794004e-06	-2.284315e-08	-4.131955e+01	-1.356104e+03
2.800000e-07	-5.729819e-06	-2.277460e-08	-4.086182e+01	-1.351080e+03
2.900000e-07	-5.663477e-06	-2.268749e-08	-4.038871e+01	-1.345852e+03
3.000000e-07	-5.595017e-06	-2.257224e-08	-3.990049e+01	-1.340398e+03
3.100000e-07	-5.524534e-06	-2.248498e-08	-3.939784e+01	-1.334701e+03
3.200000e-07	-5.452144e-06	-2.237866e-08	-3.888160e+01	-1.328754e+03
3.300000e-07	-5.377696e-06	-2.227446e-08	-3.835068e+01	-1.322567e+03
3.400000e-07	-5.301055e-06	-2.217948e-08	-3.780412e+01	-1.316158e+03
3.500000e-07	-5.222303e-06	-2.206076e-08	-3.724250e+01	-1.309547e+03
3.600000e-07	-5.141353e-06	-2.196050e-08	-3.666522e+01	-1.302745e+03
3.700000e-07	-5.058487e-06	-2.184016e-08	-3.607426e+01	-1.295747e+03
3.800000e-07	-4.974070e-06	-2.171417e-08	-3.547225e+01	-1.288531e+03
3.900000e-07	-4.888081e-06	-2.158254e-08	-3.485902e+01	-1.281063e+03
4.000000e-07	-4.800518e-06	-2.145595e-08	-3.423457e+01	-1.273313e+03
4.100000e-07	-4.711330e-06	-2.132641e-08	-3.359854e+01	-1.265258e+03
4.200000e-07	-4.620289e-06	-2.117814e-08	-3.294928e+01	-1.256899e+03
4.300000e-07	-4.527478e-06	-2.103584e-08	-3.228741e+01	-1.248254e+03
4.400000e-07	-4.433127e-06	-2.088502e-08	-3.161454e+01	-1.239350e+03
4.500000e-07	-4.337222e-06	-2.073585e-08	-3.093061e+01	-1.230214e+03
4.600000e-07	-4.239717e-06	-2.057396e-08	-3.023526e+01	-1.220858e+03
4.700000e-07	-4.140617e-06	-2.041184e-08	-2.952853e+01	-1.211272e+03
4.800000e-07	-4.039989e-06	-2.025090e-08	-2.881091e+01	-1.201430e+03
4.900000e-07	-3.937980e-06	-2.008161e-08	-2.808344e+01	-1.191296e+03
5.000000e-07	-3.834623e-06	-1.990367e-08	-2.734636e+01	-1.180842e+03
5.100000e-07	-3.729884e-06	-1.971764e-08	-2.659942e+01	-1.170053e+03
5.200000e-07	-3.623724e-06	-1.953256e-08	-2.584235e+01	-1.158936e+03
5.300000e-07	-3.516197e-06	-1.933993e-08	-2.507553e+01	-1.147512e+03
5.400000e-07	-3.407438e-06	-1.914291e-08	-2.429991e+01	-1.135807e+03
5.500000e-07	-3.297539e-06	-1.894209e-08	-2.351618e+01	-1.123836e+03
5.600000e-07	-3.186532e-06	-1.874004e-08	-2.272454e+01	-1.111598e+03
5.700000e-07	-3.074360e-06	-1.852870e-08	-2.192459e+01	-1.099073e+03
5.800000e-07	-2.960982e-06	-1.830828e-08	-2.111604e+01	-1.086231e+03
5.900000e-07	-2.846409e-06	-1.808363e-08	-2.029898e+01	-1.073040e+03
6.000000e-07	-2.730603e-06	-1.785619e-08	-1.947311e+01	-1.059484e+03
6.100000e-07	-2.613620e-06	-1.762236e-08	-1.863886e+01	-1.045565e+03
6.200000e-07	-2.495689e-06	-1.738126e-08	-1.779784e+01	-1.031299e+03
6.300000e-07	-2.376974e-06	-1.713672e-08	-1.695123e+01	-1.016710e+03
6.400000e-07	-2.257452e-06	-1.688653e-08	-1.609887e+01	-1.001812e+03
6.500000e-07	-2.137077e-06	-1.663167e-08	-1.524042e+01	-9.866062e+02
6.600000e-07	-2.015930e-06	-1.636875e-08	-1.437647e+01	-9.710716e+02
6.700000e-07	-1.894109e-06	-1.609891e-08	-1.350771e+01	-9.551767e+02
6.800000e-07	-1.771588e-06	-1.582250e-08	-1.263396e+01	-9.388902e+02
6.900000e-07	-1.648298e-06	-1.554103e-08	-1.175473e+01	-9.221926e+02
7.000000e-07	-1.524264e-06	-1.525296e-08	-1.087019e+01	-9.050823e+02
7.100000e-07	-1.399649e-06	-1.495871e-08	-9.981503e+00	-8.875714e+02
7.200000e-07	-1.274660e-06	-1.465803e-08	-9.090154e+00	-8.696742e+02
7.300000e-07	-1.149339e-06	-1.434888e-08	-8.196434e+00	-8.513920e+02
7.400000e-07	-1.023623e-06	-1.403383e-08	-7.299897e+00	-8.327024e+02
7.500000e-07	-8.975496e-07	-1.370956e-08	-6.400815e+00	-8.135583e+02
7.600000e-07	-7.711809e-07	-1.337822e-08	-5.499625e+00	-7.938970e+02
7.700000e-07	-6.445920e-07	-1.303900e-08	-4.596865e+00	-7.736563e+02
7.800000e-07	-5.177990e-07	-1.268834e-08	-3.692649e+00	-7.527884e+02
7.900000e-07	-3.907882e-07	-1.232675e-08	-2.786879e+00	-7.312646e+02
8.000000e-07	-2.636597e-07	-1.195210e-08	-1.880271e+00	-7.090650e+02
8.100000e-07	-1.364519e-07	-1.156421e-08	-9.730978e-01	-6.861566e+02
8.200000e-07	-9.153840e-09	-1.116380e-08	-6.527999e-02	-6.624669e+02
8.300000e-07	1.181681e-07	-1.074796e-08	8.427081e-01	-6.378657e+02
8.400000e-07	2.454281e-07	-1.031500e-08	1.750254e+00	-6.121647e+02
8.500000e-07	3.725484e-07	-9.859192e-09	2.656804e+00	-5.851366e+02
8.600000e-07	4.995067e-07	-9.375051e-09	3.562198e+00	-5.565480e+02
8.700000e-07	6.263321e-07	-8.860034e-09	4.466645e+00	-5.261907e+02
8.800000e-07	7.529752e-07	-8.312634e-09	5.369792e+00	-4.938933e+02
8.900000e-07	8.793170e-07	-7.733853e-09	6.270790e+00	-4.595008e+02
9.000000e-07	1.005347e-06	-7.116191e-09	7.169562e+00	-4.228215e+02
9.100000e-07	1.131091e-06	-6.454317e-09	8.066303e+00	-3.835566e+02
9.200000e-07	1.256503e-06	-5.738496e-09	8.960667e+00	-3.412380e+02
9.300000e-07	1.381512e-06	-4.954085e-09	9.852157e+00	-2.952086e+02
9.400000e-07	1.506059e-06	-4.090285e-09	1.074036e+01	-2.446689e+02
9.500000e-07	1.630109e-06	-3.138438e-09	1.162501e+01	-1.887973e+02
9.600000e-07	1.753537e-06	-2.091325e-09	1.250523e+01	-1.269283e+02
9.700000e-07	1.876227e-06	-9.404502e-10	1.338019e+01	-5.875129e+01
9.800000e-07	1.998178e-06	3.143314e-10	1.424987e+01	1.552253e+01
9.900000e-07	2.119414e-06	1.661423e-09	1.511446e+01	9.507305e+01
1.000000e-06	2.239872e-06	3.076072e-09	1.597349e+01	1.784958e+02
1.010000e-06	2.359529e-06	4.525405e-09	1.682682e+01	2.639428e+02
1.020000e-06	2.478388e-06	5.969700e-09	1.767446e+01	3.493521e+02
1.030000e-06	2.596344e-06	7.372338e-09	1.851565e+01	4.327168e+02
1.040000e-06	2.713323e-06	8.706137e-09	1.934988e+01	5.123324e+02
1.050000e-06	2.829161e-06	9.952541e-09	2.017597e+01	5.869700e+02
1.060000e-06	2.943763e-06	1.110558e-08	2.099324e+01	6.559443e+02
1.070000e-06	3.057243e-06	1.216551e-08	2.180252e+01	7.190741e+02
1.080000e-06	3.169610e-06	1.313274e-08	2.260386e+01	7.765619e+02
1.090000e-06	3.280837e-06	1.400981e-08	2.339707e+01	8.288344e+02
1.100000e-06	3.390926e-06	1.480669e-08	2.418216e+01	8.763915e+02
1.110000e-06	3.499898e-06	1.553321e-08	2.495929e+01	9.196989e+02
1.120000e-06	3.607693e-06	1.619323e-08	2.572802e+01	9.591403e+02
1.130000e-06	3.714117e-06	1.679029e-08	2.648698e+01	9.950235e+02
1.140000e-06	3.819129e-06	1.733295e-08	2.723586e+01	1.027618e+03
1.150000e-06	3.922742e-06	1.782803e-08	2.797477e+01	1.057200e+03
1.160000e-06	4.024983e-06	1.827813e-08	2.870389e+01	1.084074e+03
1.170000e-06	4.125837e-06	1.868828e-08	2.942313e+01	1.108576e+03
1.180000e-06	4.225150e-06	1.906642e-08	3.013137e+01	1.131042e+03
1.190000e-06	4.322759e-06	1.941817e-08	3.082746e+01	1.151776e+03
1.200000e-06	4.418773e-06	1.974249e-08	3.151218e+01	1.171013e+03
1.210000e-06	4.513333e-06	2.004048e-08	3.218653e+01	1.188915e+03
1.220000e-06	4.606410e-06	2.031681e-08	3.285030e+01	1.205577e+03
1.230000e-06	4.697856e-06	2.057454e-08	3.350244e+01	1.221063e+03
1.240000e-06	4.787504e-06	2.081438e-08	3.414176e+01	1.235431e+03
1.250000e-06	4.875410e-06	2.103734e-08	3.476866e+01	1.248762e+03
1.260000e-06	4.961661e-06	2.124619e-08	3.538375e+01	1.261164e+03
1.270000e-06	5.046316e-06	2.144398e-08	3.598746e+01	1.272764e+03
1.280000e-06	5.129252e-06	2.163107e-08	3.657892e+01	1.283680e+03
1.290000e-06	5.210283e-06	2.180532e-08	3.715678e+01	1.294004e+03
1.300000e-06	5.289407e-06	2.196609e-08	3.772105e+01	1.303786e+03
1.310000e-06	5.366597e-06	2.211715e-08	3.827153e+01	1.313036e+03
1.320000e-06	5.441724e-06	2.226160e-08	3.880729e+01	1.321746e+03
1.330000e-06	5.514757e-06	2.239600e-08	3.932812e+01	1.329903e+03
1.340000e-06	5.585786e-06	2.252019e-08	3.983466e+01	1.337518e+03
1.350000e-06	5.654901e-06	2.263866e-08	4.032755e+01	1.344627e+03
1.360000e-06	5.722008e-06	2.275320e-08	4.080612e+01	1.351288e+03
1.370000e-06	5.786993e-06	2.286020e-08	4.126955e+01	1.357567e+03
1.380000e-06	5.849943e-06	2.295844e-08	4.171847e+01	1.363520e+03
1.390000e-06	5.910952e-06	2.305228e-08	4.215356e+01	1.369181e+03
1.400000e-06	5.969891e-06	2.314458e-08	4.257387e+01	1.374554e+03
1.410000e-06	6.026658e-06	2.323076e-08	4.297871e+01	1.379629e+03
1.420000e-06	6.081266e-06	2.330777e-08	4.336814e+01	1.384388e+03
1.430000e-06	6.133427e-06	2.338154e-08	4.374013e+01	1.388824e+03
1.440000e-06	6.183007e-06	2.345319e-08	4.409370e+01	1.392950e+03
1.450000e-06	6.230219e-06	2.351999e-08	4.443039e+01	1.396793e+03
1.460000e-06	6.275357e-06	2.358067e-08	4.475229e+01	1.400389e+03
1.470000e-06	6.318356e-06	2.363755e-08	4.505893e+01	1.403769e+03
1.480000e-06	6.358967e-06	2.369288e-08	4.534855e+01	1.406946e+03
1.490000e-06	6.397330e-06	2.374438e-08	4.562213e+01	1.409919e+03
1.500000e-06	6.433580e-06	2.379042e-08	4.588064e+01	1.412670e+03
1.510000e-06	6.467453e-06	2.383119e-08	4.612220e+01	1.415180e+03
1.520000e-06	6.498932e-06	2.387056e-08	4.634670e+01	1.417440e+03
1.530000e-06	6.528311e-06	2.390727e-08	4.655621e+01	1.419453e+03
1.540000e-06	6.555401e-06	2.393587e-08	4.674940e+01	1.421242e+03
1.550000e-06	6.579992e-06	2.395856e-08	4.692477e+01	1.422834e+03
1.560000e-06	6.602277e-06	2.398111e-08	4.708369e+01	1.424255e+03
1.570000e-06	6.622525e-06	2.400299e-08	4.722809e+01	1.425519e+03
1.580000e-06	6.640483e-06	2.402158e-08	4.735616e+01	1.426622e+03
1.590000e-06	6.655854e-06	2.403600e-08	4.746578e+01	1.427549e+03
1.600000e-06	6.668705e-06	2.404695e-08	4.755742e+01	1.428280e+03
1.610000e-06	6.678914e-06	2.405486e-08	4.763023e+01	1.428801e+03
1.620000e-06	6.686591e-06	2.405792e-08	4.768498e+01	1.429115e+03
1.630000e-06	6.692050e-06	2.405647e-08	4.772390e+01	1.429236e+03
1.640000e-06	6.695175e-06	2.405435e-08	4.774619e+01	1.429190e+03
1.650000e-06	6.695814e-06	2.405352e-08	4.775075e+01	1.429002e+03
1.660000e-06	6.694199e-06	2.405419e-08	4.773923e+01	1.428684e+03
1.670000e-06	6.690565e-06	2.404816e-08	4.771331e+01	1.428236e+03
1.680000e-06	6.684671e-06	2.403671e-08	4.767128e+01	1.427644e+03
1.690000e-06	6.676453e-06	2.402231e-08	4.761267e+01	1.426886e+03
1.700000e-06	6.666176e-06	2.400314e-08	4.753939e+01	1.425942e+03
1.710000e-06	6.653628e-06	2.398089e-08	4.744990e+01	1.424806e+03
1.720000e-06	6.638699e-06	2.394923e-08	4.734343e+01	1.423484e+03
1.730000e-06	6.621752e-06	2.394337e-08	4.722258e+01	1.421992e+03
1.740000e-06	6.602718e-06	2.396584e-08	4.708684e+01	1.420350e+03
1.750000e-06	6.580753e-06	2.392630e-08	4.693020e+01	1.418571e+03
1.760000e-06	6.555600e-06	2.385673e-08	4.675082e+01	1.416659e+03
1.770000e-06	6.527924e-06	2.380418e-08	4.655345e+01	1.414605e+03
1.780000e-06	6.498008e-06	2.372918e-08	4.634011e+01	1.412393e+03
1.790000e-06	6.466295e-06	2.371514e-08	4.611395e+01	1.410008e+03
1.800000e-06	6.433095e-06	2.372477e-08	4.587718e+01	1.407441e+03
1.810000e-06	6.397820e-06	2.360793e-08	4.562563e+01	1.404693e+03
1.820000e-06	6.360212e-06	2.360454e-08	4.535743e+01	1.401774e+03
1.830000e-06	6.320432e-06	2.358918e-08	4.507374e+01	1.398695e+03
1.840000e-06	6.278396e-06	2.348164e-08	4.477396e+01	1.395463e+03
1.850000e-06	6.234295e-06	2.345856e-08	4.445945e+01	1.392076e+03
1.860000e-06	6.187930e-06	2.331198e-08	4.412881e+01	1.388522e+03
1.870000e-06	6.139154e-06	2.327317e-08	4.378096e+01	1.384787e+03
1.880000e-06	6.088250e-06	2.327357e-08	4.341794e+01	1.380859e+03
1.890000e-06	6.034720e-06	2.316170e-08	4.303620e+01	1.376730e+03
1.900000e-06	5.978769e-06	2.312638e-08	4.263719e+01	1.372405e+03
1.910000e-06	5.920753e-06	2.301742e-08	4.222345e+01	1.367893e+03
1.920000e-06	5.860574e-06	2.294608e-08	4.179429e+01	1.363201e+03
1.930000e-06	5.798283e-06	2.286397e-08	4.135006e+01	1.358330e+03
1.940000e-06	5.733855e-06	2.272642e-08	4.089060e+01	1.353270e+03
1.950000e-06	5.667474e-06	2.268458e-08	4.041721e+01	1.348002e+03
1.960000e-06	5.598926e-06	2.258765e-08	3.992836e+01	1.342505e+03
1.970000e-06	5.528051e-06	2.252991e-08	3.942293e+01	1.336763e+03
1.980000e-06	5.455209e-06	2.239493e-08	3.890346e+01	1.330772e+03
1.990000e-06	5.380426e-06	2.226021e-08	3.837014e+01	1.324543e+03
2.000000e-06	5.303482e-06	2.219296e-08	3.782142e+01	1.318095e+03
2.010000e-06	5.224387e-06	2.204914e-08	3.725737e+01	1.311449e+03
2.020000e-06	5.143482e-06	2.195109e-08	3.668040e+01	1.304612e+03
2.030000e-06	5.060899e-06	2.180730e-08	3.609146e+01	1.297577e+03
2.040000e-06	4.976465e-06	2.171268e-08	3.548933e+01	1.290318e+03
2.050000e-06	4.890075e-06	2.159103e-08	3.487324e+01	1.282801e+03
2.060000e-06	4.801855e-06	2.143401e-08	3.424410e+01	1.274997e+03
2.070000e-06	4.712066e-06	2.130251e-08	3.360378e+01	1.266887e+03
2.080000e-06	4.620716e-06	2.115558e-08	3.295233e+01	1.258474e+03
2.090000e-06	4.527692e-06	2.103868e-08	3.228893e+01	1.249779e+03
2.100000e-06	4.432930e-06	2.086494e-08	3.161314e+01	1.240832e+03
2.110000e-06	4.336605e-06	2.071211e-08	3.092621e+01	1.231656e+03
2.120000e-06	4.238841e-06	2.055817e-08	3.022901e+01	1.222259e+03
2.130000e-06	4.139598e-06	2.040233e-08	2.952126e+01	1.212629e+03
2.140000e-06	4.038886e-06	2.022899e-08	2.880304e+01	1.202737e+03
2.150000e-06	3.936548e-06	2.004111e-08	2.807323e+01	1.192547e+03
2.160000e-06	3.832673e-06	1.987437e-08	2.733245e+01	1.182033e+03
2.170000e-06	3.727509e-06	1.969741e-08	2.658248e+01	1.171184e+03
2.180000e-06	3.621151e-06	1.951282e-08	2.582399e+01	1.160009e+03
2.190000e-06	3.513614e-06	1.930909e-08	2.505710e+01	1.148533e+03
2.200000e-06	3.404939e-06	1.912159e-08	2.428209e+01	1.136778e+03
2.210000e-06	3.294980e-06	1.892393e-08	2.349793e+01	1.124760e+03
2.220000e-06	3.183687e-06	1.871169e-08	2.270425e+01	1.112472e+03
2.230000e-06	3.071241e-06	1.848363e-08	2.190235e+01	1.099892e+03
2.240000e-06	2.957635e-06	1.826997e-08	2.109218e+01	1.086989e+03
2.250000e-06	2.842867e-06	1.805887e-08	2.027372e+01	1.073733e+03
2.260000e-06	2.726907e-06	1.783013e-08	1.944675e+01	1.060111e+03
2.270000e-06	2.609812e-06	1.758934e-08	1.861170e+01	1.046128e+03
2.280000e-06	2.491703e-06	1.734697e-08	1.776941e+01	1.031802e+03
2.290000e-06	2.372557e-06	1.711282e-08	1.691973e+01	1.017156e+03
2.300000e-06	2.252471e-06	1.685621e-08	1.606335e+01	1.002203e+03
2.310000e-06	2.131683e-06	1.658994e-08	1.520195e+01	9.869398e+02
2.320000e-06	2.010266e-06	1.632371e-08	1.433608e+01	9.713427e+02
2.330000e-06	1.888213e-06	1.606666e-08	1.346566e+01	9.553793e+02
2.340000e-06	1.765455e-06	1.579269e-08	1.259023e+01	9.390196e+02
2.350000e-06	1.641987e-06	1.550154e-08	1.170972e+01	9.222473e+02
2.360000e-06	1.517964e-06	1.521084e-08	1.082526e+01	9.050635e+02
2.370000e-06	1.393476e-06	1.492448e-08	9.937482e+00	8.874821e+02
2.380000e-06	1.268546e-06	1.462924e-08	9.046550e+00	8.695160e+02
2.390000e-06	1.143199e-06	1.431220e-08	8.152645e+00	8.511627e+02
2.400000e-06	1.017419e-06	1.399239e-08	7.255653e+00	8.323954e+02
2.410000e-06	8.911957e-07	1.367281e-08	6.355502e+00	8.131631e+02
2.420000e-06	7.645596e-07	1.334317e-08	5.452405e+00	7.934020e+02
2.430000e-06	6.376263e-07	1.299370e-08	4.547189e+00	7.730515e+02
2.440000e-06	5.104350e-07	1.263747e-08	3.640133e+00	7.520674e+02
2.450000e-06	3.829864e-07	1.228070e-08	2.731242e+00	7.304237e+02
2.460000e-06	2.553926e-07	1.190992e-08	1.821315e+00	7.081001e+02
2.470000e-06	1.277102e-07	1.151847e-08	9.107570e-01	6.850583e+02
2.480000e-06	-4.996580e-11	1.111327e-08	-3.563278e-04	6.612165e+02
2.490000e-06	-1.277798e-07	1.069812e-08	-9.112534e-01	6.364336e+02
2.500000e-06	-2.554315e-07	1.026592e-08	-1.821592e+00	6.105122e+02
2.510000e-06	-3.829740e-07	9.805020e-09	-2.731153e+00	5.832215e+02
2.520000e-06	-5.104083e-07	9.317967e-09	-3.639942e+00	5.543306e+02
2.530000e-06	-6.376641e-07	8.806430e-09	-4.547459e+00	5.236378e+02
2.540000e-06	-7.645432e-07	8.261792e-09	-5.452288e+00	4.909771e+02
2.550000e-06	-8.910739e-07	7.676109e-09	-6.354634e+00	4.561917e+02
2.560000e-06	-1.017234e-06	7.050267e-09	-7.254336e+00	4.190762e+02
2.570000e-06	-1.142915e-06	6.388342e-09	-8.150623e+00	3.793052e+02
2.580000e-06	-1.268172e-06	5.673381e-09	-9.043881e+00	3.363766e+02
2.590000e-06	-1.393045e-06	4.887870e-09	-9.934410e+00	2.896024e+02
2.600000e-06	-1.517461e-06	4.022649e-09	-1.082167e+01	2.381682e+02
2.610000e-06	-1.641325e-06	3.072925e-09	-1.170500e+01	1.812660e+02
2.620000e-06	-1.764579e-06	2.026052e-09	-1.258398e+01	1.182796e+02
2.630000e-06	-1.887135e-06	8.688221e-10	-1.345798e+01	4.898070e+01
2.640000e-06	-2.008992e-06	-3.915042e-10	-1.432699e+01	-2.631408e+01
2.650000e-06	-2.130202e-06	-1.736778e-09	-1.519139e+01	-1.066750e+02
2.660000e-06	-2.250715e-06	-3.144280e-09	-1.605082e+01	-1.906050e+02
2.670000e-06	-2.370447e-06	-4.585858e-09	-1.690468e+01	-2.761992e+02
2.680000e-06	-2.489229e-06	-6.022572e-09	-1.775177e+01	-3.613854e+02
2.690000e-06	-2.606903e-06	-7.416585e-09	-1.859096e+01	-4.441944e+02
2.700000e-06	-2.723538e-06	-8.742176e-09	-1.942273e+01	-5.229964e+02
2.710000e-06	-2.839147e-06	-9.984426e-09	-2.024718e+01	-5.966581e+02
2.720000e-06	-2.953598e-06	-1.113312e-08	-2.106338e+01	-6.645897e+02
2.730000e-06	-3.066728e-06	-1.218302e-08	-2.187016e+01	-7.266892e+02
2.740000e-06	-3.178596e-06	-1.313898e-08	-2.266794e+01	-7.832112e+02
2.750000e-06	-3.289259e-06	-1.400946e-08	-2.345713e+01	-8.346056e+02
2.760000e-06	-3.398666e-06	-1.480429e-08	-2.423736e+01	-8.813724e+02
2.770000e-06	-3.506960e-06	-1.552603e-08	-2.500965e+01	-9.239645e+02
2.780000e-06	-3.614161e-06	-1.617971e-08	-2.577415e+01	-9.627504e+02
2.790000e-06	-3.720195e-06	-1.677449e-08	-2.653032e+01	-9.980276e+02
2.800000e-06	-3.824913e-06	-1.731570e-08	-2.727711e+01	-1.030064e+03
2.810000e-06	-3.928225e-06	-1.780776e-08	-2.801388e+01	-1.059139e+03
2.820000e-06	-4.030040e-06	-1.825266e-08	-2.873996e+01	-1.085565e+03
2.830000e-06	-4.130319e-06	-1.865883e-08	-2.945509e+01	-1.109680e+03
2.840000e-06	-4.229155e-06	-1.903609e-08	-3.015994e+01	-1.131817e+03
2.850000e-06	-4.326572e-06	-1.938656e-08	-3.085466e+01	-1.152269e+03
2.860000e-06	-4.422525e-06	-1.970959e-08	-3.153894e+01	-1.171259e+03
2.870000e-06	-4.516818e-06	-2.000680e-08	-3.221139e+01	-1.188934e+03
2.880000e-06	-4.609466e-06	-2.028238e-08	-3.287210e+01	-1.205384e+03
2.890000e-06	-4.700598e-06	-2.053952e-08	-3.352200e+01	-1.220666e+03
2.900000e-06	-4.790168e-06	-2.077902e-08	-3.416076e+01	-1.234842e+03
2.910000e-06	-4.878001e-06	-2.100052e-08	-3.478714e+01	-1.247999e+03
2.920000e-06	-4.963977e-06	-2.120773e-08	-3.540027e+01	-1.260250e+03
2.930000e-06	-5.048122e-06	-2.140426e-08	-3.600034e+01	-1.271720e+03
2.940000e-06	-5.130508e-06	-2.158935e-08	-3.658787e+01	-1.282526e+03
2.950000e-06	-5.211218e-06	-2.176294e-08	-3.716345e+01	-1.292751e+03
2.960000e-06	-5.289978e-06	-2.192610e-08	-3.772512e+01	-1.302438e+03
2.970000e-06	-5.366597e-06	-2.208067e-08	-3.827152e+01	-1.311594e+03
2.980000e-06	-5.441240e-06	-2.222776e-08	-3.880384e+01	-1.320206e+03
2.990000e-06	-5.513946e-06	-2.236462e-08	-3.932234e+01	-1.328266e+03
3.000000e-06	-5.584618e-06	-2.249272e-08	-3.982633e+01	-1.335788e+03
3.010000e-06	-5.653211e-06	-2.261518e-08	-4.031549e+01	-1.342812e+03
3.020000e-06	-5.719729e-06	-2.272994e-08	-4.078986e+01	-1.349401e+03
3.030000e-06	-5.784292e-06	-2.283584e-08	-4.125029e+01	-1.355619e+03
3.040000e-06	-5.846855e-06	-2.293370e-08	-4.169646e+01	-1.361519e+03
3.050000e-06	-5.907238e-06	-2.302665e-08	-4.212707e+01	-1.367129e+03
3.060000e-06	-5.965528e-06	-2.311601e-08	-4.254276e+01	-1.372451e+03
3.070000e-06	-6.021763e-06	-2.319953e-08	-4.294380e+01	-1.377471e+03
3.080000e-06	-6.075805e-06	-2.327706e-08	-4.332920e+01	-1.382173e+03
3.090000e-06	-6.127446e-06	-2.335111e-08	-4.369747e+01	-1.386554e+03
3.100000e-06	-6.176397e-06	-2.342086e-08	-4.404656e+01	-1.390627e+03
3.110000e-06	-6.222855e-06	-2.348496e-08	-4.437787e+01	-1.394424e+03
3.120000e-06	-6.267319e-06	-2.354486e-08	-4.469497e+01	-1.397980e+03
3.130000e-06	-6.309834e-06	-2.360094e-08	-4.499815e+01	-1.401324e+03
3.140000e-06	-6.350344e-06	-2.365264e-08	-4.528705e+01	-1.404466e+03
3.150000e-06	-6.388590e-06	-2.369910e-08	-4.555980e+01	-1.407402e+03
3.160000e-06	-6.424487e-06	-2.374095e-08	-4.581579e+01	-1.410112e+03
3.170000e-06	-6.458178e-06	-2.378243e-08	-4.605606e+01	-1.412578e+03
3.180000e-06	-6.489548e-06	-2.382299e-08	-4.627978e+01	-1.414793e+03
3.190000e-06	-6.518544e-06	-2.385778e-08	-4.648655e+01	-1.416766e+03
3.200000e-06	-6.545238e-06	-2.388836e-08	-4.667693e+01	-1.418518e+03
3.210000e-06	-6.569705e-06	-2.391618e-08	-4.685141e+01	-1.420078e+03
3.220000e-06	-6.591797e-06	-2.394142e-08	-4.700896e+01	-1.421472e+03
3.230000e-06	-6.611469e-06	-2.396377e-08	-4.714924e+01	-1.422708e+03
3.240000e-06	-6.628947e-06	-2.398201e-08	-4.727389e+01	-1.423782e+03
3.250000e-06	-6.644023e-06	-2.399595e-08	-4.738140e+01	-1.424676e+03
3.260000e-06	-6.656413e-06	-2.400699e-08	-4.746976e+01	-1.425370e+03
3.270000e-06	-6.666348e-06	-2.401602e-08	-4.754062e+01	-1.425855e+03
3.280000e-06	-6.673947e-06	-2.402245e-08	-4.759480e+01	-1.426133e+03
3.290000e-06	-6.679080e-06	-2.402669e-08	-4.763141e+01	-1.426224e+03
3.300000e-06	-6.681848e-06	-2.402913e-08	-4.765115e+01	-1.426151e+03
3.310000e-06	-6.682427e-06	-2.402829e-08	-4.765528e+01	-1.425940e+03
