# Temperatura_=_55.31
# Concentracion g/m^3_=_22500.0
# C_Vs_to_Am_M_A/Vsm_=_59384043850.047264
# pendiente_HvsI_1/m_=_3716.3
# ordenada_HvsI_A/m_=_1297.0
# frecuencia_Hz_=_301507.7708949966

Tiempo_(s)	Campo_(V.s)	Magnetizacion_(V.s)	Campo_(kA/m)	Magnetizacion_(A/m)
0.000000e+00	-6.689391e-06	-2.358187e-08	-4.764441e+01	-1.399269e+03
1.000000e-08	-6.686200e-06	-2.357302e-08	-4.762168e+01	-1.398905e+03
2.000000e-08	-6.680788e-06	-2.355944e-08	-4.758313e+01	-1.398415e+03
3.000000e-08	-6.673288e-06	-2.354592e-08	-4.752971e+01	-1.397760e+03
4.000000e-08	-6.663514e-06	-2.353014e-08	-4.746010e+01	-1.396907e+03
5.000000e-08	-6.651321e-06	-2.351037e-08	-4.737326e+01	-1.395842e+03
6.000000e-08	-6.636694e-06	-2.348523e-08	-4.726908e+01	-1.394573e+03
7.000000e-08	-6.619589e-06	-2.345397e-08	-4.714725e+01	-1.393128e+03
8.000000e-08	-6.600157e-06	-2.343103e-08	-4.700885e+01	-1.391540e+03
9.000000e-08	-6.578393e-06	-2.340901e-08	-4.685384e+01	-1.389836e+03
1.000000e-07	-6.554045e-06	-2.337271e-08	-4.668043e+01	-1.388025e+03
1.100000e-07	-6.527106e-06	-2.334339e-08	-4.648855e+01	-1.386095e+03
1.200000e-07	-6.497919e-06	-2.333140e-08	-4.628068e+01	-1.384026e+03
1.300000e-07	-6.466949e-06	-2.329128e-08	-4.606009e+01	-1.381794e+03
1.400000e-07	-6.434328e-06	-2.322904e-08	-4.582775e+01	-1.379383e+03
1.500000e-07	-6.399675e-06	-2.322914e-08	-4.558094e+01	-1.376792e+03
1.600000e-07	-6.362744e-06	-2.314922e-08	-4.531790e+01	-1.374032e+03
1.700000e-07	-6.323788e-06	-2.307851e-08	-4.504044e+01	-1.371118e+03
1.800000e-07	-6.282589e-06	-2.306060e-08	-4.474701e+01	-1.368059e+03
1.900000e-07	-6.238935e-06	-2.298000e-08	-4.443609e+01	-1.364853e+03
2.000000e-07	-6.193045e-06	-2.294641e-08	-4.410924e+01	-1.361486e+03
2.100000e-07	-6.144837e-06	-2.288746e-08	-4.376589e+01	-1.357937e+03
2.200000e-07	-6.094111e-06	-2.282336e-08	-4.340460e+01	-1.354186e+03
2.300000e-07	-6.040845e-06	-2.276355e-08	-4.302522e+01	-1.350225e+03
2.400000e-07	-5.985230e-06	-2.267319e-08	-4.262911e+01	-1.346060e+03
2.500000e-07	-5.927381e-06	-2.260865e-08	-4.221708e+01	-1.341706e+03
2.600000e-07	-5.867287e-06	-2.252259e-08	-4.178907e+01	-1.337181e+03
2.700000e-07	-5.805130e-06	-2.243293e-08	-4.134637e+01	-1.332497e+03
2.800000e-07	-5.741007e-06	-2.237995e-08	-4.088965e+01	-1.327649e+03
2.900000e-07	-5.674762e-06	-2.230106e-08	-4.041783e+01	-1.322620e+03
3.000000e-07	-5.606355e-06	-2.220916e-08	-3.993061e+01	-1.317382e+03
3.100000e-07	-5.535904e-06	-2.210886e-08	-3.942883e+01	-1.311911e+03
3.200000e-07	-5.463536e-06	-2.201274e-08	-3.891340e+01	-1.306191e+03
3.300000e-07	-5.389150e-06	-2.190618e-08	-3.838360e+01	-1.300223e+03
3.400000e-07	-5.312561e-06	-2.179366e-08	-3.783810e+01	-1.294021e+03
3.500000e-07	-5.233816e-06	-2.169749e-08	-3.727725e+01	-1.287607e+03
3.600000e-07	-5.152882e-06	-2.158698e-08	-3.670080e+01	-1.280995e+03
3.700000e-07	-5.070042e-06	-2.148436e-08	-3.611079e+01	-1.274188e+03
3.800000e-07	-4.985618e-06	-2.136352e-08	-3.550949e+01	-1.267170e+03
3.900000e-07	-4.899598e-06	-2.123620e-08	-3.489682e+01	-1.259916e+03
4.000000e-07	-4.812045e-06	-2.110859e-08	-3.427323e+01	-1.252398e+03
4.100000e-07	-4.722824e-06	-2.098038e-08	-3.363776e+01	-1.244593e+03
4.200000e-07	-4.631788e-06	-2.084258e-08	-3.298937e+01	-1.236495e+03
4.300000e-07	-4.539076e-06	-2.069114e-08	-3.232904e+01	-1.228113e+03
4.400000e-07	-4.444788e-06	-2.054811e-08	-3.165749e+01	-1.219465e+03
4.500000e-07	-4.348844e-06	-2.040311e-08	-3.097413e+01	-1.210570e+03
4.600000e-07	-4.251368e-06	-2.025089e-08	-3.027987e+01	-1.201435e+03
4.700000e-07	-4.152325e-06	-2.009322e-08	-2.957445e+01	-1.192058e+03
4.800000e-07	-4.051615e-06	-1.993552e-08	-2.885716e+01	-1.182422e+03
4.900000e-07	-3.949554e-06	-1.976980e-08	-2.813024e+01	-1.172507e+03
5.000000e-07	-3.846202e-06	-1.959370e-08	-2.739413e+01	-1.162295e+03
5.100000e-07	-3.741389e-06	-1.941078e-08	-2.664761e+01	-1.151779e+03
5.200000e-07	-3.635190e-06	-1.922428e-08	-2.589122e+01	-1.140959e+03
5.300000e-07	-3.527641e-06	-1.903933e-08	-2.512521e+01	-1.129844e+03
5.400000e-07	-3.418774e-06	-1.885398e-08	-2.434982e+01	-1.118438e+03
5.500000e-07	-3.308734e-06	-1.865919e-08	-2.356608e+01	-1.106741e+03
5.600000e-07	-3.197632e-06	-1.845665e-08	-2.277476e+01	-1.094741e+03
5.700000e-07	-3.085320e-06	-1.824917e-08	-2.197484e+01	-1.082421e+03
5.800000e-07	-2.971776e-06	-1.803293e-08	-2.116613e+01	-1.069765e+03
5.900000e-07	-2.857125e-06	-1.780920e-08	-2.034954e+01	-1.056763e+03
6.000000e-07	-2.741276e-06	-1.758385e-08	-1.952442e+01	-1.043419e+03
6.100000e-07	-2.624253e-06	-1.735658e-08	-1.869094e+01	-1.029744e+03
6.200000e-07	-2.506186e-06	-1.712550e-08	-1.785002e+01	-1.015748e+03
6.300000e-07	-2.387303e-06	-1.688689e-08	-1.700329e+01	-1.001436e+03
6.400000e-07	-2.267692e-06	-1.663780e-08	-1.615137e+01	-9.867965e+02
6.500000e-07	-2.147249e-06	-1.638252e-08	-1.529353e+01	-9.718034e+02
6.600000e-07	-2.025936e-06	-1.612364e-08	-1.442950e+01	-9.564263e+02
6.700000e-07	-1.903893e-06	-1.585583e-08	-1.356026e+01	-9.406407e+02
6.800000e-07	-1.781230e-06	-1.558195e-08	-1.268660e+01	-9.244388e+02
6.900000e-07	-1.657882e-06	-1.530420e-08	-1.180807e+01	-9.078320e+02
7.000000e-07	-1.533849e-06	-1.502113e-08	-1.092466e+01	-8.908440e+02
7.100000e-07	-1.409201e-06	-1.472940e-08	-1.003687e+01	-8.734956e+02
7.200000e-07	-1.284049e-06	-1.442942e-08	-9.145489e+00	-8.557871e+02
7.300000e-07	-1.158517e-06	-1.412332e-08	-8.251402e+00	-8.376876e+02
7.400000e-07	-1.032658e-06	-1.380954e-08	-7.354984e+00	-8.191357e+02
7.500000e-07	-9.064313e-07	-1.348602e-08	-6.455951e+00	-8.000539e+02
7.600000e-07	-7.798437e-07	-1.315185e-08	-5.554346e+00	-7.803702e+02
7.700000e-07	-6.530184e-07	-1.280914e-08	-4.651047e+00	-7.600388e+02
7.800000e-07	-5.260408e-07	-1.245662e-08	-3.746664e+00	-7.390465e+02
7.900000e-07	-3.989251e-07	-1.209456e-08	-2.841297e+00	-7.174021e+02
8.000000e-07	-2.716747e-07	-1.172063e-08	-1.934972e+00	-6.951076e+02
8.100000e-07	-1.443177e-07	-1.133551e-08	-1.027886e+00	-6.721217e+02
8.200000e-07	-1.694789e-08	-1.093466e-08	-1.207094e-01	-6.483320e+02
8.300000e-07	1.103990e-07	-1.051526e-08	7.863038e-01	-6.235466e+02
8.400000e-07	2.377394e-07	-1.007283e-08	1.693271e+00	-5.975142e+02
8.500000e-07	3.650062e-07	-9.603481e-09	2.599715e+00	-5.699644e+02
8.600000e-07	4.921667e-07	-9.107657e-09	3.505400e+00	-5.406525e+02
8.700000e-07	6.191781e-07	-8.581274e-09	4.410024e+00	-5.093863e+02
8.800000e-07	7.459292e-07	-8.020317e-09	5.312794e+00	-4.760151e+02
8.900000e-07	8.724107e-07	-7.421540e-09	6.213644e+00	-4.403765e+02
9.000000e-07	9.986176e-07	-6.779488e-09	7.112538e+00	-4.022124e+02
9.100000e-07	1.124572e-06	-6.084819e-09	8.009630e+00	-3.610840e+02
9.200000e-07	1.250208e-06	-5.323012e-09	8.904464e+00	-3.163253e+02
9.300000e-07	1.375431e-06	-4.478838e-09	9.796348e+00	-2.670688e+02
9.400000e-07	1.500141e-06	-3.543319e-09	1.068458e+01	-2.123605e+02
9.500000e-07	1.624256e-06	-2.507962e-09	1.156857e+01	-1.513526e+02
9.600000e-07	1.747835e-06	-1.364251e-09	1.244875e+01	-8.353586e+01
9.700000e-07	1.870891e-06	-1.061108e-10	1.332520e+01	-8.952605e+00
9.800000e-07	1.993272e-06	1.257302e-09	1.419685e+01	7.167038e+01
9.900000e-07	2.114758e-06	2.701137e-09	1.506212e+01	1.569140e+02
1.000000e-06	2.235344e-06	4.191583e-09	1.592098e+01	2.447988e+02
1.010000e-06	2.355108e-06	5.688496e-09	1.677398e+01	3.330327e+02
1.020000e-06	2.474110e-06	7.147035e-09	1.762156e+01	4.193222e+02
1.030000e-06	2.592292e-06	8.527542e-09	1.846330e+01	5.016731e+02
1.040000e-06	2.709440e-06	9.811023e-09	1.929767e+01	5.786165e+02
1.050000e-06	2.825474e-06	1.099064e-08	2.012411e+01	6.493138e+02
1.060000e-06	2.940445e-06	1.206563e-08	2.094297e+01	7.135314e+02
1.070000e-06	3.054184e-06	1.303908e-08	2.175307e+01	7.715091e+02
1.080000e-06	3.166652e-06	1.391794e-08	2.255411e+01	8.237725e+02
1.090000e-06	3.278024e-06	1.471211e-08	2.334735e+01	8.709449e+02
1.100000e-06	3.388373e-06	1.542990e-08	2.413329e+01	9.136076e+02
1.110000e-06	3.497624e-06	1.607748e-08	2.491142e+01	9.522318e+02
1.120000e-06	3.605619e-06	1.665976e-08	2.568060e+01	9.871794e+02
1.130000e-06	3.712362e-06	1.718392e-08	2.644087e+01	1.018749e+03
1.140000e-06	3.817774e-06	1.765758e-08	2.719165e+01	1.047235e+03
1.150000e-06	3.921709e-06	1.808759e-08	2.793192e+01	1.072965e+03
1.160000e-06	4.024182e-06	1.847933e-08	2.866177e+01	1.096302e+03
1.170000e-06	4.125214e-06	1.883879e-08	2.938136e+01	1.117621e+03
1.180000e-06	4.224794e-06	1.917257e-08	3.009060e+01	1.137258e+03
1.190000e-06	4.322768e-06	1.948105e-08	3.078842e+01	1.155473e+03
1.200000e-06	4.419008e-06	1.976182e-08	3.147387e+01	1.172431e+03
1.210000e-06	4.513670e-06	2.002053e-08	3.214809e+01	1.188217e+03
1.220000e-06	4.606873e-06	2.026455e-08	3.281192e+01	1.202872e+03
1.230000e-06	4.698547e-06	2.049251e-08	3.346486e+01	1.216433e+03
1.240000e-06	4.788598e-06	2.070173e-08	3.410623e+01	1.228973e+03
1.250000e-06	4.876853e-06	2.089542e-08	3.473482e+01	1.240606e+03
1.260000e-06	4.963331e-06	2.107943e-08	3.535075e+01	1.251475e+03
1.270000e-06	5.048161e-06	2.125515e-08	3.595494e+01	1.261721e+03
1.280000e-06	5.131321e-06	2.141863e-08	3.654724e+01	1.271450e+03
1.290000e-06	5.212607e-06	2.157032e-08	3.712619e+01	1.280712e+03
1.300000e-06	5.291926e-06	2.171481e-08	3.769113e+01	1.289506e+03
1.310000e-06	5.369325e-06	2.185313e-08	3.824240e+01	1.297796e+03
1.320000e-06	5.444690e-06	2.198217e-08	3.877917e+01	1.305547e+03
1.330000e-06	5.517925e-06	2.210077e-08	3.930078e+01	1.312753e+03
1.340000e-06	5.589164e-06	2.221254e-08	3.980817e+01	1.319450e+03
1.350000e-06	5.658489e-06	2.231945e-08	4.030193e+01	1.325714e+03
1.360000e-06	5.725813e-06	2.241986e-08	4.078144e+01	1.331634e+03
1.370000e-06	5.791015e-06	2.251378e-08	4.124583e+01	1.337288e+03
1.380000e-06	5.854121e-06	2.260469e-08	4.169530e+01	1.342719e+03
1.390000e-06	5.915279e-06	2.269453e-08	4.213089e+01	1.347927e+03
1.400000e-06	5.974430e-06	2.277955e-08	4.255218e+01	1.352880e+03
1.410000e-06	6.031425e-06	2.285727e-08	4.295813e+01	1.357534e+03
1.420000e-06	6.086240e-06	2.292905e-08	4.334854e+01	1.361860e+03
1.430000e-06	6.138704e-06	2.299748e-08	4.372221e+01	1.365861e+03
1.440000e-06	6.188543e-06	2.306098e-08	4.407718e+01	1.369570e+03
1.450000e-06	6.235964e-06	2.311823e-08	4.441493e+01	1.373040e+03
1.460000e-06	6.281217e-06	2.317419e-08	4.473723e+01	1.376325e+03
1.470000e-06	6.324300e-06	2.322947e-08	4.504409e+01	1.379455e+03
1.480000e-06	6.365035e-06	2.328133e-08	4.533422e+01	1.382428e+03
1.490000e-06	6.403481e-06	2.332867e-08	4.560805e+01	1.385217e+03
1.500000e-06	6.439793e-06	2.337001e-08	4.586668e+01	1.387779e+03
1.510000e-06	6.473843e-06	2.340727e-08	4.610919e+01	1.390082e+03
1.520000e-06	6.505561e-06	2.344350e-08	4.633510e+01	1.392118e+03
1.530000e-06	6.535073e-06	2.347575e-08	4.654530e+01	1.393908e+03
1.540000e-06	6.562348e-06	2.350318e-08	4.673956e+01	1.395496e+03
1.550000e-06	6.587172e-06	2.352706e-08	4.691636e+01	1.396929e+03
1.560000e-06	6.609670e-06	2.354760e-08	4.707661e+01	1.398241e+03
1.570000e-06	6.629997e-06	2.356534e-08	4.722138e+01	1.399440e+03
1.580000e-06	6.647995e-06	2.358046e-08	4.734957e+01	1.400504e+03
1.590000e-06	6.663508e-06	2.359443e-08	4.746006e+01	1.401397e+03
1.600000e-06	6.676487e-06	2.360617e-08	4.755250e+01	1.402083e+03
1.610000e-06	6.686848e-06	2.361301e-08	4.762629e+01	1.402542e+03
1.620000e-06	6.694691e-06	2.361578e-08	4.768216e+01	1.402784e+03
1.630000e-06	6.700250e-06	2.361657e-08	4.772175e+01	1.402840e+03
1.640000e-06	6.703490e-06	2.361490e-08	4.774483e+01	1.402753e+03
1.650000e-06	6.704321e-06	2.361061e-08	4.775075e+01	1.402559e+03
1.660000e-06	6.702908e-06	2.360404e-08	4.774068e+01	1.402276e+03
1.670000e-06	6.699382e-06	2.360020e-08	4.771557e+01	1.401891e+03
1.680000e-06	6.693586e-06	2.359295e-08	4.767428e+01	1.401374e+03
1.690000e-06	6.685558e-06	2.357855e-08	4.761711e+01	1.400685e+03
1.700000e-06	6.675445e-06	2.356054e-08	4.754508e+01	1.399794e+03
1.710000e-06	6.663007e-06	2.354324e-08	4.745649e+01	1.398691e+03
1.720000e-06	6.648208e-06	2.353530e-08	4.735109e+01	1.397387e+03
1.730000e-06	6.631356e-06	2.352069e-08	4.723106e+01	1.395914e+03
1.740000e-06	6.612359e-06	2.348842e-08	4.709576e+01	1.394303e+03
1.750000e-06	6.590543e-06	2.346395e-08	4.694038e+01	1.392579e+03
1.760000e-06	6.565640e-06	2.342607e-08	4.676301e+01	1.390747e+03
1.770000e-06	6.538127e-06	2.336010e-08	4.656705e+01	1.388794e+03
1.780000e-06	6.508395e-06	2.334223e-08	4.635528e+01	1.386697e+03
1.790000e-06	6.476848e-06	2.329751e-08	4.613060e+01	1.384433e+03
1.800000e-06	6.443708e-06	2.322234e-08	4.589456e+01	1.381989e+03
1.810000e-06	6.408550e-06	2.324348e-08	4.564415e+01	1.379366e+03
1.820000e-06	6.371061e-06	2.317552e-08	4.537714e+01	1.376577e+03
1.830000e-06	6.331328e-06	2.311781e-08	4.509415e+01	1.373636e+03
1.840000e-06	6.289412e-06	2.310424e-08	4.479561e+01	1.370551e+03
1.850000e-06	6.245416e-06	2.300620e-08	4.448225e+01	1.367317e+03
1.860000e-06	6.199120e-06	2.295814e-08	4.415251e+01	1.363918e+03
1.870000e-06	6.150482e-06	2.287065e-08	4.380609e+01	1.360333e+03
1.880000e-06	6.099615e-06	2.280723e-08	4.344380e+01	1.356545e+03
1.890000e-06	6.046158e-06	2.277522e-08	4.306306e+01	1.352546e+03
1.900000e-06	5.990303e-06	2.268777e-08	4.266523e+01	1.348345e+03
1.910000e-06	5.932353e-06	2.265209e-08	4.225250e+01	1.343959e+03
1.920000e-06	5.872196e-06	2.255362e-08	4.182403e+01	1.339405e+03
1.930000e-06	5.809853e-06	2.244384e-08	4.138000e+01	1.334691e+03
1.940000e-06	5.745435e-06	2.237550e-08	4.092119e+01	1.329812e+03
1.950000e-06	5.679006e-06	2.225679e-08	4.044806e+01	1.324747e+03
1.960000e-06	5.610443e-06	2.219681e-08	3.995973e+01	1.319469e+03
1.970000e-06	5.539611e-06	2.211091e-08	3.945523e+01	1.313953e+03
1.980000e-06	5.466740e-06	2.203098e-08	3.893622e+01	1.308188e+03
1.990000e-06	5.391841e-06	2.193156e-08	3.840276e+01	1.302176e+03
2.000000e-06	5.314845e-06	2.179818e-08	3.785437e+01	1.295934e+03
2.010000e-06	5.235811e-06	2.170119e-08	3.729146e+01	1.289483e+03
2.020000e-06	5.154891e-06	2.157198e-08	3.671511e+01	1.282836e+03
2.030000e-06	5.072263e-06	2.146316e-08	3.612661e+01	1.275992e+03
2.040000e-06	4.987806e-06	2.133915e-08	3.552507e+01	1.268934e+03
2.050000e-06	4.901425e-06	2.122387e-08	3.490983e+01	1.261634e+03
2.060000e-06	4.813246e-06	2.110737e-08	3.428179e+01	1.254065e+03
2.070000e-06	4.723483e-06	2.096354e-08	3.364246e+01	1.246207e+03
2.080000e-06	4.632078e-06	2.083109e-08	3.299144e+01	1.238057e+03
2.090000e-06	4.539041e-06	2.068720e-08	3.232879e+01	1.229626e+03
2.100000e-06	4.444313e-06	2.055093e-08	3.165410e+01	1.220932e+03
2.110000e-06	4.347953e-06	2.039601e-08	3.096779e+01	1.211992e+03
2.120000e-06	4.250158e-06	2.023169e-08	3.027126e+01	1.202815e+03
2.130000e-06	4.150841e-06	2.007684e-08	2.956388e+01	1.193392e+03
2.140000e-06	4.050079e-06	1.991409e-08	2.884621e+01	1.183707e+03
2.150000e-06	3.947706e-06	1.974828e-08	2.811708e+01	1.173740e+03
2.160000e-06	3.843786e-06	1.956769e-08	2.737692e+01	1.163473e+03
2.170000e-06	3.738608e-06	1.939545e-08	2.662780e+01	1.152902e+03
2.180000e-06	3.632256e-06	1.922117e-08	2.587032e+01	1.142028e+03
2.190000e-06	3.524682e-06	1.903272e-08	2.510414e+01	1.130860e+03
2.200000e-06	3.415881e-06	1.883607e-08	2.432922e+01	1.119402e+03
2.210000e-06	3.305799e-06	1.863282e-08	2.354517e+01	1.107652e+03
2.220000e-06	3.194384e-06	1.843340e-08	2.275163e+01	1.095595e+03
2.230000e-06	3.081753e-06	1.822237e-08	2.194942e+01	1.083216e+03
2.240000e-06	2.967996e-06	1.800461e-08	2.113920e+01	1.070497e+03
2.250000e-06	2.853095e-06	1.778588e-08	2.032084e+01	1.057434e+03
2.260000e-06	2.736957e-06	1.756648e-08	1.949366e+01	1.044029e+03
2.270000e-06	2.619738e-06	1.733964e-08	1.865878e+01	1.030295e+03
2.280000e-06	2.501457e-06	1.709972e-08	1.781634e+01	1.016242e+03
2.290000e-06	2.382127e-06	1.685649e-08	1.696642e+01	1.001873e+03
2.300000e-06	2.261960e-06	1.660905e-08	1.611055e+01	9.871712e+02
2.310000e-06	2.141091e-06	1.635433e-08	1.524967e+01	9.721111e+02
2.320000e-06	2.019559e-06	1.608904e-08	1.438407e+01	9.566619e+02
2.330000e-06	1.897434e-06	1.582231e-08	1.351426e+01	9.408013e+02
2.340000e-06	1.774672e-06	1.555354e-08	1.263989e+01	9.245251e+02
2.350000e-06	1.651180e-06	1.527713e-08	1.176034e+01	9.078478e+02
2.360000e-06	1.527029e-06	1.498907e-08	1.087608e+01	8.907937e+02
2.370000e-06	1.402337e-06	1.469435e-08	9.987983e+00	8.733812e+02
2.380000e-06	1.277219e-06	1.439722e-08	9.096846e+00	8.556055e+02
2.390000e-06	1.151608e-06	1.409170e-08	8.202193e+00	8.374298e+02
2.400000e-06	1.025464e-06	1.377526e-08	7.303745e+00	8.187885e+02
2.410000e-06	8.989318e-07	1.344938e-08	6.402537e+00	7.996033e+02
2.420000e-06	7.721297e-07	1.312116e-08	5.499404e+00	7.798059e+02
2.430000e-06	6.451115e-07	1.278022e-08	4.594731e+00	7.593558e+02
2.440000e-06	5.178300e-07	1.242432e-08	3.688184e+00	7.382456e+02
2.450000e-06	3.902845e-07	1.205437e-08	2.779756e+00	7.164852e+02
2.460000e-06	2.625959e-07	1.167592e-08	1.870309e+00	6.940713e+02
2.470000e-06	1.348377e-07	1.128963e-08	9.603661e-01	6.709519e+02
2.480000e-06	7.051273e-09	1.088714e-08	5.022187e-02	6.469999e+02
2.490000e-06	-1.207038e-07	1.046441e-08	-8.596987e-01	6.220109e+02
2.500000e-06	-2.484265e-07	1.002092e-08	-1.769389e+00	5.957265e+02
2.510000e-06	-3.760570e-07	9.556687e-09	-2.678422e+00	5.678781e+02
2.520000e-06	-5.034677e-07	9.059960e-09	-3.585890e+00	5.382292e+02
2.530000e-06	-6.306655e-07	8.526730e-09	-4.491841e+00	5.065969e+02
2.540000e-06	-7.576786e-07	7.959121e-09	-5.396478e+00	4.728336e+02
2.550000e-06	-8.844366e-07	7.357385e-09	-6.299297e+00	4.367666e+02
2.560000e-06	-1.010898e-06	6.712257e-09	-7.200001e+00	3.981110e+02
2.570000e-06	-1.137037e-06	6.011411e-09	-8.098412e+00	3.563892e+02
2.580000e-06	-1.262747e-06	5.245373e-09	-8.993768e+00	3.108949e+02
2.590000e-06	-1.387949e-06	4.404816e-09	-9.885504e+00	2.607341e+02
2.600000e-06	-1.512532e-06	3.473913e-09	-1.077284e+01	2.049557e+02
2.610000e-06	-1.636428e-06	2.435808e-09	-1.165527e+01	1.427553e+02
2.620000e-06	-1.759705e-06	1.285873e-09	-1.253330e+01	7.370796e+01
2.630000e-06	-1.882366e-06	2.444321e-11	-1.340694e+01	-2.028375e+00
2.640000e-06	-2.004380e-06	-1.338724e-09	-1.427596e+01	-8.359981e+01
2.650000e-06	-2.125725e-06	-2.783157e-09	-1.514023e+01	-1.694737e+02
2.660000e-06	-2.246354e-06	-4.270408e-09	-1.599939e+01	-2.575937e+02
2.670000e-06	-2.366178e-06	-5.754401e-09	-1.685283e+01	-3.456443e+02
2.680000e-06	-2.485114e-06	-7.195571e-09	-1.769993e+01	-4.313646e+02
2.690000e-06	-2.603116e-06	-8.566843e-09	-1.854039e+01	-5.128406e+02
2.700000e-06	-2.720108e-06	-9.847462e-09	-1.937365e+01	-5.887123e+02
2.710000e-06	-2.835938e-06	-1.102121e-08	-2.019864e+01	-6.582544e+02
2.720000e-06	-2.950550e-06	-1.208627e-08	-2.101495e+01	-7.213299e+02
2.730000e-06	-3.063969e-06	-1.305043e-08	-2.182276e+01	-7.782442e+02
2.740000e-06	-3.176174e-06	-1.392404e-08	-2.262193e+01	-8.295530e+02
2.750000e-06	-3.287064e-06	-1.471077e-08	-2.341173e+01	-8.758808e+02
2.760000e-06	-3.396640e-06	-1.541822e-08	-2.419218e+01	-9.177920e+02
2.770000e-06	-3.505075e-06	-1.605827e-08	-2.496449e+01	-9.557363e+02
2.780000e-06	-3.612415e-06	-1.663904e-08	-2.572900e+01	-9.900602e+02
2.790000e-06	-3.718573e-06	-1.716154e-08	-2.648511e+01	-1.021058e+03
2.800000e-06	-3.823473e-06	-1.762988e-08	-2.723224e+01	-1.049027e+03
2.810000e-06	-3.927022e-06	-1.805542e-08	-2.796976e+01	-1.074302e+03
2.820000e-06	-4.029154e-06	-1.844723e-08	-2.869718e+01	-1.097253e+03
2.830000e-06	-4.129715e-06	-1.880695e-08	-2.941341e+01	-1.118249e+03
2.840000e-06	-4.228674e-06	-1.913718e-08	-3.011824e+01	-1.137616e+03
2.850000e-06	-4.326223e-06	-1.944344e-08	-3.081302e+01	-1.155598e+03
2.860000e-06	-4.422382e-06	-1.972767e-08	-3.149790e+01	-1.172343e+03
2.870000e-06	-4.516974e-06	-1.999030e-08	-3.217162e+01	-1.187926e+03
2.880000e-06	-4.609962e-06	-2.022996e-08	-3.283392e+01	-1.202382e+03
2.890000e-06	-4.701273e-06	-2.045395e-08	-3.348427e+01	-1.215755e+03
2.900000e-06	-4.790928e-06	-2.066633e-08	-3.412283e+01	-1.228124e+03
2.910000e-06	-4.878850e-06	-2.086308e-08	-3.474904e+01	-1.239610e+03
2.920000e-06	-4.964958e-06	-2.104562e-08	-3.536233e+01	-1.250359e+03
2.930000e-06	-5.049296e-06	-2.121838e-08	-3.596302e+01	-1.260507e+03
2.940000e-06	-5.131871e-06	-2.138487e-08	-3.655115e+01	-1.270151e+03
2.950000e-06	-5.212723e-06	-2.154297e-08	-3.712701e+01	-1.279332e+03
2.960000e-06	-5.291650e-06	-2.168876e-08	-3.768916e+01	-1.288039e+03
2.970000e-06	-5.368535e-06	-2.182472e-08	-3.823677e+01	-1.296236e+03
2.980000e-06	-5.443317e-06	-2.195463e-08	-3.876939e+01	-1.303889e+03
2.990000e-06	-5.516076e-06	-2.207541e-08	-3.928761e+01	-1.311001e+03
3.000000e-06	-5.586898e-06	-2.218548e-08	-3.979203e+01	-1.317615e+03
3.010000e-06	-5.655660e-06	-2.229031e-08	-4.028178e+01	-1.323811e+03
3.020000e-06	-5.722402e-06	-2.239438e-08	-4.075715e+01	-1.329680e+03
3.030000e-06	-5.787208e-06	-2.249347e-08	-4.121871e+01	-1.335293e+03
3.040000e-06	-5.850009e-06	-2.258498e-08	-4.166601e+01	-1.340686e+03
3.050000e-06	-5.910658e-06	-2.266951e-08	-4.209798e+01	-1.345852e+03
3.060000e-06	-5.969159e-06	-2.274863e-08	-4.251464e+01	-1.350754e+03
3.070000e-06	-6.025646e-06	-2.282423e-08	-4.291697e+01	-1.355352e+03
3.080000e-06	-6.080019e-06	-2.289462e-08	-4.330423e+01	-1.359620e+03
3.090000e-06	-6.131952e-06	-2.296100e-08	-4.367412e+01	-1.363566e+03
3.100000e-06	-6.181226e-06	-2.302457e-08	-4.402506e+01	-1.367228e+03
3.110000e-06	-6.227979e-06	-2.308517e-08	-4.435805e+01	-1.370663e+03
3.120000e-06	-6.272609e-06	-2.313959e-08	-4.467593e+01	-1.373920e+03
3.130000e-06	-6.315311e-06	-2.319019e-08	-4.498007e+01	-1.377023e+03
3.140000e-06	-6.355922e-06	-2.323950e-08	-4.526932e+01	-1.379967e+03
3.150000e-06	-6.394312e-06	-2.328464e-08	-4.554275e+01	-1.382718e+03
3.160000e-06	-6.430428e-06	-2.332443e-08	-4.579998e+01	-1.385236e+03
3.170000e-06	-6.464304e-06	-2.336029e-08	-4.604125e+01	-1.387492e+03
3.180000e-06	-6.495932e-06	-2.339438e-08	-4.626652e+01	-1.389483e+03
3.190000e-06	-6.525150e-06	-2.342644e-08	-4.647463e+01	-1.391234e+03
3.200000e-06	-6.551987e-06	-2.345550e-08	-4.666577e+01	-1.392791e+03
3.210000e-06	-6.576579e-06	-2.348072e-08	-4.684092e+01	-1.394201e+03
3.220000e-06	-6.598859e-06	-2.350384e-08	-4.699960e+01	-1.395494e+03
3.230000e-06	-6.618667e-06	-2.352509e-08	-4.714069e+01	-1.396672e+03
3.240000e-06	-6.636160e-06	-2.354329e-08	-4.726528e+01	-1.397709e+03
3.250000e-06	-6.651383e-06	-2.355542e-08	-4.737370e+01	-1.398568e+03
3.260000e-06	-6.664002e-06	-2.356457e-08	-4.746358e+01	-1.399215e+03
3.270000e-06	-6.674045e-06	-2.357242e-08	-4.753511e+01	-1.399634e+03
3.280000e-06	-6.681745e-06	-2.357912e-08	-4.758995e+01	-1.399841e+03
3.290000e-06	-6.687038e-06	-2.358385e-08	-4.762765e+01	-1.399868e+03
3.300000e-06	-6.689926e-06	-2.358535e-08	-4.764822e+01	-1.399760e+03
3.310000e-06	-6.690589e-06	-2.358403e-08	-4.765294e+01	-1.399551e+03
