# Temperatura_=_60.05
# Concentracion g/m^3_=_22500.0
# C_Vs_to_Am_M_A/Vsm_=_59384043850.047264
# pendiente_HvsI_1/m_=_3716.3
# ordenada_HvsI_A/m_=_1297.0
# frecuencia_Hz_=_301505.0245315215

Tiempo_(s)	Campo_(V.s)	Magnetizacion_(V.s)	Campo_(kA/m)	Magnetizacion_(A/m)
0.000000e+00	-6.668386e-06	-2.369620e-08	-4.763698e+01	-1.406389e+03
1.000000e-08	-6.665081e-06	-2.368541e-08	-4.761337e+01	-1.406063e+03
2.000000e-08	-6.659514e-06	-2.367334e-08	-4.757360e+01	-1.405569e+03
3.000000e-08	-6.651944e-06	-2.366064e-08	-4.751952e+01	-1.404880e+03
4.000000e-08	-6.642172e-06	-2.364687e-08	-4.744972e+01	-1.403982e+03
5.000000e-08	-6.629947e-06	-2.362678e-08	-4.736238e+01	-1.402885e+03
6.000000e-08	-6.615293e-06	-2.360760e-08	-4.725770e+01	-1.401610e+03
7.000000e-08	-6.598187e-06	-2.359128e-08	-4.713550e+01	-1.400186e+03
8.000000e-08	-6.578742e-06	-2.354931e-08	-4.699659e+01	-1.398635e+03
9.000000e-08	-6.556939e-06	-2.348402e-08	-4.684083e+01	-1.396964e+03
1.000000e-07	-6.532577e-06	-2.346450e-08	-4.666680e+01	-1.395165e+03
1.100000e-07	-6.505638e-06	-2.347142e-08	-4.647435e+01	-1.393221e+03
1.200000e-07	-6.476430e-06	-2.344853e-08	-4.626571e+01	-1.391114e+03
1.300000e-07	-6.445432e-06	-2.340980e-08	-4.604426e+01	-1.388836e+03
1.400000e-07	-6.412788e-06	-2.337792e-08	-4.581106e+01	-1.386387e+03
1.500000e-07	-6.378089e-06	-2.330592e-08	-4.556319e+01	-1.383776e+03
1.600000e-07	-6.341156e-06	-2.326139e-08	-4.529934e+01	-1.381011e+03
1.700000e-07	-6.302272e-06	-2.322271e-08	-4.502157e+01	-1.378094e+03
1.800000e-07	-6.261086e-06	-2.311708e-08	-4.472735e+01	-1.375015e+03
1.900000e-07	-6.217395e-06	-2.310270e-08	-4.441524e+01	-1.371758e+03
2.000000e-07	-6.171534e-06	-2.306770e-08	-4.408762e+01	-1.368303e+03
2.100000e-07	-6.123376e-06	-2.299656e-08	-4.374359e+01	-1.364641e+03
2.200000e-07	-6.072643e-06	-2.294505e-08	-4.338117e+01	-1.360775e+03
2.300000e-07	-6.019425e-06	-2.284239e-08	-4.300100e+01	-1.356721e+03
2.400000e-07	-5.963894e-06	-2.277651e-08	-4.260430e+01	-1.352502e+03
2.500000e-07	-5.906148e-06	-2.270932e-08	-4.219178e+01	-1.348133e+03
2.600000e-07	-5.846207e-06	-2.262142e-08	-4.176358e+01	-1.343618e+03
2.700000e-07	-5.784206e-06	-2.255186e-08	-4.132066e+01	-1.338936e+03
2.800000e-07	-5.720245e-06	-2.248625e-08	-4.086374e+01	-1.334056e+03
2.900000e-07	-5.654160e-06	-2.240703e-08	-4.039165e+01	-1.328942e+03
3.000000e-07	-5.585909e-06	-2.229261e-08	-3.990408e+01	-1.323568e+03
3.100000e-07	-5.515596e-06	-2.219546e-08	-3.940179e+01	-1.317930e+03
3.200000e-07	-5.443342e-06	-2.209708e-08	-3.888563e+01	-1.312049e+03
3.300000e-07	-5.369100e-06	-2.198959e-08	-3.835527e+01	-1.305958e+03
3.400000e-07	-5.292717e-06	-2.190500e-08	-3.780961e+01	-1.299688e+03
3.500000e-07	-5.214140e-06	-2.179643e-08	-3.724828e+01	-1.293258e+03
3.600000e-07	-5.133420e-06	-2.168968e-08	-3.667164e+01	-1.286657e+03
3.700000e-07	-5.050800e-06	-2.157248e-08	-3.608142e+01	-1.279849e+03
3.800000e-07	-4.966496e-06	-2.144141e-08	-3.547918e+01	-1.272786e+03
3.900000e-07	-4.880614e-06	-2.130756e-08	-3.486566e+01	-1.265421e+03
4.000000e-07	-4.793137e-06	-2.117610e-08	-3.424075e+01	-1.257732e+03
4.100000e-07	-4.704034e-06	-2.105715e-08	-3.360423e+01	-1.249724e+03
4.200000e-07	-4.613191e-06	-2.091946e-08	-3.295528e+01	-1.241429e+03
4.300000e-07	-4.520601e-06	-2.077904e-08	-3.229384e+01	-1.232891e+03
4.400000e-07	-4.426473e-06	-2.063084e-08	-3.162142e+01	-1.224146e+03
4.500000e-07	-4.330766e-06	-2.047733e-08	-3.093771e+01	-1.215208e+03
4.600000e-07	-4.233446e-06	-2.031455e-08	-3.024249e+01	-1.206058e+03
4.700000e-07	-4.134569e-06	-2.015261e-08	-2.953614e+01	-1.196656e+03
4.800000e-07	-4.034106e-06	-1.999637e-08	-2.881846e+01	-1.186957e+03
4.900000e-07	-3.932236e-06	-1.983378e-08	-2.809073e+01	-1.176924e+03
5.000000e-07	-3.829027e-06	-1.966205e-08	-2.735343e+01	-1.166548e+03
5.100000e-07	-3.724364e-06	-1.947961e-08	-2.660576e+01	-1.155849e+03
5.200000e-07	-3.618366e-06	-1.929443e-08	-2.584854e+01	-1.144860e+03
5.300000e-07	-3.511057e-06	-1.910301e-08	-2.508196e+01	-1.133615e+03
5.400000e-07	-3.402433e-06	-1.890723e-08	-2.430597e+01	-1.122131e+03
5.500000e-07	-3.292639e-06	-1.870693e-08	-2.352164e+01	-1.110394e+03
5.600000e-07	-3.181777e-06	-1.850745e-08	-2.272968e+01	-1.098366e+03
5.700000e-07	-3.069759e-06	-1.830343e-08	-2.192945e+01	-1.085998e+03
5.800000e-07	-2.956592e-06	-1.808871e-08	-2.112102e+01	-1.073252e+03
5.900000e-07	-2.842364e-06	-1.786506e-08	-2.030501e+01	-1.060115e+03
6.000000e-07	-2.726979e-06	-1.763752e-08	-1.948073e+01	-1.046602e+03
6.100000e-07	-2.610369e-06	-1.740476e-08	-1.864771e+01	-1.032752e+03
6.200000e-07	-2.492691e-06	-1.716620e-08	-1.780705e+01	-1.018601e+03
6.300000e-07	-2.374182e-06	-1.692390e-08	-1.696046e+01	-1.004170e+03
6.400000e-07	-2.254821e-06	-1.667687e-08	-1.610778e+01	-9.894453e+02
6.500000e-07	-2.134566e-06	-1.642445e-08	-1.524871e+01	-9.743862e+02
6.600000e-07	-2.013559e-06	-1.616408e-08	-1.438427e+01	-9.589358e+02
6.700000e-07	-1.891926e-06	-1.589508e-08	-1.351536e+01	-9.430460e+02
6.800000e-07	-1.769663e-06	-1.561965e-08	-1.264195e+01	-9.266965e+02
6.900000e-07	-1.646746e-06	-1.533864e-08	-1.176387e+01	-9.099017e+02
7.000000e-07	-1.523100e-06	-1.505030e-08	-1.088058e+01	-8.927012e+02
7.100000e-07	-1.398693e-06	-1.475404e-08	-9.991847e+00	-8.751363e+02
7.200000e-07	-1.273765e-06	-1.445039e-08	-9.099401e+00	-8.572238e+02
7.300000e-07	-1.148535e-06	-1.414099e-08	-8.204797e+00	-8.389376e+02
7.400000e-07	-1.023028e-06	-1.382352e-08	-7.308210e+00	-8.202089e+02
7.500000e-07	-8.972309e-07	-1.349747e-08	-6.409552e+00	-8.009444e+02
7.600000e-07	-7.710831e-07	-1.316420e-08	-5.508390e+00	-7.810560e+02
7.700000e-07	-6.446611e-07	-1.282112e-08	-4.605269e+00	-7.604877e+02
7.800000e-07	-5.180582e-07	-1.246340e-08	-3.700855e+00	-7.392268e+02
7.900000e-07	-3.912227e-07	-1.209330e-08	-2.794780e+00	-7.172892e+02
8.000000e-07	-2.641900e-07	-1.171159e-08	-1.887296e+00	-6.946852e+02
8.100000e-07	-1.370597e-07	-1.131713e-08	-9.791138e-01	-6.713753e+02
8.200000e-07	-9.867901e-09	-1.090855e-08	-7.049337e-02	-6.472377e+02
8.300000e-07	1.173047e-07	-1.048141e-08	8.379904e-01	-6.220619e+02
8.400000e-07	2.443929e-07	-1.003340e-08	1.745871e+00	-5.955748e+02
8.500000e-07	3.713368e-07	-9.559583e-09	2.652720e+00	-5.674904e+02
8.600000e-07	4.981375e-07	-9.055851e-09	3.558547e+00	-5.375610e+02
8.700000e-07	6.247736e-07	-8.516811e-09	4.463198e+00	-5.056034e+02
8.800000e-07	7.511560e-07	-7.939063e-09	5.366037e+00	-4.714804e+02
8.900000e-07	8.772681e-07	-7.323307e-09	6.266945e+00	-4.350332e+02
9.000000e-07	1.003108e-06	-6.662817e-09	7.165907e+00	-3.959842e+02
9.100000e-07	1.128665e-06	-5.949353e-09	8.062850e+00	-3.538451e+02
9.200000e-07	1.253912e-06	-5.167372e-09	8.957577e+00	-3.078772e+02
9.300000e-07	1.378765e-06	-4.301295e-09	9.849490e+00	-2.571362e+02
9.400000e-07	1.503095e-06	-3.338700e-09	1.073767e+01	-2.006161e+02
9.500000e-07	1.626860e-06	-2.268396e-09	1.162181e+01	-1.374714e+02
9.600000e-07	1.749991e-06	-1.081942e-09	1.250142e+01	-6.726845e+01
9.700000e-07	1.872438e-06	2.204583e-10	1.337615e+01	9.800242e+00
9.800000e-07	1.994170e-06	1.624474e-09	1.424576e+01	9.280360e+01
9.900000e-07	2.115170e-06	3.104078e-09	1.511015e+01	1.801016e+02
1.000000e-06	2.235473e-06	4.620006e-09	1.596956e+01	2.695220e+02
1.010000e-06	2.355024e-06	6.127706e-09	1.682360e+01	3.586488e+02
1.020000e-06	2.473710e-06	7.584837e-09	1.767146e+01	4.451560e+02
1.030000e-06	2.591451e-06	8.957886e-09	1.851256e+01	5.271099e+02
1.040000e-06	2.708146e-06	1.022842e-08	1.934619e+01	6.031736e+02
1.050000e-06	2.823710e-06	1.138927e-08	2.017175e+01	6.726763e+02
1.060000e-06	2.938120e-06	1.244190e-08	2.098906e+01	7.355488e+02
1.070000e-06	3.051398e-06	1.339312e-08	2.179828e+01	7.921613e+02
1.080000e-06	3.163614e-06	1.425146e-08	2.259993e+01	8.431194e+02
1.090000e-06	3.274682e-06	1.502488e-08	2.339336e+01	8.890783e+02
1.100000e-06	3.384617e-06	1.572240e-08	2.417870e+01	9.306178e+02
1.110000e-06	3.493493e-06	1.635331e-08	2.495648e+01	9.681938e+02
1.120000e-06	3.601047e-06	1.691999e-08	2.572481e+01	1.002157e+03
1.130000e-06	3.707142e-06	1.742753e-08	2.648273e+01	1.032807e+03
1.140000e-06	3.811997e-06	1.788661e-08	2.723178e+01	1.060450e+03
1.150000e-06	3.915575e-06	1.830616e-08	2.797171e+01	1.085428e+03
1.160000e-06	4.017720e-06	1.868856e-08	2.870140e+01	1.108115e+03
1.170000e-06	4.118420e-06	1.903724e-08	2.942077e+01	1.128878e+03
1.180000e-06	4.217518e-06	1.935975e-08	3.012870e+01	1.148037e+03
1.190000e-06	4.315011e-06	1.966041e-08	3.082517e+01	1.165827e+03
1.200000e-06	4.411013e-06	1.993644e-08	3.151097e+01	1.182392e+03
1.210000e-06	4.505502e-06	2.019039e-08	3.218597e+01	1.197804e+03
1.220000e-06	4.598457e-06	2.042708e-08	3.285002e+01	1.212107e+03
1.230000e-06	4.689790e-06	2.064848e-08	3.350248e+01	1.225349e+03
1.240000e-06	4.779396e-06	2.085438e-08	3.414259e+01	1.237614e+03
1.250000e-06	4.867234e-06	2.104679e-08	3.477008e+01	1.249024e+03
1.260000e-06	4.953355e-06	2.122766e-08	3.538530e+01	1.259714e+03
1.270000e-06	5.037890e-06	2.139966e-08	3.598920e+01	1.269810e+03
1.280000e-06	5.120632e-06	2.156157e-08	3.658028e+01	1.279396e+03
1.290000e-06	5.201369e-06	2.171094e-08	3.715705e+01	1.288504e+03
1.300000e-06	5.280243e-06	2.185050e-08	3.772049e+01	1.297125e+03
1.310000e-06	5.357281e-06	2.198246e-08	3.827084e+01	1.305232e+03
1.320000e-06	5.432266e-06	2.210686e-08	3.880651e+01	1.312806e+03
1.330000e-06	5.505147e-06	2.222204e-08	3.932715e+01	1.319862e+03
1.340000e-06	5.576033e-06	2.233172e-08	3.983353e+01	1.326451e+03
1.350000e-06	5.644957e-06	2.243750e-08	4.032591e+01	1.332649e+03
1.360000e-06	5.711809e-06	2.253814e-08	4.080348e+01	1.338537e+03
1.370000e-06	5.776553e-06	2.263255e-08	4.126599e+01	1.344172e+03
1.380000e-06	5.839342e-06	2.272247e-08	4.171453e+01	1.349579e+03
1.390000e-06	5.900247e-06	2.281073e-08	4.214962e+01	1.354747e+03
1.400000e-06	5.959116e-06	2.289554e-08	4.257016e+01	1.359646e+03
1.410000e-06	6.015771e-06	2.297333e-08	4.297489e+01	1.364245e+03
1.420000e-06	6.070256e-06	2.304387e-08	4.336412e+01	1.368535e+03
1.430000e-06	6.122358e-06	2.311056e-08	4.373631e+01	1.372529e+03
1.440000e-06	6.171889e-06	2.317477e-08	4.409016e+01	1.376264e+03
1.450000e-06	6.219038e-06	2.323485e-08	4.442697e+01	1.379784e+03
1.460000e-06	6.264064e-06	2.329174e-08	4.474862e+01	1.383121e+03
1.470000e-06	6.306925e-06	2.334659e-08	4.505481e+01	1.386285e+03
1.480000e-06	6.347435e-06	2.339851e-08	4.534420e+01	1.389263e+03
1.490000e-06	6.385709e-06	2.344491e-08	4.561762e+01	1.392026e+03
1.500000e-06	6.421851e-06	2.348387e-08	4.587581e+01	1.394547e+03
1.510000e-06	6.455711e-06	2.351876e-08	4.611769e+01	1.396813e+03
1.520000e-06	6.487232e-06	2.355295e-08	4.634287e+01	1.398837e+03
1.530000e-06	6.516616e-06	2.358711e-08	4.655278e+01	1.400649e+03
1.540000e-06	6.543774e-06	2.361692e-08	4.674679e+01	1.402287e+03
1.550000e-06	6.568461e-06	2.364115e-08	4.692315e+01	1.403781e+03
1.560000e-06	6.590807e-06	2.366263e-08	4.708278e+01	1.405142e+03
1.570000e-06	6.610992e-06	2.368144e-08	4.722697e+01	1.406360e+03
1.580000e-06	6.628758e-06	2.369607e-08	4.735389e+01	1.407409e+03
1.590000e-06	6.643987e-06	2.370778e-08	4.746268e+01	1.408262e+03
1.600000e-06	6.656850e-06	2.371689e-08	4.755457e+01	1.408905e+03
1.610000e-06	6.667148e-06	2.372356e-08	4.762813e+01	1.409344e+03
1.620000e-06	6.674878e-06	2.372716e-08	4.768336e+01	1.409605e+03
1.630000e-06	6.680358e-06	2.372699e-08	4.772250e+01	1.409721e+03
1.640000e-06	6.683556e-06	2.372580e-08	4.774535e+01	1.409723e+03
1.650000e-06	6.684312e-06	2.372403e-08	4.775075e+01	1.409622e+03
1.660000e-06	6.682771e-06	2.372522e-08	4.773974e+01	1.409408e+03
1.670000e-06	6.679146e-06	2.372238e-08	4.771385e+01	1.409054e+03
1.680000e-06	6.673236e-06	2.371050e-08	4.767163e+01	1.408527e+03
1.690000e-06	6.665072e-06	2.369270e-08	4.761331e+01	1.407800e+03
1.700000e-06	6.654876e-06	2.367174e-08	4.754047e+01	1.406865e+03
1.710000e-06	6.642371e-06	2.365153e-08	4.745114e+01	1.405733e+03
1.720000e-06	6.627532e-06	2.362503e-08	4.734513e+01	1.404429e+03
1.730000e-06	6.610668e-06	2.361667e-08	4.722466e+01	1.402981e+03
1.740000e-06	6.591629e-06	2.364618e-08	4.708865e+01	1.401408e+03
1.750000e-06	6.569647e-06	2.361281e-08	4.693162e+01	1.399715e+03
1.760000e-06	6.544501e-06	2.353618e-08	4.675198e+01	1.397891e+03
1.770000e-06	6.516821e-06	2.347870e-08	4.655424e+01	1.395918e+03
1.780000e-06	6.486952e-06	2.341091e-08	4.634087e+01	1.393781e+03
1.790000e-06	6.455259e-06	2.338534e-08	4.611447e+01	1.391471e+03
1.800000e-06	6.422047e-06	2.341309e-08	4.587721e+01	1.388992e+03
1.810000e-06	6.386868e-06	2.331395e-08	4.562590e+01	1.386353e+03
1.820000e-06	6.349391e-06	2.327770e-08	4.535817e+01	1.383560e+03
1.830000e-06	6.309670e-06	2.328890e-08	4.507442e+01	1.380615e+03
1.840000e-06	6.267650e-06	2.317129e-08	4.477424e+01	1.377506e+03
1.850000e-06	6.223555e-06	2.314755e-08	4.445924e+01	1.374214e+03
1.860000e-06	6.177228e-06	2.302145e-08	4.412830e+01	1.370722e+03
1.870000e-06	6.128549e-06	2.294835e-08	4.378054e+01	1.367022e+03
1.880000e-06	6.077690e-06	2.297692e-08	4.341723e+01	1.363121e+03
1.890000e-06	6.024251e-06	2.286966e-08	4.303547e+01	1.359035e+03
1.900000e-06	5.968435e-06	2.282606e-08	4.263674e+01	1.354788e+03
1.910000e-06	5.910543e-06	2.273513e-08	4.222318e+01	1.350393e+03
1.920000e-06	5.850423e-06	2.263785e-08	4.179370e+01	1.345849e+03
1.930000e-06	5.788132e-06	2.257763e-08	4.134870e+01	1.341135e+03
1.940000e-06	5.723715e-06	2.243800e-08	4.088853e+01	1.336215e+03
1.950000e-06	5.657390e-06	2.238464e-08	4.041472e+01	1.331055e+03
1.960000e-06	5.588971e-06	2.230597e-08	3.992596e+01	1.325633e+03
1.970000e-06	5.518250e-06	2.224240e-08	3.942075e+01	1.319950e+03
1.980000e-06	5.445528e-06	2.213756e-08	3.890125e+01	1.314028e+03
1.990000e-06	5.370757e-06	2.197870e-08	3.836711e+01	1.307902e+03
2.000000e-06	5.293868e-06	2.190606e-08	3.781783e+01	1.301603e+03
2.010000e-06	5.214869e-06	2.177291e-08	3.725348e+01	1.295144e+03
2.020000e-06	5.134026e-06	2.167513e-08	3.667597e+01	1.288508e+03
2.030000e-06	5.051510e-06	2.154738e-08	3.608649e+01	1.281658e+03
2.040000e-06	4.967237e-06	2.144095e-08	3.548447e+01	1.274543e+03
2.050000e-06	4.881112e-06	2.134213e-08	3.486922e+01	1.267121e+03
2.060000e-06	4.793100e-06	2.118642e-08	3.424049e+01	1.259373e+03
2.070000e-06	4.703497e-06	2.104329e-08	3.360039e+01	1.251310e+03
2.080000e-06	4.612284e-06	2.088626e-08	3.294879e+01	1.242968e+03
2.090000e-06	4.519419e-06	2.077282e-08	3.228539e+01	1.234391e+03
2.100000e-06	4.424877e-06	2.062350e-08	3.161001e+01	1.225611e+03
2.110000e-06	4.328717e-06	2.046777e-08	3.092308e+01	1.216636e+03
2.120000e-06	4.231170e-06	2.031015e-08	3.022623e+01	1.207444e+03
2.130000e-06	4.132124e-06	2.015665e-08	2.951868e+01	1.197992e+03
2.140000e-06	4.031570e-06	1.999038e-08	2.880034e+01	1.188235e+03
2.150000e-06	3.929455e-06	1.980353e-08	2.807087e+01	1.178140e+03
2.160000e-06	3.825787e-06	1.963097e-08	2.733029e+01	1.167704e+03
2.170000e-06	3.720756e-06	1.945994e-08	2.657998e+01	1.156950e+03
2.180000e-06	3.614562e-06	1.928755e-08	2.582137e+01	1.145913e+03
2.190000e-06	3.507232e-06	1.908420e-08	2.505463e+01	1.134625e+03
2.200000e-06	3.398712e-06	1.888878e-08	2.427940e+01	1.123097e+03
2.210000e-06	3.288846e-06	1.869024e-08	2.349455e+01	1.111310e+03
2.220000e-06	3.177656e-06	1.848819e-08	2.270024e+01	1.099224e+03
2.230000e-06	3.065321e-06	1.826741e-08	2.189775e+01	1.086791e+03
2.240000e-06	2.951788e-06	1.804907e-08	2.108670e+01	1.073975e+03
2.250000e-06	2.837154e-06	1.783987e-08	2.026779e+01	1.060768e+03
2.260000e-06	2.721429e-06	1.761939e-08	1.944109e+01	1.047192e+03
2.270000e-06	2.604661e-06	1.738154e-08	1.860693e+01	1.033285e+03
2.280000e-06	2.486850e-06	1.713133e-08	1.776532e+01	1.019083e+03
2.290000e-06	2.367910e-06	1.689468e-08	1.691565e+01	1.004601e+03
2.300000e-06	2.248027e-06	1.664689e-08	1.605924e+01	9.898199e+02
2.310000e-06	2.127478e-06	1.638652e-08	1.519807e+01	9.746947e+02
2.320000e-06	2.006299e-06	1.611650e-08	1.433241e+01	9.591683e+02
2.330000e-06	1.884442e-06	1.585426e-08	1.346190e+01	9.431964e+02
2.340000e-06	1.761834e-06	1.558531e-08	1.258602e+01	9.267649e+02
2.350000e-06	1.638526e-06	1.529806e-08	1.170514e+01	9.098940e+02
2.360000e-06	1.514681e-06	1.500127e-08	1.082043e+01	8.926253e+02
2.370000e-06	1.390398e-06	1.470791e-08	9.932591e+00	8.749977e+02
2.380000e-06	1.265689e-06	1.441412e-08	9.041711e+00	8.570213e+02
2.390000e-06	1.140579e-06	1.410173e-08	8.147958e+00	8.386617e+02
2.400000e-06	1.015110e-06	1.377797e-08	7.251647e+00	8.198440e+02
2.410000e-06	8.892225e-07	1.345080e-08	6.352343e+00	8.004735e+02
2.420000e-06	7.629071e-07	1.312184e-08	5.449983e+00	7.804660e+02
2.430000e-06	6.362285e-07	1.277329e-08	4.545029e+00	7.597734e+02
2.440000e-06	5.093111e-07	1.240821e-08	3.638368e+00	7.383896e+02
2.450000e-06	3.822086e-07	1.203849e-08	2.730385e+00	7.163328e+02
2.460000e-06	2.549300e-07	1.166341e-08	1.821145e+00	6.936072e+02
2.470000e-06	1.275106e-07	1.127172e-08	9.108981e-01	6.701606e+02
2.480000e-06	1.389897e-11	1.085869e-08	9.929011e-05	6.458549e+02
2.490000e-06	-1.274232e-07	1.042830e-08	-9.102734e-01	6.204656e+02
2.500000e-06	-2.547839e-07	9.980432e-09	-1.820101e+00	5.937133e+02
2.510000e-06	-3.820613e-07	9.504884e-09	-2.729333e+00	5.653155e+02
2.520000e-06	-5.091108e-07	8.994701e-09	-3.636937e+00	5.350350e+02
2.530000e-06	-6.359283e-07	8.453408e-09	-4.542884e+00	5.026998e+02
2.540000e-06	-7.624974e-07	7.879935e-09	-5.447057e+00	4.681751e+02
2.550000e-06	-8.886851e-07	7.265625e-09	-6.348504e+00	4.312882e+02
2.560000e-06	-1.014488e-06	6.600060e-09	-7.247202e+00	3.917298e+02
2.570000e-06	-1.139896e-06	5.880529e-09	-8.143083e+00	3.489679e+02
2.580000e-06	-1.264849e-06	5.095859e-09	-9.035706e+00	3.022207e+02
2.590000e-06	-1.389409e-06	4.229276e-09	-9.925531e+00	2.505196e+02
2.600000e-06	-1.513569e-06	3.266010e-09	-1.081249e+01	1.928695e+02
2.610000e-06	-1.637209e-06	2.193893e-09	-1.169574e+01	1.284801e+02
2.620000e-06	-1.760309e-06	1.006331e-09	-1.257513e+01	5.701604e+01
2.630000e-06	-1.882778e-06	-2.969985e-10	-1.345001e+01	-2.120285e+01
2.640000e-06	-2.004506e-06	-1.704496e-09	-1.431960e+01	-1.051123e+02
2.650000e-06	-2.125464e-06	-3.185499e-09	-1.518369e+01	-1.929603e+02
2.660000e-06	-2.245732e-06	-4.696041e-09	-1.604285e+01	-2.825078e+02
2.670000e-06	-2.365271e-06	-6.192003e-09	-1.689680e+01	-3.713301e+02
2.680000e-06	-2.483816e-06	-7.636294e-09	-1.774365e+01	-4.571512e+02
2.690000e-06	-2.601217e-06	-9.001138e-09	-1.858233e+01	-5.381327e+02
2.700000e-06	-2.717543e-06	-1.026332e-08	-1.941333e+01	-6.130555e+02
2.710000e-06	-2.832946e-06	-1.141331e-08	-2.023773e+01	-6.813646e+02
2.720000e-06	-2.947253e-06	-1.245641e-08	-2.105431e+01	-7.430831e+02
2.730000e-06	-3.060254e-06	-1.340012e-08	-2.186155e+01	-7.986383e+02
2.740000e-06	-3.171974e-06	-1.425161e-08	-2.265964e+01	-8.486570e+02
2.750000e-06	-3.282414e-06	-1.501623e-08	-2.344860e+01	-8.937880e+02
2.760000e-06	-3.391717e-06	-1.570534e-08	-2.422943e+01	-9.345904e+02
2.770000e-06	-3.499884e-06	-1.632871e-08	-2.500214e+01	-9.714982e+02
2.780000e-06	-3.606857e-06	-1.689048e-08	-2.576632e+01	-1.004848e+03
2.790000e-06	-3.712662e-06	-1.739503e-08	-2.652216e+01	-1.034939e+03
2.800000e-06	-3.817210e-06	-1.785001e-08	-2.726902e+01	-1.062080e+03
2.810000e-06	-3.920390e-06	-1.826573e-08	-2.800611e+01	-1.086622e+03
2.820000e-06	-4.022055e-06	-1.864729e-08	-2.873237e+01	-1.108939e+03
2.830000e-06	-4.122203e-06	-1.899776e-08	-2.944780e+01	-1.129395e+03
2.840000e-06	-4.220919e-06	-1.932206e-08	-3.015300e+01	-1.148296e+03
2.850000e-06	-4.318200e-06	-1.962213e-08	-3.084795e+01	-1.165859e+03
2.860000e-06	-4.414021e-06	-1.989881e-08	-3.153246e+01	-1.182215e+03
2.870000e-06	-4.508238e-06	-2.015371e-08	-3.220552e+01	-1.197427e+03
2.880000e-06	-4.600855e-06	-2.038772e-08	-3.286715e+01	-1.211536e+03
2.890000e-06	-4.691872e-06	-2.060475e-08	-3.351735e+01	-1.224596e+03
2.900000e-06	-4.781152e-06	-2.080854e-08	-3.415514e+01	-1.236700e+03
2.910000e-06	-4.868682e-06	-2.100213e-08	-3.478043e+01	-1.247971e+03
2.920000e-06	-4.954359e-06	-2.118505e-08	-3.539248e+01	-1.258548e+03
2.930000e-06	-5.038328e-06	-2.135805e-08	-3.599233e+01	-1.268548e+03
2.940000e-06	-5.120657e-06	-2.152310e-08	-3.658046e+01	-1.278048e+03
2.950000e-06	-5.201181e-06	-2.167667e-08	-3.715570e+01	-1.287072e+03
2.960000e-06	-5.279751e-06	-2.181878e-08	-3.771699e+01	-1.295603e+03
2.970000e-06	-5.356290e-06	-2.195143e-08	-3.826376e+01	-1.303616e+03
2.980000e-06	-5.430799e-06	-2.207861e-08	-3.879603e+01	-1.311096e+03
2.990000e-06	-5.503336e-06	-2.219914e-08	-3.931420e+01	-1.318064e+03
3.000000e-06	-5.573811e-06	-2.231105e-08	-3.981766e+01	-1.324578e+03
3.010000e-06	-5.642168e-06	-2.241876e-08	-4.030598e+01	-1.330715e+03
3.020000e-06	-5.708559e-06	-2.252344e-08	-4.078026e+01	-1.336555e+03
3.030000e-06	-5.773027e-06	-2.262065e-08	-4.124080e+01	-1.342149e+03
3.040000e-06	-5.835453e-06	-2.270661e-08	-4.168675e+01	-1.347515e+03
3.050000e-06	-5.895739e-06	-2.278489e-08	-4.211742e+01	-1.352638e+03
3.060000e-06	-5.953942e-06	-2.286196e-08	-4.253320e+01	-1.357486e+03
3.070000e-06	-6.010096e-06	-2.293829e-08	-4.293435e+01	-1.362031e+03
3.080000e-06	-6.064003e-06	-2.300941e-08	-4.331945e+01	-1.366266e+03
3.090000e-06	-6.115487e-06	-2.307682e-08	-4.368723e+01	-1.370211e+03
3.100000e-06	-6.164385e-06	-2.314296e-08	-4.403655e+01	-1.373906e+03
3.110000e-06	-6.210826e-06	-2.320399e-08	-4.436831e+01	-1.377391e+03
3.120000e-06	-6.255248e-06	-2.325724e-08	-4.468565e+01	-1.380698e+03
3.130000e-06	-6.297682e-06	-2.330635e-08	-4.498878e+01	-1.383831e+03
3.140000e-06	-6.338035e-06	-2.335290e-08	-4.527705e+01	-1.386773e+03
3.150000e-06	-6.376221e-06	-2.339604e-08	-4.554984e+01	-1.389495e+03
3.160000e-06	-6.412137e-06	-2.343600e-08	-4.580642e+01	-1.391971e+03
3.170000e-06	-6.445781e-06	-2.347407e-08	-4.604676e+01	-1.394194e+03
3.180000e-06	-6.477104e-06	-2.351032e-08	-4.627052e+01	-1.396177e+03
3.190000e-06	-6.506042e-06	-2.354308e-08	-4.647724e+01	-1.397956e+03
3.200000e-06	-6.532694e-06	-2.357231e-08	-4.666764e+01	-1.399566e+03
3.210000e-06	-6.557091e-06	-2.359695e-08	-4.684192e+01	-1.401037e+03
3.220000e-06	-6.579124e-06	-2.361714e-08	-4.699932e+01	-1.402374e+03
3.230000e-06	-6.598787e-06	-2.363641e-08	-4.713978e+01	-1.403565e+03
3.240000e-06	-6.616205e-06	-2.365391e-08	-4.726422e+01	-1.404581e+03
3.250000e-06	-6.631264e-06	-2.366761e-08	-4.737179e+01	-1.405398e+03
3.260000e-06	-6.643694e-06	-2.367757e-08	-4.746059e+01	-1.406004e+03
3.270000e-06	-6.653550e-06	-2.368607e-08	-4.753100e+01	-1.406409e+03
3.280000e-06	-6.661089e-06	-2.369485e-08	-4.758485e+01	-1.406642e+03
3.290000e-06	-6.666259e-06	-2.370180e-08	-4.762179e+01	-1.406736e+03
3.300000e-06	-6.669052e-06	-2.370554e-08	-4.764174e+01	-1.406720e+03
3.310000e-06	-6.669656e-06	-2.370407e-08	-4.764605e+01	-1.406600e+03
