# Temperatura_=_65.15
# Concentracion g/m^3_=_22500.0
# C_Vs_to_Am_M_A/Vsm_=_59384043850.047264
# pendiente_HvsI_1/m_=_3716.3
# ordenada_HvsI_A/m_=_1297.0
# frecuencia_Hz_=_301508.90534563496

Tiempo_(s)	Campo_(V.s)	Magnetizacion_(V.s)	Campo_(kA/m)	Magnetizacion_(A/m)
0.000000e+00	-6.679999e-06	-2.376970e-08	-4.764267e+01	-1.410008e+03
1.000000e-08	-6.677129e-06	-2.375666e-08	-4.762220e+01	-1.409667e+03
2.000000e-08	-6.671916e-06	-2.374569e-08	-4.758502e+01	-1.409140e+03
3.000000e-08	-6.664631e-06	-2.373200e-08	-4.753306e+01	-1.408409e+03
4.000000e-08	-6.655179e-06	-2.371651e-08	-4.746565e+01	-1.407479e+03
5.000000e-08	-6.643334e-06	-2.369618e-08	-4.738117e+01	-1.406371e+03
6.000000e-08	-6.629063e-06	-2.367841e-08	-4.727939e+01	-1.405113e+03
7.000000e-08	-6.612340e-06	-2.366834e-08	-4.716011e+01	-1.403722e+03
8.000000e-08	-6.593273e-06	-2.363285e-08	-4.702413e+01	-1.402203e+03
9.000000e-08	-6.571932e-06	-2.353483e-08	-4.687192e+01	-1.400540e+03
1.000000e-07	-6.547980e-06	-2.350725e-08	-4.670109e+01	-1.398708e+03
1.100000e-07	-6.521355e-06	-2.354162e-08	-4.651120e+01	-1.396686e+03
1.200000e-07	-6.492418e-06	-2.352164e-08	-4.630482e+01	-1.394467e+03
1.300000e-07	-6.461659e-06	-2.347384e-08	-4.608544e+01	-1.392062e+03
1.400000e-07	-6.429283e-06	-2.347715e-08	-4.585453e+01	-1.389499e+03
1.500000e-07	-6.394928e-06	-2.337798e-08	-4.560951e+01	-1.386805e+03
1.600000e-07	-6.358338e-06	-2.329749e-08	-4.534854e+01	-1.383997e+03
1.700000e-07	-6.319739e-06	-2.331782e-08	-4.507325e+01	-1.381067e+03
1.800000e-07	-6.278908e-06	-2.315490e-08	-4.478203e+01	-1.377987e+03
1.900000e-07	-6.235539e-06	-2.313934e-08	-4.447272e+01	-1.374715e+03
2.000000e-07	-6.189927e-06	-2.313460e-08	-4.414741e+01	-1.371214e+03
2.100000e-07	-6.142067e-06	-2.303768e-08	-4.380607e+01	-1.367466e+03
2.200000e-07	-6.091655e-06	-2.302868e-08	-4.344652e+01	-1.363484e+03
2.300000e-07	-6.038731e-06	-2.290238e-08	-4.306906e+01	-1.359301e+03
2.400000e-07	-5.983428e-06	-2.281945e-08	-4.267463e+01	-1.354962e+03
2.500000e-07	-5.925915e-06	-2.276443e-08	-4.226444e+01	-1.350501e+03
2.600000e-07	-5.866227e-06	-2.265173e-08	-4.183874e+01	-1.345927e+03
2.700000e-07	-5.804457e-06	-2.259897e-08	-4.139819e+01	-1.341213e+03
2.800000e-07	-5.740752e-06	-2.253901e-08	-4.094383e+01	-1.336309e+03
2.900000e-07	-5.674926e-06	-2.245443e-08	-4.047435e+01	-1.331157e+03
3.000000e-07	-5.606936e-06	-2.233790e-08	-3.998944e+01	-1.325713e+03
3.100000e-07	-5.536872e-06	-2.224688e-08	-3.948973e+01	-1.319963e+03
3.200000e-07	-5.464828e-06	-2.214893e-08	-3.897590e+01	-1.313929e+03
3.300000e-07	-5.390744e-06	-2.200864e-08	-3.844752e+01	-1.307659e+03
3.400000e-07	-5.314476e-06	-2.193812e-08	-3.790358e+01	-1.301204e+03
3.500000e-07	-5.236065e-06	-2.182834e-08	-3.734433e+01	-1.294600e+03
3.600000e-07	-5.155491e-06	-2.171220e-08	-3.676967e+01	-1.287851e+03
3.700000e-07	-5.072981e-06	-2.159807e-08	-3.618120e+01	-1.280927e+03
3.800000e-07	-4.988829e-06	-2.146228e-08	-3.558101e+01	-1.273774e+03
3.900000e-07	-4.903099e-06	-2.133708e-08	-3.496958e+01	-1.266340e+03
4.000000e-07	-4.815829e-06	-2.120323e-08	-3.434716e+01	-1.258588e+03
4.100000e-07	-4.726911e-06	-2.108076e-08	-3.371298e+01	-1.250514e+03
4.200000e-07	-4.636215e-06	-2.093575e-08	-3.306612e+01	-1.242142e+03
4.300000e-07	-4.543801e-06	-2.079461e-08	-3.240701e+01	-1.233511e+03
4.400000e-07	-4.449765e-06	-2.064600e-08	-3.173633e+01	-1.224660e+03
4.500000e-07	-4.354164e-06	-2.048334e-08	-3.105449e+01	-1.215604e+03
4.600000e-07	-4.256998e-06	-2.032084e-08	-3.036149e+01	-1.206333e+03
4.700000e-07	-4.158210e-06	-2.016003e-08	-2.965692e+01	-1.196813e+03
4.800000e-07	-4.057843e-06	-2.000550e-08	-2.894109e+01	-1.187000e+03
4.900000e-07	-3.956090e-06	-1.983786e-08	-2.821538e+01	-1.176863e+03
5.000000e-07	-3.853003e-06	-1.966165e-08	-2.748015e+01	-1.166391e+03
5.100000e-07	-3.748530e-06	-1.947908e-08	-2.673503e+01	-1.155596e+03
5.200000e-07	-3.642661e-06	-1.929074e-08	-2.597996e+01	-1.144505e+03
5.300000e-07	-3.535368e-06	-1.909513e-08	-2.521473e+01	-1.133145e+03
5.400000e-07	-3.426773e-06	-1.889363e-08	-2.444022e+01	-1.121524e+03
5.500000e-07	-3.317042e-06	-1.869355e-08	-2.365760e+01	-1.109629e+03
5.600000e-07	-3.206222e-06	-1.849205e-08	-2.286722e+01	-1.097425e+03
5.700000e-07	-3.094288e-06	-1.828335e-08	-2.206889e+01	-1.084874e+03
5.800000e-07	-2.981150e-06	-1.806234e-08	-2.126197e+01	-1.071948e+03
5.900000e-07	-2.866861e-06	-1.783555e-08	-2.044684e+01	-1.058639e+03
6.000000e-07	-2.751392e-06	-1.760715e-08	-1.962330e+01	-1.044966e+03
6.100000e-07	-2.634701e-06	-1.737135e-08	-1.879105e+01	-1.030960e+03
6.200000e-07	-2.517013e-06	-1.712682e-08	-1.795168e+01	-1.016647e+03
6.300000e-07	-2.398428e-06	-1.687917e-08	-1.710592e+01	-1.002035e+03
6.400000e-07	-2.279048e-06	-1.662951e-08	-1.625449e+01	-9.871042e+02
6.500000e-07	-2.158931e-06	-1.637165e-08	-1.539779e+01	-9.718136e+02
6.600000e-07	-2.037993e-06	-1.610663e-08	-1.453525e+01	-9.561172e+02
6.700000e-07	-1.916255e-06	-1.583449e-08	-1.366699e+01	-9.399824e+02
6.800000e-07	-1.793811e-06	-1.555743e-08	-1.279370e+01	-9.234033e+02
6.900000e-07	-1.670717e-06	-1.527397e-08	-1.191579e+01	-9.063997e+02
7.000000e-07	-1.546963e-06	-1.498126e-08	-1.103315e+01	-8.890033e+02
7.100000e-07	-1.422556e-06	-1.468163e-08	-1.014586e+01	-8.712349e+02
7.200000e-07	-1.297632e-06	-1.437580e-08	-9.254889e+00	-8.530844e+02
7.300000e-07	-1.172331e-06	-1.406292e-08	-8.361228e+00	-8.345024e+02
7.400000e-07	-1.046711e-06	-1.373895e-08	-7.465288e+00	-8.154106e+02
7.500000e-07	-9.207410e-07	-1.340345e-08	-6.566851e+00	-7.957251e+02
7.600000e-07	-7.944852e-07	-1.306108e-08	-5.666377e+00	-7.753850e+02
7.700000e-07	-6.679574e-07	-1.271255e-08	-4.763964e+00	-7.543696e+02
7.800000e-07	-5.411339e-07	-1.234868e-08	-3.859441e+00	-7.326953e+02
7.900000e-07	-4.141572e-07	-1.197099e-08	-2.953826e+00	-7.103888e+02
8.000000e-07	-2.871404e-07	-1.158507e-08	-2.047925e+00	-6.874446e+02
8.100000e-07	-1.600045e-07	-1.118685e-08	-1.141174e+00	-6.637848e+02
8.200000e-07	-3.276857e-08	-1.076947e-08	-2.337099e-01	-6.392381e+02
8.300000e-07	9.445527e-08	-1.032963e-08	6.736680e-01	-6.135518e+02
8.400000e-07	2.216334e-07	-9.871536e-09	1.580720e+00	-5.864330e+02
8.500000e-07	3.487630e-07	-9.389347e-09	2.487426e+00	-5.576041e+02
8.600000e-07	4.757720e-07	-8.872151e-09	3.393271e+00	-5.268469e+02
8.700000e-07	6.025801e-07	-8.316393e-09	4.297684e+00	-4.940083e+02
8.800000e-07	7.291922e-07	-7.724072e-09	5.200699e+00	-4.589545e+02
8.900000e-07	8.555699e-07	-7.093233e-09	6.102042e+00	-4.214813e+02
9.000000e-07	9.816657e-07	-6.409738e-09	7.001374e+00	-3.812081e+02
9.100000e-07	1.107454e-06	-5.663764e-09	7.898516e+00	-3.374999e+02
9.200000e-07	1.232925e-06	-4.846006e-09	8.793393e+00	-2.894625e+02
9.300000e-07	1.357983e-06	-3.939095e-09	9.685321e+00	-2.360364e+02
9.400000e-07	1.482605e-06	-2.923716e-09	1.057414e+01	-1.761903e+02
9.500000e-07	1.606735e-06	-1.787633e-09	1.145945e+01	-1.091772e+02
9.600000e-07	1.730219e-06	-5.317855e-10	1.234016e+01	-3.479232e+01
9.700000e-07	1.853045e-06	8.399507e-10	1.321617e+01	4.643954e+01
9.800000e-07	1.975216e-06	2.311619e-09	1.408751e+01	1.332055e+02
9.900000e-07	2.096652e-06	3.848879e-09	1.495361e+01	2.235040e+02
1.000000e-06	2.217269e-06	5.400562e-09	1.581387e+01	3.148891e+02
1.010000e-06	2.337031e-06	6.915360e-09	1.666803e+01	4.048055e+02
1.020000e-06	2.455998e-06	8.360109e-09	1.751652e+01	4.909394e+02
1.030000e-06	2.574126e-06	9.707170e-09	1.835902e+01	5.715039e+02
1.040000e-06	2.691311e-06	1.094176e-08	1.919480e+01	6.454005e+02
1.050000e-06	2.807434e-06	1.205778e-08	2.002300e+01	7.122325e+02
1.060000e-06	2.922324e-06	1.306234e-08	2.084242e+01	7.721881e+02
1.070000e-06	3.036005e-06	1.396815e-08	2.165321e+01	8.258399e+02
1.080000e-06	3.148501e-06	1.478044e-08	2.245554e+01	8.739259e+02
1.090000e-06	3.259832e-06	1.550561e-08	2.324957e+01	9.171689e+02
1.100000e-06	3.370100e-06	1.615635e-08	2.403601e+01	9.561701e+02
1.110000e-06	3.479314e-06	1.674597e-08	2.481494e+01	9.913847e+02
1.120000e-06	3.587358e-06	1.727633e-08	2.558553e+01	1.023158e+03
1.130000e-06	3.694165e-06	1.775031e-08	2.634729e+01	1.051792e+03
1.140000e-06	3.799526e-06	1.817846e-08	2.709874e+01	1.077597e+03
1.150000e-06	3.903357e-06	1.857212e-08	2.783928e+01	1.100922e+03
1.160000e-06	4.005800e-06	1.893334e-08	2.856991e+01	1.122135e+03
1.170000e-06	4.106858e-06	1.926154e-08	2.929067e+01	1.141591e+03
1.180000e-06	4.206515e-06	1.956180e-08	3.000144e+01	1.159586e+03
1.190000e-06	4.304571e-06	1.984234e-08	3.070079e+01	1.176330e+03
1.200000e-06	4.400905e-06	2.010315e-08	3.138786e+01	1.191948e+03
1.210000e-06	4.495646e-06	2.034445e-08	3.206356e+01	1.206502e+03
1.220000e-06	4.588918e-06	2.056716e-08	3.272879e+01	1.220035e+03
1.230000e-06	4.680794e-06	2.077705e-08	3.338406e+01	1.232600e+03
1.240000e-06	4.770939e-06	2.097575e-08	3.402699e+01	1.244282e+03
1.250000e-06	4.859146e-06	2.115891e-08	3.465610e+01	1.255195e+03
1.260000e-06	4.945629e-06	2.132909e-08	3.527290e+01	1.265457e+03
1.270000e-06	5.030525e-06	2.149142e-08	3.587839e+01	1.275171e+03
1.280000e-06	5.113819e-06	2.164865e-08	3.647246e+01	1.284399e+03
1.290000e-06	5.195150e-06	2.179540e-08	3.705252e+01	1.293162e+03
1.300000e-06	5.274473e-06	2.192947e-08	3.761826e+01	1.301451e+03
1.310000e-06	5.352038e-06	2.205501e-08	3.817147e+01	1.309250e+03
1.320000e-06	5.427647e-06	2.217573e-08	3.871072e+01	1.316561e+03
1.330000e-06	5.501022e-06	2.228924e-08	3.923404e+01	1.323414e+03
1.340000e-06	5.572340e-06	2.239435e-08	3.974269e+01	1.329864e+03
1.350000e-06	5.641787e-06	2.249533e-08	4.023800e+01	1.335978e+03
1.360000e-06	5.709243e-06	2.259541e-08	4.071911e+01	1.341816e+03
1.370000e-06	5.774565e-06	2.269233e-08	4.118499e+01	1.347412e+03
1.380000e-06	5.837829e-06	2.278298e-08	4.163620e+01	1.352771e+03
1.390000e-06	5.899201e-06	2.286762e-08	4.207391e+01	1.357875e+03
1.400000e-06	5.958586e-06	2.294838e-08	4.249745e+01	1.362703e+03
1.410000e-06	6.015762e-06	2.302424e-08	4.290524e+01	1.367242e+03
1.420000e-06	6.070739e-06	2.309365e-08	4.329734e+01	1.371500e+03
1.430000e-06	6.123470e-06	2.315952e-08	4.367343e+01	1.375503e+03
1.440000e-06	6.173554e-06	2.322269e-08	4.403064e+01	1.379286e+03
1.450000e-06	6.221108e-06	2.328369e-08	4.436980e+01	1.382877e+03
1.460000e-06	6.266608e-06	2.334269e-08	4.469431e+01	1.386284e+03
1.470000e-06	6.309993e-06	2.339774e-08	4.500374e+01	1.389495e+03
1.480000e-06	6.351009e-06	2.344815e-08	4.529627e+01	1.392484e+03
1.490000e-06	6.389736e-06	2.349387e-08	4.557248e+01	1.395223e+03
1.500000e-06	6.426401e-06	2.353413e-08	4.583397e+01	1.397703e+03
1.510000e-06	6.460687e-06	2.356903e-08	4.607851e+01	1.399936e+03
1.520000e-06	6.492520e-06	2.360239e-08	4.630554e+01	1.401957e+03
1.530000e-06	6.522266e-06	2.363511e-08	4.651770e+01	1.403807e+03
1.540000e-06	6.549811e-06	2.366376e-08	4.671415e+01	1.405523e+03
1.550000e-06	6.574897e-06	2.368842e-08	4.689307e+01	1.407117e+03
1.560000e-06	6.597626e-06	2.371198e-08	4.705518e+01	1.408579e+03
1.570000e-06	6.618236e-06	2.373436e-08	4.720217e+01	1.409875e+03
1.580000e-06	6.636555e-06	2.375119e-08	4.733282e+01	1.410970e+03
1.590000e-06	6.652384e-06	2.376239e-08	4.744571e+01	1.411837e+03
1.600000e-06	6.665748e-06	2.377032e-08	4.754103e+01	1.412474e+03
1.610000e-06	6.676451e-06	2.377536e-08	4.761737e+01	1.412905e+03
1.620000e-06	6.684556e-06	2.377806e-08	4.767517e+01	1.413167e+03
1.630000e-06	6.690407e-06	2.377810e-08	4.771690e+01	1.413300e+03
1.640000e-06	6.694006e-06	2.377834e-08	4.774257e+01	1.413325e+03
1.650000e-06	6.695153e-06	2.377610e-08	4.775075e+01	1.413244e+03
1.660000e-06	6.693922e-06	2.377713e-08	4.774197e+01	1.413033e+03
1.670000e-06	6.690664e-06	2.377632e-08	4.771873e+01	1.412660e+03
1.680000e-06	6.685194e-06	2.376488e-08	4.767972e+01	1.412097e+03
1.690000e-06	6.677403e-06	2.374808e-08	4.762415e+01	1.411329e+03
1.700000e-06	6.667565e-06	2.372909e-08	4.755399e+01	1.410365e+03
1.710000e-06	6.655473e-06	2.371001e-08	4.746775e+01	1.409228e+03
1.720000e-06	6.640951e-06	2.367600e-08	4.736417e+01	1.407944e+03
1.730000e-06	6.624348e-06	2.364659e-08	4.724576e+01	1.406531e+03
1.740000e-06	6.605784e-06	2.371151e-08	4.711336e+01	1.404987e+03
1.750000e-06	6.584438e-06	2.370182e-08	4.696112e+01	1.403295e+03
1.760000e-06	6.559828e-06	2.359929e-08	4.678559e+01	1.401430e+03
1.770000e-06	6.532563e-06	2.354238e-08	4.659113e+01	1.399373e+03
1.780000e-06	6.503048e-06	2.345784e-08	4.638063e+01	1.397118e+03
1.790000e-06	6.471688e-06	2.338155e-08	4.615696e+01	1.394683e+03
1.800000e-06	6.438821e-06	2.349627e-08	4.592255e+01	1.392094e+03
1.810000e-06	6.403994e-06	2.336319e-08	4.567417e+01	1.389379e+03
1.820000e-06	6.366827e-06	2.325570e-08	4.540908e+01	1.386550e+03
1.830000e-06	6.327468e-06	2.338876e-08	4.512837e+01	1.383595e+03
1.840000e-06	6.285800e-06	2.320860e-08	4.483119e+01	1.380483e+03
1.850000e-06	6.242016e-06	2.320918e-08	4.451891e+01	1.377172e+03
1.860000e-06	6.196128e-06	2.309127e-08	4.419164e+01	1.373627e+03
1.870000e-06	6.147809e-06	2.292566e-08	4.384702e+01	1.369836e+03
1.880000e-06	6.097299e-06	2.304764e-08	4.348677e+01	1.365814e+03
1.890000e-06	6.044263e-06	2.290406e-08	4.310852e+01	1.361599e+03
1.900000e-06	5.988743e-06	2.285156e-08	4.271254e+01	1.357236e+03
1.910000e-06	5.931110e-06	2.279273e-08	4.230149e+01	1.352755e+03
1.920000e-06	5.871322e-06	2.264022e-08	4.187507e+01	1.348158e+03
1.930000e-06	5.809388e-06	2.264521e-08	4.143335e+01	1.343415e+03
1.940000e-06	5.745310e-06	2.246355e-08	4.097634e+01	1.338470e+03
1.950000e-06	5.679282e-06	2.240298e-08	4.050542e+01	1.333268e+03
1.960000e-06	5.611110e-06	2.233445e-08	4.001920e+01	1.327768e+03
1.970000e-06	5.540586e-06	2.225902e-08	3.951622e+01	1.321964e+03
1.980000e-06	5.468043e-06	2.219863e-08	3.899883e+01	1.315884e+03
1.990000e-06	5.393533e-06	2.197272e-08	3.846742e+01	1.309577e+03
2.000000e-06	5.317012e-06	2.193573e-08	3.792166e+01	1.303093e+03
2.010000e-06	5.238363e-06	2.180276e-08	3.736072e+01	1.296464e+03
2.020000e-06	5.157770e-06	2.169144e-08	3.678592e+01	1.289686e+03
2.030000e-06	5.075519e-06	2.156761e-08	3.619929e+01	1.282725e+03
2.040000e-06	4.991399e-06	2.142806e-08	3.559934e+01	1.275526e+03
2.050000e-06	4.905340e-06	2.136498e-08	3.498556e+01	1.268036e+03
2.060000e-06	4.817436e-06	2.118979e-08	3.435861e+01	1.260226e+03
2.070000e-06	4.727948e-06	2.105428e-08	3.372038e+01	1.252095e+03
2.080000e-06	4.636887e-06	2.089120e-08	3.307091e+01	1.243673e+03
2.090000e-06	4.544156e-06	2.078218e-08	3.240955e+01	1.235000e+03
2.100000e-06	4.449734e-06	2.064028e-08	3.173611e+01	1.226112e+03
2.110000e-06	4.353687e-06	2.046204e-08	3.105110e+01	1.217019e+03
2.120000e-06	4.256197e-06	2.030927e-08	3.035578e+01	1.207706e+03
2.130000e-06	4.157244e-06	2.014803e-08	2.965003e+01	1.198136e+03
2.140000e-06	4.056823e-06	1.999480e-08	2.893382e+01	1.188267e+03
2.150000e-06	3.954833e-06	1.979707e-08	2.820641e+01	1.178070e+03
2.160000e-06	3.851304e-06	1.962371e-08	2.746803e+01	1.167537e+03
2.170000e-06	3.746413e-06	1.945411e-08	2.671993e+01	1.156687e+03
2.180000e-06	3.640273e-06	1.928267e-08	2.596293e+01	1.145546e+03
2.190000e-06	3.532981e-06	1.907528e-08	2.519771e+01	1.134139e+03
2.200000e-06	3.424503e-06	1.886905e-08	2.442402e+01	1.122470e+03
2.210000e-06	3.314791e-06	1.867595e-08	2.364154e+01	1.110522e+03
2.220000e-06	3.203718e-06	1.847595e-08	2.284936e+01	1.098259e+03
2.230000e-06	3.091442e-06	1.825697e-08	2.204859e+01	1.085642e+03
2.240000e-06	2.978036e-06	1.802797e-08	2.123976e+01	1.072647e+03
2.250000e-06	2.863464e-06	1.781889e-08	2.042262e+01	1.059271e+03
2.260000e-06	2.747781e-06	1.759469e-08	1.959755e+01	1.045536e+03
2.270000e-06	2.630903e-06	1.735463e-08	1.876396e+01	1.031473e+03
2.280000e-06	2.512959e-06	1.709873e-08	1.792277e+01	1.017106e+03
2.290000e-06	2.394015e-06	1.686178e-08	1.707444e+01	1.002439e+03
2.300000e-06	2.274135e-06	1.661814e-08	1.621944e+01	9.874467e+02
2.310000e-06	2.153510e-06	1.635184e-08	1.535913e+01	9.720864e+02
2.320000e-06	2.032234e-06	1.607495e-08	1.449417e+01	9.563130e+02
2.330000e-06	1.910316e-06	1.580657e-08	1.362464e+01	9.400981e+02
2.340000e-06	1.787743e-06	1.553988e-08	1.275043e+01	9.234406e+02
2.350000e-06	1.664548e-06	1.524837e-08	1.187179e+01	9.063641e+02
2.360000e-06	1.540705e-06	1.494607e-08	1.098852e+01	8.889000e+02
2.370000e-06	1.416208e-06	1.464835e-08	1.010059e+01	8.710648e+02
2.380000e-06	1.291187e-06	1.435285e-08	9.208921e+00	8.528415e+02
2.390000e-06	1.165782e-06	1.403358e-08	8.314516e+00	8.341743e+02
2.400000e-06	1.039993e-06	1.369776e-08	7.417376e+00	8.149819e+02
2.410000e-06	9.137865e-07	1.336493e-08	6.517251e+00	7.951825e+02
2.420000e-06	7.872097e-07	1.303257e-08	5.614487e+00	7.747216e+02
2.430000e-06	6.602849e-07	1.268011e-08	4.709243e+00	7.535861e+02
2.440000e-06	5.331459e-07	1.230652e-08	3.802470e+00	7.317969e+02
2.450000e-06	4.058061e-07	1.192994e-08	2.894265e+00	7.093781e+02
2.460000e-06	2.782329e-07	1.154940e-08	1.984395e+00	6.863140e+02
2.470000e-06	1.505296e-07	1.114808e-08	1.073598e+00	6.625106e+02
2.480000e-06	2.281355e-08	1.072388e-08	1.627094e-01	6.377803e+02
2.490000e-06	-1.048609e-07	1.028300e-08	-7.478820e-01	6.118596e+02
2.500000e-06	-2.325068e-07	9.827404e-09	-1.658271e+00	5.844540e+02
2.510000e-06	-3.600734e-07	9.342056e-09	-2.568093e+00	5.552943e+02
2.520000e-06	-4.874905e-07	8.817671e-09	-3.476849e+00	5.241747e+02
2.530000e-06	-6.146631e-07	8.261829e-09	-4.383861e+00	4.909506e+02
2.540000e-06	-7.415875e-07	7.674175e-09	-5.289104e+00	4.554830e+02
2.550000e-06	-8.681706e-07	7.043262e-09	-6.191912e+00	4.175439e+02
2.560000e-06	-9.943728e-07	6.353566e-09	-7.092003e+00	3.767114e+02
2.570000e-06	-1.120199e-06	5.602422e-09	-7.989416e+00	3.323019e+02
2.580000e-06	-1.245645e-06	4.781387e-09	-8.884109e+00	2.833817e+02
2.590000e-06	-1.370708e-06	3.871176e-09	-9.776075e+00	2.288797e+02
2.600000e-06	-1.495272e-06	2.852297e-09	-1.066448e+01	1.677957e+02
2.610000e-06	-1.619200e-06	1.714060e-09	-1.154836e+01	9.946162e+01
2.620000e-06	-1.742419e-06	4.593102e-10	-1.242717e+01	2.379229e+01
2.630000e-06	-1.864956e-06	-9.120789e-10	-1.330113e+01	-5.854658e+01
2.640000e-06	-1.986902e-06	-2.385237e-09	-1.417086e+01	-1.461073e+02
2.650000e-06	-2.108213e-06	-3.917864e-09	-1.503607e+01	-2.367876e+02
2.660000e-06	-2.228798e-06	-5.458155e-09	-1.589609e+01	-3.280957e+02
2.670000e-06	-2.348638e-06	-6.960848e-09	-1.675081e+01	-4.174948e+02
2.680000e-06	-2.467572e-06	-8.394372e-09	-1.759906e+01	-5.027471e+02
2.690000e-06	-2.585520e-06	-9.732309e-09	-1.844029e+01	-5.821810e+02
2.700000e-06	-2.702465e-06	-1.095612e-08	-1.927435e+01	-6.548265e+02
2.710000e-06	-2.818246e-06	-1.206210e-08	-2.010012e+01	-7.204033e+02
2.720000e-06	-2.932820e-06	-1.305910e-08	-2.091728e+01	-7.791841e+02
2.730000e-06	-3.046287e-06	-1.395762e-08	-2.172654e+01	-8.317867e+02
2.740000e-06	-3.158543e-06	-1.476180e-08	-2.252716e+01	-8.789579e+02
2.750000e-06	-3.269332e-06	-1.547816e-08	-2.331732e+01	-9.214041e+02
2.760000e-06	-3.378754e-06	-1.612204e-08	-2.409774e+01	-9.597001e+02
2.770000e-06	-3.487144e-06	-1.670403e-08	-2.487079e+01	-9.942775e+02
2.780000e-06	-3.594471e-06	-1.722831e-08	-2.563626e+01	-1.025469e+03
2.790000e-06	-3.700670e-06	-1.769933e-08	-2.639368e+01	-1.053574e+03
2.800000e-06	-3.805683e-06	-1.812760e-08	-2.714265e+01	-1.078911e+03
2.810000e-06	-3.909303e-06	-1.852014e-08	-2.788169e+01	-1.101831e+03
2.820000e-06	-4.011381e-06	-1.887816e-08	-2.860972e+01	-1.122707e+03
2.830000e-06	-4.111868e-06	-1.920496e-08	-2.932641e+01	-1.141883e+03
2.840000e-06	-4.210878e-06	-1.950726e-08	-3.003256e+01	-1.159642e+03
2.850000e-06	-4.308529e-06	-1.978780e-08	-3.072902e+01	-1.176178e+03
2.860000e-06	-4.404822e-06	-2.004678e-08	-3.141580e+01	-1.191603e+03
2.870000e-06	-4.499580e-06	-2.028547e-08	-3.209162e+01	-1.205973e+03
2.880000e-06	-4.592567e-06	-2.050760e-08	-3.275482e+01	-1.219328e+03
2.890000e-06	-4.683883e-06	-2.071854e-08	-3.340610e+01	-1.231729e+03
2.900000e-06	-4.773649e-06	-2.091671e-08	-3.404632e+01	-1.243265e+03
2.910000e-06	-4.861739e-06	-2.110313e-08	-3.467459e+01	-1.254053e+03
2.920000e-06	-4.948019e-06	-2.127842e-08	-3.528995e+01	-1.264212e+03
2.930000e-06	-5.032367e-06	-2.144516e-08	-3.589153e+01	-1.273836e+03
2.940000e-06	-5.114968e-06	-2.160297e-08	-3.648065e+01	-1.282981e+03
2.950000e-06	-5.195956e-06	-2.174652e-08	-3.705827e+01	-1.291661e+03
2.960000e-06	-5.275141e-06	-2.188021e-08	-3.762303e+01	-1.299863e+03
2.970000e-06	-5.352169e-06	-2.200941e-08	-3.817241e+01	-1.307575e+03
2.980000e-06	-5.427018e-06	-2.213528e-08	-3.870624e+01	-1.314802e+03
2.990000e-06	-5.499986e-06	-2.225370e-08	-3.922666e+01	-1.321579e+03
3.000000e-06	-5.571030e-06	-2.236483e-08	-3.973335e+01	-1.327964e+03
3.010000e-06	-5.639902e-06	-2.247162e-08	-4.022455e+01	-1.334026e+03
3.020000e-06	-5.706710e-06	-2.257266e-08	-4.070104e+01	-1.339819e+03
3.030000e-06	-5.771642e-06	-2.266680e-08	-4.116415e+01	-1.345374e+03
3.040000e-06	-5.834618e-06	-2.275238e-08	-4.161329e+01	-1.350689e+03
3.050000e-06	-5.895408e-06	-2.283219e-08	-4.204686e+01	-1.355746e+03
3.060000e-06	-5.954040e-06	-2.291026e-08	-4.246503e+01	-1.360523e+03
3.070000e-06	-6.010691e-06	-2.298565e-08	-4.286908e+01	-1.365011e+03
3.080000e-06	-6.065175e-06	-2.305762e-08	-4.325766e+01	-1.369221e+03
3.090000e-06	-6.117240e-06	-2.312739e-08	-4.362900e+01	-1.373183e+03
3.100000e-06	-6.166742e-06	-2.319550e-08	-4.398205e+01	-1.376931e+03
3.110000e-06	-6.213649e-06	-2.325740e-08	-4.431659e+01	-1.380489e+03
3.120000e-06	-6.258364e-06	-2.331304e-08	-4.463551e+01	-1.383863e+03
3.130000e-06	-6.301239e-06	-2.336348e-08	-4.494130e+01	-1.387037e+03
3.140000e-06	-6.342109e-06	-2.340990e-08	-4.523279e+01	-1.389983e+03
3.150000e-06	-6.380765e-06	-2.345220e-08	-4.550849e+01	-1.392677e+03
3.160000e-06	-6.417072e-06	-2.349238e-08	-4.576744e+01	-1.395112e+03
3.170000e-06	-6.451102e-06	-2.353259e-08	-4.601014e+01	-1.397304e+03
3.180000e-06	-6.482919e-06	-2.357082e-08	-4.623707e+01	-1.399292e+03
3.190000e-06	-6.512298e-06	-2.360522e-08	-4.644661e+01	-1.401116e+03
3.200000e-06	-6.539308e-06	-2.363579e-08	-4.663924e+01	-1.402811e+03
3.210000e-06	-6.564142e-06	-2.366286e-08	-4.681636e+01	-1.404383e+03
3.220000e-06	-6.586657e-06	-2.368529e-08	-4.697694e+01	-1.405819e+03
3.230000e-06	-6.606755e-06	-2.370581e-08	-4.712028e+01	-1.407082e+03
3.240000e-06	-6.624558e-06	-2.372304e-08	-4.724726e+01	-1.408138e+03
3.250000e-06	-6.640069e-06	-2.373770e-08	-4.735788e+01	-1.408964e+03
3.260000e-06	-6.652891e-06	-2.375007e-08	-4.744933e+01	-1.409563e+03
3.270000e-06	-6.663115e-06	-2.376008e-08	-4.752225e+01	-1.409961e+03
3.280000e-06	-6.671090e-06	-2.376676e-08	-4.757913e+01	-1.410198e+03
3.290000e-06	-6.676661e-06	-2.377228e-08	-4.761886e+01	-1.410310e+03
3.300000e-06	-6.679832e-06	-2.377577e-08	-4.764148e+01	-1.410318e+03
3.310000e-06	-6.680818e-06	-2.377695e-08	-4.764851e+01	-1.410216e+03
