# Temperatura_=_49.71
# Concentracion g/m^3_=_22500.0
# C_Vs_to_Am_M_A/Vsm_=_59384043850.047264
# pendiente_HvsI_1/m_=_3716.3
# ordenada_HvsI_A/m_=_1297.0
# frecuencia_Hz_=_301507.1795645131

Tiempo_(s)	Campo_(V.s)	Magnetizacion_(V.s)	Campo_(kA/m)	Magnetizacion_(A/m)
0.000000e+00	-6.711467e-06	-2.392986e-08	-4.763711e+01	-1.419927e+03
1.000000e-08	-6.707761e-06	-2.391789e-08	-4.761080e+01	-1.419455e+03
2.000000e-08	-6.701886e-06	-2.390432e-08	-4.756910e+01	-1.418831e+03
3.000000e-08	-6.693935e-06	-2.388823e-08	-4.751267e+01	-1.418050e+03
4.000000e-08	-6.683732e-06	-2.387410e-08	-4.744025e+01	-1.417107e+03
5.000000e-08	-6.671134e-06	-2.385682e-08	-4.735083e+01	-1.416002e+03
6.000000e-08	-6.656014e-06	-2.384225e-08	-4.724351e+01	-1.414738e+03
7.000000e-08	-6.638448e-06	-2.382163e-08	-4.711883e+01	-1.413318e+03
8.000000e-08	-6.618614e-06	-2.375572e-08	-4.697805e+01	-1.411741e+03
9.000000e-08	-6.596279e-06	-2.370733e-08	-4.681951e+01	-1.410008e+03
1.000000e-07	-6.571246e-06	-2.371018e-08	-4.664183e+01	-1.408114e+03
1.100000e-07	-6.543685e-06	-2.370202e-08	-4.644621e+01	-1.406058e+03
1.200000e-07	-6.513975e-06	-2.366326e-08	-4.623533e+01	-1.403841e+03
1.300000e-07	-6.482556e-06	-2.363551e-08	-4.601233e+01	-1.401469e+03
1.400000e-07	-6.449475e-06	-2.360138e-08	-4.577752e+01	-1.398949e+03
1.500000e-07	-6.414280e-06	-2.350989e-08	-4.552771e+01	-1.396289e+03
1.600000e-07	-6.376817e-06	-2.349571e-08	-4.526181e+01	-1.393490e+03
1.700000e-07	-6.337316e-06	-2.341413e-08	-4.498144e+01	-1.390544e+03
1.800000e-07	-6.295417e-06	-2.332330e-08	-4.468404e+01	-1.387436e+03
1.900000e-07	-6.251064e-06	-2.334397e-08	-4.436922e+01	-1.384147e+03
2.000000e-07	-6.204550e-06	-2.326620e-08	-4.403908e+01	-1.380660e+03
2.100000e-07	-6.155588e-06	-2.321237e-08	-4.369155e+01	-1.376965e+03
2.200000e-07	-6.104035e-06	-2.314425e-08	-4.332563e+01	-1.373067e+03
2.300000e-07	-6.050031e-06	-2.304712e-08	-4.294232e+01	-1.368980e+03
2.400000e-07	-5.993772e-06	-2.299089e-08	-4.254300e+01	-1.364720e+03
2.500000e-07	-5.935298e-06	-2.289878e-08	-4.212796e+01	-1.360300e+03
2.600000e-07	-5.874615e-06	-2.282468e-08	-4.169724e+01	-1.355720e+03
2.700000e-07	-5.811872e-06	-2.275827e-08	-4.125190e+01	-1.350965e+03
2.800000e-07	-5.747141e-06	-2.269311e-08	-4.079244e+01	-1.346008e+03
2.900000e-07	-5.680292e-06	-2.260121e-08	-4.031796e+01	-1.340820e+03
3.000000e-07	-5.611281e-06	-2.248197e-08	-3.982813e+01	-1.335381e+03
3.100000e-07	-5.540249e-06	-2.240005e-08	-3.932396e+01	-1.329686e+03
3.200000e-07	-5.467282e-06	-2.229200e-08	-3.880605e+01	-1.323750e+03
3.300000e-07	-5.392225e-06	-2.219198e-08	-3.827330e+01	-1.317598e+03
3.400000e-07	-5.314919e-06	-2.209578e-08	-3.772459e+01	-1.311257e+03
3.500000e-07	-5.235352e-06	-2.198345e-08	-3.715984e+01	-1.304744e+03
3.600000e-07	-5.153670e-06	-2.188187e-08	-3.658007e+01	-1.298054e+03
3.700000e-07	-5.070228e-06	-2.175195e-08	-3.598781e+01	-1.291161e+03
3.800000e-07	-4.985229e-06	-2.162501e-08	-3.538450e+01	-1.284025e+03
3.900000e-07	-4.898631e-06	-2.149437e-08	-3.476983e+01	-1.276607e+03
4.000000e-07	-4.810420e-06	-2.137568e-08	-3.414373e+01	-1.268880e+03
4.100000e-07	-4.720522e-06	-2.124883e-08	-3.350564e+01	-1.260839e+03
4.200000e-07	-4.628793e-06	-2.110365e-08	-3.285456e+01	-1.252502e+03
4.300000e-07	-4.535392e-06	-2.096322e-08	-3.219162e+01	-1.243900e+03
4.400000e-07	-4.440457e-06	-2.081194e-08	-3.151778e+01	-1.235066e+03
4.500000e-07	-4.343903e-06	-2.065872e-08	-3.083245e+01	-1.226017e+03
4.600000e-07	-4.245655e-06	-2.049359e-08	-3.013510e+01	-1.216747e+03
4.700000e-07	-4.145803e-06	-2.033802e-08	-2.942636e+01	-1.207232e+03
4.800000e-07	-4.044553e-06	-2.018160e-08	-2.870770e+01	-1.197436e+03
4.900000e-07	-3.941939e-06	-2.001586e-08	-2.797937e+01	-1.187325e+03
5.000000e-07	-3.837876e-06	-1.983778e-08	-2.724074e+01	-1.176880e+03
5.100000e-07	-3.732437e-06	-1.965141e-08	-2.649235e+01	-1.166103e+03
5.200000e-07	-3.625602e-06	-1.946567e-08	-2.573404e+01	-1.155015e+03
5.300000e-07	-3.517349e-06	-1.927204e-08	-2.496568e+01	-1.143642e+03
5.400000e-07	-3.407872e-06	-1.907495e-08	-2.418862e+01	-1.132002e+03
5.500000e-07	-3.297276e-06	-1.887466e-08	-2.340363e+01	-1.120099e+03
5.600000e-07	-3.185504e-06	-1.867601e-08	-2.261029e+01	-1.107913e+03
5.700000e-07	-3.072542e-06	-1.846616e-08	-2.180849e+01	-1.095415e+03
5.800000e-07	-2.958372e-06	-1.824458e-08	-2.099813e+01	-1.082571e+03
5.900000e-07	-2.843009e-06	-1.801746e-08	-2.017930e+01	-1.069359e+03
6.000000e-07	-2.726457e-06	-1.778989e-08	-1.935203e+01	-1.055775e+03
6.100000e-07	-2.608809e-06	-1.755685e-08	-1.851698e+01	-1.041836e+03
6.200000e-07	-2.490238e-06	-1.731536e-08	-1.767538e+01	-1.027562e+03
6.300000e-07	-2.370830e-06	-1.706953e-08	-1.682784e+01	-1.012974e+03
6.400000e-07	-2.250603e-06	-1.681765e-08	-1.597449e+01	-9.980738e+02
6.500000e-07	-2.129524e-06	-1.656095e-08	-1.511508e+01	-9.828477e+02
6.600000e-07	-2.007677e-06	-1.629653e-08	-1.425023e+01	-9.672667e+02
6.700000e-07	-1.885100e-06	-1.602659e-08	-1.338019e+01	-9.512994e+02
6.800000e-07	-1.761757e-06	-1.575278e-08	-1.250472e+01	-9.349244e+02
6.900000e-07	-1.637723e-06	-1.547357e-08	-1.162434e+01	-9.181366e+02
7.000000e-07	-1.513092e-06	-1.518440e-08	-1.073973e+01	-9.009459e+02
7.100000e-07	-1.387918e-06	-1.488637e-08	-9.851261e+00	-8.833652e+02
7.200000e-07	-1.262319e-06	-1.458200e-08	-8.959770e+00	-8.653968e+02
7.300000e-07	-1.136371e-06	-1.427105e-08	-8.065810e+00	-8.470201e+02
7.400000e-07	-1.010094e-06	-1.395233e-08	-7.169511e+00	-8.281897e+02
7.500000e-07	-8.834602e-07	-1.362481e-08	-6.270684e+00	-8.088441e+02
7.600000e-07	-7.564521e-07	-1.329269e-08	-5.369197e+00	-7.889221e+02
7.700000e-07	-6.291991e-07	-1.295150e-08	-4.465972e+00	-7.683791e+02
7.800000e-07	-5.018032e-07	-1.259443e-08	-3.561733e+00	-7.471937e+02
7.900000e-07	-3.742268e-07	-1.222448e-08	-2.656212e+00	-7.253593e+02
8.000000e-07	-2.465010e-07	-1.184469e-08	-1.749631e+00	-7.028613e+02
8.100000e-07	-1.186625e-07	-1.145256e-08	-8.422509e-01	-6.796474e+02
8.200000e-07	9.202459e-09	-1.104362e-08	6.531784e-02	-6.556041e+02
8.300000e-07	1.370308e-07	-1.061765e-08	9.726268e-01	-6.305498e+02
8.400000e-07	2.648075e-07	-1.017451e-08	1.879569e+00	-6.042519e+02
8.500000e-07	3.924549e-07	-9.708425e-09	2.785593e+00	-5.764606e+02
8.600000e-07	5.199172e-07	-9.211052e-09	3.690303e+00	-5.469473e+02
8.700000e-07	6.471563e-07	-8.678705e-09	4.593430e+00	-5.155267e+02
8.800000e-07	7.741942e-07	-8.113075e-09	5.495128e+00	-4.820474e+02
8.900000e-07	9.010249e-07	-7.511441e-09	6.395355e+00	-4.463442e+02
9.000000e-07	1.027593e-06	-6.865428e-09	7.293720e+00	-4.081630e+02
9.100000e-07	1.153834e-06	-6.168853e-09	8.189762e+00	-3.670845e+02
9.200000e-07	1.279685e-06	-5.411667e-09	9.083035e+00	-3.224808e+02
9.300000e-07	1.405095e-06	-4.578197e-09	9.973176e+00	-2.735352e+02
9.400000e-07	1.530090e-06	-3.656170e-09	1.086038e+01	-2.193433e+02
9.500000e-07	1.654629e-06	-2.633708e-09	1.174434e+01	-1.590858e+02
9.600000e-07	1.778524e-06	-1.504085e-09	1.262373e+01	-9.224108e+01
9.700000e-07	1.901738e-06	-2.639096e-10	1.349828e+01	-1.878653e+01
9.800000e-07	2.024255e-06	1.080985e-09	1.436789e+01	6.066762e+01
9.900000e-07	2.146033e-06	2.510868e-09	1.523226e+01	1.448544e+02
1.000000e-06	2.267026e-06	3.989920e-09	1.609105e+01	2.319536e+02
1.010000e-06	2.387132e-06	5.476336e-09	1.694355e+01	3.198074e+02
1.020000e-06	2.506384e-06	6.931438e-09	1.778998e+01	4.062023e+02
1.030000e-06	2.624776e-06	8.322201e-09	1.863031e+01	4.891546e+02
1.040000e-06	2.742158e-06	9.627068e-09	1.946347e+01	5.671384e+02
1.050000e-06	2.858487e-06	1.083266e-08	2.028917e+01	6.392087e+02
1.060000e-06	2.973667e-06	1.193559e-08	2.110670e+01	7.050056e+02
1.070000e-06	3.087601e-06	1.293921e-08	2.191539e+01	7.646532e+02
1.080000e-06	3.200320e-06	1.384677e-08	2.271545e+01	8.185946e+02
1.090000e-06	3.311821e-06	1.466478e-08	2.350687e+01	8.674126e+02
1.100000e-06	3.422181e-06	1.540474e-08	2.429019e+01	9.116833e+02
1.110000e-06	3.531447e-06	1.607682e-08	2.506574e+01	9.518909e+02
1.120000e-06	3.639578e-06	1.668626e-08	2.583324e+01	9.884078e+02
1.130000e-06	3.746480e-06	1.723696e-08	2.659202e+01	1.021526e+03
1.140000e-06	3.851959e-06	1.773717e-08	2.734070e+01	1.051511e+03
1.150000e-06	3.955919e-06	1.819327e-08	2.807859e+01	1.078645e+03
1.160000e-06	4.058428e-06	1.860746e-08	2.880618e+01	1.103253e+03
1.170000e-06	4.159492e-06	1.898358e-08	2.952352e+01	1.125681e+03
1.180000e-06	4.259107e-06	1.932904e-08	3.023058e+01	1.146271e+03
1.190000e-06	4.357129e-06	1.964946e-08	3.092633e+01	1.165314e+03
1.200000e-06	4.453454e-06	1.994645e-08	3.161003e+01	1.183026e+03
1.210000e-06	4.548230e-06	2.021925e-08	3.228273e+01	1.199540e+03
1.220000e-06	4.641491e-06	2.047428e-08	3.294469e+01	1.214928e+03
1.230000e-06	4.733165e-06	2.071480e-08	3.359538e+01	1.229233e+03
1.240000e-06	4.823141e-06	2.093780e-08	3.423402e+01	1.242505e+03
1.250000e-06	4.911292e-06	2.114455e-08	3.485970e+01	1.254820e+03
1.260000e-06	4.997673e-06	2.133797e-08	3.547282e+01	1.266285e+03
1.270000e-06	5.082430e-06	2.152127e-08	3.607442e+01	1.277024e+03
1.280000e-06	5.165538e-06	2.169317e-08	3.666431e+01	1.287149e+03
1.290000e-06	5.246797e-06	2.185311e-08	3.724107e+01	1.296745e+03
1.300000e-06	5.326018e-06	2.200159e-08	3.780337e+01	1.305851e+03
1.310000e-06	5.403276e-06	2.214210e-08	3.835174e+01	1.314471e+03
1.320000e-06	5.478506e-06	2.227531e-08	3.888571e+01	1.322589e+03
1.330000e-06	5.551555e-06	2.240029e-08	3.940421e+01	1.330188e+03
1.340000e-06	5.622598e-06	2.251755e-08	3.990846e+01	1.337276e+03
1.350000e-06	5.691707e-06	2.262929e-08	4.039898e+01	1.343887e+03
1.360000e-06	5.758791e-06	2.273550e-08	4.087513e+01	1.350080e+03
1.370000e-06	5.823748e-06	2.283515e-08	4.133619e+01	1.355922e+03
1.380000e-06	5.886641e-06	2.292761e-08	4.178260e+01	1.361473e+03
1.390000e-06	5.947606e-06	2.301462e-08	4.221532e+01	1.366771e+03
1.400000e-06	6.006522e-06	2.309919e-08	4.263350e+01	1.371828e+03
1.410000e-06	6.063212e-06	2.317900e-08	4.303588e+01	1.376635e+03
1.420000e-06	6.117671e-06	2.325394e-08	4.342242e+01	1.381172e+03
1.430000e-06	6.169802e-06	2.332527e-08	4.379244e+01	1.385425e+03
1.440000e-06	6.219345e-06	2.339372e-08	4.414409e+01	1.389392e+03
1.450000e-06	6.266442e-06	2.345776e-08	4.447838e+01	1.393083e+03
1.460000e-06	6.311434e-06	2.351725e-08	4.479772e+01	1.396521e+03
1.470000e-06	6.354178e-06	2.357044e-08	4.510111e+01	1.399731e+03
1.480000e-06	6.394519e-06	2.361975e-08	4.538745e+01	1.402729e+03
1.490000e-06	6.432681e-06	2.366720e-08	4.565832e+01	1.405523e+03
1.500000e-06	6.468759e-06	2.371001e-08	4.591440e+01	1.408114e+03
1.510000e-06	6.502472e-06	2.374823e-08	4.615369e+01	1.410493e+03
1.520000e-06	6.533778e-06	2.378448e-08	4.637589e+01	1.412656e+03
1.530000e-06	6.562971e-06	2.381960e-08	4.658310e+01	1.414604e+03
1.540000e-06	6.589954e-06	2.384978e-08	4.677463e+01	1.416341e+03
1.550000e-06	6.614454e-06	2.387374e-08	4.694852e+01	1.417879e+03
1.560000e-06	6.636587e-06	2.389376e-08	4.710562e+01	1.419228e+03
1.570000e-06	6.656587e-06	2.391214e-08	4.724758e+01	1.420394e+03
1.580000e-06	6.674271e-06	2.392721e-08	4.737309e+01	1.421379e+03
1.590000e-06	6.689383e-06	2.393909e-08	4.748036e+01	1.422182e+03
1.600000e-06	6.701922e-06	2.394880e-08	4.756935e+01	1.422802e+03
1.610000e-06	6.711761e-06	2.395669e-08	4.763919e+01	1.423239e+03
1.620000e-06	6.719089e-06	2.396113e-08	4.769120e+01	1.423500e+03
1.630000e-06	6.724264e-06	2.396048e-08	4.772794e+01	1.423595e+03
1.640000e-06	6.727087e-06	2.395612e-08	4.774798e+01	1.423535e+03
1.650000e-06	6.727478e-06	2.395149e-08	4.775075e+01	1.423327e+03
1.660000e-06	6.725674e-06	2.395129e-08	4.773794e+01	1.422975e+03
1.670000e-06	6.721759e-06	2.394491e-08	4.771016e+01	1.422475e+03
1.680000e-06	6.715523e-06	2.393237e-08	4.766590e+01	1.421823e+03
1.690000e-06	6.707019e-06	2.391707e-08	4.760554e+01	1.421012e+03
1.700000e-06	6.696387e-06	2.389891e-08	4.753007e+01	1.420039e+03
1.710000e-06	6.683389e-06	2.387573e-08	4.743781e+01	1.418905e+03
1.720000e-06	6.668119e-06	2.384451e-08	4.732943e+01	1.417612e+03
1.730000e-06	6.650851e-06	2.385559e-08	4.720686e+01	1.416163e+03
1.740000e-06	6.631270e-06	2.386937e-08	4.706788e+01	1.414558e+03
1.750000e-06	6.608603e-06	2.381165e-08	4.690699e+01	1.412796e+03
1.760000e-06	6.582851e-06	2.374641e-08	4.672421e+01	1.410872e+03
1.770000e-06	6.554638e-06	2.369529e-08	4.652395e+01	1.408787e+03
1.780000e-06	6.524242e-06	2.361747e-08	4.630821e+01	1.406541e+03
1.790000e-06	6.492146e-06	2.362417e-08	4.608039e+01	1.404140e+03
1.800000e-06	6.458518e-06	2.361777e-08	4.584171e+01	1.401594e+03
1.810000e-06	6.422746e-06	2.349535e-08	4.558780e+01	1.398909e+03
1.820000e-06	6.384696e-06	2.352335e-08	4.531773e+01	1.396084e+03
1.830000e-06	6.344472e-06	2.347380e-08	4.503223e+01	1.393110e+03
1.840000e-06	6.301968e-06	2.337916e-08	4.473053e+01	1.389970e+03
1.850000e-06	6.257346e-06	2.335843e-08	4.441381e+01	1.386646e+03
1.860000e-06	6.210383e-06	2.320355e-08	4.408048e+01	1.383121e+03
1.870000e-06	6.161077e-06	2.320289e-08	4.373051e+01	1.379389e+03
1.880000e-06	6.109547e-06	2.317185e-08	4.336476e+01	1.375455e+03
1.890000e-06	6.055432e-06	2.306760e-08	4.298065e+01	1.371335e+03
1.900000e-06	5.998984e-06	2.304025e-08	4.257999e+01	1.367045e+03
1.910000e-06	5.940387e-06	2.291788e-08	4.216408e+01	1.362597e+03
1.920000e-06	5.879587e-06	2.286556e-08	4.173253e+01	1.357986e+03
1.930000e-06	5.816655e-06	2.276159e-08	4.128585e+01	1.353196e+03
1.940000e-06	5.751602e-06	2.265045e-08	4.082411e+01	1.348199e+03
1.950000e-06	5.684611e-06	2.260463e-08	4.034862e+01	1.342966e+03
1.960000e-06	5.615387e-06	2.250099e-08	3.985728e+01	1.337481e+03
1.970000e-06	5.543864e-06	2.245037e-08	3.934961e+01	1.331741e+03
1.980000e-06	5.470360e-06	2.229763e-08	3.882789e+01	1.325763e+03
1.990000e-06	5.394824e-06	2.218708e-08	3.829174e+01	1.319575e+03
2.000000e-06	5.317202e-06	2.210048e-08	3.774080e+01	1.313202e+03
2.010000e-06	5.237496e-06	2.197059e-08	3.717505e+01	1.306658e+03
2.020000e-06	5.155995e-06	2.188163e-08	3.659657e+01	1.299933e+03
2.030000e-06	5.072760e-06	2.173910e-08	3.600578e+01	1.292999e+03
2.040000e-06	4.987583e-06	2.164938e-08	3.540121e+01	1.285814e+03
2.050000e-06	4.900465e-06	2.151264e-08	3.478285e+01	1.278342e+03
2.060000e-06	4.811599e-06	2.136905e-08	3.415210e+01	1.270557e+03
2.070000e-06	4.721214e-06	2.122435e-08	3.351056e+01	1.262461e+03
2.080000e-06	4.629166e-06	2.108562e-08	3.285721e+01	1.254073e+03
2.090000e-06	4.535373e-06	2.096847e-08	3.219148e+01	1.245428e+03
2.100000e-06	4.439902e-06	2.080392e-08	3.151384e+01	1.236554e+03
2.110000e-06	4.342910e-06	2.065361e-08	3.082540e+01	1.227465e+03
2.120000e-06	4.244474e-06	2.048635e-08	3.012672e+01	1.218153e+03
2.130000e-06	4.144493e-06	2.033448e-08	2.941706e+01	1.208590e+03
2.140000e-06	4.042969e-06	2.015661e-08	2.869646e+01	1.198739e+03
2.150000e-06	3.939851e-06	1.998052e-08	2.796454e+01	1.188568e+03
2.160000e-06	3.835282e-06	1.981207e-08	2.722232e+01	1.178062e+03
2.170000e-06	3.729519e-06	1.964015e-08	2.647163e+01	1.167228e+03
2.180000e-06	3.622612e-06	1.945759e-08	2.571282e+01	1.156086e+03
2.190000e-06	3.514459e-06	1.925103e-08	2.494517e+01	1.144663e+03
2.200000e-06	3.405143e-06	1.905663e-08	2.416925e+01	1.132976e+03
2.210000e-06	3.294492e-06	1.885235e-08	2.338387e+01	1.121023e+03
2.220000e-06	3.182387e-06	1.864790e-08	2.258816e+01	1.108784e+03
2.230000e-06	3.069098e-06	1.842883e-08	2.178405e+01	1.096225e+03
2.240000e-06	2.954685e-06	1.821994e-08	2.097196e+01	1.083316e+03
2.250000e-06	2.839113e-06	1.800536e-08	2.015165e+01	1.070036e+03
2.260000e-06	2.722372e-06	1.777720e-08	1.932304e+01	1.056387e+03
2.270000e-06	2.604598e-06	1.753317e-08	1.848709e+01	1.042385e+03
2.280000e-06	2.485762e-06	1.728750e-08	1.764361e+01	1.028054e+03
2.290000e-06	2.365857e-06	1.705059e-08	1.679254e+01	1.013409e+03
2.300000e-06	2.245166e-06	1.679958e-08	1.593589e+01	9.984520e+02
2.310000e-06	2.123858e-06	1.653943e-08	1.507487e+01	9.831642e+02
2.320000e-06	2.001904e-06	1.627129e-08	1.420925e+01	9.675156e+02
2.330000e-06	1.879281e-06	1.600688e-08	1.333889e+01	9.514759e+02
2.340000e-06	1.755891e-06	1.572954e-08	1.246308e+01	9.350262e+02
2.350000e-06	1.631786e-06	1.543995e-08	1.158220e+01	9.181648e+02
2.360000e-06	1.507110e-06	1.514659e-08	1.069727e+01	9.009028e+02
2.370000e-06	1.381887e-06	1.485731e-08	9.808451e+00	8.832525e+02
2.380000e-06	1.256174e-06	1.456118e-08	8.916156e+00	8.652127e+02
2.390000e-06	1.130048e-06	1.424765e-08	8.020928e+00	8.467582e+02
2.400000e-06	1.003508e-06	1.392410e-08	7.122767e+00	8.278398e+02
2.410000e-06	8.765596e-07	1.359496e-08	6.221704e+00	8.083946e+02
2.420000e-06	7.492654e-07	1.325959e-08	5.318187e+00	7.883636e+02
2.430000e-06	6.216708e-07	1.290798e-08	4.412537e+00	7.677061e+02
2.440000e-06	4.938574e-07	1.254636e-08	3.505335e+00	7.464044e+02
2.450000e-06	3.658422e-07	1.218041e-08	2.596700e+00	7.244525e+02
2.460000e-06	2.376876e-07	1.180497e-08	1.687075e+00	7.018313e+02
2.470000e-06	1.094748e-07	1.141335e-08	7.770376e-01	6.784789e+02
2.480000e-06	-1.880956e-08	1.100546e-08	-1.335078e-01	6.542693e+02
2.490000e-06	-1.470747e-07	1.058083e-08	-1.043917e+00	6.290103e+02
2.500000e-06	-2.752657e-07	1.013451e-08	-1.953799e+00	6.024632e+02
2.510000e-06	-4.033524e-07	9.659339e-09	-2.862942e+00	5.743793e+02
2.520000e-06	-5.312458e-07	9.154701e-09	-3.770712e+00	5.445369e+02
2.530000e-06	-6.589313e-07	8.623262e-09	-4.677007e+00	5.127586e+02
2.540000e-06	-7.863939e-07	8.058861e-09	-5.581720e+00	4.788951e+02
2.550000e-06	-9.135251e-07	7.454813e-09	-6.484080e+00	4.427711e+02
2.560000e-06	-1.040238e-06	6.809032e-09	-7.383475e+00	4.041082e+02
2.570000e-06	-1.166507e-06	6.115584e-09	-8.279709e+00	3.624517e+02
2.580000e-06	-1.292351e-06	5.356376e-09	-9.172940e+00	3.171360e+02
2.590000e-06	-1.417816e-06	4.516254e-09	-1.006347e+01	2.673193e+02
2.600000e-06	-1.542814e-06	3.587530e-09	-1.095069e+01	2.120979e+02
2.610000e-06	-1.667244e-06	2.562603e-09	-1.183387e+01	1.506896e+02
2.620000e-06	-1.791005e-06	1.431202e-09	-1.271232e+01	8.264850e+01
2.630000e-06	-1.914007e-06	1.876926e-10	-1.358537e+01	8.057750e+00
2.640000e-06	-2.036274e-06	-1.157069e-09	-1.445320e+01	-7.235320e+01
2.650000e-06	-2.157854e-06	-2.579994e-09	-1.531616e+01	-1.572074e+02
2.660000e-06	-2.278745e-06	-4.050711e-09	-1.617423e+01	-2.446059e+02
2.670000e-06	-2.398814e-06	-5.532106e-09	-1.702646e+01	-3.323592e+02
2.680000e-06	-2.517988e-06	-6.983106e-09	-1.787235e+01	-4.182749e+02
2.690000e-06	-2.636171e-06	-8.367555e-09	-1.871119e+01	-5.004368e+02
2.700000e-06	-2.753338e-06	-9.661612e-09	-1.954283e+01	-5.774172e+02
2.710000e-06	-2.869451e-06	-1.085597e-08	-2.036698e+01	-6.483787e+02
2.720000e-06	-2.984270e-06	-1.194850e-08	-2.118195e+01	-7.130576e+02
2.730000e-06	-3.097840e-06	-1.294083e-08	-2.198806e+01	-7.716482e+02
2.740000e-06	-3.210197e-06	-1.384042e-08	-2.278555e+01	-8.246312e+02
2.750000e-06	-3.321217e-06	-1.465523e-08	-2.357356e+01	-8.725976e+02
2.760000e-06	-3.430888e-06	-1.539460e-08	-2.435199e+01	-9.161114e+02
2.770000e-06	-3.539376e-06	-1.606333e-08	-2.512202e+01	-9.556363e+02
2.780000e-06	-3.646777e-06	-1.666647e-08	-2.588434e+01	-9.915271e+02
2.790000e-06	-3.753001e-06	-1.721359e-08	-2.663830e+01	-1.024067e+03
2.800000e-06	-3.858022e-06	-1.771042e-08	-2.738373e+01	-1.053522e+03
2.810000e-06	-3.961717e-06	-1.816133e-08	-2.811974e+01	-1.080181e+03
2.820000e-06	-4.063898e-06	-1.857114e-08	-2.884501e+01	-1.104374e+03
2.830000e-06	-4.164431e-06	-1.894793e-08	-2.955858e+01	-1.126451e+03
2.840000e-06	-4.263419e-06	-1.929680e-08	-3.026118e+01	-1.146746e+03
2.850000e-06	-4.361070e-06	-1.961726e-08	-3.095430e+01	-1.165539e+03
2.860000e-06	-4.457301e-06	-1.991205e-08	-3.163733e+01	-1.183030e+03
2.870000e-06	-4.551894e-06	-2.018560e-08	-3.230874e+01	-1.199340e+03
2.880000e-06	-4.644805e-06	-2.043982e-08	-3.296821e+01	-1.214532e+03
2.890000e-06	-4.736072e-06	-2.067568e-08	-3.361601e+01	-1.228650e+03
2.900000e-06	-4.825718e-06	-2.089466e-08	-3.425231e+01	-1.241745e+03
2.910000e-06	-4.913684e-06	-2.110063e-08	-3.487668e+01	-1.253900e+03
2.920000e-06	-4.999804e-06	-2.129555e-08	-3.548794e+01	-1.265227e+03
2.930000e-06	-5.084069e-06	-2.147932e-08	-3.608605e+01	-1.275849e+03
2.940000e-06	-5.166561e-06	-2.165179e-08	-3.667157e+01	-1.285876e+03
2.950000e-06	-5.247299e-06	-2.181308e-08	-3.724464e+01	-1.295383e+03
2.960000e-06	-5.326138e-06	-2.196546e-08	-3.780422e+01	-1.304404e+03
2.970000e-06	-5.402821e-06	-2.210975e-08	-3.834851e+01	-1.312936e+03
2.980000e-06	-5.477435e-06	-2.224489e-08	-3.887811e+01	-1.320963e+03
2.990000e-06	-5.550101e-06	-2.237024e-08	-3.939388e+01	-1.328471e+03
3.000000e-06	-5.620704e-06	-2.249022e-08	-3.989502e+01	-1.335471e+03
3.010000e-06	-5.689222e-06	-2.260648e-08	-4.038134e+01	-1.342003e+03
3.020000e-06	-5.755728e-06	-2.271578e-08	-4.085340e+01	-1.348129e+03
3.030000e-06	-5.820337e-06	-2.281605e-08	-4.131198e+01	-1.353916e+03
3.040000e-06	-5.882920e-06	-2.290652e-08	-4.175619e+01	-1.359421e+03
3.050000e-06	-5.943288e-06	-2.299129e-08	-4.218467e+01	-1.364676e+03
3.060000e-06	-6.001470e-06	-2.307303e-08	-4.259764e+01	-1.369690e+03
3.070000e-06	-6.057596e-06	-2.315148e-08	-4.299602e+01	-1.374451e+03
3.080000e-06	-6.111523e-06	-2.322655e-08	-4.337878e+01	-1.378939e+03
3.090000e-06	-6.163019e-06	-2.330080e-08	-4.374430e+01	-1.383142e+03
3.100000e-06	-6.211957e-06	-2.337061e-08	-4.409165e+01	-1.387058e+03
3.110000e-06	-6.258376e-06	-2.343286e-08	-4.442112e+01	-1.390703e+03
3.120000e-06	-6.302706e-06	-2.348850e-08	-4.473577e+01	-1.394100e+03
3.130000e-06	-6.345121e-06	-2.353906e-08	-4.503683e+01	-1.397271e+03
3.140000e-06	-6.385508e-06	-2.358607e-08	-4.532350e+01	-1.400234e+03
3.150000e-06	-6.423647e-06	-2.362914e-08	-4.559420e+01	-1.402993e+03
3.160000e-06	-6.459407e-06	-2.367117e-08	-4.584802e+01	-1.405547e+03
3.170000e-06	-6.492883e-06	-2.371265e-08	-4.608562e+01	-1.407888e+03
3.180000e-06	-6.524094e-06	-2.375264e-08	-4.630716e+01	-1.410014e+03
3.190000e-06	-6.552893e-06	-2.378827e-08	-4.651157e+01	-1.411924e+03
3.200000e-06	-6.579307e-06	-2.381867e-08	-4.669905e+01	-1.413626e+03
3.210000e-06	-6.603557e-06	-2.384397e-08	-4.687118e+01	-1.415130e+03
3.220000e-06	-6.625408e-06	-2.386533e-08	-4.702627e+01	-1.416447e+03
3.230000e-06	-6.644781e-06	-2.388406e-08	-4.716378e+01	-1.417581e+03
3.240000e-06	-6.661929e-06	-2.389955e-08	-4.728549e+01	-1.418535e+03
3.250000e-06	-6.676620e-06	-2.391142e-08	-4.738977e+01	-1.419306e+03
3.260000e-06	-6.688665e-06	-2.392130e-08	-4.747526e+01	-1.419893e+03
3.270000e-06	-6.698282e-06	-2.393062e-08	-4.754352e+01	-1.420299e+03
3.280000e-06	-6.705553e-06	-2.393910e-08	-4.759513e+01	-1.420530e+03
3.290000e-06	-6.710366e-06	-2.394569e-08	-4.762929e+01	-1.420598e+03
3.300000e-06	-6.712845e-06	-2.394863e-08	-4.764688e+01	-1.420512e+03
3.310000e-06	-6.713144e-06	-2.394352e-08	-4.764901e+01	-1.420279e+03
