# Temperatura_=_50.38
# Concentracion g/m^3_=_22000.0
# C_Vs_to_Am_M_A/Vsm_=_59384043850.047264
# pendiente_HvsI_1/m_=_3716.3
# ordenada_HvsI_A/m_=_1297.0
# frecuencia_Hz_=_301414.3918006131

Tiempo_(s)	Campo_(V.s)	Magnetizacion_(V.s)	Campo_(kA/m)	Magnetizacion_(A/m)
0.000000e+00	-6.673694e-06	-2.295932e-08	-4.768980e+01	-1.362658e+03
1.000000e-08	-6.671093e-06	-2.295629e-08	-4.767121e+01	-1.362509e+03
2.000000e-08	-6.666199e-06	-2.295080e-08	-4.763624e+01	-1.362187e+03
3.000000e-08	-6.659212e-06	-2.294450e-08	-4.758631e+01	-1.361713e+03
4.000000e-08	-6.650051e-06	-2.293575e-08	-4.752084e+01	-1.361105e+03
5.000000e-08	-6.638479e-06	-2.292218e-08	-4.743815e+01	-1.360373e+03
6.000000e-08	-6.624484e-06	-2.290561e-08	-4.733815e+01	-1.359512e+03
7.000000e-08	-6.608053e-06	-2.289281e-08	-4.722073e+01	-1.358509e+03
8.000000e-08	-6.589226e-06	-2.287275e-08	-4.708620e+01	-1.357347e+03
9.000000e-08	-6.568040e-06	-2.283524e-08	-4.693480e+01	-1.356017e+03
1.000000e-07	-6.544261e-06	-2.280517e-08	-4.676488e+01	-1.354520e+03
1.100000e-07	-6.517831e-06	-2.279594e-08	-4.657601e+01	-1.352876e+03
1.200000e-07	-6.489130e-06	-2.278109e-08	-4.637092e+01	-1.351114e+03
1.300000e-07	-6.458630e-06	-2.274862e-08	-4.615297e+01	-1.349266e+03
1.400000e-07	-6.426571e-06	-2.271240e-08	-4.592387e+01	-1.347359e+03
1.500000e-07	-6.392622e-06	-2.267668e-08	-4.568128e+01	-1.345398e+03
1.600000e-07	-6.356399e-06	-2.264236e-08	-4.542243e+01	-1.343372e+03
1.700000e-07	-6.318157e-06	-2.260626e-08	-4.514916e+01	-1.341249e+03
1.800000e-07	-6.277695e-06	-2.255853e-08	-4.486001e+01	-1.338992e+03
1.900000e-07	-6.234672e-06	-2.251720e-08	-4.455257e+01	-1.336565e+03
2.000000e-07	-6.189409e-06	-2.248484e-08	-4.422913e+01	-1.333946e+03
2.100000e-07	-6.141957e-06	-2.243701e-08	-4.389004e+01	-1.331135e+03
2.200000e-07	-6.091984e-06	-2.238093e-08	-4.353293e+01	-1.328151e+03
2.300000e-07	-6.039468e-06	-2.232842e-08	-4.315766e+01	-1.325024e+03
2.400000e-07	-5.984553e-06	-2.227777e-08	-4.276524e+01	-1.321786e+03
2.500000e-07	-5.927383e-06	-2.222125e-08	-4.235671e+01	-1.318458e+03
2.600000e-07	-5.868008e-06	-2.216317e-08	-4.193242e+01	-1.315043e+03
2.700000e-07	-5.806575e-06	-2.211334e-08	-4.149342e+01	-1.311527e+03
2.800000e-07	-5.743199e-06	-2.205298e-08	-4.104054e+01	-1.307885e+03
2.900000e-07	-5.677704e-06	-2.198001e-08	-4.057252e+01	-1.304088e+03
3.000000e-07	-5.610072e-06	-2.191195e-08	-4.008922e+01	-1.300116e+03
3.100000e-07	-5.540363e-06	-2.184772e-08	-3.959109e+01	-1.295965e+03
3.200000e-07	-5.468666e-06	-2.177712e-08	-3.907874e+01	-1.291645e+03
3.300000e-07	-5.394966e-06	-2.170039e-08	-3.855209e+01	-1.287180e+03
3.400000e-07	-5.319152e-06	-2.162902e-08	-3.801033e+01	-1.282592e+03
3.500000e-07	-5.241207e-06	-2.155182e-08	-3.745334e+01	-1.277896e+03
3.600000e-07	-5.161063e-06	-2.146764e-08	-3.688063e+01	-1.273094e+03
3.700000e-07	-5.078907e-06	-2.138531e-08	-3.629355e+01	-1.268167e+03
3.800000e-07	-4.995089e-06	-2.130080e-08	-3.569459e+01	-1.263088e+03
3.900000e-07	-4.909730e-06	-2.121641e-08	-3.508462e+01	-1.257828e+03
4.000000e-07	-4.822807e-06	-2.112443e-08	-3.446347e+01	-1.252363e+03
4.100000e-07	-4.734276e-06	-2.102317e-08	-3.383084e+01	-1.246690e+03
4.200000e-07	-4.643965e-06	-2.091885e-08	-3.318548e+01	-1.240819e+03
4.300000e-07	-4.551847e-06	-2.081997e-08	-3.252721e+01	-1.234777e+03
4.400000e-07	-4.458132e-06	-2.071905e-08	-3.185753e+01	-1.228591e+03
4.500000e-07	-4.362894e-06	-2.061329e-08	-3.117697e+01	-1.222282e+03
4.600000e-07	-4.266086e-06	-2.050723e-08	-3.048518e+01	-1.215854e+03
4.700000e-07	-4.167652e-06	-2.039558e-08	-2.978178e+01	-1.209293e+03
4.800000e-07	-4.067633e-06	-2.028051e-08	-2.906705e+01	-1.202567e+03
4.900000e-07	-3.966199e-06	-2.015698e-08	-2.834221e+01	-1.195642e+03
5.000000e-07	-3.863438e-06	-2.003312e-08	-2.760788e+01	-1.188486e+03
5.100000e-07	-3.759312e-06	-1.991202e-08	-2.686380e+01	-1.181086e+03
5.200000e-07	-3.653770e-06	-1.979015e-08	-2.610961e+01	-1.173447e+03
5.300000e-07	-3.546837e-06	-1.965976e-08	-2.534547e+01	-1.165590e+03
5.400000e-07	-3.438639e-06	-1.951979e-08	-2.457230e+01	-1.157544e+03
5.500000e-07	-3.329257e-06	-1.937882e-08	-2.379066e+01	-1.149333e+03
5.600000e-07	-3.218751e-06	-1.923686e-08	-2.300099e+01	-1.140967e+03
5.700000e-07	-3.107138e-06	-1.909112e-08	-2.220342e+01	-1.132432e+03
5.800000e-07	-2.994372e-06	-1.894300e-08	-2.139759e+01	-1.123698e+03
5.900000e-07	-2.880411e-06	-1.879594e-08	-2.058324e+01	-1.114724e+03
6.000000e-07	-2.765235e-06	-1.864389e-08	-1.976020e+01	-1.105472e+03
6.100000e-07	-2.648895e-06	-1.848090e-08	-1.892883e+01	-1.095918e+03
6.200000e-07	-2.531517e-06	-1.831048e-08	-1.809006e+01	-1.086057e+03
6.300000e-07	-2.413271e-06	-1.813999e-08	-1.724508e+01	-1.075903e+03
6.400000e-07	-2.294239e-06	-1.796741e-08	-1.639448e+01	-1.065485e+03
6.500000e-07	-2.174356e-06	-1.778993e-08	-1.553781e+01	-1.054825e+03
6.600000e-07	-2.053655e-06	-1.760557e-08	-1.467529e+01	-1.043937e+03
6.700000e-07	-1.932248e-06	-1.741747e-08	-1.380772e+01	-1.032812e+03
6.800000e-07	-1.810123e-06	-1.722700e-08	-1.293503e+01	-1.021419e+03
6.900000e-07	-1.687325e-06	-1.702915e-08	-1.205752e+01	-1.009714e+03
7.000000e-07	-1.563884e-06	-1.682213e-08	-1.117542e+01	-9.976505e+02
7.100000e-07	-1.439822e-06	-1.661106e-08	-1.028888e+01	-9.851922e+02
7.200000e-07	-1.315251e-06	-1.639752e-08	-9.398699e+00	-9.723198e+02
7.300000e-07	-1.190247e-06	-1.617478e-08	-8.505427e+00	-9.590337e+02
7.400000e-07	-1.064827e-06	-1.594166e-08	-7.609185e+00	-9.453462e+02
7.500000e-07	-9.390265e-07	-1.570200e-08	-6.710224e+00	-9.312708e+02
7.600000e-07	-8.129511e-07	-1.545753e-08	-5.809297e+00	-9.168087e+02
7.700000e-07	-6.866327e-07	-1.520722e-08	-4.906634e+00	-9.019401e+02
7.800000e-07	-5.600945e-07	-1.494961e-08	-4.002400e+00	-8.866219e+02
7.900000e-07	-4.333769e-07	-1.468342e-08	-3.096884e+00	-8.707922e+02
8.000000e-07	-3.065142e-07	-1.440736e-08	-2.190331e+00	-8.543812e+02
8.100000e-07	-1.795904e-07	-1.411974e-08	-1.283342e+00	-8.373221e+02
8.200000e-07	-5.262875e-08	-1.382053e-08	-3.760818e-01	-8.195608e+02
8.300000e-07	7.437220e-08	-1.350826e-08	5.314591e-01	-8.010573e+02
8.400000e-07	2.013755e-07	-1.318291e-08	1.439016e+00	-7.817817e+02
8.500000e-07	3.282850e-07	-1.284441e-08	2.345904e+00	-7.617048e+02
8.600000e-07	4.550450e-07	-1.249138e-08	3.251723e+00	-7.407868e+02
8.700000e-07	5.816917e-07	-1.212333e-08	4.156733e+00	-7.189700e+02
8.800000e-07	7.082134e-07	-1.173883e-08	5.060848e+00	-6.961756e+02
8.900000e-07	8.345188e-07	-1.133650e-08	5.963419e+00	-6.723084e+02
9.000000e-07	9.605125e-07	-1.091431e-08	6.863762e+00	-6.472646e+02
9.100000e-07	1.086153e-06	-1.046994e-08	7.761581e+00	-6.209403e+02
9.200000e-07	1.211449e-06	-1.000180e-08	8.656936e+00	-5.932364e+02
9.300000e-07	1.336325e-06	-9.507992e-09	9.549296e+00	-5.640583e+02
9.400000e-07	1.460728e-06	-8.985814e-09	1.043827e+01	-5.333084e+02
9.500000e-07	1.584613e-06	-8.434545e-09	1.132354e+01	-5.008762e+02
9.600000e-07	1.707935e-06	-7.854480e-09	1.220480e+01	-4.666292e+02
9.700000e-07	1.830651e-06	-7.243849e-09	1.308172e+01	-4.304097e+02
9.800000e-07	1.952675e-06	-6.596117e-09	1.395370e+01	-3.920397e+02
9.900000e-07	2.073914e-06	-5.906825e-09	1.482006e+01	-3.513360e+02
1.000000e-06	2.194358e-06	-5.174973e-09	1.568074e+01	-3.081310e+02
1.010000e-06	2.314019e-06	-4.398897e-09	1.653583e+01	-2.622963e+02
1.020000e-06	2.432866e-06	-3.576161e-09	1.738511e+01	-2.137640e+02
1.030000e-06	2.550864e-06	-2.708987e-09	1.822832e+01	-1.625415e+02
1.040000e-06	2.667872e-06	-1.799486e-09	1.906445e+01	-1.087181e+02
1.050000e-06	2.783820e-06	-8.495985e-10	1.989300e+01	-5.246552e+01
1.060000e-06	2.898684e-06	1.368283e-10	2.071382e+01	5.966824e+00
1.070000e-06	3.012353e-06	1.155982e-09	2.152609e+01	6.625788e+01
1.080000e-06	3.124869e-06	2.201564e-09	2.233012e+01	1.280214e+02
1.090000e-06	3.236291e-06	3.264082e-09	2.312633e+01	1.908129e+02
1.100000e-06	3.346573e-06	4.333876e-09	2.391440e+01	2.541384e+02
1.110000e-06	3.455747e-06	5.403071e-09	2.469455e+01	3.174688e+02
1.120000e-06	3.563764e-06	6.462191e-09	2.546643e+01	3.802602e+02
1.130000e-06	3.670447e-06	7.501500e-09	2.622878e+01	4.419804e+02
1.140000e-06	3.775728e-06	8.514273e-09	2.698112e+01	5.021385e+02
1.150000e-06	3.879635e-06	9.494968e-09	2.772363e+01	5.603129e+02
1.160000e-06	3.982162e-06	1.043703e-08	2.845628e+01	6.161716e+02
1.170000e-06	4.083294e-06	1.133541e-08	2.917896e+01	6.694803e+02
1.180000e-06	4.182923e-06	1.218758e-08	2.989091e+01	7.200978e+02
1.190000e-06	4.280904e-06	1.299244e-08	3.059107e+01	7.679596e+02
1.200000e-06	4.377271e-06	1.374959e-08	3.127970e+01	8.130566e+02
1.210000e-06	4.472119e-06	1.446063e-08	3.195748e+01	8.554124e+02
1.220000e-06	4.565498e-06	1.512674e-08	3.262476e+01	8.950685e+02
1.230000e-06	4.657363e-06	1.574927e-08	3.328123e+01	9.320776e+02
1.240000e-06	4.747531e-06	1.632903e-08	3.392556e+01	9.665060e+02
1.250000e-06	4.835958e-06	1.686732e-08	3.455745e+01	9.984405e+02
1.260000e-06	4.922673e-06	1.736581e-08	3.517711e+01	1.027996e+03
1.270000e-06	5.007716e-06	1.782433e-08	3.578482e+01	1.055317e+03
1.280000e-06	5.091057e-06	1.824645e-08	3.638038e+01	1.080571e+03
1.290000e-06	5.172592e-06	1.863793e-08	3.696302e+01	1.103937e+03
1.300000e-06	5.252238e-06	1.899977e-08	3.753216e+01	1.125587e+03
1.310000e-06	5.329941e-06	1.933342e-08	3.808743e+01	1.145676e+03
1.320000e-06	5.405622e-06	1.964309e-08	3.862824e+01	1.164324e+03
1.330000e-06	5.479222e-06	1.993215e-08	3.915418e+01	1.181627e+03
1.340000e-06	5.550800e-06	2.020134e-08	3.966567e+01	1.197658e+03
1.350000e-06	5.620464e-06	2.045126e-08	4.016348e+01	1.212483e+03
1.360000e-06	5.688138e-06	2.068383e-08	4.064707e+01	1.226172e+03
1.370000e-06	5.753662e-06	2.089820e-08	4.111531e+01	1.238808e+03
1.380000e-06	5.817097e-06	2.109385e-08	4.156861e+01	1.250482e+03
1.390000e-06	5.878603e-06	2.127088e-08	4.200813e+01	1.261288e+03
1.400000e-06	5.938087e-06	2.143348e-08	4.243319e+01	1.271313e+03
1.410000e-06	5.995388e-06	2.158639e-08	4.284267e+01	1.280623e+03
1.420000e-06	6.050541e-06	2.173039e-08	4.323678e+01	1.289260e+03
1.430000e-06	6.103413e-06	2.186438e-08	4.361460e+01	1.297245e+03
1.440000e-06	6.153767e-06	2.198774e-08	4.397443e+01	1.304589e+03
1.450000e-06	6.201679e-06	2.210009e-08	4.431681e+01	1.311302e+03
1.460000e-06	6.247454e-06	2.220162e-08	4.464392e+01	1.317410e+03
1.470000e-06	6.291067e-06	2.229271e-08	4.495557e+01	1.322955e+03
1.480000e-06	6.332362e-06	2.237440e-08	4.525066e+01	1.327998e+03
1.490000e-06	6.371393e-06	2.244841e-08	4.552957e+01	1.332605e+03
1.500000e-06	6.408300e-06	2.251758e-08	4.579331e+01	1.336839e+03
1.510000e-06	6.442953e-06	2.258296e-08	4.604094e+01	1.340743e+03
1.520000e-06	6.475175e-06	2.264419e-08	4.627119e+01	1.344338e+03
1.530000e-06	6.505201e-06	2.269902e-08	4.648576e+01	1.347621e+03
1.540000e-06	6.533059e-06	2.274750e-08	4.668483e+01	1.350577e+03
1.550000e-06	6.558508e-06	2.279114e-08	4.686669e+01	1.353188e+03
1.560000e-06	6.581553e-06	2.282783e-08	4.703136e+01	1.355451e+03
1.570000e-06	6.602451e-06	2.285732e-08	4.718070e+01	1.357375e+03
1.580000e-06	6.621125e-06	2.288267e-08	4.731415e+01	1.358993e+03
1.590000e-06	6.637307e-06	2.290507e-08	4.742978e+01	1.360345e+03
1.600000e-06	6.651032e-06	2.292250e-08	4.752786e+01	1.361473e+03
1.610000e-06	6.662164e-06	2.293789e-08	4.760741e+01	1.362410e+03
1.620000e-06	6.670632e-06	2.295036e-08	4.766792e+01	1.363173e+03
1.630000e-06	6.676764e-06	2.295878e-08	4.771173e+01	1.363763e+03
1.640000e-06	6.680704e-06	2.296347e-08	4.773989e+01	1.364172e+03
1.650000e-06	6.682224e-06	2.296549e-08	4.775075e+01	1.364388e+03
1.660000e-06	6.681374e-06	2.296570e-08	4.774468e+01	1.364409e+03
1.670000e-06	6.678474e-06	2.296443e-08	4.772396e+01	1.364241e+03
1.680000e-06	6.673364e-06	2.295788e-08	4.768744e+01	1.363902e+03
1.690000e-06	6.665968e-06	2.294550e-08	4.763459e+01	1.363412e+03
1.700000e-06	6.656500e-06	2.293192e-08	4.756693e+01	1.362791e+03
1.710000e-06	6.644845e-06	2.291895e-08	4.748364e+01	1.362045e+03
1.720000e-06	6.630791e-06	2.290207e-08	4.738322e+01	1.361170e+03
1.730000e-06	6.614596e-06	2.288511e-08	4.726749e+01	1.360150e+03
1.740000e-06	6.596447e-06	2.288225e-08	4.713779e+01	1.358971e+03
1.750000e-06	6.575721e-06	2.287557e-08	4.698969e+01	1.357622e+03
1.760000e-06	6.551861e-06	2.283642e-08	4.681919e+01	1.356109e+03
1.770000e-06	6.525189e-06	2.278487e-08	4.662859e+01	1.354451e+03
1.780000e-06	6.496155e-06	2.274016e-08	4.642112e+01	1.352678e+03
1.790000e-06	6.465121e-06	2.271474e-08	4.619935e+01	1.350823e+03
1.800000e-06	6.432490e-06	2.270289e-08	4.596617e+01	1.348910e+03
1.810000e-06	6.398015e-06	2.266415e-08	4.571981e+01	1.346943e+03
1.820000e-06	6.361282e-06	2.262059e-08	4.545732e+01	1.344908e+03
1.830000e-06	6.322369e-06	2.260800e-08	4.517925e+01	1.342773e+03
1.840000e-06	6.281220e-06	2.257150e-08	4.488520e+01	1.340499e+03
1.850000e-06	6.237920e-06	2.250518e-08	4.457579e+01	1.338052e+03
1.860000e-06	6.192518e-06	2.245555e-08	4.425134e+01	1.335412e+03
1.870000e-06	6.144742e-06	2.241117e-08	4.390994e+01	1.332582e+03
1.880000e-06	6.094762e-06	2.238285e-08	4.355279e+01	1.329581e+03
1.890000e-06	6.042290e-06	2.233943e-08	4.317782e+01	1.326441e+03
1.900000e-06	5.987273e-06	2.226461e-08	4.278468e+01	1.323193e+03
1.910000e-06	5.930145e-06	2.219942e-08	4.237644e+01	1.319855e+03
1.920000e-06	5.870923e-06	2.214517e-08	4.195324e+01	1.316430e+03
1.930000e-06	5.809569e-06	2.208549e-08	4.151481e+01	1.312902e+03
1.940000e-06	5.746019e-06	2.201019e-08	4.106069e+01	1.309245e+03
1.950000e-06	5.680411e-06	2.195240e-08	4.059186e+01	1.305430e+03
1.960000e-06	5.612811e-06	2.190712e-08	4.010879e+01	1.301439e+03
1.970000e-06	5.542958e-06	2.183550e-08	3.960963e+01	1.297269e+03
1.980000e-06	5.471000e-06	2.174489e-08	3.909542e+01	1.292932e+03
1.990000e-06	5.397103e-06	2.165803e-08	3.856736e+01	1.288453e+03
2.000000e-06	5.321090e-06	2.159659e-08	3.802417e+01	1.283852e+03
2.010000e-06	5.242908e-06	2.151623e-08	3.746549e+01	1.279146e+03
2.020000e-06	5.162776e-06	2.142032e-08	3.689287e+01	1.274331e+03
2.030000e-06	5.080921e-06	2.133604e-08	3.630794e+01	1.269390e+03
2.040000e-06	4.997323e-06	2.125934e-08	3.571056e+01	1.264293e+03
2.050000e-06	4.911818e-06	2.117775e-08	3.509954e+01	1.259011e+03
2.060000e-06	4.824379e-06	2.107208e-08	3.447471e+01	1.253525e+03
2.070000e-06	4.735321e-06	2.098528e-08	3.383831e+01	1.247829e+03
2.080000e-06	4.644705e-06	2.089311e-08	3.319077e+01	1.241939e+03
2.090000e-06	4.552459e-06	2.079070e-08	3.253158e+01	1.235880e+03
2.100000e-06	4.458483e-06	2.066881e-08	3.186004e+01	1.229680e+03
2.110000e-06	4.362842e-06	2.055338e-08	3.117660e+01	1.223359e+03
2.120000e-06	4.265787e-06	2.046634e-08	3.048304e+01	1.216918e+03
2.130000e-06	4.167353e-06	2.035885e-08	2.977965e+01	1.210340e+03
2.140000e-06	4.067496e-06	2.024565e-08	2.906607e+01	1.203595e+03
2.150000e-06	3.966029e-06	2.012383e-08	2.834099e+01	1.196646e+03
2.160000e-06	3.862941e-06	2.000987e-08	2.760433e+01	1.189464e+03
2.170000e-06	3.758411e-06	1.988297e-08	2.685737e+01	1.182038e+03
2.180000e-06	3.652620e-06	1.974089e-08	2.610139e+01	1.174374e+03
2.190000e-06	3.545683e-06	1.960970e-08	2.533722e+01	1.166496e+03
2.200000e-06	3.437564e-06	1.948228e-08	2.456462e+01	1.158431e+03
2.210000e-06	3.328275e-06	1.935292e-08	2.378364e+01	1.150204e+03
2.220000e-06	3.217697e-06	1.920555e-08	2.299346e+01	1.141820e+03
2.230000e-06	3.105808e-06	1.905546e-08	2.219391e+01	1.133266e+03
2.240000e-06	2.992730e-06	1.891215e-08	2.138586e+01	1.124508e+03
2.250000e-06	2.878575e-06	1.876504e-08	2.057011e+01	1.115506e+03
2.260000e-06	2.763320e-06	1.860463e-08	1.974651e+01	1.106223e+03
2.270000e-06	2.646937e-06	1.843868e-08	1.891484e+01	1.096635e+03
2.280000e-06	2.529468e-06	1.827731e-08	1.807542e+01	1.086742e+03
2.290000e-06	2.410940e-06	1.811024e-08	1.722843e+01	1.076559e+03
2.300000e-06	2.291495e-06	1.792639e-08	1.637488e+01	1.066113e+03
2.310000e-06	2.171221e-06	1.774069e-08	1.551541e+01	1.055429e+03
2.320000e-06	2.050220e-06	1.756208e-08	1.465074e+01	1.044517e+03
2.330000e-06	1.928540e-06	1.738210e-08	1.378123e+01	1.033364e+03
2.340000e-06	1.806196e-06	1.718745e-08	1.290696e+01	1.021940e+03
2.350000e-06	1.683195e-06	1.698281e-08	1.202800e+01	1.010199e+03
2.360000e-06	1.559603e-06	1.678275e-08	1.114483e+01	9.980950e+02
2.370000e-06	1.435501e-06	1.657599e-08	1.025800e+01	9.855928e+02
2.380000e-06	1.310912e-06	1.635713e-08	9.367695e+00	9.726759e+02
2.390000e-06	1.185892e-06	1.612863e-08	8.474312e+00	9.593460e+02
2.400000e-06	1.060469e-06	1.590087e-08	7.578042e+00	9.456165e+02
2.410000e-06	9.346102e-07	1.567022e-08	6.678666e+00	9.314999e+02
2.420000e-06	8.083209e-07	1.542437e-08	5.776210e+00	9.169956e+02
2.430000e-06	6.817505e-07	1.516860e-08	4.871746e+00	9.020814e+02
2.440000e-06	5.549727e-07	1.491093e-08	3.965800e+00	8.867116e+02
2.450000e-06	4.279957e-07	1.464867e-08	3.058430e+00	8.708230e+02
2.460000e-06	3.008485e-07	1.436939e-08	2.149845e+00	8.543456e+02
2.470000e-06	1.735843e-07	1.407598e-08	1.240422e+00	8.372137e+02
2.480000e-06	4.625258e-08	1.377616e-08	3.305180e-01	8.193745e+02
2.490000e-06	-8.108157e-08	1.346671e-08	-5.794038e-01	8.007896e+02
2.500000e-06	-2.083648e-07	1.314306e-08	-1.488962e+00	7.814297e+02
2.510000e-06	-3.355729e-07	1.280245e-08	-2.397983e+00	7.612649e+02
2.520000e-06	-4.626129e-07	1.244975e-08	-3.305803e+00	7.402538e+02
2.530000e-06	-5.894429e-07	1.208454e-08	-4.212122e+00	7.183363e+02
2.540000e-06	-7.160747e-07	1.169642e-08	-5.117025e+00	6.954318e+02
2.550000e-06	-8.424308e-07	1.128618e-08	-6.019957e+00	6.714436e+02
2.560000e-06	-9.685067e-07	1.086203e-08	-6.920888e+00	6.462676e+02
2.570000e-06	-1.094254e-06	1.042502e-08	-7.819471e+00	6.198001e+02
2.580000e-06	-1.219540e-06	9.963323e-09	-8.714756e+00	5.919428e+02
2.590000e-06	-1.344307e-06	9.469540e-09	-9.606331e+00	5.626011e+02
2.600000e-06	-1.468555e-06	8.948621e-09	-1.049420e+01	5.316766e+02
2.610000e-06	-1.592324e-06	8.403425e-09	-1.137865e+01	4.990568e+02
2.620000e-06	-1.715602e-06	7.826417e-09	-1.225958e+01	4.646065e+02
2.630000e-06	-1.838238e-06	7.211296e-09	-1.313593e+01	4.281653e+02
2.640000e-06	-1.960122e-06	6.562576e-09	-1.400691e+01	3.895540e+02
2.650000e-06	-2.081293e-06	5.881202e-09	-1.487279e+01	3.485898e+02
2.660000e-06	-2.201763e-06	5.158114e-09	-1.573366e+01	3.051083e+02
2.670000e-06	-2.321467e-06	4.384941e-09	-1.658905e+01	2.589866e+02
2.680000e-06	-2.440345e-06	3.562754e-09	-1.743855e+01	2.101644e+02
2.690000e-06	-2.558333e-06	2.697997e-09	-1.828168e+01	1.586575e+02
2.700000e-06	-2.675186e-06	1.791274e-09	-1.911671e+01	1.045642e+02
2.710000e-06	-2.790903e-06	8.418720e-10	-1.994362e+01	4.806482e+01
2.720000e-06	-2.905547e-06	-1.420909e-10	-2.076286e+01	-1.058321e+01
2.730000e-06	-3.019018e-06	-1.153163e-09	-2.157371e+01	-7.105156e+01
2.740000e-06	-3.131227e-06	-2.188739e-09	-2.237555e+01	-1.329474e+02
2.750000e-06	-3.242136e-06	-3.244999e-09	-2.316810e+01	-1.958205e+02
2.760000e-06	-3.351829e-06	-4.311257e-09	-2.395196e+01	-2.591722e+02
2.770000e-06	-3.460375e-06	-5.374067e-09	-2.472763e+01	-3.224710e+02
2.780000e-06	-3.567838e-06	-6.426824e-09	-2.549555e+01	-3.851726e+02
2.790000e-06	-3.674154e-06	-7.464620e-09	-2.625527e+01	-4.467478e+02
2.800000e-06	-3.779220e-06	-8.475958e-09	-2.700607e+01	-5.067120e+02
2.810000e-06	-3.882987e-06	-9.448901e-09	-2.774758e+01	-5.646525e+02
2.820000e-06	-3.985220e-06	-1.038104e-08	-2.847813e+01	-6.202474e+02
2.830000e-06	-4.085861e-06	-1.127377e-08	-2.919731e+01	-6.732730e+02
2.840000e-06	-4.185086e-06	-1.212398e-08	-2.990636e+01	-7.235971e+02
2.850000e-06	-4.282928e-06	-1.292815e-08	-3.060553e+01	-7.711624e+02
2.860000e-06	-4.379347e-06	-1.368400e-08	-3.129454e+01	-8.159641e+02
2.870000e-06	-4.474206e-06	-1.439376e-08	-3.197239e+01	-8.580284e+02
2.880000e-06	-4.567404e-06	-1.505845e-08	-3.263838e+01	-8.973981e+02
2.890000e-06	-4.659033e-06	-1.567542e-08	-3.329316e+01	-9.341273e+02
2.900000e-06	-4.749078e-06	-1.624843e-08	-3.393661e+01	-9.682838e+02
2.910000e-06	-4.837394e-06	-1.678303e-08	-3.456772e+01	-9.999574e+02
2.920000e-06	-4.923946e-06	-1.728024e-08	-3.518621e+01	-1.029266e+03
2.930000e-06	-5.008728e-06	-1.773837e-08	-3.579205e+01	-1.056357e+03
2.940000e-06	-5.091709e-06	-1.816024e-08	-3.638503e+01	-1.081400e+03
2.950000e-06	-5.172954e-06	-1.855228e-08	-3.696560e+01	-1.104574e+03
2.960000e-06	-5.252373e-06	-1.891765e-08	-3.753312e+01	-1.126051e+03
2.970000e-06	-5.329741e-06	-1.925695e-08	-3.808599e+01	-1.145979e+03
2.980000e-06	-5.405068e-06	-1.957125e-08	-3.862428e+01	-1.164479e+03
2.990000e-06	-5.478441e-06	-1.986274e-08	-3.914860e+01	-1.181643e+03
3.000000e-06	-5.549796e-06	-2.013262e-08	-3.965849e+01	-1.197541e+03
3.010000e-06	-5.619047e-06	-2.038036e-08	-4.015336e+01	-1.212241e+03
3.020000e-06	-5.686236e-06	-2.060724e-08	-4.063349e+01	-1.225814e+03
3.030000e-06	-5.751504e-06	-2.081753e-08	-4.109989e+01	-1.238341e+03
3.040000e-06	-5.814857e-06	-2.101343e-08	-4.155260e+01	-1.249918e+03
3.050000e-06	-5.876020e-06	-2.119590e-08	-4.198967e+01	-1.260636e+03
3.060000e-06	-5.934949e-06	-2.136773e-08	-4.241078e+01	-1.270582e+03
3.070000e-06	-5.991869e-06	-2.152943e-08	-4.281752e+01	-1.279818e+03
3.080000e-06	-6.046705e-06	-2.167780e-08	-4.320938e+01	-1.288385e+03
3.090000e-06	-6.099196e-06	-2.181135e-08	-4.358447e+01	-1.296301e+03
3.100000e-06	-6.149179e-06	-2.193279e-08	-4.394165e+01	-1.303577e+03
3.110000e-06	-6.196631e-06	-2.204440e-08	-4.428074e+01	-1.310223e+03
3.120000e-06	-6.241830e-06	-2.214725e-08	-4.460373e+01	-1.316268e+03
3.130000e-06	-6.285054e-06	-2.224294e-08	-4.491260e+01	-1.321756e+03
3.140000e-06	-6.326260e-06	-2.233106e-08	-4.520705e+01	-1.326749e+03
3.150000e-06	-6.365305e-06	-2.241140e-08	-4.548607e+01	-1.331314e+03
3.160000e-06	-6.402100e-06	-2.248370e-08	-4.574900e+01	-1.335511e+03
3.170000e-06	-6.436654e-06	-2.254826e-08	-4.599593e+01	-1.339381e+03
3.180000e-06	-6.468982e-06	-2.260756e-08	-4.622694e+01	-1.342943e+03
3.190000e-06	-6.498940e-06	-2.266294e-08	-4.644101e+01	-1.346192e+03
3.200000e-06	-6.526537e-06	-2.271325e-08	-4.663822e+01	-1.349111e+03
3.210000e-06	-6.551893e-06	-2.275845e-08	-4.681942e+01	-1.351685e+03
3.220000e-06	-6.574895e-06	-2.279774e-08	-4.698379e+01	-1.353911e+03
3.230000e-06	-6.595511e-06	-2.283101e-08	-4.713111e+01	-1.355801e+03
3.240000e-06	-6.613847e-06	-2.285925e-08	-4.726213e+01	-1.357388e+03
3.250000e-06	-6.629882e-06	-2.288267e-08	-4.737672e+01	-1.358714e+03
3.260000e-06	-6.643362e-06	-2.290277e-08	-4.747305e+01	-1.359820e+03
3.270000e-06	-6.654226e-06	-2.291935e-08	-4.755068e+01	-1.360738e+03
3.280000e-06	-6.662747e-06	-2.293210e-08	-4.761157e+01	-1.361482e+03
3.290000e-06	-6.668892e-06	-2.294135e-08	-4.765548e+01	-1.362054e+03
3.300000e-06	-6.672646e-06	-2.294869e-08	-4.768231e+01	-1.362442e+03
3.310000e-06	-6.674167e-06	-2.295591e-08	-4.769318e+01	-1.362638e+03
