# Temperatura_=_60.91
# Concentracion g/m^3_=_22000.0
# C_Vs_to_Am_M_A/Vsm_=_59384043850.047264
# pendiente_HvsI_1/m_=_3716.3
# ordenada_HvsI_A/m_=_1297.0
# frecuencia_Hz_=_301411.0845447568

Tiempo_(s)	Campo_(V.s)	Magnetizacion_(V.s)	Campo_(kA/m)	Magnetizacion_(A/m)
0.000000e+00	-6.657309e-06	-2.321335e-08	-4.769216e+01	-1.377626e+03
1.000000e-08	-6.654736e-06	-2.321127e-08	-4.767373e+01	-1.377512e+03
2.000000e-08	-6.649829e-06	-2.320715e-08	-4.763858e+01	-1.377251e+03
3.000000e-08	-6.642863e-06	-2.320104e-08	-4.758868e+01	-1.376840e+03
4.000000e-08	-6.633760e-06	-2.319231e-08	-4.752346e+01	-1.376269e+03
5.000000e-08	-6.622264e-06	-2.317808e-08	-4.744110e+01	-1.375529e+03
6.000000e-08	-6.608329e-06	-2.316316e-08	-4.734128e+01	-1.374616e+03
7.000000e-08	-6.591959e-06	-2.315579e-08	-4.722400e+01	-1.373530e+03
8.000000e-08	-6.573259e-06	-2.313698e-08	-4.709004e+01	-1.372281e+03
9.000000e-08	-6.552194e-06	-2.307922e-08	-4.693913e+01	-1.370886e+03
1.000000e-07	-6.528451e-06	-2.304579e-08	-4.676904e+01	-1.369365e+03
1.100000e-07	-6.502058e-06	-2.304873e-08	-4.657996e+01	-1.367742e+03
1.200000e-07	-6.473438e-06	-2.303247e-08	-4.637494e+01	-1.366032e+03
1.300000e-07	-6.443037e-06	-2.299783e-08	-4.615714e+01	-1.364245e+03
1.400000e-07	-6.411042e-06	-2.298411e-08	-4.592793e+01	-1.362380e+03
1.500000e-07	-6.377133e-06	-2.293057e-08	-4.568502e+01	-1.360427e+03
1.600000e-07	-6.340949e-06	-2.288034e-08	-4.542580e+01	-1.358369e+03
1.700000e-07	-6.302744e-06	-2.287946e-08	-4.515210e+01	-1.356187e+03
1.800000e-07	-6.262391e-06	-2.278931e-08	-4.486302e+01	-1.353863e+03
1.900000e-07	-6.219546e-06	-2.274919e-08	-4.455608e+01	-1.351383e+03
2.000000e-07	-6.174450e-06	-2.273984e-08	-4.423302e+01	-1.348738e+03
2.100000e-07	-6.127097e-06	-2.267613e-08	-4.389379e+01	-1.345927e+03
2.200000e-07	-6.077223e-06	-2.264207e-08	-4.353650e+01	-1.342956e+03
2.300000e-07	-6.024807e-06	-2.258026e-08	-4.316099e+01	-1.339836e+03
2.400000e-07	-5.969972e-06	-2.252473e-08	-4.276817e+01	-1.336580e+03
2.500000e-07	-5.912939e-06	-2.247454e-08	-4.235958e+01	-1.333200e+03
2.600000e-07	-5.853745e-06	-2.240545e-08	-4.193553e+01	-1.329705e+03
2.700000e-07	-5.792449e-06	-2.236153e-08	-4.149641e+01	-1.326097e+03
2.800000e-07	-5.729173e-06	-2.229989e-08	-4.104311e+01	-1.322372e+03
2.900000e-07	-5.663820e-06	-2.222394e-08	-4.057493e+01	-1.318521e+03
3.000000e-07	-5.596281e-06	-2.215190e-08	-4.009109e+01	-1.314534e+03
3.100000e-07	-5.526644e-06	-2.209302e-08	-3.959222e+01	-1.310400e+03
3.200000e-07	-5.455079e-06	-2.202606e-08	-3.907953e+01	-1.306112e+03
3.300000e-07	-5.381584e-06	-2.193648e-08	-3.855302e+01	-1.301670e+03
3.400000e-07	-5.305985e-06	-2.187769e-08	-3.801144e+01	-1.297079e+03
3.500000e-07	-5.228216e-06	-2.179978e-08	-3.745431e+01	-1.292345e+03
3.600000e-07	-5.148319e-06	-2.170837e-08	-3.688194e+01	-1.287474e+03
3.700000e-07	-5.066459e-06	-2.162247e-08	-3.629551e+01	-1.282465e+03
3.800000e-07	-4.982850e-06	-2.153364e-08	-3.569654e+01	-1.277309e+03
3.900000e-07	-4.897611e-06	-2.145264e-08	-3.508590e+01	-1.271991e+03
4.000000e-07	-4.810837e-06	-2.136165e-08	-3.446426e+01	-1.266493e+03
4.100000e-07	-4.722461e-06	-2.126284e-08	-3.383115e+01	-1.260801e+03
4.200000e-07	-4.632368e-06	-2.115750e-08	-3.318573e+01	-1.254907e+03
4.300000e-07	-4.540515e-06	-2.105965e-08	-3.252771e+01	-1.248817e+03
4.400000e-07	-4.447083e-06	-2.095705e-08	-3.185837e+01	-1.242546e+03
4.500000e-07	-4.352116e-06	-2.084515e-08	-3.117803e+01	-1.236116e+03
4.600000e-07	-4.255566e-06	-2.073688e-08	-3.048636e+01	-1.229545e+03
4.700000e-07	-4.157485e-06	-2.062445e-08	-2.978372e+01	-1.222841e+03
4.800000e-07	-4.057770e-06	-2.051027e-08	-2.906938e+01	-1.216000e+03
4.900000e-07	-3.956550e-06	-2.038651e-08	-2.834425e+01	-1.209000e+03
5.000000e-07	-3.854041e-06	-2.026158e-08	-2.760989e+01	-1.201814e+03
5.100000e-07	-3.750191e-06	-2.014169e-08	-2.686592e+01	-1.194411e+03
5.200000e-07	-3.644960e-06	-2.001896e-08	-2.611206e+01	-1.186773e+03
5.300000e-07	-3.538398e-06	-1.988622e-08	-2.534866e+01	-1.178892e+03
5.400000e-07	-3.430471e-06	-1.974327e-08	-2.457548e+01	-1.170780e+03
5.500000e-07	-3.321290e-06	-1.960276e-08	-2.379332e+01	-1.162454e+03
5.600000e-07	-3.211022e-06	-1.945881e-08	-2.300338e+01	-1.153936e+03
5.700000e-07	-3.099635e-06	-1.931021e-08	-2.220541e+01	-1.145235e+03
5.800000e-07	-2.987095e-06	-1.915881e-08	-2.139919e+01	-1.136347e+03
5.900000e-07	-2.873424e-06	-1.900758e-08	-2.058486e+01	-1.127248e+03
6.000000e-07	-2.758633e-06	-1.885183e-08	-1.976252e+01	-1.117905e+03
6.100000e-07	-2.642671e-06	-1.868759e-08	-1.893178e+01	-1.108282e+03
6.200000e-07	-2.525590e-06	-1.851845e-08	-1.809303e+01	-1.098355e+03
6.300000e-07	-2.407585e-06	-1.834702e-08	-1.724765e+01	-1.088112e+03
6.400000e-07	-2.288742e-06	-1.817216e-08	-1.639627e+01	-1.077562e+03
6.500000e-07	-2.169090e-06	-1.798911e-08	-1.553910e+01	-1.066724e+03
6.600000e-07	-2.048658e-06	-1.779986e-08	-1.467634e+01	-1.055619e+03
6.700000e-07	-1.927515e-06	-1.760648e-08	-1.380849e+01	-1.044256e+03
6.800000e-07	-1.805731e-06	-1.741099e-08	-1.293604e+01	-1.032630e+03
6.900000e-07	-1.683306e-06	-1.721108e-08	-1.205900e+01	-1.020713e+03
7.000000e-07	-1.560217e-06	-1.700402e-08	-1.117720e+01	-1.008465e+03
7.100000e-07	-1.436471e-06	-1.679144e-08	-1.029071e+01	-9.958414e+02
7.200000e-07	-1.312106e-06	-1.657287e-08	-9.399772e+00	-9.828078e+02
7.300000e-07	-1.187246e-06	-1.634431e-08	-8.505290e+00	-9.693438e+02
7.400000e-07	-1.062012e-06	-1.610688e-08	-7.608127e+00	-9.554460e+02
7.500000e-07	-9.364797e-07	-1.586366e-08	-6.708828e+00	-9.411213e+02
7.600000e-07	-8.107337e-07	-1.561564e-08	-5.807999e+00	-9.263756e+02
7.700000e-07	-6.847966e-07	-1.536141e-08	-4.905801e+00	-9.112019e+02
7.800000e-07	-5.586495e-07	-1.509885e-08	-4.002098e+00	-8.955715e+02
7.900000e-07	-4.322560e-07	-1.482707e-08	-3.096630e+00	-8.794330e+02
8.000000e-07	-3.056767e-07	-1.454513e-08	-2.189831e+00	-8.627172e+02
8.100000e-07	-1.789777e-07	-1.425080e-08	-1.282175e+00	-8.453482e+02
8.200000e-07	-5.219341e-08	-1.394304e-08	-3.739073e-01	-8.272554e+02
8.300000e-07	7.460883e-08	-1.362330e-08	5.344887e-01	-8.083815e+02
8.400000e-07	2.013543e-07	-1.329155e-08	1.442478e+00	-7.886846e+02
8.500000e-07	3.279755e-07	-1.294621e-08	2.349577e+00	-7.681326e+02
8.600000e-07	4.544599e-07	-1.258594e-08	3.255696e+00	-7.466932e+02
8.700000e-07	5.808147e-07	-1.220944e-08	4.160887e+00	-7.243220e+02
8.800000e-07	7.069749e-07	-1.181543e-08	5.064683e+00	-7.009535e+02
8.900000e-07	8.328834e-07	-1.140284e-08	5.966677e+00	-6.764990e+02
9.000000e-07	9.585132e-07	-1.097022e-08	6.866674e+00	-6.508493e+02
9.100000e-07	1.083855e-06	-1.051398e-08	7.764605e+00	-6.238825e+02
9.200000e-07	1.208944e-06	-1.003231e-08	8.660730e+00	-5.954729e+02
9.300000e-07	1.333685e-06	-9.524624e-09	9.554362e+00	-5.654959e+02
9.400000e-07	1.457881e-06	-8.988283e-09	1.044409e+01	-5.338292e+02
9.500000e-07	1.581464e-06	-8.422665e-09	1.132942e+01	-5.003477e+02
9.600000e-07	1.704410e-06	-7.825704e-09	1.221019e+01	-4.649163e+02
9.700000e-07	1.826665e-06	-7.192769e-09	1.308601e+01	-4.273850e+02
9.800000e-07	1.948297e-06	-6.518551e-09	1.395736e+01	-3.875880e+02
9.900000e-07	2.069252e-06	-5.801343e-09	1.482387e+01	-3.453525e+02
1.000000e-06	2.189414e-06	-5.040815e-09	1.568470e+01	-3.005148e+02
1.010000e-06	2.308804e-06	-4.234919e-09	1.654000e+01	-2.529432e+02
1.020000e-06	2.427397e-06	-3.381954e-09	1.738958e+01	-2.025624e+02
1.030000e-06	2.545116e-06	-2.482565e-09	1.823290e+01	-1.493752e+02
1.040000e-06	2.661895e-06	-1.538515e-09	1.906950e+01	-9.347876e+01
1.050000e-06	2.777542e-06	-5.520822e-10	1.989798e+01	-3.507060e+01
1.060000e-06	2.891944e-06	4.720622e-10	2.071754e+01	2.555249e+01
1.070000e-06	3.005236e-06	1.528440e-09	2.152915e+01	8.800395e+01
1.080000e-06	3.117424e-06	2.609467e-09	2.233285e+01	1.518223e+02
1.090000e-06	3.228467e-06	3.703590e-09	2.312835e+01	2.164893e+02
1.100000e-06	3.338443e-06	4.799904e-09	2.391621e+01	2.814515e+02
1.110000e-06	3.447351e-06	5.890129e-09	2.469641e+01	3.461420e+02
1.120000e-06	3.555050e-06	6.968300e-09	2.546795e+01	4.100048e+02
1.130000e-06	3.661421e-06	8.023403e-09	2.622998e+01	4.725183e+02
1.140000e-06	3.766455e-06	9.045111e-09	2.698243e+01	5.332171e+02
1.150000e-06	3.870072e-06	1.002935e-08	2.772473e+01	5.917103e+02
1.160000e-06	3.972279e-06	1.097086e-08	2.845693e+01	6.476930e+02
1.170000e-06	4.073122e-06	1.186620e-08	2.917936e+01	7.009498e+02
1.180000e-06	4.172474e-06	1.271390e-08	2.989110e+01	7.513502e+02
1.190000e-06	4.270267e-06	1.351249e-08	3.059168e+01	7.988369e+02
1.200000e-06	4.366462e-06	1.426124e-08	3.128081e+01	8.434113e+02
1.210000e-06	4.461105e-06	1.496214e-08	3.195882e+01	8.851167e+02
1.220000e-06	4.554330e-06	1.561615e-08	3.262668e+01	9.240262e+02
1.230000e-06	4.646005e-06	1.622536e-08	3.328342e+01	9.602331e+02
1.240000e-06	4.735947e-06	1.679099e-08	3.392776e+01	9.938470e+02
1.250000e-06	4.824128e-06	1.731560e-08	3.455948e+01	1.024992e+03
1.260000e-06	4.910567e-06	1.780036e-08	3.517871e+01	1.053805e+03
1.270000e-06	4.995401e-06	1.824588e-08	3.578646e+01	1.080436e+03
1.280000e-06	5.078551e-06	1.865883e-08	3.638213e+01	1.105041e+03
1.290000e-06	5.159823e-06	1.904223e-08	3.696435e+01	1.127778e+03
1.300000e-06	5.239226e-06	1.939416e-08	3.753319e+01	1.148799e+03
1.310000e-06	5.316779e-06	1.971454e-08	3.808877e+01	1.168243e+03
1.320000e-06	5.392352e-06	2.001116e-08	3.863016e+01	1.186237e+03
1.330000e-06	5.465781e-06	2.028835e-08	3.915620e+01	1.202891e+03
1.340000e-06	5.537138e-06	2.054617e-08	3.966739e+01	1.218304e+03
1.350000e-06	5.606549e-06	2.078756e-08	4.016465e+01	1.232568e+03
1.360000e-06	5.673979e-06	2.101356e-08	4.064771e+01	1.245766e+03
1.370000e-06	5.739352e-06	2.122254e-08	4.111603e+01	1.257981e+03
1.380000e-06	5.802661e-06	2.141059e-08	4.156957e+01	1.269287e+03
1.390000e-06	5.864011e-06	2.158071e-08	4.200907e+01	1.279755e+03
1.400000e-06	5.923384e-06	2.173801e-08	4.243441e+01	1.289445e+03
1.410000e-06	5.980560e-06	2.188429e-08	4.284401e+01	1.298408e+03
1.420000e-06	6.035579e-06	2.202143e-08	4.323817e+01	1.306688e+03
1.430000e-06	6.088365e-06	2.215071e-08	4.361632e+01	1.314321e+03
1.440000e-06	6.138645e-06	2.227173e-08	4.397652e+01	1.321346e+03
1.450000e-06	6.186477e-06	2.238177e-08	4.431918e+01	1.327800e+03
1.460000e-06	6.232150e-06	2.247899e-08	4.464638e+01	1.333724e+03
1.470000e-06	6.275694e-06	2.256438e-08	4.495832e+01	1.339158e+03
1.480000e-06	6.316885e-06	2.264308e-08	4.525341e+01	1.344144e+03
1.490000e-06	6.355768e-06	2.271614e-08	4.553196e+01	1.348716e+03
1.500000e-06	6.392554e-06	2.278418e-08	4.579549e+01	1.352902e+03
1.510000e-06	6.427099e-06	2.284965e-08	4.604296e+01	1.356723e+03
1.520000e-06	6.459244e-06	2.291104e-08	4.627325e+01	1.360191e+03
1.530000e-06	6.489209e-06	2.296321e-08	4.648792e+01	1.363317e+03
1.540000e-06	6.516991e-06	2.300699e-08	4.668694e+01	1.366110e+03
1.550000e-06	6.542357e-06	2.304608e-08	4.686866e+01	1.368582e+03
1.560000e-06	6.565312e-06	2.308007e-08	4.703311e+01	1.370749e+03
1.570000e-06	6.586115e-06	2.310789e-08	4.718214e+01	1.372629e+03
1.580000e-06	6.604692e-06	2.313139e-08	4.731522e+01	1.374241e+03
1.590000e-06	6.620778e-06	2.315246e-08	4.743046e+01	1.375604e+03
1.600000e-06	6.634423e-06	2.316966e-08	4.752821e+01	1.376734e+03
1.610000e-06	6.645487e-06	2.318308e-08	4.760747e+01	1.377646e+03
1.620000e-06	6.653919e-06	2.319255e-08	4.766788e+01	1.378353e+03
1.630000e-06	6.660047e-06	2.320099e-08	4.771178e+01	1.378869e+03
1.640000e-06	6.663975e-06	2.320746e-08	4.773992e+01	1.379207e+03
1.650000e-06	6.665487e-06	2.321000e-08	4.775075e+01	1.379380e+03
1.660000e-06	6.664655e-06	2.321092e-08	4.774479e+01	1.379398e+03
1.670000e-06	6.661799e-06	2.320934e-08	4.772433e+01	1.379269e+03
1.680000e-06	6.656775e-06	2.320206e-08	4.768834e+01	1.378992e+03
1.690000e-06	6.649454e-06	2.318977e-08	4.763589e+01	1.378564e+03
1.700000e-06	6.639978e-06	2.317609e-08	4.756801e+01	1.377975e+03
1.710000e-06	6.628309e-06	2.316306e-08	4.748441e+01	1.377218e+03
1.720000e-06	6.614336e-06	2.314246e-08	4.738431e+01	1.376286e+03
1.730000e-06	6.598230e-06	2.311810e-08	4.726893e+01	1.375182e+03
1.740000e-06	6.580154e-06	2.313427e-08	4.713944e+01	1.373916e+03
1.750000e-06	6.559544e-06	2.313144e-08	4.699178e+01	1.372506e+03
1.760000e-06	6.535736e-06	2.307548e-08	4.682123e+01	1.370974e+03
1.770000e-06	6.509089e-06	2.302673e-08	4.663033e+01	1.369341e+03
1.780000e-06	6.480132e-06	2.297436e-08	4.642289e+01	1.367622e+03
1.790000e-06	6.449181e-06	2.292372e-08	4.620116e+01	1.365827e+03
1.800000e-06	6.416620e-06	2.296618e-08	4.596789e+01	1.363953e+03
1.810000e-06	6.382237e-06	2.291223e-08	4.572158e+01	1.361989e+03
1.820000e-06	6.345630e-06	2.283433e-08	4.545933e+01	1.359919e+03
1.830000e-06	6.306843e-06	2.288967e-08	4.518147e+01	1.357723e+03
1.840000e-06	6.265772e-06	2.281238e-08	4.488724e+01	1.355383e+03
1.850000e-06	6.222510e-06	2.275563e-08	4.457731e+01	1.352885e+03
1.860000e-06	6.177145e-06	2.271141e-08	4.425232e+01	1.350222e+03
1.870000e-06	6.129406e-06	2.262392e-08	4.391033e+01	1.347394e+03
1.880000e-06	6.079485e-06	2.264161e-08	4.355270e+01	1.344407e+03
1.890000e-06	6.027156e-06	2.258408e-08	4.317783e+01	1.341272e+03
1.900000e-06	5.972268e-06	2.250936e-08	4.278461e+01	1.338002e+03
1.910000e-06	5.915234e-06	2.245359e-08	4.237603e+01	1.334610e+03
1.920000e-06	5.856142e-06	2.237189e-08	4.195270e+01	1.331102e+03
1.930000e-06	5.794993e-06	2.233994e-08	4.151463e+01	1.327481e+03
1.940000e-06	5.731631e-06	2.224089e-08	4.106072e+01	1.323744e+03
1.950000e-06	5.666160e-06	2.218688e-08	4.059169e+01	1.319879e+03
1.960000e-06	5.598692e-06	2.214778e-08	4.010836e+01	1.315877e+03
1.970000e-06	5.528947e-06	2.207305e-08	3.960871e+01	1.311726e+03
1.980000e-06	5.457131e-06	2.199830e-08	3.909423e+01	1.307422e+03
1.990000e-06	5.383399e-06	2.187891e-08	3.856603e+01	1.302963e+03
2.000000e-06	5.307636e-06	2.184031e-08	3.802327e+01	1.298357e+03
2.010000e-06	5.229695e-06	2.176193e-08	3.746490e+01	1.293608e+03
2.020000e-06	5.149745e-06	2.166276e-08	3.689215e+01	1.288722e+03
2.030000e-06	5.068108e-06	2.158032e-08	3.630732e+01	1.283698e+03
2.040000e-06	4.984687e-06	2.149768e-08	3.570970e+01	1.278525e+03
2.050000e-06	4.899454e-06	2.142823e-08	3.509910e+01	1.273189e+03
2.060000e-06	4.812367e-06	2.130725e-08	3.447522e+01	1.267671e+03
2.070000e-06	4.723589e-06	2.121729e-08	3.383922e+01	1.261957e+03
2.080000e-06	4.633203e-06	2.112415e-08	3.319171e+01	1.256042e+03
2.090000e-06	4.541166e-06	2.102696e-08	3.253237e+01	1.249932e+03
2.100000e-06	4.447495e-06	2.090518e-08	3.186132e+01	1.243643e+03
2.110000e-06	4.352180e-06	2.078083e-08	3.117849e+01	1.237197e+03
2.120000e-06	4.255337e-06	2.069655e-08	3.048472e+01	1.230611e+03
2.130000e-06	4.157002e-06	2.058465e-08	2.978026e+01	1.223894e+03
2.140000e-06	4.057272e-06	2.046916e-08	2.906581e+01	1.217037e+03
2.150000e-06	3.956072e-06	2.034208e-08	2.834083e+01	1.210019e+03
2.160000e-06	3.853212e-06	2.022812e-08	2.760395e+01	1.202810e+03
2.170000e-06	3.748879e-06	2.010413e-08	2.685652e+01	1.195383e+03
2.180000e-06	3.643322e-06	1.996165e-08	2.610032e+01	1.187719e+03
2.190000e-06	3.536529e-06	1.983015e-08	2.533527e+01	1.179813e+03
2.200000e-06	3.428542e-06	1.970035e-08	2.456166e+01	1.171676e+03
2.210000e-06	3.319439e-06	1.957040e-08	2.378006e+01	1.163329e+03
2.220000e-06	3.209079e-06	1.941806e-08	2.298946e+01	1.154791e+03
2.230000e-06	3.097457e-06	1.926351e-08	2.218981e+01	1.146071e+03
2.240000e-06	2.984679e-06	1.911892e-08	2.138188e+01	1.137162e+03
2.250000e-06	2.870761e-06	1.897204e-08	2.056579e+01	1.128038e+03
2.260000e-06	2.755790e-06	1.881142e-08	1.974215e+01	1.118667e+03
2.270000e-06	2.639784e-06	1.864494e-08	1.891110e+01	1.109013e+03
2.280000e-06	2.522680e-06	1.848238e-08	1.807218e+01	1.099051e+03
2.290000e-06	2.404502e-06	1.831394e-08	1.722557e+01	1.088775e+03
2.300000e-06	2.285341e-06	1.812708e-08	1.637191e+01	1.078193e+03
2.310000e-06	2.165300e-06	1.793701e-08	1.551195e+01	1.067326e+03
2.320000e-06	2.044582e-06	1.775480e-08	1.464714e+01	1.056193e+03
2.330000e-06	1.923271e-06	1.757302e-08	1.377808e+01	1.044803e+03
2.340000e-06	1.801286e-06	1.737745e-08	1.290420e+01	1.033147e+03
2.350000e-06	1.678616e-06	1.717019e-08	1.202541e+01	1.021196e+03
2.360000e-06	1.555357e-06	1.696637e-08	1.114239e+01	1.008910e+03
2.370000e-06	1.431557e-06	1.675634e-08	1.025550e+01	9.962443e+02
2.380000e-06	1.307232e-06	1.653313e-08	9.364852e+00	9.831652e+02
2.390000e-06	1.182476e-06	1.630027e-08	8.471114e+00	9.696547e+02
2.400000e-06	1.057346e-06	1.607003e-08	7.574697e+00	9.557108e+02
2.410000e-06	9.318470e-07	1.583754e-08	6.675640e+00	9.413408e+02
2.420000e-06	8.060413e-07	1.558769e-08	5.774383e+00	9.265500e+02
2.430000e-06	6.799963e-07	1.532566e-08	4.871412e+00	9.113291e+02
2.440000e-06	5.536953e-07	1.506102e-08	3.966607e+00	8.956472e+02
2.450000e-06	4.270906e-07	1.479234e-08	3.059626e+00	8.794504e+02
2.460000e-06	3.001982e-07	1.450891e-08	2.150584e+00	8.626682e+02
2.470000e-06	1.731831e-07	1.421082e-08	1.240663e+00	8.452249e+02
2.480000e-06	4.611598e-08	1.390754e-08	3.303693e-01	8.270509e+02
2.490000e-06	-8.097494e-08	1.359394e-08	-5.800948e-01	8.080906e+02
2.500000e-06	-2.080012e-07	1.326222e-08	-1.490096e+00	7.883035e+02
2.510000e-06	-3.349054e-07	1.291090e-08	-2.399222e+00	7.676582e+02
2.520000e-06	-4.616351e-07	1.254897e-08	-3.307098e+00	7.461214e+02
2.530000e-06	-5.881731e-07	1.217745e-08	-4.213601e+00	7.236469e+02
2.540000e-06	-7.144658e-07	1.178223e-08	-5.118347e+00	7.001667e+02
2.550000e-06	-8.404507e-07	1.136329e-08	-6.020888e+00	6.755897e+02
2.560000e-06	-9.661145e-07	1.092839e-08	-6.921128e+00	6.498049e+02
2.570000e-06	-1.091439e-06	1.047835e-08	-7.818936e+00	6.226895e+02
2.580000e-06	-1.216349e-06	1.000195e-08	-8.713776e+00	5.941179e+02
2.590000e-06	-1.340833e-06	9.493200e-09	-9.605570e+00	5.639658e+02
2.600000e-06	-1.464909e-06	8.957918e-09	-1.049443e+01	5.321108e+02
2.610000e-06	-1.588459e-06	8.397171e-09	-1.137953e+01	4.984270e+02
2.620000e-06	-1.711353e-06	7.801598e-09	-1.225993e+01	4.627782e+02
2.630000e-06	-1.833570e-06	7.163886e-09	-1.313547e+01	4.250123e+02
2.640000e-06	-1.955088e-06	6.489628e-09	-1.400602e+01	3.849623e+02
2.650000e-06	-2.075955e-06	5.780229e-09	-1.487189e+01	3.424555e+02
2.660000e-06	-2.196223e-06	5.027454e-09	-1.573348e+01	2.973304e+02
2.670000e-06	-2.315706e-06	4.224852e-09	-1.658944e+01	2.494602e+02
2.680000e-06	-2.434193e-06	3.373765e-09	-1.743827e+01	1.987770e+02
2.690000e-06	-2.551651e-06	2.480076e-09	-1.827973e+01	1.452933e+02
2.700000e-06	-2.668117e-06	1.541062e-09	-1.911407e+01	8.911644e+01
2.710000e-06	-2.783590e-06	5.560247e-10	-1.994131e+01	3.045510e+01
2.720000e-06	-2.897948e-06	-4.662679e-10	-2.076056e+01	-3.038381e+01
2.730000e-06	-3.011070e-06	-1.515936e-09	-2.157094e+01	-9.300494e+01
2.740000e-06	-3.122951e-06	-2.587423e-09	-2.237244e+01	-1.569397e+02
2.750000e-06	-3.233616e-06	-3.675340e-09	-2.316524e+01	-2.216653e+02
2.760000e-06	-3.343064e-06	-4.767707e-09	-2.394931e+01	-2.866255e+02
2.770000e-06	-3.451389e-06	-5.850950e-09	-2.472534e+01	-3.512535e+02
2.780000e-06	-3.558643e-06	-6.917202e-09	-2.549369e+01	-4.149958e+02
2.790000e-06	-3.664733e-06	-7.964220e-09	-2.625371e+01	-4.773359e+02
2.800000e-06	-3.769601e-06	-8.984327e-09	-2.700497e+01	-5.378156e+02
2.810000e-06	-3.873074e-06	-9.966777e-09	-2.774624e+01	-5.960529e+02
2.820000e-06	-3.975012e-06	-1.090684e-08	-2.847651e+01	-6.517522e+02
2.830000e-06	-4.075446e-06	-1.180168e-08	-2.919600e+01	-7.047078e+02
2.840000e-06	-4.174379e-06	-1.264786e-08	-2.990475e+01	-7.547975e+02
2.850000e-06	-4.271909e-06	-1.344190e-08	-3.060344e+01	-8.019713e+02
2.860000e-06	-4.368082e-06	-1.418584e-08	-3.129242e+01	-8.462355e+02
2.870000e-06	-4.462682e-06	-1.488482e-08	-3.197012e+01	-8.876374e+02
2.880000e-06	-4.555601e-06	-1.553796e-08	-3.263578e+01	-9.262525e+02
2.890000e-06	-4.646952e-06	-1.614451e-08	-3.329021e+01	-9.621761e+02
2.900000e-06	-4.736742e-06	-1.670746e-08	-3.393345e+01	-9.955193e+02
2.910000e-06	-4.824932e-06	-1.723023e-08	-3.456524e+01	-1.026407e+03
2.920000e-06	-4.911398e-06	-1.771417e-08	-3.518466e+01	-1.054980e+03
2.930000e-06	-4.995989e-06	-1.815951e-08	-3.579067e+01	-1.081386e+03
2.940000e-06	-5.078776e-06	-1.856811e-08	-3.638374e+01	-1.105784e+03
2.950000e-06	-5.159879e-06	-1.894763e-08	-3.696476e+01	-1.128330e+03
2.960000e-06	-5.239183e-06	-1.930260e-08	-3.753288e+01	-1.149175e+03
2.970000e-06	-5.316397e-06	-1.963231e-08	-3.808603e+01	-1.168458e+03
2.980000e-06	-5.391473e-06	-1.993682e-08	-3.862387e+01	-1.186303e+03
2.990000e-06	-5.464603e-06	-2.021810e-08	-3.914776e+01	-1.202819e+03
3.000000e-06	-5.535828e-06	-2.047859e-08	-3.965801e+01	-1.218105e+03
3.010000e-06	-5.604976e-06	-2.071829e-08	-4.015338e+01	-1.232251e+03
3.020000e-06	-5.672033e-06	-2.093710e-08	-4.063376e+01	-1.245340e+03
3.030000e-06	-5.737161e-06	-2.113710e-08	-4.110034e+01	-1.257454e+03
3.040000e-06	-5.800290e-06	-2.132382e-08	-4.155258e+01	-1.268667e+03
3.050000e-06	-5.861273e-06	-2.150025e-08	-4.198946e+01	-1.279049e+03
3.060000e-06	-5.920148e-06	-2.166727e-08	-4.241123e+01	-1.288659e+03
3.070000e-06	-5.976941e-06	-2.182347e-08	-4.281809e+01	-1.297547e+03
3.080000e-06	-6.031624e-06	-2.196790e-08	-4.320983e+01	-1.305755e+03
3.090000e-06	-6.083994e-06	-2.209797e-08	-4.358500e+01	-1.313322e+03
3.100000e-06	-6.133856e-06	-2.221469e-08	-4.394221e+01	-1.320284e+03
3.110000e-06	-6.181210e-06	-2.231967e-08	-4.428145e+01	-1.326679e+03
3.120000e-06	-6.226298e-06	-2.241581e-08	-4.460445e+01	-1.332548e+03
3.130000e-06	-6.269425e-06	-2.250836e-08	-4.491341e+01	-1.337932e+03
3.140000e-06	-6.310586e-06	-2.259648e-08	-4.520828e+01	-1.342872e+03
3.150000e-06	-6.349604e-06	-2.267789e-08	-4.548780e+01	-1.347401e+03
3.160000e-06	-6.386282e-06	-2.275108e-08	-4.575056e+01	-1.351548e+03
3.170000e-06	-6.420706e-06	-2.281655e-08	-4.599717e+01	-1.355330e+03
3.180000e-06	-6.452980e-06	-2.287334e-08	-4.622838e+01	-1.358761e+03
3.190000e-06	-6.482865e-06	-2.292365e-08	-4.644246e+01	-1.361851e+03
3.200000e-06	-6.510331e-06	-2.297109e-08	-4.663923e+01	-1.364609e+03
3.210000e-06	-6.535595e-06	-2.301432e-08	-4.682022e+01	-1.367048e+03
3.220000e-06	-6.558582e-06	-2.305175e-08	-4.698489e+01	-1.369183e+03
3.230000e-06	-6.579139e-06	-2.308601e-08	-4.713216e+01	-1.371033e+03
3.240000e-06	-6.597420e-06	-2.311748e-08	-4.726312e+01	-1.372618e+03
3.250000e-06	-6.613489e-06	-2.314340e-08	-4.737824e+01	-1.373955e+03
3.260000e-06	-6.626986e-06	-2.316301e-08	-4.747493e+01	-1.375061e+03
3.270000e-06	-6.637843e-06	-2.317816e-08	-4.755271e+01	-1.375950e+03
3.280000e-06	-6.646361e-06	-2.319079e-08	-4.761373e+01	-1.376636e+03
3.290000e-06	-6.652471e-06	-2.319931e-08	-4.765750e+01	-1.377132e+03
3.300000e-06	-6.656200e-06	-2.320312e-08	-4.768422e+01	-1.377452e+03
3.310000e-06	-6.657734e-06	-2.320909e-08	-4.769521e+01	-1.377608e+03
