# Temperatura_=_74.01
# Concentracion g/m^3_=_22000.0
# C_Vs_to_Am_M_A/Vsm_=_59384043850.047264
# pendiente_HvsI_1/m_=_3716.3
# ordenada_HvsI_A/m_=_1297.0
# frecuencia_Hz_=_301411.0893170987

Tiempo_(s)	Campo_(V.s)	Magnetizacion_(V.s)	Campo_(kA/m)	Magnetizacion_(A/m)
0.000000e+00	-6.676792e-06	-2.369161e-08	-4.769579e+01	-1.405739e+03
1.000000e-08	-6.674314e-06	-2.368471e-08	-4.767809e+01	-1.405556e+03
2.000000e-08	-6.669528e-06	-2.367655e-08	-4.764390e+01	-1.405238e+03
3.000000e-08	-6.662658e-06	-2.367017e-08	-4.759482e+01	-1.404793e+03
4.000000e-08	-6.653686e-06	-2.366515e-08	-4.753073e+01	-1.404215e+03
5.000000e-08	-6.642368e-06	-2.365549e-08	-4.744988e+01	-1.403490e+03
6.000000e-08	-6.628599e-06	-2.363950e-08	-4.735152e+01	-1.402602e+03
7.000000e-08	-6.612384e-06	-2.362903e-08	-4.723569e+01	-1.401537e+03
8.000000e-08	-6.593779e-06	-2.361271e-08	-4.710278e+01	-1.400296e+03
9.000000e-08	-6.572805e-06	-2.353994e-08	-4.695296e+01	-1.398894e+03
1.000000e-07	-6.549208e-06	-2.350068e-08	-4.678439e+01	-1.397358e+03
1.100000e-07	-6.522932e-06	-2.351941e-08	-4.659669e+01	-1.395720e+03
1.200000e-07	-6.494388e-06	-2.351039e-08	-4.639278e+01	-1.394008e+03
1.300000e-07	-6.464061e-06	-2.347020e-08	-4.617614e+01	-1.392233e+03
1.400000e-07	-6.432147e-06	-2.345953e-08	-4.594816e+01	-1.390393e+03
1.500000e-07	-6.398276e-06	-2.341171e-08	-4.570620e+01	-1.388466e+03
1.600000e-07	-6.362131e-06	-2.333427e-08	-4.544801e+01	-1.386421e+03
1.700000e-07	-6.323999e-06	-2.336072e-08	-4.517560e+01	-1.384227e+03
1.800000e-07	-6.283726e-06	-2.326625e-08	-4.488791e+01	-1.381863e+03
1.900000e-07	-6.240917e-06	-2.320398e-08	-4.458211e+01	-1.379322e+03
2.000000e-07	-6.195786e-06	-2.322504e-08	-4.425971e+01	-1.376613e+03
2.100000e-07	-6.148423e-06	-2.314204e-08	-4.392138e+01	-1.373752e+03
2.200000e-07	-6.098569e-06	-2.310492e-08	-4.356524e+01	-1.370758e+03
2.300000e-07	-6.046164e-06	-2.304298e-08	-4.319089e+01	-1.367647e+03
2.400000e-07	-5.991375e-06	-2.298063e-08	-4.279950e+01	-1.364422e+03
2.500000e-07	-5.934378e-06	-2.293908e-08	-4.239234e+01	-1.361079e+03
2.600000e-07	-5.875164e-06	-2.286775e-08	-4.196935e+01	-1.357605e+03
2.700000e-07	-5.813805e-06	-2.282677e-08	-4.153103e+01	-1.353988e+03
2.800000e-07	-5.750471e-06	-2.276140e-08	-4.107860e+01	-1.350222e+03
2.900000e-07	-5.685076e-06	-2.268825e-08	-4.061145e+01	-1.346303e+03
3.000000e-07	-5.617521e-06	-2.261239e-08	-4.012887e+01	-1.342235e+03
3.100000e-07	-5.547904e-06	-2.253993e-08	-3.963156e+01	-1.338026e+03
3.200000e-07	-5.476327e-06	-2.248524e-08	-3.912024e+01	-1.333679e+03
3.300000e-07	-5.402731e-06	-2.239402e-08	-3.859451e+01	-1.329196e+03
3.400000e-07	-5.326993e-06	-2.233235e-08	-3.805347e+01	-1.324572e+03
3.500000e-07	-5.249127e-06	-2.225650e-08	-3.749724e+01	-1.319802e+03
3.600000e-07	-5.169066e-06	-2.216155e-08	-3.692532e+01	-1.314875e+03
3.700000e-07	-5.087007e-06	-2.207533e-08	-3.633913e+01	-1.309786e+03
3.800000e-07	-5.003326e-06	-2.197755e-08	-3.574135e+01	-1.304530e+03
3.900000e-07	-4.918061e-06	-2.189701e-08	-3.513226e+01	-1.299104e+03
4.000000e-07	-4.831222e-06	-2.180578e-08	-3.451192e+01	-1.293508e+03
4.100000e-07	-4.742760e-06	-2.171226e-08	-3.388000e+01	-1.287740e+03
4.200000e-07	-4.652542e-06	-2.160612e-08	-3.323552e+01	-1.281797e+03
4.300000e-07	-4.560555e-06	-2.150488e-08	-3.257841e+01	-1.275677e+03
4.400000e-07	-4.466880e-06	-2.140217e-08	-3.190924e+01	-1.269379e+03
4.500000e-07	-4.371675e-06	-2.128468e-08	-3.122914e+01	-1.262904e+03
4.600000e-07	-4.274939e-06	-2.117658e-08	-3.053811e+01	-1.256259e+03
4.700000e-07	-4.176597e-06	-2.106219e-08	-2.983560e+01	-1.249446e+03
4.800000e-07	-4.076656e-06	-2.094839e-08	-2.912167e+01	-1.242468e+03
4.900000e-07	-3.975238e-06	-2.082369e-08	-2.839719e+01	-1.235321e+03
5.000000e-07	-3.872547e-06	-2.069710e-08	-2.766361e+01	-1.227992e+03
5.100000e-07	-3.768534e-06	-2.057071e-08	-2.692059e+01	-1.220464e+03
5.200000e-07	-3.663048e-06	-2.044289e-08	-2.616705e+01	-1.212716e+03
5.300000e-07	-3.556104e-06	-2.031032e-08	-2.540310e+01	-1.204731e+03
5.400000e-07	-3.447868e-06	-2.016614e-08	-2.462991e+01	-1.196502e+03
5.500000e-07	-3.338510e-06	-2.002584e-08	-2.384871e+01	-1.188032e+03
5.600000e-07	-3.228084e-06	-1.988235e-08	-2.305988e+01	-1.179331e+03
5.700000e-07	-3.116511e-06	-1.973265e-08	-2.226285e+01	-1.170415e+03
5.800000e-07	-3.003712e-06	-1.957494e-08	-2.145708e+01	-1.161292e+03
5.900000e-07	-2.889686e-06	-1.941735e-08	-2.064252e+01	-1.151958e+03
6.000000e-07	-2.774496e-06	-1.925631e-08	-1.981966e+01	-1.142396e+03
6.100000e-07	-2.658212e-06	-1.908766e-08	-1.898899e+01	-1.132577e+03
6.200000e-07	-2.540862e-06	-1.891550e-08	-1.815070e+01	-1.122469e+03
6.300000e-07	-2.422577e-06	-1.874334e-08	-1.730573e+01	-1.112046e+03
6.400000e-07	-2.303498e-06	-1.856848e-08	-1.645508e+01	-1.101295e+03
6.500000e-07	-2.183640e-06	-1.838263e-08	-1.559887e+01	-1.090219e+03
6.600000e-07	-2.062957e-06	-1.818777e-08	-1.473678e+01	-1.078833e+03
6.700000e-07	-1.941494e-06	-1.798735e-08	-1.386910e+01	-1.067153e+03
6.800000e-07	-1.819317e-06	-1.778529e-08	-1.299632e+01	-1.055188e+03
6.900000e-07	-1.696448e-06	-1.757847e-08	-1.211861e+01	-1.042931e+03
7.000000e-07	-1.572922e-06	-1.736623e-08	-1.123620e+01	-1.030355e+03
7.100000e-07	-1.448780e-06	-1.715044e-08	-1.034938e+01	-1.017418e+03
7.200000e-07	-1.324141e-06	-1.692854e-08	-9.459024e+00	-1.004076e+03
7.300000e-07	-1.199105e-06	-1.669490e-08	-8.565828e+00	-9.902915e+02
7.400000e-07	-1.073733e-06	-1.645130e-08	-7.670232e+00	-9.760433e+02
7.500000e-07	-9.479999e-07	-1.620290e-08	-6.772055e+00	-9.613268e+02
7.600000e-07	-8.218992e-07	-1.594841e-08	-5.871252e+00	-9.461479e+02
7.700000e-07	-6.955343e-07	-1.568506e-08	-4.968562e+00	-9.305102e+02
7.800000e-07	-5.689684e-07	-1.541238e-08	-4.064437e+00	-9.144017e+02
7.900000e-07	-4.422231e-07	-1.513211e-08	-3.159029e+00	-8.977857e+02
8.000000e-07	-3.153149e-07	-1.484129e-08	-2.252458e+00	-8.805984e+02
8.100000e-07	-1.883201e-07	-1.453745e-08	-1.345268e+00	-8.627566e+02
8.200000e-07	-6.127652e-08	-1.422207e-08	-4.377300e-01	-8.441701e+02
8.300000e-07	6.576341e-08	-1.389634e-08	4.697821e-01	-8.247560e+02
8.400000e-07	1.927450e-07	-1.355690e-08	1.376878e+00	-8.044483e+02
8.500000e-07	3.197048e-07	-1.319739e-08	2.283817e+00	-7.831996e+02
8.600000e-07	4.465943e-07	-1.282031e-08	3.190255e+00	-7.609736e+02
8.700000e-07	5.733435e-07	-1.242886e-08	4.095690e+00	-7.377318e+02
8.800000e-07	6.999077e-07	-1.202101e-08	4.999804e+00	-7.134189e+02
8.900000e-07	8.262260e-07	-1.159305e-08	5.902161e+00	-6.879522e+02
9.000000e-07	9.522716e-07	-1.114211e-08	6.802570e+00	-6.612195e+02
9.100000e-07	1.077972e-06	-1.066758e-08	7.700510e+00	-6.330839e+02
9.200000e-07	1.203285e-06	-1.016511e-08	8.595687e+00	-6.033951e+02
9.300000e-07	1.328227e-06	-9.630842e-09	9.488211e+00	-5.720004e+02
9.400000e-07	1.452771e-06	-9.064757e-09	1.037790e+01	-5.387515e+02
9.500000e-07	1.576798e-06	-8.467586e-09	1.126389e+01	-5.035049e+02
9.600000e-07	1.700222e-06	-7.839069e-09	1.214557e+01	-4.661156e+02
9.700000e-07	1.822974e-06	-7.174110e-09	1.302245e+01	-4.264287e+02
9.800000e-07	1.945012e-06	-6.464005e-09	1.389423e+01	-3.842753e+02
9.900000e-07	2.066324e-06	-5.704178e-09	1.476083e+01	-3.394762e+02
1.000000e-06	2.186907e-06	-4.893648e-09	1.562221e+01	-2.918584e+02
1.010000e-06	2.306746e-06	-4.034448e-09	1.647828e+01	-2.412813e+02
1.020000e-06	2.425733e-06	-3.126333e-09	1.732827e+01	-1.876690e+02
1.030000e-06	2.543809e-06	-2.168353e-09	1.817174e+01	-1.310408e+02
1.040000e-06	2.660920e-06	-1.164419e-09	1.900834e+01	-7.153396e+01
1.050000e-06	2.776967e-06	-1.179216e-10	1.983732e+01	-9.412031e+00
1.060000e-06	2.891869e-06	9.664804e-10	2.065812e+01	5.494044e+01
1.070000e-06	3.005645e-06	2.083473e-09	2.147088e+01	1.210367e+02
1.080000e-06	3.118254e-06	3.223922e-09	2.227531e+01	1.883143e+02
1.090000e-06	3.229702e-06	4.371701e-09	2.307144e+01	2.561655e+02
1.100000e-06	3.340039e-06	5.515451e-09	2.385963e+01	3.239656e+02
1.110000e-06	3.449301e-06	6.646332e-09	2.464015e+01	3.910995e+02
1.120000e-06	3.557442e-06	7.754435e-09	2.541265e+01	4.569839e+02
1.130000e-06	3.664301e-06	8.830179e-09	2.617600e+01	5.210879e+02
1.140000e-06	3.769774e-06	9.869991e-09	2.692945e+01	5.829506e+02
1.150000e-06	3.873798e-06	1.087006e-08	2.767255e+01	6.421968e+02
1.160000e-06	3.976370e-06	1.182095e-08	2.840527e+01	6.985479e+02
1.170000e-06	4.077560e-06	1.271813e-08	2.912813e+01	7.518255e+02
1.180000e-06	4.177350e-06	1.356134e-08	2.984098e+01	8.019466e+02
1.190000e-06	4.275560e-06	1.435148e-08	3.054254e+01	8.489096e+02
1.200000e-06	4.372135e-06	1.508747e-08	3.123243e+01	8.927745e+02
1.210000e-06	4.467138e-06	1.577081e-08	3.191108e+01	9.336405e+02
1.220000e-06	4.560672e-06	1.640640e-08	3.257925e+01	9.716266e+02
1.230000e-06	4.652715e-06	1.699971e-08	3.323676e+01	1.006858e+03
1.240000e-06	4.743119e-06	1.755112e-08	3.388256e+01	1.039463e+03
1.250000e-06	4.831763e-06	1.805865e-08	3.451579e+01	1.069575e+03
1.260000e-06	4.918612e-06	1.852540e-08	3.513620e+01	1.097334e+03
1.270000e-06	5.003786e-06	1.895438e-08	3.574464e+01	1.122898e+03
1.280000e-06	5.087258e-06	1.934832e-08	3.634092e+01	1.146438e+03
1.290000e-06	5.168847e-06	1.971104e-08	3.692375e+01	1.168131e+03
1.300000e-06	5.248550e-06	2.004412e-08	3.749311e+01	1.188154e+03
1.310000e-06	5.326466e-06	2.035243e-08	3.804971e+01	1.206667e+03
1.320000e-06	5.402464e-06	2.063965e-08	3.859260e+01	1.223806e+03
1.330000e-06	5.476341e-06	2.090529e-08	3.912035e+01	1.239681e+03
1.340000e-06	5.548116e-06	2.115187e-08	3.963307e+01	1.254379e+03
1.350000e-06	5.617928e-06	2.138106e-08	4.013177e+01	1.267973e+03
1.360000e-06	5.685761e-06	2.159309e-08	4.061634e+01	1.280532e+03
1.370000e-06	5.751436e-06	2.178662e-08	4.108549e+01	1.292127e+03
1.380000e-06	5.815012e-06	2.196413e-08	4.153965e+01	1.302835e+03
1.390000e-06	5.876687e-06	2.212950e-08	4.198022e+01	1.312736e+03
1.400000e-06	5.936354e-06	2.228307e-08	4.240646e+01	1.321903e+03
1.410000e-06	5.993839e-06	2.242187e-08	4.281710e+01	1.330399e+03
1.420000e-06	6.049173e-06	2.254759e-08	4.321238e+01	1.338270e+03
1.430000e-06	6.102316e-06	2.266618e-08	4.359201e+01	1.345547e+03
1.440000e-06	6.152948e-06	2.277729e-08	4.395370e+01	1.352252e+03
1.450000e-06	6.201038e-06	2.287831e-08	4.429723e+01	1.358407e+03
1.460000e-06	6.246912e-06	2.297111e-08	4.462493e+01	1.364039e+03
1.470000e-06	6.290661e-06	2.305876e-08	4.493746e+01	1.369185e+03
1.480000e-06	6.332047e-06	2.314012e-08	4.523310e+01	1.373890e+03
1.490000e-06	6.371130e-06	2.321127e-08	4.551229e+01	1.378200e+03
1.500000e-06	6.408158e-06	2.327348e-08	4.577680e+01	1.382156e+03
1.510000e-06	6.442986e-06	2.333224e-08	4.602559e+01	1.385788e+03
1.520000e-06	6.475421e-06	2.338755e-08	4.625729e+01	1.389110e+03
1.530000e-06	6.505602e-06	2.343600e-08	4.647289e+01	1.392125e+03
1.540000e-06	6.533641e-06	2.347992e-08	4.667319e+01	1.394832e+03
1.550000e-06	6.559255e-06	2.352294e-08	4.685616e+01	1.397232e+03
1.560000e-06	6.582395e-06	2.356051e-08	4.702146e+01	1.399333e+03
1.570000e-06	6.603368e-06	2.358784e-08	4.717129e+01	1.401149e+03
1.580000e-06	6.622151e-06	2.360931e-08	4.730546e+01	1.402705e+03
1.590000e-06	6.638494e-06	2.362881e-08	4.742221e+01	1.404022e+03
1.600000e-06	6.652383e-06	2.364369e-08	4.752142e+01	1.405120e+03
1.610000e-06	6.663678e-06	2.365529e-08	4.760211e+01	1.406010e+03
1.620000e-06	6.672303e-06	2.366598e-08	4.766372e+01	1.406698e+03
1.630000e-06	6.678616e-06	2.367690e-08	4.770882e+01	1.407188e+03
1.640000e-06	6.682761e-06	2.368408e-08	4.773843e+01	1.407484e+03
1.650000e-06	6.684486e-06	2.368259e-08	4.775075e+01	1.407599e+03
1.660000e-06	6.683803e-06	2.367791e-08	4.774587e+01	1.407548e+03
1.670000e-06	6.681066e-06	2.367595e-08	4.772632e+01	1.407349e+03
1.680000e-06	6.676213e-06	2.366859e-08	4.769166e+01	1.407018e+03
1.690000e-06	6.669089e-06	2.365680e-08	4.764076e+01	1.406559e+03
1.700000e-06	6.659796e-06	2.364452e-08	4.757438e+01	1.405966e+03
1.710000e-06	6.648337e-06	2.363238e-08	4.749252e+01	1.405224e+03
1.720000e-06	6.634464e-06	2.361209e-08	4.739342e+01	1.404317e+03
1.730000e-06	6.618378e-06	2.357937e-08	4.727851e+01	1.403234e+03
1.740000e-06	6.600378e-06	2.360840e-08	4.714992e+01	1.401975e+03
1.750000e-06	6.579858e-06	2.362077e-08	4.700334e+01	1.400557e+03
1.760000e-06	6.556180e-06	2.355179e-08	4.683419e+01	1.399008e+03
1.770000e-06	6.529687e-06	2.349607e-08	4.664494e+01	1.397361e+03
1.780000e-06	6.500831e-06	2.345357e-08	4.643881e+01	1.395641e+03
1.790000e-06	6.469855e-06	2.337814e-08	4.621753e+01	1.393860e+03
1.800000e-06	6.437268e-06	2.343768e-08	4.598474e+01	1.392012e+03
1.810000e-06	6.402964e-06	2.340823e-08	4.573969e+01	1.390074e+03
1.820000e-06	6.366362e-06	2.327886e-08	4.547822e+01	1.388014e+03
1.830000e-06	6.327486e-06	2.336849e-08	4.520052e+01	1.385802e+03
1.840000e-06	6.286401e-06	2.328421e-08	4.490703e+01	1.383419e+03
1.850000e-06	6.243229e-06	2.320475e-08	4.459863e+01	1.380860e+03
1.860000e-06	6.197957e-06	2.319197e-08	4.427522e+01	1.378133e+03
1.870000e-06	6.150299e-06	2.307252e-08	4.393478e+01	1.375257e+03
1.880000e-06	6.100532e-06	2.311835e-08	4.357927e+01	1.372251e+03
1.890000e-06	6.048369e-06	2.306087e-08	4.320664e+01	1.369127e+03
1.900000e-06	5.993584e-06	2.296913e-08	4.281528e+01	1.365890e+03
1.910000e-06	5.936623e-06	2.293200e-08	4.240838e+01	1.362533e+03
1.920000e-06	5.877589e-06	2.282633e-08	4.198667e+01	1.359044e+03
1.930000e-06	5.816402e-06	2.281993e-08	4.154957e+01	1.355412e+03
1.940000e-06	5.752983e-06	2.271181e-08	4.109654e+01	1.351629e+03
1.950000e-06	5.687504e-06	2.265391e-08	4.062879e+01	1.347694e+03
1.960000e-06	5.620065e-06	2.262658e-08	4.014704e+01	1.343611e+03
1.970000e-06	5.550313e-06	2.252806e-08	3.964876e+01	1.339386e+03
1.980000e-06	5.478400e-06	2.247527e-08	3.913506e+01	1.335024e+03
1.990000e-06	5.404551e-06	2.233110e-08	3.860751e+01	1.330526e+03
2.000000e-06	5.328643e-06	2.229981e-08	3.806526e+01	1.325888e+03
2.010000e-06	5.250596e-06	2.222969e-08	3.750773e+01	1.321101e+03
2.020000e-06	5.170568e-06	2.212564e-08	3.693605e+01	1.316157e+03
2.030000e-06	5.088850e-06	2.205558e-08	3.635230e+01	1.311050e+03
2.040000e-06	5.005375e-06	2.195262e-08	3.575599e+01	1.305776e+03
2.050000e-06	4.920026e-06	2.189369e-08	3.514630e+01	1.300332e+03
2.060000e-06	4.832806e-06	2.175908e-08	3.452324e+01	1.294717e+03
2.070000e-06	4.743919e-06	2.167219e-08	3.388827e+01	1.288930e+03
2.080000e-06	4.653485e-06	2.157677e-08	3.324226e+01	1.282968e+03
2.090000e-06	4.561362e-06	2.148110e-08	3.258418e+01	1.276829e+03
2.100000e-06	4.467491e-06	2.137127e-08	3.191361e+01	1.270512e+03
2.110000e-06	4.371961e-06	2.123651e-08	3.123118e+01	1.264019e+03
2.120000e-06	4.274949e-06	2.115465e-08	3.053818e+01	1.257355e+03
2.130000e-06	4.176563e-06	2.103370e-08	2.983535e+01	1.250524e+03
2.140000e-06	4.076737e-06	2.091762e-08	2.912225e+01	1.243529e+03
2.150000e-06	3.975309e-06	2.078331e-08	2.839769e+01	1.236363e+03
2.160000e-06	3.872335e-06	2.067014e-08	2.766210e+01	1.229014e+03
2.170000e-06	3.767998e-06	2.054942e-08	2.691676e+01	1.221463e+03
2.180000e-06	3.662387e-06	2.040727e-08	2.616233e+01	1.213690e+03
2.190000e-06	3.555597e-06	2.027325e-08	2.539947e+01	1.205679e+03
2.200000e-06	3.447543e-06	2.013738e-08	2.462759e+01	1.197424e+03
2.210000e-06	3.338252e-06	2.000493e-08	2.384687e+01	1.188928e+03
2.220000e-06	3.227683e-06	1.984812e-08	2.305701e+01	1.180204e+03
2.230000e-06	3.115790e-06	1.968915e-08	2.225771e+01	1.171265e+03
2.240000e-06	3.002726e-06	1.953780e-08	2.145003e+01	1.162119e+03
2.250000e-06	2.888579e-06	1.939277e-08	2.063462e+01	1.152762e+03
2.260000e-06	2.773316e-06	1.922988e-08	1.981124e+01	1.143174e+03
2.270000e-06	2.656861e-06	1.905994e-08	1.897934e+01	1.133326e+03
2.280000e-06	2.539364e-06	1.889118e-08	1.814000e+01	1.123185e+03
2.290000e-06	2.420879e-06	1.872037e-08	1.729360e+01	1.112727e+03
2.300000e-06	2.301406e-06	1.853151e-08	1.644014e+01	1.101941e+03
2.310000e-06	2.181106e-06	1.833706e-08	1.558077e+01	1.090831e+03
2.320000e-06	2.060105e-06	1.815174e-08	1.471640e+01	1.079412e+03
2.330000e-06	1.938395e-06	1.796330e-08	1.384696e+01	1.067701e+03
2.340000e-06	1.816070e-06	1.776113e-08	1.297313e+01	1.055706e+03
2.350000e-06	1.693217e-06	1.754319e-08	1.209553e+01	1.043416e+03
2.360000e-06	1.569755e-06	1.733276e-08	1.121357e+01	1.030803e+03
2.370000e-06	1.445659e-06	1.711970e-08	1.032709e+01	1.017825e+03
2.380000e-06	1.321022e-06	1.689541e-08	9.436746e+00	1.004437e+03
2.390000e-06	1.195915e-06	1.665906e-08	8.543042e+00	9.906038e+02
2.400000e-06	1.070387e-06	1.642084e-08	7.646327e+00	9.763053e+02
2.410000e-06	9.445034e-07	1.617957e-08	6.747078e+00	9.615389e+02
2.420000e-06	8.182966e-07	1.591844e-08	5.845517e+00	9.463107e+02
2.430000e-06	6.917231e-07	1.564485e-08	4.941337e+00	9.306234e+02
2.440000e-06	5.648344e-07	1.537200e-08	4.034905e+00	9.144628e+02
2.450000e-06	4.377283e-07	1.510162e-08	3.126921e+00	8.977890e+02
2.460000e-06	3.104475e-07	1.481701e-08	2.217687e+00	8.805357e+02
2.470000e-06	1.830734e-07	1.451248e-08	1.307788e+00	8.626183e+02
2.480000e-06	5.560960e-08	1.419761e-08	3.972482e-01	8.439468e+02
2.490000e-06	-7.186574e-08	1.387053e-08	-5.133743e-01	8.244397e+02
2.500000e-06	-1.992749e-07	1.352560e-08	-1.423524e+00	8.040331e+02
2.510000e-06	-3.265959e-07	1.316040e-08	-2.333044e+00	7.826813e+02
2.520000e-06	-4.537455e-07	1.278531e-08	-3.241339e+00	7.603484e+02
2.530000e-06	-5.807146e-07	1.240272e-08	-4.148346e+00	7.369949e+02
2.540000e-06	-7.075218e-07	1.199595e-08	-5.054195e+00	7.125627e+02
2.550000e-06	-8.340529e-07	1.156142e-08	-5.958073e+00	6.869662e+02
2.560000e-06	-9.601655e-07	1.110532e-08	-6.858960e+00	6.600900e+02
2.570000e-06	-1.085895e-06	1.063168e-08	-7.757111e+00	6.317952e+02
2.580000e-06	-1.211278e-06	1.013123e-08	-8.652786e+00	6.019308e+02
2.590000e-06	-1.336234e-06	9.597656e-09	-9.545410e+00	5.703443e+02
2.600000e-06	-1.460691e-06	9.038941e-09	-1.043447e+01	5.368882e+02
2.610000e-06	-1.584548e-06	8.451643e-09	-1.131925e+01	5.014190e+02
2.620000e-06	-1.707753e-06	7.823715e-09	-1.219936e+01	4.637911e+02
2.630000e-06	-1.830362e-06	7.149304e-09	-1.307523e+01	4.238482e+02
2.640000e-06	-1.952362e-06	6.433829e-09	-1.394674e+01	3.814199e+02
2.650000e-06	-2.073682e-06	5.678695e-09	-1.481339e+01	3.363267e+02
2.660000e-06	-2.194328e-06	4.875371e-09	-1.567522e+01	2.883976e+02
2.670000e-06	-2.314226e-06	4.021761e-09	-1.653172e+01	2.374974e+02
2.680000e-06	-2.433190e-06	3.120423e-09	-1.738154e+01	1.835590e+02
2.690000e-06	-2.551177e-06	2.171661e-09	-1.822438e+01	1.266136e+02
2.700000e-06	-2.668173e-06	1.171490e-09	-1.906015e+01	6.681165e+01
2.710000e-06	-2.784090e-06	1.224166e-10	-1.988820e+01	4.430280e+00
2.720000e-06	-2.898885e-06	-9.617828e-10	-2.070824e+01	-6.013395e+01
2.730000e-06	-3.012453e-06	-2.071224e-09	-2.151952e+01	-1.263848e+02
2.740000e-06	-3.124777e-06	-3.201733e-09	-2.232190e+01	-1.937536e+02
2.750000e-06	-3.235871e-06	-4.345525e-09	-2.311551e+01	-2.616293e+02
2.760000e-06	-3.345732e-06	-5.486998e-09	-2.390030e+01	-3.293871e+02
2.770000e-06	-3.454435e-06	-6.610560e-09	-2.467682e+01	-3.964143e+02
2.780000e-06	-3.562006e-06	-7.713373e-09	-2.544526e+01	-4.621323e+02
2.790000e-06	-3.668397e-06	-8.791579e-09	-2.620526e+01	-5.260169e+02
2.800000e-06	-3.773565e-06	-9.831208e-09	-2.695653e+01	-5.876156e+02
2.810000e-06	-3.877409e-06	-1.082236e-08	-2.769834e+01	-6.465633e+02
2.820000e-06	-3.979767e-06	-1.176412e-08	-2.842954e+01	-7.025920e+02
2.830000e-06	-4.080571e-06	-1.265918e-08	-2.914964e+01	-7.555338e+02
2.840000e-06	-4.179907e-06	-1.350244e-08	-2.985924e+01	-8.053154e+02
2.850000e-06	-4.277875e-06	-1.428833e-08	-3.055908e+01	-8.519428e+02
2.860000e-06	-4.374410e-06	-1.502016e-08	-3.124868e+01	-8.954812e+02
2.870000e-06	-4.469373e-06	-1.570434e-08	-3.192705e+01	-9.360329e+02
2.880000e-06	-4.562694e-06	-1.634122e-08	-3.259369e+01	-9.737178e+02
2.890000e-06	-4.654423e-06	-1.692985e-08	-3.324896e+01	-1.008662e+03
2.900000e-06	-4.744536e-06	-1.747553e-08	-3.389268e+01	-1.040994e+03
2.910000e-06	-4.833029e-06	-1.798219e-08	-3.452483e+01	-1.070846e+03
2.920000e-06	-4.919791e-06	-1.845015e-08	-3.514462e+01	-1.098362e+03
2.930000e-06	-5.004648e-06	-1.887921e-08	-3.575079e+01	-1.123701e+03
2.940000e-06	-5.087750e-06	-1.927176e-08	-3.634443e+01	-1.147034e+03
2.950000e-06	-5.169210e-06	-1.963329e-08	-3.692635e+01	-1.168541e+03
2.960000e-06	-5.248858e-06	-1.996801e-08	-3.749532e+01	-1.188395e+03
2.970000e-06	-5.326387e-06	-2.027902e-08	-3.804915e+01	-1.206754e+03
2.980000e-06	-5.401759e-06	-2.056903e-08	-3.858756e+01	-1.223753e+03
2.990000e-06	-5.475189e-06	-2.083950e-08	-3.911211e+01	-1.239498e+03
3.000000e-06	-5.546713e-06	-2.108955e-08	-3.962305e+01	-1.254075e+03
3.010000e-06	-5.616150e-06	-2.131804e-08	-4.011907e+01	-1.267555e+03
3.020000e-06	-5.683510e-06	-2.152547e-08	-4.060026e+01	-1.280007e+03
3.030000e-06	-5.748965e-06	-2.171587e-08	-4.106784e+01	-1.291503e+03
3.040000e-06	-5.812483e-06	-2.189265e-08	-4.152158e+01	-1.302121e+03
3.050000e-06	-5.873854e-06	-2.205805e-08	-4.195999e+01	-1.311940e+03
3.060000e-06	-5.933039e-06	-2.221602e-08	-4.238278e+01	-1.321033e+03
3.070000e-06	-5.990179e-06	-2.236692e-08	-4.279096e+01	-1.329460e+03
3.080000e-06	-6.045266e-06	-2.250683e-08	-4.318447e+01	-1.337266e+03
3.090000e-06	-6.098022e-06	-2.263069e-08	-4.356133e+01	-1.344481e+03
3.100000e-06	-6.148223e-06	-2.274130e-08	-4.391995e+01	-1.351126e+03
3.110000e-06	-6.195892e-06	-2.284215e-08	-4.426047e+01	-1.357224e+03
3.120000e-06	-6.241291e-06	-2.293640e-08	-4.458478e+01	-1.362802e+03
3.130000e-06	-6.284713e-06	-2.302459e-08	-4.489496e+01	-1.367898e+03
3.140000e-06	-6.326102e-06	-2.310605e-08	-4.519063e+01	-1.372559e+03
3.150000e-06	-6.365384e-06	-2.318073e-08	-4.547124e+01	-1.376829e+03
3.160000e-06	-6.402396e-06	-2.324758e-08	-4.573564e+01	-1.380750e+03
3.170000e-06	-6.437082e-06	-2.330803e-08	-4.598342e+01	-1.384347e+03
3.180000e-06	-6.469591e-06	-2.336123e-08	-4.621565e+01	-1.387636e+03
3.190000e-06	-6.499754e-06	-2.341038e-08	-4.643112e+01	-1.390619e+03
3.200000e-06	-6.527492e-06	-2.345789e-08	-4.662926e+01	-1.393293e+03
3.210000e-06	-6.552971e-06	-2.350142e-08	-4.681127e+01	-1.395661e+03
3.220000e-06	-6.576169e-06	-2.353777e-08	-4.697698e+01	-1.397730e+03
3.230000e-06	-6.596951e-06	-2.356869e-08	-4.712544e+01	-1.399518e+03
3.240000e-06	-6.615434e-06	-2.359688e-08	-4.725748e+01	-1.401047e+03
3.250000e-06	-6.631680e-06	-2.361980e-08	-4.737353e+01	-1.402340e+03
3.260000e-06	-6.645342e-06	-2.363707e-08	-4.747113e+01	-1.403415e+03
3.270000e-06	-6.656387e-06	-2.365288e-08	-4.755003e+01	-1.404283e+03
3.280000e-06	-6.665133e-06	-2.366747e-08	-4.761250e+01	-1.404950e+03
3.290000e-06	-6.671494e-06	-2.367786e-08	-4.765794e+01	-1.405419e+03
3.300000e-06	-6.675398e-06	-2.368291e-08	-4.768583e+01	-1.405695e+03
3.310000e-06	-6.677084e-06	-2.368844e-08	-4.769788e+01	-1.405791e+03
