# Temperatura_=_55.78
# Concentracion g/m^3_=_22000.0
# C_Vs_to_Am_M_A/Vsm_=_59384043850.047264
# pendiente_HvsI_1/m_=_3716.3
# ordenada_HvsI_A/m_=_1297.0
# frecuencia_Hz_=_301412.82151193055

Tiempo_(s)	Campo_(V.s)	Magnetizacion_(V.s)	Campo_(kA/m)	Magnetizacion_(A/m)
0.000000e+00	-6.661634e-06	-2.308038e-08	-4.768675e+01	-1.370023e+03
1.000000e-08	-6.658707e-06	-2.307747e-08	-4.766579e+01	-1.369887e+03
2.000000e-08	-6.653567e-06	-2.307260e-08	-4.762900e+01	-1.369595e+03
3.000000e-08	-6.646388e-06	-2.306699e-08	-4.757761e+01	-1.369142e+03
4.000000e-08	-6.637008e-06	-2.305927e-08	-4.751046e+01	-1.368529e+03
5.000000e-08	-6.625194e-06	-2.304526e-08	-4.742590e+01	-1.367755e+03
6.000000e-08	-6.610900e-06	-2.302860e-08	-4.732357e+01	-1.366824e+03
7.000000e-08	-6.594184e-06	-2.301588e-08	-4.720391e+01	-1.365741e+03
8.000000e-08	-6.575131e-06	-2.298670e-08	-4.706752e+01	-1.364517e+03
9.000000e-08	-6.553697e-06	-2.293924e-08	-4.691409e+01	-1.363161e+03
1.000000e-07	-6.529613e-06	-2.291930e-08	-4.674168e+01	-1.361688e+03
1.100000e-07	-6.502926e-06	-2.291750e-08	-4.655065e+01	-1.360107e+03
1.200000e-07	-6.474084e-06	-2.289568e-08	-4.634418e+01	-1.358429e+03
1.300000e-07	-6.443540e-06	-2.286739e-08	-4.612554e+01	-1.356657e+03
1.400000e-07	-6.411367e-06	-2.284357e-08	-4.589523e+01	-1.354789e+03
1.500000e-07	-6.377165e-06	-2.277928e-08	-4.565040e+01	-1.352817e+03
1.600000e-07	-6.340714e-06	-2.275110e-08	-4.538947e+01	-1.350731e+03
1.700000e-07	-6.302286e-06	-2.273240e-08	-4.511439e+01	-1.348520e+03
1.800000e-07	-6.261673e-06	-2.265236e-08	-4.482366e+01	-1.346172e+03
1.900000e-07	-6.218526e-06	-2.262580e-08	-4.451480e+01	-1.343682e+03
2.000000e-07	-6.173120e-06	-2.259895e-08	-4.418976e+01	-1.341048e+03
2.100000e-07	-6.125478e-06	-2.254372e-08	-4.384872e+01	-1.338271e+03
2.200000e-07	-6.075255e-06	-2.249861e-08	-4.348920e+01	-1.335354e+03
2.300000e-07	-6.022480e-06	-2.244451e-08	-4.311142e+01	-1.332300e+03
2.400000e-07	-5.967373e-06	-2.239332e-08	-4.271694e+01	-1.329110e+03
2.500000e-07	-5.910062e-06	-2.233393e-08	-4.230669e+01	-1.325785e+03
2.600000e-07	-5.850593e-06	-2.228124e-08	-4.188098e+01	-1.322326e+03
2.700000e-07	-5.789076e-06	-2.223390e-08	-4.144061e+01	-1.318730e+03
2.800000e-07	-5.725573e-06	-2.216100e-08	-4.098603e+01	-1.314999e+03
2.900000e-07	-5.659929e-06	-2.208897e-08	-4.051613e+01	-1.311133e+03
3.000000e-07	-5.592155e-06	-2.202462e-08	-4.003097e+01	-1.307133e+03
3.100000e-07	-5.522327e-06	-2.196227e-08	-3.953111e+01	-1.302998e+03
3.200000e-07	-5.450526e-06	-2.188666e-08	-3.901713e+01	-1.298726e+03
3.300000e-07	-5.376736e-06	-2.180897e-08	-3.848892e+01	-1.294314e+03
3.400000e-07	-5.300809e-06	-2.174691e-08	-3.794539e+01	-1.289756e+03
3.500000e-07	-5.222695e-06	-2.166739e-08	-3.738623e+01	-1.285046e+03
3.600000e-07	-5.142393e-06	-2.158222e-08	-3.681139e+01	-1.280181e+03
3.700000e-07	-5.060159e-06	-2.149499e-08	-3.622273e+01	-1.275156e+03
3.800000e-07	-4.976319e-06	-2.140945e-08	-3.562256e+01	-1.269971e+03
3.900000e-07	-4.890935e-06	-2.132518e-08	-3.501135e+01	-1.264624e+03
4.000000e-07	-4.803981e-06	-2.123283e-08	-3.438890e+01	-1.259115e+03
4.100000e-07	-4.715385e-06	-2.113264e-08	-3.375468e+01	-1.253443e+03
4.200000e-07	-4.625043e-06	-2.103117e-08	-3.310798e+01	-1.247605e+03
4.300000e-07	-4.532920e-06	-2.093550e-08	-3.244853e+01	-1.241596e+03
4.400000e-07	-4.439151e-06	-2.083162e-08	-3.177729e+01	-1.235414e+03
4.500000e-07	-4.343858e-06	-2.072301e-08	-3.109514e+01	-1.229059e+03
4.600000e-07	-4.247038e-06	-2.061764e-08	-3.040206e+01	-1.222530e+03
4.700000e-07	-4.148619e-06	-2.050548e-08	-2.969754e+01	-1.215829e+03
4.800000e-07	-4.048568e-06	-2.038378e-08	-2.898133e+01	-1.208955e+03
4.900000e-07	-3.947121e-06	-2.025560e-08	-2.825513e+01	-1.201906e+03
5.000000e-07	-3.844398e-06	-2.013073e-08	-2.751980e+01	-1.194675e+03
5.100000e-07	-3.740319e-06	-2.001112e-08	-2.677476e+01	-1.187249e+03
5.200000e-07	-3.634858e-06	-1.988883e-08	-2.601983e+01	-1.179617e+03
5.300000e-07	-3.527993e-06	-1.975913e-08	-2.525484e+01	-1.171766e+03
5.400000e-07	-3.419808e-06	-1.962192e-08	-2.448041e+01	-1.163690e+03
5.500000e-07	-3.310434e-06	-1.948279e-08	-2.369746e+01	-1.155388e+03
5.600000e-07	-3.199957e-06	-1.933473e-08	-2.290663e+01	-1.146862e+03
5.700000e-07	-3.088354e-06	-1.918128e-08	-2.210772e+01	-1.138118e+03
5.800000e-07	-2.975610e-06	-1.902983e-08	-2.130065e+01	-1.129160e+03
5.900000e-07	-2.861655e-06	-1.888040e-08	-2.048491e+01	-1.119984e+03
6.000000e-07	-2.746448e-06	-1.872506e-08	-1.966022e+01	-1.110580e+03
6.100000e-07	-2.630151e-06	-1.856041e-08	-1.882771e+01	-1.100930e+03
6.200000e-07	-2.512805e-06	-1.839271e-08	-1.798771e+01	-1.091012e+03
6.300000e-07	-2.394584e-06	-1.822179e-08	-1.714143e+01	-1.080810e+03
6.400000e-07	-2.275656e-06	-1.804499e-08	-1.629010e+01	-1.070310e+03
6.500000e-07	-2.155931e-06	-1.786287e-08	-1.543305e+01	-1.059512e+03
6.600000e-07	-2.035383e-06	-1.767618e-08	-1.457012e+01	-1.048419e+03
6.700000e-07	-1.914114e-06	-1.748492e-08	-1.370203e+01	-1.037038e+03
6.800000e-07	-1.792172e-06	-1.728794e-08	-1.282911e+01	-1.025371e+03
6.900000e-07	-1.669489e-06	-1.708450e-08	-1.195090e+01	-1.013411e+03
7.000000e-07	-1.546075e-06	-1.687666e-08	-1.106745e+01	-1.001137e+03
7.100000e-07	-1.422100e-06	-1.666470e-08	-1.017998e+01	-9.885201e+02
7.200000e-07	-1.297684e-06	-1.644657e-08	-9.289364e+00	-9.755261e+02
7.300000e-07	-1.172824e-06	-1.622051e-08	-8.395565e+00	-9.621240e+02
7.400000e-07	-1.047554e-06	-1.598922e-08	-7.498826e+00	-9.482923e+02
7.500000e-07	-9.219171e-07	-1.575045e-08	-6.599466e+00	-9.340202e+02
7.600000e-07	-7.959490e-07	-1.550124e-08	-5.697734e+00	-9.193045e+02
7.700000e-07	-6.697375e-07	-1.524197e-08	-4.794260e+00	-9.041419e+02
7.800000e-07	-5.433777e-07	-1.497675e-08	-3.889723e+00	-8.885194e+02
7.900000e-07	-4.169217e-07	-1.470548e-08	-2.984499e+00	-8.724069e+02
8.000000e-07	-2.903533e-07	-1.442312e-08	-2.078470e+00	-8.557541e+02
8.100000e-07	-1.636751e-07	-1.413036e-08	-1.171655e+00	-8.384938e+02
8.200000e-07	-3.694032e-08	-1.382908e-08	-2.644342e-01	-8.205498e+02
8.300000e-07	8.977091e-08	-1.351645e-08	6.426175e-01	-8.018475e+02
8.400000e-07	2.164371e-07	-1.318729e-08	1.549347e+00	-7.823224e+02
8.500000e-07	3.430668e-07	-1.284188e-08	2.455815e+00	-7.619237e+02
8.600000e-07	4.696007e-07	-1.248216e-08	3.361597e+00	-7.406113e+02
8.700000e-07	5.959665e-07	-1.210742e-08	4.266176e+00	-7.183476e+02
8.800000e-07	7.221958e-07	-1.171593e-08	5.169778e+00	-6.950857e+02
8.900000e-07	8.482901e-07	-1.130551e-08	6.072413e+00	-6.707600e+02
9.000000e-07	9.740921e-07	-1.087506e-08	6.972956e+00	-6.452805e+02
9.100000e-07	1.099472e-06	-1.042339e-08	7.870477e+00	-6.185341e+02
9.200000e-07	1.224464e-06	-9.947706e-09	8.765224e+00	-5.903906e+02
9.300000e-07	1.349105e-06	-9.445064e-09	9.657458e+00	-5.607121e+02
9.400000e-07	1.473323e-06	-8.914654e-09	1.054666e+01	-5.293606e+02
9.500000e-07	1.597036e-06	-8.355248e-09	1.143225e+01	-4.962018e+02
9.600000e-07	1.720134e-06	-7.763340e-09	1.231343e+01	-4.611035e+02
9.700000e-07	1.842515e-06	-7.135075e-09	1.318949e+01	-4.239312e+02
9.800000e-07	1.964115e-06	-6.468373e-09	1.405995e+01	-3.845430e+02
9.900000e-07	2.084966e-06	-5.761346e-09	1.492506e+01	-3.427903e+02
1.000000e-06	2.205108e-06	-5.011105e-09	1.578508e+01	-2.985253e+02
1.010000e-06	2.324455e-06	-4.216721e-09	1.663941e+01	-2.516187e+02
1.020000e-06	2.442983e-06	-3.376435e-09	1.748789e+01	-2.019837e+02
1.030000e-06	2.560719e-06	-2.490940e-09	1.833069e+01	-1.496025e+02
1.040000e-06	2.677535e-06	-1.561464e-09	1.916691e+01	-9.454932e+01
1.050000e-06	2.793248e-06	-5.897054e-10	1.999523e+01	-3.700434e+01
1.060000e-06	2.907717e-06	4.190544e-10	2.081465e+01	2.274415e+01
1.070000e-06	3.020972e-06	1.460225e-09	2.162538e+01	8.431037e+01
1.080000e-06	3.133100e-06	2.525123e-09	2.242804e+01	1.472313e+02
1.090000e-06	3.244090e-06	3.604049e-09	2.322255e+01	2.109925e+02
1.100000e-06	3.353993e-06	4.687276e-09	2.400928e+01	2.750549e+02
1.110000e-06	3.462882e-06	5.764159e-09	2.478875e+01	3.388789e+02
1.120000e-06	3.570606e-06	6.826954e-09	2.555988e+01	4.019440e+02
1.130000e-06	3.676938e-06	7.867136e-09	2.632105e+01	4.637643e+02
1.140000e-06	3.781865e-06	8.879260e-09	2.707216e+01	5.239012e+02
1.150000e-06	3.885397e-06	9.857039e-09	2.781329e+01	5.819734e+02
1.160000e-06	3.987556e-06	1.079520e-08	2.854459e+01	6.376664e+02
1.170000e-06	4.088360e-06	1.169074e-08	2.926618e+01	6.907397e+02
1.180000e-06	4.187630e-06	1.253982e-08	2.997680e+01	7.410302e+02
1.190000e-06	4.285205e-06	1.333799e-08	3.067528e+01	7.884508e+02
1.200000e-06	4.381116e-06	1.408414e-08	3.136185e+01	8.329832e+02
1.210000e-06	4.475530e-06	1.478232e-08	3.203770e+01	8.746652e+02
1.220000e-06	4.568578e-06	1.543505e-08	3.270378e+01	9.135759e+02
1.230000e-06	4.660147e-06	1.604342e-08	3.335927e+01	9.498204e+02
1.240000e-06	4.749984e-06	1.661094e-08	3.400236e+01	9.835174e+02
1.250000e-06	4.837996e-06	1.714092e-08	3.463238e+01	1.014792e+03
1.260000e-06	4.924275e-06	1.763119e-08	3.525001e+01	1.043772e+03
1.270000e-06	5.008979e-06	1.808018e-08	3.585635e+01	1.070591e+03
1.280000e-06	5.092006e-06	1.849302e-08	3.645070e+01	1.095386e+03
1.290000e-06	5.173103e-06	1.887589e-08	3.703122e+01	1.118300e+03
1.300000e-06	5.252307e-06	1.922957e-08	3.759820e+01	1.139481e+03
1.310000e-06	5.329649e-06	1.955417e-08	3.815184e+01	1.159074e+03
1.320000e-06	5.404929e-06	1.985473e-08	3.869073e+01	1.177213e+03
1.330000e-06	5.478080e-06	2.013593e-08	3.921438e+01	1.194022e+03
1.340000e-06	5.549227e-06	2.039954e-08	3.972368e+01	1.209604e+03
1.350000e-06	5.618501e-06	2.064510e-08	4.021956e+01	1.224048e+03
1.360000e-06	5.685808e-06	2.087171e-08	4.070138e+01	1.237428e+03
1.370000e-06	5.750959e-06	2.108069e-08	4.116775e+01	1.249812e+03
1.380000e-06	5.814074e-06	2.127221e-08	4.161956e+01	1.261266e+03
1.390000e-06	5.875313e-06	2.144502e-08	4.205794e+01	1.271852e+03
1.400000e-06	5.934512e-06	2.160263e-08	4.248171e+01	1.281637e+03
1.410000e-06	5.991496e-06	2.174979e-08	4.288962e+01	1.290680e+03
1.420000e-06	6.046308e-06	2.188928e-08	4.328199e+01	1.299037e+03
1.430000e-06	6.098840e-06	2.201922e-08	4.365803e+01	1.306753e+03
1.440000e-06	6.148809e-06	2.213884e-08	4.401574e+01	1.313867e+03
1.450000e-06	6.196303e-06	2.225009e-08	4.435571e+01	1.320408e+03
1.460000e-06	6.241691e-06	2.235049e-08	4.468062e+01	1.326406e+03
1.470000e-06	6.284951e-06	2.243888e-08	4.499030e+01	1.331889e+03
1.480000e-06	6.325851e-06	2.251874e-08	4.528307e+01	1.336891e+03
1.490000e-06	6.364523e-06	2.259272e-08	4.555990e+01	1.341451e+03
1.500000e-06	6.401165e-06	2.266071e-08	4.582220e+01	1.345607e+03
1.510000e-06	6.435518e-06	2.272316e-08	4.606811e+01	1.349394e+03
1.520000e-06	6.467467e-06	2.278197e-08	4.629682e+01	1.352840e+03
1.530000e-06	6.497232e-06	2.283704e-08	4.650989e+01	1.355963e+03
1.540000e-06	6.524760e-06	2.288568e-08	4.670695e+01	1.358773e+03
1.550000e-06	6.549845e-06	2.292712e-08	4.688652e+01	1.361273e+03
1.560000e-06	6.572536e-06	2.296082e-08	4.704895e+01	1.363463e+03
1.570000e-06	6.593087e-06	2.298757e-08	4.719606e+01	1.365350e+03
1.580000e-06	6.611408e-06	2.301059e-08	4.732721e+01	1.366944e+03
1.590000e-06	6.627247e-06	2.303054e-08	4.744059e+01	1.368264e+03
1.600000e-06	6.640631e-06	2.304733e-08	4.753640e+01	1.369335e+03
1.610000e-06	6.651461e-06	2.306244e-08	4.761392e+01	1.370184e+03
1.620000e-06	6.659696e-06	2.307371e-08	4.767287e+01	1.370837e+03
1.630000e-06	6.665633e-06	2.308110e-08	4.771537e+01	1.371312e+03
1.640000e-06	6.669337e-06	2.308588e-08	4.774189e+01	1.371625e+03
1.650000e-06	6.670575e-06	2.308637e-08	4.775075e+01	1.371782e+03
1.660000e-06	6.669457e-06	2.308454e-08	4.774275e+01	1.371785e+03
1.670000e-06	6.666301e-06	2.308091e-08	4.772016e+01	1.371633e+03
1.680000e-06	6.660937e-06	2.307457e-08	4.768175e+01	1.371323e+03
1.690000e-06	6.653272e-06	2.306503e-08	4.762689e+01	1.370854e+03
1.700000e-06	6.643543e-06	2.305227e-08	4.755725e+01	1.370223e+03
1.710000e-06	6.631633e-06	2.303721e-08	4.747198e+01	1.369432e+03
1.720000e-06	6.617282e-06	2.301647e-08	4.736926e+01	1.368484e+03
1.730000e-06	6.600821e-06	2.300444e-08	4.725142e+01	1.367386e+03
1.740000e-06	6.582404e-06	2.301264e-08	4.711959e+01	1.366147e+03
1.750000e-06	6.561343e-06	2.299648e-08	4.696882e+01	1.364778e+03
1.760000e-06	6.537124e-06	2.294858e-08	4.679545e+01	1.363292e+03
1.770000e-06	6.510181e-06	2.290459e-08	4.660259e+01	1.361701e+03
1.780000e-06	6.480928e-06	2.284886e-08	4.639318e+01	1.360013e+03
1.790000e-06	6.449688e-06	2.282313e-08	4.616955e+01	1.358231e+03
1.800000e-06	6.416899e-06	2.284227e-08	4.593483e+01	1.356352e+03
1.810000e-06	6.382250e-06	2.277316e-08	4.568680e+01	1.354369e+03
1.820000e-06	6.345374e-06	2.273448e-08	4.542283e+01	1.352270e+03
1.830000e-06	6.306301e-06	2.275081e-08	4.514313e+01	1.350044e+03
1.840000e-06	6.264960e-06	2.268170e-08	4.484719e+01	1.347682e+03
1.850000e-06	6.221558e-06	2.262961e-08	4.453650e+01	1.345176e+03
1.860000e-06	6.176033e-06	2.257199e-08	4.421062e+01	1.342527e+03
1.870000e-06	6.128056e-06	2.252244e-08	4.386717e+01	1.339735e+03
1.880000e-06	6.077837e-06	2.250976e-08	4.350768e+01	1.336803e+03
1.890000e-06	6.025153e-06	2.245466e-08	4.313055e+01	1.333734e+03
1.900000e-06	5.969968e-06	2.239198e-08	4.273551e+01	1.330530e+03
1.910000e-06	5.912671e-06	2.231896e-08	4.232536e+01	1.327191e+03
1.920000e-06	5.853328e-06	2.226349e-08	4.190056e+01	1.323717e+03
1.930000e-06	5.791864e-06	2.221606e-08	4.146057e+01	1.320107e+03
1.940000e-06	5.728171e-06	2.212435e-08	4.100463e+01	1.316361e+03
1.950000e-06	5.662438e-06	2.207393e-08	4.053409e+01	1.312480e+03
1.960000e-06	5.594689e-06	2.202452e-08	4.004911e+01	1.308466e+03
1.970000e-06	5.524685e-06	2.195406e-08	3.954799e+01	1.304316e+03
1.980000e-06	5.452599e-06	2.186182e-08	3.903197e+01	1.300029e+03
1.990000e-06	5.378570e-06	2.177022e-08	3.850204e+01	1.295602e+03
2.000000e-06	5.302474e-06	2.172272e-08	3.795731e+01	1.291028e+03
2.010000e-06	5.224216e-06	2.163878e-08	3.739711e+01	1.286302e+03
2.020000e-06	5.144025e-06	2.154437e-08	3.682307e+01	1.281419e+03
2.030000e-06	5.062139e-06	2.145694e-08	3.623690e+01	1.276378e+03
2.040000e-06	4.978472e-06	2.138034e-08	3.563797e+01	1.271175e+03
2.050000e-06	4.892913e-06	2.129458e-08	3.502551e+01	1.265811e+03
2.060000e-06	4.805489e-06	2.118343e-08	3.439969e+01	1.260285e+03
2.070000e-06	4.716461e-06	2.109516e-08	3.376239e+01	1.254595e+03
2.080000e-06	4.625869e-06	2.100437e-08	3.311389e+01	1.248738e+03
2.090000e-06	4.533636e-06	2.090762e-08	3.245366e+01	1.242711e+03
2.100000e-06	4.439723e-06	2.078601e-08	3.178138e+01	1.236511e+03
2.110000e-06	4.344166e-06	2.066854e-08	3.109734e+01	1.230137e+03
2.120000e-06	4.247109e-06	2.057881e-08	3.040257e+01	1.223590e+03
2.130000e-06	4.148622e-06	2.046949e-08	2.969756e+01	1.216870e+03
2.140000e-06	4.048716e-06	2.035299e-08	2.898240e+01	1.209978e+03
2.150000e-06	3.947140e-06	2.022853e-08	2.825527e+01	1.202910e+03
2.160000e-06	3.843934e-06	2.011318e-08	2.751648e+01	1.195658e+03
2.170000e-06	3.739384e-06	1.998502e-08	2.676806e+01	1.188211e+03
2.180000e-06	3.633649e-06	1.984113e-08	2.601117e+01	1.180556e+03
2.190000e-06	3.526785e-06	1.971068e-08	2.524619e+01	1.172681e+03
2.200000e-06	3.418748e-06	1.958180e-08	2.447282e+01	1.164581e+03
2.210000e-06	3.309474e-06	1.945182e-08	2.369059e+01	1.156254e+03
2.220000e-06	3.198847e-06	1.930121e-08	2.289867e+01	1.147705e+03
2.230000e-06	3.086970e-06	1.914695e-08	2.209782e+01	1.138938e+03
2.240000e-06	2.973942e-06	1.900166e-08	2.128872e+01	1.129957e+03
2.250000e-06	2.859819e-06	1.885090e-08	2.047178e+01	1.120757e+03
2.260000e-06	2.744652e-06	1.868781e-08	1.964736e+01	1.111328e+03
2.270000e-06	2.628403e-06	1.851960e-08	1.881520e+01	1.101650e+03
2.280000e-06	2.511051e-06	1.835830e-08	1.797514e+01	1.091703e+03
2.290000e-06	2.392598e-06	1.818938e-08	1.712721e+01	1.081469e+03
2.300000e-06	2.273232e-06	1.800380e-08	1.627274e+01	1.070937e+03
2.310000e-06	2.153117e-06	1.781680e-08	1.541291e+01	1.060107e+03
2.320000e-06	2.032245e-06	1.763647e-08	1.454766e+01	1.048983e+03
2.330000e-06	1.910697e-06	1.745340e-08	1.367756e+01	1.037571e+03
2.340000e-06	1.788584e-06	1.725302e-08	1.280343e+01	1.025873e+03
2.350000e-06	1.665850e-06	1.704433e-08	1.192485e+01	1.013881e+03
2.360000e-06	1.542461e-06	1.684083e-08	1.104157e+01	1.001572e+03
2.370000e-06	1.418543e-06	1.663084e-08	1.015452e+01	9.889162e+02
2.380000e-06	1.294182e-06	1.640755e-08	9.264294e+00	9.758798e+02
2.390000e-06	1.169407e-06	1.617610e-08	8.371099e+00	9.624325e+02
2.400000e-06	1.044234e-06	1.594601e-08	7.475063e+00	9.485540e+02
2.410000e-06	9.186105e-07	1.571194e-08	6.575796e+00	9.342344e+02
2.420000e-06	7.925471e-07	1.546118e-08	5.673382e+00	9.194711e+02
2.430000e-06	6.661272e-07	1.519985e-08	4.768416e+00	9.042601e+02
2.440000e-06	5.394004e-07	1.493773e-08	3.861252e+00	8.885869e+02
2.450000e-06	4.124378e-07	1.467175e-08	2.952401e+00	8.724192e+02
2.460000e-06	2.853560e-07	1.439075e-08	2.042697e+00	8.557048e+02
2.470000e-06	1.581946e-07	1.409492e-08	1.132423e+00	8.383750e+02
2.480000e-06	3.093835e-08	1.379247e-08	2.214696e-01	8.203532e+02
2.490000e-06	-9.632779e-08	1.347819e-08	-6.895544e-01	8.015656e+02
2.500000e-06	-2.235537e-07	1.314620e-08	-1.600290e+00	7.819491e+02
2.510000e-06	-3.507384e-07	1.279805e-08	-2.510731e+00	7.614543e+02
2.520000e-06	-4.777399e-07	1.244093e-08	-3.419861e+00	7.400418e+02
2.530000e-06	-6.044932e-07	1.207182e-08	-4.327214e+00	7.176736e+02
2.540000e-06	-7.310019e-07	1.167823e-08	-5.232816e+00	6.943014e+02
2.550000e-06	-8.571960e-07	1.126248e-08	-6.136166e+00	6.698568e+02
2.560000e-06	-9.830040e-07	1.083232e-08	-7.036752e+00	6.442474e+02
2.570000e-06	-1.108407e-06	1.038458e-08	-7.934441e+00	6.173576e+02
2.580000e-06	-1.233393e-06	9.910049e-09	-8.829139e+00	5.890563e+02
2.590000e-06	-1.357923e-06	9.406459e-09	-9.720577e+00	5.592051e+02
2.600000e-06	-1.481984e-06	8.877118e-09	-1.060866e+01	5.276664e+02
2.610000e-06	-1.605478e-06	8.320793e-09	-1.149268e+01	4.943061e+02
2.620000e-06	-1.728261e-06	7.729181e-09	-1.237161e+01	4.589922e+02
2.630000e-06	-1.850373e-06	7.099211e-09	-1.324574e+01	4.215894e+02
2.640000e-06	-1.971900e-06	6.435132e-09	-1.411568e+01	3.819551e+02
2.650000e-06	-2.092819e-06	5.734986e-09	-1.498127e+01	3.399401e+02
2.660000e-06	-2.213040e-06	4.989213e-09	-1.584186e+01	2.953977e+02
2.670000e-06	-2.332482e-06	4.196208e-09	-1.669688e+01	2.482019e+02
2.680000e-06	-2.450995e-06	3.358380e-09	-1.754524e+01	1.982721e+02
2.690000e-06	-2.568444e-06	2.476534e-09	-1.838599e+01	1.455993e+02
2.700000e-06	-2.684874e-06	1.549371e-09	-1.921945e+01	9.026856e+01
2.710000e-06	-2.800306e-06	5.792965e-10	-2.004575e+01	3.247185e+01
2.720000e-06	-2.914628e-06	-4.238870e-10	-2.086412e+01	-2.749140e+01
2.730000e-06	-3.027686e-06	-1.455922e-09	-2.167344e+01	-8.922604e+01
2.740000e-06	-3.139423e-06	-2.513157e-09	-2.247330e+01	-1.522623e+02
2.750000e-06	-3.249874e-06	-3.586761e-09	-2.326395e+01	-2.160817e+02
2.760000e-06	-3.359147e-06	-4.665018e-09	-2.404617e+01	-2.801442e+02
2.770000e-06	-3.467373e-06	-5.735764e-09	-2.482090e+01	-3.439113e+02
2.780000e-06	-3.574532e-06	-6.792517e-09	-2.558799e+01	-4.068655e+02
2.790000e-06	-3.680494e-06	-7.829391e-09	-2.634650e+01	-4.685255e+02
2.800000e-06	-3.785221e-06	-8.837650e-09	-2.709618e+01	-5.284583e+02
2.810000e-06	-3.888600e-06	-9.810307e-09	-2.783622e+01	-5.862893e+02
2.820000e-06	-3.990433e-06	-1.074335e-08	-2.856518e+01	-6.417118e+02
2.830000e-06	-4.090720e-06	-1.163431e-08	-2.928307e+01	-6.944934e+02
2.840000e-06	-4.189564e-06	-1.247835e-08	-2.999064e+01	-7.444793e+02
2.850000e-06	-4.287049e-06	-1.327365e-08	-3.068848e+01	-7.915902e+02
2.860000e-06	-4.383172e-06	-1.402016e-08	-3.137657e+01	-8.358145e+02
2.870000e-06	-4.477721e-06	-1.471943e-08	-3.205339e+01	-8.771952e+02
2.880000e-06	-4.570539e-06	-1.537007e-08	-3.271782e+01	-9.158149e+02
2.890000e-06	-4.661756e-06	-1.597374e-08	-3.337079e+01	-9.517806e+02
2.900000e-06	-4.751378e-06	-1.653805e-08	-3.401234e+01	-9.852120e+02
2.910000e-06	-4.839339e-06	-1.706308e-08	-3.464200e+01	-1.016235e+03
2.920000e-06	-4.925521e-06	-1.754831e-08	-3.525893e+01	-1.044977e+03
2.930000e-06	-5.009831e-06	-1.799672e-08	-3.586245e+01	-1.071572e+03
2.940000e-06	-5.092414e-06	-1.841236e-08	-3.645362e+01	-1.096158e+03
2.950000e-06	-5.173353e-06	-1.879855e-08	-3.703301e+01	-1.118880e+03
2.960000e-06	-5.252491e-06	-1.915514e-08	-3.759951e+01	-1.139884e+03
2.970000e-06	-5.329503e-06	-1.948520e-08	-3.815080e+01	-1.159314e+03
2.980000e-06	-5.404353e-06	-1.979245e-08	-3.868661e+01	-1.177306e+03
2.990000e-06	-5.477261e-06	-2.007617e-08	-3.920851e+01	-1.193979e+03
3.000000e-06	-5.548248e-06	-2.033638e-08	-3.971667e+01	-1.209435e+03
3.010000e-06	-5.617127e-06	-2.057629e-08	-4.020973e+01	-1.223761e+03
3.020000e-06	-5.683954e-06	-2.079913e-08	-4.068811e+01	-1.237032e+03
3.030000e-06	-5.748882e-06	-2.100659e-08	-4.115289e+01	-1.249313e+03
3.040000e-06	-5.811827e-06	-2.119798e-08	-4.160348e+01	-1.260670e+03
3.050000e-06	-5.872628e-06	-2.137576e-08	-4.203871e+01	-1.271168e+03
3.060000e-06	-5.931295e-06	-2.154456e-08	-4.245868e+01	-1.280870e+03
3.070000e-06	-5.987933e-06	-2.170283e-08	-4.286412e+01	-1.289837e+03
3.080000e-06	-6.042384e-06	-2.184665e-08	-4.325390e+01	-1.298123e+03
3.090000e-06	-6.094451e-06	-2.197446e-08	-4.362661e+01	-1.305774e+03
3.100000e-06	-6.144060e-06	-2.209183e-08	-4.398174e+01	-1.312825e+03
3.110000e-06	-6.191180e-06	-2.220039e-08	-4.431904e+01	-1.319306e+03
3.120000e-06	-6.236093e-06	-2.230062e-08	-4.464055e+01	-1.325247e+03
3.130000e-06	-6.279092e-06	-2.239483e-08	-4.494835e+01	-1.330677e+03
3.140000e-06	-6.320072e-06	-2.248283e-08	-4.524171e+01	-1.335630e+03
3.150000e-06	-6.358815e-06	-2.256317e-08	-4.551904e+01	-1.340145e+03
3.160000e-06	-6.395268e-06	-2.263440e-08	-4.577999e+01	-1.344260e+03
3.170000e-06	-6.429536e-06	-2.269611e-08	-4.602530e+01	-1.348009e+03
3.180000e-06	-6.461516e-06	-2.274913e-08	-4.625422e+01	-1.351420e+03
3.190000e-06	-6.491023e-06	-2.279892e-08	-4.646544e+01	-1.354509e+03
3.200000e-06	-6.518217e-06	-2.284670e-08	-4.666011e+01	-1.357286e+03
3.210000e-06	-6.543228e-06	-2.289033e-08	-4.683915e+01	-1.359752e+03
3.220000e-06	-6.565914e-06	-2.292873e-08	-4.700154e+01	-1.361910e+03
3.230000e-06	-6.586233e-06	-2.296384e-08	-4.714700e+01	-1.363764e+03
3.240000e-06	-6.604311e-06	-2.299502e-08	-4.727640e+01	-1.365328e+03
3.250000e-06	-6.620058e-06	-2.301885e-08	-4.738913e+01	-1.366620e+03
3.260000e-06	-6.633122e-06	-2.303499e-08	-4.748264e+01	-1.367666e+03
3.270000e-06	-6.643601e-06	-2.304732e-08	-4.755766e+01	-1.368493e+03
3.280000e-06	-6.651811e-06	-2.305902e-08	-4.761643e+01	-1.369126e+03
3.290000e-06	-6.657622e-06	-2.306736e-08	-4.765803e+01	-1.369583e+03
3.300000e-06	-6.661071e-06	-2.307275e-08	-4.768272e+01	-1.369879e+03
3.310000e-06	-6.662368e-06	-2.307849e-08	-4.769200e+01	-1.370019e+03
