# Temperatura_=_29.12
# Concentracion g/m^3_=_11000.0
# C_Vs_to_Am_M_A/Vsm_=_59384043850.047264
# pendiente_HvsI_1/m_=_3716.3
# ordenada_HvsI_A/m_=_1297.0
# frecuencia_Hz_=_301310.24891093635

Tiempo_(s)	Campo_(V.s)	Magnetizacion_(V.s)	Campo_(kA/m)	Magnetizacion_(A/m)
0.000000e+00	-5.418987e-06	-3.188071e-09	-3.842705e+01	-1.886892e+02
1.000000e-08	-5.417532e-06	-3.184369e-09	-3.841673e+01	-1.888287e+02
2.000000e-08	-5.414133e-06	-3.181927e-09	-3.839263e+01	-1.889238e+02
3.000000e-08	-5.408969e-06	-3.182493e-09	-3.835601e+01	-1.889830e+02
4.000000e-08	-5.402221e-06	-3.183546e-09	-3.830816e+01	-1.890074e+02
5.000000e-08	-5.393822e-06	-3.185322e-09	-3.824860e+01	-1.889911e+02
6.000000e-08	-5.383497e-06	-3.186079e-09	-3.817538e+01	-1.889238e+02
7.000000e-08	-5.371142e-06	-3.185664e-09	-3.808777e+01	-1.887957e+02
8.000000e-08	-5.356903e-06	-3.192852e-09	-3.798680e+01	-1.886014e+02
9.000000e-08	-5.340467e-06	-3.173525e-09	-3.787025e+01	-1.883432e+02
1.000000e-07	-5.321656e-06	-3.125080e-09	-3.773685e+01	-1.880304e+02
1.100000e-07	-5.300826e-06	-3.131900e-09	-3.758915e+01	-1.876767e+02
1.200000e-07	-5.278170e-06	-3.162415e-09	-3.742849e+01	-1.872956e+02
1.300000e-07	-5.253966e-06	-3.154643e-09	-3.725685e+01	-1.868960e+02
1.400000e-07	-5.228363e-06	-3.194652e-09	-3.707530e+01	-1.864791e+02
1.500000e-07	-5.201098e-06	-3.147789e-09	-3.688196e+01	-1.860387e+02
1.600000e-07	-5.172035e-06	-3.064654e-09	-3.667587e+01	-1.855631e+02
1.700000e-07	-5.141388e-06	-3.166952e-09	-3.645854e+01	-1.850397e+02
1.800000e-07	-5.109096e-06	-3.121951e-09	-3.622955e+01	-1.844592e+02
1.900000e-07	-5.074689e-06	-3.031770e-09	-3.598557e+01	-1.838185e+02
2.000000e-07	-5.038512e-06	-3.089912e-09	-3.572903e+01	-1.831212e+02
2.100000e-07	-5.000837e-06	-3.056168e-09	-3.546187e+01	-1.823765e+02
2.200000e-07	-4.961349e-06	-3.073340e-09	-3.518185e+01	-1.815952e+02
2.300000e-07	-4.920039e-06	-3.083965e-09	-3.488891e+01	-1.807868e+02
2.400000e-07	-4.876806e-06	-2.992175e-09	-3.458234e+01	-1.799563e+02
2.500000e-07	-4.831687e-06	-3.003721e-09	-3.426240e+01	-1.791039e+02
2.600000e-07	-4.784808e-06	-3.008297e-09	-3.392997e+01	-1.782255e+02
2.700000e-07	-4.736056e-06	-2.987206e-09	-3.358426e+01	-1.773153e+02
2.800000e-07	-4.685266e-06	-2.970199e-09	-3.322409e+01	-1.763679e+02
2.900000e-07	-4.632422e-06	-2.925629e-09	-3.284937e+01	-1.753802e+02
3.000000e-07	-4.577759e-06	-2.941966e-09	-3.246174e+01	-1.743521e+02
3.100000e-07	-4.521545e-06	-2.929916e-09	-3.206312e+01	-1.732856e+02
3.200000e-07	-4.463732e-06	-2.882537e-09	-3.165316e+01	-1.721837e+02
3.300000e-07	-4.404202e-06	-2.850676e-09	-3.123102e+01	-1.710484e+02
3.400000e-07	-4.343099e-06	-2.855963e-09	-3.079772e+01	-1.698803e+02
3.500000e-07	-4.280582e-06	-2.862723e-09	-3.035441e+01	-1.686777e+02
3.600000e-07	-4.216651e-06	-2.805284e-09	-2.990106e+01	-1.674382e+02
3.700000e-07	-4.151208e-06	-2.781418e-09	-2.943699e+01	-1.661588e+02
3.800000e-07	-4.084103e-06	-2.777638e-09	-2.896114e+01	-1.648370e+02
3.900000e-07	-4.015395e-06	-2.748222e-09	-2.847392e+01	-1.634716e+02
4.000000e-07	-3.945321e-06	-2.721321e-09	-2.797701e+01	-1.620618e+02
4.100000e-07	-3.873964e-06	-2.680522e-09	-2.747100e+01	-1.606072e+02
4.200000e-07	-3.801234e-06	-2.668076e-09	-2.695526e+01	-1.591071e+02
4.300000e-07	-3.726967e-06	-2.654910e-09	-2.642862e+01	-1.575603e+02
4.400000e-07	-3.651092e-06	-2.622951e-09	-2.589057e+01	-1.559650e+02
4.500000e-07	-3.573751e-06	-2.588367e-09	-2.534214e+01	-1.543198e+02
4.600000e-07	-3.495001e-06	-2.560587e-09	-2.478370e+01	-1.526237e+02
4.700000e-07	-3.414808e-06	-2.538365e-09	-2.421504e+01	-1.508769e+02
4.800000e-07	-3.333322e-06	-2.490392e-09	-2.363721e+01	-1.490805e+02
4.900000e-07	-3.250660e-06	-2.452930e-09	-2.305104e+01	-1.472363e+02
5.000000e-07	-3.166951e-06	-2.428739e-09	-2.245744e+01	-1.453463e+02
5.100000e-07	-3.082318e-06	-2.408362e-09	-2.185729e+01	-1.434123e+02
5.200000e-07	-2.996733e-06	-2.378191e-09	-2.125040e+01	-1.414356e+02
5.300000e-07	-2.910149e-06	-2.338198e-09	-2.063641e+01	-1.394178e+02
5.400000e-07	-2.822581e-06	-2.303866e-09	-2.001545e+01	-1.373604e+02
5.500000e-07	-2.734097e-06	-2.266194e-09	-1.938799e+01	-1.352652e+02
5.600000e-07	-2.644602e-06	-2.224497e-09	-1.875336e+01	-1.331337e+02
5.700000e-07	-2.553958e-06	-2.183303e-09	-1.811059e+01	-1.309665e+02
5.800000e-07	-2.462241e-06	-2.155735e-09	-1.746021e+01	-1.287622e+02
5.900000e-07	-2.369672e-06	-2.129450e-09	-1.680379e+01	-1.265173e+02
6.000000e-07	-2.276429e-06	-2.089233e-09	-1.614258e+01	-1.242258e+02
6.100000e-07	-2.182469e-06	-2.043273e-09	-1.547630e+01	-1.218805e+02
6.200000e-07	-2.087753e-06	-2.001392e-09	-1.480464e+01	-1.194745e+02
6.300000e-07	-1.992318e-06	-1.963056e-09	-1.412790e+01	-1.170030e+02
6.400000e-07	-1.896208e-06	-1.919547e-09	-1.344637e+01	-1.144648e+02
6.500000e-07	-1.799443e-06	-1.875985e-09	-1.276019e+01	-1.118621e+02
6.600000e-07	-1.701976e-06	-1.839366e-09	-1.206903e+01	-1.092000e+02
6.700000e-07	-1.603684e-06	-1.800726e-09	-1.137202e+01	-1.064846e+02
6.800000e-07	-1.504654e-06	-1.750930e-09	-1.066978e+01	-1.037205e+02
6.900000e-07	-1.405109e-06	-1.696158e-09	-9.963890e+00	-1.009095e+02
7.000000e-07	-1.305054e-06	-1.647641e-09	-9.254380e+00	-9.804995e+01
7.100000e-07	-1.204545e-06	-1.603649e-09	-8.541652e+00	-9.513762e+01
7.200000e-07	-1.103707e-06	-1.555252e-09	-7.826593e+00	-9.216780e+01
7.300000e-07	-1.002576e-06	-1.504031e-09	-7.109456e+00	-8.913755e+01
7.400000e-07	-9.011188e-07	-1.453559e-09	-6.390002e+00	-8.604739e+01
7.500000e-07	-7.992932e-07	-1.401012e-09	-5.667938e+00	-8.290185e+01
7.600000e-07	-6.971695e-07	-1.342255e-09	-4.943759e+00	-7.970847e+01
7.700000e-07	-5.948140e-07	-1.282594e-09	-4.217937e+00	-7.647566e+01
7.800000e-07	-4.922737e-07	-1.231178e-09	-3.490804e+00	-7.321018e+01
7.900000e-07	-3.895513e-07	-1.183398e-09	-2.762381e+00	-6.991516e+01
8.000000e-07	-2.866597e-07	-1.131935e-09	-2.032758e+00	-6.658930e+01
8.100000e-07	-1.836882e-07	-1.074205e-09	-1.302567e+00	-6.322756e+01
8.200000e-07	-8.069235e-08	-1.015246e-09	-5.722046e-01	-5.982297e+01
8.300000e-07	2.234845e-08	-9.578182e-10	1.584770e-01	-5.636894e+01
8.400000e-07	1.254385e-07	-8.969473e-10	8.895079e-01	-5.286119e+01
8.500000e-07	2.284710e-07	-8.337149e-10	1.620130e+00	-4.929876e+01
8.600000e-07	3.313532e-07	-7.730147e-10	2.349688e+00	-4.568384e+01
8.700000e-07	4.341136e-07	-7.161219e-10	3.078381e+00	-4.202079e+01
8.800000e-07	5.367565e-07	-6.561838e-10	3.806240e+00	-3.831482e+01
8.900000e-07	6.391733e-07	-5.906603e-10	4.532497e+00	-3.457101e+01
9.000000e-07	7.413702e-07	-5.243496e-10	5.257194e+00	-3.079386e+01
9.100000e-07	8.433014e-07	-4.602640e-10	5.980008e+00	-2.698751e+01
9.200000e-07	9.448779e-07	-3.966452e-10	6.700306e+00	-2.315619e+01
9.300000e-07	1.046098e-06	-3.309013e-10	7.418077e+00	-1.930442e+01
9.400000e-07	1.146964e-06	-2.654731e-10	8.133339e+00	-1.543665e+01
9.500000e-07	1.247531e-06	-2.022781e-10	8.846472e+00	-1.155626e+01
9.600000e-07	1.347743e-06	-1.374623e-10	9.557095e+00	-7.664323e+00
9.700000e-07	1.447477e-06	-6.887036e-11	1.026433e+01	-3.758707e+00
9.800000e-07	1.546636e-06	-1.369574e-12	1.096749e+01	1.659463e-01
9.900000e-07	1.645090e-06	6.295064e-11	1.166564e+01	4.117139e+00
1.000000e-06	1.742785e-06	1.275173e-10	1.235842e+01	8.102525e+00
1.010000e-06	1.839782e-06	1.951646e-10	1.304624e+01	1.212766e+01
1.020000e-06	1.936093e-06	2.648071e-10	1.372920e+01	1.619430e+01
1.030000e-06	2.031692e-06	3.349733e-10	1.440711e+01	2.029998e+01
1.040000e-06	2.126570e-06	4.056150e-10	1.507990e+01	2.443901e+01
1.050000e-06	2.220697e-06	4.772119e-10	1.574738e+01	2.860468e+01
1.060000e-06	2.314088e-06	5.487779e-10	1.640963e+01	3.279182e+01
1.070000e-06	2.406836e-06	6.172311e-10	1.706733e+01	3.699866e+01
1.080000e-06	2.498952e-06	6.850411e-10	1.772053e+01	4.122742e+01
1.090000e-06	2.590150e-06	7.568570e-10	1.836724e+01	4.548318e+01
1.100000e-06	2.680197e-06	8.313631e-10	1.900578e+01	4.977147e+01
1.110000e-06	2.769141e-06	9.048825e-10	1.963650e+01	5.409552e+01
1.120000e-06	2.857034e-06	9.781605e-10	2.025976e+01	5.845405e+01
1.130000e-06	2.943940e-06	1.053478e-09	2.087603e+01	6.284042e+01
1.140000e-06	3.029873e-06	1.128646e-09	2.148540e+01	6.724351e+01
1.150000e-06	3.114875e-06	1.201137e-09	2.208816e+01	7.164969e+01
1.160000e-06	3.198890e-06	1.272579e-09	2.268392e+01	7.604538e+01
1.170000e-06	3.281713e-06	1.344632e-09	2.327124e+01	8.041899e+01
1.180000e-06	3.363332e-06	1.417491e-09	2.385002e+01	8.476177e+01
1.190000e-06	3.443711e-06	1.492279e-09	2.442000e+01	8.906735e+01
1.200000e-06	3.522865e-06	1.566615e-09	2.498129e+01	9.333029e+01
1.210000e-06	3.600845e-06	1.640143e-09	2.553427e+01	9.754464e+01
1.220000e-06	3.677516e-06	1.712331e-09	2.607796e+01	1.017029e+02
1.230000e-06	3.752762e-06	1.780649e-09	2.661154e+01	1.057962e+02
1.240000e-06	3.826473e-06	1.845281e-09	2.713424e+01	1.098154e+02
1.250000e-06	3.898673e-06	1.908225e-09	2.764622e+01	1.137524e+02
1.260000e-06	3.969495e-06	1.971604e-09	2.814843e+01	1.176014e+02
1.270000e-06	4.038989e-06	2.034175e-09	2.864123e+01	1.213593e+02
1.280000e-06	4.107166e-06	2.097875e-09	2.912468e+01	1.250246e+02
1.290000e-06	4.173807e-06	2.161992e-09	2.959724e+01	1.285962e+02
1.300000e-06	4.238753e-06	2.223434e-09	3.005779e+01	1.320713e+02
1.310000e-06	4.302203e-06	2.280357e-09	3.050772e+01	1.354449e+02
1.320000e-06	4.364256e-06	2.334496e-09	3.094776e+01	1.387099e+02
1.330000e-06	4.424955e-06	2.386954e-09	3.137818e+01	1.418584e+02
1.340000e-06	4.484147e-06	2.437125e-09	3.179792e+01	1.448842e+02
1.350000e-06	4.541599e-06	2.484410e-09	3.220533e+01	1.477844e+02
1.360000e-06	4.597360e-06	2.529994e-09	3.260074e+01	1.505598e+02
1.370000e-06	4.651472e-06	2.576165e-09	3.298446e+01	1.532147e+02
1.380000e-06	4.703706e-06	2.622228e-09	3.335486e+01	1.557546e+02
1.390000e-06	4.753867e-06	2.666553e-09	3.371056e+01	1.581839e+02
1.400000e-06	4.802114e-06	2.707990e-09	3.405269e+01	1.605042e+02
1.410000e-06	4.848652e-06	2.746844e-09	3.438270e+01	1.627139e+02
1.420000e-06	4.893617e-06	2.781194e-09	3.470155e+01	1.648097e+02
1.430000e-06	4.936921e-06	2.811095e-09	3.500863e+01	1.667885e+02
1.440000e-06	4.978289e-06	2.839660e-09	3.530198e+01	1.686506e+02
1.450000e-06	5.017809e-06	2.868723e-09	3.558222e+01	1.704008e+02
1.460000e-06	5.055720e-06	2.898058e-09	3.585105e+01	1.720481e+02
1.470000e-06	5.092036e-06	2.927942e-09	3.610858e+01	1.736037e+02
1.480000e-06	5.126495e-06	2.956563e-09	3.635293e+01	1.750776e+02
1.490000e-06	5.158960e-06	2.981254e-09	3.658315e+01	1.764756e+02
1.500000e-06	5.189656e-06	3.001524e-09	3.680082e+01	1.777977e+02
1.510000e-06	5.218724e-06	3.018092e-09	3.700695e+01	1.790383e+02
1.520000e-06	5.245964e-06	3.033183e-09	3.720011e+01	1.801896e+02
1.530000e-06	5.271113e-06	3.048451e-09	3.737845e+01	1.812452e+02
1.540000e-06	5.294319e-06	3.063957e-09	3.754300e+01	1.822038e+02
1.550000e-06	5.315809e-06	3.079408e-09	3.769539e+01	1.830716e+02
1.560000e-06	5.335544e-06	3.094467e-09	3.783534e+01	1.838610e+02
1.570000e-06	5.353339e-06	3.109482e-09	3.796152e+01	1.845879e+02
1.580000e-06	5.369102e-06	3.122990e-09	3.807330e+01	1.852665e+02
1.590000e-06	5.382882e-06	3.132923e-09	3.817102e+01	1.859053e+02
1.600000e-06	5.394663e-06	3.139457e-09	3.825456e+01	1.865045e+02
1.610000e-06	5.404273e-06	3.144689e-09	3.832271e+01	1.870562e+02
1.620000e-06	5.411834e-06	3.150102e-09	3.837632e+01	1.875484e+02
1.630000e-06	5.417621e-06	3.156077e-09	3.841736e+01	1.879689e+02
1.640000e-06	5.421641e-06	3.163191e-09	3.844587e+01	1.883109e+02
1.650000e-06	5.423634e-06	3.169219e-09	3.846000e+01	1.885750e+02
1.660000e-06	5.423621e-06	3.173425e-09	3.845991e+01	1.887694e+02
1.670000e-06	5.421885e-06	3.181086e-09	3.844760e+01	1.889072e+02
1.680000e-06	5.418549e-06	3.184105e-09	3.842395e+01	1.890010e+02
1.690000e-06	5.413442e-06	3.181965e-09	3.838773e+01	1.890591e+02
1.700000e-06	5.406370e-06	3.178348e-09	3.833758e+01	1.890822e+02
1.710000e-06	5.397590e-06	3.174930e-09	3.827532e+01	1.890644e+02
1.720000e-06	5.387191e-06	3.174829e-09	3.820158e+01	1.889952e+02
1.730000e-06	5.374939e-06	3.165677e-09	3.811470e+01	1.888648e+02
1.740000e-06	5.360697e-06	3.157459e-09	3.801370e+01	1.886683e+02
1.750000e-06	5.344447e-06	3.214723e-09	3.789847e+01	1.884080e+02
1.760000e-06	5.325931e-06	3.220452e-09	3.776717e+01	1.880936e+02
1.770000e-06	5.304817e-06	3.169471e-09	3.761745e+01	1.877387e+02
1.780000e-06	5.281401e-06	3.152649e-09	3.745140e+01	1.873570e+02
1.790000e-06	5.256547e-06	3.056959e-09	3.727516e+01	1.869568e+02
1.800000e-06	5.230796e-06	3.135294e-09	3.709255e+01	1.865394e+02
1.810000e-06	5.203580e-06	3.213764e-09	3.689955e+01	1.860980e+02
1.820000e-06	5.174172e-06	3.033999e-09	3.669102e+01	1.856210e+02
1.830000e-06	5.142986e-06	3.121526e-09	3.646987e+01	1.850958e+02
1.840000e-06	5.110114e-06	3.186736e-09	3.623677e+01	1.845132e+02
1.850000e-06	5.075360e-06	3.061140e-09	3.599033e+01	1.838704e+02
1.860000e-06	5.039032e-06	3.134526e-09	3.573272e+01	1.831714e+02
1.870000e-06	5.000808e-06	3.041733e-09	3.546167e+01	1.824252e+02
1.880000e-06	4.960656e-06	2.984058e-09	3.517694e+01	1.816429e+02
1.890000e-06	4.918898e-06	3.118111e-09	3.488082e+01	1.808337e+02
1.900000e-06	4.875368e-06	3.032193e-09	3.457215e+01	1.800026e+02
1.910000e-06	4.830123e-06	3.018926e-09	3.425131e+01	1.791494e+02
1.920000e-06	4.783050e-06	3.006008e-09	3.391750e+01	1.782701e+02
1.930000e-06	4.734064e-06	2.967475e-09	3.357013e+01	1.773587e+02
1.940000e-06	4.683501e-06	3.036241e-09	3.321158e+01	1.764100e+02
1.950000e-06	4.631100e-06	2.913853e-09	3.283999e+01	1.754209e+02
1.960000e-06	4.576688e-06	2.913888e-09	3.245415e+01	1.743914e+02
1.970000e-06	4.520508e-06	2.961721e-09	3.205577e+01	1.733238e+02
1.980000e-06	4.462723e-06	2.915023e-09	3.164600e+01	1.722207e+02
1.990000e-06	4.403480e-06	2.897204e-09	3.122590e+01	1.710844e+02
2.000000e-06	4.342541e-06	2.816094e-09	3.079377e+01	1.699151e+02
2.010000e-06	4.279904e-06	2.877819e-09	3.034960e+01	1.687114e+02
2.020000e-06	4.215789e-06	2.853706e-09	2.989495e+01	1.674706e+02
2.030000e-06	4.150211e-06	2.775350e-09	2.942992e+01	1.661897e+02
2.040000e-06	4.083225e-06	2.791081e-09	2.895491e+01	1.648665e+02
2.050000e-06	4.014687e-06	2.746410e-09	2.846890e+01	1.634996e+02
2.060000e-06	3.944535e-06	2.763432e-09	2.797143e+01	1.620883e+02
2.070000e-06	3.872926e-06	2.700441e-09	2.746364e+01	1.606322e+02
2.080000e-06	3.799949e-06	2.671165e-09	2.694615e+01	1.591305e+02
2.090000e-06	3.725581e-06	2.683472e-09	2.641879e+01	1.575821e+02
2.100000e-06	3.649768e-06	2.638699e-09	2.588118e+01	1.559851e+02
2.110000e-06	3.572456e-06	2.613903e-09	2.533295e+01	1.543381e+02
2.120000e-06	3.493626e-06	2.555126e-09	2.477395e+01	1.526403e+02
2.130000e-06	3.413517e-06	2.563400e-09	2.420589e+01	1.508918e+02
2.140000e-06	3.332281e-06	2.534820e-09	2.362982e+01	1.490937e+02
2.150000e-06	3.249964e-06	2.487978e-09	2.304610e+01	1.472480e+02
2.160000e-06	3.166639e-06	2.456881e-09	2.245523e+01	1.453565e+02
2.170000e-06	3.082146e-06	2.422721e-09	2.185607e+01	1.434210e+02
2.180000e-06	2.996306e-06	2.410269e-09	2.124736e+01	1.414429e+02
2.190000e-06	2.909232e-06	2.351821e-09	2.062991e+01	1.394238e+02
2.200000e-06	2.821220e-06	2.319435e-09	2.000580e+01	1.373651e+02
2.210000e-06	2.732292e-06	2.293225e-09	1.937519e+01	1.352686e+02
2.220000e-06	2.642446e-06	2.265494e-09	1.873808e+01	1.331359e+02
2.230000e-06	2.551784e-06	2.217842e-09	1.809518e+01	1.309674e+02
2.240000e-06	2.460291e-06	2.162401e-09	1.744638e+01	1.287619e+02
2.250000e-06	2.367904e-06	2.141496e-09	1.679125e+01	1.265156e+02
2.260000e-06	2.274536e-06	2.107873e-09	1.612916e+01	1.242223e+02
2.270000e-06	2.180242e-06	2.065012e-09	1.546051e+01	1.218751e+02
2.280000e-06	2.085100e-06	2.014973e-09	1.478583e+01	1.194669e+02
2.290000e-06	1.989255e-06	1.980153e-09	1.410618e+01	1.169931e+02
2.300000e-06	1.892849e-06	1.941506e-09	1.342255e+01	1.144525e+02
2.310000e-06	1.795790e-06	1.881403e-09	1.273429e+01	1.118477e+02
2.320000e-06	1.698034e-06	1.827440e-09	1.204107e+01	1.091837e+02
2.330000e-06	1.599717e-06	1.790771e-09	1.134389e+01	1.064666e+02
2.340000e-06	1.501006e-06	1.756929e-09	1.064391e+01	1.037009e+02
2.350000e-06	1.401880e-06	1.702524e-09	9.940991e+00	1.008883e+02
2.360000e-06	1.302234e-06	1.645329e-09	9.234387e+00	9.802702e+01
2.370000e-06	1.202083e-06	1.601015e-09	8.524194e+00	9.511279e+01
2.380000e-06	1.101588e-06	1.554757e-09	7.811564e+00	9.214093e+01
2.390000e-06	1.000767e-06	1.495522e-09	7.096628e+00	8.910859e+01
2.400000e-06	8.994461e-07	1.437545e-09	6.378141e+00	8.601644e+01
2.410000e-06	7.975910e-07	1.393636e-09	5.655867e+00	8.286913e+01
2.420000e-06	6.953823e-07	1.351795e-09	4.931086e+00	7.967428e+01
2.430000e-06	5.929037e-07	1.291229e-09	4.204391e+00	7.644028e+01
2.440000e-06	4.901735e-07	1.224044e-09	3.475912e+00	7.317380e+01
2.450000e-06	3.872205e-07	1.170145e-09	2.745853e+00	6.987781e+01
2.460000e-06	2.841178e-07	1.120845e-09	2.014732e+00	6.655086e+01
2.470000e-06	1.809544e-07	1.059675e-09	1.283181e+00	6.318779e+01
2.480000e-06	7.768088e-08	9.920464e-10	5.508496e-01	5.978162e+01
2.490000e-06	-2.563668e-08	9.374057e-10	-1.817945e-01	5.632582e+01
2.500000e-06	-1.289169e-07	8.873267e-10	-9.141739e-01	5.281620e+01
2.510000e-06	-2.321327e-07	8.259626e-10	-1.646096e+00	4.925192e+01
2.520000e-06	-3.352454e-07	7.582520e-10	-2.377288e+00	4.563528e+01
2.530000e-06	-4.382040e-07	6.975252e-10	-3.107387e+00	4.197068e+01
2.540000e-06	-5.409717e-07	6.429410e-10	-3.836132e+00	3.826337e+01
2.550000e-06	-6.434844e-07	5.785184e-10	-4.563068e+00	3.451837e+01
2.560000e-06	-7.456604e-07	5.078754e-10	-5.287618e+00	3.074019e+01
2.570000e-06	-8.474925e-07	4.433294e-10	-6.009728e+00	2.693295e+01
2.580000e-06	-9.488760e-07	3.838792e-10	-6.728657e+00	2.310091e+01
2.590000e-06	-1.049745e-06	3.194897e-10	-7.443936e+00	1.924858e+01
2.600000e-06	-1.150200e-06	2.492373e-10	-8.156284e+00	1.538040e+01
2.610000e-06	-1.250304e-06	1.861007e-10	-8.866142e+00	1.149967e+01
2.620000e-06	-1.350024e-06	1.268970e-10	-9.573269e+00	7.607384e+00
2.630000e-06	-1.449247e-06	6.127972e-11	-1.027688e+01	3.701280e+00
2.640000e-06	-1.547934e-06	-1.114027e-11	-1.097669e+01	-2.241013e-01
2.650000e-06	-1.646118e-06	-8.140436e-11	-1.167293e+01	-4.176307e+00
2.660000e-06	-1.743781e-06	-1.439307e-10	-1.236548e+01	-8.162953e+00
2.670000e-06	-1.840875e-06	-2.104768e-10	-1.305399e+01	-1.218948e+01
2.680000e-06	-1.937346e-06	-2.829879e-10	-1.373808e+01	-1.625750e+01
2.690000e-06	-2.033268e-06	-3.524665e-10	-1.441828e+01	-2.036440e+01
2.700000e-06	-2.128643e-06	-4.175791e-10	-1.509461e+01	-2.450441e+01
2.710000e-06	-2.223242e-06	-4.848660e-10	-1.576542e+01	-2.867084e+01
2.720000e-06	-2.316840e-06	-5.593093e-10	-1.642915e+01	-3.285860e+01
2.730000e-06	-2.409453e-06	-6.326948e-10	-1.708588e+01	-3.706609e+01
2.740000e-06	-2.501165e-06	-7.003320e-10	-1.773623e+01	-4.129563e+01
2.750000e-06	-2.591951e-06	-7.702258e-10	-1.838001e+01	-4.555238e+01
2.760000e-06	-2.681794e-06	-8.463902e-10	-1.901710e+01	-4.984183e+01
2.770000e-06	-2.770670e-06	-9.215641e-10	-1.964734e+01	-5.416708e+01
2.780000e-06	-2.858657e-06	-9.917124e-10	-2.027127e+01	-5.852667e+01
2.790000e-06	-2.945820e-06	-1.063390e-09	-2.088936e+01	-6.291377e+01
2.800000e-06	-3.031925e-06	-1.140621e-09	-2.149995e+01	-6.731713e+01
2.810000e-06	-3.116778e-06	-1.216703e-09	-2.210165e+01	-7.172308e+01
2.820000e-06	-3.200448e-06	-1.287338e-09	-2.269497e+01	-7.611808e+01
2.830000e-06	-3.283065e-06	-1.358571e-09	-2.328083e+01	-8.049064e+01
2.840000e-06	-3.364590e-06	-1.434446e-09	-2.385894e+01	-8.483211e+01
2.850000e-06	-3.444976e-06	-1.508980e-09	-2.442897e+01	-8.913617e+01
2.860000e-06	-3.524208e-06	-1.577848e-09	-2.499082e+01	-9.339741e+01
2.870000e-06	-3.602059e-06	-1.645735e-09	-2.554287e+01	-9.760981e+01
2.880000e-06	-3.678344e-06	-1.717695e-09	-2.608383e+01	-1.017658e+02
2.890000e-06	-3.753171e-06	-1.789792e-09	-2.661444e+01	-1.058566e+02
2.900000e-06	-3.826638e-06	-1.856013e-09	-2.713541e+01	-1.098729e+02
2.910000e-06	-3.898765e-06	-1.919278e-09	-2.764687e+01	-1.138067e+02
2.920000e-06	-3.969537e-06	-1.984450e-09	-2.814873e+01	-1.176524e+02
2.930000e-06	-4.038773e-06	-2.050016e-09	-2.863969e+01	-1.214069e+02
2.940000e-06	-4.106451e-06	-2.110900e-09	-2.911961e+01	-1.250689e+02
2.950000e-06	-4.172734e-06	-2.169290e-09	-2.958964e+01	-1.286370e+02
2.960000e-06	-4.237655e-06	-2.229778e-09	-3.005000e+01	-1.321085e+02
2.970000e-06	-4.301205e-06	-2.288576e-09	-3.050065e+01	-1.354783e+02
2.980000e-06	-4.363160e-06	-2.341381e-09	-3.093998e+01	-1.387391e+02
2.990000e-06	-4.423341e-06	-2.390453e-09	-3.136674e+01	-1.418832e+02
3.000000e-06	-4.481972e-06	-2.439711e-09	-3.178250e+01	-1.449045e+02
3.010000e-06	-4.539149e-06	-2.488782e-09	-3.218795e+01	-1.478001e+02
3.020000e-06	-4.594793e-06	-2.535224e-09	-3.258254e+01	-1.505711e+02
3.030000e-06	-4.648625e-06	-2.579813e-09	-3.296427e+01	-1.532217e+02
3.040000e-06	-4.700478e-06	-2.624056e-09	-3.333197e+01	-1.557575e+02
3.050000e-06	-4.750533e-06	-2.666614e-09	-3.368691e+01	-1.581828e+02
3.060000e-06	-4.798667e-06	-2.704532e-09	-3.402824e+01	-1.604991e+02
3.070000e-06	-4.844856e-06	-2.737889e-09	-3.435578e+01	-1.627048e+02
3.080000e-06	-4.889429e-06	-2.768724e-09	-3.467185e+01	-1.647963e+02
3.090000e-06	-4.932460e-06	-2.800498e-09	-3.497700e+01	-1.667708e+02
3.100000e-06	-4.973931e-06	-2.833188e-09	-3.527107e+01	-1.686288e+02
3.110000e-06	-5.013822e-06	-2.863756e-09	-3.555395e+01	-1.703750e+02
3.120000e-06	-5.051903e-06	-2.892561e-09	-3.582399e+01	-1.720188e+02
3.130000e-06	-5.088052e-06	-2.921183e-09	-3.608033e+01	-1.735712e+02
3.140000e-06	-5.122413e-06	-2.947566e-09	-3.632399e+01	-1.750422e+02
3.150000e-06	-5.155074e-06	-2.968611e-09	-3.655559e+01	-1.764375e+02
3.160000e-06	-5.185932e-06	-2.987554e-09	-3.677441e+01	-1.777567e+02
3.170000e-06	-5.214793e-06	-3.006947e-09	-3.697907e+01	-1.789942e+02
3.180000e-06	-5.241771e-06	-3.028913e-09	-3.717038e+01	-1.801421e+02
3.190000e-06	-5.266968e-06	-3.050151e-09	-3.734905e+01	-1.811940e+02
3.200000e-06	-5.290317e-06	-3.068539e-09	-3.751463e+01	-1.821492e+02
3.210000e-06	-5.311685e-06	-3.085140e-09	-3.766615e+01	-1.830139e+02
3.220000e-06	-5.331138e-06	-3.100144e-09	-3.780410e+01	-1.838007e+02
3.230000e-06	-5.348877e-06	-3.112103e-09	-3.792989e+01	-1.845256e+02
3.240000e-06	-5.364766e-06	-3.119973e-09	-3.804256e+01	-1.852026e+02
3.250000e-06	-5.378457e-06	-3.127433e-09	-3.813964e+01	-1.858399e+02
3.260000e-06	-5.389920e-06	-3.137407e-09	-3.822093e+01	-1.864375e+02
3.270000e-06	-5.399448e-06	-3.148832e-09	-3.828850e+01	-1.869873e+02
3.280000e-06	-5.407192e-06	-3.159673e-09	-3.834341e+01	-1.874770e+02
3.290000e-06	-5.412966e-06	-3.170320e-09	-3.838435e+01	-1.878947e+02
3.300000e-06	-5.416721e-06	-3.179154e-09	-3.841098e+01	-1.882337e+02
3.310000e-06	-5.418686e-06	-3.185513e-09	-3.842492e+01	-1.884950e+02
