# Temperatura_=_28.56
# Concentracion g/m^3_=_11000.0
# C_Vs_to_Am_M_A/Vsm_=_59384043850.047264
# pendiente_HvsI_1/m_=_3716.3
# ordenada_HvsI_A/m_=_1297.0
# frecuencia_Hz_=_301313.2602275926

Tiempo_(s)	Campo_(V.s)	Magnetizacion_(V.s)	Campo_(kA/m)	Magnetizacion_(A/m)
0.000000e+00	-5.402657e-06	-3.179275e-09	-3.842940e+01	-1.879983e+02
1.000000e-08	-5.401473e-06	-3.175571e-09	-3.842097e+01	-1.881610e+02
2.000000e-08	-5.398323e-06	-3.173916e-09	-3.839857e+01	-1.883254e+02
3.000000e-08	-5.393392e-06	-3.175454e-09	-3.836349e+01	-1.884908e+02
4.000000e-08	-5.386821e-06	-3.176343e-09	-3.831675e+01	-1.886347e+02
5.000000e-08	-5.378663e-06	-3.179561e-09	-3.825872e+01	-1.887198e+02
6.000000e-08	-5.368612e-06	-3.182065e-09	-3.818723e+01	-1.887079e+02
7.000000e-08	-5.356447e-06	-3.189100e-09	-3.810070e+01	-1.885746e+02
8.000000e-08	-5.342424e-06	-3.209655e-09	-3.800095e+01	-1.883203e+02
9.000000e-08	-5.326205e-06	-3.160313e-09	-3.788559e+01	-1.879726e+02
1.000000e-07	-5.307596e-06	-3.074459e-09	-3.775322e+01	-1.875782e+02
1.100000e-07	-5.286954e-06	-3.102969e-09	-3.760640e+01	-1.871876e+02
1.200000e-07	-5.264500e-06	-3.153155e-09	-3.744668e+01	-1.868384e+02
1.300000e-07	-5.240480e-06	-3.167313e-09	-3.727582e+01	-1.865419e+02
1.400000e-07	-5.215100e-06	-3.249875e-09	-3.709529e+01	-1.862799e+02
1.500000e-07	-5.188094e-06	-3.114103e-09	-3.690320e+01	-1.860111e+02
1.600000e-07	-5.159233e-06	-3.021297e-09	-3.669791e+01	-1.856862e+02
1.700000e-07	-5.128830e-06	-3.231014e-09	-3.648165e+01	-1.852652e+02
1.800000e-07	-5.096872e-06	-3.103078e-09	-3.625433e+01	-1.847305e+02
1.900000e-07	-5.062791e-06	-2.990262e-09	-3.601191e+01	-1.840922e+02
2.000000e-07	-5.026880e-06	-3.096366e-09	-3.575647e+01	-1.833814e+02
2.100000e-07	-4.989447e-06	-3.038688e-09	-3.549021e+01	-1.826379e+02
2.200000e-07	-4.950230e-06	-3.106284e-09	-3.521125e+01	-1.818936e+02
2.300000e-07	-4.909285e-06	-3.103164e-09	-3.492001e+01	-1.811610e+02
2.400000e-07	-4.866422e-06	-2.953869e-09	-3.461513e+01	-1.804293e+02
2.500000e-07	-4.821637e-06	-3.005805e-09	-3.429656e+01	-1.796700e+02
2.600000e-07	-4.775103e-06	-3.015546e-09	-3.396557e+01	-1.788501e+02
2.700000e-07	-4.726743e-06	-3.000152e-09	-3.362158e+01	-1.779459e+02
2.800000e-07	-4.676327e-06	-2.972709e-09	-3.326297e+01	-1.769534e+02
2.900000e-07	-4.623790e-06	-2.909356e-09	-3.288927e+01	-1.758903e+02
3.000000e-07	-4.569467e-06	-2.966206e-09	-3.250287e+01	-1.747890e+02
3.100000e-07	-4.513619e-06	-2.946568e-09	-3.210562e+01	-1.736837e+02
3.200000e-07	-4.456128e-06	-2.869126e-09	-3.169668e+01	-1.725964e+02
3.300000e-07	-4.396840e-06	-2.833809e-09	-3.127496e+01	-1.715285e+02
3.400000e-07	-4.335968e-06	-2.874771e-09	-3.084198e+01	-1.704593e+02
3.500000e-07	-4.273741e-06	-2.890651e-09	-3.039936e+01	-1.693539e+02
3.600000e-07	-4.210152e-06	-2.799431e-09	-2.994704e+01	-1.681765e+02
3.700000e-07	-4.145083e-06	-2.781653e-09	-2.948421e+01	-1.669032e+02
3.800000e-07	-4.078303e-06	-2.783200e-09	-2.900919e+01	-1.655304e+02
3.900000e-07	-4.009845e-06	-2.750017e-09	-2.852225e+01	-1.640751e+02
4.000000e-07	-3.940028e-06	-2.720795e-09	-2.802563e+01	-1.625673e+02
4.100000e-07	-3.868977e-06	-2.672681e-09	-2.752024e+01	-1.610376e+02
4.200000e-07	-3.796679e-06	-2.674913e-09	-2.700599e+01	-1.595053e+02
4.300000e-07	-3.722863e-06	-2.664599e-09	-2.648093e+01	-1.579712e+02
4.400000e-07	-3.647361e-06	-2.621261e-09	-2.594388e+01	-1.564187e+02
4.500000e-07	-3.570409e-06	-2.576912e-09	-2.539652e+01	-1.548208e+02
4.600000e-07	-3.492125e-06	-2.555666e-09	-2.483967e+01	-1.531517e+02
4.700000e-07	-3.412445e-06	-2.546259e-09	-2.427291e+01	-1.513971e+02
4.800000e-07	-3.331421e-06	-2.492596e-09	-2.369658e+01	-1.495596e+02
4.900000e-07	-3.249135e-06	-2.459514e-09	-2.311127e+01	-1.476569e+02
5.000000e-07	-3.165701e-06	-2.439337e-09	-2.251780e+01	-1.457144e+02
5.100000e-07	-3.081300e-06	-2.416384e-09	-2.191745e+01	-1.437546e+02
5.200000e-07	-2.995990e-06	-2.376272e-09	-2.131064e+01	-1.417884e+02
5.300000e-07	-2.909712e-06	-2.329224e-09	-2.069694e+01	-1.398115e+02
5.400000e-07	-2.822431e-06	-2.301522e-09	-2.007611e+01	-1.378067e+02
5.500000e-07	-2.734304e-06	-2.270595e-09	-1.944925e+01	-1.357518e+02
5.600000e-07	-2.645264e-06	-2.232987e-09	-1.881591e+01	-1.336287e+02
5.700000e-07	-2.555063e-06	-2.189471e-09	-1.817430e+01	-1.314306e+02
5.800000e-07	-2.463728e-06	-2.161661e-09	-1.752463e+01	-1.291636e+02
5.900000e-07	-2.371518e-06	-2.132653e-09	-1.686874e+01	-1.268438e+02
6.000000e-07	-2.278641e-06	-2.085389e-09	-1.620810e+01	-1.244892e+02
6.100000e-07	-2.185061e-06	-2.037286e-09	-1.554246e+01	-1.221115e+02
6.200000e-07	-2.090640e-06	-2.000319e-09	-1.487084e+01	-1.197114e+02
6.300000e-07	-1.995447e-06	-1.967090e-09	-1.419372e+01	-1.172774e+02
6.400000e-07	-1.899640e-06	-1.923349e-09	-1.351224e+01	-1.147914e+02
6.500000e-07	-1.803282e-06	-1.878687e-09	-1.282684e+01	-1.122355e+02
6.600000e-07	-1.706302e-06	-1.841300e-09	-1.213702e+01	-1.095994e+02
6.700000e-07	-1.608451e-06	-1.801897e-09	-1.144100e+01	-1.068846e+02
6.800000e-07	-1.509792e-06	-1.749918e-09	-1.073923e+01	-1.041029e+02
6.900000e-07	-1.410546e-06	-1.696428e-09	-1.003329e+01	-1.012709e+02
7.000000e-07	-1.310788e-06	-1.652629e-09	-9.323705e+00	-9.840346e+01
7.100000e-07	-1.210581e-06	-1.610548e-09	-8.610931e+00	-9.550680e+01
7.200000e-07	-1.110041e-06	-1.559982e-09	-7.895783e+00	-9.257670e+01
7.300000e-07	-1.009249e-06	-1.507399e-09	-7.178847e+00	-8.960082e+01
7.400000e-07	-9.081218e-07	-1.459501e-09	-6.459520e+00	-8.656476e+01
7.500000e-07	-8.066587e-07	-1.409006e-09	-5.737807e+00	-8.345909e+01
7.600000e-07	-7.049218e-07	-1.351219e-09	-5.014148e+00	-8.028438e+01
7.700000e-07	-6.029151e-07	-1.292595e-09	-4.288568e+00	-7.705191e+01
7.800000e-07	-5.006847e-07	-1.241962e-09	-3.561398e+00	-7.377983e+01
7.900000e-07	-3.982856e-07	-1.193079e-09	-2.833028e+00	-7.048629e+01
8.000000e-07	-2.957727e-07	-1.139002e-09	-2.103848e+00	-6.718215e+01
8.100000e-07	-1.932016e-07	-1.080957e-09	-1.374253e+00	-6.386654e+01
8.200000e-07	-9.058156e-08	-1.026280e-09	-6.443116e-01	-6.052673e+01
8.300000e-07	1.213621e-08	-9.726787e-10	8.632554e-02	-5.714268e+01
8.400000e-07	1.149094e-07	-9.118357e-10	8.173566e-01	-5.369430e+01
8.500000e-07	2.175985e-07	-8.484177e-10	1.547790e+00	-5.016870e+01
8.600000e-07	3.201792e-07	-7.880849e-10	2.277452e+00	-4.656464e+01
8.700000e-07	4.226708e-07	-7.320577e-10	3.006481e+00	-4.289266e+01
8.800000e-07	5.250204e-07	-6.712044e-10	3.734499e+00	-3.917113e+01
8.900000e-07	6.271364e-07	-6.057599e-10	4.460855e+00	-3.541981e+01
9.000000e-07	7.289723e-07	-5.419678e-10	5.185220e+00	-3.165365e+01
9.100000e-07	8.305332e-07	-4.809240e-10	5.907628e+00	-2.787912e+01
9.200000e-07	9.318098e-07	-4.181413e-10	6.628014e+00	-2.409418e+01
9.300000e-07	1.032781e-06	-3.504098e-10	7.346230e+00	-2.029147e+01
9.400000e-07	1.133448e-06	-2.845712e-10	8.062280e+00	-1.646316e+01
9.500000e-07	1.233829e-06	-2.228087e-10	8.776296e+00	-1.260517e+01
9.600000e-07	1.333881e-06	-1.590532e-10	9.487969e+00	-8.718971e+00
9.700000e-07	1.433459e-06	-8.976618e-11	1.019627e+01	-4.810479e+00
9.800000e-07	1.532374e-06	-2.170297e-11	1.089986e+01	-8.865980e-01
9.900000e-07	1.630496e-06	4.158090e-11	1.159781e+01	3.048778e+00
1.000000e-06	1.727843e-06	1.055883e-10	1.229025e+01	6.997534e+00
1.010000e-06	1.824530e-06	1.748091e-10	1.297798e+01	1.096759e+01
1.020000e-06	1.920582e-06	2.436356e-10	1.366120e+01	1.497049e+01
1.030000e-06	2.015960e-06	3.085295e-10	1.433963e+01	1.901745e+01
1.040000e-06	2.110658e-06	3.753478e-10	1.501322e+01	2.311530e+01
1.050000e-06	2.204651e-06	4.477486e-10	1.568180e+01	2.726425e+01
1.060000e-06	2.297933e-06	5.215824e-10	1.634533e+01	3.145800e+01
1.070000e-06	2.390554e-06	5.900627e-10	1.700414e+01	3.568635e+01
1.080000e-06	2.482517e-06	6.578540e-10	1.765828e+01	3.993885e+01
1.090000e-06	2.573553e-06	7.308690e-10	1.830582e+01	4.420831e+01
1.100000e-06	2.663335e-06	8.047530e-10	1.894445e+01	4.849246e+01
1.110000e-06	2.751985e-06	8.753485e-10	1.957502e+01	5.279355e+01
1.120000e-06	2.839717e-06	9.467752e-10	2.019906e+01	5.711601e+01
1.130000e-06	2.926520e-06	1.022754e-09	2.081650e+01	6.146329e+01
1.140000e-06	3.012321e-06	1.097931e-09	2.142680e+01	6.583516e+01
1.150000e-06	3.097196e-06	1.168290e-09	2.203052e+01	7.022633e+01
1.160000e-06	3.181216e-06	1.238225e-09	2.262817e+01	7.462680e+01
1.170000e-06	3.264077e-06	1.313332e-09	2.321756e+01	7.902338e+01
1.180000e-06	3.345586e-06	1.390613e-09	2.379733e+01	8.340176e+01
1.190000e-06	3.425840e-06	1.465122e-09	2.436819e+01	8.774820e+01
1.200000e-06	3.504882e-06	1.537505e-09	2.493042e+01	9.205049e+01
1.210000e-06	3.582665e-06	1.610973e-09	2.548369e+01	9.629814e+01
1.220000e-06	3.659216e-06	1.683872e-09	2.602821e+01	1.004822e+02
1.230000e-06	3.734318e-06	1.752325e-09	2.656241e+01	1.045953e+02
1.240000e-06	3.807768e-06	1.818263e-09	2.708486e+01	1.086316e+02
1.250000e-06	3.879791e-06	1.884626e-09	2.759717e+01	1.125871e+02
1.260000e-06	3.950518e-06	1.950290e-09	2.810025e+01	1.164595e+02
1.270000e-06	4.019901e-06	2.012285e-09	2.859377e+01	1.202477e+02
1.280000e-06	4.088038e-06	2.072819e-09	2.907844e+01	1.239499e+02
1.290000e-06	4.154626e-06	2.136161e-09	2.955208e+01	1.275622e+02
1.300000e-06	4.219451e-06	2.199912e-09	3.001319e+01	1.310777e+02
1.310000e-06	4.282848e-06	2.258634e-09	3.046413e+01	1.344862e+02
1.320000e-06	4.344874e-06	2.313339e-09	3.090532e+01	1.377765e+02
1.330000e-06	4.405596e-06	2.367098e-09	3.133725e+01	1.409390e+02
1.340000e-06	4.464841e-06	2.418283e-09	3.175866e+01	1.439696e+02
1.350000e-06	4.522245e-06	2.464233e-09	3.216698e+01	1.468708e+02
1.360000e-06	4.577932e-06	2.508216e-09	3.256308e+01	1.496517e+02
1.370000e-06	4.632053e-06	2.556319e-09	3.294805e+01	1.523248e+02
1.380000e-06	4.684418e-06	2.607172e-09	3.332052e+01	1.549010e+02
1.390000e-06	4.734675e-06	2.653228e-09	3.367800e+01	1.573851e+02
1.400000e-06	4.782907e-06	2.692507e-09	3.402108e+01	1.597730e+02
1.410000e-06	4.829476e-06	2.730939e-09	3.435232e+01	1.620525e+02
1.420000e-06	4.874510e-06	2.767244e-09	3.467266e+01	1.642078e+02
1.430000e-06	4.917843e-06	2.797632e-09	3.498088e+01	1.662255e+02
1.440000e-06	4.959221e-06	2.824190e-09	3.527521e+01	1.681013e+02
1.450000e-06	4.998857e-06	2.854032e-09	3.555715e+01	1.698428e+02
1.460000e-06	5.036851e-06	2.886668e-09	3.582740e+01	1.714685e+02
1.470000e-06	5.073214e-06	2.915117e-09	3.608605e+01	1.730026e+02
1.480000e-06	5.107699e-06	2.940004e-09	3.633134e+01	1.744665e+02
1.490000e-06	5.140132e-06	2.964518e-09	3.656204e+01	1.758721e+02
1.500000e-06	5.170830e-06	2.988500e-09	3.678040e+01	1.772175e+02
1.510000e-06	5.199930e-06	3.007388e-09	3.698739e+01	1.784887e+02
1.520000e-06	5.227249e-06	3.020969e-09	3.718171e+01	1.796661e+02
1.530000e-06	5.252510e-06	3.035816e-09	3.736139e+01	1.807333e+02
1.540000e-06	5.275841e-06	3.053508e-09	3.752734e+01	1.816849e+02
1.550000e-06	5.297410e-06	3.070082e-09	3.768077e+01	1.825305e+02
1.560000e-06	5.317248e-06	3.084055e-09	3.782187e+01	1.832924e+02
1.570000e-06	5.335139e-06	3.097984e-09	3.794914e+01	1.839978e+02
1.580000e-06	5.350990e-06	3.111525e-09	3.806188e+01	1.846688e+02
1.590000e-06	5.364986e-06	3.121105e-09	3.816144e+01	1.853149e+02
1.600000e-06	5.376956e-06	3.127206e-09	3.824658e+01	1.859288e+02
1.610000e-06	5.386692e-06	3.132474e-09	3.831584e+01	1.864908e+02
1.620000e-06	5.394433e-06	3.139274e-09	3.837090e+01	1.869773e+02
1.630000e-06	5.400389e-06	3.146164e-09	3.841326e+01	1.873719e+02
1.640000e-06	5.404571e-06	3.152452e-09	3.844301e+01	1.876738e+02
1.650000e-06	5.406781e-06	3.156613e-09	3.845873e+01	1.878998e+02
1.660000e-06	5.406960e-06	3.159460e-09	3.846000e+01	1.880790e+02
1.670000e-06	5.405389e-06	3.169954e-09	3.844882e+01	1.882415e+02
1.680000e-06	5.402254e-06	3.174950e-09	3.842653e+01	1.884062e+02
1.690000e-06	5.397351e-06	3.173903e-09	3.839166e+01	1.885715e+02
1.700000e-06	5.390504e-06	3.171926e-09	3.834295e+01	1.887140e+02
1.710000e-06	5.381964e-06	3.170217e-09	3.828221e+01	1.887964e+02
1.720000e-06	5.371835e-06	3.168350e-09	3.821016e+01	1.887805e+02
1.730000e-06	5.359911e-06	3.139010e-09	3.812534e+01	1.886427e+02
1.740000e-06	5.345965e-06	3.138185e-09	3.802614e+01	1.883846e+02
1.750000e-06	5.330004e-06	3.247357e-09	3.791261e+01	1.880344e+02
1.760000e-06	5.311785e-06	3.247401e-09	3.778302e+01	1.876394e+02
1.770000e-06	5.290868e-06	3.177328e-09	3.763424e+01	1.872498e+02
1.780000e-06	5.267649e-06	3.121932e-09	3.746908e+01	1.869025e+02
1.790000e-06	5.242970e-06	2.977837e-09	3.729353e+01	1.866078e+02
1.800000e-06	5.217381e-06	3.191566e-09	3.711151e+01	1.863464e+02
1.810000e-06	5.190467e-06	3.249784e-09	3.692008e+01	1.860766e+02
1.820000e-06	5.161324e-06	2.948996e-09	3.671278e+01	1.857489e+02
1.830000e-06	5.130381e-06	3.173952e-09	3.649268e+01	1.853240e+02
1.840000e-06	5.097843e-06	3.223828e-09	3.626124e+01	1.847855e+02
1.850000e-06	5.063344e-06	3.049529e-09	3.601584e+01	1.841439e+02
1.860000e-06	5.027245e-06	3.192208e-09	3.575907e+01	1.834314e+02
1.870000e-06	4.989266e-06	2.995614e-09	3.548892e+01	1.826874e+02
1.880000e-06	4.949328e-06	2.975191e-09	3.520484e+01	1.819436e+02
1.890000e-06	4.907799e-06	3.197596e-09	3.490944e+01	1.812114e+02
1.900000e-06	4.864603e-06	3.034375e-09	3.460219e+01	1.804793e+02
1.910000e-06	4.819814e-06	3.042896e-09	3.428360e+01	1.797185e+02
1.920000e-06	4.773127e-06	2.997147e-09	3.395152e+01	1.788960e+02
1.930000e-06	4.724422e-06	2.980880e-09	3.360507e+01	1.779886e+02
1.940000e-06	4.674179e-06	3.091711e-09	3.324769e+01	1.769933e+02
1.950000e-06	4.622147e-06	2.869532e-09	3.287759e+01	1.759283e+02
1.960000e-06	4.568083e-06	2.930501e-09	3.249302e+01	1.748264e+02
1.970000e-06	4.512184e-06	3.011504e-09	3.209541e+01	1.737215e+02
1.980000e-06	4.454637e-06	2.939039e-09	3.168608e+01	1.726351e+02
1.990000e-06	4.395717e-06	2.897984e-09	3.126698e+01	1.715677e+02
2.000000e-06	4.335194e-06	2.784248e-09	3.083647e+01	1.704979e+02
2.010000e-06	4.272925e-06	2.926189e-09	3.039355e+01	1.693906e+02
2.020000e-06	4.209113e-06	2.871989e-09	2.993965e+01	1.682102e+02
2.030000e-06	4.143850e-06	2.776285e-09	2.947543e+01	1.669333e+02
2.040000e-06	4.077170e-06	2.820808e-09	2.900113e+01	1.655572e+02
2.050000e-06	4.008975e-06	2.769393e-09	2.851606e+01	1.640996e+02
2.060000e-06	3.939217e-06	2.809485e-09	2.801986e+01	1.625906e+02
2.070000e-06	3.867922e-06	2.687913e-09	2.751274e+01	1.610607e+02
2.080000e-06	3.795238e-06	2.670882e-09	2.699574e+01	1.595284e+02
2.090000e-06	3.721227e-06	2.709865e-09	2.646929e+01	1.579942e+02
2.100000e-06	3.645822e-06	2.656593e-09	2.593293e+01	1.564406e+02
2.110000e-06	3.568921e-06	2.634797e-09	2.538593e+01	1.548406e+02
2.120000e-06	3.490432e-06	2.558124e-09	2.482763e+01	1.531687e+02
2.130000e-06	3.410647e-06	2.596573e-09	2.426012e+01	1.514111e+02
2.140000e-06	3.329735e-06	2.549228e-09	2.368459e+01	1.495709e+02
2.150000e-06	3.247708e-06	2.485324e-09	2.310113e+01	1.476664e+02
2.160000e-06	3.164693e-06	2.458302e-09	2.251064e+01	1.457231e+02
2.170000e-06	3.080618e-06	2.435186e-09	2.191260e+01	1.437630e+02
2.180000e-06	2.995283e-06	2.438183e-09	2.130561e+01	1.417967e+02
2.190000e-06	2.908614e-06	2.355940e-09	2.068913e+01	1.398192e+02
2.200000e-06	2.820919e-06	2.327280e-09	2.006535e+01	1.378131e+02
2.210000e-06	2.732315e-06	2.308757e-09	1.943510e+01	1.357561e+02
2.220000e-06	2.642797e-06	2.284350e-09	1.879836e+01	1.336304e+02
2.230000e-06	2.552430e-06	2.224273e-09	1.815558e+01	1.314297e+02
2.240000e-06	2.461216e-06	2.164065e-09	1.750676e+01	1.291606e+02
2.250000e-06	2.369228e-06	2.160414e-09	1.685245e+01	1.268394e+02
2.260000e-06	2.276366e-06	2.124836e-09	1.619192e+01	1.244838e+02
2.270000e-06	2.182555e-06	2.069949e-09	1.552463e+01	1.221055e+02
2.280000e-06	2.087798e-06	2.012346e-09	1.485062e+01	1.197045e+02
2.290000e-06	1.992240e-06	1.989368e-09	1.417091e+01	1.172691e+02
2.300000e-06	1.896095e-06	1.958087e-09	1.348703e+01	1.147809e+02
2.310000e-06	1.799388e-06	1.891520e-09	1.279914e+01	1.122223e+02
2.320000e-06	1.702009e-06	1.835767e-09	1.210648e+01	1.095834e+02
2.330000e-06	1.604024e-06	1.807409e-09	1.140951e+01	1.068661e+02
2.340000e-06	1.505630e-06	1.773823e-09	1.070963e+01	1.040823e+02
2.350000e-06	1.406783e-06	1.707544e-09	1.000653e+01	1.012489e+02
2.360000e-06	1.307416e-06	1.645560e-09	9.299719e+00	9.838045e+01
2.370000e-06	1.207642e-06	1.609519e-09	8.590024e+00	9.548280e+01
2.380000e-06	1.107630e-06	1.570329e-09	7.878632e+00	9.255139e+01
2.390000e-06	1.007313e-06	1.506357e-09	7.165073e+00	8.957367e+01
2.400000e-06	9.064590e-07	1.446097e-09	6.447693e+00	8.653531e+01
2.410000e-06	8.050776e-07	1.406130e-09	5.726561e+00	8.342718e+01
2.420000e-06	7.033597e-07	1.365329e-09	5.003036e+00	8.025023e+01
2.430000e-06	6.013438e-07	1.298012e-09	4.277391e+00	7.701608e+01
2.440000e-06	4.989857e-07	1.228666e-09	3.549313e+00	7.374302e+01
2.450000e-06	3.963531e-07	1.181154e-09	2.819281e+00	7.044905e+01
2.460000e-06	2.935678e-07	1.137178e-09	2.088164e+00	6.714467e+01
2.470000e-06	1.907007e-07	1.073857e-09	1.356465e+00	6.382855e+01
2.480000e-06	8.772815e-08	1.001949e-09	6.240151e-01	6.048760e+01
2.490000e-06	-1.531430e-08	9.511203e-10	-1.089314e-01	5.710165e+01
2.500000e-06	-1.183089e-07	9.037507e-10	-8.415379e-01	5.365075e+01
2.510000e-06	-2.211668e-07	8.389426e-10	-1.573172e+00	5.012237e+01
2.520000e-06	-3.239192e-07	7.680797e-10	-2.304055e+00	4.651571e+01
2.530000e-06	-4.265797e-07	7.104418e-10	-3.034284e+00	4.284169e+01
2.540000e-06	-5.290438e-07	6.593197e-10	-3.763117e+00	3.911885e+01
2.550000e-06	-6.312361e-07	5.911199e-10	-4.490017e+00	3.536685e+01
2.560000e-06	-7.331281e-07	5.169559e-10	-5.214780e+00	3.160041e+01
2.570000e-06	-8.346483e-07	4.548673e-10	-5.936899e+00	2.782567e+01
2.580000e-06	-9.356910e-07	3.986713e-10	-6.655622e+00	2.404031e+01
2.590000e-06	-1.036258e-06	3.323781e-10	-7.370957e+00	2.023688e+01
2.600000e-06	-1.136424e-06	2.591970e-10	-8.083448e+00	1.640763e+01
2.610000e-06	-1.236227e-06	1.990344e-10	-8.793348e+00	1.254864e+01
2.620000e-06	-1.335640e-06	1.445961e-10	-9.500482e+00	8.661609e+00
2.630000e-06	-1.434629e-06	7.737221e-11	-1.020460e+01	4.752529e+00
2.640000e-06	-1.533154e-06	6.260673e-13	-1.090541e+01	8.282739e-01
2.650000e-06	-1.631180e-06	-6.669106e-11	-1.160267e+01	-3.107434e+00
2.660000e-06	-1.728652e-06	-1.248800e-10	-1.229600e+01	-7.056709e+00
2.670000e-06	-1.825482e-06	-1.921917e-10	-1.298475e+01	-1.102765e+01
2.680000e-06	-1.921721e-06	-2.672819e-10	-1.366931e+01	-1.503188e+01
2.690000e-06	-2.017477e-06	-3.359460e-10	-1.435043e+01	-1.908049e+01
2.700000e-06	-2.112694e-06	-3.974647e-10	-1.502771e+01	-2.318014e+01
2.710000e-06	-2.207131e-06	-4.659799e-10	-1.569944e+01	-2.733075e+01
2.720000e-06	-2.300502e-06	-5.444337e-10	-1.636360e+01	-3.152585e+01
2.730000e-06	-2.392836e-06	-6.179206e-10	-1.702037e+01	-3.575515e+01
2.740000e-06	-2.484334e-06	-6.840922e-10	-1.767121e+01	-4.000829e+01
2.750000e-06	-2.574961e-06	-7.543468e-10	-1.831584e+01	-4.427820e+01
2.760000e-06	-2.664628e-06	-8.316401e-10	-1.895365e+01	-4.856282e+01
2.770000e-06	-2.753318e-06	-9.056645e-10	-1.958450e+01	-5.286452e+01
2.780000e-06	-2.841172e-06	-9.736571e-10	-2.020941e+01	-5.718775e+01
2.790000e-06	-2.928215e-06	-1.046586e-09	-2.082855e+01	-6.153587e+01
2.800000e-06	-3.014150e-06	-1.126445e-09	-2.143982e+01	-6.590847e+01
2.810000e-06	-3.098829e-06	-1.202871e-09	-2.204214e+01	-7.030010e+01
2.820000e-06	-3.182375e-06	-1.271507e-09	-2.263641e+01	-7.470059e+01
2.830000e-06	-3.264883e-06	-1.342904e-09	-2.322329e+01	-7.909670e+01
2.840000e-06	-3.346282e-06	-1.420212e-09	-2.380228e+01	-8.347409e+01
2.850000e-06	-3.426583e-06	-1.494304e-09	-2.437347e+01	-8.781908e+01
2.860000e-06	-3.505726e-06	-1.562042e-09	-2.493642e+01	-9.211951e+01
2.870000e-06	-3.583411e-06	-1.630208e-09	-2.548900e+01	-9.636497e+01
2.880000e-06	-3.659523e-06	-1.703191e-09	-2.603039e+01	-1.005466e+02
2.890000e-06	-3.734202e-06	-1.775524e-09	-2.656158e+01	-1.046570e+02
2.900000e-06	-3.807487e-06	-1.841584e-09	-2.708286e+01	-1.086903e+02
2.910000e-06	-3.879507e-06	-1.905643e-09	-2.759515e+01	-1.126428e+02
2.920000e-06	-3.950270e-06	-1.972911e-09	-2.809849e+01	-1.165122e+02
2.930000e-06	-4.019415e-06	-2.038781e-09	-2.859032e+01	-1.202972e+02
2.940000e-06	-4.087007e-06	-2.098100e-09	-2.907110e+01	-1.239962e+02
2.950000e-06	-4.153252e-06	-2.155618e-09	-2.954231e+01	-1.276052e+02
2.960000e-06	-4.218119e-06	-2.216527e-09	-3.000371e+01	-1.311170e+02
2.970000e-06	-4.281691e-06	-2.276731e-09	-3.045590e+01	-1.345214e+02
2.980000e-06	-4.343684e-06	-2.330624e-09	-3.089686e+01	-1.378071e+02
2.990000e-06	-4.403836e-06	-2.381154e-09	-3.132473e+01	-1.409649e+02
3.000000e-06	-4.462447e-06	-2.431636e-09	-3.174163e+01	-1.439907e+02
3.010000e-06	-4.519608e-06	-2.480318e-09	-3.214822e+01	-1.468873e+02
3.020000e-06	-4.575232e-06	-2.524445e-09	-3.254387e+01	-1.496641e+02
3.030000e-06	-4.629050e-06	-2.567531e-09	-3.292668e+01	-1.523335e+02
3.040000e-06	-4.680862e-06	-2.611475e-09	-3.329523e+01	-1.549063e+02
3.050000e-06	-4.730899e-06	-2.653646e-09	-3.365114e+01	-1.573870e+02
3.060000e-06	-4.779027e-06	-2.692369e-09	-3.399348e+01	-1.597712e+02
3.070000e-06	-4.825206e-06	-2.729874e-09	-3.432195e+01	-1.620465e+02
3.080000e-06	-4.869763e-06	-2.764812e-09	-3.463889e+01	-1.641969e+02
3.090000e-06	-4.912827e-06	-2.797259e-09	-3.494521e+01	-1.662095e+02
3.100000e-06	-4.954361e-06	-2.828451e-09	-3.524064e+01	-1.680802e+02
3.110000e-06	-4.994328e-06	-2.858206e-09	-3.552493e+01	-1.698172e+02
3.120000e-06	-5.032543e-06	-2.888082e-09	-3.579675e+01	-1.714391e+02
3.130000e-06	-5.068779e-06	-2.915361e-09	-3.605450e+01	-1.729703e+02
3.140000e-06	-5.103204e-06	-2.939137e-09	-3.629937e+01	-1.744319e+02
3.150000e-06	-5.135954e-06	-2.960572e-09	-3.653232e+01	-1.758354e+02
3.160000e-06	-5.166914e-06	-2.982537e-09	-3.675254e+01	-1.771783e+02
3.170000e-06	-5.195863e-06	-3.002447e-09	-3.695846e+01	-1.784465e+02
3.180000e-06	-5.222895e-06	-3.023473e-09	-3.715074e+01	-1.796201e+02
3.190000e-06	-5.248186e-06	-3.044273e-09	-3.733063e+01	-1.806831e+02
3.200000e-06	-5.271682e-06	-3.061886e-09	-3.749776e+01	-1.816306e+02
3.210000e-06	-5.293207e-06	-3.077249e-09	-3.765087e+01	-1.824727e+02
3.220000e-06	-5.312824e-06	-3.089795e-09	-3.779041e+01	-1.832321e+02
3.230000e-06	-5.330710e-06	-3.101256e-09	-3.791763e+01	-1.839358e+02
3.240000e-06	-5.346774e-06	-3.111436e-09	-3.803190e+01	-1.846058e+02
3.250000e-06	-5.360652e-06	-3.121815e-09	-3.813061e+01	-1.852509e+02
3.260000e-06	-5.372297e-06	-3.132474e-09	-3.821344e+01	-1.858633e+02
3.270000e-06	-5.382055e-06	-3.141579e-09	-3.828285e+01	-1.864229e+02
3.280000e-06	-5.389991e-06	-3.150400e-09	-3.833930e+01	-1.869062e+02
3.290000e-06	-5.395941e-06	-3.159766e-09	-3.838162e+01	-1.872974e+02
3.300000e-06	-5.399897e-06	-3.167495e-09	-3.840976e+01	-1.875961e+02
3.310000e-06	-5.402094e-06	-3.174252e-09	-3.842539e+01	-1.878198e+02
