# Temperatura_=_26.24
# Concentracion g/m^3_=_11000.0
# C_Vs_to_Am_M_A/Vsm_=_59384043850.047264
# pendiente_HvsI_1/m_=_3716.3
# ordenada_HvsI_A/m_=_1297.0
# frecuencia_Hz_=_301317.9951798429

Tiempo_(s)	Campo_(V.s)	Magnetizacion_(V.s)	Campo_(kA/m)	Magnetizacion_(A/m)
0.000000e+00	-5.418319e-06	-3.192444e-09	-3.841875e+01	-1.889579e+02
1.000000e-08	-5.415252e-06	-3.191721e-09	-3.839700e+01	-1.892087e+02
2.000000e-08	-5.410382e-06	-3.195228e-09	-3.836247e+01	-1.894669e+02
3.000000e-08	-5.403897e-06	-3.198063e-09	-3.831649e+01	-1.896766e+02
4.000000e-08	-5.395828e-06	-3.200084e-09	-3.825928e+01	-1.897802e+02
5.000000e-08	-5.385810e-06	-3.199004e-09	-3.818824e+01	-1.897395e+02
6.000000e-08	-5.373729e-06	-3.201747e-09	-3.810258e+01	-1.895507e+02
7.000000e-08	-5.359844e-06	-3.218114e-09	-3.800413e+01	-1.892455e+02
8.000000e-08	-5.343786e-06	-3.179909e-09	-3.789027e+01	-1.888807e+02
9.000000e-08	-5.325320e-06	-3.099977e-09	-3.775933e+01	-1.885176e+02
1.000000e-07	-5.304790e-06	-3.116424e-09	-3.761377e+01	-1.881996e+02
1.100000e-07	-5.282425e-06	-3.165659e-09	-3.745519e+01	-1.879375e+02
1.200000e-07	-5.258465e-06	-3.180575e-09	-3.728530e+01	-1.877053e+02
1.300000e-07	-5.233087e-06	-3.251666e-09	-3.710535e+01	-1.874510e+02
1.400000e-07	-5.206081e-06	-3.158216e-09	-3.691386e+01	-1.871166e+02
1.500000e-07	-5.177284e-06	-3.054042e-09	-3.670968e+01	-1.866602e+02
1.600000e-07	-5.146906e-06	-3.211380e-09	-3.649429e+01	-1.860717e+02
1.700000e-07	-5.114916e-06	-3.126071e-09	-3.626746e+01	-1.853772e+02
1.800000e-07	-5.080838e-06	-3.012794e-09	-3.602583e+01	-1.846287e+02
1.900000e-07	-5.044952e-06	-3.101034e-09	-3.577138e+01	-1.838844e+02
2.000000e-07	-5.007538e-06	-3.052577e-09	-3.550609e+01	-1.831866e+02
2.100000e-07	-4.968323e-06	-3.105975e-09	-3.522804e+01	-1.825456e+02
2.200000e-07	-4.927370e-06	-3.121018e-09	-3.493766e+01	-1.819355e+02
2.300000e-07	-4.884477e-06	-2.982014e-09	-3.463353e+01	-1.813044e+02
2.400000e-07	-4.839624e-06	-3.014936e-09	-3.431550e+01	-1.805938e+02
2.500000e-07	-4.793070e-06	-3.032564e-09	-3.398540e+01	-1.797607e+02
2.600000e-07	-4.744688e-06	-2.998680e-09	-3.364235e+01	-1.787936e+02
2.700000e-07	-4.694238e-06	-2.981479e-09	-3.328463e+01	-1.777167e+02
2.800000e-07	-4.641712e-06	-2.933978e-09	-3.291219e+01	-1.765799e+02
2.900000e-07	-4.587383e-06	-2.961020e-09	-3.252697e+01	-1.754392e+02
3.000000e-07	-4.531512e-06	-2.951295e-09	-3.213081e+01	-1.743353e+02
3.100000e-07	-4.473960e-06	-2.895231e-09	-3.172274e+01	-1.732777e+02
3.200000e-07	-4.414636e-06	-2.854196e-09	-3.130210e+01	-1.722418e+02
3.300000e-07	-4.353777e-06	-2.867584e-09	-3.087058e+01	-1.711782e+02
3.400000e-07	-4.291506e-06	-2.887799e-09	-3.042905e+01	-1.700330e+02
3.500000e-07	-4.227861e-06	-2.813474e-09	-2.997777e+01	-1.687686e+02
3.600000e-07	-4.162695e-06	-2.785952e-09	-2.951571e+01	-1.673785e+02
3.700000e-07	-4.095772e-06	-2.787140e-09	-2.904119e+01	-1.658898e+02
3.800000e-07	-4.027204e-06	-2.756506e-09	-2.855501e+01	-1.643523e+02
3.900000e-07	-3.957272e-06	-2.730226e-09	-2.805915e+01	-1.628183e+02
4.000000e-07	-3.886088e-06	-2.688116e-09	-2.755442e+01	-1.613215e+02
4.100000e-07	-3.813629e-06	-2.679887e-09	-2.704064e+01	-1.598632e+02
4.200000e-07	-3.739661e-06	-2.663455e-09	-2.651617e+01	-1.584106e+02
4.300000e-07	-3.664007e-06	-2.629444e-09	-2.597975e+01	-1.569095e+02
4.400000e-07	-3.586914e-06	-2.594842e-09	-2.543312e+01	-1.553045e+02
4.500000e-07	-3.508490e-06	-2.566570e-09	-2.487705e+01	-1.535614e+02
4.600000e-07	-3.428503e-06	-2.548659e-09	-2.430990e+01	-1.516801e+02
4.700000e-07	-3.347131e-06	-2.501498e-09	-2.373293e+01	-1.496962e+02
4.800000e-07	-3.264591e-06	-2.466110e-09	-2.314767e+01	-1.476675e+02
4.900000e-07	-3.181010e-06	-2.440194e-09	-2.255504e+01	-1.456527e+02
5.000000e-07	-3.096530e-06	-2.412405e-09	-2.195603e+01	-1.436892e+02
5.100000e-07	-3.011084e-06	-2.380010e-09	-2.135018e+01	-1.417792e+02
5.200000e-07	-2.924645e-06	-2.342915e-09	-2.073728e+01	-1.398890e+02
5.300000e-07	-2.837257e-06	-2.312738e-09	-2.011766e+01	-1.379621e+02
5.400000e-07	-2.748993e-06	-2.275226e-09	-1.949181e+01	-1.359404e+02
5.500000e-07	-2.659664e-06	-2.234422e-09	-1.885842e+01	-1.337865e+02
5.600000e-07	-2.569098e-06	-2.194687e-09	-1.821626e+01	-1.314973e+02
5.700000e-07	-2.477501e-06	-2.163343e-09	-1.756679e+01	-1.291044e+02
5.800000e-07	-2.385117e-06	-2.131274e-09	-1.691174e+01	-1.266610e+02
5.900000e-07	-2.292028e-06	-2.089442e-09	-1.625169e+01	-1.242210e+02
6.000000e-07	-2.198170e-06	-2.047040e-09	-1.558619e+01	-1.218175e+02
6.100000e-07	-2.103483e-06	-2.006908e-09	-1.491481e+01	-1.194501e+02
6.200000e-07	-2.008054e-06	-1.965898e-09	-1.423816e+01	-1.170850e+02
6.300000e-07	-1.912023e-06	-1.920871e-09	-1.355726e+01	-1.146682e+02
6.400000e-07	-1.815432e-06	-1.878924e-09	-1.287237e+01	-1.121466e+02
6.500000e-07	-1.718072e-06	-1.842589e-09	-1.218204e+01	-1.094884e+02
6.600000e-07	-1.619784e-06	-1.802108e-09	-1.148513e+01	-1.066952e+02
6.700000e-07	-1.520742e-06	-1.751178e-09	-1.078286e+01	-1.038009e+02
6.800000e-07	-1.421230e-06	-1.699919e-09	-1.007727e+01	-1.008581e+02
6.900000e-07	-1.321298e-06	-1.652475e-09	-9.368699e+00	-9.791712e+01
7.000000e-07	-1.220882e-06	-1.603072e-09	-8.656696e+00	-9.500643e+01
7.100000e-07	-1.120080e-06	-1.550976e-09	-7.941961e+00	-9.212157e+01
7.200000e-07	-1.018974e-06	-1.502924e-09	-7.225062e+00	-8.922725e+01
7.300000e-07	-9.175169e-07	-1.457403e-09	-6.505680e+00	-8.627172e+01
7.400000e-07	-8.156960e-07	-1.405201e-09	-5.783716e+00	-8.320775e+01
7.500000e-07	-7.135887e-07	-1.347943e-09	-5.059721e+00	-8.001206e+01
7.600000e-07	-6.112671e-07	-1.292384e-09	-4.334207e+00	-7.669553e+01
7.700000e-07	-5.087460e-07	-1.239640e-09	-3.607278e+00	-7.330005e+01
7.800000e-07	-4.060158e-07	-1.184316e-09	-2.878867e+00	-6.988332e+01
7.900000e-07	-3.031671e-07	-1.127287e-09	-2.149615e+00	-6.649716e+01
8.000000e-07	-2.002514e-07	-1.071756e-09	-1.419888e+00	-6.316781e+01
8.100000e-07	-9.724821e-08	-1.017314e-09	-6.895412e-01	-5.988574e+01
8.200000e-07	5.774012e-09	-9.601103e-10	4.094080e-02	-5.660886e+01
8.300000e-07	1.087729e-07	-9.005226e-10	7.712572e-01	-5.327816e+01
8.400000e-07	2.117147e-07	-8.440770e-10	1.501169e+00	-4.983963e+01
8.500000e-07	3.145907e-07	-7.884692e-10	2.230614e+00	-4.626441e+01
8.600000e-07	4.173987e-07	-7.285900e-10	2.959577e+00	-4.255947e+01
8.700000e-07	5.200353e-07	-6.634490e-10	3.687326e+00	-3.876498e+01
8.800000e-07	6.224872e-07	-5.972314e-10	4.413764e+00	-3.493931e+01
8.900000e-07	7.247401e-07	-5.305564e-10	5.138790e+00	-3.113766e+01
9.000000e-07	8.267113e-07	-4.645879e-10	5.861820e+00	-2.739213e+01
9.100000e-07	9.283729e-07	-4.014924e-10	6.582655e+00	-2.370094e+01
9.200000e-07	1.029658e-06	-3.418203e-10	7.300823e+00	-2.003058e+01
9.300000e-07	1.130612e-06	-2.845462e-10	8.016638e+00	-1.632984e+01
9.400000e-07	1.231262e-06	-2.240432e-10	8.730299e+00	-1.255035e+01
9.500000e-07	1.331510e-06	-1.568768e-10	9.441111e+00	-8.665537e+00
9.600000e-07	1.431307e-06	-8.552575e-11	1.014873e+01	-4.680946e+00
9.700000e-07	1.530564e-06	-1.525398e-11	1.085251e+01	-6.320108e-01
9.800000e-07	1.629175e-06	5.399790e-11	1.155171e+01	3.429802e+00
9.900000e-07	1.727037e-06	1.219984e-10	1.224561e+01	7.457061e+00
1.000000e-06	1.824137e-06	1.865222e-10	1.293409e+01	1.142501e+01
1.010000e-06	1.920517e-06	2.487018e-10	1.361748e+01	1.534169e+01
1.020000e-06	2.016203e-06	3.124858e-10	1.429594e+01	1.924563e+01
1.030000e-06	2.111205e-06	3.808261e-10	1.496956e+01	2.319212e+01
1.040000e-06	2.205467e-06	4.522335e-10	1.563792e+01	2.723302e+01
1.050000e-06	2.299010e-06	5.247404e-10	1.630120e+01	3.139774e+01
1.060000e-06	2.391903e-06	5.979441e-10	1.695986e+01	3.568241e+01
1.070000e-06	2.484110e-06	6.712652e-10	1.761365e+01	4.005120e+01
1.080000e-06	2.575431e-06	7.443644e-10	1.826117e+01	4.444924e+01
1.090000e-06	2.665633e-06	8.160220e-10	1.890075e+01	4.882217e+01
1.100000e-06	2.754746e-06	8.867729e-10	1.953260e+01	5.313522e+01
1.110000e-06	2.842831e-06	9.581330e-10	2.015718e+01	5.738466e+01
1.120000e-06	2.929908e-06	1.029707e-09	2.077460e+01	6.159745e+01
1.130000e-06	3.016042e-06	1.100944e-09	2.138533e+01	6.581946e+01
1.140000e-06	3.101236e-06	1.173021e-09	2.198940e+01	7.009650e+01
1.150000e-06	3.185516e-06	1.246604e-09	2.258699e+01	7.445527e+01
1.160000e-06	3.268721e-06	1.321152e-09	2.317696e+01	7.889131e+01
1.170000e-06	3.350647e-06	1.395868e-09	2.375786e+01	8.336813e+01
1.180000e-06	3.431251e-06	1.471275e-09	2.432939e+01	8.782794e+01
1.190000e-06	3.510614e-06	1.546618e-09	2.489211e+01	9.220998e+01
1.200000e-06	3.588768e-06	1.619564e-09	2.544626e+01	9.646964e+01
1.210000e-06	3.665675e-06	1.689418e-09	2.599157e+01	1.005917e+02
1.220000e-06	3.741197e-06	1.756760e-09	2.652707e+01	1.045924e+02
1.230000e-06	3.815133e-06	1.822513e-09	2.705131e+01	1.085110e+02
1.240000e-06	3.887521e-06	1.886186e-09	2.756458e+01	1.123920e+02
1.250000e-06	3.958464e-06	1.950374e-09	2.806760e+01	1.162666e+02
1.260000e-06	4.028086e-06	2.015872e-09	2.856126e+01	1.201391e+02
1.270000e-06	4.096455e-06	2.082331e-09	2.904603e+01	1.239830e+02
1.280000e-06	4.163321e-06	2.148168e-09	2.952015e+01	1.277488e+02
1.290000e-06	4.228526e-06	2.211077e-09	2.998249e+01	1.313803e+02
1.300000e-06	4.292224e-06	2.270351e-09	3.043414e+01	1.348332e+02
1.310000e-06	4.354479e-06	2.324823e-09	3.087556e+01	1.380896e+02
1.320000e-06	4.415378e-06	2.375081e-09	3.130737e+01	1.411633e+02
1.330000e-06	4.474859e-06	2.423333e-09	3.172911e+01	1.440936e+02
1.340000e-06	4.532617e-06	2.471153e-09	3.213865e+01	1.469299e+02
1.350000e-06	4.588658e-06	2.519559e-09	3.253601e+01	1.497139e+02
1.360000e-06	4.643119e-06	2.568686e-09	3.292217e+01	1.524638e+02
1.370000e-06	4.695741e-06	2.617282e-09	3.329529e+01	1.551683e+02
1.380000e-06	4.746266e-06	2.663953e-09	3.365354e+01	1.577908e+02
1.390000e-06	4.794864e-06	2.706353e-09	3.399812e+01	1.602837e+02
1.400000e-06	4.841708e-06	2.745082e-09	3.433027e+01	1.626059e+02
1.410000e-06	4.886910e-06	2.779377e-09	3.465078e+01	1.647388e+02
1.420000e-06	4.930474e-06	2.809923e-09	3.495967e+01	1.666933e+02
1.430000e-06	4.972151e-06	2.840081e-09	3.525518e+01	1.685065e+02
1.440000e-06	5.011959e-06	2.870578e-09	3.553744e+01	1.702286e+02
1.450000e-06	5.050108e-06	2.900930e-09	3.580794e+01	1.719051e+02
1.460000e-06	5.086699e-06	2.930487e-09	3.606739e+01	1.735603e+02
1.470000e-06	5.121465e-06	2.958620e-09	3.631389e+01	1.751896e+02
1.480000e-06	5.154195e-06	2.983981e-09	3.654597e+01	1.767615e+02
1.490000e-06	5.185110e-06	3.006756e-09	3.676517e+01	1.782303e+02
1.500000e-06	5.214377e-06	3.026579e-09	3.697269e+01	1.795538e+02
1.510000e-06	5.241900e-06	3.044766e-09	3.716784e+01	1.807102e+02
1.520000e-06	5.267350e-06	3.062581e-09	3.734829e+01	1.817067e+02
1.530000e-06	5.290815e-06	3.078046e-09	3.751468e+01	1.825785e+02
1.540000e-06	5.312563e-06	3.091480e-09	3.766888e+01	1.833759e+02
1.550000e-06	5.332602e-06	3.104187e-09	3.781097e+01	1.841473e+02
1.560000e-06	5.350761e-06	3.118259e-09	3.793972e+01	1.849210e+02
1.570000e-06	5.366904e-06	3.132554e-09	3.805419e+01	1.856963e+02
1.580000e-06	5.381117e-06	3.143928e-09	3.815497e+01	1.864440e+02
1.590000e-06	5.393268e-06	3.152763e-09	3.824112e+01	1.871190e+02
1.600000e-06	5.403172e-06	3.160298e-09	3.831134e+01	1.876781e+02
1.610000e-06	5.411064e-06	3.165685e-09	3.836731e+01	1.880984e+02
1.620000e-06	5.417159e-06	3.168423e-09	3.841052e+01	1.883878e+02
1.630000e-06	5.421471e-06	3.171377e-09	3.844110e+01	1.885834e+02
1.640000e-06	5.423803e-06	3.174810e-09	3.845763e+01	1.887399e+02
1.650000e-06	5.424137e-06	3.177410e-09	3.846000e+01	1.889093e+02
1.660000e-06	5.422713e-06	3.185478e-09	3.844990e+01	1.891221e+02
1.670000e-06	5.419644e-06	3.191327e-09	3.842814e+01	1.893751e+02
1.680000e-06	5.414823e-06	3.194143e-09	3.839396e+01	1.896321e+02
1.690000e-06	5.408075e-06	3.195489e-09	3.834611e+01	1.898362e+02
1.700000e-06	5.399619e-06	3.193445e-09	3.828616e+01	1.899305e+02
1.710000e-06	5.389584e-06	3.190117e-09	3.821500e+01	1.898792e+02
1.720000e-06	5.377716e-06	3.165245e-09	3.813085e+01	1.896807e+02
1.730000e-06	5.363818e-06	3.160274e-09	3.803231e+01	1.893694e+02
1.740000e-06	5.347930e-06	3.253842e-09	3.791965e+01	1.890030e+02
1.750000e-06	5.329789e-06	3.265439e-09	3.779103e+01	1.886421e+02
1.760000e-06	5.308949e-06	3.206366e-09	3.764326e+01	1.883285e+02
1.770000e-06	5.285743e-06	3.152240e-09	3.747872e+01	1.880699e+02
1.780000e-06	5.261040e-06	3.014885e-09	3.730355e+01	1.878382e+02
1.790000e-06	5.235413e-06	3.174651e-09	3.712185e+01	1.875802e+02
1.800000e-06	5.208459e-06	3.265280e-09	3.693073e+01	1.872384e+02
1.810000e-06	5.179380e-06	3.010225e-09	3.672454e+01	1.867726e+02
1.820000e-06	5.148454e-06	3.152665e-09	3.650526e+01	1.861755e+02
1.830000e-06	5.115882e-06	3.220727e-09	3.627431e+01	1.854754e+02
1.840000e-06	5.081409e-06	3.077204e-09	3.602988e+01	1.847255e+02
1.850000e-06	5.045367e-06	3.185106e-09	3.577432e+01	1.839836e+02
1.860000e-06	5.007480e-06	3.017898e-09	3.550568e+01	1.832902e+02
1.870000e-06	4.967569e-06	2.982473e-09	3.522269e+01	1.826528e+02
1.880000e-06	4.926038e-06	3.184388e-09	3.492821e+01	1.820433e+02
1.890000e-06	4.882828e-06	3.050041e-09	3.462183e+01	1.814086e+02
1.900000e-06	4.837974e-06	3.056455e-09	3.430379e+01	1.806906e+02
1.910000e-06	4.791280e-06	3.039239e-09	3.397271e+01	1.798480e+02
1.920000e-06	4.742610e-06	2.991601e-09	3.362761e+01	1.788721e+02
1.930000e-06	4.692298e-06	3.085307e-09	3.327087e+01	1.777892e+02
1.940000e-06	4.640087e-06	2.904752e-09	3.290067e+01	1.766505e+02
1.950000e-06	4.585821e-06	2.923599e-09	3.251589e+01	1.755116e+02
1.960000e-06	4.529797e-06	3.002183e-09	3.211866e+01	1.744113e+02
1.970000e-06	4.472158e-06	2.947673e-09	3.170996e+01	1.733567e+02
1.980000e-06	4.413136e-06	2.933230e-09	3.129147e+01	1.723207e+02
1.990000e-06	4.352520e-06	2.828015e-09	3.086167e+01	1.712532e+02
2.000000e-06	4.290143e-06	2.915246e-09	3.041938e+01	1.701006e+02
2.010000e-06	4.226222e-06	2.875763e-09	2.996615e+01	1.688272e+02
2.020000e-06	4.160813e-06	2.780337e-09	2.950236e+01	1.674290e+02
2.030000e-06	4.094023e-06	2.816962e-09	2.902879e+01	1.659352e+02
2.040000e-06	4.025796e-06	2.766745e-09	2.854502e+01	1.643965e+02
2.050000e-06	3.955921e-06	2.797298e-09	2.804957e+01	1.628646e+02
2.060000e-06	3.884485e-06	2.712567e-09	2.754305e+01	1.613711e+02
2.070000e-06	3.811722e-06	2.681668e-09	2.702713e+01	1.599148e+02
2.080000e-06	3.737622e-06	2.706674e-09	2.650172e+01	1.584608e+02
2.090000e-06	3.662077e-06	2.648627e-09	2.596606e+01	1.569542e+02
2.100000e-06	3.585008e-06	2.634566e-09	2.541960e+01	1.553404e+02
2.110000e-06	3.506384e-06	2.573250e-09	2.486212e+01	1.535871e+02
2.120000e-06	3.426504e-06	2.583345e-09	2.429572e+01	1.516971e+02
2.130000e-06	3.345481e-06	2.543550e-09	2.372123e+01	1.497081e+02
2.140000e-06	3.263311e-06	2.486484e-09	2.313860e+01	1.476788e+02
2.150000e-06	3.180163e-06	2.467990e-09	2.254904e+01	1.456669e+02
2.160000e-06	3.095929e-06	2.432504e-09	2.195177e+01	1.437078e+02
2.170000e-06	3.010368e-06	2.418686e-09	2.134510e+01	1.418009e+02
2.180000e-06	2.923491e-06	2.359092e-09	2.072909e+01	1.399103e+02
2.190000e-06	2.835618e-06	2.333382e-09	2.010603e+01	1.379786e+02
2.200000e-06	2.746831e-06	2.310870e-09	1.947649e+01	1.359485e+02
2.210000e-06	2.657121e-06	2.276882e-09	1.884039e+01	1.337848e+02
2.220000e-06	2.566559e-06	2.224772e-09	1.819826e+01	1.314870e+02
2.230000e-06	2.475211e-06	2.170751e-09	1.755056e+01	1.290887e+02
2.240000e-06	2.383061e-06	2.149756e-09	1.689716e+01	1.266441e+02
2.250000e-06	2.289912e-06	2.108866e-09	1.623669e+01	1.242062e+02
2.260000e-06	2.195762e-06	2.061149e-09	1.556911e+01	1.218059e+02
2.270000e-06	2.100721e-06	2.015949e-09	1.489523e+01	1.194403e+02
2.280000e-06	2.005025e-06	1.988285e-09	1.421669e+01	1.170736e+02
2.290000e-06	1.908785e-06	1.947471e-09	1.353430e+01	1.146511e+02
2.300000e-06	1.811850e-06	1.886051e-09	1.284698e+01	1.121206e+02
2.310000e-06	1.714170e-06	1.835704e-09	1.215437e+01	1.094525e+02
2.320000e-06	1.615875e-06	1.802667e-09	1.145741e+01	1.066509e+02
2.330000e-06	1.517127e-06	1.758667e-09	1.075723e+01	1.037514e+02
2.340000e-06	1.418027e-06	1.695082e-09	1.005456e+01	1.008074e+02
2.350000e-06	1.318536e-06	1.642234e-09	9.349120e+00	9.786818e+01
2.360000e-06	1.218550e-06	1.601669e-09	8.640164e+00	9.496007e+01
2.370000e-06	1.118170e-06	1.553318e-09	7.928416e+00	9.207619e+01
2.380000e-06	1.017475e-06	1.489475e-09	7.214436e+00	8.917948e+01
2.390000e-06	9.162415e-07	1.439144e-09	6.496637e+00	8.621776e+01
2.400000e-06	8.143341e-07	1.401950e-09	5.774059e+00	8.314496e+01
2.410000e-06	7.120603e-07	1.353362e-09	5.048884e+00	7.994005e+01
2.420000e-06	6.096050e-07	1.283981e-09	4.322422e+00	7.661637e+01
2.430000e-06	5.068881e-07	1.217782e-09	3.594105e+00	7.321759e+01
2.440000e-06	4.039408e-07	1.168513e-09	2.864154e+00	6.980171e+01
2.450000e-06	3.008326e-07	1.115112e-09	2.133062e+00	6.641932e+01
2.460000e-06	1.976672e-07	1.051661e-09	1.401565e+00	6.309429e+01
2.470000e-06	9.446313e-08	9.920926e-10	6.697935e-01	5.981447e+01
2.480000e-06	-8.815877e-09	9.458925e-10	-6.250923e-02	5.653596e+01
2.490000e-06	-1.120908e-07	8.933504e-10	-7.947832e-01	5.319934e+01
2.500000e-06	-2.152676e-07	8.262358e-10	-1.526361e+00	4.975179e+01
2.510000e-06	-3.183590e-07	7.613335e-10	-2.257334e+00	4.616681e+01
2.520000e-06	-4.213362e-07	7.058129e-10	-2.987497e+00	4.245401e+01
2.530000e-06	-5.240938e-07	6.472657e-10	-3.716102e+00	3.865544e+01
2.540000e-06	-6.265907e-07	5.767239e-10	-4.442859e+00	3.483002e+01
2.550000e-06	-7.288162e-07	5.083728e-10	-5.167693e+00	3.103186e+01
2.560000e-06	-8.307171e-07	4.504354e-10	-5.890224e+00	2.729088e+01
2.570000e-06	-9.322379e-07	3.919049e-10	-6.610060e+00	2.360278e+01
2.580000e-06	-1.033320e-06	3.251915e-10	-7.326785e+00	1.993222e+01
2.590000e-06	-1.133918e-06	2.603500e-10	-8.040077e+00	1.622749e+01
2.600000e-06	-1.234070e-06	2.044496e-10	-8.750205e+00	1.244119e+01
2.610000e-06	-1.333804e-06	1.441313e-10	-9.457373e+00	8.548849e+00
2.620000e-06	-1.433051e-06	7.152477e-11	-1.016109e+01	4.558379e+00
2.630000e-06	-1.531805e-06	-3.354436e-12	-1.086131e+01	5.069277e-01
2.640000e-06	-1.630154e-06	-7.044507e-11	-1.155865e+01	-3.553631e+00
2.650000e-06	-1.728021e-06	-1.345874e-10	-1.225258e+01	-7.576934e+00
2.660000e-06	-1.825186e-06	-2.030162e-10	-1.294153e+01	-1.154037e+01
2.670000e-06	-1.921716e-06	-2.702897e-10	-1.362599e+01	-1.545437e+01
2.680000e-06	-2.017792e-06	-3.325018e-10	-1.430721e+01	-1.935925e+01
2.690000e-06	-2.113290e-06	-3.948524e-10	-1.498435e+01	-2.331076e+01
2.700000e-06	-2.207995e-06	-4.656330e-10	-1.565585e+01	-2.735970e+01
2.710000e-06	-2.301790e-06	-5.423576e-10	-1.632091e+01	-3.153334e+01
2.720000e-06	-2.394620e-06	-6.146679e-10	-1.697912e+01	-3.582535e+01
2.730000e-06	-2.486443e-06	-6.844912e-10	-1.763020e+01	-4.019799e+01
2.740000e-06	-2.577345e-06	-7.590603e-10	-1.827474e+01	-4.459572e+01
2.750000e-06	-2.667375e-06	-8.365146e-10	-1.891310e+01	-4.896501e+01
2.760000e-06	-2.756412e-06	-9.078989e-10	-1.954442e+01	-5.327306e+01
2.770000e-06	-2.844531e-06	-9.752246e-10	-2.016923e+01	-5.751849e+01
2.780000e-06	-2.931822e-06	-1.047100e-09	-2.078817e+01	-6.173012e+01
2.790000e-06	-3.018090e-06	-1.122704e-09	-2.139986e+01	-6.595449e+01
2.800000e-06	-3.103115e-06	-1.195428e-09	-2.200272e+01	-7.023661e+01
2.810000e-06	-3.186885e-06	-1.264932e-09	-2.259670e+01	-7.460128e+01
2.820000e-06	-3.269587e-06	-1.339922e-09	-2.318310e+01	-7.904159e+01
2.830000e-06	-3.351272e-06	-1.419943e-09	-2.376229e+01	-8.351908e+01
2.840000e-06	-3.431858e-06	-1.495415e-09	-2.433369e+01	-8.797508e+01
2.850000e-06	-3.511242e-06	-1.564498e-09	-2.489656e+01	-9.234937e+01
2.860000e-06	-3.589263e-06	-1.632892e-09	-2.544977e+01	-9.659914e+01
2.870000e-06	-3.665761e-06	-1.704615e-09	-2.599219e+01	-1.007114e+02
2.880000e-06	-3.740778e-06	-1.774233e-09	-2.652409e+01	-1.047047e+02
2.890000e-06	-3.814428e-06	-1.839650e-09	-2.704631e+01	-1.086190e+02
2.900000e-06	-3.886761e-06	-1.905437e-09	-2.755919e+01	-1.124985e+02
2.910000e-06	-3.957793e-06	-1.973733e-09	-2.806284e+01	-1.163730e+02
2.920000e-06	-4.027298e-06	-2.040327e-09	-2.855567e+01	-1.202445e+02
2.930000e-06	-4.095247e-06	-2.101166e-09	-2.903747e+01	-1.240845e+02
2.940000e-06	-4.161811e-06	-2.161140e-09	-2.950944e+01	-1.278423e+02
2.950000e-06	-4.227006e-06	-2.222787e-09	-2.997171e+01	-1.314621e+02
2.960000e-06	-4.290826e-06	-2.282383e-09	-3.042422e+01	-1.349010e+02
2.970000e-06	-4.353110e-06	-2.336207e-09	-3.086585e+01	-1.381434e+02
2.980000e-06	-4.413647e-06	-2.386160e-09	-3.129509e+01	-1.412051e+02
2.990000e-06	-4.472537e-06	-2.435568e-09	-3.171265e+01	-1.441268e+02
3.000000e-06	-4.529951e-06	-2.484194e-09	-3.211975e+01	-1.469581e+02
3.010000e-06	-4.585869e-06	-2.530300e-09	-3.251624e+01	-1.497392e+02
3.020000e-06	-4.640018e-06	-2.574803e-09	-3.290018e+01	-1.524864e+02
3.030000e-06	-4.692199e-06	-2.619499e-09	-3.327017e+01	-1.551863e+02
3.040000e-06	-4.742576e-06	-2.663142e-09	-3.362737e+01	-1.578010e+02
3.050000e-06	-4.791040e-06	-2.704069e-09	-3.397100e+01	-1.602827e+02
3.060000e-06	-4.837529e-06	-2.742473e-09	-3.430064e+01	-1.625915e+02
3.070000e-06	-4.882342e-06	-2.777132e-09	-3.461838e+01	-1.647107e+02
3.080000e-06	-4.925620e-06	-2.810357e-09	-3.492525e+01	-1.666534e+02
3.090000e-06	-4.967359e-06	-2.841722e-09	-3.522120e+01	-1.684582e+02
3.100000e-06	-5.007543e-06	-2.870062e-09	-3.550613e+01	-1.701756e+02
3.110000e-06	-5.046002e-06	-2.898818e-09	-3.577882e+01	-1.718498e+02
3.120000e-06	-5.082513e-06	-2.928800e-09	-3.603770e+01	-1.735035e+02
3.130000e-06	-5.117179e-06	-2.958063e-09	-3.628351e+01	-1.751298e+02
3.140000e-06	-5.150146e-06	-2.983692e-09	-3.651726e+01	-1.766957e+02
3.150000e-06	-5.181318e-06	-3.006713e-09	-3.673828e+01	-1.781552e+02
3.160000e-06	-5.210503e-06	-3.026229e-09	-3.694522e+01	-1.794671e+02
3.170000e-06	-5.237778e-06	-3.045222e-09	-3.713862e+01	-1.806112e+02
3.180000e-06	-5.263279e-06	-3.064265e-09	-3.731943e+01	-1.815973e+02
3.190000e-06	-5.286953e-06	-3.081555e-09	-3.748729e+01	-1.824617e+02
3.200000e-06	-5.308646e-06	-3.097392e-09	-3.764111e+01	-1.832557e+02
3.210000e-06	-5.328378e-06	-3.111453e-09	-3.778102e+01	-1.840264e+02
3.220000e-06	-5.346337e-06	-3.123791e-09	-3.790836e+01	-1.848005e+02
3.230000e-06	-5.362526e-06	-3.133949e-09	-3.802315e+01	-1.855748e+02
3.240000e-06	-5.376628e-06	-3.143732e-09	-3.812313e+01	-1.863188e+02
3.250000e-06	-5.388507e-06	-3.154697e-09	-3.820736e+01	-1.869866e+02
3.260000e-06	-5.398408e-06	-3.165668e-09	-3.827757e+01	-1.875360e+02
3.270000e-06	-5.406470e-06	-3.175811e-09	-3.833473e+01	-1.879462e+02
3.280000e-06	-5.412581e-06	-3.183214e-09	-3.837806e+01	-1.882271e+02
3.290000e-06	-5.416693e-06	-3.186982e-09	-3.840722e+01	-1.884179e+02
3.300000e-06	-5.419002e-06	-3.192001e-09	-3.842359e+01	-1.885735e+02
3.310000e-06	-5.419547e-06	-3.195679e-09	-3.842745e+01	-1.887452e+02
