# Temperatura_=_27.29
# Concentracion g/m^3_=_11000.0
# C_Vs_to_Am_M_A/Vsm_=_59384043850.047264
# pendiente_HvsI_1/m_=_3716.3
# ordenada_HvsI_A/m_=_1297.0
# frecuencia_Hz_=_301314.99143789866

Tiempo_(s)	Campo_(V.s)	Magnetizacion_(V.s)	Campo_(kA/m)	Magnetizacion_(A/m)
0.000000e+00	-5.411322e-06	-3.212965e-09	-3.842849e+01	-1.901236e+02
1.000000e-08	-5.410102e-06	-3.208059e-09	-3.841983e+01	-1.902022e+02
2.000000e-08	-5.406872e-06	-3.205610e-09	-3.839689e+01	-1.902675e+02
3.000000e-08	-5.401865e-06	-3.208508e-09	-3.836133e+01	-1.903464e+02
4.000000e-08	-5.395216e-06	-3.211107e-09	-3.831411e+01	-1.904388e+02
5.000000e-08	-5.386941e-06	-3.212470e-09	-3.825535e+01	-1.905166e+02
6.000000e-08	-5.376709e-06	-3.212870e-09	-3.818268e+01	-1.905340e+02
7.000000e-08	-5.364396e-06	-3.218883e-09	-3.809525e+01	-1.904458e+02
8.000000e-08	-5.350230e-06	-3.233260e-09	-3.799465e+01	-1.902260e+02
9.000000e-08	-5.333883e-06	-3.186077e-09	-3.787856e+01	-1.898797e+02
1.000000e-07	-5.315202e-06	-3.113294e-09	-3.774590e+01	-1.894437e+02
1.100000e-07	-5.294476e-06	-3.137634e-09	-3.759871e+01	-1.889751e+02
1.200000e-07	-5.271918e-06	-3.179190e-09	-3.743851e+01	-1.885309e+02
1.300000e-07	-5.247816e-06	-3.194632e-09	-3.726735e+01	-1.881480e+02
1.400000e-07	-5.222306e-06	-3.257907e-09	-3.708619e+01	-1.878294e+02
1.500000e-07	-5.195124e-06	-3.144502e-09	-3.689316e+01	-1.875425e+02
1.600000e-07	-5.166185e-06	-3.072310e-09	-3.668765e+01	-1.872307e+02
1.700000e-07	-5.135725e-06	-3.225525e-09	-3.647134e+01	-1.868332e+02
1.800000e-07	-5.103605e-06	-3.117283e-09	-3.624324e+01	-1.863069e+02
1.900000e-07	-5.069383e-06	-3.042757e-09	-3.600021e+01	-1.856406e+02
2.000000e-07	-5.033434e-06	-3.126394e-09	-3.574492e+01	-1.848587e+02
2.100000e-07	-4.995937e-06	-3.077612e-09	-3.547863e+01	-1.840101e+02
2.200000e-07	-4.956584e-06	-3.129149e-09	-3.519917e+01	-1.831498e+02
2.300000e-07	-4.915463e-06	-3.110313e-09	-3.490715e+01	-1.823178e+02
2.400000e-07	-4.872400e-06	-2.980775e-09	-3.460134e+01	-1.815246e+02
2.500000e-07	-4.827389e-06	-3.020223e-09	-3.428169e+01	-1.807483e+02
2.600000e-07	-4.780646e-06	-3.028544e-09	-3.394975e+01	-1.799440e+02
2.700000e-07	-4.732099e-06	-3.014418e-09	-3.360499e+01	-1.790627e+02
2.800000e-07	-4.681554e-06	-2.994777e-09	-3.324604e+01	-1.780704e+02
2.900000e-07	-4.628950e-06	-2.948928e-09	-3.287247e+01	-1.769621e+02
3.000000e-07	-4.574537e-06	-2.976884e-09	-3.248606e+01	-1.757640e+02
3.100000e-07	-4.518560e-06	-2.941905e-09	-3.208854e+01	-1.745234e+02
3.200000e-07	-4.460942e-06	-2.878084e-09	-3.167937e+01	-1.732904e+02
3.300000e-07	-4.401557e-06	-2.847258e-09	-3.125765e+01	-1.720988e+02
3.400000e-07	-4.340621e-06	-2.876642e-09	-3.082491e+01	-1.709532e+02
3.500000e-07	-4.278327e-06	-2.891370e-09	-3.038253e+01	-1.698267e+02
3.600000e-07	-4.214652e-06	-2.823563e-09	-2.993034e+01	-1.686717e+02
3.700000e-07	-4.149461e-06	-2.805914e-09	-2.946739e+01	-1.674377e+02
3.800000e-07	-4.082528e-06	-2.792434e-09	-2.899206e+01	-1.660903e+02
3.900000e-07	-4.013942e-06	-2.752838e-09	-2.850500e+01	-1.646239e+02
4.000000e-07	-3.943995e-06	-2.722906e-09	-2.800827e+01	-1.630631e+02
4.100000e-07	-3.872831e-06	-2.686946e-09	-2.750290e+01	-1.614528e+02
4.200000e-07	-3.800356e-06	-2.686765e-09	-2.698822e+01	-1.598401e+02
4.300000e-07	-3.726356e-06	-2.671202e-09	-2.646271e+01	-1.582562e+02
4.400000e-07	-3.650680e-06	-2.636786e-09	-2.592530e+01	-1.567045e+02
4.500000e-07	-3.573526e-06	-2.600379e-09	-2.537739e+01	-1.551587e+02
4.600000e-07	-3.494992e-06	-2.568569e-09	-2.481968e+01	-1.535737e+02
4.700000e-07	-3.414959e-06	-2.544893e-09	-2.425132e+01	-1.519025e+02
4.800000e-07	-3.333636e-06	-2.500965e-09	-2.367381e+01	-1.501140e+02
4.900000e-07	-3.251153e-06	-2.477707e-09	-2.308805e+01	-1.482052e+02
5.000000e-07	-3.167624e-06	-2.457317e-09	-2.249487e+01	-1.462017e+02
5.100000e-07	-3.083150e-06	-2.427360e-09	-2.189498e+01	-1.441481e+02
5.200000e-07	-2.997736e-06	-2.387799e-09	-2.128841e+01	-1.420905e+02
5.300000e-07	-2.911365e-06	-2.346223e-09	-2.067505e+01	-1.400600e+02
5.400000e-07	-2.824020e-06	-2.313298e-09	-2.005477e+01	-1.380601e+02
5.500000e-07	-2.735704e-06	-2.274090e-09	-1.942760e+01	-1.360669e+02
5.600000e-07	-2.646338e-06	-2.239566e-09	-1.879296e+01	-1.340373e+02
5.700000e-07	-2.555869e-06	-2.207582e-09	-1.815050e+01	-1.319263e+02
5.800000e-07	-2.464387e-06	-2.179075e-09	-1.750084e+01	-1.297028e+02
5.900000e-07	-2.372085e-06	-2.141966e-09	-1.684536e+01	-1.273613e+02
6.000000e-07	-2.279080e-06	-2.095096e-09	-1.618488e+01	-1.249229e+02
6.100000e-07	-2.185314e-06	-2.051469e-09	-1.551900e+01	-1.224262e+02
6.200000e-07	-2.090734e-06	-2.010627e-09	-1.484734e+01	-1.199124e+02
6.300000e-07	-1.995436e-06	-1.969041e-09	-1.417058e+01	-1.174088e+02
6.400000e-07	-1.899497e-06	-1.925700e-09	-1.348927e+01	-1.149190e+02
6.500000e-07	-1.802850e-06	-1.887329e-09	-1.280293e+01	-1.124208e+02
6.600000e-07	-1.705413e-06	-1.851298e-09	-1.211099e+01	-1.098748e+02
6.700000e-07	-1.607196e-06	-1.807606e-09	-1.141350e+01	-1.072386e+02
6.800000e-07	-1.508354e-06	-1.754905e-09	-1.071158e+01	-1.044827e+02
6.900000e-07	-1.409054e-06	-1.706489e-09	-1.000640e+01	-1.015997e+02
7.000000e-07	-1.309249e-06	-1.662214e-09	-9.297627e+00	-9.860741e+01
7.100000e-07	-1.208889e-06	-1.612366e-09	-8.584920e+00	-9.554059e+01
7.200000e-07	-1.108139e-06	-1.556597e-09	-7.869450e+00	-9.243852e+01
7.300000e-07	-1.007162e-06	-1.504106e-09	-7.152358e+00	-8.933079e+01
7.400000e-07	-9.059185e-07	-1.455063e-09	-6.433378e+00	-8.622759e+01
7.500000e-07	-8.042796e-07	-1.400930e-09	-5.711590e+00	-8.311784e+01
7.600000e-07	-7.023225e-07	-1.344578e-09	-4.987542e+00	-7.997531e+01
7.700000e-07	-6.001700e-07	-1.292428e-09	-4.262106e+00	-7.677031e+01
7.800000e-07	-4.977528e-07	-1.244268e-09	-3.534790e+00	-7.348205e+01
7.900000e-07	-3.951312e-07	-1.190395e-09	-2.806024e+00	-7.010709e+01
8.000000e-07	-2.924604e-07	-1.130200e-09	-2.076907e+00	-6.666055e+01
8.100000e-07	-1.897089e-07	-1.070435e-09	-1.347217e+00	-6.316992e+01
8.200000e-07	-8.686406e-08	-1.012207e-09	-6.168649e-01	-5.966388e+01
8.300000e-07	1.606351e-08	-9.522891e-10	1.140750e-01	-5.616068e+01
8.400000e-07	1.189989e-07	-8.910311e-10	8.450704e-01	-5.266052e+01
8.500000e-07	2.218333e-07	-8.339645e-10	1.575348e+00	-4.914495e+01
8.600000e-07	3.245652e-07	-7.786925e-10	2.304899e+00	-4.558368e+01
8.700000e-07	4.271685e-07	-7.202296e-10	3.033536e+00	-4.194612e+01
8.800000e-07	5.296110e-07	-6.552605e-10	3.761031e+00	-3.821359e+01
8.900000e-07	6.318569e-07	-5.876794e-10	4.487130e+00	-3.438750e+01
9.000000e-07	7.339050e-07	-5.206151e-10	5.211825e+00	-3.049043e+01
9.100000e-07	8.357098e-07	-4.539437e-10	5.934791e+00	-2.655969e+01
9.200000e-07	9.371770e-07	-3.880623e-10	6.655360e+00	-2.263549e+01
9.300000e-07	1.038305e-06	-3.237290e-10	7.373517e+00	-1.874787e+01
9.400000e-07	1.139078e-06	-2.616527e-10	8.089157e+00	-1.490714e+01
9.500000e-07	1.239471e-06	-1.995308e-10	8.802100e+00	-1.110102e+01
9.600000e-07	1.339518e-06	-1.351799e-10	9.512585e+00	-7.299437e+00
9.700000e-07	1.439132e-06	-6.702796e-11	1.021999e+01	-3.465357e+00
9.800000e-07	1.538162e-06	1.559883e-12	1.092326e+01	4.323936e-01
9.900000e-07	1.636517e-06	6.897134e-11	1.162172e+01	4.408726e+00
1.000000e-06	1.734145e-06	1.366954e-10	1.231503e+01	8.457955e+00
1.010000e-06	1.831049e-06	2.050149e-10	1.300319e+01	1.255691e+01
1.020000e-06	1.927259e-06	2.723835e-10	1.368643e+01	1.667423e+01
1.030000e-06	2.022784e-06	3.388125e-10	1.436480e+01	2.078244e+01
1.040000e-06	2.117613e-06	4.064977e-10	1.503823e+01	2.486831e+01
1.050000e-06	2.211702e-06	4.755934e-10	1.570640e+01	2.893793e+01
1.060000e-06	2.305013e-06	5.452223e-10	1.636904e+01	3.301455e+01
1.070000e-06	2.397630e-06	6.145176e-10	1.702676e+01	3.713005e+01
1.080000e-06	2.489591e-06	6.861322e-10	1.767983e+01	4.131326e+01
1.090000e-06	2.580664e-06	7.604771e-10	1.832658e+01	4.557909e+01
1.100000e-06	2.670650e-06	8.340030e-10	1.896562e+01	4.992264e+01
1.110000e-06	2.759548e-06	9.057904e-10	1.959693e+01	5.432019e+01
1.120000e-06	2.847394e-06	9.777042e-10	2.022076e+01	5.873676e+01
1.130000e-06	2.934284e-06	1.051497e-09	2.083781e+01	6.313745e+01
1.140000e-06	3.020188e-06	1.124961e-09	2.144785e+01	6.749835e+01
1.150000e-06	3.105094e-06	1.197322e-09	2.205082e+01	7.181317e+01
1.160000e-06	3.189058e-06	1.269393e-09	2.264709e+01	7.609296e+01
1.170000e-06	3.271954e-06	1.342006e-09	2.323578e+01	8.035935e+01
1.180000e-06	3.353615e-06	1.415527e-09	2.381569e+01	8.463353e+01
1.190000e-06	3.434004e-06	1.489006e-09	2.438657e+01	8.892541e+01
1.200000e-06	3.513134e-06	1.561317e-09	2.494851e+01	9.322678e+01
1.210000e-06	3.591007e-06	1.633589e-09	2.550153e+01	9.751146e+01
1.220000e-06	3.667671e-06	1.704904e-09	2.604596e+01	1.017422e+02
1.230000e-06	3.742960e-06	1.773263e-09	2.658062e+01	1.058818e+02
1.240000e-06	3.816634e-06	1.839892e-09	2.710382e+01	1.099054e+02
1.250000e-06	3.888787e-06	1.905563e-09	2.761621e+01	1.138068e+02
1.260000e-06	3.959573e-06	1.970275e-09	2.811890e+01	1.175997e+02
1.270000e-06	4.028995e-06	2.032954e-09	2.861190e+01	1.213103e+02
1.280000e-06	4.097135e-06	2.095270e-09	2.909579e+01	1.249651e+02
1.290000e-06	4.163773e-06	2.158163e-09	2.956903e+01	1.285793e+02
1.300000e-06	4.228741e-06	2.220291e-09	3.003040e+01	1.321481e+02
1.310000e-06	4.292191e-06	2.280003e-09	3.048099e+01	1.356462e+02
1.320000e-06	4.354191e-06	2.337260e-09	3.092128e+01	1.390352e+02
1.330000e-06	4.414896e-06	2.392798e-09	3.135237e+01	1.422763e+02
1.340000e-06	4.474199e-06	2.444462e-09	3.177351e+01	1.453435e+02
1.350000e-06	4.531736e-06	2.491488e-09	3.218211e+01	1.482332e+02
1.360000e-06	4.587513e-06	2.536597e-09	3.257821e+01	1.509647e+02
1.370000e-06	4.641670e-06	2.582385e-09	3.296281e+01	1.535736e+02
1.380000e-06	4.694051e-06	2.628161e-09	3.333479e+01	1.560985e+02
1.390000e-06	4.744353e-06	2.672419e-09	3.369201e+01	1.585660e+02
1.400000e-06	4.792644e-06	2.714358e-09	3.403495e+01	1.609815e+02
1.410000e-06	4.839203e-06	2.754436e-09	3.436559e+01	1.633267e+02
1.420000e-06	4.884186e-06	2.791055e-09	3.468504e+01	1.655672e+02
1.430000e-06	4.927579e-06	2.822565e-09	3.499319e+01	1.676661e+02
1.440000e-06	4.969065e-06	2.853567e-09	3.528780e+01	1.695987e+02
1.450000e-06	5.008680e-06	2.884492e-09	3.556913e+01	1.713635e+02
1.460000e-06	5.046619e-06	2.913392e-09	3.583855e+01	1.729842e+02
1.470000e-06	5.082902e-06	2.940923e-09	3.609622e+01	1.745017e+02
1.480000e-06	5.117314e-06	2.967359e-09	3.634059e+01	1.759602e+02
1.490000e-06	5.149757e-06	2.992062e-09	3.657099e+01	1.773913e+02
1.500000e-06	5.180487e-06	3.014386e-09	3.678922e+01	1.788023e+02
1.510000e-06	5.209592e-06	3.034763e-09	3.699590e+01	1.801745e+02
1.520000e-06	5.236888e-06	3.054836e-09	3.718975e+01	1.814703e+02
1.530000e-06	5.262129e-06	3.075023e-09	3.736899e+01	1.826483e+02
1.540000e-06	5.285427e-06	3.092006e-09	3.753444e+01	1.836797e+02
1.550000e-06	5.306993e-06	3.105074e-09	3.768760e+01	1.845605e+02
1.560000e-06	5.326837e-06	3.117792e-09	3.782852e+01	1.853135e+02
1.570000e-06	5.344783e-06	3.132063e-09	3.795596e+01	1.859809e+02
1.580000e-06	5.360696e-06	3.144728e-09	3.806897e+01	1.866090e+02
1.590000e-06	5.374661e-06	3.153786e-09	3.816814e+01	1.872313e+02
1.600000e-06	5.386599e-06	3.161507e-09	3.825292e+01	1.878570e+02
1.610000e-06	5.396283e-06	3.170558e-09	3.832169e+01	1.884680e+02
1.620000e-06	5.403920e-06	3.178808e-09	3.837592e+01	1.890274e+02
1.630000e-06	5.409744e-06	3.184755e-09	3.841728e+01	1.894950e+02
1.640000e-06	5.413742e-06	3.190301e-09	3.844568e+01	1.898440e+02
1.650000e-06	5.415731e-06	3.193437e-09	3.845980e+01	1.900724e+02
1.660000e-06	5.415759e-06	3.195316e-09	3.846000e+01	1.902044e+02
1.670000e-06	5.414120e-06	3.202146e-09	3.844836e+01	1.902820e+02
1.680000e-06	5.410913e-06	3.204192e-09	3.842559e+01	1.903475e+02
1.690000e-06	5.405951e-06	3.202958e-09	3.839035e+01	1.904271e+02
1.700000e-06	5.399042e-06	3.202241e-09	3.834128e+01	1.905197e+02
1.710000e-06	5.390387e-06	3.201030e-09	3.827982e+01	1.905962e+02
1.720000e-06	5.380093e-06	3.200435e-09	3.820672e+01	1.906106e+02
1.730000e-06	5.367969e-06	3.178042e-09	3.812062e+01	1.905180e+02
1.740000e-06	5.353889e-06	3.183956e-09	3.802063e+01	1.902935e+02
1.750000e-06	5.337841e-06	3.271787e-09	3.790666e+01	1.899432e+02
1.760000e-06	5.319493e-06	3.266942e-09	3.777637e+01	1.895051e+02
1.770000e-06	5.298450e-06	3.206468e-09	3.762693e+01	1.890365e+02
1.780000e-06	5.275076e-06	3.144819e-09	3.746094e+01	1.885940e+02
1.790000e-06	5.250307e-06	3.029200e-09	3.728504e+01	1.882137e+02
1.800000e-06	5.224698e-06	3.212727e-09	3.710318e+01	1.878970e+02
1.810000e-06	5.197637e-06	3.255817e-09	3.691100e+01	1.876104e+02
1.820000e-06	5.168349e-06	3.024254e-09	3.670301e+01	1.872965e+02
1.830000e-06	5.137283e-06	3.197407e-09	3.648241e+01	1.868951e+02
1.840000e-06	5.104571e-06	3.216289e-09	3.625010e+01	1.863638e+02
1.850000e-06	5.069976e-06	3.088051e-09	3.600442e+01	1.856929e+02
1.860000e-06	5.033816e-06	3.185311e-09	3.574763e+01	1.849076e+02
1.870000e-06	4.995741e-06	3.013669e-09	3.547724e+01	1.840578e+02
1.880000e-06	4.955716e-06	3.028986e-09	3.519301e+01	1.831980e+02
1.890000e-06	4.914087e-06	3.197971e-09	3.489738e+01	1.823675e+02
1.900000e-06	4.870701e-06	3.052829e-09	3.458927e+01	1.815755e+02
1.910000e-06	4.825696e-06	3.068328e-09	3.426967e+01	1.807991e+02
1.920000e-06	4.778833e-06	3.019061e-09	3.393687e+01	1.799929e+02
1.930000e-06	4.729986e-06	2.999740e-09	3.358998e+01	1.791081e+02
1.940000e-06	4.679591e-06	3.079479e-09	3.323211e+01	1.781116e+02
1.950000e-06	4.627385e-06	2.905207e-09	3.286137e+01	1.769996e+02
1.960000e-06	4.573180e-06	2.966303e-09	3.247643e+01	1.757991e+02
1.970000e-06	4.517138e-06	3.015557e-09	3.207845e+01	1.745580e+02
1.980000e-06	4.459423e-06	2.949303e-09	3.166858e+01	1.733261e+02
1.990000e-06	4.400304e-06	2.915928e-09	3.124875e+01	1.721364e+02
2.000000e-06	4.339568e-06	2.816350e-09	3.081743e+01	1.709921e+02
2.010000e-06	4.277126e-06	2.909690e-09	3.037400e+01	1.698655e+02
2.020000e-06	4.213138e-06	2.856983e-09	2.991959e+01	1.687086e+02
2.030000e-06	4.147714e-06	2.797324e-09	2.945498e+01	1.674711e+02
2.040000e-06	4.080942e-06	2.835900e-09	2.898080e+01	1.661194e+02
2.050000e-06	4.012605e-06	2.782747e-09	2.849550e+01	1.646491e+02
2.060000e-06	3.942655e-06	2.802160e-09	2.799876e+01	1.630857e+02
2.070000e-06	3.871198e-06	2.701310e-09	2.749130e+01	1.614745e+02
2.080000e-06	3.798377e-06	2.678825e-09	2.697416e+01	1.598625e+02
2.090000e-06	3.724222e-06	2.692462e-09	2.644755e+01	1.582800e+02
2.100000e-06	3.648600e-06	2.644564e-09	2.591053e+01	1.567292e+02
2.110000e-06	3.571476e-06	2.638619e-09	2.536283e+01	1.551829e+02
2.120000e-06	3.492798e-06	2.584898e-09	2.480409e+01	1.535956e+02
2.130000e-06	3.412833e-06	2.596019e-09	2.423623e+01	1.519206e+02
2.140000e-06	3.331751e-06	2.543241e-09	2.366042e+01	1.501278e+02
2.150000e-06	3.249587e-06	2.489704e-09	2.307693e+01	1.482151e+02
2.160000e-06	3.166414e-06	2.467729e-09	2.248628e+01	1.462090e+02
2.170000e-06	3.082160e-06	2.435338e-09	2.188795e+01	1.441545e+02
2.180000e-06	2.996713e-06	2.420882e-09	2.128115e+01	1.420976e+02
2.190000e-06	2.909934e-06	2.362076e-09	2.066489e+01	1.400683e+02
2.200000e-06	2.822053e-06	2.337913e-09	2.004081e+01	1.380693e+02
2.210000e-06	2.733264e-06	2.307563e-09	1.941027e+01	1.360756e+02
2.220000e-06	2.643552e-06	2.270734e-09	1.877318e+01	1.340440e+02
2.230000e-06	2.553011e-06	2.223291e-09	1.813020e+01	1.319294e+02
2.240000e-06	2.461672e-06	2.184339e-09	1.748156e+01	1.297017e+02
2.250000e-06	2.369478e-06	2.167441e-09	1.682685e+01	1.273563e+02
2.260000e-06	2.276367e-06	2.121584e-09	1.616561e+01	1.249151e+02
2.270000e-06	2.182378e-06	2.068484e-09	1.549815e+01	1.224172e+02
2.280000e-06	2.087476e-06	2.018990e-09	1.482421e+01	1.199034e+02
2.290000e-06	1.991761e-06	1.986304e-09	1.414448e+01	1.174005e+02
2.300000e-06	1.895461e-06	1.942174e-09	1.346061e+01	1.149110e+02
2.310000e-06	1.798542e-06	1.889037e-09	1.277234e+01	1.124118e+02
2.320000e-06	1.700883e-06	1.850396e-09	1.207881e+01	1.098633e+02
2.330000e-06	1.602613e-06	1.821036e-09	1.138096e+01	1.072234e+02
2.340000e-06	1.504004e-06	1.772178e-09	1.068068e+01	1.044629e+02
2.350000e-06	1.405021e-06	1.704381e-09	9.977755e+00	1.015757e+02
2.360000e-06	1.305500e-06	1.650219e-09	9.271006e+00	9.858006e+01
2.370000e-06	1.205470e-06	1.608816e-09	8.560643e+00	9.551137e+01
2.380000e-06	1.105130e-06	1.559122e-09	7.848080e+00	9.240875e+01
2.390000e-06	1.004448e-06	1.497056e-09	7.133088e+00	8.930119e+01
2.400000e-06	9.032807e-07	1.448495e-09	6.414646e+00	8.619812e+01
2.410000e-06	8.016859e-07	1.409030e-09	5.693170e+00	8.308775e+01
2.420000e-06	6.997848e-07	1.356275e-09	4.969520e+00	7.994354e+01
2.430000e-06	5.975993e-07	1.285167e-09	4.243850e+00	7.673589e+01
2.440000e-06	4.951187e-07	1.221873e-09	3.516084e+00	7.344453e+01
2.450000e-06	3.924035e-07	1.174483e-09	2.786652e+00	7.006671e+01
2.460000e-06	2.894957e-07	1.120716e-09	2.055853e+00	6.661814e+01
2.470000e-06	1.865117e-07	1.055126e-09	1.324513e+00	6.312654e+01
2.480000e-06	8.350561e-08	9.933098e-10	5.930149e-01	5.962044e+01
2.490000e-06	-1.956059e-08	9.427052e-10	-1.389095e-01	5.611752e+01
2.500000e-06	-1.226282e-07	8.836672e-10	-8.708438e-01	5.261727e+01
2.510000e-06	-2.255628e-07	8.139360e-10	-1.601833e+00	4.910069e+01
2.520000e-06	-3.283699e-07	7.505924e-10	-2.331918e+00	4.553723e+01
2.530000e-06	-4.310889e-07	6.980608e-10	-3.061377e+00	4.189655e+01
2.540000e-06	-5.335931e-07	6.402921e-10	-3.789310e+00	3.816058e+01
2.550000e-06	-6.357933e-07	5.697008e-10	-4.515085e+00	3.433150e+01
2.560000e-06	-7.377354e-07	5.013149e-10	-5.239026e+00	3.043258e+01
2.570000e-06	-8.394042e-07	4.403578e-10	-5.961027e+00	2.650147e+01
2.580000e-06	-9.407051e-07	3.748769e-10	-6.680415e+00	2.257820e+01
2.590000e-06	-1.041545e-06	3.016395e-10	-7.396529e+00	1.869227e+01
2.600000e-06	-1.141925e-06	2.335762e-10	-8.109377e+00	1.485317e+01
2.610000e-06	-1.241862e-06	1.779202e-10	-8.819081e+00	1.104786e+01
2.620000e-06	-1.341328e-06	1.206796e-10	-9.525440e+00	7.245810e+00
2.630000e-06	-1.440352e-06	5.201837e-11	-1.022866e+01	3.409974e+00
2.640000e-06	-1.538943e-06	-1.819479e-11	-1.092880e+01	-4.903906e-01
2.650000e-06	-1.637045e-06	-8.194423e-11	-1.162547e+01	-4.469493e+00
2.660000e-06	-1.734599e-06	-1.472440e-10	-1.231825e+01	-8.520924e+00
2.670000e-06	-1.831567e-06	-2.212099e-10	-1.300687e+01	-1.262103e+01
2.680000e-06	-1.927970e-06	-2.945691e-10	-1.369148e+01	-1.673839e+01
2.690000e-06	-2.023844e-06	-3.608257e-10	-1.437232e+01	-2.084586e+01
2.700000e-06	-2.119099e-06	-4.263262e-10	-1.504878e+01	-2.493088e+01
2.710000e-06	-2.213549e-06	-4.984065e-10	-1.571952e+01	-2.900022e+01
2.720000e-06	-2.307062e-06	-5.702352e-10	-1.638360e+01	-3.307760e+01
2.730000e-06	-2.399591e-06	-6.354215e-10	-1.704069e+01	-3.719503e+01
2.740000e-06	-2.491199e-06	-7.018745e-10	-1.769125e+01	-4.138099e+01
2.750000e-06	-2.581987e-06	-7.764397e-10	-1.833597e+01	-4.564975e+01
2.760000e-06	-2.671882e-06	-8.533869e-10	-1.897437e+01	-4.999568e+01
2.770000e-06	-2.760778e-06	-9.252835e-10	-1.960566e+01	-5.439449e+01
2.780000e-06	-2.848743e-06	-9.975530e-10	-2.023034e+01	-5.881100e+01
2.790000e-06	-2.935837e-06	-1.075938e-09	-2.084884e+01	-6.321053e+01
2.800000e-06	-3.021871e-06	-1.153728e-09	-2.145981e+01	-6.756974e+01
2.810000e-06	-3.106634e-06	-1.222910e-09	-2.206176e+01	-7.188297e+01
2.820000e-06	-3.190190e-06	-1.289441e-09	-2.265513e+01	-7.616182e+01
2.830000e-06	-3.272709e-06	-1.362269e-09	-2.324114e+01	-8.042811e+01
2.840000e-06	-3.354144e-06	-1.436549e-09	-2.381945e+01	-8.470280e+01
2.850000e-06	-3.434501e-06	-1.507109e-09	-2.439010e+01	-8.899521e+01
2.860000e-06	-3.513734e-06	-1.578023e-09	-2.495277e+01	-9.329648e+01
2.870000e-06	-3.591519e-06	-1.652910e-09	-2.550516e+01	-9.757985e+01
2.880000e-06	-3.667722e-06	-1.727602e-09	-2.604632e+01	-1.018078e+02
2.890000e-06	-3.742497e-06	-1.795834e-09	-2.657733e+01	-1.059437e+02
2.900000e-06	-3.815937e-06	-1.859829e-09	-2.709887e+01	-1.099628e+02
2.910000e-06	-3.888119e-06	-1.924413e-09	-2.761147e+01	-1.138599e+02
2.920000e-06	-3.958958e-06	-1.989734e-09	-2.811453e+01	-1.176494e+02
2.930000e-06	-4.028196e-06	-2.052392e-09	-2.860623e+01	-1.213574e+02
2.940000e-06	-4.095917e-06	-2.112746e-09	-2.908714e+01	-1.250106e+02
2.950000e-06	-4.162291e-06	-2.174103e-09	-2.955850e+01	-1.286234e+02
2.960000e-06	-4.227291e-06	-2.235133e-09	-3.002010e+01	-1.321901e+02
2.970000e-06	-4.290858e-06	-2.291952e-09	-3.047152e+01	-1.356849e+02
2.980000e-06	-4.352765e-06	-2.344268e-09	-3.091115e+01	-1.390692e+02
2.990000e-06	-4.412926e-06	-2.397423e-09	-3.133839e+01	-1.423044e+02
3.000000e-06	-4.471619e-06	-2.450806e-09	-3.175519e+01	-1.453652e+02
3.010000e-06	-4.528863e-06	-2.499836e-09	-3.216171e+01	-1.482486e+02
3.020000e-06	-4.584568e-06	-2.544361e-09	-3.255730e+01	-1.509750e+02
3.030000e-06	-4.638488e-06	-2.588376e-09	-3.294021e+01	-1.535803e+02
3.040000e-06	-4.690371e-06	-2.631275e-09	-3.330866e+01	-1.561027e+02
3.050000e-06	-4.740368e-06	-2.670167e-09	-3.366371e+01	-1.585684e+02
3.060000e-06	-4.788385e-06	-2.707875e-09	-3.400470e+01	-1.609817e+02
3.070000e-06	-4.834514e-06	-2.748308e-09	-3.433229e+01	-1.633238e+02
3.080000e-06	-4.879122e-06	-2.787349e-09	-3.464907e+01	-1.655598e+02
3.090000e-06	-4.922227e-06	-2.821382e-09	-3.495518e+01	-1.676530e+02
3.100000e-06	-4.963760e-06	-2.852273e-09	-3.525013e+01	-1.695794e+02
3.110000e-06	-5.003768e-06	-2.882486e-09	-3.553425e+01	-1.713385e+02
3.120000e-06	-5.041996e-06	-2.911780e-09	-3.580572e+01	-1.729547e+02
3.130000e-06	-5.078230e-06	-2.938011e-09	-3.606304e+01	-1.744693e+02
3.140000e-06	-5.112657e-06	-2.962160e-09	-3.630752e+01	-1.759264e+02
3.150000e-06	-5.145407e-06	-2.985246e-09	-3.654010e+01	-1.773567e+02
3.160000e-06	-5.176337e-06	-3.007901e-09	-3.675974e+01	-1.787668e+02
3.170000e-06	-5.205242e-06	-3.028569e-09	-3.696501e+01	-1.801369e+02
3.180000e-06	-5.232309e-06	-3.050800e-09	-3.715723e+01	-1.814291e+02
3.190000e-06	-5.257638e-06	-3.073754e-09	-3.733710e+01	-1.826021e+02
3.200000e-06	-5.281162e-06	-3.094789e-09	-3.750416e+01	-1.836281e+02
3.210000e-06	-5.302650e-06	-3.111428e-09	-3.765675e+01	-1.845037e+02
3.220000e-06	-5.322131e-06	-3.122962e-09	-3.779510e+01	-1.852528e+02
3.230000e-06	-5.339882e-06	-3.133099e-09	-3.792116e+01	-1.859180e+02
3.240000e-06	-5.355838e-06	-3.141402e-09	-3.803447e+01	-1.865453e+02
3.250000e-06	-5.369622e-06	-3.149101e-09	-3.813236e+01	-1.871678e+02
3.260000e-06	-5.381191e-06	-3.160069e-09	-3.821451e+01	-1.877933e+02
3.270000e-06	-5.390898e-06	-3.173321e-09	-3.828345e+01	-1.884031e+02
3.280000e-06	-5.398820e-06	-3.186135e-09	-3.833971e+01	-1.889598e+02
3.290000e-06	-5.404718e-06	-3.195946e-09	-3.838159e+01	-1.894235e+02
3.300000e-06	-5.408599e-06	-3.202182e-09	-3.840915e+01	-1.897680e+02
3.310000e-06	-5.410758e-06	-3.208746e-09	-3.842448e+01	-1.899923e+02
