# Temperatura_=_25.73
# Concentracion g/m^3_=_11000.0
# C_Vs_to_Am_M_A/Vsm_=_59384043850.047264
# pendiente_HvsI_1/m_=_3716.3
# ordenada_HvsI_A/m_=_1297.0
# frecuencia_Hz_=_301318.8220776734

Tiempo_(s)	Campo_(V.s)	Magnetizacion_(V.s)	Campo_(kA/m)	Magnetizacion_(A/m)
0.000000e+00	-5.409722e-06	-3.148608e-09	-3.842195e+01	-1.863171e+02
1.000000e-08	-5.408294e-06	-3.145593e-09	-3.841181e+01	-1.864759e+02
2.000000e-08	-5.404911e-06	-3.142516e-09	-3.838779e+01	-1.865778e+02
3.000000e-08	-5.399780e-06	-3.143243e-09	-3.835134e+01	-1.866304e+02
4.000000e-08	-5.393018e-06	-3.145438e-09	-3.830331e+01	-1.866396e+02
5.000000e-08	-5.384560e-06	-3.147769e-09	-3.824324e+01	-1.866077e+02
6.000000e-08	-5.374160e-06	-3.148097e-09	-3.816938e+01	-1.865320e+02
7.000000e-08	-5.361742e-06	-3.149846e-09	-3.808118e+01	-1.864068e+02
8.000000e-08	-5.347410e-06	-3.155280e-09	-3.797939e+01	-1.862258e+02
9.000000e-08	-5.330870e-06	-3.128699e-09	-3.786191e+01	-1.859858e+02
1.000000e-07	-5.312026e-06	-3.084429e-09	-3.772808e+01	-1.856887e+02
1.100000e-07	-5.291146e-06	-3.094199e-09	-3.757978e+01	-1.853426e+02
1.200000e-07	-5.268441e-06	-3.121067e-09	-3.741852e+01	-1.849596e+02
1.300000e-07	-5.244245e-06	-3.126809e-09	-3.724667e+01	-1.845522e+02
1.400000e-07	-5.218654e-06	-3.154736e-09	-3.706491e+01	-1.841296e+02
1.500000e-07	-5.191360e-06	-3.096874e-09	-3.687106e+01	-1.836946e+02
1.600000e-07	-5.162298e-06	-3.043496e-09	-3.666465e+01	-1.832426e+02
1.700000e-07	-5.131680e-06	-3.118199e-09	-3.644719e+01	-1.827629e+02
1.800000e-07	-5.099363e-06	-3.062297e-09	-3.621766e+01	-1.822422e+02
1.900000e-07	-5.064941e-06	-3.010858e-09	-3.597318e+01	-1.816689e+02
2.000000e-07	-5.028810e-06	-3.054355e-09	-3.571657e+01	-1.810359e+02
2.100000e-07	-4.991163e-06	-3.024903e-09	-3.544918e+01	-1.803430e+02
2.200000e-07	-4.951711e-06	-3.051165e-09	-3.516898e+01	-1.795961e+02
2.300000e-07	-4.910525e-06	-3.037531e-09	-3.487646e+01	-1.788046e+02
2.400000e-07	-4.867416e-06	-2.949617e-09	-3.457028e+01	-1.779789e+02
2.500000e-07	-4.822384e-06	-2.965994e-09	-3.425045e+01	-1.771267e+02
2.600000e-07	-4.775574e-06	-2.969335e-09	-3.391799e+01	-1.762512e+02
2.700000e-07	-4.726840e-06	-2.947279e-09	-3.357186e+01	-1.753508e+02
2.800000e-07	-4.676067e-06	-2.940367e-09	-3.321125e+01	-1.744203e+02
2.900000e-07	-4.623283e-06	-2.912307e-09	-3.283636e+01	-1.734533e+02
3.000000e-07	-4.568674e-06	-2.908954e-09	-3.244850e+01	-1.724439e+02
3.100000e-07	-4.512496e-06	-2.886988e-09	-3.204950e+01	-1.713891e+02
3.200000e-07	-4.454717e-06	-2.845262e-09	-3.163914e+01	-1.702888e+02
3.300000e-07	-4.395200e-06	-2.811870e-09	-3.121642e+01	-1.691461e+02
3.400000e-07	-4.334149e-06	-2.825117e-09	-3.078281e+01	-1.679652e+02
3.500000e-07	-4.271737e-06	-2.835727e-09	-3.033954e+01	-1.667504e+02
3.600000e-07	-4.207929e-06	-2.784266e-09	-2.988635e+01	-1.655041e+02
3.700000e-07	-4.142547e-06	-2.761363e-09	-2.942198e+01	-1.642265e+02
3.800000e-07	-4.075424e-06	-2.747083e-09	-2.894525e+01	-1.629146e+02
3.900000e-07	-4.006732e-06	-2.709772e-09	-2.845737e+01	-1.615638e+02
4.000000e-07	-3.936740e-06	-2.678524e-09	-2.796026e+01	-1.601682e+02
4.100000e-07	-3.865516e-06	-2.649672e-09	-2.745440e+01	-1.587227e+02
4.200000e-07	-3.792970e-06	-2.641844e-09	-2.693915e+01	-1.572242e+02
4.300000e-07	-3.718873e-06	-2.627137e-09	-2.641289e+01	-1.556719e+02
4.400000e-07	-3.643118e-06	-2.597802e-09	-2.587485e+01	-1.540680e+02
4.500000e-07	-3.565888e-06	-2.562747e-09	-2.532632e+01	-1.524162e+02
4.600000e-07	-3.487292e-06	-2.529958e-09	-2.476811e+01	-1.507208e+02
4.700000e-07	-3.407300e-06	-2.499921e-09	-2.419997e+01	-1.489848e+02
4.800000e-07	-3.325976e-06	-2.458843e-09	-2.362238e+01	-1.472088e+02
4.900000e-07	-3.243457e-06	-2.432317e-09	-2.303629e+01	-1.453905e+02
5.000000e-07	-3.159833e-06	-2.409608e-09	-2.244237e+01	-1.435258e+02
5.100000e-07	-3.075254e-06	-2.383402e-09	-2.184165e+01	-1.416105e+02
5.200000e-07	-2.989747e-06	-2.350551e-09	-2.123435e+01	-1.396421e+02
5.300000e-07	-2.903258e-06	-2.310539e-09	-2.062007e+01	-1.376219e+02
5.400000e-07	-2.815866e-06	-2.273210e-09	-1.999938e+01	-1.355551e+02
5.500000e-07	-2.727527e-06	-2.233559e-09	-1.937196e+01	-1.334497e+02
5.600000e-07	-2.638155e-06	-2.195767e-09	-1.873720e+01	-1.313138e+02
5.700000e-07	-2.547735e-06	-2.161559e-09	-1.809501e+01	-1.291522e+02
5.800000e-07	-2.456225e-06	-2.133795e-09	-1.744506e+01	-1.269640e+02
5.900000e-07	-2.363797e-06	-2.101001e-09	-1.678861e+01	-1.247414e+02
6.000000e-07	-2.270695e-06	-2.058231e-09	-1.612736e+01	-1.224715e+02
6.100000e-07	-2.176878e-06	-2.016087e-09	-1.546104e+01	-1.201400e+02
6.200000e-07	-2.082307e-06	-1.976210e-09	-1.478935e+01	-1.177362e+02
6.300000e-07	-1.986993e-06	-1.935349e-09	-1.411239e+01	-1.152568e+02
6.400000e-07	-1.890938e-06	-1.893154e-09	-1.343018e+01	-1.127076e+02
6.500000e-07	-1.794226e-06	-1.853300e-09	-1.274329e+01	-1.101025e+02
6.600000e-07	-1.696847e-06	-1.814781e-09	-1.205166e+01	-1.074585e+02
6.700000e-07	-1.598701e-06	-1.770787e-09	-1.135460e+01	-1.047895e+02
6.800000e-07	-1.499887e-06	-1.720595e-09	-1.065278e+01	-1.021006e+02
6.900000e-07	-1.400570e-06	-1.671252e-09	-9.947397e+00	-9.938551e+01
7.000000e-07	-1.300677e-06	-1.625190e-09	-9.237916e+00	-9.662729e+01
7.100000e-07	-1.200241e-06	-1.579092e-09	-8.524581e+00	-9.380396e+01
7.200000e-07	-1.099482e-06	-1.531667e-09	-7.808949e+00	-9.089604e+01
7.300000e-07	-9.984817e-07	-1.484020e-09	-7.091606e+00	-8.789393e+01
7.400000e-07	-8.971617e-07	-1.432856e-09	-6.371992e+00	-8.480237e+01
7.500000e-07	-7.954640e-07	-1.376201e-09	-5.649695e+00	-8.164010e+01
7.600000e-07	-6.934593e-07	-1.319001e-09	-4.925218e+00	-7.843447e+01
7.700000e-07	-5.912633e-07	-1.265236e-09	-4.199382e+00	-7.521293e+01
7.800000e-07	-4.888848e-07	-1.214432e-09	-3.472250e+00	-7.199407e+01
7.900000e-07	-3.862797e-07	-1.163035e-09	-2.743509e+00	-6.878161e+01
8.000000e-07	-2.835815e-07	-1.111004e-09	-2.014106e+00	-6.556335e+01
8.100000e-07	-1.808525e-07	-1.058137e-09	-1.284485e+00	-6.231581e+01
8.200000e-07	-7.804131e-08	-1.002144e-09	-5.542798e-01	-5.901263e+01
8.300000e-07	2.482610e-08	-9.418543e-10	1.763246e-01	-5.563400e+01
8.400000e-07	1.276760e-07	-8.810705e-10	9.068050e-01	-5.217355e+01
8.500000e-07	2.304506e-07	-8.226766e-10	1.636750e+00	-4.864020e+01
8.600000e-07	3.331127e-07	-7.643370e-10	2.365896e+00	-4.505456e+01
8.700000e-07	4.356519e-07	-7.052423e-10	3.094170e+00	-4.144100e+01
8.800000e-07	5.380735e-07	-6.447731e-10	3.821608e+00	-3.781876e+01
8.900000e-07	6.403267e-07	-5.833649e-10	4.547850e+00	-3.419528e+01
9.000000e-07	7.423569e-07	-5.203784e-10	5.272508e+00	-3.056433e+01
9.100000e-07	8.440695e-07	-4.572407e-10	5.994910e+00	-2.690964e+01
9.200000e-07	9.454379e-07	-3.960638e-10	6.714868e+00	-2.321249e+01
9.300000e-07	1.046519e-06	-3.351499e-10	7.432785e+00	-1.946030e+01
9.400000e-07	1.147283e-06	-2.730155e-10	8.148453e+00	-1.565267e+01
9.500000e-07	1.247726e-06	-2.090612e-10	8.861834e+00	-1.180264e+01
9.600000e-07	1.347747e-06	-1.424894e-10	9.572223e+00	-7.932384e+00
9.700000e-07	1.447197e-06	-7.438985e-11	1.027856e+01	-4.065041e+00
9.800000e-07	1.546051e-06	-7.798387e-12	1.098066e+01	-2.158035e-01
9.900000e-07	1.644249e-06	5.643280e-11	1.167810e+01	3.614371e+00
1.000000e-06	1.741753e-06	1.189485e-10	1.237061e+01	7.439904e+00
1.010000e-06	1.838563e-06	1.812114e-10	1.305819e+01	1.128610e+01
1.020000e-06	1.934702e-06	2.459612e-10	1.374101e+01	1.518067e+01
1.030000e-06	2.030174e-06	3.137529e-10	1.441908e+01	1.914430e+01
1.040000e-06	2.124959e-06	3.840038e-10	1.509228e+01	2.318392e+01
1.050000e-06	2.219011e-06	4.549485e-10	1.576028e+01	2.729091e+01
1.060000e-06	2.312341e-06	5.250099e-10	1.642314e+01	3.144488e+01
1.070000e-06	2.404992e-06	5.952260e-10	1.708119e+01	3.562146e+01
1.080000e-06	2.496913e-06	6.657134e-10	1.773405e+01	3.980109e+01
1.090000e-06	2.587925e-06	7.361132e-10	1.838045e+01	4.397537e+01
1.100000e-06	2.677803e-06	8.065897e-10	1.901880e+01	4.814888e+01
1.110000e-06	2.766549e-06	8.758065e-10	1.964911e+01	5.233573e+01
1.120000e-06	2.854309e-06	9.460326e-10	2.027242e+01	5.655246e+01
1.130000e-06	2.941133e-06	1.018212e-09	2.088908e+01	6.081015e+01
1.140000e-06	3.027006e-06	1.091305e-09	2.149898e+01	6.510859e+01
1.150000e-06	3.111896e-06	1.164078e-09	2.210190e+01	6.943494e+01
1.160000e-06	3.195777e-06	1.235813e-09	2.269766e+01	7.376685e+01
1.170000e-06	3.278568e-06	1.307611e-09	2.328566e+01	7.807901e+01
1.180000e-06	3.360123e-06	1.380411e-09	2.386490e+01	8.235028e+01
1.190000e-06	3.440388e-06	1.454181e-09	2.443498e+01	8.656877e+01
1.200000e-06	3.519384e-06	1.525616e-09	2.499604e+01	9.073301e+01
1.210000e-06	3.597134e-06	1.595650e-09	2.554825e+01	9.484912e+01
1.220000e-06	3.673637e-06	1.665244e-09	2.609160e+01	9.892520e+01
1.230000e-06	3.748748e-06	1.733473e-09	2.662507e+01	1.029654e+02
1.240000e-06	3.822290e-06	1.798956e-09	2.714739e+01	1.069658e+02
1.250000e-06	3.894360e-06	1.863089e-09	2.765926e+01	1.109143e+02
1.260000e-06	3.965060e-06	1.928585e-09	2.816140e+01	1.147929e+02
1.270000e-06	4.034409e-06	1.993642e-09	2.865395e+01	1.185829e+02
1.280000e-06	4.102420e-06	2.056322e-09	2.913698e+01	1.222699e+02
1.290000e-06	4.168892e-06	2.116649e-09	2.960910e+01	1.258463e+02
1.300000e-06	4.233714e-06	2.175188e-09	3.006948e+01	1.293117e+02
1.310000e-06	4.297039e-06	2.232612e-09	3.051925e+01	1.326698e+02
1.320000e-06	4.358958e-06	2.287356e-09	3.095902e+01	1.359245e+02
1.330000e-06	4.419518e-06	2.339650e-09	3.138914e+01	1.390763e+02
1.340000e-06	4.478680e-06	2.390854e-09	3.180933e+01	1.421210e+02
1.350000e-06	4.536140e-06	2.439817e-09	3.221743e+01	1.450504e+02
1.360000e-06	4.591827e-06	2.485994e-09	3.261294e+01	1.478557e+02
1.370000e-06	4.645855e-06	2.531577e-09	3.299667e+01	1.505316e+02
1.380000e-06	4.698024e-06	2.577388e-09	3.336720e+01	1.530780e+02
1.390000e-06	4.748111e-06	2.621636e-09	3.372293e+01	1.555014e+02
1.400000e-06	4.796216e-06	2.663481e-09	3.406459e+01	1.578120e+02
1.410000e-06	4.842614e-06	2.701553e-09	3.439413e+01	1.600203e+02
1.420000e-06	4.887442e-06	2.737125e-09	3.471252e+01	1.621336e+02
1.430000e-06	4.930559e-06	2.769070e-09	3.501875e+01	1.641533e+02
1.440000e-06	4.971735e-06	2.798251e-09	3.531120e+01	1.660755e+02
1.450000e-06	5.011068e-06	2.827805e-09	3.559055e+01	1.678933e+02
1.460000e-06	5.048814e-06	2.857572e-09	3.585865e+01	1.696007e+02
1.470000e-06	5.085002e-06	2.886469e-09	3.611567e+01	1.711959e+02
1.480000e-06	5.119337e-06	2.913612e-09	3.635952e+01	1.726827e+02
1.490000e-06	5.151677e-06	2.939165e-09	3.658921e+01	1.740705e+02
1.500000e-06	5.182237e-06	2.961113e-09	3.680627e+01	1.753706e+02
1.510000e-06	5.211161e-06	2.978524e-09	3.701170e+01	1.765932e+02
1.520000e-06	5.238271e-06	2.994401e-09	3.720424e+01	1.777439e+02
1.530000e-06	5.263332e-06	3.011598e-09	3.738223e+01	1.788230e+02
1.540000e-06	5.286467e-06	3.027354e-09	3.754655e+01	1.798266e+02
1.550000e-06	5.307886e-06	3.041414e-09	3.769867e+01	1.807492e+02
1.560000e-06	5.327565e-06	3.056225e-09	3.783844e+01	1.815876e+02
1.570000e-06	5.345290e-06	3.072583e-09	3.796433e+01	1.823428e+02
1.580000e-06	5.360993e-06	3.087707e-09	3.807586e+01	1.830212e+02
1.590000e-06	5.374763e-06	3.096774e-09	3.817366e+01	1.836323e+02
1.600000e-06	5.386456e-06	3.102396e-09	3.825671e+01	1.841859e+02
1.610000e-06	5.395958e-06	3.108688e-09	3.832420e+01	1.846889e+02
1.620000e-06	5.403498e-06	3.113824e-09	3.837775e+01	1.851435e+02
1.630000e-06	5.409230e-06	3.116787e-09	3.841846e+01	1.855467e+02
1.640000e-06	5.413160e-06	3.121059e-09	3.844637e+01	1.858930e+02
1.650000e-06	5.415079e-06	3.126895e-09	3.846000e+01	1.861769e+02
1.660000e-06	5.414987e-06	3.132891e-09	3.845935e+01	1.863962e+02
1.670000e-06	5.413184e-06	3.140797e-09	3.844654e+01	1.865529e+02
1.680000e-06	5.409809e-06	3.143996e-09	3.842257e+01	1.866531e+02
1.690000e-06	5.404634e-06	3.142882e-09	3.838582e+01	1.867041e+02
1.700000e-06	5.397515e-06	3.139154e-09	3.833525e+01	1.867120e+02
1.710000e-06	5.388708e-06	3.133937e-09	3.827270e+01	1.866786e+02
1.720000e-06	5.378268e-06	3.130166e-09	3.819856e+01	1.866014e+02
1.730000e-06	5.366007e-06	3.118146e-09	3.811147e+01	1.864744e+02
1.740000e-06	5.351774e-06	3.122508e-09	3.801038e+01	1.862914e+02
1.750000e-06	5.335529e-06	3.175534e-09	3.789501e+01	1.860493e+02
1.760000e-06	5.316930e-06	3.175673e-09	3.776291e+01	1.857504e+02
1.770000e-06	5.295667e-06	3.134558e-09	3.761189e+01	1.854029e+02
1.780000e-06	5.272174e-06	3.096991e-09	3.744503e+01	1.850189e+02
1.790000e-06	5.247306e-06	3.023744e-09	3.726841e+01	1.846109e+02
1.800000e-06	5.221522e-06	3.113306e-09	3.708528e+01	1.841880e+02
1.810000e-06	5.194219e-06	3.150866e-09	3.689137e+01	1.837526e+02
1.820000e-06	5.164712e-06	3.014641e-09	3.668180e+01	1.832999e+02
1.830000e-06	5.133477e-06	3.098605e-09	3.645996e+01	1.828190e+02
1.840000e-06	5.100586e-06	3.122421e-09	3.622635e+01	1.822968e+02
1.850000e-06	5.065867e-06	3.039524e-09	3.597976e+01	1.817215e+02
1.860000e-06	5.029595e-06	3.086488e-09	3.572214e+01	1.810865e+02
1.870000e-06	4.991375e-06	2.988258e-09	3.545069e+01	1.803916e+02
1.880000e-06	4.951239e-06	2.981599e-09	3.516563e+01	1.796429e+02
1.890000e-06	4.909483e-06	3.090880e-09	3.486906e+01	1.788502e+02
1.900000e-06	4.865976e-06	3.006722e-09	3.456006e+01	1.780235e+02
1.910000e-06	4.820784e-06	2.990236e-09	3.423908e+01	1.771706e+02
1.920000e-06	4.773733e-06	2.966666e-09	3.390491e+01	1.762943e+02
1.930000e-06	4.724772e-06	2.936912e-09	3.355717e+01	1.753930e+02
1.940000e-06	4.674215e-06	2.971582e-09	3.319810e+01	1.744615e+02
1.950000e-06	4.621806e-06	2.888301e-09	3.282587e+01	1.734931e+02
1.960000e-06	4.567428e-06	2.906609e-09	3.243965e+01	1.724823e+02
1.970000e-06	4.511256e-06	2.931803e-09	3.204070e+01	1.714259e+02
1.980000e-06	4.453434e-06	2.898600e-09	3.163003e+01	1.703241e+02
1.990000e-06	4.394191e-06	2.856003e-09	3.120926e+01	1.691800e+02
2.000000e-06	4.333289e-06	2.779610e-09	3.077671e+01	1.679980e+02
2.010000e-06	4.270684e-06	2.827428e-09	3.033206e+01	1.667821e+02
2.020000e-06	4.206563e-06	2.796768e-09	2.987665e+01	1.655348e+02
2.030000e-06	4.141033e-06	2.753542e-09	2.941123e+01	1.642561e+02
2.040000e-06	4.074106e-06	2.767570e-09	2.893588e+01	1.629430e+02
2.050000e-06	4.005604e-06	2.731118e-09	2.844936e+01	1.615908e+02
2.060000e-06	3.935534e-06	2.728944e-09	2.795169e+01	1.601936e+02
2.070000e-06	3.863996e-06	2.660851e-09	2.744361e+01	1.587464e+02
2.080000e-06	3.791121e-06	2.636505e-09	2.692602e+01	1.572460e+02
2.090000e-06	3.716901e-06	2.633586e-09	2.639888e+01	1.556919e+02
2.100000e-06	3.641230e-06	2.599117e-09	2.586143e+01	1.540863e+02
2.110000e-06	3.564011e-06	2.583934e-09	2.531299e+01	1.524330e+02
2.120000e-06	3.485217e-06	2.539933e-09	2.475337e+01	1.507362e+02
2.130000e-06	3.405165e-06	2.532601e-09	2.418481e+01	1.489989e+02
2.140000e-06	3.324010e-06	2.489919e-09	2.360841e+01	1.472215e+02
2.150000e-06	3.241790e-06	2.448217e-09	2.302446e+01	1.454017e+02
2.160000e-06	3.158539e-06	2.419025e-09	2.243317e+01	1.435354e+02
2.170000e-06	3.074124e-06	2.384837e-09	2.183363e+01	1.416183e+02
2.180000e-06	2.988460e-06	2.369285e-09	2.122521e+01	1.396481e+02
2.190000e-06	2.901540e-06	2.325326e-09	2.060787e+01	1.376262e+02
2.200000e-06	2.813604e-06	2.296274e-09	1.998331e+01	1.355580e+02
2.210000e-06	2.724744e-06	2.262542e-09	1.935219e+01	1.334515e+02
2.220000e-06	2.634948e-06	2.223335e-09	1.871442e+01	1.313147e+02
2.230000e-06	2.544358e-06	2.178241e-09	1.807102e+01	1.291523e+02
2.240000e-06	2.452973e-06	2.135315e-09	1.742197e+01	1.269631e+02
2.250000e-06	2.360739e-06	2.110246e-09	1.676689e+01	1.247392e+02
2.260000e-06	2.267609e-06	2.073017e-09	1.610544e+01	1.224674e+02
2.270000e-06	2.173565e-06	2.030955e-09	1.543751e+01	1.201336e+02
2.280000e-06	2.078545e-06	1.987044e-09	1.476263e+01	1.177272e+02
2.290000e-06	1.982746e-06	1.946661e-09	1.408224e+01	1.152452e+02
2.300000e-06	1.886436e-06	1.901123e-09	1.339821e+01	1.126938e+02
2.310000e-06	1.789544e-06	1.848609e-09	1.271004e+01	1.100872e+02
2.320000e-06	1.691962e-06	1.803478e-09	1.201697e+01	1.074422e+02
2.330000e-06	1.593808e-06	1.767728e-09	1.131985e+01	1.047725e+02
2.340000e-06	1.495280e-06	1.724501e-09	1.062006e+01	1.020830e+02
2.350000e-06	1.396320e-06	1.670882e-09	9.917207e+00	9.936675e+01
2.360000e-06	1.296769e-06	1.622313e-09	9.210161e+00	9.660668e+01
2.370000e-06	1.196673e-06	1.579105e-09	8.499237e+00	9.378072e+01
2.380000e-06	1.096297e-06	1.530832e-09	7.786330e+00	9.086962e+01
2.390000e-06	9.956131e-07	1.475509e-09	7.071232e+00	8.786423e+01
2.400000e-06	8.944729e-07	1.425715e-09	6.352895e+00	8.476985e+01
2.410000e-06	7.929073e-07	1.378260e-09	5.631537e+00	8.160562e+01
2.420000e-06	6.909806e-07	1.324315e-09	4.907613e+00	7.839908e+01
2.430000e-06	5.887522e-07	1.262309e-09	4.181547e+00	7.517748e+01
2.440000e-06	4.862303e-07	1.204305e-09	3.453397e+00	7.195898e+01
2.450000e-06	3.834842e-07	1.154037e-09	2.723654e+00	6.874670e+01
2.460000e-06	2.805843e-07	1.101515e-09	1.992819e+00	6.552794e+01
2.470000e-06	1.775908e-07	1.043841e-09	1.261319e+00	6.227895e+01
2.480000e-06	7.448821e-08	9.857802e-10	5.290443e-01	5.897344e+01
2.490000e-06	-2.862770e-08	9.317617e-10	-2.033251e-01	5.559201e+01
2.500000e-06	-1.316615e-07	8.730789e-10	-9.351115e-01	5.212880e+01
2.510000e-06	-2.346310e-07	8.097122e-10	-1.666441e+00	4.859328e+01
2.520000e-06	-3.374933e-07	7.494713e-10	-2.397009e+00	4.500632e+01
2.530000e-06	-4.402352e-07	6.934523e-10	-3.126722e+00	4.139227e+01
2.540000e-06	-5.427556e-07	6.356055e-10	-3.854862e+00	3.777004e+01
2.550000e-06	-6.449754e-07	5.713102e-10	-4.580867e+00	3.414657e+01
2.560000e-06	-7.468611e-07	5.067719e-10	-5.304498e+00	3.051518e+01
2.570000e-06	-8.484345e-07	4.450473e-10	-6.025913e+00	2.685938e+01
2.580000e-06	-9.496750e-07	3.816277e-10	-6.744962e+00	2.316052e+01
2.590000e-06	-1.050481e-06	3.159907e-10	-7.460925e+00	1.940636e+01
2.600000e-06	-1.150819e-06	2.526610e-10	-8.173568e+00	1.559702e+01
2.610000e-06	-1.250720e-06	1.927662e-10	-8.883100e+00	1.174595e+01
2.620000e-06	-1.350153e-06	1.302426e-10	-9.589316e+00	7.875509e+00
2.630000e-06	-1.449078e-06	6.303656e-11	-1.029191e+01	4.008717e+00
2.640000e-06	-1.547525e-06	-4.197985e-12	-1.099113e+01	1.603328e-01
2.650000e-06	-1.645508e-06	-6.779137e-11	-1.168704e+01	-3.669249e+00
2.660000e-06	-1.742998e-06	-1.318279e-10	-1.237945e+01	-7.494948e+00
2.670000e-06	-1.839909e-06	-2.001308e-10	-1.306775e+01	-1.134232e+01
2.680000e-06	-1.936247e-06	-2.670663e-10	-1.375198e+01	-1.523896e+01
2.690000e-06	-2.032026e-06	-3.305915e-10	-1.443224e+01	-1.920519e+01
2.700000e-06	-2.127189e-06	-3.953728e-10	-1.510813e+01	-2.324736e+01
2.710000e-06	-2.221579e-06	-4.647941e-10	-1.577852e+01	-2.735633e+01
2.720000e-06	-2.315015e-06	-5.358678e-10	-1.644214e+01	-3.151143e+01
2.730000e-06	-2.407494e-06	-6.043279e-10	-1.709896e+01	-3.568832e+01
2.740000e-06	-2.499062e-06	-6.738758e-10	-1.774931e+01	-3.986772e+01
2.750000e-06	-2.589708e-06	-7.468435e-10	-1.839311e+01	-4.404173e+01
2.760000e-06	-2.679428e-06	-8.189438e-10	-1.903034e+01	-4.821535e+01
2.770000e-06	-2.768248e-06	-8.872710e-10	-1.966118e+01	-5.240289e+01
2.780000e-06	-2.856159e-06	-9.560381e-10	-2.028555e+01	-5.662086e+01
2.790000e-06	-2.943133e-06	-1.030186e-09	-2.090328e+01	-6.087998e+01
2.800000e-06	-3.029043e-06	-1.106290e-09	-2.151345e+01	-6.517963e+01
2.810000e-06	-3.113685e-06	-1.178002e-09	-2.211460e+01	-6.950650e+01
2.820000e-06	-3.197124e-06	-1.248324e-09	-2.270722e+01	-7.383804e+01
2.830000e-06	-3.279514e-06	-1.321422e-09	-2.329239e+01	-7.814896e+01
2.840000e-06	-3.360840e-06	-1.393937e-09	-2.387000e+01	-8.241840e+01
2.850000e-06	-3.441126e-06	-1.461803e-09	-2.444021e+01	-8.663482e+01
2.860000e-06	-3.520186e-06	-1.528246e-09	-2.500173e+01	-9.079711e+01
2.870000e-06	-3.597755e-06	-1.597860e-09	-2.555266e+01	-9.491157e+01
2.880000e-06	-3.673762e-06	-1.669659e-09	-2.609249e+01	-9.898624e+01
2.890000e-06	-3.748355e-06	-1.739681e-09	-2.662228e+01	-1.030250e+02
2.900000e-06	-3.821647e-06	-1.806252e-09	-2.714282e+01	-1.070238e+02
2.910000e-06	-3.893667e-06	-1.872121e-09	-2.765434e+01	-1.109700e+02
2.920000e-06	-3.964366e-06	-1.936944e-09	-2.815647e+01	-1.148457e+02
2.930000e-06	-4.033541e-06	-1.999488e-09	-2.864778e+01	-1.186321e+02
2.940000e-06	-4.101187e-06	-2.058819e-09	-2.912823e+01	-1.223151e+02
2.950000e-06	-4.167404e-06	-2.118998e-09	-2.959853e+01	-1.258874e+02
2.960000e-06	-4.232221e-06	-2.181089e-09	-3.005888e+01	-1.293488e+02
2.970000e-06	-4.295607e-06	-2.239952e-09	-3.050908e+01	-1.327031e+02
2.980000e-06	-4.357400e-06	-2.294731e-09	-3.094795e+01	-1.359540e+02
2.990000e-06	-4.417448e-06	-2.346888e-09	-3.137444e+01	-1.391021e+02
3.000000e-06	-4.475906e-06	-2.397329e-09	-3.178963e+01	-1.421427e+02
3.010000e-06	-4.532914e-06	-2.443478e-09	-3.219452e+01	-1.450677e+02
3.020000e-06	-4.588417e-06	-2.486493e-09	-3.258872e+01	-1.478684e+02
3.030000e-06	-4.642094e-06	-2.531826e-09	-3.296996e+01	-1.505394e+02
3.040000e-06	-4.693789e-06	-2.577598e-09	-3.333712e+01	-1.530813e+02
3.050000e-06	-4.743628e-06	-2.619594e-09	-3.369109e+01	-1.555003e+02
3.060000e-06	-4.791498e-06	-2.656844e-09	-3.403109e+01	-1.578070e+02
3.070000e-06	-4.837494e-06	-2.692009e-09	-3.435776e+01	-1.600118e+02
3.080000e-06	-4.881939e-06	-2.726207e-09	-3.467343e+01	-1.621216e+02
3.090000e-06	-4.924892e-06	-2.757641e-09	-3.497850e+01	-1.641378e+02
3.100000e-06	-4.966316e-06	-2.788350e-09	-3.527271e+01	-1.660563e+02
3.110000e-06	-5.006167e-06	-2.819840e-09	-3.555575e+01	-1.678702e+02
3.120000e-06	-5.044179e-06	-2.851242e-09	-3.582573e+01	-1.695735e+02
3.130000e-06	-5.080217e-06	-2.879900e-09	-3.608168e+01	-1.711646e+02
3.140000e-06	-5.114463e-06	-2.905236e-09	-3.632491e+01	-1.726476e+02
3.150000e-06	-5.147035e-06	-2.927320e-09	-3.655625e+01	-1.740320e+02
3.160000e-06	-5.177747e-06	-2.948198e-09	-3.677437e+01	-1.753291e+02
3.170000e-06	-5.206436e-06	-2.967635e-09	-3.697814e+01	-1.765489e+02
3.180000e-06	-5.233282e-06	-2.987265e-09	-3.716881e+01	-1.776970e+02
3.190000e-06	-5.258425e-06	-3.007189e-09	-3.734738e+01	-1.787734e+02
3.200000e-06	-5.281748e-06	-3.026202e-09	-3.751303e+01	-1.797741e+02
3.210000e-06	-5.303032e-06	-3.043043e-09	-3.766420e+01	-1.806936e+02
3.220000e-06	-5.322381e-06	-3.057129e-09	-3.780162e+01	-1.815289e+02
3.230000e-06	-5.339997e-06	-3.070693e-09	-3.792674e+01	-1.822812e+02
3.240000e-06	-5.355780e-06	-3.081743e-09	-3.803884e+01	-1.829569e+02
3.250000e-06	-5.369369e-06	-3.089870e-09	-3.813535e+01	-1.835657e+02
3.260000e-06	-5.380767e-06	-3.097053e-09	-3.821630e+01	-1.841173e+02
3.270000e-06	-5.390282e-06	-3.105759e-09	-3.828388e+01	-1.846185e+02
3.280000e-06	-5.397969e-06	-3.117500e-09	-3.833848e+01	-1.850711e+02
3.290000e-06	-5.403665e-06	-3.129288e-09	-3.837894e+01	-1.854723e+02
3.300000e-06	-5.407400e-06	-3.137972e-09	-3.840546e+01	-1.858164e+02
3.310000e-06	-5.409386e-06	-3.144731e-09	-3.841956e+01	-1.860979e+02
