# Temperatura_=_37.69
# Concentracion g/m^3_=_20000.0
# C_Vs_to_Am_M_A/Vsm_=_59384043850.047264
# pendiente_HvsI_1/m_=_3716.3
# ordenada_HvsI_A/m_=_1297.0
# frecuencia_Hz_=_301725.47546494124

Tiempo_(s)	Campo_(V.s)	Magnetizacion_(V.s)	Campo_(kA/m)	Magnetizacion_(A/m)
0.000000e+00	-8.155366e-06	-1.423363e-08	-5.683821e+01	-8.432832e+02
1.000000e-08	-8.153214e-06	-1.423001e-08	-5.682322e+01	-8.430265e+02
2.000000e-08	-8.148277e-06	-1.423037e-08	-5.678881e+01	-8.427495e+02
3.000000e-08	-8.140784e-06	-1.423064e-08	-5.673658e+01	-8.425458e+02
4.000000e-08	-8.130466e-06	-1.422571e-08	-5.666468e+01	-8.424632e+02
5.000000e-08	-8.117142e-06	-1.421890e-08	-5.657182e+01	-8.424792e+02
6.000000e-08	-8.100841e-06	-1.421801e-08	-5.645821e+01	-8.425072e+02
7.000000e-08	-8.081938e-06	-1.422117e-08	-5.632646e+01	-8.424325e+02
8.000000e-08	-8.060682e-06	-1.420253e-08	-5.617832e+01	-8.421631e+02
9.000000e-08	-8.036494e-06	-1.415127e-08	-5.600975e+01	-8.416723e+02
1.000000e-07	-8.008923e-06	-1.415021e-08	-5.581759e+01	-8.410141e+02
1.100000e-07	-7.978212e-06	-1.418696e-08	-5.560355e+01	-8.403036e+02
1.200000e-07	-7.944654e-06	-1.418692e-08	-5.536967e+01	-8.396696e+02
1.300000e-07	-7.908420e-06	-1.416195e-08	-5.511714e+01	-8.391993e+02
1.400000e-07	-7.869895e-06	-1.417250e-08	-5.484865e+01	-8.388995e+02
1.500000e-07	-7.829137e-06	-1.419734e-08	-5.456458e+01	-8.386904e+02
1.600000e-07	-7.785717e-06	-1.414076e-08	-5.426197e+01	-8.384373e+02
1.700000e-07	-7.739432e-06	-1.413509e-08	-5.393939e+01	-8.380052e+02
1.800000e-07	-7.690379e-06	-1.411075e-08	-5.359752e+01	-8.373153e+02
1.900000e-07	-7.638300e-06	-1.407036e-08	-5.323456e+01	-8.363782e+02
2.000000e-07	-7.583176e-06	-1.409421e-08	-5.285038e+01	-8.352890e+02
2.100000e-07	-7.525314e-06	-1.407189e-08	-5.244711e+01	-8.341873e+02
2.200000e-07	-7.464797e-06	-1.407382e-08	-5.202535e+01	-8.331973e+02
2.300000e-07	-7.401699e-06	-1.404443e-08	-5.158559e+01	-8.323750e+02
2.400000e-07	-7.335830e-06	-1.402881e-08	-5.112652e+01	-8.316840e+02
2.500000e-07	-7.267133e-06	-1.403667e-08	-5.064774e+01	-8.310108e+02
2.600000e-07	-7.195788e-06	-1.399064e-08	-5.015051e+01	-8.302131e+02
2.700000e-07	-7.121710e-06	-1.395886e-08	-4.963422e+01	-8.291809e+02
2.800000e-07	-7.044784e-06	-1.395207e-08	-4.909809e+01	-8.278829e+02
2.900000e-07	-6.964996e-06	-1.395842e-08	-4.854202e+01	-8.263800e+02
3.000000e-07	-6.882663e-06	-1.391644e-08	-4.796821e+01	-8.247989e+02
3.100000e-07	-6.798099e-06	-1.387518e-08	-4.737884e+01	-8.232774e+02
3.200000e-07	-6.711289e-06	-1.386745e-08	-4.677383e+01	-8.219059e+02
3.300000e-07	-6.622078e-06	-1.384380e-08	-4.615208e+01	-8.206885e+02
3.400000e-07	-6.530377e-06	-1.382452e-08	-4.551297e+01	-8.195428e+02
3.500000e-07	-6.436414e-06	-1.378722e-08	-4.485811e+01	-8.183358e+02
3.600000e-07	-6.340131e-06	-1.375926e-08	-4.418707e+01	-8.169417e+02
3.700000e-07	-6.241425e-06	-1.374906e-08	-4.349915e+01	-8.152960e+02
3.800000e-07	-6.140450e-06	-1.372505e-08	-4.279541e+01	-8.134211e+02
3.900000e-07	-6.037284e-06	-1.367805e-08	-4.207640e+01	-8.114149e+02
4.000000e-07	-5.931958e-06	-1.363443e-08	-4.134234e+01	-8.094041e+02
4.100000e-07	-5.824429e-06	-1.362553e-08	-4.059292e+01	-8.074868e+02
4.200000e-07	-5.714867e-06	-1.360345e-08	-3.982934e+01	-8.056862e+02
4.300000e-07	-5.603324e-06	-1.355548e-08	-3.905195e+01	-8.039391e+02
4.400000e-07	-5.489670e-06	-1.350592e-08	-3.825984e+01	-8.021233e+02
4.500000e-07	-5.373828e-06	-1.348187e-08	-3.745249e+01	-8.001113e+02
4.600000e-07	-5.255865e-06	-1.345618e-08	-3.663036e+01	-7.978285e+02
4.700000e-07	-5.135913e-06	-1.340420e-08	-3.579436e+01	-7.952883e+02
4.800000e-07	-5.014079e-06	-1.334882e-08	-3.494525e+01	-7.925882e+02
4.900000e-07	-4.890467e-06	-1.331224e-08	-3.408374e+01	-7.898686e+02
5.000000e-07	-4.765103e-06	-1.328692e-08	-3.321003e+01	-7.872513e+02
5.100000e-07	-4.638063e-06	-1.323899e-08	-3.232463e+01	-7.847838e+02
5.200000e-07	-4.509385e-06	-1.317904e-08	-3.142782e+01	-7.824157e+02
5.300000e-07	-4.379056e-06	-1.313447e-08	-3.051951e+01	-7.800173e+02
5.400000e-07	-4.247031e-06	-1.310374e-08	-2.959937e+01	-7.774329e+02
5.500000e-07	-4.113431e-06	-1.305252e-08	-2.866825e+01	-7.745468e+02
5.600000e-07	-3.978378e-06	-1.298333e-08	-2.772701e+01	-7.713324e+02
5.700000e-07	-3.841853e-06	-1.292764e-08	-2.677551e+01	-7.678635e+02
5.800000e-07	-3.703879e-06	-1.288688e-08	-2.581391e+01	-7.642812e+02
5.900000e-07	-3.564464e-06	-1.283456e-08	-2.484227e+01	-7.607310e+02
6.000000e-07	-3.423594e-06	-1.276342e-08	-2.386048e+01	-7.572972e+02
6.100000e-07	-3.281300e-06	-1.270134e-08	-2.286878e+01	-7.539632e+02
6.200000e-07	-3.137648e-06	-1.265263e-08	-2.186760e+01	-7.506162e+02
6.300000e-07	-2.992811e-06	-1.259335e-08	-2.085817e+01	-7.470939e+02
6.400000e-07	-2.847053e-06	-1.251475e-08	-1.984232e+01	-7.432547e+02
6.500000e-07	-2.700309e-06	-1.243841e-08	-1.881960e+01	-7.390390e+02
6.600000e-07	-2.552481e-06	-1.237633e-08	-1.778932e+01	-7.344952e+02
6.700000e-07	-2.403845e-06	-1.230933e-08	-1.675342e+01	-7.297579e+02
6.800000e-07	-2.254615e-06	-1.222380e-08	-1.571337e+01	-7.249866e+02
6.900000e-07	-2.104664e-06	-1.213512e-08	-1.466830e+01	-7.202922e+02
7.000000e-07	-1.953780e-06	-1.206092e-08	-1.361672e+01	-7.156835e+02
7.100000e-07	-1.802070e-06	-1.198847e-08	-1.255939e+01	-7.110583e+02
7.200000e-07	-1.649816e-06	-1.189831e-08	-1.149827e+01	-7.062443e+02
7.300000e-07	-1.497082e-06	-1.180133e-08	-1.043380e+01	-7.010724e+02
7.400000e-07	-1.343805e-06	-1.171464e-08	-9.365548e+00	-6.954500e+02
7.500000e-07	-1.189951e-06	-1.162901e-08	-8.293276e+00	-6.894009e+02
7.600000e-07	-1.035571e-06	-1.152423e-08	-7.217333e+00	-6.830519e+02
7.700000e-07	-8.808310e-07	-1.140698e-08	-6.138886e+00	-6.765699e+02
7.800000e-07	-7.257527e-07	-1.129741e-08	-5.058079e+00	-6.700775e+02
7.900000e-07	-5.703820e-07	-1.119473e-08	-3.975234e+00	-6.635823e+02
8.000000e-07	-4.148470e-07	-1.107909e-08	-2.891245e+00	-6.569558e+02
8.100000e-07	-2.592137e-07	-1.094715e-08	-1.806570e+00	-6.499726e+02
8.200000e-07	-1.035026e-07	-1.081589e-08	-7.213534e-01	-6.423951e+02
8.300000e-07	5.225320e-08	-1.068708e-08	3.641748e-01	-6.340679e+02
8.400000e-07	2.080233e-07	-1.054388e-08	1.449803e+00	-6.249777e+02
8.500000e-07	3.637532e-07	-1.037892e-08	2.535151e+00	-6.152487e+02
8.600000e-07	5.193489e-07	-1.020992e-08	3.619563e+00	-6.050708e+02
8.700000e-07	6.747862e-07	-1.004258e-08	4.702872e+00	-5.945886e+02
8.800000e-07	8.299693e-07	-9.860139e-09	5.784409e+00	-5.837997e+02
8.900000e-07	9.848866e-07	-9.653849e-09	6.864093e+00	-5.725092e+02
9.000000e-07	1.139471e-06	-9.435027e-09	7.941458e+00	-5.603649e+02
9.100000e-07	1.293602e-06	-9.210121e-09	9.015660e+00	-5.469602e+02
9.200000e-07	1.447183e-06	-8.964362e-09	1.008603e+01	-5.319558e+02
9.300000e-07	1.600129e-06	-8.684184e-09	1.115198e+01	-5.151552e+02
9.400000e-07	1.752492e-06	-8.374954e-09	1.221386e+01	-4.964773e+02
9.500000e-07	1.904277e-06	-8.036971e-09	1.327171e+01	-4.758117e+02
9.600000e-07	2.055329e-06	-7.651099e-09	1.432446e+01	-4.527938e+02
9.700000e-07	2.205550e-06	-7.191734e-09	1.537141e+01	-4.265829e+02
9.800000e-07	2.354962e-06	-6.640566e-09	1.641273e+01	-3.957500e+02
9.900000e-07	2.503546e-06	-5.989171e-09	1.744828e+01	-3.583617e+02
1.000000e-06	2.651342e-06	-5.207921e-09	1.847833e+01	-3.122892e+02
1.010000e-06	2.798221e-06	-4.256830e-09	1.950199e+01	-2.556978e+02
1.020000e-06	2.944072e-06	-3.114175e-09	2.051849e+01	-1.875988e+02
1.030000e-06	3.088899e-06	-1.783705e-09	2.152785e+01	-1.083059e+02
1.040000e-06	3.232630e-06	-2.845000e-10	2.252958e+01	-1.965004e+01
1.050000e-06	3.375109e-06	1.342897e-09	2.352257e+01	7.513675e+01
1.060000e-06	3.516228e-06	3.012076e-09	2.450609e+01	1.718649e+02
1.070000e-06	3.656132e-06	4.616523e-09	2.548114e+01	2.660605e+02
1.080000e-06	3.794733e-06	6.074211e-09	2.644711e+01	3.537015e+02
1.090000e-06	3.931793e-06	7.354619e-09	2.740234e+01	4.318337e+02
1.100000e-06	4.067341e-06	8.455022e-09	2.834703e+01	4.989188e+02
1.110000e-06	4.201361e-06	9.377864e-09	2.928107e+01	5.548504e+02
1.120000e-06	4.333818e-06	1.014245e-08	3.020422e+01	6.006669e+02
1.130000e-06	4.464846e-06	1.078150e-08	3.111741e+01	6.380725e+02
1.140000e-06	4.594325e-06	1.131998e-08	3.201981e+01	6.689207e+02
1.150000e-06	4.722109e-06	1.176490e-08	3.291038e+01	6.948004e+02
1.160000e-06	4.848210e-06	1.212385e-08	3.378924e+01	7.168176e+02
1.170000e-06	4.972661e-06	1.242058e-08	3.465659e+01	7.355892e+02
1.180000e-06	5.095441e-06	1.267394e-08	3.551230e+01	7.513952e+02
1.190000e-06	5.216341e-06	1.288370e-08	3.635490e+01	7.643975e+02
1.200000e-06	5.335253e-06	1.305105e-08	3.718364e+01	7.748263e+02
1.210000e-06	5.452170e-06	1.319001e-08	3.799849e+01	7.830706e+02
1.220000e-06	5.566984e-06	1.331131e-08	3.879868e+01	7.896542e+02
1.230000e-06	5.679567e-06	1.341483e-08	3.958332e+01	7.951309e+02
1.240000e-06	5.790100e-06	1.349831e-08	4.035367e+01	7.999576e+02
1.250000e-06	5.898718e-06	1.356679e-08	4.111067e+01	8.044044e+02
1.260000e-06	6.005253e-06	1.363132e-08	4.185316e+01	8.085392e+02
1.270000e-06	6.109557e-06	1.369035e-08	4.258010e+01	8.122858e+02
1.280000e-06	6.211621e-06	1.373655e-08	4.329143e+01	8.155255e+02
1.290000e-06	6.311485e-06	1.377514e-08	4.398743e+01	8.181948e+02
1.300000e-06	6.409022e-06	1.381571e-08	4.466720e+01	8.203407e+02
1.310000e-06	6.504272e-06	1.385491e-08	4.533104e+01	8.221147e+02
1.320000e-06	6.597350e-06	1.388605e-08	4.597973e+01	8.237158e+02
1.330000e-06	6.688184e-06	1.391284e-08	4.661280e+01	8.253135e+02
1.340000e-06	6.776615e-06	1.394119e-08	4.722911e+01	8.269870e+02
1.350000e-06	6.862622e-06	1.396865e-08	4.782853e+01	8.287076e+02
1.360000e-06	6.946323e-06	1.398949e-08	4.841188e+01	8.303679e+02
1.370000e-06	7.027578e-06	1.400501e-08	4.897818e+01	8.318438e+02
1.380000e-06	7.106219e-06	1.402262e-08	4.952627e+01	8.330577e+02
1.390000e-06	7.182228e-06	1.404260e-08	5.005600e+01	8.340160e+02
1.400000e-06	7.255506e-06	1.405955e-08	5.056671e+01	8.348058e+02
1.410000e-06	7.326099e-06	1.407406e-08	5.105870e+01	8.355542e+02
1.420000e-06	7.394174e-06	1.408967e-08	5.153314e+01	8.363712e+02
1.430000e-06	7.459560e-06	1.410717e-08	5.198884e+01	8.373031e+02
1.440000e-06	7.522238e-06	1.412173e-08	5.242568e+01	8.383163e+02
1.450000e-06	7.582409e-06	1.413057e-08	5.284503e+01	8.393177e+02
1.460000e-06	7.639875e-06	1.413685e-08	5.324554e+01	8.402011e+02
1.470000e-06	7.694475e-06	1.414286e-08	5.362607e+01	8.408972e+02
1.480000e-06	7.746043e-06	1.414996e-08	5.398547e+01	8.414043e+02
1.490000e-06	7.794496e-06	1.415709e-08	5.432316e+01	8.417873e+02
1.500000e-06	7.840129e-06	1.416631e-08	5.464119e+01	8.421460e+02
1.510000e-06	7.883046e-06	1.417909e-08	5.494030e+01	8.425682e+02
1.520000e-06	7.923102e-06	1.419021e-08	5.521947e+01	8.430902e+02
1.530000e-06	7.960352e-06	1.419615e-08	5.547908e+01	8.436823e+02
1.540000e-06	7.994862e-06	1.419766e-08	5.571959e+01	8.442649e+02
1.550000e-06	8.026573e-06	1.419819e-08	5.594060e+01	8.447475e+02
1.560000e-06	8.055565e-06	1.419873e-08	5.614266e+01	8.450717e+02
1.570000e-06	8.081698e-06	1.419931e-08	5.632479e+01	8.452383e+02
1.580000e-06	8.104834e-06	1.420226e-08	5.648604e+01	8.453066e+02
1.590000e-06	8.125191e-06	1.420938e-08	5.662791e+01	8.453656e+02
1.600000e-06	8.142712e-06	1.421807e-08	5.675002e+01	8.454913e+02
1.610000e-06	8.157180e-06	1.422340e-08	5.685086e+01	8.457110e+02
1.620000e-06	8.168475e-06	1.422309e-08	5.692958e+01	8.459893e+02
1.630000e-06	8.176660e-06	1.421954e-08	5.698662e+01	8.462447e+02
1.640000e-06	8.182034e-06	1.421482e-08	5.702407e+01	8.463878e+02
1.650000e-06	8.184534e-06	1.421001e-08	5.704150e+01	8.463641e+02
1.660000e-06	8.184127e-06	1.420920e-08	5.703866e+01	8.461812e+02
1.670000e-06	8.181077e-06	1.421179e-08	5.701740e+01	8.459075e+02
1.680000e-06	8.175345e-06	1.421282e-08	5.697746e+01	8.456425e+02
1.690000e-06	8.166905e-06	1.421152e-08	5.691863e+01	8.454706e+02
1.700000e-06	8.155754e-06	1.420884e-08	5.684092e+01	8.454211e+02
1.710000e-06	8.141702e-06	1.420328e-08	5.674298e+01	8.454508e+02
1.720000e-06	8.125001e-06	1.419264e-08	5.662658e+01	8.454605e+02
1.730000e-06	8.106002e-06	1.419381e-08	5.649417e+01	8.453366e+02
1.740000e-06	8.084370e-06	1.424496e-08	5.634341e+01	8.450025e+02
1.750000e-06	8.059436e-06	1.424245e-08	5.616964e+01	8.444544e+02
1.760000e-06	8.030770e-06	1.418441e-08	5.596985e+01	8.437672e+02
1.770000e-06	7.998678e-06	1.416608e-08	5.574619e+01	8.430655e+02
1.780000e-06	7.964000e-06	1.416328e-08	5.550450e+01	8.424717e+02
1.790000e-06	7.926857e-06	1.411152e-08	5.524564e+01	8.420528e+02
1.800000e-06	7.887346e-06	1.412289e-08	5.497027e+01	8.417897e+02
1.810000e-06	7.845739e-06	1.415726e-08	5.468029e+01	8.415823e+02
1.820000e-06	7.801584e-06	1.409993e-08	5.437255e+01	8.412896e+02
1.830000e-06	7.754729e-06	1.415800e-08	5.404600e+01	8.407876e+02
1.840000e-06	7.705069e-06	1.415190e-08	5.369990e+01	8.400212e+02
1.850000e-06	7.652191e-06	1.411992e-08	5.333137e+01	8.390273e+02
1.860000e-06	7.596433e-06	1.410095e-08	5.294277e+01	8.379191e+02
1.870000e-06	7.537957e-06	1.403318e-08	5.253523e+01	8.368381e+02
1.880000e-06	7.476754e-06	1.408737e-08	5.210868e+01	8.358936e+02
1.890000e-06	7.412867e-06	1.404966e-08	5.166342e+01	8.351159e+02
1.900000e-06	7.346163e-06	1.402821e-08	5.119853e+01	8.344433e+02
1.910000e-06	7.276704e-06	1.405003e-08	5.071444e+01	8.337480e+02
1.920000e-06	7.204404e-06	1.402199e-08	5.021056e+01	8.328911e+02
1.930000e-06	7.129400e-06	1.401092e-08	4.968782e+01	8.317813e+02
1.940000e-06	7.051653e-06	1.394676e-08	4.914597e+01	8.304142e+02
1.950000e-06	6.971226e-06	1.394493e-08	4.858544e+01	8.288737e+02
1.960000e-06	6.888355e-06	1.392170e-08	4.800787e+01	8.272960e+02
1.970000e-06	6.802974e-06	1.390551e-08	4.741282e+01	8.258108e+02
1.980000e-06	6.715134e-06	1.389943e-08	4.680062e+01	8.244863e+02
1.990000e-06	6.624908e-06	1.385263e-08	4.617180e+01	8.233003e+02
2.000000e-06	6.532421e-06	1.385541e-08	4.552722e+01	8.221509e+02
2.010000e-06	6.437599e-06	1.382047e-08	4.486636e+01	8.209008e+02
2.020000e-06	6.340499e-06	1.379151e-08	4.418963e+01	8.194371e+02
2.030000e-06	6.241192e-06	1.375128e-08	4.349752e+01	8.177190e+02
2.040000e-06	6.139565e-06	1.373608e-08	4.278924e+01	8.157937e+02
2.050000e-06	6.035653e-06	1.371923e-08	4.206503e+01	8.137727e+02
2.060000e-06	5.929559e-06	1.367508e-08	4.132562e+01	8.117807e+02
2.070000e-06	5.821475e-06	1.363822e-08	4.057234e+01	8.098975e+02
2.080000e-06	5.711286e-06	1.360155e-08	3.980438e+01	8.081214e+02
2.090000e-06	5.598937e-06	1.358119e-08	3.902138e+01	8.063679e+02
2.100000e-06	5.484387e-06	1.354122e-08	3.822302e+01	8.045070e+02
2.110000e-06	5.367643e-06	1.350687e-08	3.740939e+01	8.024211e+02
2.120000e-06	5.248835e-06	1.346848e-08	3.658136e+01	8.000586e+02
2.130000e-06	5.128096e-06	1.343618e-08	3.573988e+01	7.974592e+02
2.140000e-06	5.005566e-06	1.338627e-08	3.488592e+01	7.947381e+02
2.150000e-06	4.881236e-06	1.333526e-08	3.401941e+01	7.920371e+02
2.160000e-06	4.755110e-06	1.329032e-08	3.314038e+01	7.894612e+02
2.170000e-06	4.627231e-06	1.325343e-08	3.224914e+01	7.870307e+02
2.180000e-06	4.497801e-06	1.321383e-08	3.134709e+01	7.846689e+02
2.190000e-06	4.366798e-06	1.316337e-08	3.043407e+01	7.822321e+02
2.200000e-06	4.234253e-06	1.312238e-08	2.951031e+01	7.795694e+02
2.210000e-06	4.100211e-06	1.307630e-08	2.857611e+01	7.765869e+02
2.220000e-06	3.964652e-06	1.302621e-08	2.763135e+01	7.732877e+02
2.230000e-06	3.827579e-06	1.296022e-08	2.667602e+01	7.697698e+02
2.240000e-06	3.688998e-06	1.290084e-08	2.571020e+01	7.661827e+02
2.250000e-06	3.549059e-06	1.284574e-08	2.473490e+01	7.626605e+02
2.260000e-06	3.407798e-06	1.278919e-08	2.375039e+01	7.592610e+02
2.270000e-06	3.265237e-06	1.272537e-08	2.275683e+01	7.559375e+02
2.280000e-06	3.121448e-06	1.266262e-08	2.175470e+01	7.525567e+02
2.290000e-06	2.976591e-06	1.260520e-08	2.074513e+01	7.489550e+02
2.300000e-06	2.830762e-06	1.254329e-08	1.972879e+01	7.450090e+02
2.310000e-06	2.683883e-06	1.246966e-08	1.870512e+01	7.406894e+02
2.320000e-06	2.535999e-06	1.239189e-08	1.767446e+01	7.360734e+02
2.330000e-06	2.387295e-06	1.232047e-08	1.663808e+01	7.313103e+02
2.340000e-06	2.237728e-06	1.224631e-08	1.559568e+01	7.265528e+02
2.350000e-06	2.087252e-06	1.216385e-08	1.454695e+01	7.218864e+02
2.360000e-06	1.936084e-06	1.207728e-08	1.349340e+01	7.172870e+02
2.370000e-06	1.784327e-06	1.199604e-08	1.243573e+01	7.126261e+02
2.380000e-06	1.631890e-06	1.190946e-08	1.137333e+01	7.077243e+02
2.390000e-06	1.478881e-06	1.181573e-08	1.030695e+01	7.024277e+02
2.400000e-06	1.325446e-06	1.171792e-08	9.237598e+00	6.966751e+02
2.410000e-06	1.171589e-06	1.162371e-08	8.165299e+00	6.905234e+02
2.420000e-06	1.017263e-06	1.152515e-08	7.089740e+00	6.841190e+02
2.430000e-06	8.624862e-07	1.141863e-08	6.011033e+00	6.776249e+02
2.440000e-06	7.073870e-07	1.130682e-08	4.930081e+00	6.711363e+02
2.450000e-06	5.521105e-07	1.119256e-08	3.847893e+00	6.646215e+02
2.460000e-06	3.966865e-07	1.107453e-08	2.764677e+00	6.579178e+02
2.470000e-06	2.410805e-07	1.094544e-08	1.680193e+00	6.507864e+02
2.480000e-06	8.542005e-08	1.081064e-08	5.953286e-01	6.430043e+02
2.490000e-06	-7.025857e-08	1.067079e-08	-4.896619e-01	6.344531e+02
2.500000e-06	-2.259418e-07	1.052538e-08	-1.574685e+00	6.251624e+02
2.510000e-06	-3.815521e-07	1.036771e-08	-2.659199e+00	6.152848e+02
2.520000e-06	-5.369833e-07	1.019739e-08	-3.742465e+00	6.050094e+02
2.530000e-06	-6.921576e-07	1.001735e-08	-4.823941e+00	5.944474e+02
2.540000e-06	-8.471017e-07	9.826954e-09	-5.903812e+00	5.835427e+02
2.550000e-06	-1.001751e-06	9.621935e-09	-6.981626e+00	5.720482e+02
2.560000e-06	-1.155999e-06	9.401967e-09	-8.056648e+00	5.595838e+02
2.570000e-06	-1.309746e-06	9.169307e-09	-9.128176e+00	5.457504e+02
2.580000e-06	-1.462969e-06	8.920645e-09	-1.019605e+01	5.302456e+02
2.590000e-06	-1.615709e-06	8.644491e-09	-1.126056e+01	5.129139e+02
2.600000e-06	-1.767884e-06	8.332447e-09	-1.232114e+01	4.936852e+02
2.610000e-06	-1.919397e-06	7.982226e-09	-1.337710e+01	4.724013e+02
2.620000e-06	-2.070259e-06	7.583415e-09	-1.442851e+01	4.485812e+02
2.630000e-06	-2.220419e-06	7.114510e-09	-1.547504e+01	4.212204e+02
2.640000e-06	-2.369717e-06	6.553217e-09	-1.651557e+01	3.887274e+02
2.650000e-06	-2.518077e-06	5.881170e-09	-1.754955e+01	3.490719e+02
2.660000e-06	-2.665559e-06	5.073703e-09	-1.857741e+01	3.001537e+02
2.670000e-06	-2.812105e-06	4.101022e-09	-1.959875e+01	2.403247e+02
2.680000e-06	-2.957640e-06	2.937163e-09	-2.061305e+01	1.689298e+02
2.690000e-06	-3.102113e-06	1.580086e-09	-2.161994e+01	8.670779e+01
2.700000e-06	-3.245427e-06	5.700616e-11	-2.261876e+01	-4.082947e+00
2.710000e-06	-3.387560e-06	-1.570869e-09	-2.360935e+01	-9.987890e+01
2.720000e-06	-3.528398e-06	-3.219183e-09	-2.459091e+01	-1.963344e+02
2.730000e-06	-3.667848e-06	-4.795613e-09	-2.556279e+01	-2.890313e+02
2.740000e-06	-3.805906e-06	-6.226580e-09	-2.652498e+01	-3.741995e+02
2.750000e-06	-3.942548e-06	-7.475917e-09	-2.747729e+01	-4.492677e+02
2.760000e-06	-4.077771e-06	-8.539533e-09	-2.841972e+01	-5.131200e+02
2.770000e-06	-4.211485e-06	-9.434437e-09	-2.935163e+01	-5.660173e+02
2.780000e-06	-4.343607e-06	-1.017996e-08	-3.027244e+01	-6.092416e+02
2.790000e-06	-4.474242e-06	-1.079836e-08	-3.118290e+01	-6.445905e+02
2.800000e-06	-4.603365e-06	-1.131083e-08	-3.208281e+01	-6.738766e+02
2.810000e-06	-4.730846e-06	-1.173588e-08	-3.297127e+01	-6.985634e+02
2.820000e-06	-4.856657e-06	-1.209079e-08	-3.384811e+01	-7.196096e+02
2.830000e-06	-4.980699e-06	-1.238497e-08	-3.471261e+01	-7.375153e+02
2.840000e-06	-5.102963e-06	-1.262861e-08	-3.556472e+01	-7.525043e+02
2.850000e-06	-5.223413e-06	-1.283239e-08	-3.640419e+01	-7.647422e+02
2.860000e-06	-5.341903e-06	-1.300325e-08	-3.722999e+01	-7.745006e+02
2.870000e-06	-5.458239e-06	-1.314491e-08	-3.804079e+01	-7.822139e+02
2.880000e-06	-5.572289e-06	-1.326009e-08	-3.883565e+01	-7.884274e+02
2.890000e-06	-5.684118e-06	-1.335576e-08	-3.961503e+01	-7.936795e+02
2.900000e-06	-5.793817e-06	-1.343634e-08	-4.037958e+01	-7.983800e+02
2.910000e-06	-5.901523e-06	-1.350551e-08	-4.113022e+01	-8.027393e+02
2.920000e-06	-6.007237e-06	-1.356665e-08	-4.186699e+01	-8.067755e+02
2.930000e-06	-6.110809e-06	-1.362120e-08	-4.258883e+01	-8.103893e+02
2.940000e-06	-6.212082e-06	-1.367149e-08	-4.329464e+01	-8.134688e+02
2.950000e-06	-6.311065e-06	-1.371720e-08	-4.398450e+01	-8.159793e+02
2.960000e-06	-6.407905e-06	-1.375725e-08	-4.465942e+01	-8.180007e+02
2.970000e-06	-6.502598e-06	-1.379359e-08	-4.531937e+01	-8.197055e+02
2.980000e-06	-6.594916e-06	-1.382548e-08	-4.596278e+01	-8.212921e+02
2.990000e-06	-6.684876e-06	-1.385331e-08	-4.658974e+01	-8.229088e+02
3.000000e-06	-6.772561e-06	-1.387860e-08	-4.720086e+01	-8.246038e+02
3.010000e-06	-6.857774e-06	-1.390327e-08	-4.779474e+01	-8.263208e+02
3.020000e-06	-6.940512e-06	-1.392709e-08	-4.837138e+01	-8.279407e+02
3.030000e-06	-7.020877e-06	-1.394851e-08	-4.893148e+01	-8.293470e+02
3.040000e-06	-7.098660e-06	-1.396874e-08	-4.947358e+01	-8.304840e+02
3.050000e-06	-7.173695e-06	-1.398891e-08	-4.999653e+01	-8.313832e+02
3.060000e-06	-7.246049e-06	-1.400932e-08	-5.050079e+01	-8.321486e+02
3.070000e-06	-7.315762e-06	-1.402850e-08	-5.098665e+01	-8.329081e+02
3.080000e-06	-7.382925e-06	-1.404521e-08	-5.145474e+01	-8.337573e+02
3.090000e-06	-7.447510e-06	-1.405950e-08	-5.190487e+01	-8.347198e+02
3.100000e-06	-7.509426e-06	-1.407307e-08	-5.233639e+01	-8.357414e+02
3.110000e-06	-7.568654e-06	-1.408626e-08	-5.274917e+01	-8.367199e+02
3.120000e-06	-7.625091e-06	-1.409791e-08	-5.314250e+01	-8.375549e+02
3.130000e-06	-7.678636e-06	-1.411063e-08	-5.351568e+01	-8.381945e+02
3.140000e-06	-7.729179e-06	-1.412617e-08	-5.386793e+01	-8.386579e+02
3.150000e-06	-7.776606e-06	-1.414084e-08	-5.419847e+01	-8.390241e+02
3.160000e-06	-7.821230e-06	-1.415156e-08	-5.450948e+01	-8.393943e+02
3.170000e-06	-7.863368e-06	-1.415990e-08	-5.480316e+01	-8.398448e+02
3.180000e-06	-7.902853e-06	-1.416795e-08	-5.507835e+01	-8.403933e+02
3.190000e-06	-7.939542e-06	-1.417507e-08	-5.533405e+01	-8.409929e+02
3.200000e-06	-7.973468e-06	-1.418180e-08	-5.557049e+01	-8.415562e+02
3.210000e-06	-8.004603e-06	-1.418897e-08	-5.578748e+01	-8.419978e+02
3.220000e-06	-8.032810e-06	-1.419748e-08	-5.598407e+01	-8.422747e+02
3.230000e-06	-8.058126e-06	-1.420506e-08	-5.616050e+01	-8.424058e+02
3.240000e-06	-8.080568e-06	-1.421050e-08	-5.631692e+01	-8.424628e+02
3.250000e-06	-8.100129e-06	-1.421616e-08	-5.645324e+01	-8.425353e+02
3.260000e-06	-8.116884e-06	-1.421971e-08	-5.657002e+01	-8.426885e+02
3.270000e-06	-8.130587e-06	-1.422175e-08	-5.666552e+01	-8.429318e+02
3.280000e-06	-8.141142e-06	-1.422384e-08	-5.673908e+01	-8.432137e+02
3.290000e-06	-8.148759e-06	-1.422568e-08	-5.679217e+01	-8.434461e+02
3.300000e-06	-8.153490e-06	-1.422961e-08	-5.682514e+01	-8.435453e+02
3.310000e-06	-8.155407e-06	-1.423399e-08	-5.683850e+01	-8.434731e+02
