# Temperatura_=_57.64
# Concentracion g/m^3_=_20000.0
# C_Vs_to_Am_M_A/Vsm_=_59384043850.047264
# pendiente_HvsI_1/m_=_3716.3
# ordenada_HvsI_A/m_=_1297.0
# frecuencia_Hz_=_301717.51264706836

Tiempo_(s)	Campo_(V.s)	Magnetizacion_(V.s)	Campo_(kA/m)	Magnetizacion_(A/m)
0.000000e+00	-8.137207e-06	-1.214368e-08	-5.683527e+01	-7.189511e+02
1.000000e-08	-8.134772e-06	-1.213398e-08	-5.681826e+01	-7.185946e+02
2.000000e-08	-8.129584e-06	-1.212956e-08	-5.678202e+01	-7.184192e+02
3.000000e-08	-8.121854e-06	-1.213058e-08	-5.672803e+01	-7.184554e+02
4.000000e-08	-8.111309e-06	-1.212934e-08	-5.665437e+01	-7.186208e+02
5.000000e-08	-8.097798e-06	-1.212466e-08	-5.656001e+01	-7.187564e+02
6.000000e-08	-8.081313e-06	-1.212538e-08	-5.644486e+01	-7.186973e+02
7.000000e-08	-8.062170e-06	-1.213467e-08	-5.631116e+01	-7.183454e+02
8.000000e-08	-8.040666e-06	-1.210769e-08	-5.616096e+01	-7.177130e+02
9.000000e-08	-8.016239e-06	-1.203554e-08	-5.599035e+01	-7.169179e+02
1.000000e-07	-7.988436e-06	-1.204124e-08	-5.579616e+01	-7.161321e+02
1.100000e-07	-7.957546e-06	-1.209189e-08	-5.558040e+01	-7.155060e+02
1.200000e-07	-7.923861e-06	-1.209176e-08	-5.534512e+01	-7.151028e+02
1.300000e-07	-7.887492e-06	-1.206322e-08	-5.509110e+01	-7.148700e+02
1.400000e-07	-7.848792e-06	-1.208300e-08	-5.482080e+01	-7.146621e+02
1.500000e-07	-7.807929e-06	-1.210650e-08	-5.453539e+01	-7.143036e+02
1.600000e-07	-7.764402e-06	-1.202272e-08	-5.423136e+01	-7.136651e+02
1.700000e-07	-7.717986e-06	-1.203949e-08	-5.390717e+01	-7.127193e+02
1.800000e-07	-7.668799e-06	-1.198490e-08	-5.356362e+01	-7.115531e+02
1.900000e-07	-7.616525e-06	-1.194404e-08	-5.319850e+01	-7.103292e+02
2.000000e-07	-7.561293e-06	-1.200754e-08	-5.281273e+01	-7.092166e+02
2.100000e-07	-7.503323e-06	-1.195625e-08	-5.240782e+01	-7.083171e+02
2.200000e-07	-7.442638e-06	-1.196742e-08	-5.198397e+01	-7.076229e+02
2.300000e-07	-7.379384e-06	-1.192776e-08	-5.154217e+01	-7.070210e+02
2.400000e-07	-7.313318e-06	-1.191598e-08	-5.108072e+01	-7.063433e+02
2.500000e-07	-7.244492e-06	-1.191638e-08	-5.059999e+01	-7.054399e+02
2.600000e-07	-7.173072e-06	-1.185464e-08	-5.010115e+01	-7.042434e+02
2.700000e-07	-7.098885e-06	-1.183592e-08	-4.958298e+01	-7.027964e+02
2.800000e-07	-7.021871e-06	-1.183571e-08	-4.904507e+01	-7.012306e+02
2.900000e-07	-6.942024e-06	-1.184847e-08	-4.848737e+01	-6.997071e+02
3.000000e-07	-6.859609e-06	-1.178576e-08	-4.791174e+01	-6.983448e+02
3.100000e-07	-6.774981e-06	-1.174597e-08	-4.732064e+01	-6.971687e+02
3.200000e-07	-6.688100e-06	-1.174400e-08	-4.671381e+01	-6.960999e+02
3.300000e-07	-6.598856e-06	-1.171515e-08	-4.609047e+01	-6.949929e+02
3.400000e-07	-6.507293e-06	-1.169728e-08	-4.545094e+01	-6.937016e+02
3.500000e-07	-6.413438e-06	-1.165859e-08	-4.479540e+01	-6.921451e+02
3.600000e-07	-6.317186e-06	-1.163879e-08	-4.412312e+01	-6.903441e+02
3.700000e-07	-6.218491e-06	-1.162916e-08	-4.343377e+01	-6.884107e+02
3.800000e-07	-6.117545e-06	-1.159402e-08	-4.272870e+01	-6.864972e+02
3.900000e-07	-6.014472e-06	-1.153562e-08	-4.200878e+01	-6.847257e+02
4.000000e-07	-5.909150e-06	-1.149605e-08	-4.127314e+01	-6.831310e+02
4.100000e-07	-5.801628e-06	-1.149577e-08	-4.052215e+01	-6.816419e+02
4.200000e-07	-5.692112e-06	-1.147297e-08	-3.975722e+01	-6.801106e+02
4.300000e-07	-5.580631e-06	-1.142914e-08	-3.897857e+01	-6.783767e+02
4.400000e-07	-5.467038e-06	-1.138806e-08	-3.818516e+01	-6.763380e+02
4.500000e-07	-5.351261e-06	-1.136783e-08	-3.737650e+01	-6.739965e+02
4.600000e-07	-5.233373e-06	-1.133380e-08	-3.655310e+01	-6.714584e+02
4.700000e-07	-5.113542e-06	-1.127263e-08	-3.571613e+01	-6.688879e+02
4.800000e-07	-4.991829e-06	-1.122022e-08	-3.486601e+01	-6.664347e+02
4.900000e-07	-4.868291e-06	-1.119263e-08	-3.400314e+01	-6.641670e+02
5.000000e-07	-4.742973e-06	-1.117065e-08	-3.312784e+01	-6.620400e+02
5.100000e-07	-4.615960e-06	-1.112265e-08	-3.224071e+01	-6.599152e+02
5.200000e-07	-4.487323e-06	-1.106715e-08	-3.134223e+01	-6.576205e+02
5.300000e-07	-4.357038e-06	-1.102662e-08	-3.043224e+01	-6.550266e+02
5.400000e-07	-4.225172e-06	-1.099277e-08	-2.951120e+01	-6.521042e+02
5.500000e-07	-4.091721e-06	-1.093756e-08	-2.857910e+01	-6.489366e+02
5.600000e-07	-3.956883e-06	-1.087115e-08	-2.763731e+01	-6.456813e+02
5.700000e-07	-3.820599e-06	-1.082399e-08	-2.668542e+01	-6.424975e+02
5.800000e-07	-3.682706e-06	-1.078798e-08	-2.572229e+01	-6.394714e+02
5.900000e-07	-3.543369e-06	-1.073570e-08	-2.474907e+01	-6.365737e+02
6.000000e-07	-3.402727e-06	-1.066700e-08	-2.376674e+01	-6.336690e+02
6.100000e-07	-3.260698e-06	-1.061153e-08	-2.277472e+01	-6.305745e+02
6.200000e-07	-3.117299e-06	-1.056753e-08	-2.177313e+01	-6.271415e+02
6.300000e-07	-2.972710e-06	-1.050705e-08	-2.076323e+01	-6.233236e+02
6.400000e-07	-2.827127e-06	-1.042983e-08	-1.974639e+01	-6.191998e+02
6.500000e-07	-2.680623e-06	-1.035953e-08	-1.872312e+01	-6.149406e+02
6.600000e-07	-2.533099e-06	-1.030476e-08	-1.769273e+01	-6.107297e+02
6.700000e-07	-2.384713e-06	-1.024125e-08	-1.665630e+01	-6.066781e+02
6.800000e-07	-2.235669e-06	-1.015979e-08	-1.561529e+01	-6.027667e+02
6.900000e-07	-2.085862e-06	-1.008008e-08	-1.456894e+01	-5.988480e+02
7.000000e-07	-1.935198e-06	-1.001525e-08	-1.351661e+01	-5.947067e+02
7.100000e-07	-1.783867e-06	-9.945119e-09	-1.245963e+01	-5.901538e+02
7.200000e-07	-1.631910e-06	-9.853851e-09	-1.139827e+01	-5.851134e+02
7.300000e-07	-1.479348e-06	-9.761248e-09	-1.033267e+01	-5.796601e+02
7.400000e-07	-1.326258e-06	-9.680759e-09	-9.263399e+00	-5.739876e+02
7.500000e-07	-1.172573e-06	-9.600524e-09	-8.189972e+00	-5.683194e+02
7.600000e-07	-1.018410e-06	-9.501245e-09	-7.113199e+00	-5.627990e+02
7.700000e-07	-8.639429e-07	-9.394799e-09	-6.034309e+00	-5.574098e+02
7.800000e-07	-7.091822e-07	-9.299595e-09	-4.953365e+00	-5.519637e+02
7.900000e-07	-5.541383e-07	-9.206159e-09	-3.870443e+00	-5.461673e+02
8.000000e-07	-3.989428e-07	-9.091731e-09	-2.786462e+00	-5.397416e+02
8.100000e-07	-2.436771e-07	-8.961301e-09	-1.701991e+00	-5.325411e+02
8.200000e-07	-8.825074e-08	-8.837776e-09	-6.163975e-01	-5.246173e+02
8.300000e-07	6.730909e-08	-8.718902e-09	4.701281e-01	-5.161921e+02
8.400000e-07	2.227558e-07	-8.583670e-09	1.555864e+00	-5.075448e+02
8.500000e-07	3.780386e-07	-8.428301e-09	2.640455e+00	-4.988595e+02
8.600000e-07	5.332672e-07	-8.274009e-09	3.724667e+00	-4.901002e+02
8.700000e-07	6.883559e-07	-8.118107e-09	4.807901e+00	-4.809759e+02
8.800000e-07	8.432057e-07	-7.936723e-09	5.889468e+00	-4.710205e+02
8.900000e-07	9.977468e-07	-7.727355e-09	6.968878e+00	-4.597615e+02
9.000000e-07	1.151877e-06	-7.511136e-09	8.045416e+00	-4.469009e+02
9.100000e-07	1.305565e-06	-7.291556e-09	9.118872e+00	-4.324163e+02
9.200000e-07	1.458825e-06	-7.046105e-09	1.018933e+01	-4.165075e+02
9.300000e-07	1.611537e-06	-6.760988e-09	1.125597e+01	-3.993730e+02
9.400000e-07	1.763585e-06	-6.439988e-09	1.231797e+01	-3.808763e+02
9.500000e-07	1.914994e-06	-6.076390e-09	1.337550e+01	-3.602244e+02
9.600000e-07	2.065626e-06	-5.635977e-09	1.442761e+01	-3.358020e+02
9.700000e-07	2.215375e-06	-5.084207e-09	1.547355e+01	-3.052783e+02
9.800000e-07	2.364373e-06	-4.403450e-09	1.651424e+01	-2.660173e+02
9.900000e-07	2.512619e-06	-3.574535e-09	1.754968e+01	-2.157220e+02
1.000000e-06	2.659993e-06	-2.554755e-09	1.857903e+01	-1.531458e+02
1.010000e-06	2.806460e-06	-1.310364e-09	1.960204e+01	-7.865989e+01
1.020000e-06	2.951943e-06	1.346675e-10	2.061819e+01	5.512033e+00
1.030000e-06	3.096371e-06	1.696457e-09	2.162696e+01	9.549554e+01
1.040000e-06	3.239623e-06	3.266927e-09	2.262752e+01	1.863800e+02
1.050000e-06	3.381594e-06	4.745336e-09	2.361913e+01	2.730983e+02
1.060000e-06	3.522327e-06	6.043286e-09	2.460210e+01	3.513423e+02
1.070000e-06	3.661765e-06	7.115466e-09	2.557602e+01	4.182748e+02
1.080000e-06	3.799777e-06	7.977590e-09	2.653998e+01	4.728616e+02
1.090000e-06	3.936295e-06	8.679457e-09	2.749351e+01	5.157643e+02
1.100000e-06	4.071343e-06	9.255087e-09	2.843677e+01	5.488639e+02
1.110000e-06	4.204910e-06	9.715132e-09	2.936968e+01	5.745854e+02
1.120000e-06	4.336963e-06	1.007817e-08	3.029202e+01	5.952353e+02
1.130000e-06	4.467543e-06	1.037394e-08	3.120407e+01	6.125333e+02
1.140000e-06	4.596545e-06	1.062047e-08	3.210510e+01	6.274360e+02
1.150000e-06	4.723854e-06	1.081532e-08	3.299430e+01	6.402436e+02
1.160000e-06	4.849461e-06	1.096372e-08	3.387162e+01	6.508934e+02
1.170000e-06	4.973444e-06	1.108739e-08	3.473760e+01	6.592939e+02
1.180000e-06	5.095769e-06	1.119883e-08	3.559199e+01	6.655695e+02
1.190000e-06	5.216137e-06	1.129053e-08	3.643271e+01	6.701378e+02
1.200000e-06	5.334453e-06	1.135975e-08	3.725910e+01	6.736217e+02
1.210000e-06	5.450832e-06	1.141935e-08	3.807196e+01	6.766584e+02
1.220000e-06	5.565168e-06	1.147715e-08	3.887056e+01	6.797060e+02
1.230000e-06	5.677342e-06	1.152842e-08	3.965405e+01	6.829300e+02
1.240000e-06	5.787486e-06	1.156819e-08	4.042337e+01	6.862136e+02
1.250000e-06	5.895659e-06	1.160345e-08	4.117892e+01	6.892760e+02
1.260000e-06	6.001751e-06	1.164318e-08	4.191993e+01	6.918412e+02
1.270000e-06	6.105691e-06	1.168233e-08	4.264591e+01	6.937812e+02
1.280000e-06	6.207443e-06	1.171182e-08	4.335660e+01	6.951771e+02
1.290000e-06	6.307006e-06	1.173566e-08	4.405202e+01	6.962800e+02
1.300000e-06	6.404234e-06	1.176340e-08	4.473112e+01	6.973977e+02
1.310000e-06	6.499072e-06	1.179221e-08	4.539352e+01	6.987622e+02
1.320000e-06	6.591721e-06	1.181508e-08	4.604064e+01	7.004387e+02
1.330000e-06	6.682126e-06	1.183329e-08	4.667208e+01	7.023117e+02
1.340000e-06	6.770088e-06	1.185477e-08	4.728646e+01	7.041516e+02
1.350000e-06	6.855639e-06	1.188039e-08	4.788400e+01	7.057257e+02
1.360000e-06	6.938885e-06	1.190175e-08	4.846545e+01	7.069049e+02
1.370000e-06	7.019672e-06	1.191812e-08	4.902971e+01	7.077176e+02
1.380000e-06	7.097827e-06	1.193571e-08	4.957559e+01	7.083311e+02
1.390000e-06	7.173356e-06	1.195601e-08	5.010314e+01	7.089719e+02
1.400000e-06	7.246209e-06	1.197199e-08	5.061198e+01	7.098228e+02
1.410000e-06	7.316487e-06	1.198235e-08	5.110285e+01	7.109432e+02
1.420000e-06	7.384176e-06	1.199444e-08	5.157563e+01	7.122475e+02
1.430000e-06	7.449136e-06	1.201021e-08	5.202935e+01	7.135483e+02
1.440000e-06	7.511498e-06	1.202408e-08	5.246493e+01	7.146431e+02
1.450000e-06	7.571318e-06	1.203365e-08	5.288275e+01	7.154058e+02
1.460000e-06	7.628427e-06	1.204494e-08	5.328163e+01	7.158412e+02
1.470000e-06	7.682721e-06	1.205742e-08	5.366086e+01	7.160796e+02
1.480000e-06	7.733963e-06	1.206680e-08	5.401876e+01	7.163168e+02
1.490000e-06	7.782053e-06	1.207120e-08	5.435465e+01	7.167265e+02
1.500000e-06	7.827306e-06	1.207577e-08	5.467072e+01	7.173838e+02
1.510000e-06	7.869766e-06	1.208572e-08	5.496730e+01	7.182352e+02
1.520000e-06	7.909382e-06	1.209721e-08	5.524399e+01	7.191255e+02
1.530000e-06	7.946317e-06	1.210475e-08	5.550197e+01	7.198691e+02
1.540000e-06	7.980464e-06	1.210812e-08	5.574048e+01	7.203331e+02
1.550000e-06	8.011782e-06	1.211158e-08	5.595922e+01	7.204956e+02
1.560000e-06	8.040423e-06	1.211441e-08	5.615926e+01	7.204532e+02
1.570000e-06	8.066169e-06	1.211413e-08	5.633909e+01	7.203762e+02
1.580000e-06	8.088990e-06	1.211357e-08	5.649849e+01	7.204312e+02
1.590000e-06	8.109090e-06	1.211798e-08	5.663888e+01	7.207076e+02
1.600000e-06	8.126325e-06	1.212616e-08	5.675926e+01	7.211782e+02
1.610000e-06	8.140513e-06	1.213176e-08	5.685836e+01	7.217130e+02
1.620000e-06	8.151537e-06	1.213199e-08	5.693536e+01	7.221381e+02
1.630000e-06	8.159423e-06	1.213002e-08	5.699043e+01	7.223134e+02
1.640000e-06	8.164495e-06	1.212620e-08	5.702586e+01	7.221949e+02
1.650000e-06	8.166734e-06	1.212037e-08	5.704150e+01	7.218532e+02
1.660000e-06	8.166130e-06	1.211950e-08	5.703728e+01	7.214413e+02
1.670000e-06	8.162892e-06	1.212153e-08	5.701467e+01	7.211254e+02
1.680000e-06	8.156873e-06	1.212334e-08	5.697263e+01	7.210110e+02
1.690000e-06	8.148140e-06	1.212209e-08	5.691163e+01	7.210954e+02
1.700000e-06	8.136730e-06	1.211800e-08	5.683193e+01	7.212687e+02
1.710000e-06	8.122455e-06	1.210984e-08	5.673222e+01	7.213623e+02
1.720000e-06	8.105552e-06	1.209268e-08	5.661417e+01	7.212237e+02
1.730000e-06	8.086306e-06	1.209269e-08	5.647974e+01	7.207837e+02
1.740000e-06	8.064376e-06	1.216259e-08	5.632657e+01	7.200876e+02
1.750000e-06	8.039119e-06	1.215185e-08	5.615016e+01	7.192756e+02
1.760000e-06	8.010130e-06	1.208052e-08	5.594768e+01	7.185213e+02
1.770000e-06	7.977767e-06	1.206662e-08	5.572164e+01	7.179559e+02
1.780000e-06	7.942819e-06	1.206272e-08	5.547754e+01	7.176102e+02
1.790000e-06	7.905399e-06	1.199130e-08	5.521617e+01	7.174005e+02
1.800000e-06	7.865752e-06	1.203178e-08	5.493926e+01	7.171654e+02
1.810000e-06	7.824106e-06	1.206281e-08	5.464837e+01	7.167348e+02
1.820000e-06	7.779834e-06	1.197031e-08	5.433915e+01	7.160046e+02
1.830000e-06	7.732816e-06	1.206658e-08	5.401075e+01	7.149811e+02
1.840000e-06	7.682954e-06	1.200464e-08	5.366248e+01	7.137785e+02
1.850000e-06	7.629872e-06	1.197881e-08	5.329173e+01	7.125694e+02
1.860000e-06	7.573901e-06	1.197564e-08	5.290079e+01	7.115101e+02
1.870000e-06	7.515240e-06	1.188540e-08	5.249107e+01	7.106737e+02
1.880000e-06	7.453951e-06	1.198027e-08	5.206299e+01	7.100195e+02
1.890000e-06	7.389918e-06	1.191313e-08	5.161574e+01	7.094123e+02
1.900000e-06	7.323153e-06	1.190534e-08	5.114941e+01	7.086812e+02
1.910000e-06	7.253656e-06	1.191715e-08	5.066400e+01	7.076947e+02
1.920000e-06	7.181222e-06	1.186721e-08	5.015807e+01	7.064161e+02
1.930000e-06	7.106129e-06	1.187013e-08	4.963358e+01	7.049176e+02
1.940000e-06	7.028318e-06	1.179190e-08	4.909010e+01	7.033465e+02
1.950000e-06	6.947853e-06	1.181882e-08	4.852808e+01	7.018588e+02
1.960000e-06	6.864985e-06	1.178734e-08	4.794928e+01	7.005505e+02
1.970000e-06	6.779600e-06	1.177857e-08	4.735290e+01	6.994155e+02
1.980000e-06	6.691728e-06	1.177029e-08	4.673915e+01	6.983505e+02
1.990000e-06	6.601499e-06	1.170357e-08	4.610894e+01	6.972025e+02
2.000000e-06	6.509022e-06	1.171010e-08	4.546302e+01	6.958380e+02
2.010000e-06	6.414190e-06	1.165578e-08	4.480066e+01	6.942035e+02
2.020000e-06	6.317063e-06	1.163934e-08	4.412226e+01	6.923486e+02
2.030000e-06	6.217685e-06	1.160663e-08	4.342814e+01	6.904039e+02
2.040000e-06	6.115999e-06	1.160758e-08	4.271790e+01	6.885200e+02
2.050000e-06	6.012109e-06	1.159109e-08	4.199227e+01	6.867986e+02
2.060000e-06	5.906088e-06	1.154737e-08	4.125176e+01	6.852441e+02
2.070000e-06	5.798018e-06	1.150727e-08	4.049693e+01	6.837585e+02
2.080000e-06	5.687831e-06	1.145858e-08	3.972731e+01	6.821829e+02
2.090000e-06	5.575566e-06	1.143736e-08	3.894319e+01	6.803668e+02
2.100000e-06	5.461138e-06	1.139522e-08	3.814395e+01	6.782348e+02
2.110000e-06	5.344501e-06	1.137504e-08	3.732928e+01	6.758211e+02
2.120000e-06	5.225829e-06	1.134259e-08	3.650040e+01	6.732546e+02
2.130000e-06	5.105230e-06	1.131841e-08	3.565807e+01	6.707034e+02
2.140000e-06	4.982827e-06	1.126285e-08	3.480313e+01	6.682995e+02
2.150000e-06	4.858639e-06	1.121011e-08	3.393573e+01	6.660799e+02
2.160000e-06	4.732666e-06	1.116496e-08	3.305585e+01	6.639690e+02
2.170000e-06	4.604979e-06	1.112920e-08	3.216401e+01	6.618112e+02
2.180000e-06	4.475697e-06	1.109370e-08	3.126102e+01	6.594391e+02
2.190000e-06	4.344869e-06	1.104729e-08	3.034724e+01	6.567477e+02
2.200000e-06	4.212462e-06	1.101213e-08	2.942243e+01	6.537409e+02
2.210000e-06	4.078460e-06	1.096658e-08	2.848647e+01	6.505291e+02
2.220000e-06	3.943016e-06	1.091562e-08	2.754045e+01	6.472784e+02
2.230000e-06	3.806148e-06	1.085116e-08	2.658448e+01	6.441340e+02
2.240000e-06	3.667825e-06	1.079739e-08	2.561835e+01	6.411514e+02
2.250000e-06	3.528100e-06	1.074653e-08	2.464243e+01	6.382674e+02
2.260000e-06	3.387022e-06	1.069345e-08	2.365704e+01	6.353257e+02
2.270000e-06	3.244704e-06	1.063149e-08	2.266301e+01	6.321447e+02
2.280000e-06	3.101164e-06	1.057343e-08	2.166044e+01	6.285994e+02
2.290000e-06	2.956467e-06	1.051693e-08	2.064978e+01	6.246794e+02
2.300000e-06	2.810697e-06	1.045817e-08	1.963164e+01	6.204958e+02
2.310000e-06	2.664003e-06	1.039062e-08	1.860704e+01	6.162318e+02
2.320000e-06	2.516423e-06	1.031933e-08	1.757625e+01	6.120586e+02
2.330000e-06	2.367911e-06	1.024915e-08	1.653895e+01	6.080537e+02
2.340000e-06	2.218505e-06	1.017507e-08	1.549541e+01	6.041583e+02
2.350000e-06	2.068301e-06	1.009761e-08	1.444629e+01	6.001972e+02
2.360000e-06	1.917393e-06	1.001982e-08	1.339225e+01	5.959524e+02
2.370000e-06	1.765851e-06	9.946523e-09	1.233379e+01	5.912600e+02
2.380000e-06	1.613751e-06	9.869418e-09	1.127143e+01	5.860861e+02
2.390000e-06	1.461156e-06	9.786753e-09	1.020561e+01	5.805456e+02
2.400000e-06	1.308101e-06	9.694451e-09	9.136586e+00	5.748515e+02
2.410000e-06	1.154517e-06	9.600114e-09	8.063855e+00	5.692154e+02
2.420000e-06	1.000446e-06	9.500597e-09	6.987733e+00	5.637406e+02
2.430000e-06	8.460215e-07	9.398580e-09	5.909135e+00	5.583593e+02
2.440000e-06	6.913129e-07	9.293664e-09	4.828555e+00	5.528434e+02
2.450000e-06	5.363560e-07	9.189094e-09	3.746241e+00	5.468902e+02
2.460000e-06	3.811872e-07	9.082773e-09	2.662446e+00	5.402484e+02
2.470000e-06	2.258763e-07	8.966117e-09	1.577659e+00	5.328257e+02
2.480000e-06	7.047968e-08	8.839952e-09	4.922735e-01	5.247293e+02
2.490000e-06	-8.494162e-08	8.704213e-09	-5.932846e-01	5.162118e+02
2.500000e-06	-2.403117e-07	8.560497e-09	-1.678485e+00	5.075412e+02
2.510000e-06	-3.955440e-07	8.405383e-09	-2.762723e+00	4.988485e+02
2.520000e-06	-5.505892e-07	8.241427e-09	-3.845654e+00	4.900232e+02
2.530000e-06	-7.053851e-07	8.070872e-09	-4.926844e+00	4.807114e+02
2.540000e-06	-8.599275e-07	7.892459e-09	-6.006263e+00	4.704257e+02
2.550000e-06	-1.014156e-06	7.699889e-09	-7.083491e+00	4.587266e+02
2.560000e-06	-1.167935e-06	7.488645e-09	-8.157575e+00	4.453906e+02
2.570000e-06	-1.321261e-06	7.257133e-09	-9.228501e+00	4.304718e+02
2.580000e-06	-1.474080e-06	7.001229e-09	-1.029588e+01	4.141989e+02
2.590000e-06	-1.626323e-06	6.711461e-09	-1.135924e+01	3.967111e+02
2.600000e-06	-1.778057e-06	6.380543e-09	-1.241904e+01	3.777129e+02
2.610000e-06	-1.929235e-06	6.000075e-09	-1.347496e+01	3.561830e+02
2.620000e-06	-2.079719e-06	5.549359e-09	-1.452604e+01	3.302772e+02
2.630000e-06	-2.229484e-06	4.996588e-09	-1.557209e+01	2.975231e+02
2.640000e-06	-2.378394e-06	4.306850e-09	-1.661217e+01	2.553094e+02
2.650000e-06	-2.526412e-06	3.446296e-09	-1.764602e+01	2.015687e+02
2.660000e-06	-2.673600e-06	2.385870e-09	-1.867407e+01	1.354701e+02
2.670000e-06	-2.819790e-06	1.114336e-09	-1.969515e+01	5.790850e+01
2.680000e-06	-2.964861e-06	-3.441446e-10	-2.070841e+01	-2.838062e+01
2.690000e-06	-3.108876e-06	-1.909682e-09	-2.171431e+01	-1.191488e+02
2.700000e-06	-3.251839e-06	-3.469708e-09	-2.271285e+01	-2.093446e+02
2.710000e-06	-3.393629e-06	-4.911430e-09	-2.370320e+01	-2.940290e+02
2.720000e-06	-3.534114e-06	-6.161256e-09	-2.468443e+01	-3.692558e+02
2.730000e-06	-3.673157e-06	-7.200222e-09	-2.565559e+01	-4.326881e+02
2.740000e-06	-3.810670e-06	-8.043757e-09	-2.661607e+01	-4.838059e+02
2.750000e-06	-3.946757e-06	-8.722260e-09	-2.756658e+01	-5.236801e+02
2.760000e-06	-4.081540e-06	-9.267675e-09	-2.850799e+01	-5.544196e+02
2.770000e-06	-4.214891e-06	-9.707212e-09	-2.943939e+01	-5.784774e+02
2.780000e-06	-4.346653e-06	-1.006146e-08	-3.035970e+01	-5.980283e+02
2.790000e-06	-4.476808e-06	-1.034747e-08	-3.126878e+01	-6.145787e+02
2.800000e-06	-4.605335e-06	-1.057852e-08	-3.216650e+01	-6.288759e+02
2.810000e-06	-4.732344e-06	-1.076625e-08	-3.305360e+01	-6.410822e+02
2.820000e-06	-4.857787e-06	-1.092136e-08	-3.392978e+01	-6.510941e+02
2.830000e-06	-4.981416e-06	-1.104690e-08	-3.479328e+01	-6.588633e+02
2.840000e-06	-5.103186e-06	-1.114806e-08	-3.564379e+01	-6.645981e+02
2.850000e-06	-5.223118e-06	-1.123299e-08	-3.648147e+01	-6.687900e+02
2.860000e-06	-5.341126e-06	-1.130635e-08	-3.730571e+01	-6.720872e+02
2.870000e-06	-5.456944e-06	-1.137054e-08	-3.811466e+01	-6.750935e+02
2.880000e-06	-5.570554e-06	-1.142491e-08	-3.890818e+01	-6.781897e+02
2.890000e-06	-5.682018e-06	-1.147095e-08	-3.968671e+01	-6.814543e+02
2.900000e-06	-5.791284e-06	-1.151087e-08	-4.044989e+01	-6.847078e+02
2.910000e-06	-5.898545e-06	-1.154647e-08	-4.119907e+01	-6.876535e+02
2.920000e-06	-6.003849e-06	-1.158023e-08	-4.193458e+01	-6.900458e+02
2.930000e-06	-6.107077e-06	-1.161319e-08	-4.265559e+01	-6.918146e+02
2.940000e-06	-6.208027e-06	-1.164581e-08	-4.336069e+01	-6.930977e+02
2.950000e-06	-6.306648e-06	-1.167772e-08	-4.404952e+01	-6.941759e+02
2.960000e-06	-6.403067e-06	-1.170661e-08	-4.472296e+01	-6.953481e+02
2.970000e-06	-6.497322e-06	-1.173243e-08	-4.538130e+01	-6.968050e+02
2.980000e-06	-6.589273e-06	-1.175581e-08	-4.602354e+01	-6.985577e+02
2.990000e-06	-6.678879e-06	-1.177744e-08	-4.664941e+01	-7.004486e+02
3.000000e-06	-6.766207e-06	-1.179723e-08	-4.725935e+01	-7.022350e+02
3.010000e-06	-6.851042e-06	-1.181870e-08	-4.785189e+01	-7.037045e+02
3.020000e-06	-6.933363e-06	-1.184137e-08	-4.842688e+01	-7.047705e+02
3.030000e-06	-7.013265e-06	-1.186165e-08	-4.898496e+01	-7.055063e+02
3.040000e-06	-7.090538e-06	-1.188107e-08	-4.952468e+01	-7.061060e+02
3.050000e-06	-7.165074e-06	-1.190000e-08	-5.004529e+01	-7.067940e+02
3.060000e-06	-7.236946e-06	-1.191763e-08	-5.054729e+01	-7.077238e+02
3.070000e-06	-7.306172e-06	-1.193349e-08	-5.103081e+01	-7.089128e+02
3.080000e-06	-7.372865e-06	-1.194985e-08	-5.149663e+01	-7.102392e+02
3.090000e-06	-7.437057e-06	-1.196747e-08	-5.194499e+01	-7.115015e+02
3.100000e-06	-7.498552e-06	-1.198474e-08	-5.237451e+01	-7.125107e+02
3.110000e-06	-7.557309e-06	-1.199926e-08	-5.278490e+01	-7.131748e+02
3.120000e-06	-7.613348e-06	-1.200953e-08	-5.317631e+01	-7.135377e+02
3.130000e-06	-7.666503e-06	-1.201923e-08	-5.354758e+01	-7.137565e+02
3.140000e-06	-7.716613e-06	-1.203017e-08	-5.389757e+01	-7.140300e+02
3.150000e-06	-7.763656e-06	-1.204049e-08	-5.422616e+01	-7.145098e+02
3.160000e-06	-7.808010e-06	-1.205033e-08	-5.453595e+01	-7.152350e+02
3.170000e-06	-7.849883e-06	-1.206330e-08	-5.482841e+01	-7.161178e+02
3.180000e-06	-7.889025e-06	-1.207686e-08	-5.510181e+01	-7.169858e+02
3.190000e-06	-7.925356e-06	-1.208718e-08	-5.535556e+01	-7.176605e+02
3.200000e-06	-7.958983e-06	-1.209355e-08	-5.559044e+01	-7.180366e+02
3.210000e-06	-7.989758e-06	-1.209903e-08	-5.580539e+01	-7.181277e+02
3.220000e-06	-8.017575e-06	-1.210584e-08	-5.599968e+01	-7.180581e+02
3.230000e-06	-8.042580e-06	-1.211291e-08	-5.617433e+01	-7.180055e+02
3.240000e-06	-8.064708e-06	-1.211718e-08	-5.632888e+01	-7.181210e+02
3.250000e-06	-8.083994e-06	-1.212067e-08	-5.646359e+01	-7.184624e+02
3.260000e-06	-8.100476e-06	-1.212578e-08	-5.657871e+01	-7.189694e+02
3.270000e-06	-8.113828e-06	-1.213133e-08	-5.667197e+01	-7.194921e+02
3.280000e-06	-8.124070e-06	-1.213601e-08	-5.674351e+01	-7.198582e+02
3.290000e-06	-8.131437e-06	-1.213917e-08	-5.679497e+01	-7.199505e+02
3.300000e-06	-8.135883e-06	-1.214394e-08	-5.682602e+01	-7.197580e+02
3.310000e-06	-8.137518e-06	-1.214728e-08	-5.683744e+01	-7.193801e+02
