# Temperatura_=_81.39
# Concentracion g/m^3_=_20000.0
# C_Vs_to_Am_M_A/Vsm_=_59384043850.047264
# pendiente_HvsI_1/m_=_3716.3
# ordenada_HvsI_A/m_=_1297.0
# frecuencia_Hz_=_301725.180678075

Tiempo_(s)	Campo_(V.s)	Magnetizacion_(V.s)	Campo_(kA/m)	Magnetizacion_(A/m)
0.000000e+00	-8.128710e-06	-1.529777e-08	-5.683790e+01	-9.064355e+02
1.000000e-08	-8.126844e-06	-1.529219e-08	-5.682486e+01	-9.058496e+02
2.000000e-08	-8.122217e-06	-1.529003e-08	-5.679250e+01	-9.056184e+02
3.000000e-08	-8.114988e-06	-1.529016e-08	-5.674196e+01	-9.057742e+02
4.000000e-08	-8.104953e-06	-1.528651e-08	-5.667179e+01	-9.061539e+02
5.000000e-08	-8.091969e-06	-1.528051e-08	-5.658100e+01	-9.064705e+02
6.000000e-08	-8.076012e-06	-1.527587e-08	-5.646942e+01	-9.064382e+02
7.000000e-08	-8.057388e-06	-1.527315e-08	-5.633920e+01	-9.058972e+02
8.000000e-08	-8.036395e-06	-1.526014e-08	-5.619241e+01	-9.048834e+02
9.000000e-08	-8.012588e-06	-1.520724e-08	-5.602595e+01	-9.036121e+02
1.000000e-07	-7.985389e-06	-1.517870e-08	-5.583577e+01	-9.023842e+02
1.100000e-07	-7.954980e-06	-1.520543e-08	-5.562314e+01	-9.014554e+02
1.200000e-07	-7.921772e-06	-1.521678e-08	-5.539094e+01	-9.009261e+02
1.300000e-07	-7.885898e-06	-1.519742e-08	-5.514010e+01	-9.006986e+02
1.400000e-07	-7.847688e-06	-1.519021e-08	-5.487293e+01	-9.005215e+02
1.500000e-07	-7.807267e-06	-1.521146e-08	-5.459029e+01	-9.000997e+02
1.600000e-07	-7.764238e-06	-1.516808e-08	-5.428943e+01	-8.992228e+02
1.700000e-07	-7.718415e-06	-1.513304e-08	-5.396902e+01	-8.978552e+02
1.800000e-07	-7.669911e-06	-1.511599e-08	-5.362987e+01	-8.961497e+02
1.900000e-07	-7.618355e-06	-1.505815e-08	-5.326938e+01	-8.943789e+02
2.000000e-07	-7.563694e-06	-1.506328e-08	-5.288717e+01	-8.928153e+02
2.100000e-07	-7.506289e-06	-1.506115e-08	-5.248578e+01	-8.916129e+02
2.200000e-07	-7.446203e-06	-1.504588e-08	-5.206565e+01	-8.907414e+02
2.300000e-07	-7.383499e-06	-1.501907e-08	-5.162721e+01	-8.900022e+02
2.400000e-07	-7.318068e-06	-1.497694e-08	-5.116970e+01	-8.891165e+02
2.500000e-07	-7.249888e-06	-1.498116e-08	-5.069297e+01	-8.878487e+02
2.600000e-07	-7.179068e-06	-1.493365e-08	-5.019778e+01	-8.861084e+02
2.700000e-07	-7.105500e-06	-1.487669e-08	-4.968337e+01	-8.839876e+02
2.800000e-07	-7.029095e-06	-1.486488e-08	-4.914913e+01	-8.817182e+02
2.900000e-07	-6.949878e-06	-1.486788e-08	-4.859523e+01	-8.795669e+02
3.000000e-07	-6.868048e-06	-1.483765e-08	-4.802305e+01	-8.777181e+02
3.100000e-07	-6.783944e-06	-1.477429e-08	-4.743497e+01	-8.761926e+02
3.200000e-07	-6.697622e-06	-1.474682e-08	-4.683139e+01	-8.748410e+02
3.300000e-07	-6.608924e-06	-1.471687e-08	-4.621119e+01	-8.734120e+02
3.400000e-07	-6.517805e-06	-1.469086e-08	-4.557407e+01	-8.716659e+02
3.500000e-07	-6.424373e-06	-1.464779e-08	-4.492076e+01	-8.694814e+02
3.600000e-07	-6.328675e-06	-1.460061e-08	-4.425163e+01	-8.669090e+02
3.700000e-07	-6.230610e-06	-1.458691e-08	-4.356593e+01	-8.641472e+02
3.800000e-07	-6.130177e-06	-1.456020e-08	-4.286368e+01	-8.614515e+02
3.900000e-07	-6.027556e-06	-1.450090e-08	-4.214612e+01	-8.590181e+02
4.000000e-07	-5.922781e-06	-1.443468e-08	-4.141351e+01	-8.568946e+02
4.100000e-07	-5.815795e-06	-1.441103e-08	-4.066544e+01	-8.549565e+02
4.200000e-07	-5.706722e-06	-1.438811e-08	-3.990278e+01	-8.529625e+02
4.300000e-07	-5.595645e-06	-1.433426e-08	-3.912610e+01	-8.506618e+02
4.400000e-07	-5.482499e-06	-1.427227e-08	-3.833496e+01	-8.479069e+02
4.500000e-07	-5.367207e-06	-1.423597e-08	-3.752881e+01	-8.447209e+02
4.600000e-07	-5.249776e-06	-1.420467e-08	-3.670770e+01	-8.412872e+02
4.700000e-07	-5.130373e-06	-1.414339e-08	-3.587281e+01	-8.378681e+02
4.800000e-07	-5.009133e-06	-1.407456e-08	-3.502507e+01	-8.346854e+02
4.900000e-07	-4.886055e-06	-1.402365e-08	-3.416448e+01	-8.318195e+02
5.000000e-07	-4.761160e-06	-1.399089e-08	-3.329118e+01	-8.291709e+02
5.100000e-07	-4.634581e-06	-1.393506e-08	-3.240611e+01	-8.265028e+02
5.200000e-07	-4.506418e-06	-1.386068e-08	-3.150996e+01	-8.235469e+02
5.300000e-07	-4.376642e-06	-1.379879e-08	-3.060254e+01	-8.201249e+02
5.400000e-07	-4.245210e-06	-1.375720e-08	-2.968353e+01	-8.162300e+02
5.500000e-07	-4.112172e-06	-1.369996e-08	-2.875330e+01	-8.120318e+02
5.600000e-07	-3.977721e-06	-1.361962e-08	-2.781318e+01	-8.077990e+02
5.700000e-07	-3.841807e-06	-1.355213e-08	-2.686284e+01	-8.037758e+02
5.800000e-07	-3.704388e-06	-1.350254e-08	-2.590198e+01	-8.000656e+02
5.900000e-07	-3.565591e-06	-1.344095e-08	-2.493147e+01	-7.965776e+02
6.000000e-07	-3.425386e-06	-1.335340e-08	-2.395112e+01	-7.930609e+02
6.100000e-07	-3.283769e-06	-1.327443e-08	-2.296090e+01	-7.892151e+02
6.200000e-07	-3.140803e-06	-1.321513e-08	-2.196125e+01	-7.848264e+02
6.300000e-07	-2.996628e-06	-1.314998e-08	-2.095314e+01	-7.798694e+02
6.400000e-07	-2.851422e-06	-1.306183e-08	-1.993783e+01	-7.745252e+02
6.500000e-07	-2.705195e-06	-1.297281e-08	-1.891537e+01	-7.691038e+02
6.600000e-07	-2.557941e-06	-1.290020e-08	-1.788574e+01	-7.639035e+02
6.700000e-07	-2.409867e-06	-1.282417e-08	-1.685037e+01	-7.590684e+02
6.800000e-07	-2.261106e-06	-1.272587e-08	-1.581020e+01	-7.545115e+02
6.900000e-07	-2.111575e-06	-1.262140e-08	-1.476464e+01	-7.499403e+02
7.000000e-07	-1.961192e-06	-1.253428e-08	-1.371313e+01	-7.449799e+02
7.100000e-07	-1.810079e-06	-1.245086e-08	-1.265651e+01	-7.393401e+02
7.200000e-07	-1.658425e-06	-1.234940e-08	-1.159611e+01	-7.329532e+02
7.300000e-07	-1.506300e-06	-1.223892e-08	-1.053241e+01	-7.260150e+02
7.400000e-07	-1.353560e-06	-1.213900e-08	-9.464421e+00	-7.189052e+02
7.500000e-07	-1.200170e-06	-1.204178e-08	-8.391875e+00	-7.120153e+02
7.600000e-07	-1.046302e-06	-1.192588e-08	-7.315997e+00	-7.055593e+02
7.700000e-07	-8.920447e-07	-1.179513e-08	-6.237392e+00	-6.994517e+02
7.800000e-07	-7.374952e-07	-1.167251e-08	-5.156744e+00	-6.933158e+02
7.900000e-07	-5.827265e-07	-1.155834e-08	-4.074564e+00	-6.866276e+02
8.000000e-07	-4.277806e-07	-1.142949e-08	-2.991145e+00	-6.789386e+02
8.100000e-07	-2.726736e-07	-1.128228e-08	-1.906600e+00	-6.700792e+02
8.200000e-07	-1.174535e-07	-1.113589e-08	-8.212634e-01	-6.602483e+02
8.300000e-07	3.780500e-08	-1.099559e-08	2.643417e-01	-6.499335e+02
8.400000e-07	1.930510e-07	-1.083991e-08	1.349859e+00	-6.396860e+02
8.500000e-07	3.482168e-07	-1.065891e-08	2.434816e+00	-6.298401e+02
8.600000e-07	5.032680e-07	-1.047120e-08	3.518972e+00	-6.203019e+02
8.700000e-07	6.581583e-07	-1.028669e-08	4.602002e+00	-6.105157e+02
8.800000e-07	8.128498e-07	-1.008709e-08	5.683642e+00	-5.996411e+02
8.900000e-07	9.672802e-07	-9.858420e-09	6.763456e+00	-5.868819e+02
9.000000e-07	1.121333e-06	-9.614515e-09	7.840630e+00	-5.718237e+02
9.100000e-07	1.274931e-06	-9.364326e-09	8.914625e+00	-5.546103e+02
9.200000e-07	1.427937e-06	-9.089737e-09	9.984477e+00	-5.358337e+02
9.300000e-07	1.580337e-06	-8.768858e-09	1.105010e+01	-5.161176e+02
9.400000e-07	1.732240e-06	-8.401664e-09	1.211224e+01	-4.955098e+02
9.500000e-07	1.883561e-06	-7.983786e-09	1.317032e+01	-4.729026e+02
9.600000e-07	2.034186e-06	-7.479576e-09	1.422352e+01	-4.457395e+02
9.700000e-07	2.184113e-06	-6.836243e-09	1.527184e+01	-4.101979e+02
9.800000e-07	2.333260e-06	-6.012149e-09	1.631472e+01	-3.618987e+02
9.900000e-07	2.481521e-06	-4.967454e-09	1.735140e+01	-2.970048e+02
1.000000e-06	2.628951e-06	-3.633277e-09	1.838226e+01	-2.134173e+02
1.010000e-06	2.775510e-06	-1.949917e-09	1.940704e+01	-1.117073e+02
1.020000e-06	2.921049e-06	6.162572e-11	2.042468e+01	4.534187e+00
1.030000e-06	3.065491e-06	2.268110e-09	2.143465e+01	1.290842e+02
1.040000e-06	3.208814e-06	4.473146e-09	2.243680e+01	2.541550e+02
1.050000e-06	3.350951e-06	6.492631e-09	2.343066e+01	3.718724e+02
1.060000e-06	3.491808e-06	8.201278e-09	2.441557e+01	4.757698e+02
1.070000e-06	3.631319e-06	9.558125e-09	2.539106e+01	5.618984e+02
1.080000e-06	3.769431e-06	1.060280e-08	2.635677e+01	6.292750e+02
1.090000e-06	3.906109e-06	1.141925e-08	2.731246e+01	6.795952e+02
1.100000e-06	4.041368e-06	1.207037e-08	2.825822e+01	7.163553e+02
1.110000e-06	4.175192e-06	1.258449e-08	2.919395e+01	7.436902e+02
1.120000e-06	4.307548e-06	1.298323e-08	3.011942e+01	7.652883e+02
1.130000e-06	4.438335e-06	1.329977e-08	3.103391e+01	7.836768e+02
1.140000e-06	4.567437e-06	1.355939e-08	3.193662e+01	8.000208e+02
1.150000e-06	4.694934e-06	1.376549e-08	3.282811e+01	8.143951e+02
1.160000e-06	4.820848e-06	1.392137e-08	3.370854e+01	8.263420e+02
1.170000e-06	4.945094e-06	1.404724e-08	3.457729e+01	8.354607e+02
1.180000e-06	5.067555e-06	1.416087e-08	3.543357e+01	8.418082e+02
1.190000e-06	5.188135e-06	1.425755e-08	3.627670e+01	8.459961e+02
1.200000e-06	5.306802e-06	1.433439e-08	3.710644e+01	8.489995e+02
1.210000e-06	5.423464e-06	1.439914e-08	3.792217e+01	8.518072e+02
1.220000e-06	5.538049e-06	1.446051e-08	3.872338e+01	8.550831e+02
1.230000e-06	5.650519e-06	1.451656e-08	3.950979e+01	8.589846e+02
1.240000e-06	5.760907e-06	1.456260e-08	4.028165e+01	8.632004e+02
1.250000e-06	5.869353e-06	1.460287e-08	4.103994e+01	8.671718e+02
1.260000e-06	5.975752e-06	1.464692e-08	4.178390e+01	8.703885e+02
1.270000e-06	6.079938e-06	1.469284e-08	4.251239e+01	8.726284e+02
1.280000e-06	6.181944e-06	1.473157e-08	4.322565e+01	8.740461e+02
1.290000e-06	6.281791e-06	1.476450e-08	4.392380e+01	8.750869e+02
1.300000e-06	6.379324e-06	1.479994e-08	4.460577e+01	8.762777e+02
1.310000e-06	6.474522e-06	1.483626e-08	4.527142e+01	8.779962e+02
1.320000e-06	6.567520e-06	1.486505e-08	4.592168e+01	8.803191e+02
1.330000e-06	6.658195e-06	1.488945e-08	4.655571e+01	8.830122e+02
1.340000e-06	6.746528e-06	1.491748e-08	4.717335e+01	8.856549e+02
1.350000e-06	6.832569e-06	1.494947e-08	4.777497e+01	8.878392e+02
1.360000e-06	6.916205e-06	1.497789e-08	4.835977e+01	8.893510e+02
1.370000e-06	6.997390e-06	1.500084e-08	4.892744e+01	8.902558e+02
1.380000e-06	7.076041e-06	1.502359e-08	4.947738e+01	8.908570e+02
1.390000e-06	7.151980e-06	1.504893e-08	5.000837e+01	8.915503e+02
1.400000e-06	7.225205e-06	1.507143e-08	5.052037e+01	8.926449e+02
1.410000e-06	7.295865e-06	1.508843e-08	5.101445e+01	8.942309e+02
1.420000e-06	7.363969e-06	1.510481e-08	5.149065e+01	8.961483e+02
1.430000e-06	7.429373e-06	1.512489e-08	5.194797e+01	8.980692e+02
1.440000e-06	7.492153e-06	1.514500e-08	5.238694e+01	8.996501e+02
1.450000e-06	7.552421e-06	1.516005e-08	5.280835e+01	9.006870e+02
1.460000e-06	7.609982e-06	1.517368e-08	5.321083e+01	9.012019e+02
1.470000e-06	7.664752e-06	1.518915e-08	5.359379e+01	9.014275e+02
1.480000e-06	7.716458e-06	1.520417e-08	5.395533e+01	9.016977e+02
1.490000e-06	7.764964e-06	1.521515e-08	5.429450e+01	9.022966e+02
1.500000e-06	7.810674e-06	1.522561e-08	5.461412e+01	9.033328e+02
1.510000e-06	7.853679e-06	1.523912e-08	5.491482e+01	9.046952e+02
1.520000e-06	7.893849e-06	1.525229e-08	5.519570e+01	9.061070e+02
1.530000e-06	7.931276e-06	1.526098e-08	5.545740e+01	9.072518e+02
1.540000e-06	7.965915e-06	1.526655e-08	5.569960e+01	9.079154e+02
1.550000e-06	7.997716e-06	1.527315e-08	5.592196e+01	9.080785e+02
1.560000e-06	8.026815e-06	1.528054e-08	5.612543e+01	9.079220e+02
1.570000e-06	8.053034e-06	1.528526e-08	5.630876e+01	9.077426e+02
1.580000e-06	8.076321e-06	1.528775e-08	5.647159e+01	9.078185e+02
1.590000e-06	8.096888e-06	1.529279e-08	5.661539e+01	9.082851e+02
1.600000e-06	8.114635e-06	1.530068e-08	5.673949e+01	9.090756e+02
1.610000e-06	8.129430e-06	1.530605e-08	5.684294e+01	9.099528e+02
1.620000e-06	8.141069e-06	1.530576e-08	5.692432e+01	9.106159e+02
1.630000e-06	8.149490e-06	1.530318e-08	5.698320e+01	9.108348e+02
1.640000e-06	8.155044e-06	1.530022e-08	5.702204e+01	9.105533e+02
1.650000e-06	8.157828e-06	1.529569e-08	5.704150e+01	9.099132e+02
1.660000e-06	8.157781e-06	1.529102e-08	5.704118e+01	9.091915e+02
1.670000e-06	8.155065e-06	1.529254e-08	5.702218e+01	9.086779e+02
1.680000e-06	8.149653e-06	1.529432e-08	5.698434e+01	9.085462e+02
1.690000e-06	8.141490e-06	1.529209e-08	5.692726e+01	9.087776e+02
1.700000e-06	8.130636e-06	1.528692e-08	5.685137e+01	9.091685e+02
1.710000e-06	8.116892e-06	1.527763e-08	5.675527e+01	9.094193e+02
1.720000e-06	8.100444e-06	1.526384e-08	5.664026e+01	9.092654e+02
1.730000e-06	8.081725e-06	1.524832e-08	5.650937e+01	9.085925e+02
1.740000e-06	8.060468e-06	1.528317e-08	5.636074e+01	9.074864e+02
1.750000e-06	8.035975e-06	1.530631e-08	5.618947e+01	9.061949e+02
1.760000e-06	8.007756e-06	1.525624e-08	5.599216e+01	9.050201e+02
1.770000e-06	7.976060e-06	1.521909e-08	5.577054e+01	9.041872e+02
1.780000e-06	7.941645e-06	1.521175e-08	5.552990e+01	9.037475e+02
1.790000e-06	7.904723e-06	1.517046e-08	5.527173e+01	9.035578e+02
1.800000e-06	7.865515e-06	1.513849e-08	5.499758e+01	9.033436e+02
1.810000e-06	7.824296e-06	1.518550e-08	5.470936e+01	9.028197e+02
1.820000e-06	7.780565e-06	1.512777e-08	5.440359e+01	9.018133e+02
1.830000e-06	7.734081e-06	1.512423e-08	5.407856e+01	9.003382e+02
1.840000e-06	7.684783e-06	1.515877e-08	5.373386e+01	8.985863e+02
1.850000e-06	7.632285e-06	1.509328e-08	5.336678e+01	8.968423e+02
1.860000e-06	7.576871e-06	1.508857e-08	5.297931e+01	8.953589e+02
1.870000e-06	7.518783e-06	1.500216e-08	5.257315e+01	8.942472e+02
1.880000e-06	7.458041e-06	1.501785e-08	5.214842e+01	8.934302e+02
1.890000e-06	7.394632e-06	1.502228e-08	5.170505e+01	8.926785e+02
1.900000e-06	7.328430e-06	1.494844e-08	5.124215e+01	8.917128e+02
1.910000e-06	7.259507e-06	1.498784e-08	5.076023e+01	8.903259e+02
1.920000e-06	7.187716e-06	1.494498e-08	5.025825e+01	8.884727e+02
1.930000e-06	7.113255e-06	1.492174e-08	4.973760e+01	8.862873e+02
1.940000e-06	7.036046e-06	1.486449e-08	4.919773e+01	8.840214e+02
1.950000e-06	6.956043e-06	1.481709e-08	4.863833e+01	8.819317e+02
1.960000e-06	6.873655e-06	1.481693e-08	4.806225e+01	8.801666e+02
1.970000e-06	6.788803e-06	1.477751e-08	4.746895e+01	8.787019e+02
1.980000e-06	6.701464e-06	1.477848e-08	4.685825e+01	8.773538e+02
1.990000e-06	6.611739e-06	1.471416e-08	4.623088e+01	8.758626e+02
2.000000e-06	6.519742e-06	1.469229e-08	4.558761e+01	8.740096e+02
2.010000e-06	6.425392e-06	1.465596e-08	4.492789e+01	8.717142e+02
2.020000e-06	6.328701e-06	1.459876e-08	4.425181e+01	8.690695e+02
2.030000e-06	6.229866e-06	1.456804e-08	4.356073e+01	8.662983e+02
2.040000e-06	6.128781e-06	1.453589e-08	4.285391e+01	8.636521e+02
2.050000e-06	6.025384e-06	1.452539e-08	4.213094e+01	8.612963e+02
2.060000e-06	5.919807e-06	1.446892e-08	4.139272e+01	8.592345e+02
2.070000e-06	5.812253e-06	1.441980e-08	4.064068e+01	8.573053e+02
2.080000e-06	5.702637e-06	1.436400e-08	3.987421e+01	8.552535e+02
2.090000e-06	5.590865e-06	1.432661e-08	3.909268e+01	8.528447e+02
2.100000e-06	5.476970e-06	1.428057e-08	3.829629e+01	8.499705e+02
2.110000e-06	5.360909e-06	1.423836e-08	3.748477e+01	8.466981e+02
2.120000e-06	5.242719e-06	1.419758e-08	3.665835e+01	8.432406e+02
2.130000e-06	5.122538e-06	1.415484e-08	3.581802e+01	8.398616e+02
2.140000e-06	5.000560e-06	1.410146e-08	3.496512e+01	8.367552e+02
2.150000e-06	4.876795e-06	1.403146e-08	3.409972e+01	8.339574e+02
2.160000e-06	4.751281e-06	1.397818e-08	3.322210e+01	8.313272e+02
2.170000e-06	4.624038e-06	1.392582e-08	3.233239e+01	8.286084e+02
2.180000e-06	4.495144e-06	1.388051e-08	3.143114e+01	8.255445e+02
2.190000e-06	4.364693e-06	1.381490e-08	3.051899e+01	8.219951e+02
2.200000e-06	4.232692e-06	1.376297e-08	2.959600e+01	8.180005e+02
2.210000e-06	4.099174e-06	1.370641e-08	2.866241e+01	8.137648e+02
2.220000e-06	3.964139e-06	1.364604e-08	2.771821e+01	8.095631e+02
2.230000e-06	3.827591e-06	1.357507e-08	2.676344e+01	8.056134e+02
2.240000e-06	3.689592e-06	1.350256e-08	2.579852e+01	8.019725e+02
2.250000e-06	3.550267e-06	1.343951e-08	2.482432e+01	7.985027e+02
2.260000e-06	3.409659e-06	1.336765e-08	2.384116e+01	7.949286e+02
2.270000e-06	3.267786e-06	1.329061e-08	2.284915e+01	7.909586e+02
2.280000e-06	3.124640e-06	1.320919e-08	2.184824e+01	7.864193e+02
2.290000e-06	2.980320e-06	1.313662e-08	2.083912e+01	7.813392e+02
2.300000e-06	2.834897e-06	1.306353e-08	1.982229e+01	7.759421e+02
2.310000e-06	2.688512e-06	1.298339e-08	1.879872e+01	7.705496e+02
2.320000e-06	2.541298e-06	1.289628e-08	1.776937e+01	7.654331e+02
2.330000e-06	2.393208e-06	1.281260e-08	1.673389e+01	7.606828e+02
2.340000e-06	2.244223e-06	1.272634e-08	1.569215e+01	7.561533e+02
2.350000e-06	2.094408e-06	1.263356e-08	1.464461e+01	7.515173e+02
2.360000e-06	1.943902e-06	1.253353e-08	1.359223e+01	7.464050e+02
2.370000e-06	1.792724e-06	1.243462e-08	1.253516e+01	7.405719e+02
2.380000e-06	1.640867e-06	1.233732e-08	1.147334e+01	7.340171e+02
2.390000e-06	1.488429e-06	1.223574e-08	1.040746e+01	7.269942e+02
2.400000e-06	1.335470e-06	1.212751e-08	9.337931e+00	7.199043e+02
2.410000e-06	1.182011e-06	1.201870e-08	8.264906e+00	7.131110e+02
2.420000e-06	1.028108e-06	1.191010e-08	7.188778e+00	7.067604e+02
2.430000e-06	8.738093e-07	1.179395e-08	6.109885e+00	7.006878e+02
2.440000e-06	7.192258e-07	1.166695e-08	5.029000e+00	6.944618e+02
2.450000e-06	5.644471e-07	1.153253e-08	3.946751e+00	6.875551e+02
2.460000e-06	4.094536e-07	1.139724e-08	2.862999e+00	6.795729e+02
2.470000e-06	2.543410e-07	1.125635e-08	1.778414e+00	6.704358e+02
2.480000e-06	9.919588e-08	1.110828e-08	6.936015e-01	6.604287e+02
2.490000e-06	-5.600582e-08	1.095424e-08	-3.916062e-01	6.500805e+02
2.500000e-06	-2.112243e-07	1.079616e-08	-1.476932e+00	6.399139e+02
2.510000e-06	-3.663504e-07	1.062698e-08	-2.561611e+00	6.301706e+02
2.520000e-06	-5.212929e-07	1.044162e-08	-3.645006e+00	6.206358e+02
2.530000e-06	-6.760230e-07	1.024079e-08	-4.726916e+00	6.106585e+02
2.540000e-06	-8.305085e-07	1.002917e-08	-5.807116e+00	5.993753e+02
2.550000e-06	-9.846843e-07	9.807368e-09	-6.885151e+00	5.860572e+02
2.560000e-06	-1.138464e-06	9.569973e-09	-7.960414e+00	5.704225e+02
2.570000e-06	-1.291788e-06	9.312092e-09	-9.032495e+00	5.527500e+02
2.580000e-06	-1.444592e-06	9.028606e-09	-1.010094e+01	5.336892e+02
2.590000e-06	-1.596873e-06	8.709410e-09	-1.116572e+01	5.137800e+02
2.600000e-06	-1.748636e-06	8.340798e-09	-1.222689e+01	4.928285e+02
2.610000e-06	-1.899762e-06	7.905489e-09	-1.328359e+01	4.693765e+02
2.620000e-06	-2.050142e-06	7.377842e-09	-1.433508e+01	4.405124e+02
2.630000e-06	-2.199761e-06	6.719228e-09	-1.538126e+01	4.021893e+02
2.640000e-06	-2.348567e-06	5.876421e-09	-1.642174e+01	3.500506e+02
2.650000e-06	-2.496469e-06	4.787961e-09	-1.745591e+01	2.805858e+02
2.660000e-06	-2.643568e-06	3.394907e-09	-1.848446e+01	1.922944e+02
2.670000e-06	-2.789848e-06	1.667520e-09	-1.950729e+01	8.649731e+01
2.680000e-06	-2.935080e-06	-3.636532e-10	-2.052279e+01	-3.249080e+01
2.690000e-06	-3.079219e-06	-2.571074e-09	-2.153064e+01	-1.579337e+02
2.700000e-06	-3.222269e-06	-4.752658e-09	-2.253088e+01	-2.818755e+02
2.710000e-06	-3.364037e-06	-6.714113e-09	-2.352216e+01	-3.966627e+02
2.720000e-06	-3.504397e-06	-8.350329e-09	-2.450359e+01	-4.963765e+02
2.730000e-06	-3.643433e-06	-9.652354e-09	-2.547576e+01	-5.777966e+02
2.740000e-06	-3.781133e-06	-1.066446e-08	-2.643859e+01	-6.406638e+02
2.750000e-06	-3.917446e-06	-1.144967e-08	-2.739173e+01	-6.872230e+02
2.760000e-06	-4.052349e-06	-1.206524e-08	-2.833500e+01	-7.212423e+02
2.770000e-06	-4.185751e-06	-1.255386e-08	-2.926778e+01	-7.468365e+02
2.780000e-06	-4.317632e-06	-1.294169e-08	-3.018993e+01	-7.674515e+02
2.790000e-06	-4.447991e-06	-1.324851e-08	-3.110143e+01	-7.852722e+02
2.800000e-06	-4.576797e-06	-1.349245e-08	-3.200207e+01	-8.011505e+02
2.810000e-06	-4.703951e-06	-1.368916e-08	-3.289116e+01	-8.149703e+02
2.820000e-06	-4.829383e-06	-1.384994e-08	-3.376821e+01	-8.262368e+02
2.830000e-06	-4.953132e-06	-1.397925e-08	-3.463350e+01	-8.346372e+02
2.840000e-06	-5.075175e-06	-1.408435e-08	-3.548685e+01	-8.403706e+02
2.850000e-06	-5.195350e-06	-1.417383e-08	-3.632714e+01	-8.441662e+02
2.860000e-06	-5.313478e-06	-1.425114e-08	-3.715312e+01	-8.470379e+02
2.870000e-06	-5.429533e-06	-1.431843e-08	-3.796460e+01	-8.499211e+02
2.880000e-06	-5.543445e-06	-1.437877e-08	-3.876110e+01	-8.533616e+02
2.890000e-06	-5.655108e-06	-1.443355e-08	-3.954188e+01	-8.573877e+02
2.900000e-06	-5.764656e-06	-1.448268e-08	-4.030787e+01	-8.616003e+02
2.910000e-06	-5.872227e-06	-1.452668e-08	-4.106003e+01	-8.654251e+02
2.920000e-06	-5.977782e-06	-1.456707e-08	-4.179809e+01	-8.684061e+02
2.930000e-06	-6.081197e-06	-1.460574e-08	-4.252120e+01	-8.704142e+02
2.940000e-06	-6.182337e-06	-1.464331e-08	-4.322839e+01	-8.716909e+02
2.950000e-06	-6.281239e-06	-1.467915e-08	-4.391994e+01	-8.727243e+02
2.960000e-06	-6.378039e-06	-1.471400e-08	-4.459679e+01	-8.740241e+02
2.970000e-06	-6.472658e-06	-1.475094e-08	-4.525839e+01	-8.759019e+02
2.980000e-06	-6.564945e-06	-1.478643e-08	-4.590368e+01	-8.783520e+02
2.990000e-06	-6.654903e-06	-1.481675e-08	-4.653269e+01	-8.810774e+02
3.000000e-06	-6.742509e-06	-1.484289e-08	-4.714525e+01	-8.836410e+02
3.010000e-06	-6.827615e-06	-1.486779e-08	-4.774033e+01	-8.856691e+02
3.020000e-06	-6.910305e-06	-1.489377e-08	-4.831852e+01	-8.870144e+02
3.030000e-06	-6.990629e-06	-1.491862e-08	-4.888016e+01	-8.878106e+02
3.040000e-06	-7.068278e-06	-1.494291e-08	-4.942310e+01	-8.884004e+02
3.050000e-06	-7.143197e-06	-1.496930e-08	-4.994696e+01	-8.891742e+02
3.060000e-06	-7.215528e-06	-1.499636e-08	-5.045271e+01	-8.903958e+02
3.070000e-06	-7.285225e-06	-1.502050e-08	-5.094005e+01	-8.920906e+02
3.080000e-06	-7.352335e-06	-1.504155e-08	-5.140930e+01	-8.940455e+02
3.090000e-06	-7.416947e-06	-1.506125e-08	-5.186108e+01	-8.959128e+02
3.100000e-06	-7.478887e-06	-1.508072e-08	-5.229418e+01	-8.973711e+02
3.110000e-06	-7.538104e-06	-1.509744e-08	-5.270824e+01	-8.982684e+02
3.120000e-06	-7.594647e-06	-1.511179e-08	-5.310360e+01	-8.986851e+02
3.130000e-06	-7.648294e-06	-1.512841e-08	-5.347872e+01	-8.988922e+02
3.140000e-06	-7.698875e-06	-1.514827e-08	-5.383239e+01	-8.992255e+02
3.150000e-06	-7.746391e-06	-1.516841e-08	-5.416464e+01	-8.999344e+02
3.160000e-06	-7.791116e-06	-1.518451e-08	-5.447736e+01	-9.010730e+02
3.170000e-06	-7.833366e-06	-1.519881e-08	-5.477278e+01	-9.024800e+02
3.180000e-06	-7.873004e-06	-1.521254e-08	-5.504995e+01	-9.038553e+02
3.190000e-06	-7.909836e-06	-1.522356e-08	-5.530748e+01	-9.048957e+02
3.200000e-06	-7.943945e-06	-1.523238e-08	-5.554598e+01	-9.054298e+02
3.210000e-06	-7.975209e-06	-1.524086e-08	-5.576458e+01	-9.054918e+02
3.220000e-06	-8.003522e-06	-1.525169e-08	-5.596256e+01	-9.053023e+02
3.230000e-06	-8.029053e-06	-1.526336e-08	-5.614108e+01	-9.051668e+02
3.240000e-06	-8.051751e-06	-1.527303e-08	-5.629979e+01	-9.053375e+02
3.250000e-06	-8.071550e-06	-1.528088e-08	-5.643823e+01	-9.059016e+02
3.260000e-06	-8.088532e-06	-1.528597e-08	-5.655697e+01	-9.067431e+02
3.270000e-06	-8.102522e-06	-1.528956e-08	-5.665479e+01	-9.075968e+02
3.280000e-06	-8.113396e-06	-1.529265e-08	-5.673082e+01	-9.081671e+02
3.290000e-06	-8.121339e-06	-1.529434e-08	-5.678636e+01	-9.082605e+02
3.300000e-06	-8.126335e-06	-1.529643e-08	-5.682129e+01	-9.078714e+02
3.310000e-06	-8.128481e-06	-1.529843e-08	-5.683630e+01	-9.071844e+02
