# Temperatura_=_61.19
# Concentracion g/m^3_=_20000.0
# C_Vs_to_Am_M_A/Vsm_=_59384043850.047264
# pendiente_HvsI_1/m_=_3716.3
# ordenada_HvsI_A/m_=_1297.0
# frecuencia_Hz_=_301713.8544210202

Tiempo_(s)	Campo_(V.s)	Magnetizacion_(V.s)	Campo_(kA/m)	Magnetizacion_(A/m)
0.000000e+00	-8.107882e-06	-1.262803e-08	-5.683929e+01	-7.481666e+02
1.000000e-08	-8.105474e-06	-1.261886e-08	-5.682241e+01	-7.477595e+02
2.000000e-08	-8.100333e-06	-1.261711e-08	-5.678637e+01	-7.475051e+02
3.000000e-08	-8.092614e-06	-1.261942e-08	-5.673226e+01	-7.474707e+02
4.000000e-08	-8.082093e-06	-1.261743e-08	-5.665850e+01	-7.476094e+02
5.000000e-08	-8.068617e-06	-1.261063e-08	-5.656403e+01	-7.477799e+02
6.000000e-08	-8.052194e-06	-1.260928e-08	-5.644890e+01	-7.478087e+02
7.000000e-08	-8.033157e-06	-1.261775e-08	-5.631544e+01	-7.475664e+02
8.000000e-08	-8.011722e-06	-1.259403e-08	-5.616517e+01	-7.470245e+02
9.000000e-08	-7.987312e-06	-1.252664e-08	-5.599405e+01	-7.462680e+02
1.000000e-07	-7.959544e-06	-1.252797e-08	-5.579939e+01	-7.454592e+02
1.100000e-07	-7.928722e-06	-1.257595e-08	-5.558331e+01	-7.447665e+02
1.200000e-07	-7.895122e-06	-1.257977e-08	-5.534776e+01	-7.442913e+02
1.300000e-07	-7.858876e-06	-1.255091e-08	-5.509367e+01	-7.440233e+02
1.400000e-07	-7.820321e-06	-1.256811e-08	-5.482338e+01	-7.438453e+02
1.500000e-07	-7.779530e-06	-1.259031e-08	-5.453742e+01	-7.435834e+02
1.600000e-07	-7.736107e-06	-1.250980e-08	-5.423301e+01	-7.430824e+02
1.700000e-07	-7.689854e-06	-1.252812e-08	-5.390876e+01	-7.422723e+02
1.800000e-07	-7.640894e-06	-1.248489e-08	-5.356553e+01	-7.411983e+02
1.900000e-07	-7.588866e-06	-1.244412e-08	-5.320080e+01	-7.400004e+02
2.000000e-07	-7.533785e-06	-1.249587e-08	-5.281466e+01	-7.388522e+02
2.100000e-07	-7.476017e-06	-1.245325e-08	-5.240968e+01	-7.378861e+02
2.200000e-07	-7.415603e-06	-1.246309e-08	-5.198615e+01	-7.371362e+02
2.300000e-07	-7.352602e-06	-1.241531e-08	-5.154450e+01	-7.365247e+02
2.400000e-07	-7.286803e-06	-1.240404e-08	-5.108322e+01	-7.358960e+02
2.500000e-07	-7.218235e-06	-1.240933e-08	-5.060254e+01	-7.350850e+02
2.600000e-07	-7.147061e-06	-1.234890e-08	-5.010358e+01	-7.339872e+02
2.700000e-07	-7.073096e-06	-1.233275e-08	-4.958505e+01	-7.326030e+02
2.800000e-07	-6.996319e-06	-1.233904e-08	-4.904682e+01	-7.310346e+02
2.900000e-07	-6.916804e-06	-1.234628e-08	-4.848939e+01	-7.294394e+02
3.000000e-07	-6.834676e-06	-1.228318e-08	-4.791364e+01	-7.279605e+02
3.100000e-07	-6.750259e-06	-1.224405e-08	-4.732185e+01	-7.266643e+02
3.200000e-07	-6.663666e-06	-1.223288e-08	-4.671479e+01	-7.255130e+02
3.300000e-07	-6.574782e-06	-1.220259e-08	-4.609169e+01	-7.243841e+02
3.400000e-07	-6.483501e-06	-1.219315e-08	-4.545177e+01	-7.231268e+02
3.500000e-07	-6.389924e-06	-1.215935e-08	-4.479577e+01	-7.216297e+02
3.600000e-07	-6.294041e-06	-1.213761e-08	-4.412359e+01	-7.198707e+02
3.700000e-07	-6.195712e-06	-1.212831e-08	-4.343426e+01	-7.179249e+02
3.800000e-07	-6.095087e-06	-1.209388e-08	-4.272884e+01	-7.159294e+02
3.900000e-07	-5.992345e-06	-1.203194e-08	-4.200859e+01	-7.140192e+02
4.000000e-07	-5.887419e-06	-1.198870e-08	-4.127301e+01	-7.122640e+02
4.100000e-07	-5.780273e-06	-1.198656e-08	-4.052188e+01	-7.106347e+02
4.200000e-07	-5.671135e-06	-1.196605e-08	-3.975678e+01	-7.090139e+02
4.300000e-07	-5.560062e-06	-1.192370e-08	-3.897812e+01	-7.072480e+02
4.400000e-07	-5.446873e-06	-1.188303e-08	-3.818462e+01	-7.052151e+02
4.500000e-07	-5.331470e-06	-1.186172e-08	-3.737561e+01	-7.028807e+02
4.600000e-07	-5.213941e-06	-1.182483e-08	-3.655168e+01	-7.003142e+02
4.700000e-07	-5.094473e-06	-1.176109e-08	-3.571416e+01	-6.976593e+02
4.800000e-07	-4.973190e-06	-1.170684e-08	-3.486393e+01	-6.950699e+02
4.900000e-07	-4.850061e-06	-1.167829e-08	-3.400075e+01	-6.926416e+02
5.000000e-07	-4.725160e-06	-1.165579e-08	-3.312514e+01	-6.903669e+02
5.100000e-07	-4.598685e-06	-1.160794e-08	-3.223851e+01	-6.881375e+02
5.200000e-07	-4.470624e-06	-1.155118e-08	-3.134075e+01	-6.857910e+02
5.300000e-07	-4.340912e-06	-1.150958e-08	-3.043142e+01	-6.831827e+02
5.400000e-07	-4.209515e-06	-1.147367e-08	-2.951028e+01	-6.802501e+02
5.500000e-07	-4.076486e-06	-1.141415e-08	-2.857770e+01	-6.770414e+02
5.600000e-07	-3.942047e-06	-1.134419e-08	-2.763523e+01	-6.736932e+02
5.700000e-07	-3.806160e-06	-1.129626e-08	-2.668261e+01	-6.703683e+02
5.800000e-07	-3.668785e-06	-1.126157e-08	-2.571956e+01	-6.671801e+02
5.900000e-07	-3.530065e-06	-1.120902e-08	-2.474708e+01	-6.641371e+02
6.000000e-07	-3.389968e-06	-1.113857e-08	-2.376495e+01	-6.611351e+02
6.100000e-07	-3.248433e-06	-1.107990e-08	-2.277273e+01	-6.580000e+02
6.200000e-07	-3.105560e-06	-1.103150e-08	-2.177114e+01	-6.545639e+02
6.300000e-07	-2.961567e-06	-1.096934e-08	-2.076169e+01	-6.507407e+02
6.400000e-07	-2.816515e-06	-1.089036e-08	-1.974483e+01	-6.465660e+02
6.500000e-07	-2.670389e-06	-1.081814e-08	-1.872043e+01	-6.421830e+02
6.600000e-07	-2.523262e-06	-1.076326e-08	-1.768901e+01	-6.377781e+02
6.700000e-07	-2.375303e-06	-1.070012e-08	-1.665177e+01	-6.334949e+02
6.800000e-07	-2.226666e-06	-1.061699e-08	-1.560977e+01	-6.293639e+02
6.900000e-07	-2.077318e-06	-1.053313e-08	-1.456278e+01	-6.252829e+02
7.000000e-07	-1.927214e-06	-1.046305e-08	-1.351050e+01	-6.210570e+02
7.100000e-07	-1.776442e-06	-1.038878e-08	-1.245353e+01	-6.164828e+02
7.200000e-07	-1.625054e-06	-1.029543e-08	-1.139224e+01	-6.114404e+02
7.300000e-07	-1.473070e-06	-1.020196e-08	-1.032677e+01	-6.059494e+02
7.400000e-07	-1.320499e-06	-1.012179e-08	-9.257194e+00	-6.001631e+02
7.500000e-07	-1.167451e-06	-1.004226e-08	-8.184270e+00	-5.942972e+02
7.600000e-07	-1.014024e-06	-9.942041e-09	-7.108692e+00	-5.885259e+02
7.700000e-07	-8.602414e-07	-9.832228e-09	-6.030614e+00	-5.828891e+02
7.800000e-07	-7.061578e-07	-9.731328e-09	-4.950431e+00	-5.772554e+02
7.900000e-07	-5.518237e-07	-9.631914e-09	-3.868491e+00	-5.713618e+02
8.000000e-07	-3.973328e-07	-9.515790e-09	-2.785452e+00	-5.649167e+02
8.100000e-07	-2.427177e-07	-9.385994e-09	-1.701542e+00	-5.577214e+02
8.200000e-07	-8.795695e-08	-9.263232e-09	-6.166112e-01	-5.497551e+02
8.300000e-07	6.683789e-08	-9.143206e-09	4.685586e-01	-5.411805e+02
8.400000e-07	2.215505e-07	-9.005112e-09	1.553152e+00	-5.322595e+02
8.500000e-07	3.761743e-07	-8.844575e-09	2.637123e+00	-5.232125e+02
8.600000e-07	5.306805e-07	-8.682158e-09	3.720270e+00	-5.140809e+02
8.700000e-07	6.849705e-07	-8.519873e-09	4.801900e+00	-5.046599e+02
8.800000e-07	8.390138e-07	-8.337220e-09	5.881801e+00	-4.945380e+02
8.900000e-07	9.927907e-07	-8.128504e-09	6.959835e+00	-4.832371e+02
9.000000e-07	1.146189e-06	-7.910864e-09	8.035212e+00	-4.703905e+02
9.100000e-07	1.299223e-06	-7.688252e-09	9.108044e+00	-4.558724e+02
9.200000e-07	1.451898e-06	-7.438542e-09	1.017835e+01	-4.397956e+02
9.300000e-07	1.604025e-06	-7.150181e-09	1.124482e+01	-4.223425e+02
9.400000e-07	1.755470e-06	-6.826857e-09	1.230650e+01	-4.034641e+02
9.500000e-07	1.906248e-06	-6.463051e-09	1.336351e+01	-3.825493e+02
9.600000e-07	2.056379e-06	-6.026795e-09	1.441599e+01	-3.582053e+02
9.700000e-07	2.205806e-06	-5.484406e-09	1.546353e+01	-3.282771e+02
9.800000e-07	2.354464e-06	-4.817121e-09	1.650568e+01	-2.901662e+02
9.900000e-07	2.502298e-06	-4.005747e-09	1.754205e+01	-2.414116e+02
1.000000e-06	2.649228e-06	-3.008809e-09	1.857208e+01	-1.803964e+02
1.010000e-06	2.795183e-06	-1.787653e-09	1.959528e+01	-1.069772e+02
1.020000e-06	2.940120e-06	-3.532667e-10	2.061134e+01	-2.283642e+01
1.030000e-06	3.083940e-06	1.225541e-09	2.161957e+01	6.857875e+01
1.040000e-06	3.226597e-06	2.851426e-09	2.261966e+01	1.625500e+02
1.050000e-06	3.368136e-06	4.421007e-09	2.361190e+01	2.539034e+02
1.060000e-06	3.508402e-06	5.831363e-09	2.459521e+01	3.379405e+02
1.070000e-06	3.647262e-06	7.016760e-09	2.556868e+01	4.112405e+02
1.080000e-06	3.784745e-06	7.979061e-09	2.653248e+01	4.721313e+02
1.090000e-06	3.920787e-06	8.765369e-09	2.748618e+01	5.207275e+02
1.100000e-06	4.055339e-06	9.411745e-09	2.842944e+01	5.585635e+02
1.110000e-06	4.188529e-06	9.930975e-09	2.936315e+01	5.879634e+02
1.120000e-06	4.320241e-06	1.033982e-08	3.028651e+01	6.113515e+02
1.130000e-06	4.450340e-06	1.067183e-08	3.119855e+01	6.307013e+02
1.140000e-06	4.578891e-06	1.095118e-08	3.209974e+01	6.472537e+02
1.150000e-06	4.705793e-06	1.117715e-08	3.298937e+01	6.615314e+02
1.160000e-06	4.831065e-06	1.135195e-08	3.386757e+01	6.735803e+02
1.170000e-06	4.954674e-06	1.149542e-08	3.473412e+01	6.833032e+02
1.180000e-06	5.076511e-06	1.162119e-08	3.558825e+01	6.907460e+02
1.190000e-06	5.196527e-06	1.172384e-08	3.642960e+01	6.962372e+02
1.200000e-06	5.314578e-06	1.180147e-08	3.725719e+01	7.003534e+02
1.210000e-06	5.430540e-06	1.186720e-08	3.807012e+01	7.037562e+02
1.220000e-06	5.544387e-06	1.193163e-08	3.886823e+01	7.069909e+02
1.230000e-06	5.656174e-06	1.198928e-08	3.965190e+01	7.103383e+02
1.240000e-06	5.765992e-06	1.203475e-08	4.042177e+01	7.137806e+02
1.250000e-06	5.873815e-06	1.207593e-08	4.117764e+01	7.170854e+02
1.260000e-06	5.979531e-06	1.211899e-08	4.191875e+01	7.199632e+02
1.270000e-06	6.083050e-06	1.215905e-08	4.264446e+01	7.222261e+02
1.280000e-06	6.184381e-06	1.219077e-08	4.335483e+01	7.238818e+02
1.290000e-06	6.283492e-06	1.221795e-08	4.404963e+01	7.251297e+02
1.300000e-06	6.380272e-06	1.224823e-08	4.472810e+01	7.262702e+02
1.310000e-06	6.474836e-06	1.227785e-08	4.539102e+01	7.275741e+02
1.320000e-06	6.567238e-06	1.230106e-08	4.603880e+01	7.291725e+02
1.330000e-06	6.657323e-06	1.232134e-08	4.667033e+01	7.310135e+02
1.340000e-06	6.745023e-06	1.234501e-08	4.728514e+01	7.329016e+02
1.350000e-06	6.830407e-06	1.237135e-08	4.788371e+01	7.345965e+02
1.360000e-06	6.913400e-06	1.239279e-08	4.846553e+01	7.359254e+02
1.370000e-06	6.993903e-06	1.240879e-08	4.902988e+01	7.368587e+02
1.380000e-06	7.071843e-06	1.242527e-08	4.957627e+01	7.375178e+02
1.390000e-06	7.147026e-06	1.244303e-08	5.010333e+01	7.381156e+02
1.400000e-06	7.219533e-06	1.245877e-08	5.061163e+01	7.388591e+02
1.410000e-06	7.289573e-06	1.247285e-08	5.110264e+01	7.398581e+02
1.420000e-06	7.357039e-06	1.248760e-08	5.157560e+01	7.410817e+02
1.430000e-06	7.421820e-06	1.250431e-08	5.202974e+01	7.423779e+02
1.440000e-06	7.484027e-06	1.251814e-08	5.246583e+01	7.435466e+02
1.450000e-06	7.543665e-06	1.252720e-08	5.288392e+01	7.444319e+02
1.460000e-06	7.600609e-06	1.253603e-08	5.328312e+01	7.449902e+02
1.470000e-06	7.654724e-06	1.254564e-08	5.366248e+01	7.453078e+02
1.480000e-06	7.705716e-06	1.255479e-08	5.401996e+01	7.455583e+02
1.490000e-06	7.753618e-06	1.256220e-08	5.435577e+01	7.459235e+02
1.500000e-06	7.798776e-06	1.257073e-08	5.467234e+01	7.465117e+02
1.510000e-06	7.841092e-06	1.258218e-08	5.496900e+01	7.473113e+02
1.520000e-06	7.880537e-06	1.259307e-08	5.524552e+01	7.481980e+02
1.530000e-06	7.917341e-06	1.259901e-08	5.550353e+01	7.489931e+02
1.540000e-06	7.951340e-06	1.260146e-08	5.574188e+01	7.495440e+02
1.550000e-06	7.982480e-06	1.260523e-08	5.596018e+01	7.497924e+02
1.560000e-06	8.010963e-06	1.260895e-08	5.615985e+01	7.497989e+02
1.570000e-06	8.036550e-06	1.260997e-08	5.633923e+01	7.497146e+02
1.580000e-06	8.059198e-06	1.261075e-08	5.649800e+01	7.497125e+02
1.590000e-06	8.079183e-06	1.261533e-08	5.663810e+01	7.499102e+02
1.600000e-06	8.096333e-06	1.262147e-08	5.675833e+01	7.503174e+02
1.610000e-06	8.110480e-06	1.262483e-08	5.685751e+01	7.508330e+02
1.620000e-06	8.121487e-06	1.262491e-08	5.693467e+01	7.512909e+02
1.630000e-06	8.129409e-06	1.262280e-08	5.699020e+01	7.515339e+02
1.640000e-06	8.134513e-06	1.261897e-08	5.702598e+01	7.514848e+02
1.650000e-06	8.136726e-06	1.261407e-08	5.704150e+01	7.511797e+02
1.660000e-06	8.136088e-06	1.261482e-08	5.703703e+01	7.507523e+02
1.670000e-06	8.132827e-06	1.261780e-08	5.701416e+01	7.503744e+02
1.680000e-06	8.126884e-06	1.261793e-08	5.697250e+01	7.501793e+02
1.690000e-06	8.118226e-06	1.261562e-08	5.691181e+01	7.502025e+02
1.700000e-06	8.106826e-06	1.261243e-08	5.683189e+01	7.503660e+02
1.710000e-06	8.092557e-06	1.260542e-08	5.673186e+01	7.505116e+02
1.720000e-06	8.075677e-06	1.258737e-08	5.661352e+01	7.504710e+02
1.730000e-06	8.056514e-06	1.258393e-08	5.647918e+01	7.501392e+02
1.740000e-06	8.034753e-06	1.265271e-08	5.632663e+01	7.495213e+02
1.750000e-06	8.009669e-06	1.265307e-08	5.615078e+01	7.487300e+02
1.760000e-06	7.980828e-06	1.258838e-08	5.594860e+01	7.479373e+02
1.770000e-06	7.948647e-06	1.256887e-08	5.572300e+01	7.472993e+02
1.780000e-06	7.913927e-06	1.256392e-08	5.547960e+01	7.468879e+02
1.790000e-06	7.876766e-06	1.249686e-08	5.521908e+01	7.466598e+02
1.800000e-06	7.837341e-06	1.253309e-08	5.494270e+01	7.464746e+02
1.810000e-06	7.795853e-06	1.256391e-08	5.465185e+01	7.461560e+02
1.820000e-06	7.751766e-06	1.247314e-08	5.434278e+01	7.455674e+02
1.830000e-06	7.704944e-06	1.256263e-08	5.401454e+01	7.446708e+02
1.840000e-06	7.655263e-06	1.251286e-08	5.366626e+01	7.435426e+02
1.850000e-06	7.602378e-06	1.248838e-08	5.329552e+01	7.423400e+02
1.860000e-06	7.546631e-06	1.247905e-08	5.290471e+01	7.412323e+02
1.870000e-06	7.488223e-06	1.238986e-08	5.249525e+01	7.403280e+02
1.880000e-06	7.427205e-06	1.248191e-08	5.206749e+01	7.396285e+02
1.890000e-06	7.363426e-06	1.241788e-08	5.162037e+01	7.390282e+02
1.900000e-06	7.296862e-06	1.240702e-08	5.115374e+01	7.383612e+02
1.910000e-06	7.227611e-06	1.242463e-08	5.066826e+01	7.374733e+02
1.920000e-06	7.155496e-06	1.237530e-08	5.016271e+01	7.362872e+02
1.930000e-06	7.080747e-06	1.237869e-08	4.963869e+01	7.348347e+02
1.940000e-06	7.003246e-06	1.230601e-08	4.909538e+01	7.332403e+02
1.950000e-06	6.923055e-06	1.232056e-08	4.853321e+01	7.316646e+02
1.960000e-06	6.840505e-06	1.228985e-08	4.795450e+01	7.302340e+02
1.970000e-06	6.755445e-06	1.228275e-08	4.735820e+01	7.289858e+02
1.980000e-06	6.667883e-06	1.227448e-08	4.674436e+01	7.278544e+02
1.990000e-06	6.577945e-06	1.220819e-08	4.611386e+01	7.267022e+02
2.000000e-06	6.485752e-06	1.221325e-08	4.546756e+01	7.253829e+02
2.010000e-06	6.391221e-06	1.216454e-08	4.480486e+01	7.238072e+02
2.020000e-06	6.294382e-06	1.214446e-08	4.412598e+01	7.219818e+02
2.030000e-06	6.195403e-06	1.210764e-08	4.343210e+01	7.200050e+02
2.040000e-06	6.094150e-06	1.210275e-08	4.272228e+01	7.180204e+02
2.050000e-06	5.990601e-06	1.208667e-08	4.199636e+01	7.161499e+02
2.060000e-06	5.884926e-06	1.204090e-08	4.125553e+01	7.144365e+02
2.070000e-06	5.777290e-06	1.199719e-08	4.050097e+01	7.128228e+02
2.080000e-06	5.667555e-06	1.194971e-08	3.973168e+01	7.111746e+02
2.090000e-06	5.555698e-06	1.192851e-08	3.894753e+01	7.093402e+02
2.100000e-06	5.441734e-06	1.188867e-08	3.814860e+01	7.072185e+02
2.110000e-06	5.325660e-06	1.186631e-08	3.733487e+01	7.048050e+02
2.120000e-06	5.207489e-06	1.182994e-08	3.650645e+01	7.021951e+02
2.130000e-06	5.087237e-06	1.180198e-08	3.566344e+01	6.995430e+02
2.140000e-06	4.965176e-06	1.174713e-08	3.480775e+01	6.969924e+02
2.150000e-06	4.841425e-06	1.169111e-08	3.394020e+01	6.946120e+02
2.160000e-06	4.715951e-06	1.164141e-08	3.306058e+01	6.923634e+02
2.170000e-06	4.588696e-06	1.160510e-08	3.216848e+01	6.901162e+02
2.180000e-06	4.459799e-06	1.157039e-08	3.126486e+01	6.877054e+02
2.190000e-06	4.329389e-06	1.152334e-08	3.035064e+01	6.850045e+02
2.200000e-06	4.197452e-06	1.148510e-08	2.942571e+01	6.819819e+02
2.210000e-06	4.064032e-06	1.143634e-08	2.849039e+01	6.787152e+02
2.220000e-06	3.929097e-06	1.138550e-08	2.754444e+01	6.753563e+02
2.230000e-06	3.792633e-06	1.131980e-08	2.658778e+01	6.720613e+02
2.240000e-06	3.654820e-06	1.126394e-08	2.562166e+01	6.689173e+02
2.250000e-06	3.515713e-06	1.121076e-08	2.464647e+01	6.658993e+02
2.260000e-06	3.375233e-06	1.115753e-08	2.366165e+01	6.628768e+02
2.270000e-06	3.233458e-06	1.109573e-08	2.266775e+01	6.596689e+02
2.280000e-06	3.090390e-06	1.103302e-08	2.166479e+01	6.561245e+02
2.290000e-06	2.946168e-06	1.097575e-08	2.065374e+01	6.521901e+02
2.300000e-06	2.801014e-06	1.091745e-08	1.963616e+01	6.479363e+02
2.310000e-06	2.654953e-06	1.084861e-08	1.861222e+01	6.435267e+02
2.320000e-06	2.507926e-06	1.077237e-08	1.758150e+01	6.391444e+02
2.330000e-06	2.359946e-06	1.070071e-08	1.654410e+01	6.349059e+02
2.340000e-06	2.211141e-06	1.062703e-08	1.550093e+01	6.308034e+02
2.350000e-06	2.061673e-06	1.054822e-08	1.445310e+01	6.267015e+02
2.360000e-06	1.911561e-06	1.046520e-08	1.340076e+01	6.223932e+02
2.370000e-06	1.760692e-06	1.038785e-08	1.234311e+01	6.176903e+02
2.380000e-06	1.609070e-06	1.031018e-08	1.128019e+01	6.125096e+02
2.390000e-06	1.456779e-06	1.022548e-08	1.021257e+01	6.069126e+02
2.400000e-06	1.303953e-06	1.013063e-08	9.141198e+00	6.010796e+02
2.410000e-06	1.150737e-06	1.003441e-08	8.067100e+00	5.952259e+02
2.420000e-06	9.971890e-07	9.936785e-09	6.990668e+00	5.894949e+02
2.430000e-06	8.433542e-07	9.834245e-09	5.912229e+00	5.838780e+02
2.440000e-06	6.892646e-07	9.724501e-09	4.832003e+00	5.781988e+02
2.450000e-06	5.349318e-07	9.613919e-09	3.750072e+00	5.721739e+02
2.460000e-06	3.803590e-07	9.504427e-09	2.666459e+00	5.655264e+02
2.470000e-06	2.256213e-07	9.385886e-09	1.581690e+00	5.581027e+02
2.480000e-06	7.084209e-08	9.256739e-09	4.966296e-01	5.499378e+02
2.490000e-06	-8.394809e-08	9.119367e-09	-5.885076e-01	5.412349e+02
2.500000e-06	-2.386637e-07	8.978267e-09	-1.673122e+00	5.322595e+02
2.510000e-06	-3.932749e-07	8.824665e-09	-2.757005e+00	5.231929e+02
2.520000e-06	-5.477519e-07	8.655211e-09	-3.839946e+00	5.140087e+02
2.530000e-06	-7.019592e-07	8.475043e-09	-4.920997e+00	5.044340e+02
2.540000e-06	-8.558757e-07	8.289651e-09	-6.000009e+00	4.940209e+02
2.550000e-06	-1.009512e-06	8.094595e-09	-7.077058e+00	4.823052e+02
2.560000e-06	-1.162838e-06	7.879366e-09	-8.151927e+00	4.689805e+02
2.570000e-06	-1.315834e-06	7.642739e-09	-9.224487e+00	4.539963e+02
2.580000e-06	-1.468426e-06	7.385496e-09	-1.029422e+01	4.375098e+02
2.590000e-06	-1.620457e-06	7.099841e-09	-1.136001e+01	4.196717e+02
2.600000e-06	-1.771692e-06	6.769716e-09	-1.242023e+01	4.003040e+02
2.610000e-06	-1.922094e-06	6.384912e-09	-1.347460e+01	3.785861e+02
2.620000e-06	-2.071816e-06	5.934131e-09	-1.452421e+01	3.528929e+02
2.630000e-06	-2.220880e-06	5.389607e-09	-1.556920e+01	3.208971e+02
2.640000e-06	-2.369268e-06	4.713607e-09	-1.660945e+01	2.799711e+02
2.650000e-06	-2.516861e-06	3.869786e-09	-1.764414e+01	2.278227e+02
2.660000e-06	-2.663485e-06	2.833229e-09	-1.867203e+01	1.632000e+02
2.670000e-06	-2.809161e-06	1.587610e-09	-1.969327e+01	8.646209e+01
2.680000e-06	-2.953964e-06	1.386749e-10	-2.070840e+01	-1.786115e-01
2.690000e-06	-3.097622e-06	-1.451531e-09	-2.171549e+01	-9.284424e+01
2.700000e-06	-3.239973e-06	-3.073320e-09	-2.271343e+01	-1.865935e+02
2.710000e-06	-3.381114e-06	-4.607962e-09	-2.370287e+01	-2.762945e+02
2.720000e-06	-3.520915e-06	-5.969658e-09	-2.468293e+01	-3.575433e+02
2.730000e-06	-3.659354e-06	-7.120567e-09	-2.565344e+01	-4.273888e+02
2.740000e-06	-3.796519e-06	-8.063594e-09	-2.661502e+01	-4.846848e+02
2.750000e-06	-3.932324e-06	-8.824943e-09	-2.756706e+01	-5.300039e+02
2.760000e-06	-4.066620e-06	-9.439312e-09	-2.850853e+01	-5.651772e+02
2.770000e-06	-4.199421e-06	-9.937711e-09	-2.943952e+01	-5.926250e+02
2.780000e-06	-4.330691e-06	-1.033976e-08	-3.035977e+01	-6.146889e+02
2.790000e-06	-4.460449e-06	-1.066204e-08	-3.126942e+01	-6.331485e+02
2.800000e-06	-4.588726e-06	-1.092143e-08	-3.216869e+01	-6.490259e+02
2.810000e-06	-4.715332e-06	-1.113601e-08	-3.305625e+01	-6.626763e+02
2.820000e-06	-4.840245e-06	-1.131515e-08	-3.393193e+01	-6.740702e+02
2.830000e-06	-4.963482e-06	-1.145890e-08	-3.479587e+01	-6.831273e+02
2.840000e-06	-5.084923e-06	-1.157488e-08	-3.564722e+01	-6.899677e+02
2.850000e-06	-5.204450e-06	-1.167176e-08	-3.648515e+01	-6.950013e+02
2.860000e-06	-5.321973e-06	-1.175320e-08	-3.730903e+01	-6.988491e+02
2.870000e-06	-5.437323e-06	-1.182310e-08	-3.811767e+01	-7.021595e+02
2.880000e-06	-5.550374e-06	-1.188217e-08	-3.891020e+01	-7.054128e+02
2.890000e-06	-5.661271e-06	-1.193515e-08	-3.968763e+01	-7.088025e+02
2.900000e-06	-5.770165e-06	-1.198420e-08	-4.045102e+01	-7.122366e+02
2.910000e-06	-5.877070e-06	-1.202700e-08	-4.120047e+01	-7.154486e+02
2.920000e-06	-5.981961e-06	-1.206330e-08	-4.193579e+01	-7.181639e+02
2.930000e-06	-6.084670e-06	-1.209528e-08	-4.265582e+01	-7.202448e+02
2.940000e-06	-6.185137e-06	-1.212743e-08	-4.336013e+01	-7.217585e+02
2.950000e-06	-6.283450e-06	-1.215789e-08	-4.404934e+01	-7.229454e+02
2.960000e-06	-6.379605e-06	-1.218686e-08	-4.472343e+01	-7.241110e+02
2.970000e-06	-6.473503e-06	-1.221541e-08	-4.538168e+01	-7.254952e+02
2.980000e-06	-6.565067e-06	-1.224346e-08	-4.602358e+01	-7.271774e+02
2.990000e-06	-6.654365e-06	-1.226943e-08	-4.664959e+01	-7.290575e+02
3.000000e-06	-6.741353e-06	-1.229142e-08	-4.725941e+01	-7.309155e+02
3.010000e-06	-6.825909e-06	-1.231063e-08	-4.785218e+01	-7.325197e+02
3.020000e-06	-6.908073e-06	-1.232872e-08	-4.842818e+01	-7.337331e+02
3.030000e-06	-6.987787e-06	-1.234674e-08	-4.898701e+01	-7.345716e+02
3.040000e-06	-7.064808e-06	-1.236573e-08	-4.952695e+01	-7.351913e+02
3.050000e-06	-7.139095e-06	-1.238596e-08	-5.004774e+01	-7.358140e+02
3.060000e-06	-7.210774e-06	-1.240662e-08	-5.055023e+01	-7.366268e+02
3.070000e-06	-7.279799e-06	-1.242616e-08	-5.103412e+01	-7.377009e+02
3.080000e-06	-7.346224e-06	-1.244254e-08	-5.149978e+01	-7.389661e+02
3.090000e-06	-7.410152e-06	-1.245627e-08	-5.194794e+01	-7.402476e+02
3.100000e-06	-7.471368e-06	-1.246851e-08	-5.237709e+01	-7.413488e+02
3.110000e-06	-7.529872e-06	-1.248184e-08	-5.278723e+01	-7.421408e+02
3.120000e-06	-7.585725e-06	-1.249388e-08	-5.317878e+01	-7.426181e+02
3.130000e-06	-7.638684e-06	-1.250697e-08	-5.355004e+01	-7.428983e+02
3.140000e-06	-7.688571e-06	-1.252159e-08	-5.389977e+01	-7.431664e+02
3.150000e-06	-7.735445e-06	-1.253513e-08	-5.422837e+01	-7.435907e+02
3.160000e-06	-7.779679e-06	-1.254595e-08	-5.453847e+01	-7.442476e+02
3.170000e-06	-7.821468e-06	-1.255443e-08	-5.483142e+01	-7.450901e+02
3.180000e-06	-7.860537e-06	-1.256295e-08	-5.510531e+01	-7.459709e+02
3.190000e-06	-7.896760e-06	-1.257194e-08	-5.535925e+01	-7.467102e+02
3.200000e-06	-7.930263e-06	-1.257951e-08	-5.559411e+01	-7.471770e+02
3.210000e-06	-7.960937e-06	-1.258630e-08	-5.580915e+01	-7.473467e+02
3.220000e-06	-7.988673e-06	-1.259422e-08	-5.600359e+01	-7.473110e+02
3.230000e-06	-8.013624e-06	-1.260221e-08	-5.617851e+01	-7.472352e+02
3.240000e-06	-8.035706e-06	-1.260807e-08	-5.633331e+01	-7.472839e+02
3.250000e-06	-8.054892e-06	-1.261218e-08	-5.646781e+01	-7.475472e+02
3.260000e-06	-8.071318e-06	-1.261546e-08	-5.658297e+01	-7.480013e+02
3.270000e-06	-8.084672e-06	-1.261838e-08	-5.667658e+01	-7.485201e+02
3.280000e-06	-8.094903e-06	-1.262251e-08	-5.674830e+01	-7.489318e+02
3.290000e-06	-8.102206e-06	-1.262582e-08	-5.679950e+01	-7.490961e+02
3.300000e-06	-8.106604e-06	-1.263061e-08	-5.683033e+01	-7.489666e+02
3.310000e-06	-8.108229e-06	-1.263350e-08	-5.684172e+01	-7.486115e+02
