# Temperatura_=_39.76
# Concentracion g/m^3_=_20000.0
# C_Vs_to_Am_M_A/Vsm_=_59384043850.047264
# pendiente_HvsI_1/m_=_3716.3
# ordenada_HvsI_A/m_=_1297.0
# frecuencia_Hz_=_301726.243010554

Tiempo_(s)	Campo_(V.s)	Magnetizacion_(V.s)	Campo_(kA/m)	Magnetizacion_(A/m)
0.000000e+00	-8.083993e-06	-1.429649e-08	-5.683786e+01	-8.476754e+02
1.000000e-08	-8.081769e-06	-1.428924e-08	-5.682222e+01	-8.474694e+02
2.000000e-08	-8.076823e-06	-1.428774e-08	-5.678745e+01	-8.471914e+02
3.000000e-08	-8.069301e-06	-1.428859e-08	-5.673456e+01	-8.469354e+02
4.000000e-08	-8.058942e-06	-1.428564e-08	-5.666173e+01	-8.467687e+02
5.000000e-08	-8.045665e-06	-1.428044e-08	-5.656838e+01	-8.466990e+02
6.000000e-08	-8.029435e-06	-1.428138e-08	-5.645427e+01	-8.466694e+02
7.000000e-08	-8.010504e-06	-1.429109e-08	-5.632116e+01	-8.465829e+02
8.000000e-08	-7.989248e-06	-1.427721e-08	-5.617172e+01	-8.463462e+02
9.000000e-08	-7.965165e-06	-1.420681e-08	-5.600239e+01	-8.459130e+02
1.000000e-07	-7.937723e-06	-1.420025e-08	-5.580945e+01	-8.453078e+02
1.100000e-07	-7.907178e-06	-1.425201e-08	-5.559469e+01	-8.446172e+02
1.200000e-07	-7.873866e-06	-1.425789e-08	-5.536047e+01	-8.439540e+02
1.300000e-07	-7.837871e-06	-1.422674e-08	-5.510740e+01	-8.434077e+02
1.400000e-07	-7.799549e-06	-1.423853e-08	-5.483796e+01	-8.430039e+02
1.500000e-07	-7.759131e-06	-1.426998e-08	-5.455378e+01	-8.426908e+02
1.600000e-07	-7.716108e-06	-1.418423e-08	-5.425129e+01	-8.423590e+02
1.700000e-07	-7.670128e-06	-1.420320e-08	-5.392801e+01	-8.418864e+02
1.800000e-07	-7.621450e-06	-1.417002e-08	-5.358576e+01	-8.411904e+02
1.900000e-07	-7.569761e-06	-1.411269e-08	-5.322234e+01	-8.402623e+02
2.000000e-07	-7.515037e-06	-1.417008e-08	-5.283758e+01	-8.391715e+02
2.100000e-07	-7.457634e-06	-1.413005e-08	-5.243398e+01	-8.380358e+02
2.200000e-07	-7.397506e-06	-1.413780e-08	-5.201123e+01	-8.369701e+02
2.300000e-07	-7.334796e-06	-1.409935e-08	-5.157032e+01	-8.360376e+02
2.400000e-07	-7.269434e-06	-1.408090e-08	-5.111076e+01	-8.352221e+02
2.500000e-07	-7.201275e-06	-1.409588e-08	-5.063154e+01	-8.344357e+02
2.600000e-07	-7.130463e-06	-1.403244e-08	-5.013367e+01	-8.335570e+02
2.700000e-07	-7.056937e-06	-1.400909e-08	-4.961671e+01	-8.324841e+02
2.800000e-07	-6.980618e-06	-1.401127e-08	-4.908012e+01	-8.311790e+02
2.900000e-07	-6.901550e-06	-1.401856e-08	-4.852421e+01	-8.296845e+02
3.000000e-07	-6.819851e-06	-1.396398e-08	-4.794978e+01	-8.281050e+02
3.100000e-07	-6.735781e-06	-1.392317e-08	-4.735869e+01	-8.265616e+02
3.200000e-07	-6.649494e-06	-1.392771e-08	-4.675202e+01	-8.251386e+02
3.300000e-07	-6.560938e-06	-1.389288e-08	-4.612939e+01	-8.238473e+02
3.400000e-07	-6.469990e-06	-1.387680e-08	-4.548994e+01	-8.226208e+02
3.500000e-07	-6.376728e-06	-1.384066e-08	-4.483422e+01	-8.213430e+02
3.600000e-07	-6.281161e-06	-1.381264e-08	-4.416230e+01	-8.198995e+02
3.700000e-07	-6.183211e-06	-1.380124e-08	-4.347362e+01	-8.182267e+02
3.800000e-07	-6.082989e-06	-1.376730e-08	-4.276897e+01	-8.163385e+02
3.900000e-07	-5.980652e-06	-1.371908e-08	-4.204945e+01	-8.143187e+02
4.000000e-07	-5.876152e-06	-1.367641e-08	-4.131472e+01	-8.122823e+02
4.100000e-07	-5.769436e-06	-1.367465e-08	-4.056441e+01	-8.103226e+02
4.200000e-07	-5.660693e-06	-1.364742e-08	-3.979984e+01	-8.084686e+02
4.300000e-07	-5.550060e-06	-1.360065e-08	-3.902200e+01	-8.066704e+02
4.400000e-07	-5.437452e-06	-1.355693e-08	-3.823026e+01	-8.048207e+02
4.500000e-07	-5.322652e-06	-1.353298e-08	-3.742310e+01	-8.028020e+02
4.600000e-07	-5.205600e-06	-1.350083e-08	-3.660013e+01	-8.005386e+02
4.700000e-07	-5.086598e-06	-1.344167e-08	-3.576344e+01	-7.980316e+02
4.800000e-07	-4.965875e-06	-1.339173e-08	-3.491464e+01	-7.953586e+02
4.900000e-07	-4.843294e-06	-1.336021e-08	-3.405278e+01	-7.926400e+02
5.000000e-07	-4.718818e-06	-1.333541e-08	-3.317760e+01	-7.899849e+02
5.100000e-07	-4.592676e-06	-1.328414e-08	-3.229071e+01	-7.874414e+02
5.200000e-07	-4.465010e-06	-1.322619e-08	-3.139310e+01	-7.849734e+02
5.300000e-07	-4.335749e-06	-1.318289e-08	-3.048428e+01	-7.824746e+02
5.400000e-07	-4.204847e-06	-1.314586e-08	-2.956392e+01	-7.798140e+02
5.500000e-07	-4.072332e-06	-1.308659e-08	-2.863221e+01	-7.768932e+02
5.600000e-07	-3.938372e-06	-1.301777e-08	-2.769035e+01	-7.736897e+02
5.700000e-07	-3.802987e-06	-1.297107e-08	-2.673848e+01	-7.702668e+02
5.800000e-07	-3.666112e-06	-1.293433e-08	-2.577612e+01	-7.667444e+02
5.900000e-07	-3.527927e-06	-1.288014e-08	-2.480455e+01	-7.632434e+02
6.000000e-07	-3.388423e-06	-1.280776e-08	-2.382371e+01	-7.598287e+02
6.100000e-07	-3.247467e-06	-1.274799e-08	-2.283266e+01	-7.564754e+02
6.200000e-07	-3.105110e-06	-1.269642e-08	-2.183176e+01	-7.530760e+02
6.300000e-07	-2.961581e-06	-1.263199e-08	-2.082262e+01	-7.494846e+02
6.400000e-07	-2.817050e-06	-1.255323e-08	-1.980644e+01	-7.455807e+02
6.500000e-07	-2.671387e-06	-1.248110e-08	-1.878229e+01	-7.413234e+02
6.600000e-07	-2.524643e-06	-1.242216e-08	-1.775055e+01	-7.367711e+02
6.700000e-07	-2.377131e-06	-1.235331e-08	-1.671341e+01	-7.320567e+02
6.800000e-07	-2.228953e-06	-1.226857e-08	-1.567158e+01	-7.273272e+02
6.900000e-07	-2.080012e-06	-1.218313e-08	-1.462439e+01	-7.226746e+02
7.000000e-07	-1.930333e-06	-1.211178e-08	-1.357201e+01	-7.180881e+02
7.100000e-07	-1.780083e-06	-1.203504e-08	-1.251561e+01	-7.134514e+02
7.200000e-07	-1.629296e-06	-1.193927e-08	-1.145544e+01	-7.085873e+02
7.300000e-07	-1.477876e-06	-1.184128e-08	-1.039082e+01	-7.033325e+02
7.400000e-07	-1.325878e-06	-1.175294e-08	-9.322136e+00	-6.976086e+02
7.500000e-07	-1.173391e-06	-1.166336e-08	-8.250013e+00	-6.914577e+02
7.600000e-07	-1.020513e-06	-1.155702e-08	-7.175140e+00	-6.850241e+02
7.700000e-07	-8.672398e-07	-1.144524e-08	-6.097488e+00	-6.784867e+02
7.800000e-07	-7.135972e-07	-1.134066e-08	-5.017241e+00	-6.719706e+02
7.900000e-07	-5.597545e-07	-1.123654e-08	-3.935586e+00	-6.654767e+02
8.000000e-07	-4.057018e-07	-1.111538e-08	-2.852454e+00	-6.588619e+02
8.100000e-07	-2.514866e-07	-1.098057e-08	-1.768180e+00	-6.518829e+02
8.200000e-07	-9.715845e-08	-1.084998e-08	-6.831127e-01	-6.442866e+02
8.300000e-07	5.723920e-08	-1.072103e-08	4.024439e-01	-6.359095e+02
8.400000e-07	2.115791e-07	-1.057637e-08	1.487594e+00	-6.267412e+02
8.500000e-07	3.657555e-07	-1.041297e-08	2.571595e+00	-6.169197e+02
8.600000e-07	5.197807e-07	-1.024812e-08	3.654533e+00	-6.066556e+02
8.700000e-07	6.736585e-07	-1.008014e-08	4.736435e+00	-5.961151e+02
8.800000e-07	8.273148e-07	-9.891777e-09	5.816779e+00	-5.853104e+02
8.900000e-07	9.806609e-07	-9.681007e-09	6.894942e+00	-5.740485e+02
9.000000e-07	1.133586e-06	-9.462945e-09	7.970142e+00	-5.619651e+02
9.100000e-07	1.286089e-06	-9.240564e-09	9.042379e+00	-5.486317e+02
9.200000e-07	1.438198e-06	-8.995347e-09	1.011185e+01	-5.336873e+02
9.300000e-07	1.589772e-06	-8.716948e-09	1.117755e+01	-5.169249e+02
9.400000e-07	1.740708e-06	-8.411200e-09	1.223877e+01	-4.982752e+02
9.500000e-07	1.891041e-06	-8.075936e-09	1.329575e+01	-4.776658e+02
9.600000e-07	2.040772e-06	-7.690652e-09	1.434849e+01	-4.547916e+02
9.700000e-07	2.189848e-06	-7.233332e-09	1.539663e+01	-4.288785e+02
9.800000e-07	2.338192e-06	-6.691274e-09	1.643962e+01	-3.985512e+02
9.900000e-07	2.485704e-06	-6.054684e-09	1.747677e+01	-3.618948e+02
1.000000e-06	2.632287e-06	-5.289187e-09	1.850738e+01	-3.167501e+02
1.010000e-06	2.777910e-06	-4.353431e-09	1.953125e+01	-2.611984e+02
1.020000e-06	2.922516e-06	-3.227367e-09	2.054796e+01	-1.941250e+02
1.030000e-06	3.066041e-06	-1.912567e-09	2.155707e+01	-1.156988e+02
1.040000e-06	3.208452e-06	-4.232895e-10	2.255835e+01	-2.761769e+01
1.050000e-06	3.349661e-06	1.202938e-09	2.355118e+01	6.697873e+01
1.060000e-06	3.489504e-06	2.876488e-09	2.453440e+01	1.639327e+02
1.070000e-06	3.627970e-06	4.489845e-09	2.550794e+01	2.587365e+02
1.080000e-06	3.765131e-06	5.962782e-09	2.647231e+01	3.472795e+02
1.090000e-06	3.900870e-06	7.263845e-09	2.742668e+01	4.264867e+02
1.100000e-06	4.035163e-06	8.384978e-09	2.837088e+01	4.946956e+02
1.110000e-06	4.168131e-06	9.325467e-09	2.930577e+01	5.516969e+02
1.120000e-06	4.299529e-06	1.010532e-08	3.022962e+01	5.984637e+02
1.130000e-06	4.429281e-06	1.075918e-08	3.114189e+01	6.366757e+02
1.140000e-06	4.557568e-06	1.131143e-08	3.204387e+01	6.681945e+02
1.150000e-06	4.684277e-06	1.176451e-08	3.293475e+01	6.946357e+02
1.160000e-06	4.809410e-06	1.213081e-08	3.381455e+01	7.171343e+02
1.170000e-06	4.932818e-06	1.243497e-08	3.468222e+01	7.363278e+02
1.180000e-06	5.054394e-06	1.269453e-08	3.553701e+01	7.525045e+02
1.190000e-06	5.174184e-06	1.290907e-08	3.637924e+01	7.658251e+02
1.200000e-06	5.292049e-06	1.308036e-08	3.720794e+01	7.765168e+02
1.210000e-06	5.407810e-06	1.322285e-08	3.802184e+01	7.849692e+02
1.220000e-06	5.521396e-06	1.334845e-08	3.882046e+01	7.917146e+02
1.230000e-06	5.632935e-06	1.345561e-08	3.960468e+01	7.973216e+02
1.240000e-06	5.742585e-06	1.354003e-08	4.037562e+01	8.022625e+02
1.250000e-06	5.850182e-06	1.360996e-08	4.113213e+01	8.068179e+02
1.260000e-06	5.955607e-06	1.367565e-08	4.187336e+01	8.110578e+02
1.270000e-06	6.058979e-06	1.373582e-08	4.260016e+01	8.148997e+02
1.280000e-06	6.160218e-06	1.378421e-08	4.331196e+01	8.182147e+02
1.290000e-06	6.259108e-06	1.382513e-08	4.400725e+01	8.209314e+02
1.300000e-06	6.355632e-06	1.386663e-08	4.468590e+01	8.230970e+02
1.310000e-06	6.450013e-06	1.390498e-08	4.534948e+01	8.248725e+02
1.320000e-06	6.542294e-06	1.393493e-08	4.599830e+01	8.264733e+02
1.330000e-06	6.632264e-06	1.396069e-08	4.663088e+01	8.280861e+02
1.340000e-06	6.719833e-06	1.398851e-08	4.724656e+01	8.298009e+02
1.350000e-06	6.805068e-06	1.401838e-08	4.784585e+01	8.315889e+02
1.360000e-06	6.887911e-06	1.404244e-08	4.842831e+01	8.333320e+02
1.370000e-06	6.968299e-06	1.406177e-08	4.899351e+01	8.348889e+02
1.380000e-06	7.046174e-06	1.408160e-08	4.954104e+01	8.361663e+02
1.390000e-06	7.121369e-06	1.410046e-08	5.006973e+01	8.371632e+02
1.400000e-06	7.193880e-06	1.411557e-08	5.057955e+01	8.379713e+02
1.410000e-06	7.263876e-06	1.412828e-08	5.107169e+01	8.387329e+02
1.420000e-06	7.331299e-06	1.414435e-08	5.154573e+01	8.395772e+02
1.430000e-06	7.396035e-06	1.416431e-08	5.200089e+01	8.405657e+02
1.440000e-06	7.458219e-06	1.418139e-08	5.243809e+01	8.416685e+02
1.450000e-06	7.517891e-06	1.419309e-08	5.285764e+01	8.427825e+02
1.460000e-06	7.574848e-06	1.420325e-08	5.325810e+01	8.437816e+02
1.470000e-06	7.628920e-06	1.421337e-08	5.363828e+01	8.445739e+02
1.480000e-06	7.679915e-06	1.422135e-08	5.399682e+01	8.451424e+02
1.490000e-06	7.727792e-06	1.422605e-08	5.433344e+01	8.455502e+02
1.500000e-06	7.772929e-06	1.423365e-08	5.465079e+01	8.459103e+02
1.510000e-06	7.815351e-06	1.424762e-08	5.494906e+01	8.463338e+02
1.520000e-06	7.854879e-06	1.426206e-08	5.522698e+01	8.468808e+02
1.530000e-06	7.891738e-06	1.426981e-08	5.548613e+01	8.475357e+02
1.540000e-06	7.925891e-06	1.427406e-08	5.572626e+01	8.482170e+02
1.550000e-06	7.957213e-06	1.427966e-08	5.594648e+01	8.488165e+02
1.560000e-06	7.985871e-06	1.428362e-08	5.614797e+01	8.492482e+02
1.570000e-06	8.011668e-06	1.428332e-08	5.632935e+01	8.494870e+02
1.580000e-06	8.034529e-06	1.428338e-08	5.649008e+01	8.495775e+02
1.590000e-06	8.054707e-06	1.428970e-08	5.663195e+01	8.496121e+02
1.600000e-06	8.072000e-06	1.429850e-08	5.675354e+01	8.496875e+02
1.610000e-06	8.086228e-06	1.430457e-08	5.685357e+01	8.498607e+02
1.620000e-06	8.097319e-06	1.430686e-08	5.693155e+01	8.501238e+02
1.630000e-06	8.105346e-06	1.430668e-08	5.698799e+01	8.504096e+02
1.640000e-06	8.110602e-06	1.430360e-08	5.702494e+01	8.506238e+02
1.650000e-06	8.112957e-06	1.429691e-08	5.704150e+01	8.506898e+02
1.660000e-06	8.112423e-06	1.429354e-08	5.703775e+01	8.505842e+02
1.670000e-06	8.109337e-06	1.429674e-08	5.701605e+01	8.503478e+02
1.680000e-06	8.103619e-06	1.429858e-08	5.697585e+01	8.500665e+02
1.690000e-06	8.095202e-06	1.429828e-08	5.691667e+01	8.498310e+02
1.700000e-06	8.084052e-06	1.429708e-08	5.683827e+01	8.496938e+02
1.710000e-06	8.069998e-06	1.429013e-08	5.673946e+01	8.496435e+02
1.720000e-06	8.053299e-06	1.427149e-08	5.662205e+01	8.496079e+02
1.730000e-06	8.034326e-06	1.426073e-08	5.648866e+01	8.494862e+02
1.740000e-06	8.012780e-06	1.433151e-08	5.633716e+01	8.491948e+02
1.750000e-06	7.987957e-06	1.433481e-08	5.616263e+01	8.487064e+02
1.760000e-06	7.959384e-06	1.426526e-08	5.596174e+01	8.480655e+02
1.770000e-06	7.927397e-06	1.424664e-08	5.573685e+01	8.473710e+02
1.780000e-06	7.892829e-06	1.424436e-08	5.549380e+01	8.467338e+02
1.790000e-06	7.855865e-06	1.417826e-08	5.523391e+01	8.462287e+02
1.800000e-06	7.816642e-06	1.421552e-08	5.495814e+01	8.458589e+02
1.810000e-06	7.775384e-06	1.425689e-08	5.466806e+01	8.455528e+02
1.820000e-06	7.731600e-06	1.415060e-08	5.436021e+01	8.451920e+02
1.830000e-06	7.685104e-06	1.424971e-08	5.403330e+01	8.446608e+02
1.840000e-06	7.635795e-06	1.421788e-08	5.368662e+01	8.438953e+02
1.850000e-06	7.583228e-06	1.417667e-08	5.331702e+01	8.429103e+02
1.860000e-06	7.527736e-06	1.417785e-08	5.292686e+01	8.417934e+02
1.870000e-06	7.469610e-06	1.407951e-08	5.251819e+01	8.406670e+02
1.880000e-06	7.408895e-06	1.417366e-08	5.209130e+01	8.396358e+02
1.890000e-06	7.345533e-06	1.411310e-08	5.164581e+01	8.387416e+02
1.900000e-06	7.279377e-06	1.408931e-08	5.118067e+01	8.379454e+02
1.910000e-06	7.210472e-06	1.410987e-08	5.069621e+01	8.371448e+02
1.920000e-06	7.138737e-06	1.405554e-08	5.019184e+01	8.362184e+02
1.930000e-06	7.064354e-06	1.407447e-08	4.966887e+01	8.350791e+02
1.940000e-06	6.987227e-06	1.399246e-08	4.912659e+01	8.337119e+02
1.950000e-06	6.907403e-06	1.400711e-08	4.856535e+01	8.321803e+02
1.960000e-06	6.825264e-06	1.397540e-08	4.798784e+01	8.305991e+02
1.970000e-06	6.740690e-06	1.395538e-08	4.739321e+01	8.290838e+02
1.980000e-06	6.653571e-06	1.396040e-08	4.678068e+01	8.277005e+02
1.990000e-06	6.563989e-06	1.388269e-08	4.615084e+01	8.264371e+02
2.000000e-06	6.472223e-06	1.389957e-08	4.550564e+01	8.252084e+02
2.010000e-06	6.378192e-06	1.385456e-08	4.484452e+01	8.238931e+02
2.020000e-06	6.281813e-06	1.384096e-08	4.416688e+01	8.223870e+02
2.030000e-06	6.183259e-06	1.379847e-08	4.347396e+01	8.206474e+02
2.040000e-06	6.082483e-06	1.378038e-08	4.276542e+01	8.187104e+02
2.050000e-06	5.979393e-06	1.376952e-08	4.204060e+01	8.166737e+02
2.060000e-06	5.874081e-06	1.371725e-08	4.130016e+01	8.146515e+02
2.070000e-06	5.766853e-06	1.368323e-08	4.054624e+01	8.127221e+02
2.080000e-06	5.657617e-06	1.363220e-08	3.977822e+01	8.108919e+02
2.090000e-06	5.546240e-06	1.361956e-08	3.899513e+01	8.090911e+02
2.100000e-06	5.432716e-06	1.357899e-08	3.819696e+01	8.072038e+02
2.110000e-06	5.317079e-06	1.354900e-08	3.738393e+01	8.051195e+02
2.120000e-06	5.199364e-06	1.351041e-08	3.655628e+01	8.027823e+02
2.130000e-06	5.079593e-06	1.347824e-08	3.571418e+01	8.002168e+02
2.140000e-06	4.958032e-06	1.342813e-08	3.485950e+01	7.975176e+02
2.150000e-06	4.834774e-06	1.337325e-08	3.399288e+01	7.948075e+02
2.160000e-06	4.709760e-06	1.332720e-08	3.311392e+01	7.921825e+02
2.170000e-06	4.582947e-06	1.328848e-08	3.222231e+01	7.896675e+02
2.180000e-06	4.454506e-06	1.325491e-08	3.131925e+01	7.872034e+02
2.190000e-06	4.324560e-06	1.320306e-08	3.040561e+01	7.846709e+02
2.200000e-06	4.193114e-06	1.316106e-08	2.948142e+01	7.819429e+02
2.210000e-06	4.060160e-06	1.310974e-08	2.854663e+01	7.789393e+02
2.220000e-06	3.925693e-06	1.306131e-08	2.760121e+01	7.756629e+02
2.230000e-06	3.789696e-06	1.299687e-08	2.664502e+01	7.721978e+02
2.240000e-06	3.652314e-06	1.293767e-08	2.567910e+01	7.686703e+02
2.250000e-06	3.513706e-06	1.288406e-08	2.470457e+01	7.651906e+02
2.260000e-06	3.373773e-06	1.282827e-08	2.372070e+01	7.617996e+02
2.270000e-06	3.232571e-06	1.276856e-08	2.272793e+01	7.584466e+02
2.280000e-06	3.090084e-06	1.270029e-08	2.172611e+01	7.550069e+02
2.290000e-06	2.946345e-06	1.263823e-08	2.071549e+01	7.513354e+02
2.300000e-06	2.801519e-06	1.257380e-08	1.969724e+01	7.473300e+02
2.310000e-06	2.655832e-06	1.250298e-08	1.867292e+01	7.429779e+02
2.320000e-06	2.509328e-06	1.242521e-08	1.764287e+01	7.383634e+02
2.330000e-06	2.361939e-06	1.235194e-08	1.660659e+01	7.336305e+02
2.340000e-06	2.213738e-06	1.227970e-08	1.556460e+01	7.289172e+02
2.350000e-06	2.064750e-06	1.219856e-08	1.451708e+01	7.242891e+02
2.360000e-06	1.915002e-06	1.211251e-08	1.346422e+01	7.197036e+02
2.370000e-06	1.764550e-06	1.202516e-08	1.240640e+01	7.150206e+02
2.380000e-06	1.613443e-06	1.193927e-08	1.134398e+01	7.100586e+02
2.390000e-06	1.461690e-06	1.185030e-08	1.027702e+01	7.046723e+02
2.400000e-06	1.309317e-06	1.175562e-08	9.205695e+00	6.988164e+02
2.410000e-06	1.156464e-06	1.165685e-08	8.131002e+00	6.925665e+02
2.420000e-06	1.003327e-06	1.155323e-08	7.054303e+00	6.860853e+02
2.430000e-06	8.499370e-07	1.144626e-08	5.975834e+00	6.795453e+02
2.440000e-06	6.962488e-07	1.133089e-08	4.895266e+00	6.730415e+02
2.450000e-06	5.423704e-07	1.121234e-08	3.813359e+00	6.665330e+02
2.460000e-06	3.883547e-07	1.109502e-08	2.730489e+00	6.598410e+02
2.470000e-06	2.341436e-07	1.097217e-08	1.646243e+00	6.527089e+02
2.480000e-06	7.980098e-08	1.083954e-08	5.610738e-01	6.448998e+02
2.490000e-06	-7.457508e-08	1.069650e-08	-5.243310e-01	6.362901e+02
2.500000e-06	-2.288506e-07	1.054725e-08	-1.609029e+00	6.269156e+02
2.510000e-06	-3.829702e-07	1.038737e-08	-2.692631e+00	6.169453e+02
2.520000e-06	-5.369367e-07	1.021428e-08	-3.775156e+00	6.065899e+02
2.530000e-06	-6.907028e-07	1.003074e-08	-4.856272e+00	5.959810e+02
2.540000e-06	-8.442417e-07	9.839868e-09	-5.935791e+00	5.850739e+02
2.550000e-06	-9.975600e-07	9.640696e-09	-7.013758e+00	5.736193e+02
2.560000e-06	-1.150560e-06	9.426744e-09	-8.089487e+00	5.612215e+02
2.570000e-06	-1.303125e-06	9.194053e-09	-9.162157e+00	5.474584e+02
2.580000e-06	-1.455211e-06	8.941217e-09	-1.023147e+01	5.320079e+02
2.590000e-06	-1.606746e-06	8.663290e-09	-1.129689e+01	5.147095e+02
2.600000e-06	-1.757596e-06	8.352345e-09	-1.235751e+01	4.955123e+02
2.610000e-06	-1.907670e-06	8.003621e-09	-1.341267e+01	4.743032e+02
2.620000e-06	-2.057037e-06	7.607767e-09	-1.446285e+01	4.506645e+02
2.630000e-06	-2.205751e-06	7.146555e-09	-1.550845e+01	4.236568e+02
2.640000e-06	-2.353744e-06	6.598249e-09	-1.654897e+01	3.917343e+02
2.650000e-06	-2.500845e-06	5.937642e-09	-1.758322e+01	3.528725e+02
2.660000e-06	-2.647022e-06	5.141088e-09	-1.861099e+01	3.049251e+02
2.670000e-06	-2.792364e-06	4.183469e-09	-1.963287e+01	2.461462e+02
2.680000e-06	-2.936809e-06	3.038628e-09	-2.064845e+01	1.757467e+02
2.690000e-06	-3.080112e-06	1.698838e-09	-2.165600e+01	9.432056e+01
2.700000e-06	-3.222080e-06	1.856441e-10	-2.265417e+01	4.002054e+00
2.710000e-06	-3.362783e-06	-1.440243e-09	-2.364344e+01	-9.172183e+01
2.720000e-06	-3.502263e-06	-3.095378e-09	-2.462411e+01	-1.885183e+02
2.730000e-06	-3.640360e-06	-4.686107e-09	-2.559506e+01	-2.819180e+02
2.740000e-06	-3.777170e-06	-6.135784e-09	-2.655696e+01	-3.680503e+02
2.750000e-06	-3.912635e-06	-7.403093e-09	-2.750940e+01	-4.442194e+02
2.760000e-06	-4.046529e-06	-8.481499e-09	-2.845080e+01	-5.091888e+02
2.770000e-06	-4.178995e-06	-9.390668e-09	-2.938215e+01	-5.631262e+02
2.780000e-06	-4.309987e-06	-1.015101e-08	-3.030315e+01	-6.072603e+02
2.790000e-06	-4.439479e-06	-1.078373e-08	-3.121359e+01	-6.433745e+02
2.800000e-06	-4.567474e-06	-1.130823e-08	-3.211352e+01	-6.732967e+02
2.810000e-06	-4.693744e-06	-1.174227e-08	-3.300131e+01	-6.985191e+02
2.820000e-06	-4.818364e-06	-1.210474e-08	-3.387750e+01	-7.200278e+02
2.830000e-06	-4.941375e-06	-1.240491e-08	-3.474238e+01	-7.383402e+02
2.840000e-06	-5.062630e-06	-1.265323e-08	-3.559492e+01	-7.536850e+02
2.850000e-06	-5.181914e-06	-1.286116e-08	-3.643359e+01	-7.662254e+02
2.860000e-06	-5.299084e-06	-1.303601e-08	-3.725740e+01	-7.762303e+02
2.870000e-06	-5.414162e-06	-1.318303e-08	-3.806651e+01	-7.841370e+02
2.880000e-06	-5.527037e-06	-1.330244e-08	-3.886012e+01	-7.905014e+02
2.890000e-06	-5.637700e-06	-1.339860e-08	-3.963819e+01	-7.958774e+02
2.900000e-06	-5.746384e-06	-1.347848e-08	-4.040233e+01	-8.006894e+02
2.910000e-06	-5.853193e-06	-1.354741e-08	-4.115330e+01	-8.051563e+02
2.920000e-06	-5.958025e-06	-1.360923e-08	-4.189036e+01	-8.092955e+02
2.930000e-06	-6.060622e-06	-1.366592e-08	-4.261171e+01	-8.129996e+02
2.940000e-06	-6.160920e-06	-1.371901e-08	-4.331690e+01	-8.161467e+02
2.950000e-06	-6.259067e-06	-1.376751e-08	-4.400696e+01	-8.186959e+02
2.960000e-06	-6.355061e-06	-1.380882e-08	-4.468189e+01	-8.207302e+02
2.970000e-06	-6.448808e-06	-1.384266e-08	-4.534102e+01	-8.224338e+02
2.980000e-06	-6.540251e-06	-1.387057e-08	-4.598394e+01	-8.240227e+02
2.990000e-06	-6.629467e-06	-1.389730e-08	-4.661121e+01	-8.256611e+02
3.000000e-06	-6.716305e-06	-1.392446e-08	-4.722176e+01	-8.274050e+02
3.010000e-06	-6.800668e-06	-1.395055e-08	-4.781491e+01	-8.291950e+02
3.020000e-06	-6.882698e-06	-1.397483e-08	-4.839166e+01	-8.308989e+02
3.030000e-06	-6.962315e-06	-1.399869e-08	-4.895144e+01	-8.323823e+02
3.040000e-06	-7.039239e-06	-1.402245e-08	-4.949228e+01	-8.335755e+02
3.050000e-06	-7.113428e-06	-1.404352e-08	-5.001390e+01	-8.345062e+02
3.060000e-06	-7.185018e-06	-1.406099e-08	-5.051725e+01	-8.352863e+02
3.070000e-06	-7.254009e-06	-1.407758e-08	-5.100231e+01	-8.360608e+02
3.080000e-06	-7.320452e-06	-1.409499e-08	-5.146947e+01	-8.369444e+02
3.090000e-06	-7.384417e-06	-1.411128e-08	-5.191920e+01	-8.379728e+02
3.100000e-06	-7.445742e-06	-1.412659e-08	-5.235037e+01	-8.390918e+02
3.110000e-06	-7.504328e-06	-1.414331e-08	-5.276228e+01	-8.401858e+02
3.120000e-06	-7.560189e-06	-1.415867e-08	-5.315504e+01	-8.411328e+02
3.130000e-06	-7.613179e-06	-1.417401e-08	-5.352761e+01	-8.418595e+02
3.140000e-06	-7.663123e-06	-1.418820e-08	-5.387876e+01	-8.423730e+02
3.150000e-06	-7.710015e-06	-1.419862e-08	-5.420845e+01	-8.427551e+02
3.160000e-06	-7.754250e-06	-1.420706e-08	-5.451946e+01	-8.431239e+02
3.170000e-06	-7.796036e-06	-1.421534e-08	-5.481326e+01	-8.435800e+02
3.180000e-06	-7.835069e-06	-1.422458e-08	-5.508770e+01	-8.441632e+02
3.190000e-06	-7.871280e-06	-1.423489e-08	-5.534229e+01	-8.448364e+02
3.200000e-06	-7.904850e-06	-1.424389e-08	-5.557832e+01	-8.455057e+02
3.210000e-06	-7.935611e-06	-1.425285e-08	-5.579460e+01	-8.460642e+02
3.220000e-06	-7.963448e-06	-1.426209e-08	-5.599031e+01	-8.464406e+02
3.230000e-06	-7.988499e-06	-1.427013e-08	-5.616645e+01	-8.466301e+02
3.240000e-06	-8.010642e-06	-1.427446e-08	-5.632214e+01	-8.466945e+02
3.250000e-06	-8.029908e-06	-1.427584e-08	-5.645759e+01	-8.467323e+02
3.260000e-06	-8.046468e-06	-1.427731e-08	-5.657402e+01	-8.468328e+02
3.270000e-06	-8.060004e-06	-1.427967e-08	-5.666919e+01	-8.470358e+02
3.280000e-06	-8.070388e-06	-1.428429e-08	-5.674220e+01	-8.473146e+02
3.290000e-06	-8.077848e-06	-1.428759e-08	-5.679465e+01	-8.475901e+02
3.300000e-06	-8.082428e-06	-1.429253e-08	-5.682685e+01	-8.477684e+02
3.310000e-06	-8.084188e-06	-1.429761e-08	-5.683923e+01	-8.477853e+02
