# Temperatura_=_53.3
# Concentracion g/m^3_=_20000.0
# C_Vs_to_Am_M_A/Vsm_=_59384043850.047264
# pendiente_HvsI_1/m_=_3716.3
# ordenada_HvsI_A/m_=_1297.0
# frecuencia_Hz_=_301725.28507292806

Tiempo_(s)	Campo_(V.s)	Magnetizacion_(V.s)	Campo_(kA/m)	Magnetizacion_(A/m)
0.000000e+00	-8.137145e-06	-1.176236e-08	-5.683589e+01	-6.958821e+02
1.000000e-08	-8.135304e-06	-1.175528e-08	-5.682304e+01	-6.956189e+02
2.000000e-08	-8.130680e-06	-1.175087e-08	-5.679074e+01	-6.955670e+02
3.000000e-08	-8.123463e-06	-1.175164e-08	-5.674033e+01	-6.957026e+02
4.000000e-08	-8.113481e-06	-1.174980e-08	-5.667061e+01	-6.959014e+02
5.000000e-08	-8.100596e-06	-1.174369e-08	-5.658061e+01	-6.959914e+02
6.000000e-08	-8.084717e-06	-1.173890e-08	-5.646970e+01	-6.958273e+02
7.000000e-08	-8.066057e-06	-1.173952e-08	-5.633936e+01	-6.953520e+02
8.000000e-08	-8.044999e-06	-1.173380e-08	-5.619228e+01	-6.946204e+02
9.000000e-08	-8.021176e-06	-1.167218e-08	-5.602589e+01	-6.937747e+02
1.000000e-07	-7.994033e-06	-1.164554e-08	-5.583629e+01	-6.929832e+02
1.100000e-07	-7.963693e-06	-1.168536e-08	-5.562438e+01	-6.923686e+02
1.200000e-07	-7.930488e-06	-1.170052e-08	-5.539245e+01	-6.919570e+02
1.300000e-07	-7.894592e-06	-1.167948e-08	-5.514172e+01	-6.916695e+02
1.400000e-07	-7.856370e-06	-1.167003e-08	-5.487476e+01	-6.913578e+02
1.500000e-07	-7.815993e-06	-1.170671e-08	-5.459273e+01	-6.908699e+02
1.600000e-07	-7.773037e-06	-1.165122e-08	-5.429270e+01	-6.901146e+02
1.700000e-07	-7.727214e-06	-1.162949e-08	-5.397263e+01	-6.890992e+02
1.800000e-07	-7.678644e-06	-1.161571e-08	-5.363339e+01	-6.879234e+02
1.900000e-07	-7.626980e-06	-1.154813e-08	-5.327252e+01	-6.867335e+02
2.000000e-07	-7.572240e-06	-1.158515e-08	-5.289018e+01	-6.856586e+02
2.100000e-07	-7.514784e-06	-1.157282e-08	-5.248886e+01	-6.847548e+02
2.200000e-07	-7.454598e-06	-1.156065e-08	-5.206848e+01	-6.839837e+02
2.300000e-07	-7.391821e-06	-1.153855e-08	-5.163000e+01	-6.832317e+02
2.400000e-07	-7.326289e-06	-1.149305e-08	-5.117227e+01	-6.823618e+02
2.500000e-07	-7.257931e-06	-1.151234e-08	-5.069481e+01	-6.812735e+02
2.600000e-07	-7.186949e-06	-1.146580e-08	-5.019902e+01	-6.799453e+02
2.700000e-07	-7.113240e-06	-1.141623e-08	-4.968418e+01	-6.784402e+02
2.800000e-07	-7.036766e-06	-1.141428e-08	-4.915003e+01	-6.768746e+02
2.900000e-07	-6.957532e-06	-1.143528e-08	-4.859660e+01	-6.753634e+02
3.000000e-07	-6.875689e-06	-1.139997e-08	-4.802495e+01	-6.739685e+02
3.100000e-07	-6.791545e-06	-1.132597e-08	-4.743722e+01	-6.726719e+02
3.200000e-07	-6.705182e-06	-1.131739e-08	-4.683400e+01	-6.713866e+02
3.300000e-07	-6.616465e-06	-1.129022e-08	-4.621433e+01	-6.699979e+02
3.400000e-07	-6.525349e-06	-1.126796e-08	-4.557791e+01	-6.684175e+02
3.500000e-07	-6.431950e-06	-1.123250e-08	-4.492554e+01	-6.666242e+02
3.600000e-07	-6.336174e-06	-1.119914e-08	-4.425657e+01	-6.646733e+02
3.700000e-07	-6.237966e-06	-1.119700e-08	-4.357061e+01	-6.626703e+02
3.800000e-07	-6.137446e-06	-1.117132e-08	-4.286850e+01	-6.607204e+02
3.900000e-07	-6.034732e-06	-1.111485e-08	-4.215108e+01	-6.588790e+02
4.000000e-07	-5.929859e-06	-1.105058e-08	-4.141857e+01	-6.571235e+02
4.100000e-07	-5.822800e-06	-1.104039e-08	-4.067079e+01	-6.553618e+02
4.200000e-07	-5.713656e-06	-1.102286e-08	-3.990844e+01	-6.534729e+02
4.300000e-07	-5.602507e-06	-1.097619e-08	-3.913209e+01	-6.513612e+02
4.400000e-07	-5.489288e-06	-1.092490e-08	-3.834129e+01	-6.490007e+02
4.500000e-07	-5.373886e-06	-1.090277e-08	-3.753523e+01	-6.464477e+02
4.600000e-07	-5.256299e-06	-1.088004e-08	-3.671392e+01	-6.438157e+02
4.700000e-07	-5.136721e-06	-1.081823e-08	-3.587869e+01	-6.412247e+02
4.800000e-07	-5.015302e-06	-1.075256e-08	-3.503062e+01	-6.387456e+02
4.900000e-07	-4.892093e-06	-1.071109e-08	-3.417003e+01	-6.363675e+02
5.000000e-07	-4.767117e-06	-1.069363e-08	-3.329710e+01	-6.340010e+02
5.100000e-07	-4.640414e-06	-1.064752e-08	-3.241212e+01	-6.315187e+02
5.200000e-07	-4.512050e-06	-1.058504e-08	-3.151553e+01	-6.288124e+02
5.300000e-07	-4.382075e-06	-1.053598e-08	-3.060768e+01	-6.258438e+02
5.400000e-07	-4.250473e-06	-1.050528e-08	-2.968847e+01	-6.226622e+02
5.500000e-07	-4.117272e-06	-1.045256e-08	-2.875810e+01	-6.193822e+02
5.600000e-07	-3.982661e-06	-1.037627e-08	-2.781788e+01	-6.161298e+02
5.700000e-07	-3.846654e-06	-1.031986e-08	-2.686791e+01	-6.129810e+02
5.800000e-07	-3.709154e-06	-1.028442e-08	-2.590750e+01	-6.099225e+02
5.900000e-07	-3.570211e-06	-1.023692e-08	-2.493702e+01	-6.068522e+02
6.000000e-07	-3.429874e-06	-1.016269e-08	-2.395680e+01	-6.036222e+02
6.100000e-07	-3.288124e-06	-1.009787e-08	-2.296671e+01	-6.001051e+02
6.200000e-07	-3.144993e-06	-1.004783e-08	-2.196698e+01	-5.962541e+02
6.300000e-07	-3.000610e-06	-9.987768e-09	-2.095850e+01	-5.921284e+02
6.400000e-07	-2.855192e-06	-9.907828e-09	-1.994280e+01	-5.878693e+02
6.500000e-07	-2.708848e-06	-9.832730e-09	-1.892061e+01	-5.836375e+02
6.600000e-07	-2.561509e-06	-9.777054e-09	-1.789149e+01	-5.795363e+02
6.700000e-07	-2.413312e-06	-9.717013e-09	-1.685637e+01	-5.755577e+02
6.800000e-07	-2.264392e-06	-9.632382e-09	-1.581620e+01	-5.715770e+02
6.900000e-07	-2.114688e-06	-9.540629e-09	-1.477056e+01	-5.674011e+02
7.000000e-07	-1.964162e-06	-9.467655e-09	-1.371917e+01	-5.628524e+02
7.100000e-07	-1.812896e-06	-9.397720e-09	-1.266262e+01	-5.578499e+02
7.200000e-07	-1.661050e-06	-9.309694e-09	-1.160202e+01	-5.524516e+02
7.300000e-07	-1.508696e-06	-9.214438e-09	-1.053786e+01	-5.468337e+02
7.400000e-07	-1.355803e-06	-9.131732e-09	-9.469941e+00	-5.412133e+02
7.500000e-07	-1.202321e-06	-9.052098e-09	-8.397908e+00	-5.357448e+02
7.600000e-07	-1.048365e-06	-8.951773e-09	-7.322565e+00	-5.304377e+02
7.700000e-07	-8.940405e-07	-8.837916e-09	-6.244647e+00	-5.251336e+02
7.800000e-07	-7.393583e-07	-8.734994e-09	-5.164230e+00	-5.195585e+02
7.900000e-07	-5.843562e-07	-8.642227e-09	-4.081580e+00	-5.134317e+02
8.000000e-07	-4.291754e-07	-8.534376e-09	-2.997682e+00	-5.065853e+02
8.100000e-07	-2.739603e-07	-8.406264e-09	-1.913543e+00	-4.990388e+02
8.200000e-07	-1.186694e-07	-8.278415e-09	-8.288760e-01	-4.909900e+02
8.300000e-07	3.672269e-08	-8.158516e-09	2.564987e-01	-4.827185e+02
8.400000e-07	1.921339e-07	-8.024762e-09	1.342007e+00	-4.744388e+02
8.500000e-07	3.474781e-07	-7.866679e-09	2.427046e+00	-4.661657e+02
8.600000e-07	5.026956e-07	-7.704584e-09	3.511202e+00	-4.576584e+02
8.700000e-07	6.577648e-07	-7.546983e-09	4.594321e+00	-4.484768e+02
8.800000e-07	8.126529e-07	-7.372097e-09	5.676175e+00	-4.381375e+02
8.900000e-07	9.672660e-07	-7.166506e-09	6.756108e+00	-4.263036e+02
9.000000e-07	1.121500e-06	-6.947937e-09	7.833391e+00	-4.129157e+02
9.100000e-07	1.275250e-06	-6.725577e-09	8.907299e+00	-3.981842e+02
9.200000e-07	1.428492e-06	-6.480478e-09	9.977656e+00	-3.824056e+02
9.300000e-07	1.581190e-06	-6.191232e-09	1.104421e+01	-3.656432e+02
9.400000e-07	1.733236e-06	-5.859604e-09	1.210622e+01	-3.473787e+02
9.500000e-07	1.884598e-06	-5.482851e-09	1.316344e+01	-3.262783e+02
9.600000e-07	2.035278e-06	-5.025927e-09	1.421590e+01	-3.002030e+02
9.700000e-07	2.185313e-06	-4.443169e-09	1.526385e+01	-2.665261e+02
9.800000e-07	2.334657e-06	-3.706383e-09	1.630699e+01	-2.227181e+02
9.900000e-07	2.483144e-06	-2.800438e-09	1.734413e+01	-1.670614e+02
1.000000e-06	2.630706e-06	-1.693346e-09	1.837481e+01	-9.929167e+01
1.010000e-06	2.777400e-06	-3.665771e-10	1.939944e+01	-2.096183e+01
1.020000e-06	2.923161e-06	1.130209e-09	2.041754e+01	6.460758e+01
1.030000e-06	3.067837e-06	2.677850e-09	2.142806e+01	1.528126e+02
1.040000e-06	3.211360e-06	4.152685e-09	2.243054e+01	2.385760e+02
1.050000e-06	3.353694e-06	5.472694e-09	2.342470e+01	3.172757e+02
1.060000e-06	3.494707e-06	6.590104e-09	2.440965e+01	3.855482e+02
1.070000e-06	3.634296e-06	7.489928e-09	2.538464e+01	4.417635e+02
1.080000e-06	3.772472e-06	8.196410e-09	2.634976e+01	4.860670e+02
1.090000e-06	3.909254e-06	8.762916e-09	2.730515e+01	5.200166e+02
1.100000e-06	4.044604e-06	9.225854e-09	2.825054e+01	5.459531e+02
1.110000e-06	4.178492e-06	9.596270e-09	2.918571e+01	5.663100e+02
1.120000e-06	4.310930e-06	9.885268e-09	3.011076e+01	5.830593e+02
1.130000e-06	4.441833e-06	1.011996e-08	3.102508e+01	5.974272e+02
1.140000e-06	4.571156e-06	1.031997e-08	3.192837e+01	6.099071e+02
1.150000e-06	4.698852e-06	1.048031e-08	3.282029e+01	6.205025e+02
1.160000e-06	4.824894e-06	1.059989e-08	3.370067e+01	6.290665e+02
1.170000e-06	4.949297e-06	1.069624e-08	3.456959e+01	6.355942e+02
1.180000e-06	5.071905e-06	1.078646e-08	3.542598e+01	6.403691e+02
1.190000e-06	5.192666e-06	1.086623e-08	3.626946e+01	6.439330e+02
1.200000e-06	5.311584e-06	1.092888e-08	3.710007e+01	6.469243e+02
1.210000e-06	5.428477e-06	1.098204e-08	3.791653e+01	6.498729e+02
1.220000e-06	5.543218e-06	1.103600e-08	3.871797e+01	6.530475e+02
1.230000e-06	5.655807e-06	1.108637e-08	3.950438e+01	6.564159e+02
1.240000e-06	5.766360e-06	1.112610e-08	4.027656e+01	6.597263e+02
1.250000e-06	5.874985e-06	1.115930e-08	4.103528e+01	6.626654e+02
1.260000e-06	5.981516e-06	1.119723e-08	4.177938e+01	6.650205e+02
1.270000e-06	6.085833e-06	1.123929e-08	4.250800e+01	6.667790e+02
1.280000e-06	6.187994e-06	1.127400e-08	4.322157e+01	6.681293e+02
1.290000e-06	6.287933e-06	1.130165e-08	4.391962e+01	6.693708e+02
1.300000e-06	6.385547e-06	1.133150e-08	4.460143e+01	6.707817e+02
1.310000e-06	6.480859e-06	1.136193e-08	4.526716e+01	6.725030e+02
1.320000e-06	6.573971e-06	1.138554e-08	4.591752e+01	6.744900e+02
1.330000e-06	6.664860e-06	1.140396e-08	4.655236e+01	6.765467e+02
1.340000e-06	6.753350e-06	1.142608e-08	4.717044e+01	6.784240e+02
1.350000e-06	6.839419e-06	1.145499e-08	4.777161e+01	6.799355e+02
1.360000e-06	6.923153e-06	1.148203e-08	4.835647e+01	6.810388e+02
1.370000e-06	7.004428e-06	1.150237e-08	4.892415e+01	6.818489e+02
1.380000e-06	7.083169e-06	1.152002e-08	4.947414e+01	6.825818e+02
1.390000e-06	7.159253e-06	1.153994e-08	5.000557e+01	6.834556e+02
1.400000e-06	7.232584e-06	1.155701e-08	5.051777e+01	6.845948e+02
1.410000e-06	7.303305e-06	1.156894e-08	5.101174e+01	6.859790e+02
1.420000e-06	7.371491e-06	1.158113e-08	5.148799e+01	6.874576e+02
1.430000e-06	7.437015e-06	1.159879e-08	5.194567e+01	6.888210e+02
1.440000e-06	7.499858e-06	1.161800e-08	5.238461e+01	6.898956e+02
1.450000e-06	7.560117e-06	1.163246e-08	5.280551e+01	6.906194e+02
1.460000e-06	7.617731e-06	1.164383e-08	5.320792e+01	6.910667e+02
1.470000e-06	7.672587e-06	1.165481e-08	5.359108e+01	6.914124e+02
1.480000e-06	7.724390e-06	1.166431e-08	5.395291e+01	6.918525e+02
1.490000e-06	7.773028e-06	1.166903e-08	5.429263e+01	6.925182e+02
1.500000e-06	7.818828e-06	1.167332e-08	5.461253e+01	6.934197e+02
1.510000e-06	7.861865e-06	1.168415e-08	5.491314e+01	6.944457e+02
1.520000e-06	7.902045e-06	1.169920e-08	5.519378e+01	6.954146e+02
1.530000e-06	7.939522e-06	1.170941e-08	5.545555e+01	6.961563e+02
1.540000e-06	7.974243e-06	1.171457e-08	5.569807e+01	6.965861e+02
1.550000e-06	8.006119e-06	1.171930e-08	5.592071e+01	6.967398e+02
1.560000e-06	8.035274e-06	1.172348e-08	5.612435e+01	6.967550e+02
1.570000e-06	8.061585e-06	1.172404e-08	5.630813e+01	6.968072e+02
1.580000e-06	8.084932e-06	1.172222e-08	5.647120e+01	6.970318e+02
1.590000e-06	8.105516e-06	1.172551e-08	5.661497e+01	6.974644e+02
1.600000e-06	8.123281e-06	1.173327e-08	5.673906e+01	6.980263e+02
1.610000e-06	8.138031e-06	1.173928e-08	5.684208e+01	6.985616e+02
1.620000e-06	8.149634e-06	1.174021e-08	5.692313e+01	6.989068e+02
1.630000e-06	8.158113e-06	1.173867e-08	5.698235e+01	6.989647e+02
1.640000e-06	8.163776e-06	1.173620e-08	5.702191e+01	6.987466e+02
1.650000e-06	8.166581e-06	1.173115e-08	5.704150e+01	6.983681e+02
1.660000e-06	8.166514e-06	1.172458e-08	5.704103e+01	6.979974e+02
1.670000e-06	8.163821e-06	1.172563e-08	5.702222e+01	6.977817e+02
1.680000e-06	8.158382e-06	1.172831e-08	5.698423e+01	6.977821e+02
1.690000e-06	8.150217e-06	1.172795e-08	5.692720e+01	6.979471e+02
1.700000e-06	8.139360e-06	1.172512e-08	5.685137e+01	6.981338e+02
1.710000e-06	8.125570e-06	1.171801e-08	5.675505e+01	6.981702e+02
1.720000e-06	8.109110e-06	1.170595e-08	5.664008e+01	6.979281e+02
1.730000e-06	8.090369e-06	1.168757e-08	5.650918e+01	6.973782e+02
1.740000e-06	8.069050e-06	1.174254e-08	5.636027e+01	6.966013e+02
1.750000e-06	8.044511e-06	1.176954e-08	5.618887e+01	6.957527e+02
1.760000e-06	8.016285e-06	1.170689e-08	5.599172e+01	6.949959e+02
1.770000e-06	7.984565e-06	1.167024e-08	5.577017e+01	6.944328e+02
1.780000e-06	7.950176e-06	1.166857e-08	5.552997e+01	6.940621e+02
1.790000e-06	7.913277e-06	1.162314e-08	5.527224e+01	6.937826e+02
1.800000e-06	7.874011e-06	1.159317e-08	5.499798e+01	6.934385e+02
1.810000e-06	7.832755e-06	1.166707e-08	5.470981e+01	6.928876e+02
1.820000e-06	7.789040e-06	1.158849e-08	5.440447e+01	6.920614e+02
1.830000e-06	7.742574e-06	1.161382e-08	5.407992e+01	6.909925e+02
1.840000e-06	7.693257e-06	1.164592e-08	5.373545e+01	6.897978e+02
1.850000e-06	7.640712e-06	1.156167e-08	5.336844e+01	6.886255e+02
1.860000e-06	7.585258e-06	1.159101e-08	5.298111e+01	6.875905e+02
1.870000e-06	7.527154e-06	1.147939e-08	5.257526e+01	6.867259e+02
1.880000e-06	7.466368e-06	1.152622e-08	5.215069e+01	6.859710e+02
1.890000e-06	7.402874e-06	1.153636e-08	5.170720e+01	6.852007e+02
1.900000e-06	7.336620e-06	1.146004e-08	5.124443e+01	6.842818e+02
1.910000e-06	7.267653e-06	1.151879e-08	5.076272e+01	6.831309e+02
1.920000e-06	7.195771e-06	1.146281e-08	5.026064e+01	6.817485e+02
1.930000e-06	7.121162e-06	1.145440e-08	4.973951e+01	6.802152e+02
1.940000e-06	7.043788e-06	1.138274e-08	4.919907e+01	6.786525e+02
1.950000e-06	6.963715e-06	1.136569e-08	4.863979e+01	6.771663e+02
1.960000e-06	6.881333e-06	1.137714e-08	4.806437e+01	6.757997e+02
1.970000e-06	6.796429e-06	1.133151e-08	4.747134e+01	6.745149e+02
1.980000e-06	6.708995e-06	1.135482e-08	4.686063e+01	6.732132e+02
1.990000e-06	6.619211e-06	1.128341e-08	4.623351e+01	6.717815e+02
2.000000e-06	6.527165e-06	1.127684e-08	4.559059e+01	6.701455e+02
2.010000e-06	6.432770e-06	1.123274e-08	4.493127e+01	6.683038e+02
2.020000e-06	6.336078e-06	1.118905e-08	4.425590e+01	6.663279e+02
2.030000e-06	6.237177e-06	1.116577e-08	4.356510e+01	6.643283e+02
2.040000e-06	6.135885e-06	1.114322e-08	4.285760e+01	6.624020e+02
2.050000e-06	6.032305e-06	1.114606e-08	4.213412e+01	6.605861e+02
2.060000e-06	5.926634e-06	1.109415e-08	4.139604e+01	6.588385e+02
2.070000e-06	5.819019e-06	1.105867e-08	4.064437e+01	6.570551e+02
2.080000e-06	5.709352e-06	1.100315e-08	3.987838e+01	6.551161e+02
2.090000e-06	5.597488e-06	1.097614e-08	3.909703e+01	6.529402e+02
2.100000e-06	5.483445e-06	1.092891e-08	3.830047e+01	6.505222e+02
2.110000e-06	5.367255e-06	1.089848e-08	3.748892e+01	6.479363e+02
2.120000e-06	5.248998e-06	1.086805e-08	3.666292e+01	6.453032e+02
2.130000e-06	5.128768e-06	1.083949e-08	3.582315e+01	6.427352e+02
2.140000e-06	5.006686e-06	1.079317e-08	3.497043e+01	6.402846e+02
2.150000e-06	4.882801e-06	1.073027e-08	3.410513e+01	6.379190e+02
2.160000e-06	4.757137e-06	1.068510e-08	3.322740e+01	6.355346e+02
2.170000e-06	4.629699e-06	1.063740e-08	3.233727e+01	6.330032e+02
2.180000e-06	4.500680e-06	1.060221e-08	3.143611e+01	6.302303e+02
2.190000e-06	4.370135e-06	1.054667e-08	3.052429e+01	6.271994e+02
2.200000e-06	4.238004e-06	1.050909e-08	2.960139e+01	6.239797e+02
2.210000e-06	4.104356e-06	1.046077e-08	2.866789e+01	6.206946e+02
2.220000e-06	3.969199e-06	1.040925e-08	2.772385e+01	6.174629e+02
2.230000e-06	3.832493e-06	1.034492e-08	2.676900e+01	6.143406e+02
2.240000e-06	3.694317e-06	1.028527e-08	2.580387e+01	6.112903e+02
2.250000e-06	3.554864e-06	1.023431e-08	2.482983e+01	6.081931e+02
2.260000e-06	3.414111e-06	1.017416e-08	2.384670e+01	6.048998e+02
2.270000e-06	3.272070e-06	1.011206e-08	2.285458e+01	6.012983e+02
2.280000e-06	3.128803e-06	1.004529e-08	2.185390e+01	5.973680e+02
2.290000e-06	2.984373e-06	9.986467e-09	2.084509e+01	5.931924e+02
2.300000e-06	2.838859e-06	9.922039e-09	1.982871e+01	5.889249e+02
2.310000e-06	2.692357e-06	9.851142e-09	1.880544e+01	5.847186e+02
2.320000e-06	2.544971e-06	9.778182e-09	1.777598e+01	5.806525e+02
2.330000e-06	2.396724e-06	9.710981e-09	1.674051e+01	5.766877e+02
2.340000e-06	2.247610e-06	9.641006e-09	1.569899e+01	5.726761e+02
2.350000e-06	2.097649e-06	9.562475e-09	1.465155e+01	5.684199e+02
2.360000e-06	1.946953e-06	9.478363e-09	1.359897e+01	5.637589e+02
2.370000e-06	1.795591e-06	9.395787e-09	1.254175e+01	5.586454e+02
2.380000e-06	1.643580e-06	9.311661e-09	1.147999e+01	5.531712e+02
2.390000e-06	1.490928e-06	9.223070e-09	1.041375e+01	5.475319e+02
2.400000e-06	1.337719e-06	9.131799e-09	9.343630e+00	5.419383e+02
2.410000e-06	1.184096e-06	9.042377e-09	8.270612e+00	5.365149e+02
2.420000e-06	1.030092e-06	8.951277e-09	7.194931e+00	5.312282e+02
2.430000e-06	8.757287e-07	8.851658e-09	6.116743e+00	5.258832e+02
2.440000e-06	7.210467e-07	8.743565e-09	5.036329e+00	5.201927e+02
2.450000e-06	5.660792e-07	8.631232e-09	3.953920e+00	5.138940e+02
2.460000e-06	4.108991e-07	8.518589e-09	2.870026e+00	5.068618e+02
2.470000e-06	2.555842e-07	8.397824e-09	1.785191e+00	4.991645e+02
2.480000e-06	1.002160e-07	8.271730e-09	6.999831e-01	4.910325e+02
2.490000e-06	-5.516095e-08	8.141514e-09	-3.852853e-01	4.827436e+02
2.500000e-06	-2.104927e-07	8.005344e-09	-1.470238e+00	4.744728e+02
2.510000e-06	-3.656899e-07	7.857377e-09	-2.554251e+00	4.661722e+02
2.520000e-06	-5.207498e-07	7.693184e-09	-3.637306e+00	4.575412e+02
2.530000e-06	-6.756203e-07	7.518194e-09	-4.719037e+00	4.481118e+02
2.540000e-06	-8.301868e-07	7.335564e-09	-5.798644e+00	4.374198e+02
2.550000e-06	-9.843867e-07	7.141315e-09	-6.875692e+00	4.251897e+02
2.560000e-06	-1.138234e-06	6.927801e-09	-7.950275e+00	4.114372e+02
2.570000e-06	-1.291737e-06	6.695723e-09	-9.022458e+00	3.964179e+02
2.580000e-06	-1.444826e-06	6.442180e-09	-1.009174e+01	3.804034e+02
2.590000e-06	-1.597368e-06	6.154256e-09	-1.115721e+01	3.633422e+02
2.600000e-06	-1.749259e-06	5.818573e-09	-1.221813e+01	3.445265e+02
2.610000e-06	-1.900457e-06	5.422381e-09	-1.327421e+01	3.224085e+02
2.620000e-06	-2.050954e-06	4.946521e-09	-1.432539e+01	2.946858e+02
2.630000e-06	-2.200745e-06	4.355504e-09	-1.537165e+01	2.586928e+02
2.640000e-06	-2.349741e-06	3.606960e-09	-1.641234e+01	2.120351e+02
2.650000e-06	-2.497874e-06	2.666493e-09	-1.744702e+01	1.533061e+02
2.660000e-06	-2.645130e-06	1.513914e-09	-1.847556e+01	8.267621e+01
2.670000e-06	-2.791487e-06	1.614085e-10	-1.949783e+01	2.162499e+00
2.680000e-06	-2.936896e-06	-1.336606e-09	-2.051347e+01	-8.453272e+01
2.690000e-06	-3.081231e-06	-2.873454e-09	-2.152162e+01	-1.726025e+02
2.700000e-06	-3.224413e-06	-4.326484e-09	-2.252171e+01	-2.569971e+02
2.710000e-06	-3.366353e-06	-5.603516e-09	-2.351313e+01	-3.333437e+02
2.720000e-06	-3.506947e-06	-6.668657e-09	-2.449514e+01	-3.986839e+02
2.730000e-06	-3.646204e-06	-7.534319e-09	-2.546781e+01	-4.518447e+02
2.740000e-06	-3.784113e-06	-8.226871e-09	-2.643107e+01	-4.933724e+02
2.750000e-06	-3.920619e-06	-8.777883e-09	-2.738453e+01	-5.250854e+02
2.760000e-06	-4.055660e-06	-9.216863e-09	-2.832776e+01	-5.494104e+02
2.770000e-06	-4.189213e-06	-9.569785e-09	-2.926059e+01	-5.687083e+02
2.780000e-06	-4.321261e-06	-9.853666e-09	-3.018291e+01	-5.847795e+02
2.790000e-06	-4.451799e-06	-1.008054e-08	-3.109469e+01	-5.986549e+02
2.800000e-06	-4.580796e-06	-1.026256e-08	-3.199570e+01	-6.106763e+02
2.810000e-06	-4.708172e-06	-1.041242e-08	-3.288539e+01	-6.207774e+02
2.820000e-06	-4.833843e-06	-1.053920e-08	-3.376317e+01	-6.288239e+02
2.830000e-06	-4.957775e-06	-1.064336e-08	-3.462880e+01	-6.348761e+02
2.840000e-06	-5.079974e-06	-1.072799e-08	-3.548233e+01	-6.392913e+02
2.850000e-06	-5.200324e-06	-1.080087e-08	-3.632295e+01	-6.426543e+02
2.860000e-06	-5.318703e-06	-1.086639e-08	-3.714979e+01	-6.455947e+02
2.870000e-06	-5.434939e-06	-1.092317e-08	-3.796167e+01	-6.485879e+02
2.880000e-06	-5.548920e-06	-1.097055e-08	-3.875780e+01	-6.518260e+02
2.890000e-06	-5.660644e-06	-1.101348e-08	-3.953816e+01	-6.552101e+02
2.900000e-06	-5.770232e-06	-1.105573e-08	-4.030361e+01	-6.584568e+02
2.910000e-06	-5.877852e-06	-1.109620e-08	-4.105531e+01	-6.612642e+02
2.920000e-06	-5.983566e-06	-1.113288e-08	-4.179370e+01	-6.634639e+02
2.930000e-06	-6.087191e-06	-1.116719e-08	-4.251749e+01	-6.650975e+02
2.940000e-06	-6.188483e-06	-1.120094e-08	-4.322499e+01	-6.663922e+02
2.950000e-06	-6.287522e-06	-1.123318e-08	-4.391675e+01	-6.676549e+02
2.960000e-06	-6.384409e-06	-1.126105e-08	-4.459348e+01	-6.691384e+02
2.970000e-06	-6.479081e-06	-1.128668e-08	-4.525474e+01	-6.709387e+02
2.980000e-06	-6.571417e-06	-1.131352e-08	-4.589968e+01	-6.729667e+02
2.990000e-06	-6.661434e-06	-1.133968e-08	-4.652843e+01	-6.750025e+02
3.000000e-06	-6.749150e-06	-1.136313e-08	-4.714110e+01	-6.768024e+02
3.010000e-06	-6.834436e-06	-1.138584e-08	-4.773681e+01	-6.782105e+02
3.020000e-06	-6.917270e-06	-1.140981e-08	-4.831538e+01	-6.792255e+02
3.030000e-06	-6.997700e-06	-1.143228e-08	-4.887716e+01	-6.799953e+02
3.040000e-06	-7.075505e-06	-1.145119e-08	-4.942061e+01	-6.807464e+02
3.050000e-06	-7.150534e-06	-1.147013e-08	-4.994467e+01	-6.816814e+02
3.060000e-06	-7.222932e-06	-1.149135e-08	-5.045035e+01	-6.828908e+02
3.070000e-06	-7.292692e-06	-1.151173e-08	-5.093760e+01	-6.843177e+02
3.080000e-06	-7.359849e-06	-1.152935e-08	-5.140668e+01	-6.857886e+02
3.090000e-06	-7.424495e-06	-1.154674e-08	-5.185822e+01	-6.870939e+02
3.100000e-06	-7.486510e-06	-1.156570e-08	-5.229138e+01	-6.880824e+02
3.110000e-06	-7.545765e-06	-1.158309e-08	-5.270526e+01	-6.887263e+02
3.120000e-06	-7.602311e-06	-1.159656e-08	-5.310021e+01	-6.891306e+02
3.130000e-06	-7.656033e-06	-1.160868e-08	-5.347545e+01	-6.894839e+02
3.140000e-06	-7.706688e-06	-1.162395e-08	-5.382927e+01	-6.899735e+02
3.150000e-06	-7.754248e-06	-1.164047e-08	-5.416146e+01	-6.907035e+02
3.160000e-06	-7.799043e-06	-1.165314e-08	-5.447434e+01	-6.916518e+02
3.170000e-06	-7.841398e-06	-1.166391e-08	-5.477018e+01	-6.926827e+02
3.180000e-06	-7.881147e-06	-1.167602e-08	-5.504782e+01	-6.936097e+02
3.190000e-06	-7.918082e-06	-1.168836e-08	-5.530580e+01	-6.942780e+02
3.200000e-06	-7.952244e-06	-1.169820e-08	-5.554441e+01	-6.946319e+02
3.210000e-06	-7.983561e-06	-1.170578e-08	-5.576315e+01	-6.947365e+02
3.220000e-06	-8.011930e-06	-1.171611e-08	-5.596130e+01	-6.947459e+02
3.230000e-06	-8.037458e-06	-1.172727e-08	-5.613961e+01	-6.948329e+02
3.240000e-06	-8.060144e-06	-1.173389e-08	-5.629806e+01	-6.951120e+02
3.250000e-06	-8.079962e-06	-1.173656e-08	-5.643649e+01	-6.955895e+02
3.260000e-06	-8.096999e-06	-1.173871e-08	-5.655549e+01	-6.961622e+02
3.270000e-06	-8.111010e-06	-1.174323e-08	-5.665335e+01	-6.966650e+02
3.280000e-06	-8.121855e-06	-1.174816e-08	-5.672910e+01	-6.969448e+02
3.290000e-06	-8.129767e-06	-1.175115e-08	-5.678436e+01	-6.969293e+02
3.300000e-06	-8.134767e-06	-1.175464e-08	-5.681929e+01	-6.966583e+02
3.310000e-06	-8.136929e-06	-1.175998e-08	-5.683439e+01	-6.962666e+02
