# Temperatura_=_59.86
# Concentracion g/m^3_=_20000.0
# C_Vs_to_Am_M_A/Vsm_=_59384043850.047264
# pendiente_HvsI_1/m_=_3716.3
# ordenada_HvsI_A/m_=_1297.0
# frecuencia_Hz_=_301714.5807847541

Tiempo_(s)	Campo_(V.s)	Magnetizacion_(V.s)	Campo_(kA/m)	Magnetizacion_(A/m)
0.000000e+00	-8.086384e-06	-1.233346e-08	-5.683758e+01	-7.303139e+02
1.000000e-08	-8.084040e-06	-1.232679e-08	-5.682111e+01	-7.299475e+02
2.000000e-08	-8.078921e-06	-1.232282e-08	-5.678512e+01	-7.297269e+02
3.000000e-08	-8.071233e-06	-1.232190e-08	-5.673109e+01	-7.297064e+02
4.000000e-08	-8.060774e-06	-1.232164e-08	-5.665757e+01	-7.298343e+02
5.000000e-08	-8.047331e-06	-1.231910e-08	-5.656308e+01	-7.299760e+02
6.000000e-08	-8.030929e-06	-1.231849e-08	-5.644780e+01	-7.299731e+02
7.000000e-08	-8.011952e-06	-1.232555e-08	-5.631441e+01	-7.297140e+02
8.000000e-08	-7.990599e-06	-1.230430e-08	-5.616432e+01	-7.291824e+02
9.000000e-08	-7.966246e-06	-1.224502e-08	-5.599315e+01	-7.284648e+02
1.000000e-07	-7.938512e-06	-1.223946e-08	-5.579822e+01	-7.277119e+02
1.100000e-07	-7.907739e-06	-1.227717e-08	-5.558192e+01	-7.270723e+02
1.200000e-07	-7.874182e-06	-1.228343e-08	-5.534606e+01	-7.266269e+02
1.300000e-07	-7.838011e-06	-1.226538e-08	-5.509181e+01	-7.263534e+02
1.400000e-07	-7.799603e-06	-1.228501e-08	-5.482185e+01	-7.261363e+02
1.500000e-07	-7.759001e-06	-1.228881e-08	-5.453646e+01	-7.258176e+02
1.600000e-07	-7.715724e-06	-1.222229e-08	-5.423228e+01	-7.252659e+02
1.700000e-07	-7.669611e-06	-1.223566e-08	-5.390816e+01	-7.244342e+02
1.800000e-07	-7.620821e-06	-1.218960e-08	-5.356523e+01	-7.233796e+02
1.900000e-07	-7.568971e-06	-1.215082e-08	-5.320079e+01	-7.222376e+02
2.000000e-07	-7.514097e-06	-1.218804e-08	-5.281508e+01	-7.211622e+02
2.100000e-07	-7.456497e-06	-1.216621e-08	-5.241023e+01	-7.202576e+02
2.200000e-07	-7.396174e-06	-1.217635e-08	-5.198623e+01	-7.195326e+02
2.300000e-07	-7.333222e-06	-1.213460e-08	-5.154375e+01	-7.188964e+02
2.400000e-07	-7.267509e-06	-1.211867e-08	-5.108187e+01	-7.181994e+02
2.500000e-07	-7.199060e-06	-1.211642e-08	-5.060076e+01	-7.172993e+02
2.600000e-07	-7.128033e-06	-1.206358e-08	-5.010152e+01	-7.161234e+02
2.700000e-07	-7.054317e-06	-1.203933e-08	-4.958338e+01	-7.147015e+02
2.800000e-07	-6.977807e-06	-1.203689e-08	-4.904561e+01	-7.131523e+02
2.900000e-07	-6.898514e-06	-1.204109e-08	-4.848828e+01	-7.116313e+02
3.000000e-07	-6.816571e-06	-1.199743e-08	-4.791231e+01	-7.102624e+02
3.100000e-07	-6.732305e-06	-1.196361e-08	-4.732003e+01	-7.090834e+02
3.200000e-07	-6.645851e-06	-1.194425e-08	-4.671236e+01	-7.080297e+02
3.300000e-07	-6.557110e-06	-1.191834e-08	-4.608862e+01	-7.069632e+02
3.400000e-07	-6.465997e-06	-1.190820e-08	-4.544820e+01	-7.057332e+02
3.500000e-07	-6.372579e-06	-1.186988e-08	-4.479159e+01	-7.042430e+02
3.600000e-07	-6.276894e-06	-1.184075e-08	-4.411903e+01	-7.024920e+02
3.700000e-07	-6.178826e-06	-1.183136e-08	-4.342973e+01	-7.005746e+02
3.800000e-07	-6.078477e-06	-1.180575e-08	-4.272440e+01	-6.986366e+02
3.900000e-07	-5.975939e-06	-1.175186e-08	-4.200368e+01	-6.968086e+02
4.000000e-07	-5.871214e-06	-1.170938e-08	-4.126759e+01	-6.951457e+02
4.100000e-07	-5.764308e-06	-1.170167e-08	-4.051617e+01	-6.936010e+02
4.200000e-07	-5.655351e-06	-1.168008e-08	-3.975033e+01	-6.920446e+02
4.300000e-07	-5.544467e-06	-1.163652e-08	-3.897095e+01	-6.903210e+02
4.400000e-07	-5.431551e-06	-1.159336e-08	-3.817728e+01	-6.883182e+02
4.500000e-07	-5.316482e-06	-1.156998e-08	-3.736849e+01	-6.860188e+02
4.600000e-07	-5.199250e-06	-1.153842e-08	-3.654449e+01	-6.835086e+02
4.700000e-07	-5.080042e-06	-1.148455e-08	-3.570660e+01	-6.809403e+02
4.800000e-07	-4.959082e-06	-1.143273e-08	-3.485640e+01	-6.784653e+02
4.900000e-07	-4.836344e-06	-1.139986e-08	-3.399370e+01	-6.761661e+02
5.000000e-07	-4.711754e-06	-1.137446e-08	-3.311797e+01	-6.740182e+02
5.100000e-07	-4.585486e-06	-1.132965e-08	-3.223046e+01	-6.718990e+02
5.200000e-07	-4.457657e-06	-1.127467e-08	-3.133198e+01	-6.696412e+02
5.300000e-07	-4.328255e-06	-1.123273e-08	-3.042244e+01	-6.671062e+02
5.400000e-07	-4.197213e-06	-1.119980e-08	-2.950137e+01	-6.642458e+02
5.500000e-07	-4.064552e-06	-1.114669e-08	-2.856893e+01	-6.611230e+02
5.600000e-07	-3.930463e-06	-1.108007e-08	-2.762644e+01	-6.578832e+02
5.700000e-07	-3.794942e-06	-1.103065e-08	-2.667389e+01	-6.546865e+02
5.800000e-07	-3.658003e-06	-1.099500e-08	-2.571137e+01	-6.516325e+02
5.900000e-07	-3.519690e-06	-1.094475e-08	-2.473920e+01	-6.487106e+02
6.000000e-07	-3.380008e-06	-1.087732e-08	-2.375740e+01	-6.457997e+02
6.100000e-07	-3.238949e-06	-1.081928e-08	-2.276593e+01	-6.427192e+02
6.200000e-07	-3.096552e-06	-1.077333e-08	-2.176504e+01	-6.393085e+02
6.300000e-07	-2.952946e-06	-1.071365e-08	-2.075567e+01	-6.355008e+02
6.400000e-07	-2.808231e-06	-1.063533e-08	-1.973849e+01	-6.313560e+02
6.500000e-07	-2.662500e-06	-1.056221e-08	-1.871418e+01	-6.270376e+02
6.600000e-07	-2.515730e-06	-1.050536e-08	-1.768257e+01	-6.227400e+02
6.700000e-07	-2.368107e-06	-1.044366e-08	-1.664495e+01	-6.186000e+02
6.800000e-07	-2.219854e-06	-1.036448e-08	-1.560291e+01	-6.146294e+02
6.900000e-07	-2.070879e-06	-1.028428e-08	-1.455579e+01	-6.107028e+02
7.000000e-07	-1.921111e-06	-1.021753e-08	-1.350310e+01	-6.066070e+02
7.100000e-07	-1.770683e-06	-1.014801e-08	-1.244578e+01	-6.021323e+02
7.200000e-07	-1.619702e-06	-1.005891e-08	-1.138456e+01	-5.971664e+02
7.300000e-07	-1.468159e-06	-9.965927e-09	-1.031940e+01	-5.917465e+02
7.400000e-07	-1.316095e-06	-9.884044e-09	-9.250570e+00	-5.860454e+02
7.500000e-07	-1.163547e-06	-9.803425e-09	-8.178341e+00	-5.802922e+02
7.600000e-07	-1.010573e-06	-9.705070e-09	-7.103118e+00	-5.746623e+02
7.700000e-07	-8.573013e-07	-9.597414e-09	-6.025799e+00	-5.691846e+02
7.800000e-07	-7.037138e-07	-9.498747e-09	-4.946264e+00	-5.637099e+02
7.900000e-07	-5.497773e-07	-9.403924e-09	-3.864275e+00	-5.579588e+02
8.000000e-07	-3.956336e-07	-9.292699e-09	-2.780829e+00	-5.516316e+02
8.100000e-07	-2.413560e-07	-9.164947e-09	-1.696443e+00	-5.445343e+02
8.200000e-07	-8.697837e-08	-9.040500e-09	-6.113536e-01	-5.366619e+02
8.300000e-07	6.745132e-08	-8.920336e-09	4.741018e-01	-5.281971e+02
8.400000e-07	2.218622e-07	-8.784525e-09	1.559425e+00	-5.194182e+02
8.500000e-07	3.761249e-07	-8.627377e-09	2.643707e+00	-5.105523e+02
8.600000e-07	5.301849e-07	-8.468308e-09	3.726564e+00	-5.016358e+02
8.700000e-07	6.840462e-07	-8.309626e-09	4.808024e+00	-4.924505e+02
8.800000e-07	8.376932e-07	-8.131752e-09	5.887978e+00	-4.825710e+02
8.900000e-07	9.910608e-07	-7.929472e-09	6.965969e+00	-4.715113e+02
9.000000e-07	1.144062e-06	-7.717245e-09	8.041385e+00	-4.589074e+02
9.100000e-07	1.296652e-06	-7.498795e-09	9.113908e+00	-4.446449e+02
9.200000e-07	1.448728e-06	-7.253084e-09	1.018282e+01	-4.288516e+02
9.300000e-07	1.600246e-06	-6.968524e-09	1.124781e+01	-4.117202e+02
9.400000e-07	1.751235e-06	-6.649091e-09	1.230908e+01	-3.932021e+02
9.500000e-07	1.901624e-06	-6.289970e-09	1.336613e+01	-3.726772e+02
9.600000e-07	2.051340e-06	-5.862342e-09	1.441846e+01	-3.487419e+02
9.700000e-07	2.200371e-06	-5.329636e-09	1.546597e+01	-3.192403e+02
9.800000e-07	2.348654e-06	-4.672003e-09	1.650822e+01	-2.815953e+02
9.900000e-07	2.496090e-06	-3.870554e-09	1.754452e+01	-2.333953e+02
1.000000e-06	2.642619e-06	-2.885339e-09	1.857444e+01	-1.730968e+02
1.010000e-06	2.788202e-06	-1.679161e-09	1.959772e+01	-1.006391e+02
1.020000e-06	2.932769e-06	-2.637824e-10	2.061385e+01	-1.777344e+01
1.030000e-06	3.076289e-06	1.291456e-09	2.162262e+01	7.202172e+01
1.040000e-06	3.218693e-06	2.884532e-09	2.262355e+01	1.640508e+02
1.050000e-06	3.359878e-06	4.413075e-09	2.361591e+01	2.532207e+02
1.060000e-06	3.499759e-06	5.780280e-09	2.459911e+01	3.349594e+02
1.070000e-06	3.638239e-06	6.927564e-09	2.557245e+01	4.059945e+02
1.080000e-06	3.775317e-06	7.857787e-09	2.653595e+01	4.647928e+02
1.090000e-06	3.910975e-06	8.615020e-09	2.748946e+01	5.115715e+02
1.100000e-06	4.045243e-06	9.236539e-09	2.843320e+01	5.479146e+02
1.110000e-06	4.178149e-06	9.736412e-09	2.936737e+01	5.761403e+02
1.120000e-06	4.309513e-06	1.013277e-08	3.029071e+01	5.986240e+02
1.130000e-06	4.439253e-06	1.045535e-08	3.120262e+01	6.172686e+02
1.140000e-06	4.567412e-06	1.072415e-08	3.210343e+01	6.332455e+02
1.150000e-06	4.693993e-06	1.093865e-08	3.299314e+01	6.470262e+02
1.160000e-06	4.818967e-06	1.110310e-08	3.387156e+01	6.586308e+02
1.170000e-06	4.942222e-06	1.123817e-08	3.473789e+01	6.679582e+02
1.180000e-06	5.063671e-06	1.135794e-08	3.559153e+01	6.750626e+02
1.190000e-06	5.183301e-06	1.145576e-08	3.643239e+01	6.802796e+02
1.200000e-06	5.301008e-06	1.153144e-08	3.725973e+01	6.841837e+02
1.210000e-06	5.416604e-06	1.159684e-08	3.807223e+01	6.874228e+02
1.220000e-06	5.530074e-06	1.165885e-08	3.886978e+01	6.905206e+02
1.230000e-06	5.641539e-06	1.171309e-08	3.965325e+01	6.937365e+02
1.240000e-06	5.751102e-06	1.175509e-08	4.042335e+01	6.970397e+02
1.250000e-06	5.858658e-06	1.179140e-08	4.117933e+01	7.001969e+02
1.260000e-06	5.964050e-06	1.183132e-08	4.192012e+01	7.029287e+02
1.270000e-06	6.067292e-06	1.187066e-08	4.264578e+01	7.050622e+02
1.280000e-06	6.168393e-06	1.190140e-08	4.335640e+01	7.066179e+02
1.290000e-06	6.267281e-06	1.192782e-08	4.405146e+01	7.077991e+02
1.300000e-06	6.363863e-06	1.195725e-08	4.473032e+01	7.088996e+02
1.310000e-06	6.458156e-06	1.198572e-08	4.539309e+01	7.101758e+02
1.320000e-06	6.550264e-06	1.200662e-08	4.604050e+01	7.117419e+02
1.330000e-06	6.640100e-06	1.202369e-08	4.667193e+01	7.135341e+02
1.340000e-06	6.727543e-06	1.204469e-08	4.728656e+01	7.153535e+02
1.350000e-06	6.812693e-06	1.206907e-08	4.788506e+01	7.169663e+02
1.360000e-06	6.895475e-06	1.208923e-08	4.846692e+01	7.182121e+02
1.370000e-06	6.975758e-06	1.210485e-08	4.903121e+01	7.190747e+02
1.380000e-06	7.053450e-06	1.212130e-08	4.957729e+01	7.196847e+02
1.390000e-06	7.128413e-06	1.214036e-08	5.010419e+01	7.202572e+02
1.400000e-06	7.200716e-06	1.215659e-08	5.061239e+01	7.209944e+02
1.410000e-06	7.270529e-06	1.216775e-08	5.110309e+01	7.219977e+02
1.420000e-06	7.337735e-06	1.217883e-08	5.157548e+01	7.232275e+02
1.430000e-06	7.402264e-06	1.219299e-08	5.202904e+01	7.245263e+02
1.440000e-06	7.464279e-06	1.220639e-08	5.246492e+01	7.256923e+02
1.450000e-06	7.523715e-06	1.221525e-08	5.288269e+01	7.265696e+02
1.460000e-06	7.580450e-06	1.222390e-08	5.328147e+01	7.271155e+02
1.470000e-06	7.634378e-06	1.223528e-08	5.366052e+01	7.274143e+02
1.480000e-06	7.685186e-06	1.224716e-08	5.401763e+01	7.276361e+02
1.490000e-06	7.732926e-06	1.225460e-08	5.435319e+01	7.279590e+02
1.500000e-06	7.777949e-06	1.226007e-08	5.466965e+01	7.284908e+02
1.510000e-06	7.820178e-06	1.226776e-08	5.496647e+01	7.292246e+02
1.520000e-06	7.859560e-06	1.227538e-08	5.524327e+01	7.300470e+02
1.530000e-06	7.896250e-06	1.227941e-08	5.550117e+01	7.307936e+02
1.540000e-06	7.930192e-06	1.228100e-08	5.573974e+01	7.313247e+02
1.550000e-06	7.961318e-06	1.228618e-08	5.595851e+01	7.315884e+02
1.560000e-06	7.989750e-06	1.229373e-08	5.615835e+01	7.316425e+02
1.570000e-06	8.015316e-06	1.229974e-08	5.633806e+01	7.316254e+02
1.580000e-06	8.037970e-06	1.230315e-08	5.649729e+01	7.316920e+02
1.590000e-06	8.057973e-06	1.230697e-08	5.663789e+01	7.319425e+02
1.600000e-06	8.075147e-06	1.231138e-08	5.675859e+01	7.323764e+02
1.610000e-06	8.089255e-06	1.231255e-08	5.685775e+01	7.328930e+02
1.620000e-06	8.100213e-06	1.230956e-08	5.693478e+01	7.333362e+02
1.630000e-06	8.108100e-06	1.230689e-08	5.699021e+01	7.335647e+02
1.640000e-06	8.113169e-06	1.230733e-08	5.702585e+01	7.335148e+02
1.650000e-06	8.115396e-06	1.230658e-08	5.704150e+01	7.332295e+02
1.660000e-06	8.114797e-06	1.230723e-08	5.703729e+01	7.328385e+02
1.670000e-06	8.111592e-06	1.230796e-08	5.701476e+01	7.325011e+02
1.680000e-06	8.105695e-06	1.230696e-08	5.697331e+01	7.323353e+02
1.690000e-06	8.097103e-06	1.230382e-08	5.691292e+01	7.323655e+02
1.700000e-06	8.085744e-06	1.229729e-08	5.683308e+01	7.325120e+02
1.710000e-06	8.071500e-06	1.228848e-08	5.673296e+01	7.326263e+02
1.720000e-06	8.054684e-06	1.227347e-08	5.661476e+01	7.325566e+02
1.730000e-06	8.035559e-06	1.227607e-08	5.648034e+01	7.322151e+02
1.740000e-06	8.013801e-06	1.233469e-08	5.632741e+01	7.316162e+02
1.750000e-06	7.988691e-06	1.233911e-08	5.615091e+01	7.308704e+02
1.760000e-06	7.959901e-06	1.228215e-08	5.594855e+01	7.301352e+02
1.770000e-06	7.927837e-06	1.225895e-08	5.572318e+01	7.295456e+02
1.780000e-06	7.893169e-06	1.224560e-08	5.547951e+01	7.291548e+02
1.790000e-06	7.855968e-06	1.218474e-08	5.521803e+01	7.289109e+02
1.800000e-06	7.816550e-06	1.221888e-08	5.494097e+01	7.286796e+02
1.810000e-06	7.775162e-06	1.223432e-08	5.465006e+01	7.283034e+02
1.820000e-06	7.731183e-06	1.217203e-08	5.434094e+01	7.276705e+02
1.830000e-06	7.684443e-06	1.224742e-08	5.401242e+01	7.267636e+02
1.840000e-06	7.634840e-06	1.221557e-08	5.366377e+01	7.256666e+02
1.850000e-06	7.582084e-06	1.219497e-08	5.329295e+01	7.245275e+02
1.860000e-06	7.526467e-06	1.216894e-08	5.290204e+01	7.234925e+02
1.870000e-06	7.468174e-06	1.209758e-08	5.249230e+01	7.226416e+02
1.880000e-06	7.407265e-06	1.216530e-08	5.206419e+01	7.219533e+02
1.890000e-06	7.343658e-06	1.211943e-08	5.161710e+01	7.213146e+02
1.900000e-06	7.277299e-06	1.210501e-08	5.115068e+01	7.205707e+02
1.910000e-06	7.208237e-06	1.211716e-08	5.066526e+01	7.195935e+02
1.920000e-06	7.136286e-06	1.207505e-08	5.015953e+01	7.183383e+02
1.930000e-06	7.061637e-06	1.207353e-08	4.963484e+01	7.168637e+02
1.940000e-06	6.984309e-06	1.201055e-08	4.909132e+01	7.153053e+02
1.950000e-06	6.904359e-06	1.200646e-08	4.852936e+01	7.138167e+02
1.960000e-06	6.822036e-06	1.198796e-08	4.795073e+01	7.125013e+02
1.970000e-06	6.737244e-06	1.198269e-08	4.735474e+01	7.113674e+02
1.980000e-06	6.649914e-06	1.197192e-08	4.674091e+01	7.103246e+02
1.990000e-06	6.560162e-06	1.191042e-08	4.611007e+01	7.092240e+02
2.000000e-06	6.468184e-06	1.191312e-08	4.546357e+01	7.079244e+02
2.010000e-06	6.373889e-06	1.187604e-08	4.480079e+01	7.063538e+02
2.020000e-06	6.277321e-06	1.184902e-08	4.412203e+01	7.045408e+02
2.030000e-06	6.178610e-06	1.181594e-08	4.342822e+01	7.026005e+02
2.040000e-06	6.077612e-06	1.180721e-08	4.271832e+01	7.006816e+02
2.050000e-06	5.974279e-06	1.179437e-08	4.199201e+01	6.988981e+02
2.060000e-06	5.868785e-06	1.175016e-08	4.125052e+01	6.972767e+02
2.070000e-06	5.761349e-06	1.170958e-08	4.049537e+01	6.957428e+02
2.080000e-06	5.651878e-06	1.166597e-08	3.972592e+01	6.941524e+02
2.090000e-06	5.540319e-06	1.164497e-08	3.894180e+01	6.923556e+02
2.100000e-06	5.426648e-06	1.160950e-08	3.814282e+01	6.902636e+02
2.110000e-06	5.310872e-06	1.158218e-08	3.732906e+01	6.878898e+02
2.120000e-06	5.193009e-06	1.154747e-08	3.650062e+01	6.853447e+02
2.130000e-06	5.073118e-06	1.151933e-08	3.565793e+01	6.827880e+02
2.140000e-06	4.951401e-06	1.147067e-08	3.480241e+01	6.803577e+02
2.150000e-06	4.827945e-06	1.141552e-08	3.393466e+01	6.781077e+02
2.160000e-06	4.702783e-06	1.137119e-08	3.305492e+01	6.759824e+02
2.170000e-06	4.575851e-06	1.133834e-08	3.216274e+01	6.738393e+02
2.180000e-06	4.447293e-06	1.130682e-08	3.125913e+01	6.715120e+02
2.190000e-06	4.317225e-06	1.125872e-08	3.034491e+01	6.688826e+02
2.200000e-06	4.185671e-06	1.121788e-08	2.942024e+01	6.659348e+02
2.210000e-06	4.052665e-06	1.117246e-08	2.848537e+01	6.627602e+02
2.220000e-06	3.918123e-06	1.112401e-08	2.753970e+01	6.595162e+02
2.230000e-06	3.782050e-06	1.106252e-08	2.658327e+01	6.563530e+02
2.240000e-06	3.644601e-06	1.100638e-08	2.561717e+01	6.533417e+02
2.250000e-06	3.505843e-06	1.095657e-08	2.464187e+01	6.504377e+02
2.260000e-06	3.365819e-06	1.090334e-08	2.365767e+01	6.474961e+02
2.270000e-06	3.224513e-06	1.084113e-08	2.266446e+01	6.443333e+02
2.280000e-06	3.081848e-06	1.077736e-08	2.166169e+01	6.408092e+02
2.290000e-06	2.937988e-06	1.072206e-08	2.065053e+01	6.368921e+02
2.300000e-06	2.793086e-06	1.066572e-08	1.963204e+01	6.326766e+02
2.310000e-06	2.647257e-06	1.059783e-08	1.860704e+01	6.283437e+02
2.320000e-06	2.500582e-06	1.052318e-08	1.757609e+01	6.240804e+02
2.330000e-06	2.353082e-06	1.045293e-08	1.653935e+01	6.199924e+02
2.340000e-06	2.204825e-06	1.038234e-08	1.549728e+01	6.160510e+02
2.350000e-06	2.055816e-06	1.030463e-08	1.444992e+01	6.120982e+02
2.360000e-06	1.905994e-06	1.022305e-08	1.339685e+01	6.079114e+02
2.370000e-06	1.755486e-06	1.014753e-08	1.233896e+01	6.033003e+02
2.380000e-06	1.604415e-06	1.007285e-08	1.127711e+01	5.981926e+02
2.390000e-06	1.452678e-06	9.989932e-09	1.021059e+01	5.926689e+02
2.400000e-06	1.300312e-06	9.896529e-09	9.139633e+00	5.869284e+02
2.410000e-06	1.147460e-06	9.801461e-09	8.065267e+00	5.811961e+02
2.420000e-06	9.942252e-07	9.705940e-09	6.988210e+00	5.756131e+02
2.430000e-06	8.407068e-07	9.607240e-09	5.909160e+00	5.701574e+02
2.440000e-06	6.869536e-07	9.501661e-09	4.828460e+00	5.646341e+02
2.450000e-06	5.329626e-07	9.393509e-09	3.746088e+00	5.587450e+02
2.460000e-06	3.787471e-07	9.285622e-09	2.662138e+00	5.522089e+02
2.470000e-06	2.243996e-07	9.169746e-09	1.577260e+00	5.448802e+02
2.480000e-06	7.002023e-08	9.042519e-09	4.921582e-01	5.368119e+02
2.490000e-06	-8.437599e-08	8.905831e-09	-5.930620e-01	5.282267e+02
2.500000e-06	-2.387646e-07	8.765394e-09	-1.678228e+00	5.194045e+02
2.510000e-06	-3.930470e-07	8.615485e-09	-2.762649e+00	5.105298e+02
2.520000e-06	-5.471374e-07	8.450957e-09	-3.845719e+00	5.015683e+02
2.530000e-06	-7.009721e-07	8.276623e-09	-4.926993e+00	4.922327e+02
2.540000e-06	-8.545500e-07	8.095061e-09	-6.006461e+00	4.820621e+02
2.550000e-06	-1.007852e-06	7.903046e-09	-7.083988e+00	4.705875e+02
2.560000e-06	-1.160836e-06	7.692270e-09	-8.159286e+00	4.575077e+02
2.570000e-06	-1.313420e-06	7.461379e-09	-9.231765e+00	4.427859e+02
2.580000e-06	-1.465502e-06	7.210628e-09	-1.030072e+01	4.265933e+02
2.590000e-06	-1.617003e-06	6.929040e-09	-1.136559e+01	4.090885e+02
2.600000e-06	-1.767870e-06	6.604161e-09	-1.242600e+01	3.900908e+02
2.610000e-06	-1.918042e-06	6.226703e-09	-1.348153e+01	3.687692e+02
2.620000e-06	-2.067455e-06	5.783779e-09	-1.453173e+01	3.434893e+02
2.630000e-06	-2.216151e-06	5.245658e-09	-1.557688e+01	3.119281e+02
2.640000e-06	-2.364088e-06	4.575753e-09	-1.661670e+01	2.714872e+02
2.650000e-06	-2.511187e-06	3.743373e-09	-1.765063e+01	2.199315e+02
2.660000e-06	-2.657433e-06	2.723026e-09	-1.867857e+01	1.560874e+02
2.670000e-06	-2.802795e-06	1.495412e-09	-1.970029e+01	8.039492e+01
2.680000e-06	-2.947125e-06	6.656337e-11	-2.071475e+01	-4.873074e+00
2.690000e-06	-3.090302e-06	-1.497595e-09	-2.172111e+01	-9.582161e+01
2.700000e-06	-3.232259e-06	-3.085790e-09	-2.271890e+01	-1.875490e+02
2.710000e-06	-3.372981e-06	-4.581810e-09	-2.370801e+01	-2.750192e+02
2.720000e-06	-3.512402e-06	-5.903240e-09	-2.468797e+01	-3.539637e+02
2.730000e-06	-3.650496e-06	-7.015377e-09	-2.565861e+01	-4.215803e+02
2.740000e-06	-3.787327e-06	-7.922007e-09	-2.662036e+01	-4.768539e+02
2.750000e-06	-3.922700e-06	-8.652613e-09	-2.757188e+01	-5.204457e+02
2.760000e-06	-4.056555e-06	-9.244121e-09	-2.851272e+01	-5.542198e+02
2.770000e-06	-4.188993e-06	-9.725229e-09	-2.944360e+01	-5.805767e+02
2.780000e-06	-4.319965e-06	-1.011334e-08	-3.036417e+01	-6.018005e+02
2.790000e-06	-4.449468e-06	-1.042477e-08	-3.127442e+01	-6.195984e+02
2.800000e-06	-4.577429e-06	-1.067554e-08	-3.217384e+01	-6.349268e+02
2.810000e-06	-4.703648e-06	-1.088017e-08	-3.306100e+01	-6.480966e+02
2.820000e-06	-4.828170e-06	-1.104979e-08	-3.393624e+01	-6.590597e+02
2.830000e-06	-4.951046e-06	-1.118840e-08	-3.479992e+01	-6.677364e+02
2.840000e-06	-5.072176e-06	-1.130191e-08	-3.565131e+01	-6.742561e+02
2.850000e-06	-5.191401e-06	-1.139768e-08	-3.648932e+01	-6.790339e+02
2.860000e-06	-5.308542e-06	-1.147724e-08	-3.731268e+01	-6.826853e+02
2.870000e-06	-5.423534e-06	-1.154348e-08	-3.812093e+01	-6.858418e+02
2.880000e-06	-5.536274e-06	-1.159867e-08	-3.891337e+01	-6.889615e+02
2.890000e-06	-5.646818e-06	-1.164689e-08	-3.969036e+01	-6.922182e+02
2.900000e-06	-5.755371e-06	-1.169018e-08	-4.045335e+01	-6.955102e+02
2.910000e-06	-5.862038e-06	-1.172797e-08	-4.120309e+01	-6.985736e+02
2.920000e-06	-5.966678e-06	-1.176294e-08	-4.193859e+01	-7.011460e+02
2.930000e-06	-6.069075e-06	-1.179774e-08	-4.265831e+01	-7.031047e+02
2.940000e-06	-6.169237e-06	-1.183210e-08	-4.336234e+01	-7.045279e+02
2.950000e-06	-6.267337e-06	-1.186278e-08	-4.405186e+01	-7.056567e+02
2.960000e-06	-6.363298e-06	-1.189016e-08	-4.472635e+01	-7.067874e+02
2.970000e-06	-6.456928e-06	-1.191717e-08	-4.538445e+01	-7.081440e+02
2.980000e-06	-6.548266e-06	-1.194316e-08	-4.602645e+01	-7.097900e+02
2.990000e-06	-6.637360e-06	-1.196559e-08	-4.665268e+01	-7.116154e+02
3.000000e-06	-6.724090e-06	-1.198564e-08	-4.726229e+01	-7.133997e+02
3.010000e-06	-6.808320e-06	-1.200633e-08	-4.785432e+01	-7.149200e+02
3.020000e-06	-6.890145e-06	-1.202854e-08	-4.842945e+01	-7.160524e+02
3.030000e-06	-6.969569e-06	-1.204740e-08	-4.898771e+01	-7.168256e+02
3.040000e-06	-7.046324e-06	-1.206405e-08	-4.952721e+01	-7.174030e+02
3.050000e-06	-7.120413e-06	-1.208201e-08	-5.004796e+01	-7.180064e+02
3.060000e-06	-7.191940e-06	-1.210163e-08	-5.055071e+01	-7.188166e+02
3.070000e-06	-7.260830e-06	-1.212055e-08	-5.103492e+01	-7.198963e+02
3.080000e-06	-7.327129e-06	-1.213694e-08	-5.150092e+01	-7.211670e+02
3.090000e-06	-7.390868e-06	-1.215269e-08	-5.194894e+01	-7.224494e+02
3.100000e-06	-7.451944e-06	-1.216878e-08	-5.237822e+01	-7.235462e+02
3.110000e-06	-7.510378e-06	-1.218441e-08	-5.278895e+01	-7.243288e+02
3.120000e-06	-7.566075e-06	-1.219483e-08	-5.318043e+01	-7.247920e+02
3.130000e-06	-7.618838e-06	-1.220496e-08	-5.355129e+01	-7.250509e+02
3.140000e-06	-7.668566e-06	-1.221821e-08	-5.390082e+01	-7.252866e+02
3.150000e-06	-7.715244e-06	-1.223179e-08	-5.422891e+01	-7.256643e+02
3.160000e-06	-7.759280e-06	-1.224272e-08	-5.453843e+01	-7.262612e+02
3.170000e-06	-7.800921e-06	-1.225132e-08	-5.483111e+01	-7.270369e+02
3.180000e-06	-7.839870e-06	-1.226020e-08	-5.510488e+01	-7.278563e+02
3.190000e-06	-7.875991e-06	-1.226959e-08	-5.535876e+01	-7.285540e+02
3.200000e-06	-7.909378e-06	-1.227645e-08	-5.559344e+01	-7.290106e+02
3.210000e-06	-7.939925e-06	-1.228223e-08	-5.580815e+01	-7.292055e+02
3.220000e-06	-7.967564e-06	-1.229154e-08	-5.600242e+01	-7.292244e+02
3.230000e-06	-7.992424e-06	-1.230129e-08	-5.617715e+01	-7.292180e+02
3.240000e-06	-8.014410e-06	-1.230718e-08	-5.633169e+01	-7.293323e+02
3.250000e-06	-8.033522e-06	-1.231020e-08	-5.646602e+01	-7.296415e+02
3.260000e-06	-8.049900e-06	-1.231349e-08	-5.658114e+01	-7.301144e+02
3.270000e-06	-8.063219e-06	-1.231859e-08	-5.667476e+01	-7.306281e+02
3.280000e-06	-8.073396e-06	-1.232359e-08	-5.674629e+01	-7.310234e+02
3.290000e-06	-8.080654e-06	-1.232676e-08	-5.679730e+01	-7.311757e+02
3.300000e-06	-8.085036e-06	-1.233133e-08	-5.682811e+01	-7.310511e+02
3.310000e-06	-8.086669e-06	-1.233560e-08	-5.683958e+01	-7.307212e+02
