# Temperatura_=_44.45
# Concentracion g/m^3_=_20000.0
# C_Vs_to_Am_M_A/Vsm_=_59384043850.047264
# pendiente_HvsI_1/m_=_3716.3
# ordenada_HvsI_A/m_=_1297.0
# frecuencia_Hz_=_301346.90520442266

Tiempo_(s)	Campo_(V.s)	Magnetizacion_(V.s)	Campo_(kA/m)	Magnetizacion_(A/m)
0.000000e+00	-6.625981e-06	-2.629919e-08	-4.771982e+01	-1.561263e+03
1.000000e-08	-6.624513e-06	-2.629159e-08	-4.770925e+01	-1.561214e+03
2.000000e-08	-6.620727e-06	-2.628787e-08	-4.768198e+01	-1.561023e+03
3.000000e-08	-6.614805e-06	-2.628773e-08	-4.763933e+01	-1.560703e+03
4.000000e-08	-6.606799e-06	-2.628509e-08	-4.758167e+01	-1.560252e+03
5.000000e-08	-6.596532e-06	-2.627573e-08	-4.750773e+01	-1.559660e+03
6.000000e-08	-6.583839e-06	-2.626256e-08	-4.741631e+01	-1.558914e+03
7.000000e-08	-6.568701e-06	-2.625284e-08	-4.730729e+01	-1.558002e+03
8.000000e-08	-6.551141e-06	-2.623339e-08	-4.718083e+01	-1.556923e+03
9.000000e-08	-6.531210e-06	-2.617111e-08	-4.703729e+01	-1.555687e+03
1.000000e-07	-6.508697e-06	-2.612731e-08	-4.687515e+01	-1.554312e+03
1.100000e-07	-6.483511e-06	-2.614352e-08	-4.669376e+01	-1.552822e+03
1.200000e-07	-6.455946e-06	-2.615152e-08	-4.649524e+01	-1.551237e+03
1.300000e-07	-6.426481e-06	-2.613676e-08	-4.628303e+01	-1.549566e+03
1.400000e-07	-6.395429e-06	-2.612920e-08	-4.605940e+01	-1.547809e+03
1.500000e-07	-6.362675e-06	-2.604862e-08	-4.582351e+01	-1.545953e+03
1.600000e-07	-6.327741e-06	-2.598551e-08	-4.557191e+01	-1.543978e+03
1.700000e-07	-6.290690e-06	-2.600145e-08	-4.530508e+01	-1.541870e+03
1.800000e-07	-6.251637e-06	-2.591416e-08	-4.502382e+01	-1.539617e+03
1.900000e-07	-6.210040e-06	-2.586837e-08	-4.472424e+01	-1.537224e+03
2.000000e-07	-6.166053e-06	-2.587691e-08	-4.440745e+01	-1.534703e+03
2.100000e-07	-6.119935e-06	-2.582850e-08	-4.407531e+01	-1.532073e+03
2.200000e-07	-6.071505e-06	-2.580980e-08	-4.372652e+01	-1.529353e+03
2.300000e-07	-6.020560e-06	-2.573771e-08	-4.335962e+01	-1.526555e+03
2.400000e-07	-5.967035e-06	-2.564672e-08	-4.297414e+01	-1.523678e+03
2.500000e-07	-5.911282e-06	-2.561412e-08	-4.257261e+01	-1.520709e+03
2.600000e-07	-5.853384e-06	-2.556668e-08	-4.215564e+01	-1.517628e+03
2.700000e-07	-5.793344e-06	-2.552122e-08	-4.172323e+01	-1.514409e+03
2.800000e-07	-5.731301e-06	-2.547050e-08	-4.127640e+01	-1.511036e+03
2.900000e-07	-5.667233e-06	-2.541606e-08	-4.081499e+01	-1.507501e+03
3.000000e-07	-5.601020e-06	-2.535727e-08	-4.033813e+01	-1.503810e+03
3.100000e-07	-5.532687e-06	-2.528332e-08	-3.984600e+01	-1.499981e+03
3.200000e-07	-5.462399e-06	-2.521116e-08	-3.933979e+01	-1.496038e+03
3.300000e-07	-5.390202e-06	-2.512881e-08	-3.881983e+01	-1.491999e+03
3.400000e-07	-5.315975e-06	-2.508527e-08	-3.828525e+01	-1.487878e+03
3.500000e-07	-5.239612e-06	-2.502811e-08	-3.773529e+01	-1.483672e+03
3.600000e-07	-5.161147e-06	-2.493808e-08	-3.717020e+01	-1.479367e+03
3.700000e-07	-5.080554e-06	-2.486637e-08	-3.658977e+01	-1.474941e+03
3.800000e-07	-4.998041e-06	-2.478890e-08	-3.599551e+01	-1.470373e+03
3.900000e-07	-4.913897e-06	-2.470541e-08	-3.538952e+01	-1.465647e+03
4.000000e-07	-4.828211e-06	-2.461589e-08	-3.477242e+01	-1.460762e+03
4.100000e-07	-4.741010e-06	-2.453892e-08	-3.414440e+01	-1.455725e+03
4.200000e-07	-4.652272e-06	-2.446354e-08	-3.350532e+01	-1.450556e+03
4.300000e-07	-4.561748e-06	-2.437710e-08	-3.285336e+01	-1.445274e+03
4.400000e-07	-4.469418e-06	-2.428379e-08	-3.218841e+01	-1.439892e+03
4.500000e-07	-4.375524e-06	-2.418216e-08	-3.151220e+01	-1.434413e+03
4.600000e-07	-4.280112e-06	-2.408921e-08	-3.082505e+01	-1.428827e+03
4.700000e-07	-4.183209e-06	-2.398963e-08	-3.012716e+01	-1.423116e+03
4.800000e-07	-4.084707e-06	-2.388909e-08	-2.941776e+01	-1.417259e+03
4.900000e-07	-3.984650e-06	-2.379434e-08	-2.869715e+01	-1.411245e+03
5.000000e-07	-3.883211e-06	-2.369772e-08	-2.796659e+01	-1.405071e+03
5.100000e-07	-3.780475e-06	-2.359130e-08	-2.722670e+01	-1.398752e+03
5.200000e-07	-3.676475e-06	-2.347506e-08	-2.647770e+01	-1.392309e+03
5.300000e-07	-3.571065e-06	-2.336229e-08	-2.571854e+01	-1.385766e+03
5.400000e-07	-3.464235e-06	-2.325075e-08	-2.494916e+01	-1.379141e+03
5.500000e-07	-3.356097e-06	-2.313874e-08	-2.417036e+01	-1.372436e+03
5.600000e-07	-3.246835e-06	-2.302463e-08	-2.338346e+01	-1.365637e+03
5.700000e-07	-3.136539e-06	-2.291185e-08	-2.258912e+01	-1.358719e+03
5.800000e-07	-3.025141e-06	-2.279593e-08	-2.178684e+01	-1.351652e+03
5.900000e-07	-2.912623e-06	-2.267044e-08	-2.097649e+01	-1.344410e+03
6.000000e-07	-2.799001e-06	-2.254088e-08	-2.015819e+01	-1.336981e+03
6.100000e-07	-2.684237e-06	-2.241271e-08	-1.933168e+01	-1.329370e+03
6.200000e-07	-2.568272e-06	-2.228715e-08	-1.849650e+01	-1.321595e+03
6.300000e-07	-2.451233e-06	-2.215771e-08	-1.765360e+01	-1.313680e+03
6.400000e-07	-2.333379e-06	-2.202246e-08	-1.680482e+01	-1.305644e+03
6.500000e-07	-2.214775e-06	-2.188471e-08	-1.595064e+01	-1.297496e+03
6.600000e-07	-2.095401e-06	-2.174399e-08	-1.509092e+01	-1.289229e+03
6.700000e-07	-1.975245e-06	-2.159722e-08	-1.422556e+01	-1.280823e+03
6.800000e-07	-1.854298e-06	-2.144755e-08	-1.335452e+01	-1.272252e+03
6.900000e-07	-1.732705e-06	-2.130280e-08	-1.247881e+01	-1.263492e+03
7.000000e-07	-1.610572e-06	-2.116006e-08	-1.159922e+01	-1.254531e+03
7.100000e-07	-1.487885e-06	-2.100981e-08	-1.071564e+01	-1.245369e+03
7.200000e-07	-1.364613e-06	-2.085025e-08	-9.827837e+00	-1.236017e+03
7.300000e-07	-1.240748e-06	-2.068723e-08	-8.935776e+00	-1.226492e+03
7.400000e-07	-1.116378e-06	-2.052286e-08	-8.040070e+00	-1.216807e+03
7.500000e-07	-9.916338e-07	-2.035484e-08	-7.141672e+00	-1.206965e+03
7.600000e-07	-8.665573e-07	-2.018414e-08	-6.240881e+00	-1.196956e+03
7.700000e-07	-7.411756e-07	-2.001596e-08	-5.337891e+00	-1.186756e+03
7.800000e-07	-6.155772e-07	-1.984701e-08	-4.433341e+00	-1.176338e+03
7.900000e-07	-4.898644e-07	-1.966989e-08	-3.527967e+00	-1.165673e+03
8.000000e-07	-3.640068e-07	-1.948166e-08	-2.621550e+00	-1.154734e+03
8.100000e-07	-2.380112e-07	-1.928664e-08	-1.714139e+00	-1.143504e+03
8.200000e-07	-1.119982e-07	-1.908962e-08	-8.066027e-01	-1.131965e+03
8.300000e-07	1.403147e-08	-1.888747e-08	1.010536e-01	-1.120101e+03
8.400000e-07	1.401123e-07	-1.868141e-08	1.009078e+00	-1.107889e+03
8.500000e-07	2.661705e-07	-1.847373e-08	1.916940e+00	-1.095304e+03
8.600000e-07	3.921029e-07	-1.826061e-08	2.823896e+00	-1.082315e+03
8.700000e-07	5.178883e-07	-1.803588e-08	3.729793e+00	-1.068896e+03
8.800000e-07	6.435436e-07	-1.779727e-08	4.634753e+00	-1.055033e+03
8.900000e-07	7.690293e-07	-1.755115e-08	5.538491e+00	-1.040725e+03
9.000000e-07	8.942772e-07	-1.730114e-08	6.440518e+00	-1.025987e+03
9.100000e-07	1.019220e-06	-1.704530e-08	7.340345e+00	-1.010838e+03
9.200000e-07	1.143823e-06	-1.678482e-08	8.237727e+00	-9.952979e+02
9.300000e-07	1.268031e-06	-1.652002e-08	9.132267e+00	-9.793649e+02
9.400000e-07	1.391749e-06	-1.624808e-08	1.002327e+01	-9.630108e+02
9.500000e-07	1.514914e-06	-1.596508e-08	1.091030e+01	-9.461717e+02
9.600000e-07	1.637448e-06	-1.566834e-08	1.179278e+01	-9.287484e+02
9.700000e-07	1.759344e-06	-1.535955e-08	1.267066e+01	-9.106105e+02
9.800000e-07	1.880640e-06	-1.503754e-08	1.354423e+01	-8.916038e+02
9.900000e-07	2.001269e-06	-1.469878e-08	1.441299e+01	-8.715558e+02
1.000000e-06	2.121171e-06	-1.434094e-08	1.527652e+01	-8.502788e+02
1.010000e-06	2.240277e-06	-1.395939e-08	1.613430e+01	-8.275676e+02
1.020000e-06	2.358527e-06	-1.354971e-08	1.698593e+01	-8.031936e+02
1.030000e-06	2.476012e-06	-1.310657e-08	1.783205e+01	-7.768961e+02
1.040000e-06	2.592656e-06	-1.262424e-08	1.867212e+01	-7.483735e+02
1.050000e-06	2.708173e-06	-1.209712e-08	1.950406e+01	-7.172747e+02
1.060000e-06	2.822487e-06	-1.151871e-08	2.032734e+01	-6.831919e+02
1.070000e-06	2.935652e-06	-1.088035e-08	2.114234e+01	-6.456558e+02
1.080000e-06	3.047685e-06	-1.017274e-08	2.194920e+01	-6.041331e+02
1.090000e-06	3.158604e-06	-9.388401e-09	2.274803e+01	-5.580306e+02
1.100000e-06	3.268497e-06	-8.518332e-09	2.353947e+01	-5.067116e+02
1.110000e-06	3.377419e-06	-7.549145e-09	2.432392e+01	-4.495289e+02
1.120000e-06	3.485178e-06	-6.468430e-09	2.509999e+01	-3.858800e+02
1.130000e-06	3.591591e-06	-5.269367e-09	2.586637e+01	-3.152855e+02
1.140000e-06	3.696619e-06	-3.948800e-09	2.662278e+01	-2.374827e+02
1.150000e-06	3.800292e-06	-2.505002e-09	2.736942e+01	-1.525223e+02
1.160000e-06	3.902623e-06	-9.466007e-10	2.810640e+01	-6.084938e+01
1.170000e-06	4.003648e-06	7.077983e-10	2.883398e+01	3.665267e+01
1.180000e-06	4.103298e-06	2.436589e-09	2.955164e+01	1.386710e+02
1.190000e-06	4.201289e-06	4.210941e-09	3.025737e+01	2.435327e+02
1.200000e-06	4.297634e-06	5.998386e-09	3.095123e+01	3.493303e+02
1.210000e-06	4.392479e-06	7.765582e-09	3.163430e+01	4.540857e+02
1.220000e-06	4.485886e-06	9.482684e-09	3.230702e+01	5.559258e+02
1.230000e-06	4.577839e-06	1.112076e-08	3.296925e+01	6.532389e+02
1.240000e-06	4.668099e-06	1.265876e-08	3.361930e+01	7.447881e+02
1.250000e-06	4.756604e-06	1.408594e-08	3.425671e+01	8.297621e+02
1.260000e-06	4.843427e-06	1.539614e-08	3.488200e+01	9.077640e+02
1.270000e-06	4.928670e-06	1.658539e-08	3.549592e+01	9.787487e+02
1.280000e-06	5.012306e-06	1.765860e-08	3.609825e+01	1.042929e+03
1.290000e-06	5.094105e-06	1.862528e-08	3.668737e+01	1.100677e+03
1.300000e-06	5.174015e-06	1.949135e-08	3.726287e+01	1.152438e+03
1.310000e-06	5.252078e-06	2.026487e-08	3.782507e+01	1.198674e+03
1.320000e-06	5.328153e-06	2.095251e-08	3.837296e+01	1.239840e+03
1.330000e-06	5.402074e-06	2.156227e-08	3.890533e+01	1.276377e+03
1.340000e-06	5.473967e-06	2.210375e-08	3.942310e+01	1.308726e+03
1.350000e-06	5.543984e-06	2.257960e-08	3.992735e+01	1.337328e+03
1.360000e-06	5.612105e-06	2.299822e-08	4.041796e+01	1.362628e+03
1.370000e-06	5.678127e-06	2.337169e-08	4.089345e+01	1.385059e+03
1.380000e-06	5.742056e-06	2.370437e-08	4.135386e+01	1.405019e+03
1.390000e-06	5.804074e-06	2.400211e-08	4.180050e+01	1.422852e+03
1.400000e-06	5.864191e-06	2.426801e-08	4.223346e+01	1.438834e+03
1.410000e-06	5.922176e-06	2.450636e-08	4.265107e+01	1.453175e+03
1.420000e-06	5.977929e-06	2.472082e-08	4.305260e+01	1.466029e+03
1.430000e-06	6.031517e-06	2.491228e-08	4.343853e+01	1.477519e+03
1.440000e-06	6.082592e-06	2.508180e-08	4.380637e+01	1.487759e+03
1.450000e-06	6.131136e-06	2.523157e-08	4.415598e+01	1.496867e+03
1.460000e-06	6.177506e-06	2.536555e-08	4.448994e+01	1.504974e+03
1.470000e-06	6.221890e-06	2.548416e-08	4.480958e+01	1.512215e+03
1.480000e-06	6.264025e-06	2.558962e-08	4.511304e+01	1.518718e+03
1.490000e-06	6.303746e-06	2.568541e-08	4.539910e+01	1.524590e+03
1.500000e-06	6.341358e-06	2.577326e-08	4.566998e+01	1.529909e+03
1.510000e-06	6.376779e-06	2.585226e-08	4.592508e+01	1.534719e+03
1.520000e-06	6.409841e-06	2.592244e-08	4.616319e+01	1.539042e+03
1.530000e-06	6.440679e-06	2.598711e-08	4.638529e+01	1.542889e+03
1.540000e-06	6.469434e-06	2.604631e-08	4.659238e+01	1.546275e+03
1.550000e-06	6.495871e-06	2.609737e-08	4.678278e+01	1.549223e+03
1.560000e-06	6.519836e-06	2.613796e-08	4.695537e+01	1.551774e+03
1.570000e-06	6.541556e-06	2.617188e-08	4.711179e+01	1.553973e+03
1.580000e-06	6.561120e-06	2.620384e-08	4.725270e+01	1.555870e+03
1.590000e-06	6.578316e-06	2.623056e-08	4.737654e+01	1.557504e+03
1.600000e-06	6.593040e-06	2.624929e-08	4.748258e+01	1.558899e+03
1.610000e-06	6.605275e-06	2.626534e-08	4.757069e+01	1.560066e+03
1.620000e-06	6.614909e-06	2.628158e-08	4.764008e+01	1.561007e+03
1.630000e-06	6.622122e-06	2.629444e-08	4.769203e+01	1.561721e+03
1.640000e-06	6.627159e-06	2.630143e-08	4.772830e+01	1.562214e+03
1.650000e-06	6.629928e-06	2.630435e-08	4.774825e+01	1.562501e+03
1.660000e-06	6.630276e-06	2.630728e-08	4.775075e+01	1.562602e+03
1.670000e-06	6.628382e-06	2.630968e-08	4.773711e+01	1.562542e+03
1.680000e-06	6.624459e-06	2.630430e-08	4.770886e+01	1.562342e+03
1.690000e-06	6.618317e-06	2.629384e-08	4.766462e+01	1.562012e+03
1.700000e-06	6.609950e-06	2.628253e-08	4.760437e+01	1.561552e+03
1.710000e-06	6.599516e-06	2.627043e-08	4.752922e+01	1.560950e+03
1.720000e-06	6.586771e-06	2.625468e-08	4.743743e+01	1.560192e+03
1.730000e-06	6.571750e-06	2.623370e-08	4.732925e+01	1.559268e+03
1.740000e-06	6.554746e-06	2.625593e-08	4.720679e+01	1.558178e+03
1.750000e-06	6.535514e-06	2.627718e-08	4.706828e+01	1.556931e+03
1.760000e-06	6.513318e-06	2.621804e-08	4.690843e+01	1.555547e+03
1.770000e-06	6.488094e-06	2.615113e-08	4.672677e+01	1.554050e+03
1.780000e-06	6.460437e-06	2.608897e-08	4.652758e+01	1.552458e+03
1.790000e-06	6.430576e-06	2.603118e-08	4.631252e+01	1.550782e+03
1.800000e-06	6.398924e-06	2.609826e-08	4.608457e+01	1.549019e+03
1.810000e-06	6.365609e-06	2.606790e-08	4.584464e+01	1.547154e+03
1.820000e-06	6.330260e-06	2.595957e-08	4.559005e+01	1.545171e+03
1.830000e-06	6.292793e-06	2.601915e-08	4.532022e+01	1.543052e+03
1.840000e-06	6.252998e-06	2.595015e-08	4.503362e+01	1.540790e+03
1.850000e-06	6.210918e-06	2.586809e-08	4.473057e+01	1.538387e+03
1.860000e-06	6.166866e-06	2.585018e-08	4.441331e+01	1.535857e+03
1.870000e-06	6.120580e-06	2.573574e-08	4.407996e+01	1.533220e+03
1.880000e-06	6.072016e-06	2.576027e-08	4.373020e+01	1.530495e+03
1.890000e-06	6.021210e-06	2.574941e-08	4.336430e+01	1.527691e+03
1.900000e-06	5.967773e-06	2.565911e-08	4.297945e+01	1.524809e+03
1.910000e-06	5.912018e-06	2.562737e-08	4.257791e+01	1.521833e+03
1.920000e-06	5.854241e-06	2.553426e-08	4.216181e+01	1.518742e+03
1.930000e-06	5.794454e-06	2.550769e-08	4.173123e+01	1.515513e+03
1.940000e-06	5.732546e-06	2.543461e-08	4.128537e+01	1.512128e+03
1.950000e-06	5.668444e-06	2.534962e-08	4.082371e+01	1.508582e+03
1.960000e-06	5.602399e-06	2.533565e-08	4.034806e+01	1.504881e+03
1.970000e-06	5.534250e-06	2.526314e-08	3.985725e+01	1.501043e+03
1.980000e-06	5.463870e-06	2.521955e-08	3.935038e+01	1.497092e+03
1.990000e-06	5.391433e-06	2.509410e-08	3.882870e+01	1.493048e+03
2.000000e-06	5.317071e-06	2.502496e-08	3.829315e+01	1.488921e+03
2.010000e-06	5.240675e-06	2.499244e-08	3.774295e+01	1.484708e+03
2.020000e-06	5.162086e-06	2.488692e-08	3.717696e+01	1.480395e+03
2.030000e-06	5.081573e-06	2.482951e-08	3.659711e+01	1.475960e+03
2.040000e-06	4.999344e-06	2.474068e-08	3.600490e+01	1.471381e+03
2.050000e-06	4.915416e-06	2.469353e-08	3.540046e+01	1.466644e+03
2.060000e-06	4.829610e-06	2.459796e-08	3.478249e+01	1.461747e+03
2.070000e-06	4.741958e-06	2.448474e-08	3.415123e+01	1.456701e+03
2.080000e-06	4.652782e-06	2.440459e-08	3.350899e+01	1.451523e+03
2.090000e-06	4.562054e-06	2.431630e-08	3.285557e+01	1.446234e+03
2.100000e-06	4.469734e-06	2.424705e-08	3.219069e+01	1.440845e+03
2.110000e-06	4.375685e-06	2.413042e-08	3.151336e+01	1.435359e+03
2.120000e-06	4.279976e-06	2.404962e-08	3.082407e+01	1.429765e+03
2.130000e-06	4.182873e-06	2.395683e-08	3.012474e+01	1.424044e+03
2.140000e-06	4.084402e-06	2.385444e-08	2.941556e+01	1.418176e+03
2.150000e-06	3.984472e-06	2.374450e-08	2.869587e+01	1.412150e+03
2.160000e-06	3.882977e-06	2.363315e-08	2.796491e+01	1.405966e+03
2.170000e-06	3.779945e-06	2.354640e-08	2.722288e+01	1.399637e+03
2.180000e-06	3.675545e-06	2.343729e-08	2.647100e+01	1.393186e+03
2.190000e-06	3.569976e-06	2.332403e-08	2.571070e+01	1.386637e+03
2.200000e-06	3.463237e-06	2.320186e-08	2.494197e+01	1.380007e+03
2.210000e-06	3.355318e-06	2.309673e-08	2.416475e+01	1.373296e+03
2.220000e-06	3.246212e-06	2.298347e-08	2.337897e+01	1.366490e+03
2.230000e-06	3.135884e-06	2.286178e-08	2.258440e+01	1.359562e+03
2.240000e-06	3.024318e-06	2.274129e-08	2.178091e+01	1.352483e+03
2.250000e-06	2.911585e-06	2.262620e-08	2.096902e+01	1.345228e+03
2.260000e-06	2.797842e-06	2.250479e-08	2.014985e+01	1.337786e+03
2.270000e-06	2.683040e-06	2.236834e-08	1.932305e+01	1.330163e+03
2.280000e-06	2.567055e-06	2.223150e-08	1.848774e+01	1.322377e+03
2.290000e-06	2.449987e-06	2.209848e-08	1.764463e+01	1.314452e+03
2.300000e-06	2.332021e-06	2.196728e-08	1.679504e+01	1.306408e+03
2.310000e-06	2.213109e-06	2.182611e-08	1.593864e+01	1.298252e+03
2.320000e-06	2.093291e-06	2.168931e-08	1.507572e+01	1.289976e+03
2.330000e-06	1.972764e-06	2.155229e-08	1.420770e+01	1.281559e+03
2.340000e-06	1.851643e-06	2.141199e-08	1.333539e+01	1.272975e+03
2.350000e-06	1.729967e-06	2.125687e-08	1.245909e+01	1.264202e+03
2.360000e-06	1.607744e-06	2.110096e-08	1.157885e+01	1.255226e+03
2.370000e-06	1.484949e-06	2.095055e-08	1.069449e+01	1.246050e+03
2.380000e-06	1.361574e-06	2.079532e-08	9.805952e+00	1.236686e+03
2.390000e-06	1.237681e-06	2.063244e-08	8.913684e+00	1.227149e+03
2.400000e-06	1.113307e-06	2.046419e-08	8.017952e+00	1.217453e+03
2.410000e-06	9.885121e-07	2.030172e-08	7.119190e+00	1.207599e+03
2.420000e-06	8.633684e-07	2.013426e-08	6.217914e+00	1.197577e+03
2.430000e-06	7.379692e-07	1.995961e-08	5.314799e+00	1.187363e+03
2.440000e-06	6.123946e-07	1.978138e-08	4.410420e+00	1.176929e+03
2.450000e-06	4.866007e-07	1.960489e-08	3.504462e+00	1.166245e+03
2.460000e-06	3.606135e-07	1.942723e-08	2.597112e+00	1.155286e+03
2.470000e-06	2.345140e-07	1.923829e-08	1.688952e+00	1.144034e+03
2.480000e-06	1.082982e-07	1.903878e-08	7.799557e-01	1.132473e+03
2.490000e-06	-1.798471e-08	1.883599e-08	-1.295245e-01	1.120584e+03
2.500000e-06	-1.442583e-07	1.863026e-08	-1.038938e+00	1.108347e+03
2.510000e-06	-2.704777e-07	1.841826e-08	-1.947960e+00	1.095734e+03
2.520000e-06	-3.965664e-07	1.820034e-08	-2.856041e+00	1.082715e+03
2.530000e-06	-5.224913e-07	1.797880e-08	-3.762943e+00	1.069265e+03
2.540000e-06	-6.482433e-07	1.775108e-08	-4.668599e+00	1.055370e+03
2.550000e-06	-7.737404e-07	1.750855e-08	-5.572420e+00	1.041031e+03
2.560000e-06	-8.989448e-07	1.725238e-08	-6.474133e+00	1.026263e+03
2.570000e-06	-1.023874e-06	1.699288e-08	-7.373865e+00	1.011086e+03
2.580000e-06	-1.148475e-06	1.673238e-08	-8.271229e+00	9.955179e+02
2.590000e-06	-1.272620e-06	1.646463e-08	-9.165311e+00	9.795563e+02
2.600000e-06	-1.396238e-06	1.619000e-08	-1.005560e+01	9.631701e+02
2.610000e-06	-1.519291e-06	1.591044e-08	-1.094182e+01	9.462931e+02
2.620000e-06	-1.641754e-06	1.562038e-08	-1.182379e+01	9.288235e+02
2.630000e-06	-1.763640e-06	1.531242e-08	-1.270161e+01	9.106290e+02
2.640000e-06	-1.884918e-06	1.498601e-08	-1.357504e+01	8.915539e+02
2.650000e-06	-2.005644e-06	1.464593e-08	-1.444450e+01	8.714246e+02
2.660000e-06	-2.125716e-06	1.428827e-08	-1.530925e+01	8.500523e+02
2.670000e-06	-2.244897e-06	1.390448e-08	-1.616758e+01	8.272304e+02
2.680000e-06	-2.363151e-06	1.349231e-08	-1.701923e+01	8.027281e+02
2.690000e-06	-2.480505e-06	1.305118e-08	-1.786441e+01	7.762823e+02
2.700000e-06	-2.596898e-06	1.257315e-08	-1.870266e+01	7.475881e+02
2.710000e-06	-2.712263e-06	1.204661e-08	-1.953351e+01	7.162904e+02
2.720000e-06	-2.826555e-06	1.146917e-08	-2.035664e+01	6.819774e+02
2.730000e-06	-2.939638e-06	1.083954e-08	-2.117105e+01	6.441750e+02
2.740000e-06	-3.051449e-06	1.014454e-08	-2.197631e+01	6.023456e+02
2.750000e-06	-3.162084e-06	9.367579e-09	-2.277309e+01	5.558921e+02
2.760000e-06	-3.271572e-06	8.501503e-09	-2.356162e+01	5.041756e+02
2.770000e-06	-3.379928e-06	7.540889e-09	-2.434199e+01	4.465501e+02
2.780000e-06	-3.487227e-06	6.473864e-09	-2.511475e+01	3.824191e+02
2.790000e-06	-3.593421e-06	5.286875e-09	-2.587955e+01	3.113153e+02
2.800000e-06	-3.698430e-06	3.976882e-09	-2.663581e+01	2.329953e+02
2.810000e-06	-3.802114e-06	2.549433e-09	-2.738254e+01	1.475358e+02
2.820000e-06	-3.904306e-06	1.012018e-09	-2.811852e+01	5.541202e+01
2.830000e-06	-4.005019e-06	-6.242383e-10	-2.884385e+01	-4.246089e+01
2.840000e-06	-4.104299e-06	-2.338128e-09	-2.955885e+01	-1.447413e+02
2.850000e-06	-4.202165e-06	-4.096402e-09	-3.026368e+01	-2.497348e+02
2.860000e-06	-4.298676e-06	-5.869489e-09	-3.095875e+01	-3.555233e+02
2.870000e-06	-4.393691e-06	-7.628447e-09	-3.164304e+01	-4.601303e+02
2.880000e-06	-4.486997e-06	-9.338747e-09	-3.231502e+01	-5.616964e+02
2.890000e-06	-4.578757e-06	-1.097046e-08	-3.297587e+01	-6.586339e+02
2.900000e-06	-4.668927e-06	-1.250538e-08	-3.362526e+01	-7.497351e+02
2.910000e-06	-4.757449e-06	-1.393416e-08	-3.426279e+01	-8.342195e+02
2.920000e-06	-4.844283e-06	-1.524808e-08	-3.488816e+01	-9.117180e+02
2.930000e-06	-4.929293e-06	-1.644157e-08	-3.550040e+01	-9.822071e+02
2.940000e-06	-5.012605e-06	-1.751703e-08	-3.610041e+01	-1.045914e+03
2.950000e-06	-5.094260e-06	-1.848546e-08	-3.668848e+01	-1.103219e+03
2.960000e-06	-5.174225e-06	-1.935854e-08	-3.726438e+01	-1.154570e+03
2.970000e-06	-5.252136e-06	-2.013797e-08	-3.782549e+01	-1.200429e+03
2.980000e-06	-5.327801e-06	-2.082845e-08	-3.837042e+01	-1.241249e+03
2.990000e-06	-5.401498e-06	-2.144140e-08	-3.890119e+01	-1.277473e+03
3.000000e-06	-5.473321e-06	-2.198721e-08	-3.941845e+01	-1.309539e+03
3.010000e-06	-5.543076e-06	-2.247230e-08	-3.992082e+01	-1.337891e+03
3.020000e-06	-5.610752e-06	-2.289947e-08	-4.040821e+01	-1.362972e+03
3.030000e-06	-5.676481e-06	-2.327812e-08	-4.088159e+01	-1.385214e+03
3.040000e-06	-5.740309e-06	-2.361708e-08	-4.134127e+01	-1.405011e+03
3.050000e-06	-5.802088e-06	-2.391961e-08	-4.178620e+01	-1.422703e+03
3.060000e-06	-5.861714e-06	-2.418827e-08	-4.221562e+01	-1.438562e+03
3.070000e-06	-5.919274e-06	-2.442733e-08	-4.263016e+01	-1.452791e+03
3.080000e-06	-5.974796e-06	-2.464344e-08	-4.303003e+01	-1.465544e+03
3.090000e-06	-6.028037e-06	-2.483754e-08	-4.341347e+01	-1.476941e+03
3.100000e-06	-6.078795e-06	-2.501221e-08	-4.377903e+01	-1.487096e+03
3.110000e-06	-6.127043e-06	-2.516897e-08	-4.412650e+01	-1.496128e+03
3.120000e-06	-6.172994e-06	-2.531002e-08	-4.445744e+01	-1.504169e+03
3.130000e-06	-6.217021e-06	-2.543594e-08	-4.477452e+01	-1.511353e+03
3.140000e-06	-6.259058e-06	-2.554751e-08	-4.507726e+01	-1.517808e+03
3.150000e-06	-6.299068e-06	-2.564709e-08	-4.536541e+01	-1.523638e+03
3.160000e-06	-6.336821e-06	-2.573494e-08	-4.563731e+01	-1.528919e+03
3.170000e-06	-6.372228e-06	-2.581375e-08	-4.589231e+01	-1.533694e+03
3.180000e-06	-6.405497e-06	-2.588682e-08	-4.613191e+01	-1.537982e+03
3.190000e-06	-6.436451e-06	-2.595535e-08	-4.635484e+01	-1.541796e+03
3.200000e-06	-6.464995e-06	-2.601614e-08	-4.656041e+01	-1.545149e+03
3.210000e-06	-6.491307e-06	-2.606686e-08	-4.674990e+01	-1.548068e+03
3.220000e-06	-6.515441e-06	-2.610911e-08	-4.692372e+01	-1.550591e+03
3.230000e-06	-6.537181e-06	-2.614568e-08	-4.708029e+01	-1.552768e+03
3.240000e-06	-6.556547e-06	-2.617553e-08	-4.721976e+01	-1.554645e+03
3.250000e-06	-6.573712e-06	-2.620002e-08	-4.734338e+01	-1.556261e+03
3.260000e-06	-6.588463e-06	-2.622497e-08	-4.744962e+01	-1.557639e+03
3.270000e-06	-6.600579e-06	-2.625082e-08	-4.753687e+01	-1.558790e+03
3.280000e-06	-6.610242e-06	-2.627219e-08	-4.760647e+01	-1.559714e+03
3.290000e-06	-6.617618e-06	-2.628643e-08	-4.765959e+01	-1.560413e+03
3.300000e-06	-6.622594e-06	-2.629457e-08	-4.769543e+01	-1.560891e+03
3.310000e-06	-6.625282e-06	-2.630029e-08	-4.771479e+01	-1.561163e+03
